Model,MSO2014
Firmware Version,1.35

Point Format,Y,
Horizontal Units,S,
Horizontal Scale,0.02,
Sample Interval,1.6e-06,
Filter Frequency,1e+08,
Record Length,125000,
Gating,0.0% to 100.0%,
Probe Attenuation,1,
Vertical Units,V,
Vertical Offset,0,
Vertical Scale,0.125,
Label,,
TIME,CH1,CH1 Peak Detect
-1.0000e-01,-0.08,0.195
-9.9998e-02,0.01,-0.165
-9.9997e-02,0.01,0.175
-9.9995e-02,0,-0.16
-9.9994e-02,-0.05,0.17
-9.9992e-02,0.045,-0.145
-9.9990e-02,0.055,0.155
-9.9989e-02,-0.035,-0.18
-9.9987e-02,-0.045,0.19
-9.9986e-02,-0.075,-0.14
-9.9984e-02,0,0.155
-9.9982e-02,0.005,-0.145
-9.9981e-02,-0.055,0.155
-9.9979e-02,0.03,-0.145
-9.9978e-02,0.06,0.15
-9.9976e-02,0.05,-0.14
-9.9974e-02,0.015,0.155
-9.9973e-02,-0.075,-0.145
-9.9971e-02,0.045,0.15
-9.9970e-02,-0.04,-0.14
-9.9968e-02,-0.075,0.15
-9.9966e-02,-0.11,-0.13
-9.9965e-02,-0.03,0.14
-9.9963e-02,-0.035,-0.14
-9.9962e-02,0.02,0.155
-9.9960e-02,-0.09,-0.185
-9.9958e-02,0,0.195
-9.9957e-02,0.07,-0.155
-9.9955e-02,0.05,0.16
-9.9954e-02,0.05,-0.17
-9.9952e-02,0.075,0.175
-9.9950e-02,0.005,-0.165
-9.9949e-02,0.08,0.175
-9.9947e-02,0,-0.165
-9.9946e-02,-0.08,0.17
-9.9944e-02,0.02,-0.145
-9.9942e-02,0.01,0.16
-9.9941e-02,0.06,-0.135
-9.9939e-02,0.025,0.155
-9.9938e-02,0.01,-0.155
-9.9936e-02,0,0.175
-9.9934e-02,0.01,-0.135
-9.9933e-02,-0.005,0.15
-9.9931e-02,0.005,-0.14
-9.9930e-02,0.035,0.155
-9.9928e-02,0.03,-0.15
-9.9926e-02,0.055,0.17
-9.9925e-02,-0.025,-0.17
-9.9923e-02,0.03,0.195
-9.9922e-02,0.04,-0.165
-9.9920e-02,0.06,0.185
-9.9918e-02,0.04,-0.15
-9.9917e-02,0.005,0.165
-9.9915e-02,0.02,-0.125
-9.9914e-02,0.01,0.14
-9.9912e-02,-0.045,-0.14
-9.9910e-02,-0.06,0.16
-9.9909e-02,-0.025,-0.14
-9.9907e-02,-0.04,0.155
-9.9906e-02,0.06,-0.145
-9.9904e-02,-0.025,0.16
-9.9902e-02,0.005,-0.145
-9.9901e-02,0.02,0.16
-9.9899e-02,0.015,-0.17
-9.9898e-02,0.065,0.19
-9.9896e-02,-0.025,-0.165
-9.9894e-02,-0.025,0.185
-9.9893e-02,-0.015,-0.155
-9.9891e-02,-0.015,0.17
-9.9890e-02,-0.045,-0.13
-9.9888e-02,-0.08,0.145
-9.9886e-02,-0.035,-0.13
-9.9885e-02,0.055,0.15
-9.9883e-02,-0.015,-0.16
-9.9882e-02,-0.005,0.18
-9.9880e-02,0.02,-0.15
-9.9878e-02,0.08,0.165
-9.9877e-02,0.015,-0.135
-9.9875e-02,-0.055,0.16
-9.9874e-02,-0.015,-0.14
-9.9872e-02,0.015,0.155
-9.9870e-02,0.02,-0.18
-9.9869e-02,-0.09,0.2
-9.9867e-02,0.04,-0.14
-9.9866e-02,0.03,0.16
-9.9864e-02,0.03,-0.155
-9.9862e-02,0.005,0.17
-9.9861e-02,-0.07,-0.14
-9.9859e-02,0.075,0.16
-9.9858e-02,0.02,-0.15
-9.9856e-02,-0.03,0.17
-9.9854e-02,-0.07,-0.13
-9.9853e-02,-0.045,0.155
-9.9851e-02,0.035,-0.135
-9.9850e-02,-0.005,0.165
-9.9848e-02,-0.05,-0.15
-9.9846e-02,-0.015,0.17
-9.9845e-02,0.08,-0.12
-9.9843e-02,0,0.135
-9.9842e-02,0.005,-0.15
-9.9840e-02,-0.015,0.165
-9.9838e-02,-0.01,-0.145
-9.9837e-02,0.105,0.175
-9.9835e-02,-0.025,-0.14
-9.9834e-02,-0.035,0.16
-9.9832e-02,-0.015,-0.14
-9.9830e-02,-0.01,0.16
-9.9829e-02,-0.03,-0.125
-9.9827e-02,0.01,0.15
-9.9826e-02,-0.015,-0.14
-9.9824e-02,0.15,0.155
-9.9822e-02,0,-0.125
-9.9821e-02,0.055,0.15
-9.9819e-02,-0.01,-0.14
-9.9818e-02,0.045,0.165
-9.9816e-02,0.025,-0.13
-9.9814e-02,0.09,0.15
-9.9813e-02,0.01,-0.15
-9.9811e-02,0.115,0.165
-9.9810e-02,0.07,-0.135
-9.9808e-02,0.03,0.16
-9.9806e-02,0.02,-0.125
-9.9805e-02,0.05,0.155
-9.9803e-02,0.03,-0.16
-9.9802e-02,0.095,0.19
-9.9800e-02,0.005,-0.145
-9.9798e-02,-0.01,0.165
-9.9797e-02,0,-0.13
-9.9795e-02,-0.065,0.15
-9.9794e-02,0.01,-0.12
-9.9792e-02,-0.075,0.15
-9.9790e-02,-0.035,-0.125
-9.9789e-02,0.04,0.155
-9.9787e-02,0.025,-0.13
-9.9786e-02,0.035,0.16
-9.9784e-02,0.02,-0.135
-9.9782e-02,0.01,0.155
-9.9781e-02,0.015,-0.14
-9.9779e-02,-0.015,0.17
-9.9778e-02,-0.065,-0.135
-9.9776e-02,-0.025,0.16
-9.9774e-02,0.02,-0.115
-9.9773e-02,0.015,0.15
-9.9771e-02,0.055,-0.12
-9.9770e-02,0,0.155
-9.9768e-02,0.02,-0.115
-9.9766e-02,0.01,0.14
-9.9765e-02,-0.065,-0.115
-9.9763e-02,-0.025,0.15
-9.9762e-02,-0.08,-0.14
-9.9760e-02,0.015,0.16
-9.9758e-02,-0.005,-0.14
-9.9757e-02,-0.02,0.17
-9.9755e-02,0.02,-0.145
-9.9754e-02,0.095,0.17
-9.9752e-02,0.03,-0.14
-9.9750e-02,0.005,0.175
-9.9749e-02,-0.005,-0.135
-9.9747e-02,0.01,0.165
-9.9746e-02,0.04,-0.14
-9.9744e-02,-0.045,0.18
-9.9742e-02,-0.02,-0.14
-9.9741e-02,-0.03,0.18
-9.9739e-02,0.065,-0.13
-9.9738e-02,-0.04,0.16
-9.9736e-02,0.045,-0.16
-9.9734e-02,0.005,0.195
-9.9733e-02,0.045,-0.135
-9.9731e-02,0.07,0.17
-9.9730e-02,0,-0.125
-9.9728e-02,-0.015,0.155
-9.9726e-02,0.04,-0.13
-9.9725e-02,-0.025,0.16
-9.9723e-02,-0.01,-0.135
-9.9722e-02,-0.015,0.17
-9.9720e-02,0.01,-0.135
-9.9718e-02,0.115,0.165
-9.9717e-02,0.07,-0.115
-9.9715e-02,0,0.15
-9.9714e-02,0.09,-0.13
-9.9712e-02,-0.015,0.175
-9.9710e-02,-0.01,-0.155
-9.9709e-02,-0.09,0.18
-9.9707e-02,0.055,-0.125
-9.9706e-02,0.07,0.165
-9.9704e-02,0.005,-0.135
-9.9702e-02,0,0.18
-9.9701e-02,0.01,-0.115
-9.9699e-02,0.075,0.16
-9.9698e-02,0.055,-0.12
-9.9696e-02,0.02,0.155
-9.9694e-02,0.035,-0.135
-9.9693e-02,0.01,0.175
-9.9691e-02,0.075,-0.14
-9.9690e-02,-0.035,0.175
-9.9688e-02,0.03,-0.12
-9.9686e-02,0.08,0.16
-9.9685e-02,0.08,-0.13
-9.9683e-02,0.06,0.165
-9.9682e-02,-0.01,-0.15
-9.9680e-02,-0.015,0.18
-9.9678e-02,0.005,-0.125
-9.9677e-02,0,0.165
-9.9675e-02,-0.06,-0.145
-9.9674e-02,0,0.18
-9.9672e-02,0.05,-0.155
-9.9670e-02,-0.005,0.19
-9.9669e-02,0.015,-0.12
-9.9667e-02,0.055,0.16
-9.9666e-02,-0.01,-0.12
-9.9664e-02,0.125,0.16
-9.9662e-02,-0.035,-0.125
-9.9661e-02,0.065,0.16
-9.9659e-02,0.075,-0.135
-9.9658e-02,0.065,0.17
-9.9656e-02,-0.045,-0.17
-9.9654e-02,0.09,0.21
-9.9653e-02,-0.065,-0.165
-9.9651e-02,0.08,0.205
-9.9650e-02,-0.09,-0.15
-9.9648e-02,0.015,0.19
-9.9646e-02,0.025,-0.14
-9.9645e-02,0.07,0.18
-9.9643e-02,-0.005,-0.125
-9.9642e-02,0.03,0.165
-9.9640e-02,0.075,-0.12
-9.9638e-02,0.065,0.155
-9.9637e-02,0.05,-0.12
-9.9635e-02,0.07,0.165
-9.9634e-02,0.03,-0.115
-9.9632e-02,0.09,0.165
-9.9630e-02,-0.01,-0.13
-9.9629e-02,-0.005,0.17
-9.9627e-02,0.045,-0.11
-9.9626e-02,0.015,0.145
-9.9624e-02,0.07,-0.16
-9.9622e-02,0.065,0.195
-9.9621e-02,0.095,-0.125
-9.9619e-02,0.105,0.17
-9.9618e-02,0.045,-0.13
-9.9616e-02,0.055,0.17
-9.9614e-02,0.01,-0.125
-9.9613e-02,-0.03,0.17
-9.9611e-02,-0.035,-0.145
-9.9610e-02,-0.015,0.185
-9.9608e-02,-0.03,-0.135
-9.9606e-02,0.07,0.17
-9.9605e-02,0.05,-0.15
-9.9603e-02,0.155,0.185
-9.9602e-02,0.045,-0.14
-9.9600e-02,-0.03,0.175
-9.9598e-02,0.03,-0.11
-9.9597e-02,-0.01,0.15
-9.9595e-02,0.025,-0.125
-9.9594e-02,-0.015,0.175
-9.9592e-02,-0.045,-0.15
-9.9590e-02,0.04,0.195
-9.9589e-02,0.01,-0.135
-9.9587e-02,-0.045,0.18
-9.9586e-02,0.125,-0.13
-9.9584e-02,0.08,0.17
-9.9582e-02,0.145,-0.15
-9.9581e-02,0.005,0.195
-9.9579e-02,0.03,-0.125
-9.9578e-02,0.015,0.175
-9.9576e-02,0.03,-0.13
-9.9574e-02,-0.115,0.18
-9.9573e-02,0.055,-0.12
-9.9571e-02,-0.025,0.175
-9.9570e-02,0.075,-0.115
-9.9568e-02,0.005,0.165
-9.9566e-02,0.04,-0.145
-9.9565e-02,0.14,0.19
-9.9563e-02,0.035,-0.14
-9.9562e-02,0.015,0.19
-9.9560e-02,0.03,-0.145
-9.9558e-02,0.02,0.195
-9.9557e-02,-0.04,-0.125
-9.9555e-02,-0.04,0.18
-9.9554e-02,0.065,-0.12
-9.9552e-02,0,0.175
-9.9550e-02,0.065,-0.105
-9.9549e-02,0.01,0.15
-9.9547e-02,0.105,-0.115
-9.9546e-02,0.055,0.17
-9.9544e-02,0.035,-0.13
-9.9542e-02,0.075,0.175
-9.9541e-02,0.06,-0.155
-9.9539e-02,0.06,0.2
-9.9538e-02,-0.025,-0.195
-9.9536e-02,0.07,0.245
-9.9534e-02,-0.005,-0.135
-9.9533e-02,-0.015,0.18
-9.9531e-02,-0.035,-0.13
-9.9530e-02,0.005,0.19
-9.9528e-02,0,-0.125
-9.9526e-02,-0.03,0.175
-9.9525e-02,0.03,-0.115
-9.9523e-02,0.085,0.155
-9.9522e-02,0.04,-0.11
-9.9520e-02,0.055,0.16
-9.9518e-02,0.02,-0.14
-9.9517e-02,0.01,0.19
-9.9515e-02,-0.02,-0.15
-9.9514e-02,-0.06,0.2
-9.9512e-02,0.005,-0.135
-9.9510e-02,0.11,0.18
-9.9509e-02,0.07,-0.15
-9.9507e-02,0.07,0.205
-9.9506e-02,0.115,-0.145
-9.9504e-02,0.03,0.19
-9.9502e-02,0.035,-0.14
-9.9501e-02,-0.05,0.19
-9.9499e-02,0.055,-0.125
-9.9498e-02,0.075,0.175
-9.9496e-02,0,-0.12
-9.9494e-02,0.02,0.175
-9.9493e-02,0.03,-0.115
-9.9491e-02,0.065,0.165
-9.9490e-02,0.045,-0.105
-9.9488e-02,0.06,0.155
-9.9486e-02,0.1,-0.115
-9.9485e-02,0.115,0.17
-9.9483e-02,0.04,-0.135
-9.9482e-02,-0.055,0.195
-9.9480e-02,0.015,-0.12
-9.9478e-02,0.04,0.18
-9.9477e-02,-0.02,-0.12
-9.9475e-02,0.035,0.165
-9.9474e-02,0.04,-0.115
-9.9472e-02,0.05,0.165
-9.9470e-02,0.04,-0.11
-9.9469e-02,-0.03,0.16
-9.9467e-02,0.07,-0.13
-9.9466e-02,-0.015,0.17
-9.9464e-02,-0.005,-0.11
-9.9462e-02,-0.06,0.16
-9.9461e-02,0.06,-0.12
-9.9459e-02,-0.015,0.17
-9.9458e-02,0,-0.145
-9.9456e-02,0.08,0.205
-9.9454e-02,0.045,-0.14
-9.9453e-02,0.07,0.195
-9.9451e-02,0.09,-0.145
-9.9450e-02,0.08,0.195
-9.9448e-02,-0.02,-0.155
-9.9446e-02,0.005,0.21
-9.9445e-02,-0.005,-0.115
-9.9443e-02,-0.01,0.165
-9.9442e-02,0.005,-0.115
-9.9440e-02,-0.005,0.165
-9.9438e-02,-0.015,-0.13
-9.9437e-02,0.12,0.18
-9.9435e-02,0.035,-0.115
-9.9434e-02,0.04,0.175
-9.9432e-02,0.065,-0.15
-9.9430e-02,0.07,0.21
-9.9429e-02,-0.035,-0.16
-9.9427e-02,0.01,0.215
-9.9426e-02,-0.075,-0.12
-9.9424e-02,0.03,0.175
-9.9422e-02,-0.055,-0.125
-9.9421e-02,-0.05,0.185
-9.9419e-02,0.02,-0.12
-9.9418e-02,0.075,0.175
-9.9416e-02,-0.005,-0.115
-9.9414e-02,0.04,0.17
-9.9413e-02,0.04,-0.115
-9.9411e-02,0.08,0.17
-9.9410e-02,0.03,-0.13
-9.9408e-02,-0.015,0.19
-9.9406e-02,0.035,-0.125
-9.9405e-02,0.095,0.19
-9.9403e-02,-0.03,-0.115
-9.9402e-02,0.015,0.175
-9.9400e-02,0.07,-0.13
-9.9398e-02,0.055,0.19
-9.9397e-02,0.06,-0.14
-9.9395e-02,0.095,0.2
-9.9394e-02,0.11,-0.12
-9.9392e-02,0.07,0.18
-9.9390e-02,-0.035,-0.115
-9.9389e-02,-0.015,0.18
-9.9387e-02,0.005,-0.115
-9.9386e-02,0.01,0.175
-9.9384e-02,0.035,-0.105
-9.9382e-02,-0.005,0.165
-9.9381e-02,0.05,-0.13
-9.9379e-02,0,0.18
-9.9378e-02,0.015,-0.11
-9.9376e-02,0,0.17
-9.9374e-02,0.135,-0.125
-9.9373e-02,0.02,0.18
-9.9371e-02,0.02,-0.105
-9.9370e-02,-0.01,0.165
-9.9368e-02,0.01,-0.125
-9.9366e-02,0,0.185
-9.9365e-02,0.01,-0.12
-9.9363e-02,0.08,0.17
-9.9362e-02,0.105,-0.15
-9.9360e-02,0.055,0.21
-9.9358e-02,0.125,-0.12
-9.9357e-02,0.02,0.18
-9.9355e-02,0.135,-0.13
-9.9354e-02,-0.025,0.195
-9.9352e-02,-0.005,-0.135
-9.9350e-02,0.005,0.2
-9.9349e-02,-0.04,-0.125
-9.9347e-02,-0.065,0.185
-9.9346e-02,0.02,-0.11
-9.9344e-02,0.045,0.17
-9.9342e-02,0.045,-0.105
-9.9341e-02,0.01,0.175
-9.9339e-02,0.16,-0.125
-9.9338e-02,0.045,0.185
-9.9336e-02,0.095,-0.115
-9.9334e-02,-0.005,0.185
-9.9333e-02,0.015,-0.105
-9.9331e-02,0.025,0.17
-9.9330e-02,0.08,-0.1
-9.9328e-02,-0.005,0.17
-9.9326e-02,0.025,-0.11
-9.9325e-02,0.14,0.17
-9.9323e-02,0.06,-0.12
-9.9322e-02,0.11,0.19
-9.9320e-02,0.035,-0.115
-9.9318e-02,-0.01,0.19
-9.9317e-02,0.07,-0.13
-9.9315e-02,0.01,0.195
-9.9314e-02,-0.035,-0.135
-9.9312e-02,0.015,0.2
-9.9310e-02,0.04,-0.1
-9.9309e-02,-0.01,0.17
-9.9307e-02,0.005,-0.115
-9.9306e-02,-0.01,0.185
-9.9304e-02,0.04,-0.105
-9.9302e-02,0.06,0.17
-9.9301e-02,-0.03,-0.12
-9.9299e-02,0.06,0.185
-9.9298e-02,0.09,-0.135
-9.9296e-02,0,0.205
-9.9294e-02,0.075,-0.11
-9.9293e-02,0.01,0.175
-9.9291e-02,0.055,-0.135
-9.9290e-02,0.03,0.205
-9.9288e-02,-0.005,-0.14
-9.9286e-02,0,0.21
-9.9285e-02,0.105,-0.13
-9.9283e-02,0.075,0.2
-9.9282e-02,0.01,-0.11
-9.9280e-02,0.05,0.185
-9.9278e-02,0.055,-0.105
-9.9277e-02,0.01,0.165
-9.9275e-02,0.035,-0.105
-9.9274e-02,0.035,0.165
-9.9272e-02,0.07,-0.135
-9.9270e-02,0.125,0.21
-9.9269e-02,0.065,-0.145
-9.9267e-02,-0.045,0.215
-9.9266e-02,0.08,-0.115
-9.9264e-02,0.035,0.185
-9.9262e-02,0.065,-0.135
-9.9261e-02,0.05,0.2
-9.9259e-02,0.035,-0.165
-9.9258e-02,0.075,0.23
-9.9256e-02,0.06,-0.13
-9.9254e-02,-0.01,0.2
-9.9253e-02,-0.04,-0.125
-9.9251e-02,0.05,0.19
-9.9250e-02,0.005,-0.14
-9.9248e-02,0.04,0.215
-9.9246e-02,0.06,-0.14
-9.9245e-02,0.11,0.205
-9.9243e-02,0.11,-0.12
-9.9242e-02,0.02,0.19
-9.9240e-02,0.01,-0.115
-9.9238e-02,0.11,0.185
-9.9237e-02,0.05,-0.1
-9.9235e-02,0.085,0.175
-9.9234e-02,0.065,-0.095
-9.9232e-02,0.145,0.16
-9.9230e-02,0.135,-0.11
-9.9229e-02,0.055,0.18
-9.9227e-02,0.075,-0.105
-9.9226e-02,0.105,0.175
-9.9224e-02,0.09,-0.105
-9.9222e-02,0.08,0.175
-9.9221e-02,0.01,-0.1
-9.9219e-02,0.045,0.17
-9.9218e-02,0.085,-0.115
-9.9216e-02,0.03,0.185
-9.9214e-02,0.02,-0.13
-9.9213e-02,0.02,0.2
-9.9211e-02,0.055,-0.13
-9.9210e-02,0.075,0.205
-9.9208e-02,0.045,-0.12
-9.9206e-02,-0.03,0.195
-9.9205e-02,0.13,-0.145
-9.9203e-02,-0.015,0.225
-9.9202e-02,0.02,-0.11
-9.9200e-02,-0.065,0.19
-9.9198e-02,-0.045,-0.125
-9.9197e-02,0.045,0.19
-9.9195e-02,-0.075,-0.135
-9.9194e-02,0.035,0.21
-9.9192e-02,0.075,-0.12
-9.9190e-02,0.135,0.2
-9.9189e-02,0.105,-0.105
-9.9187e-02,0.05,0.185
-9.9186e-02,0.02,-0.13
-9.9184e-02,0.03,0.21
-9.9182e-02,0,-0.11
-9.9181e-02,-0.07,0.185
-9.9179e-02,0.11,-0.11
-9.9178e-02,0.05,0.195
-9.9176e-02,0.155,-0.115
-9.9174e-02,0.045,0.195
-9.9173e-02,0.03,-0.1
-9.9171e-02,0.07,0.185
-9.9170e-02,0.04,-0.11
-9.9168e-02,0.04,0.2
-9.9166e-02,0.04,-0.13
-9.9165e-02,0.01,0.21
-9.9163e-02,0.07,-0.105
-9.9162e-02,0,0.175
-9.9160e-02,0,-0.09
-9.9158e-02,0.04,0.17
-9.9157e-02,0.08,-0.085
-9.9155e-02,0.03,0.17
-9.9154e-02,0.095,-0.105
-9.9152e-02,-0.03,0.185
-9.9150e-02,0.055,-0.115
-9.9149e-02,0,0.2
-9.9147e-02,0.025,-0.125
-9.9146e-02,0.005,0.205
-9.9144e-02,0.065,-0.11
-9.9142e-02,0.05,0.2
-9.9141e-02,0.03,-0.115
-9.9139e-02,0.06,0.195
-9.9138e-02,0.03,-0.115
-9.9136e-02,0.07,0.195
-9.9134e-02,0.005,-0.13
-9.9133e-02,0.095,0.21
-9.9131e-02,-0.03,-0.125
-9.9130e-02,0.13,0.205
-9.9128e-02,-0.005,-0.11
-9.9126e-02,0.075,0.19
-9.9125e-02,0.075,-0.115
-9.9123e-02,0.07,0.2
-9.9122e-02,0.125,-0.115
-9.9120e-02,0.095,0.195
-9.9118e-02,0.08,-0.11
-9.9117e-02,0.09,0.195
-9.9115e-02,0.075,-0.105
-9.9114e-02,0.065,0.195
-9.9112e-02,-0.01,-0.1
-9.9110e-02,0.025,0.185
-9.9109e-02,-0.035,-0.095
-9.9107e-02,0.055,0.185
-9.9106e-02,-0.04,-0.105
-9.9104e-02,0.035,0.185
-9.9102e-02,0.01,-0.11
-9.9101e-02,0.07,0.19
-9.9099e-02,0.025,-0.11
-9.9098e-02,0.005,0.19
-9.9096e-02,0.02,-0.095
-9.9094e-02,0.03,0.18
-9.9093e-02,0.03,-0.125
-9.9091e-02,-0.035,0.205
-9.9090e-02,0.015,-0.115
-9.9088e-02,0.04,0.195
-9.9086e-02,0.035,-0.095
-9.9085e-02,0.005,0.185
-9.9083e-02,0.005,-0.13
-9.9082e-02,0.08,0.21
-9.9080e-02,0.1,-0.135
-9.9078e-02,0.05,0.225
-9.9077e-02,0.12,-0.105
-9.9075e-02,0.08,0.185
-9.9074e-02,0.135,-0.115
-9.9072e-02,-0.035,0.2
-9.9070e-02,0.02,-0.11
-9.9069e-02,0.035,0.195
-9.9067e-02,0.06,-0.105
-9.9066e-02,0.07,0.19
-9.9064e-02,0.015,-0.135
-9.9062e-02,0.035,0.225
-9.9061e-02,0.06,-0.12
-9.9059e-02,-0.005,0.21
-9.9058e-02,0.005,-0.105
-9.9056e-02,-0.005,0.19
-9.9054e-02,0.125,-0.095
-9.9053e-02,0.075,0.18
-9.9051e-02,0.04,-0.105
-9.9050e-02,0,0.195
-9.9048e-02,0.025,-0.09
-9.9046e-02,0.13,0.18
-9.9045e-02,0.035,-0.135
-9.9043e-02,0.13,0.22
-9.9042e-02,0.08,-0.105
-9.9040e-02,0.135,0.195
-9.9038e-02,0.035,-0.12
-9.9037e-02,-0.005,0.205
-9.9035e-02,0.035,-0.1
-9.9034e-02,0.06,0.185
-9.9032e-02,0.06,-0.105
-9.9030e-02,0.005,0.195
-9.9029e-02,0.035,-0.115
-9.9027e-02,0.125,0.2
-9.9026e-02,0.015,-0.12
-9.9024e-02,0.12,0.21
-9.9022e-02,-0.02,-0.105
-9.9021e-02,0.125,0.2
-9.9019e-02,0.045,-0.115
-9.9018e-02,-0.015,0.21
-9.9016e-02,0.04,-0.09
-9.9014e-02,0.04,0.18
-9.9013e-02,0.065,-0.1
-9.9011e-02,-0.01,0.19
-9.9010e-02,0.08,-0.105
-9.9008e-02,0.035,0.19
-9.9006e-02,0.14,-0.11
-9.9005e-02,0.135,0.195
-9.9003e-02,0.07,-0.12
-9.9002e-02,0.115,0.215
-9.9000e-02,0.135,-0.105
-9.8998e-02,0.105,0.19
-9.8997e-02,0.065,-0.105
-9.8995e-02,0,0.195
-9.8994e-02,0.115,-0.14
-9.8992e-02,0.055,0.23
-9.8990e-02,0.13,-0.105
-9.8989e-02,0.02,0.195
-9.8987e-02,0.12,-0.105
-9.8986e-02,0.09,0.195
-9.8984e-02,0.1,-0.105
-9.8982e-02,-0.015,0.205
-9.8981e-02,0.07,-0.095
-9.8979e-02,0.04,0.18
-9.8978e-02,0.06,-0.1
-9.8976e-02,-0.08,0.195
-9.8974e-02,0.04,-0.085
-9.8973e-02,-0.02,0.175
-9.8971e-02,0.025,-0.105
-9.8970e-02,-0.045,0.2
-9.8968e-02,0.055,-0.135
-9.8966e-02,0.1,0.23
-9.8965e-02,0.08,-0.1
-9.8963e-02,0.04,0.185
-9.8962e-02,-0.02,-0.115
-9.8960e-02,0.07,0.205
-9.8958e-02,0.01,-0.13
-9.8957e-02,0.095,0.215
-9.8955e-02,0.01,-0.12
-9.8954e-02,0.06,0.215
-9.8952e-02,0.13,-0.125
-9.8950e-02,0.09,0.215
-9.8949e-02,0.085,-0.105
-9.8947e-02,-0.015,0.195
-9.8946e-02,0.07,-0.105
-9.8944e-02,0.02,0.205
-9.8942e-02,0.005,-0.115
-9.8941e-02,0.02,0.205
-9.8939e-02,-0.02,-0.105
-9.8938e-02,0.005,0.205
-9.8936e-02,0.11,-0.12
-9.8934e-02,0.015,0.22
-9.8933e-02,0.08,-0.105
-9.8931e-02,0.08,0.2
-9.8930e-02,0.105,-0.11
-9.8928e-02,0.035,0.21
-9.8926e-02,0.025,-0.1
-9.8925e-02,0.02,0.2
-9.8923e-02,-0.02,-0.105
-9.8922e-02,0.035,0.2
-9.8920e-02,0,-0.12
-9.8918e-02,0.02,0.215
-9.8917e-02,0.11,-0.1
-9.8915e-02,0.1,0.2
-9.8914e-02,0.13,-0.09
-9.8912e-02,0.085,0.185
-9.8910e-02,0.045,-0.115
-9.8909e-02,0.025,0.225
-9.8907e-02,-0.005,-0.1
-9.8906e-02,0.005,0.2
-9.8904e-02,0.025,-0.11
-9.8902e-02,-0.015,0.21
-9.8901e-02,0.07,-0.095
-9.8899e-02,0.08,0.19
-9.8898e-02,0.05,-0.11
-9.8896e-02,0.025,0.215
-9.8894e-02,-0.04,-0.11
-9.8893e-02,0.095,0.215
-9.8891e-02,0.045,-0.115
-9.8890e-02,0.03,0.21
-9.8888e-02,0.065,-0.095
-9.8886e-02,0.045,0.2
-9.8885e-02,0.07,-0.08
-9.8883e-02,0.11,0.185
-9.8882e-02,-0.075,-0.115
-9.8880e-02,0.065,0.22
-9.8878e-02,0.055,-0.14
-9.8877e-02,0.14,0.25
-9.8875e-02,0.04,-0.09
-9.8874e-02,0.105,0.19
-9.8872e-02,0.14,-0.11
-9.8870e-02,0.06,0.21
-9.8869e-02,0.06,-0.105
-9.8867e-02,-0.035,0.205
-9.8866e-02,-0.015,-0.105
-9.8864e-02,0.03,0.205
-9.8862e-02,0.05,-0.095
-9.8861e-02,-0.035,0.205
-9.8859e-02,0.1,-0.105
-9.8858e-02,0.11,0.205
-9.8856e-02,0.165,-0.1
-9.8854e-02,0.075,0.205
-9.8853e-02,0.13,-0.095
-9.8851e-02,0.12,0.195
-9.8850e-02,0.075,-0.115
-9.8848e-02,0.08,0.215
-9.8846e-02,0.045,-0.13
-9.8845e-02,-0.035,0.225
-9.8843e-02,0.06,-0.11
-9.8842e-02,-0.04,0.21
-9.8840e-02,0.075,-0.115
-9.8838e-02,0.05,0.215
-9.8837e-02,0.025,-0.115
-9.8835e-02,0.045,0.22
-9.8834e-02,0.035,-0.135
-9.8832e-02,0.06,0.23
-9.8830e-02,-0.035,-0.105
-9.8829e-02,0.045,0.21
-9.8827e-02,0,-0.1
-9.8826e-02,0.03,0.19
-9.8824e-02,0.045,-0.09
-9.8822e-02,0.025,0.195
-9.8821e-02,0.015,-0.09
-9.8819e-02,0.145,0.19
-9.8818e-02,0.115,-0.095
-9.8816e-02,0.1,0.195
-9.8814e-02,0.085,-0.085
-9.8813e-02,0.02,0.18
-9.8811e-02,0.13,-0.08
-9.8810e-02,0.05,0.19
-9.8808e-02,-0.045,-0.085
-9.8806e-02,0,0.18
-9.8805e-02,-0.035,-0.1
-9.8803e-02,0.065,0.2
-9.8802e-02,-0.01,-0.09
-9.8800e-02,0.105,0.19
-9.8798e-02,0.09,-0.115
-9.8797e-02,0.12,0.215
-9.8795e-02,0.15,-0.095
-9.8794e-02,0.12,0.205
-9.8792e-02,0.035,-0.13
-9.8790e-02,0.06,0.235
-9.8789e-02,0.01,-0.085
-9.8787e-02,0.01,0.195
-9.8786e-02,0.01,-0.08
-9.8784e-02,0.09,0.19
-9.8782e-02,-0.045,-0.11
-9.8781e-02,0.075,0.215
-9.8779e-02,0.135,-0.08
-9.8778e-02,0.08,0.185
-9.8776e-02,0.01,-0.09
-9.8774e-02,0.065,0.195
-9.8773e-02,0.025,-0.1
-9.8771e-02,0.105,0.2
-9.8770e-02,0.065,-0.085
-9.8768e-02,0.01,0.195
-9.8766e-02,-0.015,-0.09
-9.8765e-02,0.1,0.195
-9.8763e-02,0.02,-0.08
-9.8762e-02,0.06,0.2
-9.8760e-02,0.02,-0.085
-9.8758e-02,0.07,0.195
-9.8757e-02,0.055,-0.09
-9.8755e-02,0.125,0.2
-9.8754e-02,0.02,-0.105
-9.8752e-02,0.03,0.22
-9.8750e-02,0.01,-0.085
-9.8749e-02,0.06,0.2
-9.8747e-02,0.005,-0.11
-9.8746e-02,0.035,0.225
-9.8744e-02,0.04,-0.095
-9.8742e-02,0.04,0.21
-9.8741e-02,0.015,-0.1
-9.8739e-02,0.135,0.215
-9.8738e-02,0.13,-0.095
-9.8736e-02,0.06,0.22
-9.8734e-02,0.07,-0.09
-9.8733e-02,0.07,0.21
-9.8731e-02,0.05,-0.1
-9.8730e-02,0.105,0.21
-9.8728e-02,0.045,-0.135
-9.8726e-02,0.04,0.255
-9.8725e-02,0.055,-0.075
-9.8723e-02,0.105,0.195
-9.8722e-02,0.1,-0.115
-9.8720e-02,0.045,0.23
-9.8718e-02,0.08,-0.105
-9.8717e-02,0.12,0.215
-9.8715e-02,0.095,-0.075
-9.8714e-02,-0.005,0.195
-9.8712e-02,0.08,-0.075
-9.8710e-02,-0.055,0.205
-9.8709e-02,0.065,-0.095
-9.8707e-02,0.075,0.21
-9.8706e-02,0.105,-0.095
-9.8704e-02,0.095,0.215
-9.8702e-02,0.085,-0.1
-9.8701e-02,0.1,0.22
-9.8699e-02,0.08,-0.09
-9.8698e-02,0.015,0.2
-9.8696e-02,0.055,-0.095
-9.8694e-02,-0.06,0.215
-9.8693e-02,-0.035,-0.095
-9.8691e-02,0.03,0.21
-9.8690e-02,0.065,-0.075
-9.8688e-02,0,0.205
-9.8686e-02,0.04,-0.085
-9.8685e-02,0.075,0.2
-9.8683e-02,0.145,-0.095
-9.8682e-02,0.11,0.2
-9.8680e-02,0.14,-0.09
-9.8678e-02,0.07,0.21
-9.8677e-02,0.055,-0.095
-9.8675e-02,0.105,0.21
-9.8674e-02,0.08,-0.08
-9.8672e-02,0.01,0.205
-9.8670e-02,0.095,-0.095
-9.8669e-02,0.03,0.205
-9.8667e-02,0.12,-0.115
-9.8666e-02,0.09,0.235
-9.8664e-02,0.115,-0.085
-9.8662e-02,0.035,0.21
-9.8661e-02,-0.03,-0.09
-9.8659e-02,0.04,0.21
-9.8658e-02,0.035,-0.09
-9.8656e-02,-0.005,0.21
-9.8654e-02,0.055,-0.095
-9.8653e-02,0.035,0.21
-9.8651e-02,0.085,-0.105
-9.8650e-02,0.145,0.22
-9.8648e-02,0.05,-0.12
-9.8646e-02,-0.02,0.235
-9.8645e-02,0.015,-0.15
-9.8643e-02,0.085,0.27
-9.8642e-02,0.085,-0.095
-9.8640e-02,0.065,0.215
-9.8638e-02,0.1,-0.11
-9.8637e-02,-0.05,0.23
-9.8635e-02,0.055,-0.1
-9.8634e-02,0.035,0.215
-9.8632e-02,0.05,-0.1
-9.8630e-02,0.11,0.22
-9.8629e-02,0.05,-0.09
-9.8627e-02,0.025,0.205
-9.8626e-02,0.1,-0.12
-9.8624e-02,0.06,0.23
-9.8622e-02,0.125,-0.095
-9.8621e-02,0.01,0.215
-9.8619e-02,0.07,-0.07
-9.8618e-02,-0.01,0.195
-9.8616e-02,0.115,-0.075
-9.8614e-02,0.035,0.195
-9.8613e-02,0.03,-0.105
-9.8611e-02,0.06,0.22
-9.8610e-02,0.08,-0.085
-9.8608e-02,0.07,0.21
-9.8606e-02,0.12,-0.11
-9.8605e-02,0,0.23
-9.8603e-02,0.095,-0.1
-9.8602e-02,0.005,0.23
-9.8600e-02,0.06,-0.12
-9.8598e-02,0.085,0.24
-9.8597e-02,0.055,-0.09
-9.8595e-02,0.04,0.21
-9.8594e-02,0.02,-0.115
-9.8592e-02,0.135,0.24
-9.8590e-02,0.065,-0.1
-9.8589e-02,0.17,0.23
-9.8587e-02,0.1,-0.09
-9.8586e-02,0.07,0.21
-9.8584e-02,0.1,-0.085
-9.8582e-02,0.06,0.215
-9.8581e-02,0.04,-0.085
-9.8579e-02,-0.04,0.215
-9.8578e-02,-0.035,-0.14
-9.8576e-02,0.05,0.26
-9.8574e-02,0.02,-0.075
-9.8573e-02,0.125,0.2
-9.8571e-02,0.08,-0.095
-9.8570e-02,0.06,0.23
-9.8568e-02,0.025,-0.115
-9.8566e-02,-0.005,0.25
-9.8565e-02,0.095,-0.08
-9.8563e-02,0.005,0.215
-9.8562e-02,0.08,-0.075
-9.8560e-02,-0.015,0.205
-9.8558e-02,0.09,-0.06
-9.8557e-02,0.06,0.19
-9.8555e-02,0.12,-0.09
-9.8554e-02,0.03,0.215
-9.8552e-02,0.025,-0.11
-9.8550e-02,0.085,0.24
-9.8549e-02,0.075,-0.1
-9.8547e-02,0.08,0.225
-9.8546e-02,0.015,-0.09
-9.8544e-02,0.01,0.225
-9.8542e-02,0.1,-0.085
-9.8541e-02,0.065,0.22
-9.8539e-02,0.165,-0.095
-9.8538e-02,0.075,0.23
-9.8536e-02,0.135,-0.07
-9.8534e-02,0.06,0.205
-9.8533e-02,0.13,-0.085
-9.8531e-02,0.08,0.22
-9.8530e-02,0.105,-0.095
-9.8528e-02,0.11,0.225
-9.8526e-02,0.005,-0.105
-9.8525e-02,0,0.235
-9.8523e-02,0.075,-0.095
-9.8522e-02,0.025,0.23
-9.8520e-02,0.14,-0.085
-9.8518e-02,0.015,0.22
-9.8517e-02,0.055,-0.07
-9.8515e-02,0.07,0.2
-9.8514e-02,0.055,-0.105
-9.8512e-02,0.085,0.225
-9.8510e-02,0.045,-0.09
-9.8509e-02,0.025,0.22
-9.8507e-02,0.04,-0.1
-9.8506e-02,0.09,0.235
-9.8504e-02,0.03,-0.09
-9.8502e-02,0.065,0.22
-9.8501e-02,0.055,-0.1
-9.8499e-02,-0.07,0.22
-9.8498e-02,0.095,-0.095
-9.8496e-02,0.1,0.215
-9.8494e-02,0.105,-0.07
-9.8493e-02,0.09,0.2
-9.8491e-02,0.025,-0.09
-9.8490e-02,0.025,0.22
-9.8488e-02,0.045,-0.085
-9.8486e-02,0.085,0.21
-9.8485e-02,0.085,-0.095
-9.8483e-02,0.055,0.22
-9.8482e-02,0.07,-0.09
-9.8480e-02,-0.01,0.215
-9.8478e-02,0.105,-0.075
-9.8477e-02,-0.005,0.205
-9.8475e-02,0.055,-0.07
-9.8474e-02,0.085,0.19
-9.8472e-02,-0.005,-0.095
-9.8470e-02,0.065,0.23
-9.8469e-02,0.1,-0.085
-9.8467e-02,0.14,0.215
-9.8466e-02,0.105,-0.085
-9.8464e-02,0.035,0.215
-9.8462e-02,0.04,-0.08
-9.8461e-02,0.035,0.22
-9.8459e-02,0.035,-0.09
-9.8458e-02,0.01,0.215
-9.8456e-02,0.015,-0.08
-9.8454e-02,0.065,0.21
-9.8453e-02,0.07,-0.09
-9.8451e-02,0.155,0.22
-9.8450e-02,0.11,-0.085
-9.8448e-02,0.07,0.215
-9.8446e-02,0.07,-0.095
-9.8445e-02,-0.015,0.23
-9.8443e-02,0.075,-0.09
-9.8442e-02,0.06,0.215
-9.8440e-02,0.095,-0.09
-9.8438e-02,0.065,0.23
-9.8437e-02,0.035,-0.09
-9.8435e-02,0.02,0.22
-9.8434e-02,0.075,-0.06
-9.8432e-02,0.13,0.2
-9.8430e-02,0.04,-0.075
-9.8429e-02,0.13,0.21
-9.8427e-02,0.055,-0.085
-9.8426e-02,0.03,0.22
-9.8424e-02,0.085,-0.1
-9.8422e-02,0.03,0.23
-9.8421e-02,0.085,-0.07
-9.8419e-02,0.095,0.21
-9.8418e-02,0.015,-0.085
-9.8416e-02,0.055,0.22
-9.8414e-02,0.075,-0.08
-9.8413e-02,0.05,0.22
-9.8411e-02,0.03,-0.08
-9.8410e-02,0,0.215
-9.8408e-02,0.035,-0.07
-9.8406e-02,0.06,0.21
-9.8405e-02,0.125,-0.075
-9.8403e-02,0.05,0.215
-9.8402e-02,0.025,-0.075
-9.8400e-02,0.07,0.215
-9.8398e-02,-0.02,-0.07
-9.8397e-02,0.015,0.21
-9.8395e-02,0.02,-0.07
-9.8394e-02,0.05,0.21
-9.8392e-02,-0.035,-0.09
-9.8390e-02,0.065,0.23
-9.8389e-02,0.07,-0.085
-9.8387e-02,0.075,0.225
-9.8386e-02,0.125,-0.08
-9.8384e-02,0.05,0.235
-9.8382e-02,0,-0.065
-9.8381e-02,0.07,0.205
-9.8379e-02,0.025,-0.065
-9.8378e-02,0.075,0.205
-9.8376e-02,0.065,-0.07
-9.8374e-02,0.085,0.215
-9.8373e-02,0.06,-0.055
-9.8371e-02,0.165,0.195
-9.8370e-02,0.04,-0.1
-9.8368e-02,0.18,0.23
-9.8366e-02,0.115,-0.075
-9.8365e-02,0.115,0.21
-9.8363e-02,0.03,-0.095
-9.8362e-02,0.02,0.24
-9.8360e-02,0.075,-0.11
-9.8358e-02,0.05,0.25
-9.8357e-02,0.155,-0.06
-9.8355e-02,0.03,0.205
-9.8354e-02,0.115,-0.095
-9.8352e-02,0.11,0.23
-9.8350e-02,0.075,-0.095
-9.8349e-02,0.085,0.235
-9.8347e-02,0.07,-0.06
-9.8346e-02,0.035,0.205
-9.8344e-02,0.045,-0.09
-9.8342e-02,0.01,0.225
-9.8341e-02,0.12,-0.075
-9.8339e-02,-0.01,0.215
-9.8338e-02,0.06,-0.09
-9.8336e-02,-0.01,0.225
-9.8334e-02,0.045,-0.1
-9.8333e-02,0.125,0.245
-9.8331e-02,0.145,-0.085
-9.8330e-02,0.11,0.225
-9.8328e-02,0.125,-0.075
-9.8326e-02,0.055,0.215
-9.8325e-02,0.1,-0.075
-9.8323e-02,0.07,0.215
-9.8322e-02,0.07,-0.07
-9.8320e-02,0.06,0.21
-9.8318e-02,0.1,-0.07
-9.8317e-02,-0.005,0.215
-9.8315e-02,0.01,-0.065
-9.8314e-02,0.055,0.21
-9.8312e-02,0.17,-0.065
-9.8310e-02,0.12,0.205
-9.8309e-02,0.19,-0.08
-9.8307e-02,0.155,0.21
-9.8306e-02,0.025,-0.07
-9.8304e-02,0.06,0.21
-9.8302e-02,0.04,-0.08
-9.8301e-02,0.01,0.22
-9.8299e-02,0.12,-0.09
-9.8298e-02,0.035,0.225
-9.8296e-02,0.055,-0.075
-9.8294e-02,0.1,0.215
-9.8293e-02,0.105,-0.07
-9.8291e-02,0.125,0.21
-9.8290e-02,0.115,-0.11
-9.8288e-02,0.035,0.245
-9.8286e-02,0.02,-0.075
-9.8285e-02,0.03,0.22
-9.8283e-02,0.02,-0.095
-9.8282e-02,0.02,0.235
-9.8280e-02,0.12,-0.06
-9.8278e-02,0.075,0.205
-9.8277e-02,0.065,-0.065
-9.8275e-02,0.095,0.21
-9.8274e-02,0.005,-0.075
-9.8272e-02,0.15,0.22
-9.8270e-02,0.11,-0.08
-9.8269e-02,0.085,0.235
-9.8267e-02,0.09,-0.08
-9.8266e-02,0.075,0.22
-9.8264e-02,0.025,-0.075
-9.8262e-02,0.02,0.22
-9.8261e-02,0.045,-0.1
-9.8259e-02,0.075,0.255
-9.8258e-02,0.075,-0.08
-9.8256e-02,0.115,0.23
-9.8254e-02,0.03,-0.07
-9.8253e-02,0.115,0.22
-9.8251e-02,0.13,-0.085
-9.8250e-02,0.125,0.24
-9.8248e-02,0.07,-0.06
-9.8246e-02,0.08,0.21
-9.8245e-02,-0.01,-0.07
-9.8243e-02,0.035,0.22
-9.8242e-02,0.03,-0.065
-9.8240e-02,0.115,0.22
-9.8238e-02,0.195,-0.07
-9.8237e-02,0.1,0.225
-9.8235e-02,0.075,-0.06
-9.8234e-02,0.08,0.21
-9.8232e-02,0.01,-0.08
-9.8230e-02,0.1,0.23
-9.8229e-02,0.055,-0.065
-9.8227e-02,0.05,0.215
-9.8226e-02,0.06,-0.07
-9.8224e-02,0.06,0.225
-9.8222e-02,-0.01,-0.09
-9.8221e-02,0.08,0.25
-9.8219e-02,0.145,-0.09
-9.8218e-02,0.135,0.245
-9.8216e-02,0.165,-0.085
-9.8214e-02,0.13,0.235
-9.8213e-02,0.11,-0.07
-9.8211e-02,0.12,0.225
-9.8210e-02,0.07,-0.085
-9.8208e-02,0.03,0.245
-9.8206e-02,0.075,-0.08
-9.8205e-02,-0.02,0.23
-9.8203e-02,0.045,-0.095
-9.8202e-02,0.005,0.24
-9.8200e-02,0.025,-0.09
-9.8198e-02,0.165,0.245
-9.8197e-02,0.115,-0.07
-9.8195e-02,0.055,0.23
-9.8194e-02,0.09,-0.07
-9.8192e-02,0.035,0.23
-9.8190e-02,0.07,-0.065
-9.8189e-02,0.085,0.215
-9.8187e-02,0.025,-0.08
-9.8186e-02,0.105,0.23
-9.8184e-02,0.02,-0.075
-9.8182e-02,0.07,0.23
-9.8181e-02,0.08,-0.08
-9.8179e-02,0.11,0.235
-9.8178e-02,0.13,-0.065
-9.8176e-02,0.065,0.215
-9.8174e-02,0.09,-0.055
-9.8173e-02,0.035,0.205
-9.8171e-02,0.105,-0.065
-9.8170e-02,0.06,0.215
-9.8168e-02,0.1,-0.075
-9.8166e-02,0.02,0.23
-9.8165e-02,0.08,-0.08
-9.8163e-02,0.03,0.23
-9.8162e-02,0.045,-0.055
-9.8160e-02,0.055,0.21
-9.8158e-02,0.195,-0.065
-9.8157e-02,0.115,0.22
-9.8155e-02,0.155,-0.07
-9.8154e-02,0.065,0.215
-9.8152e-02,0.05,-0.065
-9.8150e-02,0.09,0.215
-9.8149e-02,-0.015,-0.06
-9.8147e-02,0.12,0.205
-9.8146e-02,0.085,-0.055
-9.8144e-02,0.045,0.205
-9.8142e-02,0.13,-0.085
-9.8141e-02,-0.01,0.23
-9.8139e-02,0.145,-0.07
-9.8138e-02,0.12,0.22
-9.8136e-02,0.165,-0.1
-9.8134e-02,0.075,0.25
-9.8133e-02,0.085,-0.11
-9.8131e-02,0.01,0.265
-9.8130e-02,0,-0.085
-9.8128e-02,0.03,0.24
-9.8126e-02,0.135,-0.055
-9.8125e-02,0.125,0.21
-9.8123e-02,0.215,-0.075
-9.8122e-02,0.105,0.23
-9.8120e-02,0.065,-0.06
-9.8118e-02,0.115,0.22
-9.8117e-02,0.05,-0.065
-9.8115e-02,0.035,0.225
-9.8114e-02,0.06,-0.055
-9.8112e-02,0.005,0.215
-9.8110e-02,0.035,-0.075
-9.8109e-02,-0.03,0.23
-9.8107e-02,0.055,-0.055
-9.8106e-02,0.025,0.215
-9.8104e-02,0.13,-0.08
-9.8102e-02,0.115,0.235
-9.8101e-02,0.12,-0.07
-9.8099e-02,0.095,0.225
-9.8098e-02,0.11,-0.055
-9.8096e-02,0.13,0.215
-9.8094e-02,0.08,-0.07
-9.8093e-02,0.155,0.235
-9.8091e-02,0.14,-0.075
-9.8090e-02,0.05,0.23
-9.8088e-02,0.16,-0.075
-9.8086e-02,0.025,0.24
-9.8085e-02,0.15,-0.07
-9.8083e-02,0.075,0.235
-9.8082e-02,0.09,-0.055
-9.8080e-02,0,0.22
-9.8078e-02,0.045,-0.065
-9.8077e-02,0.08,0.23
-9.8075e-02,0.07,-0.055
-9.8074e-02,0.125,0.22
-9.8072e-02,0.145,-0.065
-9.8070e-02,0.085,0.215
-9.8069e-02,0.12,-0.05
-9.8067e-02,0.03,0.215
-9.8066e-02,0.085,-0.06
-9.8064e-02,0.105,0.225
-9.8062e-02,0.105,-0.06
-9.8061e-02,0.125,0.215
-9.8059e-02,0.05,-0.065
-9.8058e-02,0.095,0.24
-9.8056e-02,0.06,-0.045
-9.8054e-02,0.045,0.215
-9.8053e-02,0.1,-0.08
-9.8051e-02,0.11,0.25
-9.8050e-02,0.105,-0.07
-9.8048e-02,0.095,0.235
-9.8046e-02,0.04,-0.055
-9.8045e-02,0.115,0.23
-9.8043e-02,0.09,-0.07
-9.8042e-02,0.155,0.24
-9.8040e-02,0.02,-0.05
-9.8038e-02,0.13,0.22
-9.8037e-02,0.015,-0.08
-9.8035e-02,0.085,0.245
-9.8034e-02,0.08,-0.06
-9.8032e-02,0.115,0.225
-9.8030e-02,0.14,-0.09
-9.8029e-02,0.14,0.255
-9.8027e-02,0.105,-0.065
-9.8026e-02,0.165,0.235
-9.8024e-02,0.085,-0.08
-9.8022e-02,0.155,0.25
-9.8021e-02,-0.03,-0.055
-9.8019e-02,0.12,0.22
-9.8018e-02,0.015,-0.06
-9.8016e-02,0.05,0.225
-9.8014e-02,0.09,-0.08
-9.8013e-02,0.06,0.25
-9.8011e-02,0.075,-0.055
-9.8010e-02,0.12,0.22
-9.8008e-02,0.1,-0.045
-9.8006e-02,0.015,0.22
-9.8005e-02,0.12,-0.08
-9.8003e-02,0.07,0.245
-9.8002e-02,0.065,-0.06
-9.8000e-02,0.055,0.225
-9.7998e-02,0.01,-0.11
-9.7997e-02,0.1,0.265
-9.7995e-02,0.08,-0.06
-9.7994e-02,0.16,0.22
-9.7992e-02,0.14,-0.08
-9.7990e-02,0.095,0.23
-9.7989e-02,0.115,-0.065
-9.7987e-02,0.02,0.23
-9.7986e-02,0.08,-0.07
-9.7984e-02,0.1,0.23
-9.7982e-02,0.095,-0.07
-9.7981e-02,0.06,0.235
-9.7979e-02,0.035,-0.05
-9.7978e-02,0.04,0.215
-9.7976e-02,0.09,-0.07
-9.7974e-02,0.05,0.225
-9.7973e-02,0.075,-0.055
-9.7971e-02,0.035,0.215
-9.7970e-02,0.05,-0.085
-9.7968e-02,0.04,0.25
-9.7966e-02,0.045,-0.06
-9.7965e-02,0.1,0.22
-9.7963e-02,0.095,-0.075
-9.7962e-02,0.08,0.245
-9.7960e-02,0.08,-0.055
-9.7958e-02,0.02,0.215
-9.7957e-02,0.1,-0.08
-9.7955e-02,0.11,0.245
-9.7954e-02,0.145,-0.07
-9.7952e-02,0.05,0.24
-9.7950e-02,0.13,-0.06
-9.7949e-02,0.06,0.235
-9.7947e-02,0.04,-0.065
-9.7946e-02,0.06,0.23
-9.7944e-02,0.09,-0.06
-9.7942e-02,0.05,0.23
-9.7941e-02,0.105,-0.095
-9.7939e-02,0.065,0.27
-9.7938e-02,0.045,-0.09
-9.7936e-02,0.135,0.25
-9.7934e-02,0.11,-0.07
-9.7933e-02,0.08,0.245
-9.7931e-02,0.06,-0.06
-9.7930e-02,0.065,0.23
-9.7928e-02,0.105,-0.065
-9.7926e-02,0.06,0.23
-9.7925e-02,0.135,-0.095
-9.7923e-02,0.1,0.265
-9.7922e-02,0.075,-0.05
-9.7920e-02,-0.045,0.225
-9.7918e-02,0.08,-0.065
-9.7917e-02,0.055,0.235
-9.7915e-02,0.105,-0.065
-9.7914e-02,0.12,0.24
-9.7912e-02,0.065,-0.06
-9.7910e-02,0.035,0.23
-9.7909e-02,0.025,-0.06
-9.7907e-02,0.085,0.235
-9.7906e-02,0.05,-0.045
-9.7904e-02,0.11,0.215
-9.7902e-02,0.19,-0.055
-9.7901e-02,0.125,0.23
-9.7899e-02,0.125,-0.065
-9.7898e-02,0.035,0.24
-9.7896e-02,0.135,-0.06
-9.7894e-02,0.08,0.23
-9.7893e-02,0.04,-0.075
-9.7891e-02,0.025,0.255
-9.7890e-02,0.035,-0.06
-9.7888e-02,-0.015,0.23
-9.7886e-02,0,-0.045
-9.7885e-02,0.07,0.22
-9.7883e-02,0.165,-0.05
-9.7882e-02,0.135,0.225
-9.7880e-02,0.155,-0.045
-9.7878e-02,0.145,0.225
-9.7877e-02,0.105,-0.06
-9.7875e-02,0.09,0.235
-9.7874e-02,0.105,-0.07
-9.7872e-02,0.005,0.25
-9.7870e-02,0.055,-0.07
-9.7869e-02,0.05,0.24
-9.7867e-02,0.075,-0.045
-9.7866e-02,0.075,0.23
-9.7864e-02,0.135,-0.065
-9.7862e-02,0.145,0.24
-9.7861e-02,0.07,-0.035
-9.7859e-02,0.08,0.22
-9.7858e-02,0.095,-0.06
-9.7856e-02,0.125,0.24
-9.7854e-02,0.005,-0.045
-9.7853e-02,0.05,0.225
-9.7851e-02,0.05,-0.065
-9.7850e-02,-0.005,0.25
-9.7848e-02,0.11,-0.07
-9.7846e-02,0.085,0.24
-9.7845e-02,0.195,-0.05
-9.7843e-02,0.13,0.23
-9.7842e-02,0.12,-0.055
-9.7840e-02,0.105,0.23
-9.7838e-02,0.01,-0.07
-9.7837e-02,0.045,0.25
-9.7835e-02,0.09,-0.06
-9.7834e-02,0.095,0.24
-9.7832e-02,0.08,-0.04
-9.7830e-02,0.1,0.225
-9.7829e-02,0.14,-0.05
-9.7827e-02,0.075,0.225
-9.7826e-02,0.165,-0.05
-9.7824e-02,0.19,0.23
-9.7822e-02,0.17,-0.06
-9.7821e-02,0.11,0.235
-9.7819e-02,0.135,-0.075
-9.7818e-02,0.12,0.255
-9.7816e-02,0.1,-0.065
-9.7814e-02,0.135,0.25
-9.7813e-02,0.06,-0.065
-9.7811e-02,0.095,0.255
-9.7810e-02,0.06,-0.065
-9.7808e-02,0.155,0.245
-9.7806e-02,0.09,-0.055
-9.7805e-02,0.16,0.24
-9.7803e-02,0.16,-0.045
-9.7802e-02,0.13,0.225
-9.7800e-02,0.03,-0.07
-9.7798e-02,0.13,0.245
-9.7797e-02,0.09,-0.055
-9.7795e-02,0.065,0.235
-9.7794e-02,0.075,-0.05
-9.7792e-02,0.075,0.23
-9.7790e-02,-0.02,-0.05
-9.7789e-02,0.105,0.23
-9.7787e-02,0.09,-0.045
-9.7786e-02,0.125,0.225
-9.7784e-02,0.155,-0.045
-9.7782e-02,0.19,0.225
-9.7781e-02,0.095,-0.03
-9.7779e-02,0.05,0.215
-9.7778e-02,0.105,-0.07
-9.7776e-02,0.085,0.24
-9.7774e-02,0.075,-0.045
-9.7773e-02,0.13,0.24
-9.7771e-02,0.015,-0.055
-9.7770e-02,0.12,0.235
-9.7768e-02,0.1,-0.06
-9.7766e-02,0.095,0.24
-9.7765e-02,0.14,-0.065
-9.7763e-02,0.165,0.245
-9.7762e-02,0.04,-0.075
-9.7760e-02,0.07,0.255
-9.7758e-02,0,-0.035
-9.7757e-02,0.08,0.215
-9.7755e-02,0.02,-0.055
-9.7754e-02,0.11,0.23
-9.7752e-02,0.065,-0.035
-9.7750e-02,0.105,0.22
-9.7749e-02,0.15,-0.05
-9.7747e-02,0.14,0.23
-9.7746e-02,0.095,-0.06
-9.7744e-02,0.12,0.235
-9.7742e-02,0.085,-0.05
-9.7741e-02,0.07,0.235
-9.7739e-02,0.01,-0.06
-9.7738e-02,0.05,0.245
-9.7736e-02,0.015,-0.065
-9.7734e-02,0.05,0.25
-9.7733e-02,-0.02,-0.045
-9.7731e-02,0.02,0.22
-9.7730e-02,0.05,-0.045
-9.7728e-02,0.125,0.23
-9.7726e-02,0.095,-0.055
-9.7725e-02,0.06,0.23
-9.7723e-02,0.115,-0.055
-9.7722e-02,0.04,0.235
-9.7720e-02,0.055,-0.075
-9.7718e-02,0.06,0.255
-9.7717e-02,0.025,-0.045
-9.7715e-02,0.08,0.225
-9.7714e-02,0.03,-0.045
-9.7712e-02,0.08,0.23
-9.7710e-02,0.15,-0.035
-9.7709e-02,0.11,0.225
-9.7707e-02,0.115,-0.04
-9.7706e-02,0.05,0.225
-9.7704e-02,0.08,-0.045
-9.7702e-02,0.06,0.235
-9.7701e-02,0.06,-0.08
-9.7699e-02,0.09,0.265
-9.7698e-02,0.08,-0.055
-9.7696e-02,0.095,0.24
-9.7694e-02,0.08,-0.065
-9.7693e-02,0.085,0.25
-9.7691e-02,0.115,-0.08
-9.7690e-02,0.135,0.26
-9.7688e-02,0.155,-0.095
-9.7686e-02,0.08,0.28
-9.7685e-02,0.095,-0.06
-9.7683e-02,0.12,0.25
-9.7682e-02,0.105,-0.05
-9.7680e-02,0.115,0.23
-9.7678e-02,0.055,-0.065
-9.7677e-02,-0.035,0.25
-9.7675e-02,0.105,-0.055
-9.7674e-02,0.125,0.25
-9.7672e-02,0.115,-0.05
-9.7670e-02,0.15,0.245
-9.7669e-02,0.14,-0.055
-9.7667e-02,0.055,0.25
-9.7666e-02,0.05,-0.06
-9.7664e-02,0.03,0.255
-9.7662e-02,0.13,-0.075
-9.7661e-02,0.015,0.27
-9.7659e-02,0.085,-0.05
-9.7658e-02,0.1,0.24
-9.7656e-02,0.085,-0.045
-9.7654e-02,0.18,0.24
-9.7653e-02,0.13,-0.05
-9.7651e-02,0.105,0.235
-9.7650e-02,0.07,-0.05
-9.7648e-02,0.19,0.235
-9.7646e-02,0.02,-0.06
-9.7645e-02,0.08,0.255
-9.7643e-02,0.055,-0.035
-9.7642e-02,0.05,0.225
-9.7640e-02,0.05,-0.04
-9.7638e-02,0.06,0.24
-9.7637e-02,0.165,-0.055
-9.7635e-02,0.145,0.25
-9.7634e-02,0.09,-0.09
-9.7632e-02,0.12,0.285
-9.7630e-02,0.11,-0.09
-9.7629e-02,0.105,0.285
-9.7627e-02,0.16,-0.05
-9.7626e-02,0.14,0.25
-9.7624e-02,0.03,-0.055
-9.7622e-02,0.085,0.245
-9.7621e-02,0.055,-0.03
-9.7619e-02,0.08,0.23
-9.7618e-02,0.065,-0.05
-9.7616e-02,0.13,0.245
-9.7614e-02,0.055,-0.05
-9.7613e-02,0.07,0.24
-9.7611e-02,0.145,-0.05
-9.7610e-02,0.18,0.245
-9.7608e-02,0.055,-0.065
-9.7606e-02,0.105,0.26
-9.7605e-02,0.05,-0.065
-9.7603e-02,0.095,0.255
-9.7602e-02,0.115,-0.06
-9.7600e-02,0.065,0.255
-9.7598e-02,0.04,-0.075
-9.7597e-02,0.025,0.265
-9.7595e-02,0.115,-0.05
-9.7594e-02,0.07,0.24
-9.7592e-02,0.06,-0.1
-9.7590e-02,0.1,0.285
-9.7589e-02,0.045,-0.045
-9.7587e-02,0.13,0.24
-9.7586e-02,0.175,-0.055
-9.7584e-02,0.155,0.245
-9.7582e-02,0.19,-0.06
-9.7581e-02,0.045,0.255
-9.7579e-02,0.095,-0.06
-9.7578e-02,0.07,0.245
-9.7576e-02,0.08,-0.06
-9.7574e-02,0.05,0.255
-9.7573e-02,0.1,-0.045
-9.7571e-02,0.035,0.235
-9.7570e-02,0.15,-0.055
-9.7568e-02,0.19,0.255
-9.7566e-02,0.095,-0.08
-9.7565e-02,0.075,0.27
-9.7563e-02,0.095,-0.055
-9.7562e-02,0.015,0.25
-9.7560e-02,0.15,-0.045
-9.7558e-02,0.135,0.235
-9.7557e-02,0.12,-0.04
-9.7555e-02,0.15,0.235
-9.7554e-02,0.115,-0.055
-9.7552e-02,0.07,0.25
-9.7550e-02,0.13,-0.08
-9.7549e-02,0.07,0.275
-9.7547e-02,0.06,-0.045
-9.7546e-02,0.095,0.24
-9.7544e-02,0.165,-0.055
-9.7542e-02,0.145,0.245
-9.7541e-02,0.08,-0.07
-9.7539e-02,0.09,0.27
-9.7538e-02,0.09,-0.07
-9.7536e-02,0.15,0.265
-9.7534e-02,0.175,-0.055
-9.7533e-02,0.125,0.26
-9.7531e-02,0.05,-0.08
-9.7530e-02,0.15,0.275
-9.7528e-02,0.075,-0.075
-9.7526e-02,0.115,0.265
-9.7525e-02,0.145,-0.035
-9.7523e-02,0.08,0.23
-9.7522e-02,0.1,-0.07
-9.7520e-02,0.105,0.28
-9.7518e-02,0.01,-0.07
-9.7517e-02,0.135,0.265
-9.7515e-02,0.015,-0.055
-9.7514e-02,0.035,0.25
-9.7512e-02,0.02,-0.045
-9.7510e-02,0.115,0.24
-9.7509e-02,0.1,-0.03
-9.7507e-02,0.16,0.23
-9.7506e-02,0.04,-0.06
-9.7504e-02,0.075,0.265
-9.7502e-02,0.085,-0.06
-9.7501e-02,0.05,0.26
-9.7499e-02,0.065,-0.05
-9.7498e-02,0.085,0.255
-9.7496e-02,0.02,-0.08
-9.7494e-02,0.105,0.285
-9.7493e-02,0.06,-0.055
-9.7491e-02,0.195,0.26
-9.7490e-02,0.115,-0.025
-9.7488e-02,0.14,0.235
-9.7486e-02,0.09,-0.03
-9.7485e-02,0.11,0.235
-9.7483e-02,0.215,-0.05
-9.7482e-02,0.12,0.255
-9.7480e-02,0.095,-0.055
-9.7478e-02,0.08,0.26
-9.7477e-02,0.01,-0.03
-9.7475e-02,0.105,0.23
-9.7474e-02,0.11,-0.055
-9.7472e-02,0.09,0.26
-9.7470e-02,0.17,-0.06
-9.7469e-02,0.195,0.27
-9.7467e-02,0.115,-0.03
-9.7466e-02,0.135,0.24
-9.7464e-02,0.105,-0.035
-9.7462e-02,0.09,0.25
-9.7461e-02,0.06,-0.04
-9.7459e-02,0.04,0.25
-9.7458e-02,0.105,-0.04
-9.7456e-02,0.155,0.24
-9.7454e-02,0.18,-0.055
-9.7453e-02,0.095,0.26
-9.7451e-02,0.09,-0.05
-9.7450e-02,0.065,0.26
-9.7448e-02,0.05,-0.07
-9.7446e-02,0.135,0.275
-9.7445e-02,0.12,-0.035
-9.7443e-02,0.115,0.24
-9.7442e-02,0.165,-0.045
-9.7440e-02,0.07,0.25
-9.7438e-02,0.09,-0.025
-9.7437e-02,0.115,0.24
-9.7435e-02,0.08,-0.03
-9.7434e-02,0.01,0.24
-9.7432e-02,0.1,-0.05
-9.7430e-02,0.075,0.26
-9.7429e-02,0.19,-0.035
-9.7427e-02,0.105,0.25
-9.7426e-02,0.08,-0.055
-9.7424e-02,0.05,0.26
-9.7422e-02,0.06,-0.04
-9.7421e-02,0.085,0.25
-9.7419e-02,0.105,-0.03
-9.7418e-02,0.15,0.245
-9.7416e-02,0.14,-0.035
-9.7414e-02,0.13,0.245
-9.7413e-02,0.12,-0.045
-9.7411e-02,0.185,0.25
-9.7410e-02,0.12,-0.04
-9.7408e-02,0.17,0.255
-9.7406e-02,0.045,-0.045
-9.7405e-02,0.035,0.25
-9.7403e-02,0.075,-0.06
-9.7402e-02,0.09,0.265
-9.7400e-02,0.025,-0.035
-9.7398e-02,0.115,0.24
-9.7397e-02,0.04,-0.03
-9.7395e-02,0.195,0.24
-9.7394e-02,0.19,-0.03
-9.7392e-02,0.125,0.23
-9.7390e-02,0.14,-0.045
-9.7389e-02,0.06,0.245
-9.7387e-02,0.02,-0.035
-9.7386e-02,0.065,0.24
-9.7384e-02,0.09,-0.03
-9.7382e-02,0.035,0.235
-9.7381e-02,0.125,-0.045
-9.7379e-02,0.04,0.25
-9.7378e-02,0.11,-0.05
-9.7376e-02,0.175,0.245
-9.7374e-02,0.18,-0.045
-9.7373e-02,0.075,0.245
-9.7371e-02,0.075,-0.055
-9.7370e-02,0.08,0.265
-9.7368e-02,0.13,-0.04
-9.7366e-02,0.095,0.235
-9.7365e-02,0.135,-0.065
-9.7363e-02,0.075,0.27
-9.7362e-02,0.11,-0.045
-9.7360e-02,0.07,0.255
-9.7358e-02,0.09,-0.07
-9.7357e-02,0.06,0.275
-9.7355e-02,0.1,-0.055
-9.7354e-02,0.01,0.255
-9.7352e-02,0.095,-0.04
-9.7350e-02,0.125,0.25
-9.7349e-02,0.11,-0.045
-9.7347e-02,0.065,0.255
-9.7346e-02,0.035,-0.035
-9.7344e-02,0.015,0.235
-9.7342e-02,0.11,-0.065
-9.7341e-02,0.11,0.275
-9.7339e-02,0.12,-0.025
-9.7338e-02,0.12,0.24
-9.7336e-02,0.195,-0.055
-9.7334e-02,0.21,0.26
-9.7333e-02,0.125,-0.055
-9.7331e-02,0.195,0.255
-9.7330e-02,0.005,-0.035
-9.7328e-02,0.135,0.245
-9.7326e-02,0.075,-0.04
-9.7325e-02,0.095,0.245
-9.7323e-02,0.135,-0.045
-9.7322e-02,0.145,0.255
-9.7320e-02,0.08,-0.045
-9.7318e-02,0.155,0.26
-9.7317e-02,0.145,-0.04
-9.7315e-02,0.24,0.25
-9.7314e-02,0.11,-0.03
-9.7312e-02,0.115,0.245
-9.7310e-02,0.095,-0.05
-9.7309e-02,0.09,0.26
-9.7307e-02,0.16,-0.065
-9.7306e-02,0.065,0.28
-9.7304e-02,0.06,-0.065
-9.7302e-02,0.105,0.275
-9.7301e-02,0.115,-0.055
-9.7299e-02,0.095,0.27
-9.7298e-02,0.105,-0.065
-9.7296e-02,0.12,0.285
-9.7294e-02,0.085,-0.06
-9.7293e-02,0.095,0.27
-9.7291e-02,0.17,-0.04
-9.7290e-02,0.075,0.265
-9.7288e-02,0.045,-0.07
-9.7286e-02,0.1,0.275
-9.7285e-02,0.04,-0.05
-9.7283e-02,0.12,0.26
-9.7282e-02,0.105,-0.05
-9.7280e-02,0.12,0.265
-9.7278e-02,0.125,-0.08
-9.7277e-02,0.185,0.305
-9.7275e-02,0.105,-0.045
-9.7274e-02,0.085,0.26
-9.7272e-02,-0.01,-0.02
-9.7270e-02,0.105,0.25
-9.7269e-02,0.065,-0.03
-9.7267e-02,0.21,0.25
-9.7266e-02,0.14,-0.05
-9.7264e-02,0.14,0.27
-9.7262e-02,0,-0.05
-9.7261e-02,0.145,0.26
-9.7259e-02,0.06,-0.045
-9.7258e-02,0.13,0.275
-9.7256e-02,0.125,-0.025
-9.7254e-02,0.145,0.25
-9.7253e-02,0.15,-0.025
-9.7251e-02,0.145,0.255
-9.7250e-02,0.125,-0.025
-9.7248e-02,0.065,0.25
-9.7246e-02,0.075,-0.045
-9.7245e-02,0.13,0.27
-9.7243e-02,0.13,-0.035
-9.7242e-02,0.11,0.27
-9.7240e-02,0.085,-0.035
-9.7238e-02,0.135,0.26
-9.7237e-02,0.13,-0.04
-9.7235e-02,0.215,0.255
-9.7234e-02,0.035,-0.055
-9.7232e-02,0.18,0.28
-9.7230e-02,0.1,-0.04
-9.7229e-02,0.22,0.265
-9.7227e-02,0.14,-0.03
-9.7226e-02,0.15,0.25
-9.7224e-02,0.11,-0.04
-9.7222e-02,0.245,0.265
-9.7221e-02,0.125,-0.045
-9.7219e-02,0.13,0.27
-9.7218e-02,0.045,-0.04
-9.7216e-02,0.105,0.26
-9.7214e-02,0.065,-0.03
-9.7213e-02,0.07,0.25
-9.7211e-02,0.025,-0.03
-9.7210e-02,0.035,0.245
-9.7208e-02,0.085,-0.035
-9.7206e-02,0.08,0.255
-9.7205e-02,0.105,-0.055
-9.7203e-02,0.125,0.28
-9.7202e-02,0.085,-0.04
-9.7200e-02,0.04,0.26
-9.7198e-02,0.125,-0.045
-9.7197e-02,0.09,0.265
-9.7195e-02,0.14,-0.05
-9.7194e-02,0.085,0.26
-9.7192e-02,0.12,-0.055
-9.7190e-02,0.165,0.275
-9.7189e-02,0.07,-0.04
-9.7187e-02,0.075,0.255
-9.7186e-02,0.105,-0.045
-9.7184e-02,0.115,0.26
-9.7182e-02,0.115,-0.035
-9.7181e-02,0.115,0.255
-9.7179e-02,0.05,-0.035
-9.7178e-02,0.1,0.25
-9.7176e-02,0.14,-0.04
-9.7174e-02,0.045,0.26
-9.7173e-02,0.055,-0.035
-9.7171e-02,0.12,0.25
-9.7170e-02,0.15,-0.045
-9.7168e-02,0.205,0.265
-9.7166e-02,0.13,-0.045
-9.7165e-02,0.08,0.26
-9.7163e-02,0.05,-0.04
-9.7162e-02,0.16,0.26
-9.7160e-02,0.125,-0.075
-9.7158e-02,0.13,0.295
-9.7157e-02,0.1,-0.05
-9.7155e-02,0.11,0.27
-9.7154e-02,0.12,-0.05
-9.7152e-02,0.055,0.27
-9.7150e-02,0.08,-0.04
-9.7149e-02,0.06,0.265
-9.7147e-02,0.085,-0.05
-9.7146e-02,0.11,0.27
-9.7144e-02,0.16,-0.045
-9.7142e-02,0.12,0.27
-9.7141e-02,0.1,-0.04
-9.7139e-02,0.155,0.265
-9.7138e-02,0.08,-0.035
-9.7136e-02,0.14,0.26
-9.7134e-02,0.045,-0.035
-9.7133e-02,0.095,0.265
-9.7131e-02,0.075,-0.065
-9.7130e-02,0.205,0.3
-9.7128e-02,0.05,-0.05
-9.7126e-02,0.15,0.27
-9.7125e-02,0.05,-0.03
-9.7123e-02,0.13,0.26
-9.7122e-02,0.08,-0.025
-9.7120e-02,0.025,0.25
-9.7118e-02,0.09,-0.025
-9.7117e-02,0.06,0.245
-9.7115e-02,0.125,-0.03
-9.7114e-02,0.075,0.265
-9.7112e-02,0.01,-0.045
-9.7110e-02,0.05,0.28
-9.7109e-02,0.115,-0.03
-9.7107e-02,0.165,0.27
-9.7106e-02,0.1,-0.025
-9.7104e-02,0.09,0.26
-9.7102e-02,0.065,-0.025
-9.7101e-02,0.075,0.265
-9.7099e-02,0.125,-0.02
-9.7098e-02,0.17,0.255
-9.7096e-02,0.065,-0.035
-9.7094e-02,0.11,0.27
-9.7093e-02,0.11,-0.03
-9.7091e-02,0.13,0.27
-9.7090e-02,0.13,-0.035
-9.7088e-02,0.15,0.275
-9.7086e-02,0.155,-0.045
-9.7085e-02,0.21,0.285
-9.7083e-02,0.16,-0.06
-9.7082e-02,0.185,0.295
-9.7080e-02,0.115,-0.04
-9.7078e-02,0.1,0.275
-9.7077e-02,0.15,-0.04
-9.7075e-02,0.125,0.275
-9.7074e-02,0.06,-0.035
-9.7072e-02,0.085,0.28
-9.7070e-02,0.055,-0.035
-9.7069e-02,0.17,0.27
-9.7067e-02,0.08,-0.055
-9.7066e-02,0.03,0.28
-9.7064e-02,0.115,-0.025
-9.7062e-02,0.08,0.265
-9.7061e-02,0.16,-0.01
-9.7059e-02,0.07,0.245
-9.7058e-02,0.075,-0.025
-9.7056e-02,0.095,0.255
-9.7054e-02,0.095,-0.055
-9.7053e-02,0.135,0.28
-9.7051e-02,0.075,-0.035
-9.7050e-02,0.145,0.27
-9.7048e-02,0.115,-0.045
-9.7046e-02,0.18,0.275
-9.7045e-02,0.175,-0.025
-9.7043e-02,0.085,0.255
-9.7042e-02,0.145,-0.035
-9.7040e-02,0.075,0.265
-9.7038e-02,0.105,-0.04
-9.7037e-02,0.09,0.27
-9.7035e-02,0.09,-0.045
-9.7034e-02,0.085,0.27
-9.7032e-02,0.12,-0.035
-9.7030e-02,0.16,0.26
-9.7029e-02,0.095,-0.035
-9.7027e-02,0.1,0.275
-9.7026e-02,0.115,-0.04
-9.7024e-02,0.18,0.27
-9.7022e-02,0.135,-0.025
-9.7021e-02,0.125,0.255
-9.7019e-02,0.095,-0.03
-9.7018e-02,0.15,0.265
-9.7016e-02,0.145,-0.035
-9.7014e-02,0.11,0.26
-9.7013e-02,0.06,-0.025
-9.7011e-02,0.05,0.25
-9.7010e-02,0.12,-0.025
-9.7008e-02,0.115,0.25
-9.7006e-02,0.095,-0.035
-9.7005e-02,0.065,0.265
-9.7003e-02,0.105,-0.06
-9.7002e-02,0.12,0.285
-9.7000e-02,0.1,-0.02
-9.6998e-02,0.125,0.255
-9.6997e-02,0.055,-0.03
-9.6995e-02,0.075,0.26
-9.6994e-02,0.16,-0.035
-9.6992e-02,0.075,0.26
-9.6990e-02,0.1,-0.03
-9.6989e-02,0.125,0.26
-9.6987e-02,0.14,-0.03
-9.6986e-02,0.065,0.265
-9.6984e-02,0.23,-0.06
-9.6982e-02,0.085,0.295
-9.6981e-02,0.1,-0.025
-9.6979e-02,0.11,0.26
-9.6978e-02,0.14,-0.035
-9.6976e-02,0.095,0.27
-9.6974e-02,0.14,-0.035
-9.6973e-02,0.045,0.27
-9.6971e-02,0.19,-0.035
-9.6970e-02,0.135,0.265
-9.6968e-02,0.125,-0.005
-9.6966e-02,0.14,0.245
-9.6965e-02,0.12,-0.02
-9.6963e-02,0.155,0.255
-9.6962e-02,0.25,-0.015
-9.6960e-02,0.13,0.25
-9.6958e-02,0.07,-0.035
-9.6957e-02,0.07,0.27
-9.6955e-02,0.085,-0.02
-9.6954e-02,0.085,0.255
-9.6952e-02,0.135,-0.03
-9.6950e-02,0.135,0.275
-9.6949e-02,0.155,-0.02
-9.6947e-02,0.155,0.265
-9.6946e-02,0.165,-0.025
-9.6944e-02,0.215,0.27
-9.6942e-02,0.22,-0.05
-9.6941e-02,0.115,0.295
-9.6939e-02,0.13,-0.015
-9.6938e-02,0.195,0.26
-9.6936e-02,0.18,-0.015
-9.6934e-02,0.14,0.26
-9.6933e-02,0.115,-0.02
-9.6931e-02,0.17,0.26
-9.6930e-02,0.125,-0.05
-9.6928e-02,0.185,0.295
-9.6926e-02,0.075,-0.015
-9.6925e-02,0.055,0.255
-9.6923e-02,0.11,-0.025
-9.6922e-02,0.06,0.27
-9.6920e-02,0.11,-0.015
-9.6918e-02,0.09,0.265
-9.6917e-02,0.105,-0.045
-9.6915e-02,0.135,0.29
-9.6914e-02,0.145,-0.045
-9.6912e-02,0.145,0.29
-9.6910e-02,0.14,-0.015
-9.6909e-02,0.06,0.26
-9.6907e-02,0.095,-0.035
-9.6906e-02,-0.005,0.28
-9.6904e-02,0.185,-0.03
-9.6902e-02,0.1,0.275
-9.6901e-02,0.09,-0.075
-9.6899e-02,0.095,0.32
-9.6898e-02,0.18,-0.02
-9.6896e-02,0.135,0.27
-9.6894e-02,0.17,-0.055
-9.6893e-02,0.005,0.3
-9.6891e-02,0.145,-0.025
-9.6890e-02,0.07,0.265
-9.6888e-02,0.11,-0.025
-9.6886e-02,0.125,0.275
-9.6885e-02,0.17,-0.04
-9.6883e-02,0.105,0.28
-9.6882e-02,0.19,-0.005
-9.6880e-02,0.12,0.245
-9.6878e-02,0.09,-0.015
-9.6877e-02,0.08,0.26
-9.6875e-02,0.07,-0.01
-9.6874e-02,0.14,0.255
-9.6872e-02,0.14,-0.02
-9.6870e-02,0.21,0.265
-9.6869e-02,0.145,-0.02
-9.6867e-02,0.04,0.265
-9.6866e-02,0.14,-0.035
-9.6864e-02,0.135,0.285
-9.6862e-02,0.13,-0.005
-9.6861e-02,0.025,0.245
-9.6859e-02,0.125,-0.02
-9.6858e-02,0.14,0.275
-9.6856e-02,0.145,-0.005
-9.6854e-02,0.125,0.25
-9.6853e-02,0.195,-0.025
-9.6851e-02,0.08,0.275
-9.6850e-02,0.15,-0.03
-9.6848e-02,0.09,0.285
-9.6846e-02,0.1,-0.04
-9.6845e-02,0.045,0.28
-9.6843e-02,0.11,-0.03
-9.6842e-02,0.065,0.27
-9.6840e-02,0.105,-0.035
-9.6838e-02,0.16,0.275
-9.6837e-02,0.075,-0.04
-9.6835e-02,0.155,0.285
-9.6834e-02,0.09,-0.02
-9.6832e-02,0.18,0.26
-9.6830e-02,0.095,-0.01
-9.6829e-02,0.075,0.25
-9.6827e-02,0.065,-0.025
-9.6826e-02,0.095,0.27
-9.6824e-02,0.14,-0.01
-9.6822e-02,0.2,0.26
-9.6821e-02,0.03,-0.045
-9.6819e-02,0.175,0.29
-9.6818e-02,0.125,-0.025
-9.6816e-02,0.135,0.27
-9.6814e-02,0.065,-0.025
-9.6813e-02,0.135,0.27
-9.6811e-02,0.05,-0.03
-9.6810e-02,0.205,0.275
-9.6808e-02,0.085,-0.045
-9.6806e-02,0.16,0.295
-9.6805e-02,0.19,-0.05
-9.6803e-02,0.11,0.29
-9.6802e-02,0.12,-0.03
-9.6800e-02,0.165,0.275
-9.6798e-02,0.005,-0.045
-9.6797e-02,0.075,0.29
-9.6795e-02,0.045,-0.04
-9.6794e-02,0.095,0.285
-9.6792e-02,0.23,-0.065
-9.6790e-02,0.145,0.31
-9.6789e-02,0.095,-0.04
-9.6787e-02,0.19,0.28
-9.6786e-02,0.15,-0.045
-9.6784e-02,0.18,0.28
-9.6782e-02,0.145,-0.05
-9.6781e-02,0.135,0.29
-9.6779e-02,0.095,-0.035
-9.6778e-02,0.21,0.285
-9.6776e-02,0.045,-0.055
-9.6774e-02,0.12,0.3
-9.6773e-02,0.04,-0.025
-9.6771e-02,0.11,0.265
-9.6770e-02,0.17,-0.055
-9.6768e-02,0.04,0.305
-9.6766e-02,0.12,-0.065
-9.6765e-02,0.11,0.315
-9.6763e-02,0.055,-0.055
-9.6762e-02,0.18,0.305
-9.6760e-02,0.06,-0.045
-9.6758e-02,0.11,0.285
-9.6757e-02,0.075,-0.045
-9.6755e-02,0.15,0.285
-9.6754e-02,0.115,-0.02
-9.6752e-02,0.215,0.27
-9.6750e-02,0.105,-0.025
-9.6749e-02,0.15,0.265
-9.6747e-02,0.185,-0.06
-9.6746e-02,0.12,0.31
-9.6744e-02,0.16,-0.025
-9.6742e-02,0.05,0.28
-9.6741e-02,0.1,-0.02
-9.6739e-02,0.185,0.275
-9.6738e-02,0.11,-0.03
-9.6736e-02,0.1,0.285
-9.6734e-02,0.055,-0.015
-9.6733e-02,0.11,0.275
-9.6731e-02,0.15,-0.015
-9.6730e-02,0.185,0.27
-9.6728e-02,0.17,-0.03
-9.6726e-02,0.14,0.275
-9.6725e-02,0.16,-0.025
-9.6723e-02,0.105,0.28
-9.6722e-02,0.115,-0.03
-9.6720e-02,0.05,0.29
-9.6718e-02,0.12,-0.025
-9.6717e-02,0.17,0.275
-9.6715e-02,0.14,-0.055
-9.6714e-02,0.19,0.31
-9.6712e-02,0.07,-0.025
-9.6710e-02,0.15,0.285
-9.6709e-02,0.1,-0.02
-9.6707e-02,0.15,0.275
-9.6706e-02,0.065,-0.015
-9.6704e-02,0.065,0.27
-9.6702e-02,0.13,-0.005
-9.6701e-02,0.115,0.265
-9.6699e-02,0.115,-0.04
-9.6698e-02,0.115,0.305
-9.6696e-02,0.09,-0.02
-9.6694e-02,0.08,0.275
-9.6693e-02,0.21,-0.02
-9.6691e-02,0.025,0.28
-9.6690e-02,0.1,-0.005
-9.6688e-02,0.06,0.265
-9.6686e-02,0.105,-0.04
-9.6685e-02,0.115,0.305
-9.6683e-02,0.1,-0.055
-9.6682e-02,0.055,0.315
-9.6680e-02,0.14,-0.01
-9.6678e-02,0.11,0.27
-9.6677e-02,0.065,-0.035
-9.6675e-02,0.135,0.295
-9.6674e-02,0.09,-0.02
-9.6672e-02,0.14,0.295
-9.6670e-02,0.23,-0.045
-9.6669e-02,0.15,0.305
-9.6667e-02,0.195,-0.04
-9.6666e-02,0.105,0.295
-9.6664e-02,0.16,-0.025
-9.6662e-02,0.105,0.29
-9.6661e-02,0.085,-0.02
-9.6659e-02,0.07,0.29
-9.6658e-02,0.045,-0.025
-9.6656e-02,0.165,0.29
-9.6654e-02,0.145,-0.015
-9.6653e-02,0.11,0.28
-9.6651e-02,0.16,-0.025
-9.6650e-02,0.235,0.28
-9.6648e-02,0.2,-0.02
-9.6646e-02,0.185,0.285
-9.6645e-02,0.12,-0.025
-9.6643e-02,0.03,0.29
-9.6642e-02,0.145,-0.045
-9.6640e-02,0.07,0.3
-9.6638e-02,0.145,-0.04
-9.6637e-02,0.14,0.295
-9.6635e-02,0.17,-0.04
-9.6634e-02,0.165,0.295
-9.6632e-02,0.18,-0.03
-9.6630e-02,0.13,0.295
-9.6629e-02,0.1,-0.03
-9.6627e-02,0.145,0.285
-9.6626e-02,0.15,-0.035
-9.6624e-02,0.165,0.29
-9.6622e-02,0.145,-0.035
-9.6621e-02,0.085,0.295
-9.6619e-02,0.105,-0.045
-9.6618e-02,0.11,0.305
-9.6616e-02,0.225,-0.045
-9.6614e-02,0.15,0.3
-9.6613e-02,0.165,-0.015
-9.6611e-02,0.15,0.28
-9.6610e-02,0.225,-0.065
-9.6608e-02,0.085,0.315
-9.6606e-02,0.125,-0.025
-9.6605e-02,0.045,0.28
-9.6603e-02,0.105,-0.065
-9.6602e-02,0.16,0.32
-9.6600e-02,0.075,-0.015
-9.6598e-02,0.07,0.27
-9.6597e-02,0.1,-0.03
-9.6595e-02,0.14,0.29
-9.6594e-02,0.145,-0.03
-9.6592e-02,0.185,0.29
-9.6590e-02,0.12,-0.025
-9.6589e-02,0.19,0.285
-9.6587e-02,0.165,-0.03
-9.6586e-02,0.125,0.28
-9.6584e-02,0.195,-0.02
-9.6582e-02,0.075,0.28
-9.6581e-02,0.06,-0.03
-9.6579e-02,0.08,0.28
-9.6578e-02,0.115,-0.02
-9.6576e-02,0.095,0.28
-9.6574e-02,0.125,-0.045
-9.6573e-02,0.1,0.3
-9.6571e-02,0.1,-0.045
-9.6570e-02,0.24,0.3
-9.6568e-02,0.165,-0.065
-9.6566e-02,0.075,0.32
-9.6565e-02,0.165,-0.03
-9.6563e-02,0.08,0.285
-9.6562e-02,0.175,-0.035
-9.6560e-02,0.1,0.295
-9.6558e-02,0.105,-0.055
-9.6557e-02,0.11,0.325
-9.6555e-02,0.17,-0.02
-9.6554e-02,0.125,0.285
-9.6552e-02,0.15,-0.015
-9.6550e-02,0.06,0.275
-9.6549e-02,0.11,-0.03
-9.6547e-02,0.04,0.29
-9.6546e-02,0.11,-0.015
-9.6544e-02,0.075,0.285
-9.6542e-02,0.085,-0.035
-9.6541e-02,0.075,0.3
-9.6539e-02,0.165,-0.02
-9.6538e-02,0.205,0.285
-9.6536e-02,0.22,-0.03
-9.6534e-02,0.18,0.29
-9.6533e-02,0.135,-0.04
-9.6531e-02,0.14,0.3
-9.6530e-02,0.14,-0.03
-9.6528e-02,0.12,0.295
-9.6526e-02,0.06,-0.05
-9.6525e-02,0.15,0.32
-9.6523e-02,0.135,-0.03
-9.6522e-02,0.175,0.3
-9.6520e-02,0.155,-0.025
-9.6518e-02,0.035,0.305
-9.6517e-02,0.09,0
-9.6515e-02,0.02,0.27
-9.6514e-02,0.14,-0.01
-9.6512e-02,0.16,0.28
-9.6510e-02,0.185,-0.005
-9.6509e-02,0.135,0.27
-9.6507e-02,0.115,-0.025
-9.6506e-02,0.14,0.3
-9.6504e-02,0.12,-0.035
-9.6502e-02,0.02,0.305
-9.6501e-02,0.08,-0.03
-9.6499e-02,0.095,0.295
-9.6498e-02,0.155,-0.02
-9.6496e-02,0.235,0.285
-9.6494e-02,0.145,0
-9.6493e-02,0.235,0.27
-9.6491e-02,0.195,-0.025
-9.6490e-02,0.225,0.295
-9.6488e-02,0.18,-0.02
-9.6486e-02,0.155,0.29
-9.6485e-02,0.13,0
-9.6483e-02,0.12,0.27
-9.6482e-02,0.125,-0.03
-9.6480e-02,0.15,0.3
-9.6478e-02,0.15,-0.03
-9.6477e-02,0.17,0.295
-9.6475e-02,0.07,-0.03
-9.6474e-02,0.19,0.3
-9.6472e-02,0.21,-0.01
-9.6470e-02,0.215,0.285
-9.6469e-02,0.225,-0.02
-9.6467e-02,0.12,0.295
-9.6466e-02,0.18,-0.01
-9.6464e-02,0.145,0.29
-9.6462e-02,0.08,-0.02
-9.6461e-02,0.11,0.29
-9.6459e-02,0.1,0
-9.6458e-02,0.085,0.275
-9.6456e-02,0.22,-0.025
-9.6454e-02,0.14,0.3
-9.6453e-02,0.245,-0.04
-9.6451e-02,0.15,0.31
-9.6450e-02,0.135,-0.01
-9.6448e-02,0.19,0.28
-9.6446e-02,0.18,-0.02
-9.6445e-02,0.07,0.295
-9.6443e-02,0.12,-0.015
-9.6442e-02,0.005,0.29
-9.6440e-02,0.17,-0.035
-9.6438e-02,0.19,0.305
-9.6437e-02,0.12,-0.05
-9.6435e-02,0.215,0.315
-9.6434e-02,0.12,-0.005
-9.6432e-02,0.12,0.28
-9.6430e-02,0.195,-0.02
-9.6429e-02,0.155,0.295
-9.6427e-02,0.23,-0.03
-9.6426e-02,0.19,0.3
-9.6424e-02,0.055,-0.025
-9.6422e-02,0.13,0.3
-9.6421e-02,0.075,-0.015
-9.6419e-02,0.155,0.285
-9.6418e-02,0.175,-0.04
-9.6416e-02,0.085,0.315
-9.6414e-02,0.19,-0.02
-9.6413e-02,0.22,0.295
-9.6411e-02,0.205,-0.025
-9.6410e-02,0.155,0.3
-9.6408e-02,0.12,-0.04
-9.6406e-02,0.05,0.31
-9.6405e-02,0.075,-0.03
-9.6403e-02,0.055,0.305
-9.6402e-02,0.18,-0.035
-9.6400e-02,0.105,0.305
-9.6398e-02,0.15,-0.005
-9.6397e-02,0.13,0.27
-9.6395e-02,0.275,-0.025
-9.6394e-02,0.14,0.3
-9.6392e-02,0.215,0
-9.6390e-02,0.065,0.28
-9.6389e-02,0.08,-0.025
-9.6387e-02,0.13,0.295
-9.6386e-02,0.11,-0.025
-9.6384e-02,0.11,0.295
-9.6382e-02,0.175,-0.015
-9.6381e-02,0.07,0.295
-9.6379e-02,0.23,-0.015
-9.6378e-02,0.06,0.29
-9.6376e-02,0.26,-0.015
-9.6374e-02,0.185,0.3
-9.6373e-02,0.145,-0.025
-9.6371e-02,0.065,0.31
-9.6370e-02,0.125,-0.02
-9.6368e-02,0.13,0.295
-9.6366e-02,0.13,-0.005
-9.6365e-02,0.04,0.28
-9.6363e-02,0.095,-0.035
-9.6362e-02,0.055,0.315
-9.6360e-02,0.125,-0.005
-9.6358e-02,0.09,0.28
-9.6357e-02,0.11,-0.02
-9.6355e-02,0.14,0.3
-9.6354e-02,0.07,-0.05
-9.6352e-02,0.14,0.325
-9.6350e-02,0.15,-0.03
-9.6349e-02,0.16,0.305
-9.6347e-02,0.215,-0.05
-9.6346e-02,0.08,0.33
-9.6344e-02,0.225,-0.02
-9.6342e-02,0.195,0.3
-9.6341e-02,0.255,-0.04
-9.6339e-02,0.11,0.31
-9.6338e-02,0.14,-0.045
-9.6336e-02,0.115,0.33
-9.6334e-02,0.12,-0.04
-9.6333e-02,0.155,0.315
-9.6331e-02,0.125,-0.045
-9.6330e-02,0.21,0.33
-9.6328e-02,0.13,-0.015
-9.6326e-02,0.12,0.3
-9.6325e-02,0.095,-0.025
-9.6323e-02,0.12,0.305
-9.6322e-02,0.07,-0.045
-9.6320e-02,0.085,0.315
-9.6318e-02,0.195,-0.025
-9.6317e-02,0.125,0.305
-9.6315e-02,0.24,-0.06
-9.6314e-02,0.16,0.325
-9.6312e-02,0.12,-0.03
-9.6310e-02,0.095,0.315
-9.6309e-02,0.17,-0.02
-9.6307e-02,0.13,0.295
-9.6306e-02,0.195,-0.035
-9.6304e-02,0.12,0.315
-9.6302e-02,0.175,-0.02
-9.6301e-02,0.1,0.3
-9.6299e-02,0.195,-0.005
-9.6298e-02,0.14,0.29
-9.6296e-02,0.195,-0.03
-9.6294e-02,0.135,0.305
-9.6293e-02,0.15,-0.02
-9.6291e-02,0.165,0.29
-9.6290e-02,0.255,-0.015
-9.6288e-02,0.115,0.29
-9.6286e-02,0.09,-0.02
-9.6285e-02,0.11,0.31
-9.6283e-02,0.16,-0.04
-9.6282e-02,0.12,0.315
-9.6280e-02,0.105,-0.05
-9.6278e-02,0.16,0.335
-9.6277e-02,0.09,-0.015
-9.6275e-02,0.2,0.3
-9.6274e-02,0.12,-0.025
-9.6272e-02,0.17,0.31
-9.6270e-02,0.195,-0.015
-9.6269e-02,0.125,0.29
-9.6267e-02,0.095,-0.03
-9.6266e-02,0.19,0.315
-9.6264e-02,0.16,0
-9.6262e-02,0.11,0.285
-9.6261e-02,0.08,-0.025
-9.6259e-02,0.105,0.305
-9.6258e-02,0.035,0.005
-9.6256e-02,0.2,0.285
-9.6254e-02,0.12,-0.02
-9.6253e-02,0.14,0.295
-9.6251e-02,0.175,-0.015
-9.6250e-02,0.18,0.3
-9.6248e-02,0.14,-0.03
-9.6246e-02,0.17,0.31
-9.6245e-02,0.065,-0.01
-9.6243e-02,0.085,0.295
-9.6242e-02,0.06,-0.01
-9.6240e-02,0.11,0.3
-9.6238e-02,0.18,-0.03
-9.6237e-02,0.155,0.31
-9.6235e-02,0.095,-0.015
-9.6234e-02,0.215,0.3
-9.6232e-02,0.115,-0.035
-9.6230e-02,0.245,0.325
-9.6229e-02,0.08,-0.015
-9.6227e-02,0.12,0.3
-9.6226e-02,0.065,-0.045
-9.6224e-02,0.11,0.335
-9.6222e-02,0.065,-0.015
-9.6221e-02,0.23,0.295
-9.6219e-02,0.16,-0.015
-9.6218e-02,0.225,0.295
-9.6216e-02,0.14,-0.025
-9.6214e-02,0.16,0.305
-9.6213e-02,0.185,-0.035
-9.6211e-02,0.19,0.325
-9.6210e-02,0.15,-0.01
-9.6208e-02,0.135,0.29
-9.6206e-02,0.16,-0.015
-9.6205e-02,0.13,0.295
-9.6203e-02,0.12,-0.02
-9.6202e-02,0.055,0.305
-9.6200e-02,0.085,0
-9.6198e-02,0.135,0.285
-9.6197e-02,0.195,-0.025
-9.6195e-02,0.235,0.315
-9.6194e-02,0.23,-0.035
-9.6192e-02,0.205,0.325
-9.6190e-02,0.125,-0.01
-9.6189e-02,0.175,0.29
-9.6187e-02,0.08,-0.055
-9.6186e-02,0.14,0.34
-9.6184e-02,0,-0.04
-9.6182e-02,0.075,0.335
-9.6181e-02,0.105,-0.03
-9.6179e-02,0.19,0.32
-9.6178e-02,0.13,-0.005
-9.6176e-02,0.14,0.295
-9.6174e-02,0.12,-0.02
-9.6173e-02,0.12,0.31
-9.6171e-02,0.105,-0.015
-9.6170e-02,0.08,0.3
-9.6168e-02,0.09,-0.035
-9.6166e-02,0.115,0.33
-9.6165e-02,0.035,-0.005
-9.6163e-02,0.12,0.295
-9.6162e-02,0.165,-0.015
-9.6160e-02,0.195,0.31
-9.6158e-02,0.19,-0.02
-9.6157e-02,0.195,0.305
-9.6155e-02,0.165,-0.005
-9.6154e-02,0.265,0.295
-9.6152e-02,0.19,-0.01
-9.6150e-02,0.15,0.305
-9.6149e-02,0.14,-0.005
-9.6147e-02,0.13,0.3
-9.6146e-02,0.15,0.005
-9.6144e-02,0.18,0.295
-9.6142e-02,0.21,-0.005
-9.6141e-02,0.17,0.3
-9.6139e-02,0.205,-0.035
-9.6138e-02,0.14,0.33
-9.6136e-02,0.255,0.005
-9.6134e-02,0.19,0.28
-9.6133e-02,0.14,-0.045
-9.6131e-02,0.04,0.335
-9.6130e-02,0.125,-0.02
-9.6128e-02,0.045,0.31
-9.6126e-02,0.15,-0.025
-9.6125e-02,0.06,0.315
-9.6123e-02,0.155,0
-9.6122e-02,0.17,0.29
-9.6120e-02,0.185,-0.02
-9.6118e-02,0.2,0.31
-9.6117e-02,0.175,-0.025
-9.6115e-02,0.175,0.315
-9.6114e-02,0.08,0
-9.6112e-02,0.17,0.29
-9.6110e-02,0.185,0.005
-9.6109e-02,0.135,0.295
-9.6107e-02,0.13,-0.02
-9.6106e-02,0.07,0.31
-9.6104e-02,0.05,-0.02
-9.6102e-02,0.12,0.31
-9.6101e-02,0.205,-0.025
-9.6099e-02,0.21,0.31
-9.6098e-02,0.215,-0.04
-9.6096e-02,0.19,0.335
-9.6094e-02,0.125,-0.045
-9.6093e-02,0.105,0.335
-9.6091e-02,0.125,0.005
-9.6090e-02,0.105,0.29
-9.6088e-02,0.135,-0.005
-9.6086e-02,0.08,0.3
-9.6085e-02,0.195,-0.015
-9.6083e-02,0.245,0.31
-9.6082e-02,0.19,-0.005
-9.6080e-02,0.155,0.3
-9.6078e-02,0.175,0
-9.6077e-02,0.155,0.295
-9.6075e-02,0.14,-0.04
-9.6074e-02,0.18,0.335
-9.6072e-02,0.13,-0.04
-9.6070e-02,0.14,0.335
-9.6069e-02,0.195,-0.01
-9.6067e-02,0.1,0.305
-9.6066e-02,0.265,-0.03
-9.6064e-02,0.185,0.32
-9.6062e-02,0.215,0
-9.6061e-02,0.18,0.305
-9.6059e-02,0.16,0.005
-9.6058e-02,0.2,0.29
-9.6056e-02,0.2,-0.02
-9.6054e-02,0.18,0.315
-9.6053e-02,0.085,0
-9.6051e-02,0.11,0.295
-9.6050e-02,0.04,-0.005
-9.6048e-02,0.08,0.305
-9.6046e-02,0.125,-0.03
-9.6045e-02,0.14,0.325
-9.6043e-02,0.08,0
-9.6042e-02,0.16,0.295
-9.6040e-02,0.125,0.005
-9.6038e-02,0.225,0.3
-9.6037e-02,0.225,-0.005
-9.6035e-02,0.195,0.295
-9.6034e-02,0.1,-0.025
-9.6032e-02,0.16,0.32
-9.6030e-02,0.145,-0.015
-9.6029e-02,0.115,0.305
-9.6027e-02,0.155,-0.03
-9.6026e-02,0.11,0.32
-9.6024e-02,0.15,-0.02
-9.6022e-02,0.16,0.32
-9.6021e-02,0.17,-0.02
-9.6019e-02,0.225,0.32
-9.6018e-02,0.16,0
-9.6016e-02,0.14,0.3
-9.6014e-02,0.15,-0.01
-9.6013e-02,0.155,0.305
-9.6011e-02,0.155,-0.025
-9.6010e-02,0.08,0.32
-9.6008e-02,0.185,0
-9.6006e-02,0.06,0.305
-9.6005e-02,0.195,-0.005
-9.6003e-02,0.15,0.31
-9.6002e-02,0.14,-0.025
-9.6000e-02,0.165,0.325
-9.5998e-02,0.17,-0.01
-9.5997e-02,0.125,0.3
-9.5995e-02,0.225,-0.015
-9.5994e-02,0.215,0.315
-9.5992e-02,0.115,-0.02
-9.5990e-02,0.11,0.315
-9.5989e-02,0.035,-0.025
-9.5987e-02,0.16,0.315
-9.5986e-02,0.21,-0.01
-9.5984e-02,0.15,0.305
-9.5982e-02,0.205,-0.01
-9.5981e-02,0.16,0.305
-9.5979e-02,0.16,-0.01
-9.5978e-02,0.175,0.32
-9.5976e-02,0.045,0.015
-9.5974e-02,0.155,0.285
-9.5973e-02,0.1,-0.025
-9.5971e-02,0.075,0.32
-9.5970e-02,0.2,-0.02
-9.5968e-02,0.185,0.32
-9.5966e-02,0.13,-0.045
-9.5965e-02,0.225,0.34
-9.5963e-02,0.13,-0.065
-9.5962e-02,0.305,0.37
-9.5960e-02,0.23,-0.005
-9.5958e-02,0.125,0.31
-9.5957e-02,0.21,-0.01
-9.5955e-02,0.095,0.32
-9.5954e-02,0.155,-0.03
-9.5952e-02,0.16,0.33
-9.5950e-02,0.095,-0.015
-9.5949e-02,0.145,0.31
-9.5947e-02,0.11,0.01
-9.5946e-02,0.06,0.295
-9.5944e-02,0.16,0
-9.5942e-02,0.12,0.31
-9.5941e-02,0.195,-0.01
-9.5939e-02,0.09,0.32
-9.5938e-02,0.18,0
-9.5936e-02,0.2,0.3
-9.5934e-02,0.24,-0.02
-9.5933e-02,0.175,0.315
-9.5931e-02,0.175,0.015
-9.5930e-02,0.105,0.29
-9.5928e-02,0.18,-0.005
-9.5926e-02,0.145,0.315
-9.5925e-02,0.125,-0.02
-9.5923e-02,0.185,0.335
-9.5922e-02,0.125,0
-9.5920e-02,0.15,0.315
-9.5918e-02,0.2,0.005
-9.5917e-02,0.185,0.3
-9.5915e-02,0.165,0.01
-9.5914e-02,0.07,0.3
-9.5912e-02,0.095,-0.015
-9.5910e-02,0.16,0.325
-9.5909e-02,0.06,-0.025
-9.5907e-02,0.15,0.33
-9.5906e-02,0.125,-0.03
-9.5904e-02,0.195,0.34
-9.5902e-02,0.21,-0.015
-9.5901e-02,0.225,0.32
-9.5899e-02,0.2,-0.015
-9.5898e-02,0.225,0.32
-9.5896e-02,0.155,0
-9.5894e-02,0.14,0.3
-9.5893e-02,0.09,0
-9.5891e-02,0.19,0.305
-9.5890e-02,0.11,-0.005
-9.5888e-02,0.12,0.305
-9.5886e-02,0.17,-0.01
-9.5885e-02,0.18,0.315
-9.5883e-02,0.29,-0.035
-9.5882e-02,0.205,0.335
-9.5880e-02,0.17,-0.005
-9.5878e-02,0.23,0.305
-9.5877e-02,0.135,-0.025
-9.5875e-02,0.155,0.335
-9.5874e-02,0.165,-0.015
-9.5872e-02,0.145,0.325
-9.5870e-02,0.125,-0.005
-9.5869e-02,0.15,0.315
-9.5867e-02,0.165,-0.005
-9.5866e-02,0.165,0.31
-9.5864e-02,0.125,0.01
-9.5862e-02,0.085,0.295
-9.5861e-02,0.11,-0.02
-9.5859e-02,0.175,0.325
-9.5858e-02,0.16,-0.015
-9.5856e-02,0.17,0.315
-9.5854e-02,0.105,-0.03
-9.5853e-02,0.235,0.33
-9.5851e-02,0.085,0.02
-9.5850e-02,0.155,0.29
-9.5848e-02,0.15,-0.01
-9.5846e-02,0.16,0.315
-9.5845e-02,0.14,-0.015
-9.5843e-02,0.15,0.325
-9.5842e-02,0.235,0
-9.5840e-02,0.155,0.305
-9.5838e-02,0.165,0.01
-9.5837e-02,0.135,0.295
-9.5835e-02,0.18,-0.035
-9.5834e-02,0.18,0.35
-9.5832e-02,0.125,-0.025
-9.5830e-02,0.095,0.325
-9.5829e-02,0.02,-0.02
-9.5827e-02,0.115,0.32
-9.5826e-02,0.195,0.005
-9.5824e-02,0.135,0.3
-9.5822e-02,0.245,-0.005
-9.5821e-02,0.215,0.305
-9.5819e-02,0.22,0.005
-9.5818e-02,0.205,0.305
-9.5816e-02,0.19,0.015
-9.5814e-02,0.11,0.3
-9.5813e-02,0.13,-0.02
-9.5811e-02,0.18,0.32
-9.5810e-02,0.19,0.005
-9.5808e-02,0.25,0.31
-9.5806e-02,0.09,-0.005
-9.5805e-02,0.265,0.305
-9.5803e-02,0.185,-0.025
-9.5802e-02,0.29,0.345
-9.5800e-02,0.2,0
-9.5798e-02,0.175,0.31
-9.5797e-02,0.15,-0.06
-9.5795e-02,0.23,0.375
-9.5794e-02,0.085,-0.015
-9.5792e-02,0.22,0.325
-9.5790e-02,0.17,-0.01
-9.5789e-02,0.075,0.32
-9.5787e-02,0.145,-0.015
-9.5786e-02,0.125,0.32
-9.5784e-02,0.215,0.015
-9.5782e-02,0.185,0.295
-9.5781e-02,0.145,0
-9.5779e-02,0.115,0.305
-9.5778e-02,0.23,-0.015
-9.5776e-02,0.09,0.325
-9.5774e-02,0.115,0.02
-9.5773e-02,0.07,0.3
-9.5771e-02,0.145,-0.025
-9.5770e-02,0.195,0.335
-9.5768e-02,0.11,-0.015
-9.5766e-02,0.205,0.32
-9.5765e-02,0.155,0.02
-9.5763e-02,0.175,0.295
-9.5762e-02,0.205,0
-9.5760e-02,0.185,0.31
-9.5758e-02,0.12,-0.015
-9.5757e-02,0.135,0.325
-9.5755e-02,0.08,-0.045
-9.5754e-02,0.215,0.36
-9.5752e-02,0.19,0.01
-9.5750e-02,0.175,0.3
-9.5749e-02,0.145,0
-9.5747e-02,0.16,0.315
-9.5746e-02,0.195,-0.005
-9.5744e-02,0.085,0.325
-9.5742e-02,0.1,-0.005
-9.5741e-02,0.165,0.32
-9.5739e-02,0.155,0
-9.5738e-02,0.22,0.315
-9.5736e-02,0.225,-0.025
-9.5734e-02,0.135,0.34
-9.5733e-02,0.225,0.005
-9.5731e-02,0.1,0.305
-9.5730e-02,0.14,0.015
-9.5728e-02,0.14,0.3
-9.5726e-02,0.13,-0.01
-9.5725e-02,0.055,0.325
-9.5723e-02,0.25,0
-9.5722e-02,0.165,0.315
-9.5720e-02,0.235,0.005
-9.5718e-02,0.14,0.31
-9.5717e-02,0.14,-0.02
-9.5715e-02,0.21,0.33
-9.5714e-02,0.22,-0.005
-9.5712e-02,0.15,0.315
-9.5710e-02,0.18,-0.01
-9.5709e-02,0.165,0.32
-9.5707e-02,0.23,0.01
-9.5706e-02,0.165,0.305
-9.5704e-02,0.225,-0.005
-9.5702e-02,0.205,0.325
-9.5701e-02,0.175,-0.03
-9.5699e-02,0.19,0.335
-9.5698e-02,0.16,-0.015
-9.5696e-02,0.2,0.335
-9.5694e-02,0.125,-0.01
-9.5693e-02,0.135,0.335
-9.5691e-02,0.085,0.005
-9.5690e-02,0.225,0.31
-9.5688e-02,0.17,-0.005
-9.5686e-02,0.175,0.32
-9.5685e-02,0.125,0
-9.5683e-02,0.215,0.315
-9.5682e-02,0.205,-0.005
-9.5680e-02,0.225,0.32
-9.5678e-02,0.14,0.005
-9.5677e-02,0.16,0.31
-9.5675e-02,0.125,0.02
-9.5674e-02,0.155,0.3
-9.5672e-02,0.095,-0.015
-9.5670e-02,0.095,0.335
-9.5669e-02,0.075,0.005
-9.5667e-02,0.125,0.32
-9.5666e-02,0.2,0.015
-9.5664e-02,0.23,0.305
-9.5662e-02,0.155,-0.02
-9.5661e-02,0.2,0.34
-9.5659e-02,0.22,0
-9.5658e-02,0.15,0.325
-9.5656e-02,0.11,0.02
-9.5654e-02,0.045,0.305
-9.5653e-02,0.08,-0.01
-9.5651e-02,0.195,0.325
-9.5650e-02,0.155,-0.025
-9.5648e-02,0.155,0.345
-9.5646e-02,0.09,-0.02
-9.5645e-02,0.1,0.345
-9.5643e-02,0.165,-0.01
-9.5642e-02,0.205,0.335
-9.5640e-02,0.255,0
-9.5638e-02,0.165,0.325
-9.5637e-02,0.235,-0.005
-9.5635e-02,0.12,0.335
-9.5634e-02,0.16,-0.01
-9.5632e-02,0.205,0.33
-9.5630e-02,0.09,-0.005
-9.5629e-02,0.07,0.335
-9.5627e-02,0.15,0.005
-9.5626e-02,0.12,0.31
-9.5624e-02,0.155,-0.015
-9.5622e-02,0.18,0.335
-9.5621e-02,0.145,0
-9.5619e-02,0.215,0.32
-9.5618e-02,0.28,0.005
-9.5616e-02,0.165,0.32
-9.5614e-02,0.21,-0.005
-9.5613e-02,0.15,0.325
-9.5611e-02,0.125,-0.005
-9.5610e-02,0.175,0.325
-9.5608e-02,0.195,-0.005
-9.5606e-02,0.17,0.33
-9.5605e-02,0.18,0
-9.5603e-02,0.28,0.325
-9.5602e-02,0.22,0.005
-9.5600e-02,0.15,0.315
-9.5598e-02,0.165,0
-9.5597e-02,0.165,0.315
-9.5595e-02,0.115,0.02
-9.5594e-02,0.225,0.305
-9.5592e-02,0.01,0
-9.5590e-02,0.145,0.325
-9.5589e-02,0.105,0
-9.5587e-02,0.1,0.315
-9.5586e-02,0.14,-0.01
-9.5584e-02,0.195,0.33
-9.5582e-02,0.1,-0.02
-9.5581e-02,0.24,0.35
-9.5579e-02,0.19,0.02
-9.5578e-02,0.23,0.31
-9.5576e-02,0.195,0.02
-9.5574e-02,0.15,0.305
-9.5573e-02,0.1,0.01
-9.5571e-02,0.225,0.31
-9.5570e-02,0.165,0.005
-9.5568e-02,0.105,0.315
-9.5566e-02,0.18,0
-9.5565e-02,0.15,0.32
-9.5563e-02,0.21,-0.015
-9.5562e-02,0.135,0.33
-9.5560e-02,0.095,0
-9.5558e-02,0.07,0.325
-9.5557e-02,0.2,-0.015
-9.5555e-02,0.1,0.34
-9.5554e-02,0.17,0.01
-9.5552e-02,0.195,0.315
-9.5550e-02,0.16,-0.01
-9.5549e-02,0.18,0.33
-9.5547e-02,0.275,-0.02
-9.5546e-02,0.135,0.345
-9.5544e-02,0.16,-0.015
-9.5542e-02,0.135,0.335
-9.5541e-02,0.125,-0.02
-9.5539e-02,0.245,0.35
-9.5538e-02,0.185,-0.02
-9.5536e-02,0.125,0.335
-9.5534e-02,0.25,0
-9.5533e-02,0.195,0.325
-9.5531e-02,0.13,0.025
-9.5530e-02,0.15,0.3
-9.5528e-02,0.025,-0.05
-9.5526e-02,0.165,0.375
-9.5525e-02,0.16,0.015
-9.5523e-02,0.21,0.315
-9.5522e-02,0.175,-0.055
-9.5520e-02,0.27,0.375
-9.5518e-02,0.135,-0.005
-9.5517e-02,0.24,0.325
-9.5515e-02,0.185,0.005
-9.5514e-02,0.07,0.325
-9.5512e-02,0.135,0.02
-9.5510e-02,0.055,0.31
-9.5509e-02,0.185,0.025
-9.5507e-02,0.185,0.305
-9.5506e-02,0.155,-0.03
-9.5504e-02,0.21,0.355
-9.5502e-02,0.21,-0.015
-9.5501e-02,0.235,0.345
-9.5499e-02,0.125,0
-9.5498e-02,0.08,0.335
-9.5496e-02,0.065,-0.005
-9.5494e-02,0.145,0.33
-9.5493e-02,0.1,0
-9.5491e-02,0.18,0.325
-9.5490e-02,0.12,0.005
-9.5488e-02,0.205,0.33
-9.5486e-02,0.205,0.02
-9.5485e-02,0.22,0.315
-9.5483e-02,0.205,-0.01
-9.5482e-02,0.21,0.345
-9.5480e-02,0.07,-0.025
-9.5478e-02,0.205,0.36
-9.5477e-02,0.23,-0.035
-9.5475e-02,0.155,0.38
-9.5474e-02,0.135,0
-9.5472e-02,0.105,0.33
-9.5470e-02,0.155,-0.005
-9.5469e-02,0.185,0.33
-9.5467e-02,0.21,-0.015
-9.5466e-02,0.15,0.355
-9.5464e-02,0.225,0.015
-9.5462e-02,0.275,0.32
-9.5461e-02,0.24,0
-9.5459e-02,0.195,0.33
-9.5458e-02,0.23,0
-9.5456e-02,0.165,0.33
-9.5454e-02,0.235,0.005
-9.5453e-02,0.145,0.32
-9.5451e-02,0.15,0.005
-9.5450e-02,0.205,0.325
-9.5448e-02,0.225,-0.01
-9.5446e-02,0.17,0.35
-9.5445e-02,0.27,0.02
-9.5443e-02,0.095,0.31
-9.5442e-02,0.17,-0.01
-9.5440e-02,0.17,0.35
-9.5438e-02,0.14,-0.01
-9.5437e-02,0.06,0.345
-9.5435e-02,0.09,0.005
-9.5434e-02,0.04,0.33
-9.5432e-02,0.21,-0.01
-9.5430e-02,0.185,0.34
-9.5429e-02,0.14,-0.025
-9.5427e-02,0.18,0.355
-9.5426e-02,0.21,-0.04
-9.5424e-02,0.16,0.37
-9.5422e-02,0.155,0.01
-9.5421e-02,0.185,0.325
-9.5419e-02,0.165,0
-9.5418e-02,0.17,0.33
-9.5416e-02,0.13,-0.015
-9.5414e-02,0.27,0.345
-9.5413e-02,0.065,0.015
-9.5411e-02,0.19,0.315
-9.5410e-02,0.085,-0.005
-9.5408e-02,0.225,0.325
-9.5406e-02,0.15,0.015
-9.5405e-02,0.12,0.32
-9.5403e-02,0.105,0.01
-9.5402e-02,0.265,0.315
-9.5400e-02,0.19,-0.01
-9.5398e-02,0.15,0.34
-9.5397e-02,0.11,-0.015
-9.5395e-02,0.23,0.335
-9.5394e-02,0.165,0.005
-9.5392e-02,0.155,0.33
-9.5390e-02,0.115,0.01
-9.5389e-02,0.17,0.315
-9.5387e-02,0.085,0.01
-9.5386e-02,0.115,0.32
-9.5384e-02,0.135,-0.005
-9.5382e-02,0.065,0.34
-9.5381e-02,0.2,0.005
-9.5379e-02,0.085,0.32
-9.5378e-02,0.2,0.015
-9.5376e-02,0.2,0.315
-9.5374e-02,0.26,-0.005
-9.5373e-02,0.085,0.335
-9.5371e-02,0.24,-0.005
-9.5370e-02,0.215,0.34
-9.5368e-02,0.18,-0.005
-9.5366e-02,0.09,0.33
-9.5365e-02,0.165,0.01
-9.5363e-02,0.15,0.32
-9.5362e-02,0.16,0.02
-9.5360e-02,0.16,0.305
-9.5358e-02,0.11,0.005
-9.5357e-02,0.21,0.33
-9.5355e-02,0.22,0.025
-9.5354e-02,0.17,0.31
-9.5352e-02,0.145,0
-9.5350e-02,0.18,0.33
-9.5349e-02,0.08,0
-9.5347e-02,0.205,0.33
-9.5346e-02,0.215,0.025
-9.5344e-02,0.16,0.31
-9.5342e-02,0.165,0
-9.5341e-02,0.225,0.325
-9.5339e-02,0.14,0.01
-9.5338e-02,0.14,0.325
-9.5336e-02,0.145,-0.005
-9.5334e-02,0.15,0.35
-9.5333e-02,0.165,0.005
-9.5331e-02,0.145,0.345
-9.5330e-02,0.06,0.02
-9.5328e-02,0.11,0.315
-9.5326e-02,0.245,0.01
-9.5325e-02,0.135,0.33
-9.5323e-02,0.23,-0.01
-9.5322e-02,0.205,0.345
-9.5320e-02,0.205,0.02
-9.5318e-02,0.205,0.315
-9.5317e-02,0.225,0.01
-9.5315e-02,0.205,0.325
-9.5314e-02,0.18,0.01
-9.5312e-02,0.2,0.33
-9.5310e-02,0.2,0
-9.5309e-02,0.195,0.34
-9.5307e-02,0.2,0.005
-9.5306e-02,0.185,0.33
-9.5304e-02,0.175,-0.005
-9.5302e-02,0.255,0.34
-9.5301e-02,0.225,0.01
-9.5299e-02,0.135,0.33
-9.5298e-02,0.125,0.02
-9.5296e-02,0.205,0.315
-9.5294e-02,0.06,-0.025
-9.5293e-02,0.03,0.36
-9.5291e-02,0.105,-0.015
-9.5290e-02,0.095,0.35
-9.5288e-02,0.16,-0.015
-9.5286e-02,0.12,0.355
-9.5285e-02,0.165,-0.01
-9.5283e-02,0.18,0.345
-9.5282e-02,0.28,-0.005
-9.5280e-02,0.205,0.34
-9.5278e-02,0.195,-0.015
-9.5277e-02,0.225,0.36
-9.5275e-02,0.13,-0.015
-9.5274e-02,0.13,0.355
-9.5272e-02,0.11,0.02
-9.5270e-02,0.11,0.32
-9.5269e-02,0.09,0.03
-9.5267e-02,0.185,0.31
-9.5266e-02,0.2,0.02
-9.5264e-02,0.25,0.325
-9.5262e-02,0.2,0.03
-9.5261e-02,0.24,0.31
-9.5259e-02,0.19,0
-9.5258e-02,0.155,0.325
-9.5256e-02,0.095,0.035
-9.5254e-02,0.17,0.31
-9.5253e-02,0.17,0.005
-9.5251e-02,0.265,0.335
-9.5250e-02,0.15,0.01
-9.5248e-02,0.18,0.325
-9.5246e-02,0.175,0.01
-9.5245e-02,0.195,0.335
-9.5243e-02,0.105,0.03
-9.5242e-02,0.09,0.31
-9.5240e-02,0.25,0.02
-9.5238e-02,0.205,0.32
-9.5237e-02,0.14,0.035
-9.5235e-02,0.11,0.31
-9.5234e-02,0.24,0.04
-9.5232e-02,0.13,0.3
-9.5230e-02,0.165,0.025
-9.5229e-02,0.09,0.31
-9.5227e-02,0.205,0.03
-9.5226e-02,0.16,0.31
-9.5224e-02,0.265,0.025
-9.5222e-02,0.13,0.315
-9.5221e-02,0.195,-0.01
-9.5219e-02,0.205,0.36
-9.5218e-02,0.155,0.005
-9.5216e-02,0.13,0.345
-9.5214e-02,0.105,0.015
-9.5213e-02,0.195,0.33
-9.5211e-02,0.105,0
-9.5210e-02,0.195,0.35
-9.5208e-02,0.225,0.035
-9.5206e-02,0.12,0.315
-9.5205e-02,0.13,-0.015
-9.5203e-02,0.185,0.365
-9.5202e-02,0.195,0.025
-9.5200e-02,0.145,0.325
-9.5198e-02,0.195,0.005
-9.5197e-02,0.25,0.34
-9.5195e-02,0.235,0.01
-9.5194e-02,0.19,0.345
-9.5192e-02,0.165,0.025
-9.5190e-02,0.095,0.315
-9.5189e-02,0.195,0.015
-9.5187e-02,0.16,0.335
-9.5186e-02,0.11,0.01
-9.5184e-02,0.24,0.345
-9.5182e-02,0.265,-0.045
-9.5181e-02,0.265,0.4
-9.5179e-02,0.195,0.01
-9.5178e-02,0.21,0.34
-9.5176e-02,0.165,0.02
-9.5174e-02,0.17,0.33
-9.5173e-02,0.14,-0.015
-9.5171e-02,0.1,0.355
-9.5170e-02,0.115,0.015
-9.5168e-02,0.17,0.33
-9.5166e-02,0.09,0.01
-9.5165e-02,0.13,0.33
-9.5163e-02,0.175,-0.005
-9.5162e-02,0.115,0.35
-9.5160e-02,0.13,-0.015
-9.5158e-02,0.26,0.365
-9.5157e-02,0.16,0.04
-9.5155e-02,0.165,0.31
-9.5154e-02,0.24,0.02
-9.5152e-02,0.205,0.325
-9.5150e-02,0.21,0.015
-9.5149e-02,0.145,0.33
-9.5147e-02,0.115,0.02
-9.5146e-02,0.215,0.335
-9.5144e-02,0.25,-0.01
-9.5142e-02,0.15,0.35
-9.5141e-02,0.215,0.015
-9.5139e-02,0.29,0.325
-9.5138e-02,0.255,0.015
-9.5136e-02,0.165,0.335
-9.5134e-02,0.185,0.02
-9.5133e-02,0.1,0.32
-9.5131e-02,0.195,0.035
-9.5130e-02,0.15,0.315
-9.5128e-02,0.165,-0.01
-9.5126e-02,0.15,0.36
-9.5125e-02,0.22,0.01
-9.5123e-02,0.23,0.34
-9.5122e-02,0.245,0
-9.5120e-02,0.145,0.35
-9.5118e-02,0.135,0.025
-9.5117e-02,0.05,0.315
-9.5115e-02,0.235,0.005
-9.5114e-02,0.075,0.34
-9.5112e-02,0.165,0.01
-9.5110e-02,0.18,0.33
-9.5109e-02,0.19,0.02
-9.5107e-02,0.16,0.325
-9.5106e-02,0.195,0.035
-9.5104e-02,0.185,0.315
-9.5102e-02,0.19,0.01
-9.5101e-02,0.285,0.33
-9.5099e-02,0.23,0.03
-9.5098e-02,0.125,0.325
-9.5096e-02,0.165,-0.025
-9.5094e-02,0.135,0.37
-9.5093e-02,0.13,-0.005
-9.5091e-02,0.175,0.36
-9.5090e-02,0.06,0.015
-9.5088e-02,0.255,0.34
-9.5086e-02,0.115,0.01
-9.5085e-02,0.195,0.34
-9.5083e-02,0.095,0.03
-9.5082e-02,0.2,0.32
-9.5080e-02,0.1,0.025
-9.5078e-02,0.23,0.325
-9.5077e-02,0.18,-0.01
-9.5075e-02,0.165,0.355
-9.5074e-02,0.15,0
-9.5072e-02,0.265,0.355
-9.5070e-02,0.22,0.01
-9.5069e-02,0.185,0.345
-9.5067e-02,0.14,-0.01
-9.5066e-02,0.15,0.365
-9.5064e-02,0.28,0.02
-9.5062e-02,0.21,0.33
-9.5061e-02,0.22,0
-9.5059e-02,0.22,0.345
-9.5058e-02,0.255,0.015
-9.5056e-02,0.225,0.34
-9.5054e-02,0.175,0.03
-9.5053e-02,0.14,0.33
-9.5051e-02,0.175,0
-9.5050e-02,0.18,0.36
-9.5048e-02,0.175,0.01
-9.5046e-02,0.23,0.345
-9.5045e-02,0.18,0.02
-9.5043e-02,0.255,0.33
-9.5042e-02,0.215,0.025
-9.5040e-02,0.26,0.33
-9.5038e-02,0.175,0.025
-9.5037e-02,0.145,0.34
-9.5035e-02,0.22,0.025
-9.5034e-02,0.205,0.335
-9.5032e-02,0.105,0.03
-9.5030e-02,0.18,0.33
-9.5029e-02,0.13,0.025
-9.5027e-02,0.21,0.33
-9.5026e-02,0.175,0.015
-9.5024e-02,0.13,0.345
-9.5022e-02,0.185,0.035
-9.5021e-02,0.27,0.325
-9.5019e-02,0.2,0.005
-9.5018e-02,0.19,0.35
-9.5016e-02,0.19,-0.025
-9.5014e-02,0.12,0.38
-9.5013e-02,0.215,-0.005
-9.5011e-02,0.105,0.36
-9.5010e-02,0.14,0.035
-9.5008e-02,0.22,0.33
-9.5006e-02,0.24,0.04
-9.5005e-02,0.145,0.315
-9.5003e-02,0.225,0.015
-9.5002e-02,0.08,0.34
-9.5000e-02,0.195,0.015
-9.4998e-02,0.2,0.34
-9.4997e-02,0.215,0.02
-9.4995e-02,0.21,0.335
-9.4994e-02,0.155,0.01
-9.4992e-02,0.145,0.35
-9.4990e-02,0.16,0
-9.4989e-02,0.205,0.355
-9.4987e-02,0.135,0.03
-9.4986e-02,0.245,0.325
-9.4984e-02,0.255,0.035
-9.4982e-02,0.155,0.315
-9.4981e-02,0.125,0.02
-9.4979e-02,0.155,0.335
-9.4978e-02,0.21,0.03
-9.4976e-02,0.285,0.33
-9.4974e-02,0.13,0.045
-9.4973e-02,0.255,0.31
-9.4971e-02,0.2,0.015
-9.4970e-02,0.19,0.33
-9.4968e-02,0.1,0.03
-9.4966e-02,0.2,0.32
-9.4965e-02,0.17,0.01
-9.4963e-02,0.245,0.345
-9.4962e-02,0.205,0.015
-9.4960e-02,0.18,0.34
-9.4958e-02,0.175,0.02
-9.4957e-02,0.125,0.335
-9.4955e-02,0.265,0.03
-9.4954e-02,0.115,0.325
-9.4952e-02,0.175,0.03
-9.4950e-02,0.2,0.325
-9.4949e-02,0.145,0.015
-9.4947e-02,0.16,0.34
-9.4946e-02,0.2,0.03
-9.4944e-02,0.145,0.33
-9.4942e-02,0.25,0.025
-9.4941e-02,0.3,0.33
-9.4939e-02,0.165,0.03
-9.4938e-02,0.22,0.325
-9.4936e-02,0.245,0.01
-9.4934e-02,0.28,0.34
-9.4933e-02,0.11,0.045
-9.4931e-02,0.17,0.315
-9.4930e-02,0.18,0.045
-9.4928e-02,0.18,0.315
-9.4926e-02,0.18,-0.01
-9.4925e-02,0.15,0.36
-9.4923e-02,0.24,-0.025
-9.4922e-02,0.235,0.38
-9.4920e-02,0.21,0.045
-9.4918e-02,0.22,0.315
-9.4917e-02,0.24,0
-9.4915e-02,0.27,0.355
-9.4914e-02,0.23,0
-9.4912e-02,0.135,0.365
-9.4910e-02,0.225,0.005
-9.4909e-02,0.22,0.355
-9.4907e-02,0.225,0.025
-9.4906e-02,0.06,0.34
-9.4904e-02,0.185,0.01
-9.4902e-02,0.075,0.355
-9.4901e-02,0.21,0.015
-9.4899e-02,0.055,0.345
-9.4898e-02,0.165,0.02
-9.4896e-02,0.2,0.345
-9.4894e-02,0.2,0.015
-9.4893e-02,0.145,0.345
-9.4891e-02,0.16,0.025
-9.4890e-02,0.265,0.335
-9.4888e-02,0.18,-0.015
-9.4886e-02,0.12,0.38
-9.4885e-02,0.15,0.035
-9.4883e-02,0.14,0.33
-9.4882e-02,0.13,0
-9.4880e-02,0.195,0.37
-9.4878e-02,0.2,0.025
-9.4877e-02,0.23,0.335
-9.4875e-02,0.165,0.015
-9.4874e-02,0.18,0.34
-9.4872e-02,0.115,0.025
-9.4870e-02,0.185,0.34
-9.4869e-02,0.215,0.015
-9.4867e-02,0.19,0.355
-9.4866e-02,0.14,0.04
-9.4864e-02,0.17,0.33
-9.4862e-02,0.17,0.02
-9.4861e-02,0.145,0.35
-9.4859e-02,0.25,0.025
-9.4858e-02,0.215,0.345
-9.4856e-02,0.225,0.045
-9.4854e-02,0.135,0.32
-9.4853e-02,0.14,0.035
-9.4851e-02,0.16,0.33
-9.4850e-02,0.195,0.015
-9.4848e-02,0.185,0.35
-9.4846e-02,0.23,0.04
-9.4845e-02,0.095,0.325
-9.4843e-02,0.195,0.035
-9.4842e-02,0.165,0.33
-9.4840e-02,0.135,0.01
-9.4838e-02,0.17,0.36
-9.4837e-02,0.275,0
-9.4835e-02,0.2,0.37
-9.4834e-02,0.21,0.04
-9.4832e-02,0.23,0.325
-9.4830e-02,0.115,0.005
-9.4829e-02,0.2,0.355
-9.4827e-02,0.115,-0.005
-9.4826e-02,0.155,0.36
-9.4824e-02,0.175,0.005
-9.4822e-02,0.25,0.355
-9.4821e-02,0.17,0.02
-9.4819e-02,0.165,0.345
-9.4818e-02,0.155,0.02
-9.4816e-02,0.2,0.335
-9.4814e-02,0.105,0.005
-9.4813e-02,0.18,0.36
-9.4811e-02,0.21,0.02
-9.4810e-02,0.265,0.34
-9.4808e-02,0.12,0.025
-9.4806e-02,0.205,0.33
-9.4805e-02,0.28,-0.01
-9.4803e-02,0.14,0.37
-9.4802e-02,0.135,0.01
-9.4800e-02,0.145,0.345
-9.4798e-02,0.195,0.025
-9.4797e-02,0.175,0.34
-9.4795e-02,0.155,0.01
-9.4794e-02,0.12,0.345
-9.4792e-02,0.19,0.025
-9.4790e-02,0.15,0.33
-9.4789e-02,0.21,0.03
-9.4787e-02,0.08,0.33
-9.4786e-02,0.14,0.02
-9.4784e-02,0.235,0.335
-9.4782e-02,0.155,0.03
-9.4781e-02,0.15,0.335
-9.4779e-02,0.26,0.03
-9.4778e-02,0.235,0.335
-9.4776e-02,0.155,0.015
-9.4774e-02,0.14,0.345
-9.4773e-02,0.205,0.01
-9.4771e-02,0.145,0.35
-9.4770e-02,0.11,0.01
-9.4768e-02,0.2,0.355
-9.4766e-02,0.175,0.005
-9.4765e-02,0.25,0.365
-9.4763e-02,0.205,0.02
-9.4762e-02,0.15,0.345
-9.4760e-02,0.29,0.015
-9.4758e-02,0.205,0.36
-9.4757e-02,0.13,0.025
-9.4755e-02,0.165,0.345
-9.4754e-02,0.14,0.03
-9.4752e-02,0.15,0.325
-9.4750e-02,0.14,-0.005
-9.4749e-02,0.205,0.385
-9.4747e-02,0.22,0.025
-9.4746e-02,0.165,0.35
-9.4744e-02,0.21,0.02
-9.4742e-02,0.11,0.35
-9.4741e-02,0.13,0.045
-9.4739e-02,0.225,0.33
-9.4738e-02,0.15,0.02
-9.4736e-02,0.235,0.35
-9.4734e-02,0.12,0.01
-9.4733e-02,0.16,0.355
-9.4731e-02,0.15,0.025
-9.4730e-02,0.22,0.35
-9.4728e-02,0.14,0.035
-9.4726e-02,0.285,0.35
-9.4725e-02,0.27,0.015
-9.4723e-02,0.145,0.36
-9.4722e-02,0.155,0.03
-9.4720e-02,0.2,0.34
-9.4718e-02,0.14,0.015
-9.4717e-02,0.18,0.36
-9.4715e-02,0.205,0.035
-9.4714e-02,0.195,0.34
-9.4712e-02,0.28,0.025
-9.4710e-02,0.145,0.36
-9.4709e-02,0.195,0.025
-9.4707e-02,0.22,0.35
-9.4706e-02,0.21,0.035
-9.4704e-02,0.23,0.35
-9.4702e-02,0.17,0.025
-9.4701e-02,0.295,0.35
-9.4699e-02,0.18,0.03
-9.4698e-02,0.26,0.345
-9.4696e-02,0.14,0.04
-9.4694e-02,0.235,0.33
-9.4693e-02,0.19,0.015
-9.4691e-02,0.205,0.355
-9.4690e-02,0.11,0.03
-9.4688e-02,0.16,0.35
-9.4686e-02,0.255,0.015
-9.4685e-02,0.085,0.355
-9.4683e-02,0.165,0.015
-9.4682e-02,0.125,0.36
-9.4680e-02,0.175,0.015
-9.4678e-02,0.15,0.355
-9.4677e-02,0.13,0.005
-9.4675e-02,0.175,0.365
-9.4674e-02,0.19,0.025
-9.4672e-02,0.21,0.35
-9.4670e-02,0.165,0.02
-9.4669e-02,0.195,0.35
-9.4667e-02,0.235,0.03
-9.4666e-02,0.26,0.34
-9.4664e-02,0.16,0.015
-9.4662e-02,0.235,0.36
-9.4661e-02,0.235,0.015
-9.4659e-02,0.15,0.36
-9.4658e-02,0.115,0.015
-9.4656e-02,0.22,0.355
-9.4654e-02,0.14,0.035
-9.4653e-02,0.15,0.33
-9.4651e-02,0.18,0
-9.4650e-02,0.145,0.37
-9.4648e-02,0.2,0.04
-9.4646e-02,0.21,0.335
-9.4645e-02,0.21,0.035
-9.4643e-02,0.215,0.335
-9.4642e-02,0.225,-0.01
-9.4640e-02,0.245,0.375
-9.4638e-02,0.135,0
-9.4637e-02,0.07,0.375
-9.4635e-02,0.125,0.03
-9.4634e-02,0.14,0.34
-9.4632e-02,0.205,0.015
-9.4630e-02,0.155,0.36
-9.4629e-02,0.21,0.01
-9.4627e-02,0.235,0.355
-9.4626e-02,0.155,0.03
-9.4624e-02,0.23,0.345
-9.4622e-02,0.195,0.045
-9.4621e-02,0.19,0.325
-9.4619e-02,0.255,0.035
-9.4618e-02,0.165,0.33
-9.4616e-02,0.085,0.04
-9.4614e-02,0.185,0.335
-9.4613e-02,0.205,0.015
-9.4611e-02,0.16,0.35
-9.4610e-02,0.155,0.035
-9.4608e-02,0.265,0.335
-9.4606e-02,0.29,0.04
-9.4605e-02,0.175,0.33
-9.4603e-02,0.125,0.035
-9.4602e-02,0.19,0.34
-9.4600e-02,0.205,0.02
-9.4598e-02,0.125,0.36
-9.4597e-02,0.185,0.035
-9.4595e-02,0.21,0.335
-9.4594e-02,0.28,0.02
-9.4592e-02,0.13,0.345
-9.4590e-02,0.26,0.045
-9.4589e-02,0.175,0.335
-9.4587e-02,0.18,0.045
-9.4586e-02,0.205,0.335
-9.4584e-02,0.19,0.045
-9.4582e-02,0.165,0.335
-9.4581e-02,0.115,0.03
-9.4579e-02,0.18,0.35
-9.4578e-02,0.18,0.035
-9.4576e-02,0.195,0.345
-9.4574e-02,0.155,0.035
-9.4573e-02,0.27,0.345
-9.4571e-02,0.215,0.05
-9.4570e-02,0.275,0.33
-9.4568e-02,0.165,0.025
-9.4566e-02,0.2,0.35
-9.4565e-02,0.185,0.005
-9.4563e-02,0.255,0.375
-9.4562e-02,0.155,0.01
-9.4560e-02,0.145,0.37
-9.4558e-02,0.33,0.015
-9.4557e-02,0.15,0.37
-9.4555e-02,0.24,0.015
-9.4554e-02,0.2,0.36
-9.4552e-02,0.22,0.045
-9.4550e-02,0.23,0.345
-9.4549e-02,0.125,0.025
-9.4547e-02,0.1,0.355
-9.4546e-02,0.2,0.035
-9.4544e-02,0.175,0.35
-9.4542e-02,0.225,0.055
-9.4541e-02,0.175,0.33
-9.4539e-02,0.245,0.055
-9.4538e-02,0.2,0.325
-9.4536e-02,0.085,0.03
-9.4534e-02,0.195,0.355
-9.4533e-02,0.105,0.025
-9.4531e-02,0.185,0.36
-9.4530e-02,0.24,0
-9.4528e-02,0.25,0.39
-9.4526e-02,0.155,0.025
-9.4525e-02,0.235,0.355
-9.4523e-02,0.19,0.01
-9.4522e-02,0.265,0.365
-9.4520e-02,0.23,0.01
-9.4518e-02,0.185,0.37
-9.4517e-02,0.12,0.01
-9.4515e-02,0.225,0.37
-9.4514e-02,0.125,0.045
-9.4512e-02,0.06,0.345
-9.4510e-02,0.2,0.045
-9.4509e-02,0.175,0.34
-9.4507e-02,0.24,0.015
-9.4506e-02,0.26,0.375
-9.4504e-02,0.215,0.02
-9.4502e-02,0.29,0.365
-9.4501e-02,0.26,0.035
-9.4499e-02,0.18,0.345
-9.4498e-02,0.225,0.04
-9.4496e-02,0.16,0.335
-9.4494e-02,0.185,0.04
-9.4493e-02,0.145,0.34
-9.4491e-02,0.175,0.02
-9.4490e-02,0.105,0.36
-9.4488e-02,0.15,0.03
-9.4486e-02,0.27,0.35
-9.4485e-02,0.12,0.045
-9.4483e-02,0.155,0.345
-9.4482e-02,0.18,0.015
-9.4480e-02,0.22,0.36
-9.4478e-02,0.2,0
-9.4477e-02,0.21,0.38
-9.4475e-02,0.07,-0.005
-9.4474e-02,0.26,0.38
-9.4472e-02,0.155,0.04
-9.4470e-02,0.145,0.335
-9.4469e-02,0.16,0.035
-9.4467e-02,0.21,0.345
-9.4466e-02,0.285,0.035
-9.4464e-02,0.175,0.345
-9.4462e-02,0.19,0.03
-9.4461e-02,0.16,0.35
-9.4459e-02,0.175,0.015
-9.4458e-02,0.23,0.37
-9.4456e-02,0.155,0.035
-9.4454e-02,0.155,0.345
-9.4453e-02,0.245,0.03
-9.4451e-02,0.105,0.35
-9.4450e-02,0.235,0.015
-9.4448e-02,0.115,0.365
-9.4446e-02,0.175,0
-9.4445e-02,0.2,0.385
-9.4443e-02,0.265,0.01
-9.4442e-02,0.22,0.365
-9.4440e-02,0.185,0.02
-9.4438e-02,0.245,0.355
-9.4437e-02,0.16,0.035
-9.4435e-02,0.18,0.35
-9.4434e-02,0.15,0.02
-9.4432e-02,0.175,0.37
-9.4430e-02,0.185,-0.005
-9.4429e-02,0.255,0.39
-9.4427e-02,0.15,0.03
-9.4426e-02,0.13,0.36
-9.4424e-02,0.145,0.015
-9.4422e-02,0.205,0.365
-9.4421e-02,0.145,0.035
-9.4419e-02,0.215,0.345
-9.4418e-02,0.185,0.035
-9.4416e-02,0.12,0.355
-9.4414e-02,0.245,0.03
-9.4413e-02,0.215,0.35
-9.4411e-02,0.165,0.045
-9.4410e-02,0.24,0.335
-9.4408e-02,0.265,0.005
-9.4406e-02,0.235,0.38
-9.4405e-02,0.205,0.025
-9.4403e-02,0.08,0.355
-9.4402e-02,0.18,0.03
-9.4400e-02,0.17,0.355
-9.4398e-02,0.165,0.015
-9.4397e-02,0.12,0.37
-9.4395e-02,0.225,0.035
-9.4394e-02,0.285,0.36
-9.4392e-02,0.215,0.03
-9.4390e-02,0.25,0.355
-9.4389e-02,0.22,0.025
-9.4387e-02,0.215,0.36
-9.4386e-02,0.16,0.035
-9.4384e-02,0.18,0.35
-9.4382e-02,0.13,0.01
-9.4381e-02,0.195,0.375
-9.4379e-02,0.205,0.02
-9.4378e-02,0.215,0.365
-9.4376e-02,0.19,0.035
-9.4374e-02,0.265,0.355
-9.4373e-02,0.13,0.045
-9.4371e-02,0.185,0.35
-9.4370e-02,0.25,0.045
-9.4368e-02,0.105,0.34
-9.4366e-02,0.11,0.03
-9.4365e-02,0.175,0.355
-9.4363e-02,0.165,0.025
-9.4362e-02,0.16,0.365
-9.4360e-02,0.165,0.045
-9.4358e-02,0.12,0.35
-9.4357e-02,0.245,0
-9.4355e-02,0.205,0.385
-9.4354e-02,0.165,0.035
-9.4352e-02,0.16,0.355
-9.4350e-02,0.21,-0.005
-9.4349e-02,0.21,0.39
-9.4347e-02,0.135,0.055
-9.4346e-02,0.23,0.33
-9.4344e-02,0.18,0.035
-9.4342e-02,0.205,0.35
-9.4341e-02,0.25,0.025
-9.4339e-02,0.195,0.365
-9.4338e-02,0.165,0.025
-9.4336e-02,0.27,0.365
-9.4334e-02,0.17,0.04
-9.4333e-02,0.22,0.36
-9.4331e-02,0.18,0.035
-9.4330e-02,0.205,0.355
-9.4328e-02,0.235,0.035
-9.4326e-02,0.3,0.355
-9.4325e-02,0.185,0.02
-9.4323e-02,0.215,0.375
-9.4322e-02,0.23,0.05
-9.4320e-02,0.21,0.35
-9.4318e-02,0.155,0.04
-9.4317e-02,0.12,0.345
-9.4315e-02,0.155,0.045
-9.4314e-02,0.195,0.345
-9.4312e-02,0.23,0.03
-9.4310e-02,0.22,0.36
-9.4309e-02,0.235,0.045
-9.4307e-02,0.255,0.35
-9.4306e-02,0.275,0.05
-9.4304e-02,0.12,0.345
-9.4302e-02,0.18,0.025
-9.4301e-02,0.05,0.37
-9.4299e-02,0.18,0.005
-9.4298e-02,0.19,0.39
-9.4296e-02,0.205,0.03
-9.4294e-02,0.245,0.37
-9.4293e-02,0.225,0.045
-9.4291e-02,0.265,0.35
-9.4290e-02,0.175,0.04
-9.4288e-02,0.22,0.345
-9.4286e-02,0.17,0.03
-9.4285e-02,0.24,0.37
-9.4283e-02,0.265,0.04
-9.4282e-02,0.1,0.355
-9.4280e-02,0.14,0.05
-9.4278e-02,0.165,0.34
-9.4277e-02,0.13,0.02
-9.4275e-02,0.245,0.37
-9.4274e-02,0.12,0.035
-9.4272e-02,0.195,0.37
-9.4270e-02,0.205,0
-9.4269e-02,0.165,0.385
-9.4267e-02,0.16,0.015
-9.4266e-02,0.165,0.38
-9.4264e-02,0.165,-0.005
-9.4262e-02,0.295,0.4
-9.4261e-02,0.2,0.05
-9.4259e-02,0.235,0.345
-9.4258e-02,0.16,0.02
-9.4256e-02,0.11,0.375
-9.4254e-02,0.225,0.045
-9.4253e-02,0.15,0.355
-9.4251e-02,0.235,0.04
-9.4250e-02,0.21,0.345
-9.4248e-02,0.27,0
-9.4246e-02,0.215,0.395
-9.4245e-02,0.205,0.035
-9.4243e-02,0.1,0.36
-9.4242e-02,0.305,0.03
-9.4240e-02,0.2,0.37
-9.4238e-02,0.25,0.035
-9.4237e-02,0.245,0.36
-9.4235e-02,0.235,0.03
-9.4234e-02,0.25,0.365
-9.4232e-02,0.225,0.04
-9.4230e-02,0.115,0.355
-9.4229e-02,0.23,0.025
-9.4227e-02,0.205,0.365
-9.4226e-02,0.175,0.015
-9.4224e-02,0.23,0.39
-9.4222e-02,0.14,0.045
-9.4221e-02,0.11,0.35
-9.4219e-02,0.18,0.04
-9.4218e-02,0.155,0.355
-9.4216e-02,0.16,0.025
-9.4214e-02,0.23,0.37
-9.4213e-02,0.15,0.04
-9.4211e-02,0.295,0.36
-9.4210e-02,0.3,0.035
-9.4208e-02,0.2,0.36
-9.4206e-02,0.28,0.02
-9.4205e-02,0.21,0.37
-9.4203e-02,0.235,0.05
-9.4202e-02,0.205,0.345
-9.4200e-02,0.19,0.04
-9.4198e-02,0.195,0.355
-9.4197e-02,0.205,0.035
-9.4195e-02,0.21,0.365
-9.4194e-02,0.225,0.03
-9.4192e-02,0.185,0.36
-9.4190e-02,0.205,0.025
-9.4189e-02,0.27,0.37
-9.4187e-02,0.25,0.03
-9.4186e-02,0.22,0.37
-9.4184e-02,0.215,0.045
-9.4182e-02,0.23,0.36
-9.4181e-02,0.28,0
-9.4179e-02,0.2,0.395
-9.4178e-02,0.18,0.01
-9.4176e-02,0.145,0.38
-9.4174e-02,0.2,0.03
-9.4173e-02,0.17,0.37
-9.4171e-02,0.175,0.03
-9.4170e-02,0.19,0.36
-9.4168e-02,0.125,0.015
-9.4166e-02,0.265,0.375
-9.4165e-02,0.14,0.04
-9.4163e-02,0.265,0.365
-9.4162e-02,0.165,0.02
-9.4160e-02,0.16,0.385
-9.4158e-02,0.23,0.045
-9.4157e-02,0.225,0.36
-9.4155e-02,0.235,0.04
-9.4154e-02,0.235,0.37
-9.4152e-02,0.165,0.06
-9.4150e-02,0.2,0.33
-9.4149e-02,0.18,0.03
-9.4147e-02,0.07,0.36
-9.4146e-02,0.2,0.04
-9.4144e-02,0.13,0.365
-9.4142e-02,0.275,0
-9.4141e-02,0.26,0.395
-9.4139e-02,0.245,0.045
-9.4138e-02,0.26,0.36
-9.4136e-02,0.195,0.045
-9.4134e-02,0.205,0.36
-9.4133e-02,0.215,0.065
-9.4131e-02,0.125,0.33
-9.4130e-02,0.165,0.065
-9.4128e-02,0.15,0.335
-9.4126e-02,0.275,0.05
-9.4125e-02,0.195,0.35
-9.4123e-02,0.275,0.045
-9.4122e-02,0.285,0.355
-9.4120e-02,0.23,0.03
-9.4118e-02,0.305,0.375
-9.4117e-02,0.27,0.045
-9.4115e-02,0.215,0.36
-9.4114e-02,0.255,0.035
-9.4112e-02,0.125,0.365
-9.4110e-02,0.17,0.045
-9.4109e-02,0.19,0.365
-9.4107e-02,0.14,0.01
-9.4106e-02,0.205,0.395
-9.4104e-02,0.17,0.035
-9.4102e-02,0.21,0.375
-9.4101e-02,0.29,0.02
-9.4099e-02,0.27,0.38
-9.4098e-02,0.255,0.045
-9.4096e-02,0.275,0.355
-9.4094e-02,0.2,0.065
-9.4093e-02,0.25,0.34
-9.4091e-02,0.16,0.055
-9.4090e-02,0.18,0.34
-9.4088e-02,0.145,0.045
-9.4086e-02,0.22,0.36
-9.4085e-02,0.23,0.01
-9.4083e-02,0.2,0.39
-9.4082e-02,0.245,0.02
-9.4080e-02,0.06,0.39
-9.4078e-02,0.265,0.015
-9.4077e-02,0.155,0.38
-9.4075e-02,0.275,0.05
-9.4074e-02,0.17,0.36
-9.4072e-02,0.22,0.045
-9.4070e-02,0.215,0.36
-9.4069e-02,0.18,0.055
-9.4067e-02,0.205,0.345
-9.4066e-02,0.18,0.025
-9.4064e-02,0.165,0.38
-9.4062e-02,0.145,0.025
-9.4061e-02,0.14,0.375
-9.4059e-02,0.17,0.05
-9.4058e-02,0.23,0.35
-9.4056e-02,0.145,0.045
-9.4054e-02,0.17,0.36
-9.4053e-02,0.095,0.06
-9.4051e-02,0.2,0.35
-9.4050e-02,0.12,0.05
-9.4048e-02,0.245,0.355
-9.4046e-02,0.135,0.025
-9.4045e-02,0.21,0.38
-9.4043e-02,0.16,0.05
-9.4042e-02,0.28,0.355
-9.4040e-02,0.285,0.025
-9.4038e-02,0.26,0.385
-9.4037e-02,0.245,0.06
-9.4035e-02,0.2,0.34
-9.4034e-02,0.23,0.025
-9.4032e-02,0.195,0.38
-9.4030e-02,0.19,0.035
-9.4029e-02,0.14,0.365
-9.4027e-02,0.185,0.055
-9.4026e-02,0.165,0.35
-9.4024e-02,0.24,0.04
-9.4022e-02,0.295,0.365
-9.4021e-02,0.26,0.06
-9.4019e-02,0.185,0.35
-9.4018e-02,0.25,0.065
-9.4016e-02,0.15,0.345
-9.4014e-02,0.325,0.03
-9.4013e-02,0.13,0.375
-9.4011e-02,0.19,0.055
-9.4010e-02,0.215,0.355
-9.4008e-02,0.18,0.05
-9.4006e-02,0.245,0.36
-9.4005e-02,0.24,0.02
-9.4003e-02,0.19,0.385
-9.4002e-02,0.22,0.015
-9.4000e-02,0.12,0.38
-9.3998e-02,0.295,-0.01
-9.3997e-02,0.245,0.41
-9.3995e-02,0.205,0.055
-9.3994e-02,0.195,0.35
-9.3992e-02,0.13,0.06
-9.3990e-02,0.235,0.345
-9.3989e-02,0.16,0.03
-9.3987e-02,0.245,0.37
-9.3986e-02,0.215,0.05
-9.3984e-02,0.235,0.365
-9.3982e-02,0.255,0.045
-9.3981e-02,0.24,0.365
-9.3979e-02,0.29,0.065
-9.3978e-02,0.205,0.35
-9.3976e-02,0.125,0.065
-9.3974e-02,0.225,0.345
-9.3973e-02,0.16,0.01
-9.3971e-02,0.195,0.405
-9.3970e-02,0.24,0.05
-9.3968e-02,0.17,0.365
-9.3966e-02,0.275,0.04
-9.3965e-02,0.145,0.37
-9.3963e-02,0.265,0.06
-9.3962e-02,0.265,0.35
-9.3960e-02,0.24,0.045
-9.3958e-02,0.12,0.37
-9.3957e-02,0.215,0.065
-9.3955e-02,0.13,0.36
-9.3954e-02,0.245,0.035
-9.3952e-02,0.12,0.37
-9.3950e-02,0.15,0.04
-9.3949e-02,0.095,0.37
-9.3947e-02,0.165,0.025
-9.3946e-02,0.14,0.39
-9.3944e-02,0.275,0.035
-9.3942e-02,0.245,0.375
-9.3941e-02,0.19,0.05
-9.3939e-02,0.255,0.355
-9.3938e-02,0.19,0.01
-9.3936e-02,0.29,0.4
-9.3934e-02,0.16,0.035
-9.3933e-02,0.265,0.38
-9.3931e-02,0.155,0.075
-9.3930e-02,0.22,0.34
-9.3928e-02,0.215,0.045
-9.3926e-02,0.185,0.365
-9.3925e-02,0.165,0.01
-9.3923e-02,0.19,0.4
-9.3922e-02,0.15,0.045
-9.3920e-02,0.23,0.37
-9.3918e-02,0.175,0.06
-9.3917e-02,0.245,0.35
-9.3915e-02,0.11,0.055
-9.3914e-02,0.125,0.36
-9.3912e-02,0.185,0.05
-9.3910e-02,0.18,0.36
-9.3909e-02,0.215,0.07
-9.3907e-02,0.26,0.345
-9.3906e-02,0.195,0.06
-9.3904e-02,0.305,0.345
-9.3902e-02,0.255,0.045
-9.3901e-02,0.27,0.37
-9.3899e-02,0.355,0.055
-9.3898e-02,0.22,0.36
-9.3896e-02,0.23,0.05
-9.3894e-02,0.18,0.36
-9.3893e-02,0.21,0.045
-9.3891e-02,0.195,0.36
-9.3890e-02,0.16,0.03
-9.3888e-02,0.14,0.395
-9.3886e-02,0.195,0.055
-9.3885e-02,0.19,0.355
-9.3883e-02,0.195,0.07
-9.3882e-02,0.31,0.335
-9.3880e-02,0.265,0.065
-9.3878e-02,0.18,0.345
-9.3877e-02,0.26,0.06
-9.3875e-02,0.28,0.355
-9.3874e-02,0.255,0.075
-9.3872e-02,0.25,0.345
-9.3870e-02,0.16,0.05
-9.3869e-02,0.225,0.37
-9.3867e-02,0.11,0.065
-9.3866e-02,0.245,0.345
-9.3864e-02,0.23,0.05
-9.3862e-02,0.255,0.365
-9.3861e-02,0.165,0.045
-9.3859e-02,0.26,0.375
-9.3858e-02,0.175,0.07
-9.3856e-02,0.235,0.355
-9.3854e-02,0.15,0.035
-9.3853e-02,0.135,0.375
-9.3851e-02,0.145,0.05
-9.3850e-02,0.215,0.37
-9.3848e-02,0.19,0.03
-9.3846e-02,0.295,0.385
-9.3845e-02,0.17,0.05
-9.3843e-02,0.205,0.37
-9.3842e-02,0.185,0.06
-9.3840e-02,0.175,0.35
-9.3838e-02,0.245,0.075
-9.3837e-02,0.285,0.34
-9.3835e-02,0.2,0.06
-9.3834e-02,0.295,0.365
-9.3832e-02,0.22,0.07
-9.3830e-02,0.3,0.34
-9.3829e-02,0.265,0.04
-9.3827e-02,0.205,0.38
-9.3826e-02,0.205,0.07
-9.3824e-02,0.17,0.355
-9.3822e-02,0.135,0.05
-9.3821e-02,0.225,0.365
-9.3819e-02,0.165,0.055
-9.3818e-02,0.135,0.36
-9.3816e-02,0.17,0.04
-9.3814e-02,0.22,0.38
-9.3813e-02,0.215,0.035
-9.3811e-02,0.245,0.385
-9.3810e-02,0.21,0.035
-9.3808e-02,0.2,0.38
-9.3806e-02,0.185,0.06
-9.3805e-02,0.195,0.355
-9.3803e-02,0.225,0.04
-9.3802e-02,0.2,0.375
-9.3800e-02,0.17,0.04
-9.3798e-02,0.09,0.385
-9.3797e-02,0.245,0.03
-9.3795e-02,0.11,0.39
-9.3794e-02,0.29,0.02
-9.3792e-02,0.175,0.405
-9.3790e-02,0.23,0.01
-9.3789e-02,0.185,0.405
-9.3787e-02,0.265,0.055
-9.3786e-02,0.2,0.365
-9.3784e-02,0.305,0.04
-9.3782e-02,0.19,0.38
-9.3781e-02,0.15,0.055
-9.3779e-02,0.135,0.37
-9.3778e-02,0.145,0.05
-9.3776e-02,0.17,0.365
-9.3774e-02,0.23,0.03
-9.3773e-02,0.165,0.39
-9.3771e-02,0.245,0.035
-9.3770e-02,0.225,0.375
-9.3768e-02,0.24,0.07
-9.3766e-02,0.285,0.35
-9.3765e-02,0.21,0.03
-9.3763e-02,0.215,0.385
-9.3762e-02,0.145,0.055
-9.3760e-02,0.185,0.365
-9.3758e-02,0.28,0.045
-9.3757e-02,0.195,0.375
-9.3755e-02,0.28,0.065
-9.3754e-02,0.185,0.345
-9.3752e-02,0.245,0.055
-9.3750e-02,0.12,0.36
-9.3749e-02,0.205,0.06
-9.3747e-02,0.22,0.36
-9.3746e-02,0.165,0.035
-9.3744e-02,0.175,0.385
-9.3742e-02,0.16,0.025
-9.3741e-02,0.195,0.395
-9.3739e-02,0.16,0.05
-9.3738e-02,0.29,0.37
-9.3736e-02,0.2,0.045
-9.3734e-02,0.305,0.38
-9.3733e-02,0.225,0.06
-9.3731e-02,0.255,0.355
-9.3730e-02,0.275,0.04
-9.3728e-02,0.26,0.38
-9.3726e-02,0.26,0.05
-9.3725e-02,0.22,0.37
-9.3723e-02,0.18,0.05
-9.3722e-02,0.27,0.375
-9.3720e-02,0.15,0.04
-9.3718e-02,0.245,0.375
-9.3717e-02,0.26,0.06
-9.3715e-02,0.195,0.365
-9.3714e-02,0.225,0.04
-9.3712e-02,0.24,0.38
-9.3710e-02,0.26,0.05
-9.3709e-02,0.33,0.38
-9.3707e-02,0.25,0.065
-9.3706e-02,0.205,0.355
-9.3704e-02,0.245,0.06
-9.3702e-02,0.1,0.365
-9.3701e-02,0.21,0.055
-9.3699e-02,0.16,0.365
-9.3698e-02,0.18,0.065
-9.3696e-02,0.17,0.355
-9.3694e-02,0.175,0.055
-9.3693e-02,0.17,0.38
-9.3691e-02,0.245,0.06
-9.3690e-02,0.17,0.355
-9.3688e-02,0.295,0.06
-9.3686e-02,0.23,0.36
-9.3685e-02,0.225,0.05
-9.3683e-02,0.2,0.36
-9.3682e-02,0.115,0.07
-9.3680e-02,0.19,0.355
-9.3678e-02,0.28,0.045
-9.3677e-02,0.2,0.38
-9.3675e-02,0.345,0.045
-9.3674e-02,0.215,0.38
-9.3672e-02,0.225,0.04
-9.3670e-02,0.27,0.38
-9.3669e-02,0.14,0.035
-9.3667e-02,0.28,0.38
-9.3666e-02,0.17,0.045
-9.3664e-02,0.17,0.38
-9.3662e-02,0.175,0.025
-9.3661e-02,0.235,0.4
-9.3659e-02,0.245,0.045
-9.3658e-02,0.275,0.37
-9.3656e-02,0.305,0.045
-9.3654e-02,0.26,0.385
-9.3653e-02,0.205,0.05
-9.3651e-02,0.18,0.375
-9.3650e-02,0.2,0.065
-9.3648e-02,0.13,0.365
-9.3646e-02,0.205,0.075
-9.3645e-02,0.155,0.355
-9.3643e-02,0.215,0.065
-9.3642e-02,0.205,0.355
-9.3640e-02,0.155,0.05
-9.3638e-02,0.25,0.375
-9.3637e-02,0.245,0.06
-9.3635e-02,0.22,0.365
-9.3634e-02,0.315,0.055
-9.3632e-02,0.16,0.37
-9.3630e-02,0.255,0.07
-9.3629e-02,0.17,0.355
-9.3627e-02,0.19,0.075
-9.3626e-02,0.28,0.345
-9.3624e-02,0.19,0.03
-9.3622e-02,0.275,0.4
-9.3621e-02,0.21,0.07
-9.3619e-02,0.18,0.355
-9.3618e-02,0.225,0.05
-9.3616e-02,0.215,0.375
-9.3614e-02,0.23,0.06
-9.3613e-02,0.235,0.375
-9.3611e-02,0.185,0.065
-9.3610e-02,0.165,0.36
-9.3608e-02,0.13,0.045
-9.3606e-02,0.155,0.38
-9.3605e-02,0.23,0.065
-9.3603e-02,0.115,0.365
-9.3602e-02,0.26,0.075
-9.3600e-02,0.175,0.345
-9.3598e-02,0.125,0.045
-9.3597e-02,0.215,0.38
-9.3595e-02,0.165,0.025
-9.3594e-02,0.195,0.405
-9.3592e-02,0.275,0.035
-9.3590e-02,0.155,0.39
-9.3589e-02,0.22,0.06
-9.3587e-02,0.26,0.365
-9.3586e-02,0.205,0.045
-9.3584e-02,0.25,0.38
-9.3582e-02,0.27,0.07
-9.3581e-02,0.28,0.36
-9.3579e-02,0.22,0.055
-9.3578e-02,0.185,0.375
-9.3576e-02,0.185,0.07
-9.3574e-02,0.125,0.365
-9.3573e-02,0.15,0.045
-9.3571e-02,0.195,0.39
-9.3570e-02,0.195,0.06
-9.3568e-02,0.235,0.365
-9.3566e-02,0.165,0.055
-9.3565e-02,0.21,0.375
-9.3563e-02,0.21,0.065
-9.3562e-02,0.24,0.365
-9.3560e-02,0.225,0.05
-9.3558e-02,0.195,0.38
-9.3557e-02,0.26,0.055
-9.3555e-02,0.175,0.37
-9.3554e-02,0.25,0.05
-9.3552e-02,0.265,0.38
-9.3550e-02,0.29,0.06
-9.3549e-02,0.19,0.365
-9.3547e-02,0.23,0.035
-9.3546e-02,0.155,0.395
-9.3544e-02,0.19,0.07
-9.3542e-02,0.14,0.36
-9.3541e-02,0.255,0.06
-9.3539e-02,0.225,0.365
-9.3538e-02,0.24,0.06
-9.3536e-02,0.23,0.375
-9.3534e-02,0.18,0.07
-9.3533e-02,0.21,0.36
-9.3531e-02,0.25,0.02
-9.3530e-02,0.22,0.415
-9.3528e-02,0.27,0.055
-9.3526e-02,0.33,0.38
-9.3525e-02,0.185,0.07
-9.3523e-02,0.235,0.36
-9.3522e-02,0.2,0.08
-9.3520e-02,0.21,0.35
-9.3518e-02,0.215,0.065
-9.3517e-02,0.275,0.37
-9.3515e-02,0.22,0.045
-9.3514e-02,0.29,0.38
-9.3512e-02,0.14,0.055
-9.3510e-02,0.28,0.385
-9.3509e-02,0.245,0.04
-9.3507e-02,0.23,0.385
-9.3506e-02,0.245,0.07
-9.3504e-02,0.2,0.36
-9.3502e-02,0.205,0.035
-9.3501e-02,0.205,0.39
-9.3499e-02,0.205,0.075
-9.3498e-02,0.28,0.365
-9.3496e-02,0.245,0.075
-9.3494e-02,0.195,0.355
-9.3493e-02,0.235,0.03
-9.3491e-02,0.165,0.41
-9.3490e-02,0.2,0.05
-9.3488e-02,0.165,0.39
-9.3486e-02,0.2,0.05
-9.3485e-02,0.165,0.385
-9.3483e-02,0.21,0.055
-9.3482e-02,0.035,0.385
-9.3480e-02,0.195,0.035
-9.3478e-02,0.12,0.395
-9.3477e-02,0.17,0.055
-9.3475e-02,0.235,0.4
-9.3474e-02,0.22,0.07
-9.3472e-02,0.285,0.37
-9.3470e-02,0.19,0.06
-9.3469e-02,0.25,0.37
-9.3467e-02,0.21,0.035
-9.3466e-02,0.255,0.4
-9.3464e-02,0.22,0.03
-9.3462e-02,0.21,0.405
-9.3461e-02,0.19,0.07
-9.3459e-02,0.17,0.365
-9.3458e-02,0.225,0.065
-9.3456e-02,0.245,0.375
-9.3454e-02,0.27,0.06
-9.3453e-02,0.245,0.375
-9.3451e-02,0.155,0.075
-9.3450e-02,0.175,0.365
-9.3448e-02,0.195,0.045
-9.3446e-02,0.165,0.4
-9.3445e-02,0.255,0.06
-9.3443e-02,0.26,0.38
-9.3442e-02,0.24,0.07
-9.3440e-02,0.23,0.365
-9.3438e-02,0.235,0.06
-9.3437e-02,0.17,0.38
-9.3435e-02,0.24,0.06
-9.3434e-02,0.13,0.37
-9.3432e-02,0.275,0.035
-9.3430e-02,0.17,0.405
-9.3429e-02,0.235,0.075
-9.3427e-02,0.205,0.36
-9.3426e-02,0.185,0.075
-9.3424e-02,0.35,0.36
-9.3422e-02,0.215,0.07
-9.3421e-02,0.3,0.36
-9.3419e-02,0.2,0.075
-9.3418e-02,0.235,0.36
-9.3416e-02,0.175,0.06
-9.3414e-02,0.19,0.375
-9.3413e-02,0.225,0.05
-9.3411e-02,0.235,0.39
-9.3410e-02,0.19,0.05
-9.3408e-02,0.165,0.39
-9.3406e-02,0.225,0.035
-9.3405e-02,0.165,0.4
-9.3403e-02,0.25,0.065
-9.3402e-02,0.225,0.38
-9.3400e-02,0.26,0.055
-9.3398e-02,0.21,0.38
-9.3397e-02,0.235,0.07
-9.3395e-02,0.17,0.36
-9.3394e-02,0.29,0.08
-9.3392e-02,0.17,0.355
-9.3390e-02,0.23,0.06
-9.3389e-02,0.16,0.375
-9.3387e-02,0.14,0.055
-9.3386e-02,0.215,0.38
-9.3384e-02,0.12,0.06
-9.3382e-02,0.255,0.38
-9.3381e-02,0.19,0.07
-9.3379e-02,0.23,0.37
-9.3378e-02,0.13,0.05
-9.3376e-02,0.19,0.38
-9.3374e-02,0.215,0.055
-9.3373e-02,0.235,0.375
-9.3371e-02,0.24,0.03
-9.3370e-02,0.285,0.405
-9.3368e-02,0.27,0.04
-9.3366e-02,0.21,0.4
-9.3365e-02,0.13,0.045
-9.3363e-02,0.235,0.39
-9.3362e-02,0.11,0.075
-9.3360e-02,0.18,0.36
-9.3358e-02,0.225,0.065
-9.3357e-02,0.14,0.37
-9.3355e-02,0.26,0.06
-9.3354e-02,0.155,0.375
-9.3352e-02,0.305,0.07
-9.3350e-02,0.27,0.37
-9.3349e-02,0.215,0.07
-9.3347e-02,0.27,0.37
-9.3346e-02,0.14,0.08
-9.3344e-02,0.28,0.35
-9.3342e-02,0.25,0.09
-9.3341e-02,0.285,0.345
-9.3339e-02,0.33,0.085
-9.3338e-02,0.305,0.355
-9.3336e-02,0.255,0.065
-9.3334e-02,0.27,0.38
-9.3333e-02,0.26,0.08
-9.3331e-02,0.275,0.365
-9.3330e-02,0.195,0.045
-9.3328e-02,0.24,0.4
-9.3326e-02,0.215,0.06
-9.3325e-02,0.17,0.375
-9.3323e-02,0.1,0.08
-9.3322e-02,0.155,0.36
-9.3320e-02,0.19,0.07
-9.3318e-02,0.235,0.375
-9.3317e-02,0.23,0.065
-9.3315e-02,0.245,0.375
-9.3314e-02,0.28,0.035
-9.3312e-02,0.21,0.4
-9.3310e-02,0.215,0.07
-9.3309e-02,0.275,0.38
-9.3307e-02,0.205,0.06
-9.3306e-02,0.305,0.385
-9.3304e-02,0.135,0.075
-9.3302e-02,0.29,0.37
-9.3301e-02,0.175,0.07
-9.3299e-02,0.2,0.375
-9.3298e-02,0.315,0.05
-9.3296e-02,0.245,0.39
-9.3294e-02,0.33,0.07
-9.3293e-02,0.18,0.37
-9.3291e-02,0.225,0.065
-9.3290e-02,0.14,0.38
-9.3288e-02,0.205,0.065
-9.3286e-02,0.14,0.38
-9.3285e-02,0.265,0.035
-9.3283e-02,0.195,0.41
-9.3282e-02,0.19,0.06
-9.3280e-02,0.205,0.39
-9.3278e-02,0.28,0.07
-9.3277e-02,0.24,0.375
-9.3275e-02,0.305,0.045
-9.3274e-02,0.22,0.41
-9.3272e-02,0.33,0.09
-9.3270e-02,0.245,0.345
-9.3269e-02,0.15,0.06
-9.3267e-02,0.275,0.39
-9.3266e-02,0.135,0.06
-9.3264e-02,0.24,0.385
-9.3262e-02,0.22,0.075
-9.3261e-02,0.28,0.37
-9.3259e-02,0.305,0.09
-9.3258e-02,0.26,0.355
-9.3256e-02,0.235,0.055
-9.3254e-02,0.24,0.385
-9.3253e-02,0.25,0.05
-9.3251e-02,0.22,0.395
-9.3250e-02,0.25,0.065
-9.3248e-02,0.15,0.385
-9.3246e-02,0.31,0.055
-9.3245e-02,0.175,0.39
-9.3243e-02,0.34,0.07
-9.3242e-02,0.27,0.385
-9.3240e-02,0.305,0.04
-9.3238e-02,0.29,0.4
-9.3237e-02,0.205,0.07
-9.3235e-02,0.26,0.375
-9.3234e-02,0.145,0.07
-9.3232e-02,0.205,0.38
-9.3230e-02,0.17,0.05
-9.3229e-02,0.27,0.39
-9.3227e-02,0.205,0.065
-9.3226e-02,0.265,0.38
-9.3224e-02,0.18,0.03
-9.3222e-02,0.275,0.405
-9.3221e-02,0.18,0.08
-9.3219e-02,0.23,0.36
-9.3218e-02,0.22,0.07
-9.3216e-02,0.235,0.37
-9.3214e-02,0.19,0.095
-9.3213e-02,0.135,0.35
-9.3211e-02,0.21,0.075
-9.3210e-02,0.14,0.36
-9.3208e-02,0.205,0.065
-9.3206e-02,0.175,0.385
-9.3205e-02,0.28,0.065
-9.3203e-02,0.25,0.38
-9.3202e-02,0.245,0.055
-9.3200e-02,0.275,0.39
-9.3198e-02,0.265,0.075
-9.3197e-02,0.275,0.365
-9.3195e-02,0.215,0.025
-9.3194e-02,0.225,0.415
-9.3192e-02,0.165,0.055
-9.3190e-02,0.165,0.385
-9.3189e-02,0.15,0.06
-9.3187e-02,0.195,0.385
-9.3186e-02,0.265,0.075
-9.3184e-02,0.205,0.37
-9.3182e-02,0.27,0.055
-9.3181e-02,0.24,0.39
-9.3179e-02,0.25,0.04
-9.3178e-02,0.195,0.405
-9.3176e-02,0.245,0.065
-9.3174e-02,0.195,0.38
-9.3173e-02,0.26,0.055
-9.3171e-02,0.14,0.39
-9.3170e-02,0.225,0.07
-9.3168e-02,0.235,0.375
-9.3166e-02,0.16,0.07
-9.3165e-02,0.28,0.38
-9.3163e-02,0.245,0.075
-9.3162e-02,0.32,0.37
-9.3160e-02,0.23,0.045
-9.3158e-02,0.275,0.4
-9.3157e-02,0.185,0.085
-9.3155e-02,0.25,0.365
-9.3154e-02,0.13,0.06
-9.3152e-02,0.22,0.38
-9.3150e-02,0.2,0.07
-9.3149e-02,0.165,0.375
-9.3147e-02,0.225,0.085
-9.3146e-02,0.16,0.365
-9.3144e-02,0.325,0.06
-9.3142e-02,0.29,0.39
-9.3141e-02,0.27,0.06
-9.3139e-02,0.255,0.39
-9.3138e-02,0.26,0.07
-9.3136e-02,0.16,0.385
-9.3134e-02,0.235,0.045
-9.3133e-02,0.135,0.405
-9.3131e-02,0.27,0.045
-9.3130e-02,0.115,0.415
-9.3128e-02,0.25,0.075
-9.3126e-02,0.18,0.375
-9.3125e-02,0.29,0.06
-9.3123e-02,0.25,0.39
-9.3122e-02,0.315,0.07
-9.3120e-02,0.32,0.375
-9.3118e-02,0.225,0.07
-9.3117e-02,0.255,0.375
-9.3115e-02,0.21,0.07
-9.3114e-02,0.285,0.38
-9.3112e-02,0.205,0.085
-9.3110e-02,0.215,0.375
-9.3109e-02,0.14,0.085
-9.3107e-02,0.23,0.375
-9.3106e-02,0.16,0.08
-9.3104e-02,0.26,0.37
-9.3102e-02,0.23,0.08
-9.3101e-02,0.35,0.375
-9.3099e-02,0.305,0.075
-9.3098e-02,0.23,0.385
-9.3096e-02,0.31,0.06
-9.3094e-02,0.215,0.4
-9.3093e-02,0.245,0.055
-9.3091e-02,0.17,0.4
-9.3090e-02,0.22,0.055
-9.3088e-02,0.07,0.39
-9.3086e-02,0.175,0.07
-9.3085e-02,0.17,0.375
-9.3083e-02,0.245,0.07
-9.3082e-02,0.26,0.385
-9.3080e-02,0.265,0.08
-9.3078e-02,0.195,0.375
-9.3077e-02,0.37,0.08
-9.3075e-02,0.19,0.375
-9.3074e-02,0.34,0.075
-9.3072e-02,0.255,0.38
-9.3070e-02,0.295,0.07
-9.3069e-02,0.205,0.375
-9.3067e-02,0.24,0.07
-9.3066e-02,0.25,0.38
-9.3064e-02,0.34,0.065
-9.3062e-02,0.215,0.385
-9.3061e-02,0.22,0.06
-9.3059e-02,0.185,0.395
-9.3058e-02,0.2,0.04
-9.3056e-02,0.17,0.42
-9.3054e-02,0.21,0.07
-9.3053e-02,0.24,0.385
-9.3051e-02,0.145,0.07
-9.3050e-02,0.165,0.38
-9.3048e-02,0.21,0.065
-9.3046e-02,0.285,0.39
-9.3045e-02,0.25,0.06
-9.3043e-02,0.3,0.395
-9.3042e-02,0.21,0.075
-9.3040e-02,0.285,0.375
-9.3038e-02,0.23,0.085
-9.3037e-02,0.225,0.365
-9.3035e-02,0.315,0.055
-9.3034e-02,0.17,0.395
-9.3032e-02,0.215,0.075
-9.3030e-02,0.21,0.375
-9.3029e-02,0.27,0.065
-9.3027e-02,0.275,0.38
-9.3026e-02,0.275,0.04
-9.3024e-02,0.205,0.405
-9.3022e-02,0.2,0.06
-9.3021e-02,0.205,0.385
-9.3019e-02,0.235,0.07
-9.3018e-02,0.16,0.385
-9.3016e-02,0.26,0.04
-9.3014e-02,0.135,0.415
-9.3013e-02,0.21,0.06
-9.3011e-02,0.225,0.39
-9.3010e-02,0.28,0.06
-9.3008e-02,0.335,0.385
-9.3006e-02,0.28,0.08
-9.3005e-02,0.28,0.37
-9.3003e-02,0.305,0.065
-9.3002e-02,0.295,0.39
-9.3000e-02,0.215,0.07
-9.2998e-02,0.31,0.38
-9.2997e-02,0.195,0.065
-9.2995e-02,0.23,0.385
-9.2994e-02,0.15,0.04
-9.2992e-02,0.265,0.415
-9.2990e-02,0.235,0.02
-9.2989e-02,0.215,0.42
-9.2987e-02,0.215,0.075
-9.2986e-02,0.23,0.375
-9.2984e-02,0.265,0.07
-9.2982e-02,0.2,0.38
-9.2981e-02,0.255,0.065
-9.2979e-02,0.195,0.39
-9.2978e-02,0.19,0.05
-9.2976e-02,0.205,0.41
-9.2974e-02,0.3,0.03
-9.2973e-02,0.285,0.42
-9.2971e-02,0.22,0.075
-9.2970e-02,0.26,0.38
-9.2968e-02,0.225,0.07
-9.2966e-02,0.28,0.385
-9.2965e-02,0.19,0.065
-9.2963e-02,0.21,0.4
-9.2962e-02,0.135,0.08
-9.2960e-02,0.225,0.375
-9.2958e-02,0.09,0.07
-9.2957e-02,0.285,0.4
-9.2955e-02,0.185,0.05
-9.2954e-02,0.25,0.415
-9.2952e-02,0.17,0.07
-9.2950e-02,0.24,0.395
-9.2949e-02,0.235,0.035
-9.2947e-02,0.305,0.42
-9.2946e-02,0.2,0.065
-9.2944e-02,0.165,0.39
-9.2942e-02,0.27,0.08
-9.2941e-02,0.185,0.385
-9.2939e-02,0.24,0.08
-9.2938e-02,0.175,0.39
-9.2936e-02,0.205,0.085
-9.2934e-02,0.195,0.385
-9.2933e-02,0.245,0.05
-9.2931e-02,0.315,0.415
-9.2930e-02,0.335,0.055
-9.2928e-02,0.245,0.405
-9.2926e-02,0.24,0.035
-9.2925e-02,0.26,0.435
-9.2923e-02,0.285,0.075
-9.2922e-02,0.215,0.385
-9.2920e-02,0.125,0.09
-9.2918e-02,0.25,0.375
-9.2917e-02,0.165,0.08
-9.2915e-02,0.285,0.38
-9.2914e-02,0.195,0.085
-9.2912e-02,0.22,0.38
-9.2910e-02,0.2,0.1
-9.2909e-02,0.155,0.37
-9.2907e-02,0.18,0.075
-9.2906e-02,0.24,0.385
-9.2904e-02,0.235,0.07
-9.2902e-02,0.21,0.39
-9.2901e-02,0.24,0.09
-9.2899e-02,0.24,0.37
-9.2898e-02,0.215,0.08
-9.2896e-02,0.25,0.38
-9.2894e-02,0.16,0.08
-9.2893e-02,0.225,0.375
-9.2891e-02,0.24,0.065
-9.2890e-02,0.27,0.395
-9.2888e-02,0.295,0.08
-9.2886e-02,0.335,0.39
-9.2885e-02,0.2,0.05
-9.2883e-02,0.225,0.42
-9.2882e-02,0.175,0.085
-9.2880e-02,0.23,0.38
-9.2878e-02,0.12,0.08
-9.2877e-02,0.17,0.38
-9.2875e-02,0.16,0.05
-9.2874e-02,0.255,0.405
-9.2872e-02,0.24,0.07
-9.2870e-02,0.235,0.39
-9.2869e-02,0.295,0.055
-9.2867e-02,0.3,0.405
-9.2866e-02,0.28,0.035
-9.2864e-02,0.335,0.43
-9.2862e-02,0.28,0.035
-9.2861e-02,0.255,0.43
-9.2859e-02,0.275,0.065
-9.2858e-02,0.24,0.395
-9.2856e-02,0.345,0.065
-9.2854e-02,0.265,0.4
-9.2853e-02,0.205,0.08
-9.2851e-02,0.26,0.38
-9.2850e-02,0.18,0.07
-9.2848e-02,0.3,0.395
-9.2846e-02,0.175,0.08
-9.2845e-02,0.215,0.38
-9.2843e-02,0.155,0.06
-9.2842e-02,0.16,0.4
-9.2840e-02,0.185,0.04
-9.2838e-02,0.23,0.42
-9.2837e-02,0.2,0.065
-9.2835e-02,0.19,0.4
-9.2834e-02,0.195,0.07
-9.2832e-02,0.205,0.39
-9.2830e-02,0.245,0.08
-9.2829e-02,0.19,0.375
-9.2827e-02,0.19,0.08
-9.2826e-02,0.185,0.38
-9.2824e-02,0.23,0.085
-9.2822e-02,0.24,0.375
-9.2821e-02,0.25,0.075
-9.2819e-02,0.215,0.38
-9.2818e-02,0.15,0.07
-9.2816e-02,0.205,0.385
-9.2814e-02,0.265,0.09
-9.2813e-02,0.24,0.37
-9.2811e-02,0.285,0.08
-9.2810e-02,0.21,0.38
-9.2808e-02,0.31,0.075
-9.2806e-02,0.335,0.39
-9.2805e-02,0.3,0.09
-9.2803e-02,0.205,0.375
-9.2802e-02,0.245,0.075
-9.2800e-02,0.17,0.39
-9.2798e-02,0.145,0.03
-9.2797e-02,0.19,0.435
-9.2795e-02,0.165,0.075
-9.2794e-02,0.255,0.385
-9.2792e-02,0.19,0.07
-9.2790e-02,0.165,0.395
-9.2789e-02,0.255,0.09
-9.2787e-02,0.245,0.375
-9.2786e-02,0.25,0.08
-9.2784e-02,0.23,0.38
-9.2782e-02,0.195,0.075
-9.2781e-02,0.275,0.39
-9.2779e-02,0.23,0.055
-9.2778e-02,0.275,0.405
-9.2776e-02,0.25,0.05
-9.2774e-02,0.26,0.41
-9.2773e-02,0.24,0.085
-9.2771e-02,0.325,0.38
-9.2770e-02,0.345,0.065
-9.2768e-02,0.31,0.405
-9.2766e-02,0.3,0.05
-9.2765e-02,0.245,0.42
-9.2763e-02,0.265,0.055
-9.2762e-02,0.27,0.41
-9.2760e-02,0.14,0.05
-9.2758e-02,0.225,0.41
-9.2757e-02,0.105,0.065
-9.2755e-02,0.21,0.4
-9.2754e-02,0.27,0.08
-9.2752e-02,0.27,0.385
-9.2750e-02,0.36,0.07
-9.2749e-02,0.19,0.4
-9.2747e-02,0.305,0.08
-9.2746e-02,0.165,0.39
-9.2744e-02,0.29,0.09
-9.2742e-02,0.175,0.38
-9.2741e-02,0.155,0.095
-9.2739e-02,0.22,0.37
-9.2738e-02,0.185,0.08
-9.2736e-02,0.22,0.38
-9.2734e-02,0.235,0.08
-9.2733e-02,0.23,0.39
-9.2731e-02,0.205,0.075
-9.2730e-02,0.18,0.4
-9.2728e-02,0.195,0.085
-9.2726e-02,0.285,0.38
-9.2725e-02,0.255,0.07
-9.2723e-02,0.185,0.395
-9.2722e-02,0.19,0.085
-9.2720e-02,0.24,0.385
-9.2718e-02,0.17,0.075
-9.2717e-02,0.27,0.395
-9.2715e-02,0.165,0.07
-9.2714e-02,0.25,0.405
-9.2712e-02,0.22,0.08
-9.2710e-02,0.285,0.39
-9.2709e-02,0.34,0.05
-9.2707e-02,0.285,0.415
-9.2706e-02,0.3,0.07
-9.2704e-02,0.23,0.4
-9.2702e-02,0.315,0.055
-9.2701e-02,0.265,0.41
-9.2699e-02,0.205,0.05
-9.2698e-02,0.215,0.42
-9.2696e-02,0.23,0.07
-9.2694e-02,0.23,0.405
-9.2693e-02,0.22,0.06
-9.2691e-02,0.245,0.4
-9.2690e-02,0.28,0.06
-9.2688e-02,0.135,0.415
-9.2686e-02,0.325,0.055
-9.2685e-02,0.18,0.415
-9.2683e-02,0.295,0.06
-9.2682e-02,0.255,0.41
-9.2680e-02,0.17,0.06
-9.2678e-02,0.265,0.405
-9.2677e-02,0.255,0.08
-9.2675e-02,0.39,0.39
-9.2674e-02,0.27,0.06
-9.2672e-02,0.35,0.405
-9.2670e-02,0.255,0.07
-9.2669e-02,0.3,0.4
-9.2667e-02,0.225,0.075
-9.2666e-02,0.27,0.39
-9.2664e-02,0.135,0.065
-9.2662e-02,0.235,0.4
-9.2661e-02,0.255,0.065
-9.2659e-02,0.27,0.405
-9.2658e-02,0.285,0.08
-9.2656e-02,0.22,0.395
-9.2654e-02,0.195,0.075
-9.2653e-02,0.28,0.4
-9.2651e-02,0.14,0.085
-9.2650e-02,0.19,0.385
-9.2648e-02,0.175,0.08
-9.2646e-02,0.19,0.385
-9.2645e-02,0.25,0.065
-9.2643e-02,0.165,0.405
-9.2642e-02,0.295,0.09
-9.2640e-02,0.2,0.385
-9.2638e-02,0.23,0.045
-9.2637e-02,0.23,0.43
-9.2635e-02,0.29,0.08
-9.2634e-02,0.25,0.395
-9.2632e-02,0.275,0.085
-9.2630e-02,0.155,0.39
-9.2629e-02,0.285,0.07
-9.2627e-02,0.315,0.405
-9.2626e-02,0.24,0.09
-9.2624e-02,0.215,0.39
-9.2622e-02,0.18,0.06
-9.2621e-02,0.27,0.415
-9.2619e-02,0.195,0.075
-9.2618e-02,0.205,0.395
-9.2616e-02,0.17,0.04
-9.2614e-02,0.215,0.435
-9.2613e-02,0.22,0.06
-9.2611e-02,0.265,0.415
-9.2610e-02,0.245,0.045
-9.2608e-02,0.195,0.425
-9.2606e-02,0.205,0.015
-9.2605e-02,0.275,0.45
-9.2603e-02,0.19,0.07
-9.2602e-02,0.235,0.395
-9.2600e-02,0.115,0.085
-9.2598e-02,0.22,0.385
-9.2597e-02,0.24,0.065
-9.2595e-02,0.23,0.405
-9.2594e-02,0.17,0.065
-9.2592e-02,0.19,0.405
-9.2590e-02,0.215,0.075
-9.2589e-02,0.21,0.4
-9.2587e-02,0.16,0.055
-9.2586e-02,0.26,0.42
-9.2584e-02,0.165,0.075
-9.2582e-02,0.225,0.395
-9.2581e-02,0.245,0.075
-9.2579e-02,0.3,0.395
-9.2578e-02,0.265,0.06
-9.2576e-02,0.26,0.41
-9.2574e-02,0.295,0.07
-9.2573e-02,0.29,0.405
-9.2571e-02,0.295,0.05
-9.2570e-02,0.145,0.42
-9.2568e-02,0.235,0.06
-9.2566e-02,0.205,0.41
-9.2565e-02,0.28,0.07
-9.2563e-02,0.225,0.39
-9.2562e-02,0.245,0.07
-9.2560e-02,0.305,0.395
-9.2558e-02,0.42,0.055
-9.2557e-02,0.25,0.42
-9.2555e-02,0.37,0.045
-9.2554e-02,0.23,0.42
-9.2552e-02,0.325,0.065
-9.2550e-02,0.215,0.4
-9.2549e-02,0.265,0.06
-9.2547e-02,0.185,0.41
-9.2546e-02,0.235,0.07
-9.2544e-02,0.285,0.4
-9.2542e-02,0.27,0.07
-9.2541e-02,0.31,0.4
-9.2539e-02,0.275,0.08
-9.2538e-02,0.33,0.395
-9.2536e-02,0.29,0.085
-9.2534e-02,0.295,0.39
-9.2533e-02,0.19,0.04
-9.2531e-02,0.235,0.435
-9.2530e-02,0.21,0.07
-9.2528e-02,0.245,0.41
-9.2526e-02,0.175,0.065
-9.2525e-02,0.22,0.415
-9.2523e-02,0.245,0.06
-9.2522e-02,0.325,0.41
-9.2520e-02,0.27,0.08
-9.2518e-02,0.27,0.4
-9.2517e-02,0.26,0.08
-9.2515e-02,0.305,0.39
-9.2514e-02,0.26,0.08
-9.2512e-02,0.155,0.395
-9.2510e-02,0.205,0.07
-9.2509e-02,0.265,0.4
-9.2507e-02,0.145,0.08
-9.2506e-02,0.22,0.4
-9.2504e-02,0.18,0.1
-9.2502e-02,0.255,0.37
-9.2501e-02,0.28,0.09
-9.2499e-02,0.215,0.395
-9.2498e-02,0.27,0.09
-9.2496e-02,0.245,0.395
-9.2494e-02,0.335,0.055
-9.2493e-02,0.25,0.425
-9.2491e-02,0.28,0.03
-9.2490e-02,0.24,0.445
-9.2488e-02,0.27,0.08
-9.2486e-02,0.27,0.4
-9.2485e-02,0.265,0.08
-9.2483e-02,0.23,0.395
-9.2482e-02,0.25,0.045
-9.2480e-02,0.27,0.43
-9.2478e-02,0.27,0.07
-9.2477e-02,0.265,0.405
-9.2475e-02,0.195,0.075
-9.2474e-02,0.25,0.405
-9.2472e-02,0.305,0.065
-9.2470e-02,0.23,0.42
-9.2469e-02,0.21,0.095
-9.2467e-02,0.295,0.385
-9.2466e-02,0.27,0.1
-9.2464e-02,0.295,0.38
-9.2462e-02,0.215,0.07
-9.2461e-02,0.235,0.415
-9.2459e-02,0.32,0.075
-9.2458e-02,0.2,0.41
-9.2456e-02,0.25,0.09
-9.2454e-02,0.23,0.395
-9.2453e-02,0.265,0.09
-9.2451e-02,0.27,0.39
-9.2450e-02,0.205,0.065
-9.2448e-02,0.275,0.41
-9.2446e-02,0.255,0.085
-9.2445e-02,0.25,0.4
-9.2443e-02,0.25,0.07
-9.2442e-02,0.25,0.41
-9.2440e-02,0.21,0.06
-9.2438e-02,0.32,0.425
-9.2437e-02,0.255,0.035
-9.2435e-02,0.23,0.455
-9.2434e-02,0.205,0.045
-9.2432e-02,0.16,0.44
-9.2430e-02,0.225,0.085
-9.2429e-02,0.25,0.395
-9.2427e-02,0.15,0.085
-9.2426e-02,0.315,0.4
-9.2424e-02,0.205,0.085
-9.2422e-02,0.38,0.4
-9.2421e-02,0.265,0.06
-9.2419e-02,0.265,0.425
-9.2418e-02,0.28,0.09
-9.2416e-02,0.35,0.39
-9.2414e-02,0.24,0.07
-9.2413e-02,0.25,0.41
-9.2411e-02,0.195,0.08
-9.2410e-02,0.3,0.4
-9.2408e-02,0.29,0.095
-9.2406e-02,0.25,0.385
-9.2405e-02,0.245,0.09
-9.2403e-02,0.365,0.38
-9.2402e-02,0.28,0.09
-9.2400e-02,0.27,0.39
-9.2398e-02,0.25,0.04
-9.2397e-02,0.215,0.44
-9.2395e-02,0.25,0.075
-9.2394e-02,0.195,0.4
-9.2392e-02,0.17,0.055
-9.2390e-02,0.205,0.425
-9.2389e-02,0.18,0.095
-9.2387e-02,0.27,0.385
-9.2386e-02,0.26,0.08
-9.2384e-02,0.265,0.395
-9.2382e-02,0.23,0.08
-9.2381e-02,0.365,0.39
-9.2379e-02,0.31,0.08
-9.2378e-02,0.28,0.395
-9.2376e-02,0.295,0.06
-9.2374e-02,0.195,0.415
-9.2373e-02,0.395,0.065
-9.2371e-02,0.23,0.415
-9.2370e-02,0.27,0.05
-9.2368e-02,0.215,0.425
-9.2366e-02,0.305,0.08
-9.2365e-02,0.245,0.4
-9.2363e-02,0.26,0.065
-9.2362e-02,0.2,0.41
-9.2360e-02,0.245,0.07
-9.2358e-02,0.29,0.4
-9.2357e-02,0.19,0.045
-9.2355e-02,0.21,0.425
-9.2354e-02,0.245,0.075
-9.2352e-02,0.225,0.4
-9.2350e-02,0.275,0.07
-9.2349e-02,0.305,0.405
-9.2347e-02,0.225,0.075
-9.2346e-02,0.225,0.4
-9.2344e-02,0.31,0.075
-9.2342e-02,0.21,0.405
-9.2341e-02,0.255,0.06
-9.2339e-02,0.14,0.41
-9.2338e-02,0.26,0.07
-9.2336e-02,0.265,0.41
-9.2334e-02,0.2,0.07
-9.2333e-02,0.225,0.41
-9.2331e-02,0.245,0.08
-9.2330e-02,0.32,0.41
-9.2328e-02,0.245,0.075
-9.2326e-02,0.255,0.4
-9.2325e-02,0.205,0.06
-9.2323e-02,0.245,0.425
-9.2322e-02,0.35,0.09
-9.2320e-02,0.21,0.385
-9.2318e-02,0.19,0.085
-9.2317e-02,0.3,0.405
-9.2315e-02,0.215,0.09
-9.2314e-02,0.26,0.39
-9.2312e-02,0.265,0.07
-9.2310e-02,0.19,0.415
-9.2309e-02,0.185,0.07
-9.2307e-02,0.215,0.415
-9.2306e-02,0.21,0.1
-9.2304e-02,0.145,0.385
-9.2302e-02,0.255,0.1
-9.2301e-02,0.17,0.39
-9.2299e-02,0.285,0.08
-9.2298e-02,0.23,0.415
-9.2296e-02,0.115,0.065
-9.2294e-02,0.235,0.43
-9.2293e-02,0.29,0.09
-9.2291e-02,0.195,0.405
-9.2290e-02,0.165,0.095
-9.2288e-02,0.245,0.405
-9.2286e-02,0.23,0.08
-9.2285e-02,0.23,0.41
-9.2283e-02,0.2,0.095
-9.2282e-02,0.205,0.4
-9.2280e-02,0.25,0.07
-9.2278e-02,0.27,0.425
-9.2277e-02,0.23,0.06
-9.2275e-02,0.21,0.425
-9.2274e-02,0.235,0.04
-9.2272e-02,0.31,0.44
-9.2270e-02,0.195,0.075
-9.2269e-02,0.295,0.415
-9.2267e-02,0.195,0.07
-9.2266e-02,0.265,0.425
-9.2264e-02,0.275,0.06
-9.2262e-02,0.275,0.425
-9.2261e-02,0.155,0.045
-9.2259e-02,0.28,0.45
-9.2258e-02,0.19,0.055
-9.2256e-02,0.16,0.43
-9.2254e-02,0.21,0.09
-9.2253e-02,0.14,0.405
-9.2251e-02,0.17,0.085
-9.2250e-02,0.235,0.405
-9.2248e-02,0.225,0.1
-9.2246e-02,0.235,0.39
-9.2245e-02,0.26,0.07
-9.2243e-02,0.21,0.425
-9.2242e-02,0.35,0.085
-9.2240e-02,0.185,0.405
-9.2238e-02,0.17,0.085
-9.2237e-02,0.225,0.41
-9.2235e-02,0.255,0.05
-9.2234e-02,0.185,0.435
-9.2232e-02,0.23,0.09
-9.2230e-02,0.25,0.395
-9.2229e-02,0.27,0.04
-9.2227e-02,0.33,0.44
-9.2226e-02,0.27,0.085
-9.2224e-02,0.235,0.4
-9.2222e-02,0.325,0.055
-9.2221e-02,0.21,0.43
-9.2219e-02,0.3,0.06
-9.2218e-02,0.2,0.43
-9.2216e-02,0.165,0.085
-9.2214e-02,0.205,0.4
-9.2213e-02,0.2,0.08
-9.2211e-02,0.135,0.415
-9.2210e-02,0.205,0.085
-9.2208e-02,0.185,0.4
-9.2206e-02,0.19,0.075
-9.2205e-02,0.31,0.405
-9.2203e-02,0.205,0.075
-9.2202e-02,0.245,0.415
-9.2200e-02,0.215,0.06
-9.2198e-02,0.255,0.42
-9.2197e-02,0.21,0.1
-9.2195e-02,0.205,0.385
-9.2194e-02,0.19,0.08
-9.2192e-02,0.31,0.41
-9.2190e-02,0.27,0.07
-9.2189e-02,0.29,0.415
-9.2187e-02,0.23,0.09
-9.2186e-02,0.395,0.395
-9.2184e-02,0.275,0.09
-9.2182e-02,0.26,0.395
-9.2181e-02,0.275,0.075
-9.2179e-02,0.245,0.42
-9.2178e-02,0.245,0.095
-9.2176e-02,0.215,0.395
-9.2174e-02,0.14,0.085
-9.2173e-02,0.2,0.395
-9.2171e-02,0.27,0.05
-9.2170e-02,0.195,0.43
-9.2168e-02,0.285,0.075
-9.2166e-02,0.24,0.415
-9.2165e-02,0.245,0.07
-9.2163e-02,0.295,0.425
-9.2162e-02,0.305,0.075
-9.2160e-02,0.205,0.415
-9.2158e-02,0.245,0.055
-9.2157e-02,0.285,0.44
-9.2155e-02,0.225,0.08
-9.2154e-02,0.285,0.41
-9.2152e-02,0.205,0.1
-9.2150e-02,0.255,0.39
-9.2149e-02,0.225,0.105
-9.2147e-02,0.285,0.385
-9.2146e-02,0.18,0.095
-9.2144e-02,0.17,0.395
-9.2142e-02,0.24,0.095
-9.2141e-02,0.25,0.395
-9.2139e-02,0.14,0.1
-9.2138e-02,0.265,0.4
-9.2136e-02,0.23,0.095
-9.2134e-02,0.345,0.4
-9.2133e-02,0.275,0.09
-9.2131e-02,0.31,0.4
-9.2130e-02,0.34,0.085
-9.2128e-02,0.39,0.41
-9.2126e-02,0.295,0.085
-9.2125e-02,0.265,0.405
-9.2123e-02,0.305,0.08
-9.2122e-02,0.245,0.415
-9.2120e-02,0.285,0.09
-9.2118e-02,0.22,0.4
-9.2117e-02,0.205,0.075
-9.2115e-02,0.26,0.415
-9.2114e-02,0.325,0.055
-9.2112e-02,0.22,0.44
-9.2110e-02,0.315,0.08
-9.2109e-02,0.285,0.415
-9.2107e-02,0.31,0.085
-9.2106e-02,0.29,0.41
-9.2104e-02,0.34,0.1
-9.2102e-02,0.185,0.4
-9.2101e-02,0.205,0.055
-9.2099e-02,0.24,0.44
-9.2098e-02,0.175,0.085
-9.2096e-02,0.17,0.41
-9.2094e-02,0.2,0.08
-9.2093e-02,0.25,0.42
-9.2091e-02,0.24,0.085
-9.2090e-02,0.31,0.415
-9.2088e-02,0.19,0.095
-9.2086e-02,0.305,0.4
-9.2085e-02,0.29,0.09
-9.2083e-02,0.2,0.41
-9.2082e-02,0.215,0.09
-9.2080e-02,0.275,0.41
-9.2078e-02,0.23,0.08
-9.2077e-02,0.285,0.415
-9.2075e-02,0.18,0.115
-9.2074e-02,0.345,0.385
-9.2072e-02,0.3,0.07
-9.2070e-02,0.315,0.42
-9.2069e-02,0.23,0.085
-9.2067e-02,0.26,0.41
-9.2066e-02,0.225,0.09
-9.2064e-02,0.29,0.405
-9.2062e-02,0.245,0.09
-9.2061e-02,0.24,0.41
-9.2059e-02,0.28,0.095
-9.2058e-02,0.205,0.4
-9.2056e-02,0.23,0.105
-9.2054e-02,0.195,0.4
-9.2053e-02,0.155,0.085
-9.2051e-02,0.215,0.405
-9.2050e-02,0.25,0.075
-9.2048e-02,0.245,0.415
-9.2046e-02,0.245,0.065
-9.2045e-02,0.225,0.43
-9.2043e-02,0.275,0.09
-9.2042e-02,0.275,0.41
-9.2040e-02,0.27,0.095
-9.2038e-02,0.26,0.4
-9.2037e-02,0.23,0.075
-9.2035e-02,0.33,0.415
-9.2034e-02,0.25,0.085
-9.2032e-02,0.265,0.415
-9.2030e-02,0.21,0.085
-9.2029e-02,0.35,0.405
-9.2027e-02,0.205,0.075
-9.2026e-02,0.24,0.42
-9.2024e-02,0.185,0.075
-9.2022e-02,0.27,0.415
-9.2021e-02,0.285,0.09
-9.2019e-02,0.14,0.405
-9.2018e-02,0.21,0.09
-9.2016e-02,0.245,0.405
-9.2014e-02,0.27,0.07
-9.2013e-02,0.24,0.425
-9.2011e-02,0.265,0.09
-9.2010e-02,0.195,0.405
-9.2008e-02,0.335,0.095
-9.2006e-02,0.2,0.395
-9.2005e-02,0.355,0.1
-9.2003e-02,0.255,0.395
-9.2002e-02,0.265,0.11
-9.2000e-02,0.29,0.385
-9.1998e-02,0.34,0.08
-9.1997e-02,0.205,0.42
-9.1995e-02,0.35,0.095
-9.1994e-02,0.22,0.4
-9.1992e-02,0.29,0.085
-9.1990e-02,0.265,0.415
-9.1989e-02,0.2,0.085
-9.1987e-02,0.2,0.42
-9.1986e-02,0.235,0.095
-9.1984e-02,0.25,0.4
-9.1982e-02,0.17,0.07
-9.1981e-02,0.225,0.42
-9.1979e-02,0.215,0.11
-9.1978e-02,0.385,0.395
-9.1976e-02,0.225,0.11
-9.1974e-02,0.235,0.395
-9.1973e-02,0.195,0.075
-9.1971e-02,0.245,0.425
-9.1970e-02,0.17,0.08
-9.1968e-02,0.235,0.415
-9.1966e-02,0.165,0.08
-9.1965e-02,0.275,0.415
-9.1963e-02,0.255,0.09
-9.1962e-02,0.265,0.41
-9.1960e-02,0.225,0.09
-9.1958e-02,0.25,0.41
-9.1957e-02,0.215,0.09
-9.1955e-02,0.305,0.415
-9.1954e-02,0.305,0.09
-9.1952e-02,0.265,0.415
-9.1950e-02,0.305,0.075
-9.1949e-02,0.22,0.425
-9.1947e-02,0.29,0.09
-9.1946e-02,0.275,0.41
-9.1944e-02,0.26,0.065
-9.1942e-02,0.24,0.435
-9.1941e-02,0.335,0.105
-9.1939e-02,0.29,0.405
-9.1938e-02,0.235,0.1
-9.1936e-02,0.26,0.4
-9.1934e-02,0.245,0.09
-9.1933e-02,0.31,0.41
-9.1931e-02,0.32,0.095
-9.1930e-02,0.245,0.405
-9.1928e-02,0.255,0.1
-9.1926e-02,0.365,0.4
-9.1925e-02,0.275,0.075
-9.1923e-02,0.285,0.43
-9.1922e-02,0.235,0.055
-9.1920e-02,0.215,0.445
-9.1918e-02,0.23,0.06
-9.1917e-02,0.25,0.44
-9.1915e-02,0.18,0.1
-9.1914e-02,0.18,0.4
-9.1912e-02,0.2,0.1
-9.1910e-02,0.245,0.4
-9.1909e-02,0.26,0.08
-9.1907e-02,0.3,0.415
-9.1906e-02,0.215,0.08
-9.1904e-02,0.27,0.425
-9.1902e-02,0.295,0.075
-9.1901e-02,0.335,0.425
-9.1899e-02,0.31,0.105
-9.1898e-02,0.235,0.4
-9.1896e-02,0.33,0.09
-9.1894e-02,0.31,0.415
-9.1893e-02,0.28,0.095
-9.1891e-02,0.255,0.41
-9.1890e-02,0.27,0.105
-9.1888e-02,0.26,0.39
-9.1886e-02,0.245,0.095
-9.1885e-02,0.255,0.4
-9.1883e-02,0.23,0.105
-9.1882e-02,0.195,0.4
-9.1880e-02,0.305,0.11
-9.1878e-02,0.295,0.4
-9.1877e-02,0.3,0.095
-9.1875e-02,0.305,0.41
-9.1874e-02,0.21,0.085
-9.1872e-02,0.31,0.41
-9.1870e-02,0.21,0.065
-9.1869e-02,0.235,0.43
-9.1867e-02,0.13,0.11
-9.1866e-02,0.275,0.39
-9.1864e-02,0.265,0.095
-9.1862e-02,0.285,0.405
-9.1861e-02,0.23,0.09
-9.1859e-02,0.275,0.42
-9.1858e-02,0.29,0.085
-9.1856e-02,0.28,0.425
-9.1854e-02,0.25,0.09
-9.1853e-02,0.305,0.41
-9.1851e-02,0.2,0.115
-9.1850e-02,0.22,0.38
-9.1848e-02,0.17,0.085
-9.1846e-02,0.305,0.415
-9.1845e-02,0.205,0.12
-9.1843e-02,0.265,0.385
-9.1842e-02,0.27,0.095
-9.1840e-02,0.29,0.405
-9.1838e-02,0.305,0.1
-9.1837e-02,0.25,0.405
-9.1835e-02,0.28,0.105
-9.1834e-02,0.275,0.395
-9.1832e-02,0.315,0.09
-9.1830e-02,0.25,0.415
-9.1829e-02,0.16,0.085
-9.1827e-02,0.31,0.415
-9.1826e-02,0.265,0.1
-9.1824e-02,0.245,0.4
-9.1822e-02,0.31,0.1
-9.1821e-02,0.31,0.4
-9.1819e-02,0.37,0.115
-9.1818e-02,0.325,0.39
-9.1816e-02,0.315,0.11
-9.1814e-02,0.25,0.39
-9.1813e-02,0.235,0.115
-9.1811e-02,0.27,0.39
-9.1810e-02,0.12,0.09
-9.1808e-02,0.25,0.42
-9.1806e-02,0.115,0.095
-9.1805e-02,0.165,0.41
-9.1803e-02,0.18,0.11
-9.1802e-02,0.265,0.4
-9.1800e-02,0.215,0.07
-9.1798e-02,0.255,0.435
-9.1797e-02,0.255,0.09
-9.1795e-02,0.305,0.415
-9.1794e-02,0.29,0.095
-9.1792e-02,0.28,0.41
-9.1790e-02,0.245,0.11
-9.1789e-02,0.255,0.39
-9.1787e-02,0.3,0.1
-9.1786e-02,0.24,0.4
-9.1784e-02,0.205,0.095
-9.1782e-02,0.155,0.405
-9.1781e-02,0.38,0.11
-9.1779e-02,0.21,0.4
-9.1778e-02,0.335,0.11
-9.1776e-02,0.21,0.395
-9.1774e-02,0.275,0.08
-9.1773e-02,0.28,0.425
-9.1771e-02,0.27,0.105
-9.1770e-02,0.155,0.405
-9.1768e-02,0.22,0.095
-9.1766e-02,0.245,0.41
-9.1765e-02,0.315,0.08
-9.1763e-02,0.265,0.425
-9.1762e-02,0.3,0.11
-9.1760e-02,0.255,0.4
-9.1758e-02,0.265,0.1
-9.1757e-02,0.305,0.405
-9.1755e-02,0.285,0.105
-9.1754e-02,0.26,0.4
-9.1752e-02,0.21,0.1
-9.1750e-02,0.325,0.41
-9.1749e-02,0.145,0.075
-9.1747e-02,0.255,0.435
-9.1746e-02,0.145,0.105
-9.1744e-02,0.205,0.405
-9.1742e-02,0.295,0.1
-9.1741e-02,0.35,0.41
-9.1739e-02,0.275,0.095
-9.1738e-02,0.345,0.42
-9.1736e-02,0.205,0.09
-9.1734e-02,0.275,0.415
-9.1733e-02,0.22,0.12
-9.1731e-02,0.225,0.39
-9.1730e-02,0.22,0.095
-9.1728e-02,0.14,0.41
-9.1726e-02,0.205,0.095
-9.1725e-02,0.275,0.41
-9.1723e-02,0.24,0.105
-9.1722e-02,0.22,0.405
-9.1720e-02,0.25,0.105
-9.1718e-02,0.26,0.405
-9.1717e-02,0.23,0.11
-9.1715e-02,0.24,0.405
-9.1714e-02,0.15,0.11
-9.1712e-02,0.195,0.41
-9.1710e-02,0.24,0.07
-9.1709e-02,0.245,0.44
-9.1707e-02,0.245,0.09
-9.1706e-02,0.27,0.42
-9.1704e-02,0.305,0.095
-9.1702e-02,0.3,0.41
-9.1701e-02,0.325,0.11
-9.1699e-02,0.35,0.4
-9.1698e-02,0.295,0.13
-9.1696e-02,0.2,0.385
-9.1694e-02,0.3,0.08
-9.1693e-02,0.24,0.43
-9.1691e-02,0.25,0.105
-9.1690e-02,0.17,0.41
-9.1688e-02,0.16,0.095
-9.1686e-02,0.185,0.42
-9.1685e-02,0.225,0.085
-9.1683e-02,0.255,0.425
-9.1682e-02,0.195,0.12
-9.1680e-02,0.195,0.4
-9.1678e-02,0.31,0.13
-9.1677e-02,0.245,0.38
-9.1675e-02,0.275,0.105
-9.1674e-02,0.245,0.41
-9.1672e-02,0.255,0.105
-9.1670e-02,0.205,0.415
-9.1669e-02,0.18,0.095
-9.1667e-02,0.285,0.415
-9.1666e-02,0.25,0.11
-9.1664e-02,0.25,0.4
-9.1662e-02,0.25,0.12
-9.1661e-02,0.37,0.395
-9.1659e-02,0.235,0.115
-9.1658e-02,0.34,0.4
-9.1656e-02,0.175,0.11
-9.1654e-02,0.245,0.4
-9.1653e-02,0.3,0.115
-9.1651e-02,0.28,0.395
-9.1650e-02,0.215,0.105
-9.1648e-02,0.195,0.405
-9.1646e-02,0.265,0.11
-9.1645e-02,0.3,0.405
-9.1643e-02,0.275,0.11
-9.1642e-02,0.34,0.4
-9.1640e-02,0.28,0.12
-9.1638e-02,0.275,0.39
-9.1637e-02,0.23,0.08
-9.1635e-02,0.255,0.425
-9.1634e-02,0.3,0.06
-9.1632e-02,0.265,0.45
-9.1630e-02,0.22,0.1
-9.1629e-02,0.265,0.415
-9.1627e-02,0.305,0.115
-9.1626e-02,0.27,0.405
-9.1624e-02,0.265,0.12
-9.1622e-02,0.265,0.39
-9.1621e-02,0.215,0.1
-9.1619e-02,0.31,0.415
-9.1618e-02,0.28,0.09
-9.1616e-02,0.23,0.43
-9.1614e-02,0.275,0.12
-9.1613e-02,0.22,0.39
-9.1611e-02,0.325,0.095
-9.1610e-02,0.225,0.415
-9.1608e-02,0.24,0.095
-9.1606e-02,0.25,0.41
-9.1605e-02,0.19,0.11
-9.1603e-02,0.3,0.405
-9.1602e-02,0.335,0.09
-9.1600e-02,0.28,0.425
-9.1598e-02,0.235,0.1
-9.1597e-02,0.255,0.41
-9.1595e-02,0.325,0.1
-9.1594e-02,0.29,0.415
-9.1592e-02,0.245,0.115
-9.1590e-02,0.215,0.395
-9.1589e-02,0.25,0.12
-9.1587e-02,0.23,0.39
-9.1586e-02,0.285,0.1
-9.1584e-02,0.305,0.405
-9.1582e-02,0.335,0.105
-9.1581e-02,0.275,0.405
-9.1579e-02,0.325,0.09
-9.1578e-02,0.315,0.42
-9.1576e-02,0.31,0.11
-9.1574e-02,0.34,0.405
-9.1573e-02,0.25,0.1
-9.1571e-02,0.205,0.42
-9.1570e-02,0.26,0.105
-9.1568e-02,0.22,0.4
-9.1566e-02,0.205,0.1
-9.1565e-02,0.185,0.41
-9.1563e-02,0.235,0.095
-9.1562e-02,0.295,0.415
-9.1560e-02,0.255,0.115
-9.1558e-02,0.355,0.4
-9.1557e-02,0.245,0.095
-9.1555e-02,0.255,0.42
-9.1554e-02,0.205,0.12
-9.1552e-02,0.275,0.4
-9.1550e-02,0.205,0.06
-9.1549e-02,0.24,0.455
-9.1547e-02,0.225,0.08
-9.1546e-02,0.21,0.435
-9.1544e-02,0.27,0.07
-9.1542e-02,0.255,0.45
-9.1541e-02,0.215,0.11
-9.1539e-02,0.225,0.41
-9.1538e-02,0.32,0.11
-9.1536e-02,0.305,0.41
-9.1534e-02,0.275,0.115
-9.1533e-02,0.355,0.405
-9.1531e-02,0.265,0.09
-9.1530e-02,0.255,0.425
-9.1528e-02,0.205,0.12
-9.1526e-02,0.305,0.395
-9.1525e-02,0.3,0.115
-9.1523e-02,0.29,0.41
-9.1522e-02,0.295,0.12
-9.1520e-02,0.26,0.4
-9.1518e-02,0.315,0.115
-9.1517e-02,0.385,0.4
-9.1515e-02,0.335,0.105
-9.1514e-02,0.205,0.405
-9.1512e-02,0.295,0.105
-9.1510e-02,0.215,0.415
-9.1509e-02,0.215,0.11
-9.1507e-02,0.165,0.41
-9.1506e-02,0.23,0.075
-9.1504e-02,0.19,0.45
-9.1502e-02,0.225,0.1
-9.1501e-02,0.31,0.415
-9.1499e-02,0.3,0.115
-9.1498e-02,0.285,0.405
-9.1496e-02,0.27,0.09
-9.1494e-02,0.29,0.43
-9.1493e-02,0.335,0.11
-9.1491e-02,0.36,0.41
-9.1490e-02,0.3,0.11
-9.1488e-02,0.265,0.41
-9.1486e-02,0.22,0.115
-9.1485e-02,0.3,0.41
-9.1483e-02,0.27,0.055
-9.1482e-02,0.23,0.465
-9.1480e-02,0.245,0.12
-9.1478e-02,0.28,0.405
-9.1477e-02,0.21,0.08
-9.1475e-02,0.27,0.44
-9.1474e-02,0.315,0.09
-9.1472e-02,0.27,0.425
-9.1470e-02,0.275,0.095
-9.1469e-02,0.24,0.425
-9.1467e-02,0.29,0.12
-9.1466e-02,0.275,0.4
-9.1464e-02,0.33,0.12
-9.1462e-02,0.25,0.4
-9.1461e-02,0.255,0.12
-9.1459e-02,0.295,0.39
-9.1458e-02,0.295,0.115
-9.1456e-02,0.205,0.4
-9.1454e-02,0.215,0.095
-9.1453e-02,0.275,0.42
-9.1451e-02,0.24,0.085
-9.1450e-02,0.27,0.43
-9.1448e-02,0.315,0.105
-9.1446e-02,0.215,0.41
-9.1445e-02,0.31,0.1
-9.1443e-02,0.23,0.42
-9.1442e-02,0.29,0.125
-9.1440e-02,0.275,0.395
-9.1438e-02,0.33,0.105
-9.1437e-02,0.245,0.42
-9.1435e-02,0.28,0.085
-9.1434e-02,0.27,0.43
-9.1432e-02,0.365,0.11
-9.1430e-02,0.19,0.405
-9.1429e-02,0.235,0.105
-9.1427e-02,0.215,0.41
-9.1426e-02,0.235,0.085
-9.1424e-02,0.245,0.435
-9.1422e-02,0.24,0.105
-9.1421e-02,0.215,0.41
-9.1419e-02,0.265,0.095
-9.1418e-02,0.25,0.43
-9.1416e-02,0.325,0.095
-9.1414e-02,0.265,0.42
-9.1413e-02,0.29,0.085
-9.1411e-02,0.29,0.435
-9.1410e-02,0.225,0.11
-9.1408e-02,0.28,0.41
-9.1406e-02,0.285,0.09
-9.1405e-02,0.285,0.42
-9.1403e-02,0.205,0.13
-9.1402e-02,0.315,0.385
-9.1400e-02,0.31,0.12
-9.1398e-02,0.335,0.405
-9.1397e-02,0.285,0.12
-9.1395e-02,0.32,0.395
-9.1394e-02,0.205,0.125
-9.1392e-02,0.3,0.395
-9.1390e-02,0.215,0.105
-9.1389e-02,0.265,0.41
-9.1387e-02,0.18,0.105
-9.1386e-02,0.205,0.415
-9.1384e-02,0.265,0.115
-9.1382e-02,0.27,0.4
-9.1381e-02,0.29,0.11
-9.1379e-02,0.295,0.41
-9.1378e-02,0.245,0.13
-9.1376e-02,0.28,0.4
-9.1374e-02,0.295,0.125
-9.1373e-02,0.36,0.4
-9.1371e-02,0.315,0.11
-9.1370e-02,0.255,0.415
-9.1368e-02,0.31,0.115
-9.1366e-02,0.295,0.41
-9.1365e-02,0.235,0.115
-9.1363e-02,0.345,0.41
-9.1362e-02,0.235,0.075
-9.1360e-02,0.265,0.445
-9.1358e-02,0.23,0.115
-9.1357e-02,0.29,0.41
-9.1355e-02,0.31,0.125
-9.1354e-02,0.295,0.4
-9.1352e-02,0.34,0.1
-9.1350e-02,0.255,0.435
-9.1349e-02,0.35,0.11
-9.1347e-02,0.34,0.41
-9.1346e-02,0.25,0.14
-9.1344e-02,0.19,0.385
-9.1342e-02,0.195,0.12
-9.1341e-02,0.27,0.405
-9.1339e-02,0.17,0.115
-9.1338e-02,0.22,0.405
-9.1336e-02,0.21,0.12
-9.1334e-02,0.19,0.405
-9.1333e-02,0.28,0.115
-9.1331e-02,0.2,0.415
-9.1330e-02,0.305,0.07
-9.1328e-02,0.22,0.45
-9.1326e-02,0.295,0.11
-9.1325e-02,0.21,0.415
-9.1323e-02,0.275,0.115
-9.1322e-02,0.29,0.415
-9.1320e-02,0.305,0.105
-9.1318e-02,0.21,0.43
-9.1317e-02,0.205,0.11
-9.1315e-02,0.255,0.415
-9.1314e-02,0.32,0.115
-9.1312e-02,0.245,0.415
-9.1310e-02,0.22,0.08
-9.1309e-02,0.26,0.445
-9.1307e-02,0.255,0.105
-9.1306e-02,0.255,0.425
-9.1304e-02,0.29,0.1
-9.1302e-02,0.285,0.425
-9.1301e-02,0.275,0.12
-9.1299e-02,0.27,0.405
-9.1298e-02,0.305,0.105
-9.1296e-02,0.245,0.415
-9.1294e-02,0.245,0.105
-9.1293e-02,0.165,0.415
-9.1291e-02,0.24,0.135
-9.1290e-02,0.22,0.39
-9.1288e-02,0.345,0.105
-9.1286e-02,0.31,0.42
-9.1285e-02,0.245,0.125
-9.1283e-02,0.23,0.405
-9.1282e-02,0.34,0.11
-9.1280e-02,0.29,0.415
-9.1278e-02,0.29,0.105
-9.1277e-02,0.35,0.415
-9.1275e-02,0.28,0.135
-9.1274e-02,0.25,0.385
-9.1272e-02,0.25,0.12
-9.1270e-02,0.29,0.405
-9.1269e-02,0.225,0.085
-9.1267e-02,0.205,0.445
-9.1266e-02,0.2,0.125
-9.1264e-02,0.215,0.4
-9.1262e-02,0.31,0.11
-9.1261e-02,0.31,0.405
-9.1259e-02,0.39,0.115
-9.1258e-02,0.27,0.405
-9.1256e-02,0.3,0.09
-9.1254e-02,0.305,0.425
-9.1253e-02,0.295,0.105
-9.1251e-02,0.28,0.41
-9.1250e-02,0.165,0.095
-9.1248e-02,0.295,0.435
-9.1246e-02,0.12,0.135
-9.1245e-02,0.235,0.39
-9.1243e-02,0.205,0.11
-9.1242e-02,0.265,0.415
-9.1240e-02,0.155,0.1
-9.1238e-02,0.235,0.425
-9.1237e-02,0.295,0.105
-9.1235e-02,0.305,0.42
-9.1234e-02,0.255,0.12
-9.1232e-02,0.195,0.4
-9.1230e-02,0.29,0.12
-9.1229e-02,0.225,0.405
-9.1227e-02,0.25,0.115
-9.1226e-02,0.25,0.415
-9.1224e-02,0.225,0.09
-9.1222e-02,0.26,0.44
-9.1221e-02,0.19,0.11
-9.1219e-02,0.345,0.42
-9.1218e-02,0.24,0.12
-9.1216e-02,0.36,0.405
-9.1214e-02,0.28,0.12
-9.1213e-02,0.3,0.41
-9.1211e-02,0.295,0.125
-9.1210e-02,0.305,0.41
-9.1208e-02,0.36,0.09
-9.1206e-02,0.27,0.44
-9.1205e-02,0.23,0.125
-9.1203e-02,0.185,0.415
-9.1202e-02,0.275,0.12
-9.1200e-02,0.23,0.41
-9.1198e-02,0.205,0.12
-9.1197e-02,0.235,0.415
-9.1195e-02,0.275,0.12
-9.1194e-02,0.255,0.42
-9.1192e-02,0.27,0.105
-9.1190e-02,0.27,0.43
-9.1189e-02,0.245,0.115
-9.1187e-02,0.17,0.415
-9.1186e-02,0.195,0.12
-9.1184e-02,0.18,0.405
-9.1182e-02,0.305,0.115
-9.1181e-02,0.15,0.42
-9.1179e-02,0.26,0.125
-9.1178e-02,0.285,0.405
-9.1176e-02,0.385,0.13
-9.1174e-02,0.305,0.405
-9.1173e-02,0.3,0.11
-9.1171e-02,0.235,0.42
-9.1170e-02,0.295,0.12
-9.1168e-02,0.225,0.42
-9.1166e-02,0.325,0.095
-9.1165e-02,0.29,0.435
-9.1163e-02,0.27,0.12
-9.1162e-02,0.295,0.405
-9.1160e-02,0.245,0.115
-9.1158e-02,0.3,0.415
-9.1157e-02,0.25,0.13
-9.1155e-02,0.21,0.4
-9.1154e-02,0.235,0.13
-9.1152e-02,0.235,0.4
-9.1150e-02,0.28,0.13
-9.1149e-02,0.295,0.405
-9.1147e-02,0.32,0.13
-9.1146e-02,0.21,0.395
-9.1144e-02,0.27,0.13
-9.1142e-02,0.295,0.4
-9.1141e-02,0.32,0.125
-9.1139e-02,0.23,0.395
-9.1138e-02,0.24,0.095
-9.1136e-02,0.27,0.425
-9.1134e-02,0.23,0.125
-9.1133e-02,0.245,0.4
-9.1131e-02,0.185,0.125
-9.1130e-02,0.21,0.405
-9.1128e-02,0.225,0.115
-9.1126e-02,0.235,0.41
-9.1125e-02,0.285,0.105
-9.1123e-02,0.29,0.42
-9.1122e-02,0.19,0.115
-9.1120e-02,0.26,0.41
-9.1118e-02,0.245,0.125
-9.1117e-02,0.255,0.41
-9.1115e-02,0.255,0.09
-9.1114e-02,0.205,0.43
-9.1112e-02,0.24,0.115
-9.1110e-02,0.25,0.42
-9.1109e-02,0.295,0.12
-9.1107e-02,0.28,0.41
-9.1106e-02,0.28,0.105
-9.1104e-02,0.265,0.42
-9.1102e-02,0.225,0.095
-9.1101e-02,0.355,0.44
-9.1099e-02,0.22,0.14
-9.1098e-02,0.315,0.395
-9.1096e-02,0.235,0.11
-9.1094e-02,0.26,0.415
-9.1093e-02,0.225,0.12
-9.1091e-02,0.335,0.41
-9.1090e-02,0.22,0.12
-9.1088e-02,0.17,0.41
-9.1086e-02,0.225,0.125
-9.1085e-02,0.23,0.41
-9.1083e-02,0.24,0.105
-9.1082e-02,0.23,0.425
-9.1080e-02,0.185,0.09
-9.1078e-02,0.265,0.435
-9.1077e-02,0.28,0.105
-9.1075e-02,0.365,0.43
-9.1074e-02,0.255,0.12
-9.1072e-02,0.33,0.41
-9.1070e-02,0.3,0.095
-9.1069e-02,0.27,0.43
-9.1067e-02,0.22,0.105
-9.1066e-02,0.285,0.43
-9.1064e-02,0.175,0.115
-9.1062e-02,0.235,0.415
-9.1061e-02,0.235,0.11
-9.1059e-02,0.295,0.43
-9.1058e-02,0.33,0.115
-9.1056e-02,0.34,0.415
-9.1054e-02,0.28,0.125
-9.1053e-02,0.16,0.41
-9.1051e-02,0.265,0.13
-9.1050e-02,0.25,0.405
-9.1048e-02,0.235,0.1
-9.1046e-02,0.17,0.43
-9.1045e-02,0.275,0.135
-9.1043e-02,0.24,0.405
-9.1042e-02,0.345,0.125
-9.1040e-02,0.28,0.41
-9.1038e-02,0.275,0.135
-9.1037e-02,0.265,0.405
-9.1035e-02,0.29,0.115
-9.1034e-02,0.265,0.425
-9.1032e-02,0.29,0.125
-9.1030e-02,0.295,0.415
-9.1029e-02,0.22,0.135
-9.1027e-02,0.235,0.41
-9.1026e-02,0.26,0.125
-9.1024e-02,0.285,0.41
-9.1022e-02,0.195,0.15
-9.1021e-02,0.17,0.385
-9.1019e-02,0.22,0.145
-9.1018e-02,0.3,0.395
-9.1016e-02,0.245,0.12
-9.1014e-02,0.285,0.425
-9.1013e-02,0.275,0.13
-9.1011e-02,0.31,0.41
-9.1010e-02,0.295,0.085
-9.1008e-02,0.355,0.46
-9.1006e-02,0.24,0.135
-9.1005e-02,0.285,0.405
-9.1003e-02,0.275,0.13
-9.1002e-02,0.23,0.41
-9.1000e-02,0.26,0.125
-9.0998e-02,0.235,0.41
-9.0997e-02,0.27,0.12
-9.0995e-02,0.2,0.42
-9.0994e-02,0.19,0.11
-9.0992e-02,0.26,0.435
-9.0990e-02,0.285,0.14
-9.0989e-02,0.215,0.395
-9.0987e-02,0.14,0.11
-9.0986e-02,0.285,0.415
-9.0984e-02,0.28,0.1
-9.0982e-02,0.26,0.425
-9.0981e-02,0.265,0.09
-9.0979e-02,0.3,0.435
-9.0978e-02,0.33,0.1
-9.0976e-02,0.365,0.435
-9.0974e-02,0.33,0.1
-9.0973e-02,0.28,0.435
-9.0971e-02,0.305,0.12
-9.0970e-02,0.17,0.41
-9.0968e-02,0.275,0.12
-9.0966e-02,0.255,0.42
-9.0965e-02,0.305,0.12
-9.0963e-02,0.215,0.415
-9.0962e-02,0.21,0.115
-9.0960e-02,0.26,0.42
-9.0958e-02,0.34,0.13
-9.0957e-02,0.25,0.4
-9.0955e-02,0.255,0.125
-9.0954e-02,0.245,0.415
-9.0952e-02,0.27,0.12
-9.0950e-02,0.29,0.415
-9.0949e-02,0.26,0.1
-9.0947e-02,0.29,0.43
-9.0946e-02,0.16,0.125
-9.0944e-02,0.265,0.405
-9.0942e-02,0.225,0.1
-9.0941e-02,0.275,0.435
-9.0939e-02,0.27,0.14
-9.0938e-02,0.29,0.405
-9.0936e-02,0.27,0.07
-9.0934e-02,0.235,0.47
-9.0933e-02,0.255,0.115
-9.0931e-02,0.305,0.425
-9.0930e-02,0.19,0.11
-9.0928e-02,0.195,0.425
-9.0926e-02,0.22,0.12
-9.0925e-02,0.31,0.415
-9.0923e-02,0.225,0.105
-9.0922e-02,0.18,0.415
-9.0920e-02,0.28,0.15
-9.0918e-02,0.235,0.395
-9.0917e-02,0.245,0.1
-9.0915e-02,0.32,0.435
-9.0914e-02,0.275,0.105
-9.0912e-02,0.29,0.43
-9.0910e-02,0.265,0.135
-9.0909e-02,0.345,0.41
-9.0907e-02,0.3,0.115
-9.0906e-02,0.34,0.42
-9.0904e-02,0.2,0.13
-9.0902e-02,0.255,0.405
-9.0901e-02,0.255,0.105
-9.0899e-02,0.235,0.425
-9.0898e-02,0.345,0.125
-9.0896e-02,0.27,0.415
-9.0894e-02,0.225,0.12
-9.0893e-02,0.245,0.42
-9.0891e-02,0.325,0.14
-9.0890e-02,0.295,0.4
-9.0888e-02,0.23,0.085
-9.0886e-02,0.225,0.44
-9.0885e-02,0.305,0.13
-9.0883e-02,0.2,0.41
-9.0882e-02,0.285,0.125
-9.0880e-02,0.265,0.42
-9.0878e-02,0.3,0.13
-9.0877e-02,0.23,0.415
-9.0875e-02,0.335,0.1
-9.0874e-02,0.35,0.44
-9.0872e-02,0.365,0.12
-9.0870e-02,0.24,0.42
-9.0869e-02,0.28,0.12
-9.0867e-02,0.245,0.415
-9.0866e-02,0.29,0.105
-9.0864e-02,0.265,0.44
-9.0862e-02,0.275,0.125
-9.0861e-02,0.23,0.415
-9.0859e-02,0.235,0.125
-9.0858e-02,0.28,0.42
-9.0856e-02,0.305,0.11
-9.0854e-02,0.27,0.43
-9.0853e-02,0.265,0.135
-9.0851e-02,0.25,0.41
-9.0850e-02,0.35,0.105
-9.0848e-02,0.3,0.43
-9.0846e-02,0.29,0.105
-9.0845e-02,0.355,0.425
-9.0843e-02,0.24,0.11
-9.0842e-02,0.17,0.425
-9.0840e-02,0.2,0.095
-9.0838e-02,0.29,0.435
-9.0837e-02,0.25,0.115
-9.0835e-02,0.29,0.42
-9.0834e-02,0.24,0.125
-9.0832e-02,0.31,0.41
-9.0830e-02,0.28,0.07
-9.0829e-02,0.3,0.47
-9.0827e-02,0.24,0.13
-9.0826e-02,0.24,0.41
-9.0824e-02,0.245,0.115
-9.0822e-02,0.255,0.42
-9.0821e-02,0.31,0.11
-9.0819e-02,0.265,0.425
-9.0818e-02,0.235,0.12
-9.0816e-02,0.31,0.42
-9.0814e-02,0.305,0.12
-9.0813e-02,0.325,0.42
-9.0811e-02,0.255,0.095
-9.0810e-02,0.31,0.44
-9.0808e-02,0.175,0.115
-9.0806e-02,0.275,0.43
-9.0805e-02,0.24,0.135
-9.0803e-02,0.265,0.4
-9.0802e-02,0.155,0.105
-9.0800e-02,0.25,0.43
-9.0798e-02,0.225,0.125
-9.0797e-02,0.26,0.42
-9.0795e-02,0.3,0.11
-9.0794e-02,0.275,0.425
-9.0792e-02,0.385,0.135
-9.0790e-02,0.28,0.415
-9.0789e-02,0.35,0.135
-9.0787e-02,0.305,0.405
-9.0786e-02,0.34,0.135
-9.0784e-02,0.23,0.405
-9.0782e-02,0.245,0.135
-9.0781e-02,0.27,0.42
-9.0779e-02,0.255,0.13
-9.0778e-02,0.245,0.42
-9.0776e-02,0.235,0.135
-9.0774e-02,0.27,0.41
-9.0773e-02,0.275,0.115
-9.0771e-02,0.345,0.425
-9.0770e-02,0.245,0.145
-9.0768e-02,0.205,0.41
-9.0766e-02,0.305,0.11
-9.0765e-02,0.31,0.44
-9.0763e-02,0.305,0.14
-9.0762e-02,0.33,0.405
-9.0760e-02,0.265,0.125
-9.0758e-02,0.25,0.42
-9.0757e-02,0.28,0.14
-9.0755e-02,0.245,0.41
-9.0754e-02,0.215,0.125
-9.0752e-02,0.285,0.425
-9.0750e-02,0.265,0.115
-9.0749e-02,0.305,0.425
-9.0747e-02,0.33,0.125
-9.0746e-02,0.32,0.43
-9.0744e-02,0.305,0.13
-9.0742e-02,0.31,0.42
-9.0741e-02,0.29,0.1
-9.0739e-02,0.225,0.445
-9.0738e-02,0.24,0.095
-9.0736e-02,0.185,0.455
-9.0734e-02,0.215,0.125
-9.0733e-02,0.185,0.425
-9.0731e-02,0.285,0.105
-9.0730e-02,0.255,0.45
-9.0728e-02,0.255,0.125
-9.0726e-02,0.29,0.425
-9.0725e-02,0.355,0.12
-9.0723e-02,0.29,0.43
-9.0722e-02,0.21,0.11
-9.0720e-02,0.21,0.435
-9.0718e-02,0.255,0.13
-9.0717e-02,0.27,0.415
-9.0715e-02,0.185,0.1
-9.0714e-02,0.16,0.45
-9.0712e-02,0.29,0.13
-9.0710e-02,0.265,0.415
-9.0709e-02,0.315,0.12
-9.0707e-02,0.225,0.42
-9.0706e-02,0.37,0.12
-9.0704e-02,0.325,0.42
-9.0702e-02,0.375,0.11
-9.0701e-02,0.305,0.435
-9.0699e-02,0.245,0.125
-9.0698e-02,0.32,0.425
-9.0696e-02,0.265,0.11
-9.0694e-02,0.245,0.435
-9.0693e-02,0.205,0.095
-9.0691e-02,0.225,0.445
-9.0690e-02,0.25,0.1
-9.0688e-02,0.245,0.44
-9.0686e-02,0.35,0.125
-9.0685e-02,0.23,0.425
-9.0683e-02,0.3,0.125
-9.0682e-02,0.24,0.415
-9.0680e-02,0.265,0.12
-9.0678e-02,0.19,0.42
-9.0677e-02,0.27,0.13
-9.0675e-02,0.21,0.41
-9.0674e-02,0.27,0.12
-9.0672e-02,0.3,0.415
-9.0670e-02,0.305,0.125
-9.0669e-02,0.23,0.41
-9.0667e-02,0.285,0.135
-9.0666e-02,0.315,0.41
-9.0664e-02,0.28,0.105
-9.0662e-02,0.27,0.44
-9.0661e-02,0.275,0.12
-9.0659e-02,0.25,0.425
-9.0658e-02,0.27,0.1
-9.0656e-02,0.245,0.43
-9.0654e-02,0.18,0.11
-9.0653e-02,0.31,0.42
-9.0651e-02,0.31,0.135
-9.0650e-02,0.33,0.415
-9.0648e-02,0.215,0.12
-9.0646e-02,0.29,0.415
-9.0645e-02,0.305,0.095
-9.0643e-02,0.335,0.445
-9.0642e-02,0.24,0.135
-9.0640e-02,0.245,0.41
-9.0638e-02,0.28,0.12
-9.0637e-02,0.245,0.425
-9.0635e-02,0.32,0.135
-9.0634e-02,0.18,0.405
-9.0632e-02,0.225,0.14
-9.0630e-02,0.25,0.4
-9.0629e-02,0.32,0.13
-9.0627e-02,0.19,0.415
-9.0626e-02,0.235,0.13
-9.0624e-02,0.305,0.42
-9.0622e-02,0.305,0.12
-9.0621e-02,0.28,0.425
-9.0619e-02,0.265,0.145
-9.0618e-02,0.325,0.405
-9.0616e-02,0.33,0.125
-9.0614e-02,0.26,0.42
-9.0613e-02,0.335,0.12
-9.0611e-02,0.18,0.425
-9.0610e-02,0.26,0.135
-9.0608e-02,0.28,0.415
-9.0606e-02,0.235,0.13
-9.0605e-02,0.24,0.415
-9.0603e-02,0.26,0.135
-9.0602e-02,0.32,0.41
-9.0600e-02,0.32,0.13
-9.0598e-02,0.35,0.42
-9.0597e-02,0.31,0.115
-9.0595e-02,0.31,0.435
-9.0594e-02,0.335,0.125
-9.0592e-02,0.3,0.43
-9.0590e-02,0.26,0.095
-9.0589e-02,0.235,0.45
-9.0587e-02,0.25,0.13
-9.0586e-02,0.295,0.425
-9.0584e-02,0.225,0.12
-9.0582e-02,0.32,0.44
-9.0581e-02,0.245,0.13
-9.0579e-02,0.245,0.425
-9.0578e-02,0.21,0.15
-9.0576e-02,0.23,0.405
-9.0574e-02,0.18,0.135
-9.0573e-02,0.205,0.415
-9.0571e-02,0.28,0.145
-9.0570e-02,0.26,0.405
-9.0568e-02,0.325,0.1
-9.0566e-02,0.275,0.45
-9.0565e-02,0.24,0.085
-9.0563e-02,0.315,0.47
-9.0562e-02,0.26,0.135
-9.0560e-02,0.22,0.42
-9.0558e-02,0.235,0.115
-9.0557e-02,0.3,0.435
-9.0555e-02,0.31,0.11
-9.0554e-02,0.28,0.44
-9.0552e-02,0.33,0.1
-9.0550e-02,0.25,0.44
-9.0549e-02,0.305,0.11
-9.0547e-02,0.255,0.44
-9.0546e-02,0.175,0.125
-9.0544e-02,0.24,0.425
-9.0542e-02,0.28,0.125
-9.0541e-02,0.225,0.42
-9.0539e-02,0.235,0.12
-9.0538e-02,0.205,0.435
-9.0536e-02,0.27,0.13
-9.0534e-02,0.315,0.415
-9.0533e-02,0.3,0.12
-9.0531e-02,0.24,0.435
-9.0530e-02,0.24,0.125
-9.0528e-02,0.34,0.435
-9.0526e-02,0.245,0.11
-9.0525e-02,0.325,0.435
-9.0523e-02,0.175,0.105
-9.0522e-02,0.295,0.445
-9.0520e-02,0.245,0.13
-9.0518e-02,0.295,0.42
-9.0517e-02,0.175,0.13
-9.0515e-02,0.21,0.425
-9.0514e-02,0.25,0.115
-9.0512e-02,0.22,0.435
-9.0510e-02,0.215,0.1
-9.0509e-02,0.22,0.445
-9.0507e-02,0.325,0.145
-9.0506e-02,0.37,0.405
-9.0504e-02,0.295,0.1
-9.0502e-02,0.265,0.455
-9.0501e-02,0.365,0.125
-9.0499e-02,0.235,0.43
-9.0498e-02,0.28,0.13
-9.0496e-02,0.18,0.42
-9.0494e-02,0.25,0.135
-9.0493e-02,0.205,0.42
-9.0491e-02,0.305,0.11
-9.0490e-02,0.185,0.44
-9.0488e-02,0.275,0.125
-9.0486e-02,0.25,0.425
-9.0485e-02,0.28,0.115
-9.0483e-02,0.275,0.435
-9.0482e-02,0.285,0.13
-9.0480e-02,0.285,0.42
-9.0478e-02,0.37,0.105
-9.0477e-02,0.36,0.45
-9.0475e-02,0.31,0.135
-9.0474e-02,0.31,0.415
-9.0472e-02,0.235,0.115
-9.0470e-02,0.27,0.435
-9.0469e-02,0.29,0.14
-9.0467e-02,0.28,0.42
-9.0466e-02,0.275,0.09
-9.0464e-02,0.3,0.455
-9.0462e-02,0.26,0.12
-9.0461e-02,0.325,0.43
-9.0459e-02,0.205,0.13
-9.0458e-02,0.205,0.425
-9.0456e-02,0.225,0.13
-9.0454e-02,0.255,0.42
-9.0453e-02,0.235,0.1
-9.0451e-02,0.255,0.45
-9.0450e-02,0.26,0.135
-9.0448e-02,0.325,0.425
-9.0446e-02,0.36,0.13
-9.0445e-02,0.27,0.415
-9.0443e-02,0.345,0.11
-9.0442e-02,0.33,0.44
-9.0440e-02,0.315,0.11
-9.0438e-02,0.285,0.44
-9.0437e-02,0.29,0.13
-9.0435e-02,0.175,0.43
-9.0434e-02,0.31,0.13
-9.0432e-02,0.245,0.425
-9.0430e-02,0.21,0.13
-9.0429e-02,0.21,0.42
-9.0427e-02,0.17,0.135
-9.0426e-02,0.28,0.42
-9.0424e-02,0.22,0.12
-9.0422e-02,0.28,0.435
-9.0421e-02,0.21,0.135
-9.0419e-02,0.3,0.41
-9.0418e-02,0.345,0.145
-9.0416e-02,0.285,0.405
-9.0414e-02,0.235,0.14
-9.0413e-02,0.235,0.415
-9.0411e-02,0.215,0.145
-9.0410e-02,0.28,0.415
-9.0408e-02,0.225,0.145
-9.0406e-02,0.18,0.4
-9.0405e-02,0.275,0.095
-9.0403e-02,0.26,0.455
-9.0402e-02,0.235,0.145
-9.0400e-02,0.17,0.41
-9.0398e-02,0.335,0.14
-9.0397e-02,0.315,0.41
-9.0395e-02,0.315,0.135
-9.0394e-02,0.315,0.425
-9.0392e-02,0.245,0.125
-9.0390e-02,0.275,0.43
-9.0389e-02,0.315,0.135
-9.0387e-02,0.285,0.415
-9.0386e-02,0.225,0.14
-9.0384e-02,0.29,0.415
-9.0382e-02,0.31,0.125
-9.0381e-02,0.275,0.43
-9.0379e-02,0.26,0.125
-9.0378e-02,0.28,0.43
-9.0376e-02,0.225,0.1
-9.0374e-02,0.28,0.46
-9.0373e-02,0.285,0.135
-9.0371e-02,0.245,0.425
-9.0370e-02,0.245,0.12
-9.0368e-02,0.245,0.435
-9.0366e-02,0.275,0.135
-9.0365e-02,0.245,0.415
-9.0363e-02,0.21,0.115
-9.0362e-02,0.275,0.435
-9.0360e-02,0.215,0.12
-9.0358e-02,0.25,0.43
-9.0357e-02,0.285,0.115
-9.0355e-02,0.245,0.44
-9.0354e-02,0.19,0.095
-9.0352e-02,0.26,0.455
-9.0350e-02,0.275,0.115
-9.0349e-02,0.21,0.445
-9.0347e-02,0.2,0.09
-9.0346e-02,0.255,0.465
-9.0344e-02,0.29,0.12
-9.0342e-02,0.22,0.43
-9.0341e-02,0.24,0.11
-9.0339e-02,0.225,0.435
-9.0338e-02,0.27,0.11
-9.0336e-02,0.24,0.45
-9.0334e-02,0.215,0.14
-9.0333e-02,0.255,0.42
-9.0331e-02,0.22,0.14
-9.0330e-02,0.34,0.42
-9.0328e-02,0.265,0.15
-9.0326e-02,0.26,0.405
-9.0325e-02,0.205,0.11
-9.0323e-02,0.315,0.44
-9.0322e-02,0.27,0.12
-9.0320e-02,0.285,0.43
-9.0318e-02,0.265,0.115
-9.0317e-02,0.37,0.45
-9.0315e-02,0.34,0.145
-9.0314e-02,0.35,0.42
-9.0312e-02,0.28,0.135
-9.0310e-02,0.21,0.415
-9.0309e-02,0.33,0.125
-9.0307e-02,0.31,0.435
-9.0306e-02,0.315,0.105
-9.0304e-02,0.2,0.45
-9.0302e-02,0.345,0.15
-9.0301e-02,0.28,0.41
-9.0299e-02,0.265,0.12
-9.0298e-02,0.265,0.435
-9.0296e-02,0.3,0.125
-9.0294e-02,0.29,0.435
-9.0293e-02,0.31,0.145
-9.0291e-02,0.265,0.41
-9.0290e-02,0.285,0.13
-9.0288e-02,0.255,0.425
-9.0286e-02,0.305,0.15
-9.0285e-02,0.255,0.415
-9.0283e-02,0.21,0.12
-9.0282e-02,0.325,0.44
-9.0280e-02,0.305,0.12
-9.0278e-02,0.26,0.44
-9.0277e-02,0.295,0.135
-9.0275e-02,0.315,0.43
-9.0274e-02,0.32,0.14
-9.0272e-02,0.335,0.42
-9.0270e-02,0.29,0.12
-9.0269e-02,0.28,0.445
-9.0267e-02,0.3,0.13
-9.0266e-02,0.38,0.44
-9.0264e-02,0.245,0.135
-9.0262e-02,0.24,0.43
-9.0261e-02,0.2,0.155
-9.0259e-02,0.34,0.41
-9.0258e-02,0.2,0.14
-9.0256e-02,0.25,0.42
-9.0254e-02,0.28,0.135
-9.0253e-02,0.295,0.425
-9.0251e-02,0.345,0.12
-9.0250e-02,0.27,0.44
-9.0248e-02,0.33,0.13
-9.0246e-02,0.265,0.435
-9.0245e-02,0.295,0.125
-9.0243e-02,0.175,0.44
-9.0242e-02,0.28,0.15
-9.0240e-02,0.325,0.415
-9.0238e-02,0.31,0.13
-9.0237e-02,0.285,0.435
-9.0235e-02,0.355,0.14
-9.0234e-02,0.335,0.415
-9.0232e-02,0.275,0.12
-9.0230e-02,0.265,0.435
-9.0229e-02,0.3,0.125
-9.0227e-02,0.31,0.435
-9.0226e-02,0.335,0.115
-9.0224e-02,0.255,0.445
-9.0222e-02,0.215,0.095
-9.0221e-02,0.26,0.46
-9.0219e-02,0.245,0.135
-9.0218e-02,0.235,0.42
-9.0216e-02,0.195,0.14
-9.0214e-02,0.325,0.415
-9.0213e-02,0.255,0.15
-9.0211e-02,0.33,0.415
-9.0210e-02,0.235,0.135
-9.0208e-02,0.375,0.42
-9.0206e-02,0.295,0.14
-9.0205e-02,0.355,0.42
-9.0203e-02,0.205,0.14
-9.0202e-02,0.335,0.425
-9.0200e-02,0.21,0.135
-9.0198e-02,0.37,0.425
-9.0197e-02,0.18,0.15
-9.0195e-02,0.3,0.415
-9.0194e-02,0.245,0.13
-9.0192e-02,0.295,0.44
-9.0190e-02,0.21,0.14
-9.0189e-02,0.335,0.425
-9.0187e-02,0.235,0.14
-9.0186e-02,0.285,0.41
-9.0184e-02,0.205,0.135
-9.0182e-02,0.315,0.425
-9.0181e-02,0.265,0.13
-9.0179e-02,0.29,0.435
-9.0178e-02,0.24,0.14
-9.0176e-02,0.375,0.42
-9.0174e-02,0.25,0.125
-9.0173e-02,0.35,0.435
-9.0171e-02,0.22,0.125
-9.0170e-02,0.345,0.43
-9.0168e-02,0.265,0.135
-9.0166e-02,0.37,0.425
-9.0165e-02,0.195,0.155
-9.0163e-02,0.305,0.4
-9.0162e-02,0.295,0.15
-9.0160e-02,0.32,0.41
-9.0158e-02,0.2,0.15
-9.0157e-02,0.145,0.42
-9.0155e-02,0.245,0.125
-9.0154e-02,0.265,0.435
-9.0152e-02,0.265,0.125
-9.0150e-02,0.245,0.44
-9.0149e-02,0.315,0.145
-9.0147e-02,0.3,0.42
-9.0146e-02,0.255,0.145
-9.0144e-02,0.255,0.415
-9.0142e-02,0.21,0.15
-9.0141e-02,0.345,0.41
-9.0139e-02,0.27,0.135
-9.0138e-02,0.265,0.42
-9.0136e-02,0.265,0.15
-9.0134e-02,0.37,0.405
-9.0133e-02,0.31,0.155
-9.0131e-02,0.255,0.41
-9.0130e-02,0.24,0.135
-9.0128e-02,0.33,0.42
-9.0126e-02,0.3,0.15
-9.0125e-02,0.225,0.415
-9.0123e-02,0.285,0.12
-9.0122e-02,0.325,0.44
-9.0120e-02,0.365,0.12
-9.0118e-02,0.335,0.445
-9.0117e-02,0.275,0.13
-9.0115e-02,0.305,0.43
-9.0114e-02,0.435,0.13
-9.0112e-02,0.365,0.43
-9.0110e-02,0.31,0.125
-9.0109e-02,0.285,0.435
-9.0107e-02,0.375,0.14
-9.0106e-02,0.335,0.42
-9.0104e-02,0.265,0.15
-9.0102e-02,0.225,0.415
-9.0101e-02,0.225,0.125
-9.0099e-02,0.255,0.45
-9.0098e-02,0.205,0.15
-9.0096e-02,0.245,0.42
-9.0094e-02,0.235,0.13
-9.0093e-02,0.33,0.435
-9.0091e-02,0.34,0.12
-9.0090e-02,0.25,0.445
-9.0088e-02,0.285,0.145
-9.0086e-02,0.3,0.42
-9.0085e-02,0.25,0.13
-9.0083e-02,0.275,0.44
-9.0082e-02,0.215,0.14
-9.0080e-02,0.275,0.425
-9.0078e-02,0.31,0.16
-9.0077e-02,0.29,0.415
-9.0075e-02,0.23,0.145
-9.0074e-02,0.255,0.43
-9.0072e-02,0.345,0.14
-9.0070e-02,0.26,0.43
-9.0069e-02,0.325,0.12
-9.0067e-02,0.28,0.445
-9.0066e-02,0.31,0.14
-9.0064e-02,0.335,0.425
-9.0062e-02,0.255,0.13
-9.0061e-02,0.21,0.44
-9.0059e-02,0.24,0.105
-9.0058e-02,0.23,0.46
-9.0056e-02,0.23,0.14
-9.0054e-02,0.225,0.435
-9.0053e-02,0.245,0.12
-9.0051e-02,0.255,0.445
-9.0050e-02,0.39,0.14
-9.0048e-02,0.26,0.435
-9.0046e-02,0.345,0.13
-9.0045e-02,0.325,0.44
-9.0043e-02,0.335,0.11
-9.0042e-02,0.275,0.455
-9.0040e-02,0.23,0.125
-9.0038e-02,0.3,0.445
-9.0037e-02,0.28,0.125
-9.0035e-02,0.26,0.445
-9.0034e-02,0.255,0.14
-9.0032e-02,0.28,0.43
-9.0030e-02,0.33,0.15
-9.0029e-02,0.325,0.425
-9.0027e-02,0.215,0.13
-9.0026e-02,0.29,0.445
-9.0024e-02,0.285,0.12
-9.0022e-02,0.305,0.45
-9.0021e-02,0.225,0.14
-9.0019e-02,0.275,0.43
-9.0018e-02,0.28,0.13
-9.0016e-02,0.365,0.435
-9.0014e-02,0.28,0.145
-9.0013e-02,0.325,0.42
-9.0011e-02,0.275,0.155
-9.0010e-02,0.335,0.41
-9.0008e-02,0.31,0.145
-9.0006e-02,0.225,0.42
-9.0005e-02,0.245,0.145
-9.0003e-02,0.24,0.42
-9.0002e-02,0.285,0.145
-9.0000e-02,0.265,0.42
-8.9998e-02,0.27,0.115
-8.9997e-02,0.2,0.45
-8.9995e-02,0.32,0.14
-8.9994e-02,0.195,0.42
-8.9992e-02,0.245,0.135
-8.9990e-02,0.185,0.43
-8.9989e-02,0.31,0.155
-8.9987e-02,0.27,0.415
-8.9986e-02,0.32,0.125
-8.9984e-02,0.24,0.445
-8.9982e-02,0.325,0.13
-8.9981e-02,0.245,0.43
-8.9979e-02,0.31,0.13
-8.9978e-02,0.165,0.435
-8.9976e-02,0.31,0.12
-8.9974e-02,0.31,0.44
-8.9973e-02,0.31,0.12
-8.9971e-02,0.29,0.44
-8.9970e-02,0.335,0.105
-8.9968e-02,0.355,0.45
-8.9966e-02,0.385,0.13
-8.9965e-02,0.285,0.43
-8.9963e-02,0.265,0.115
-8.9962e-02,0.305,0.445
-8.9960e-02,0.285,0.135
-8.9958e-02,0.285,0.43
-8.9957e-02,0.225,0.155
-8.9955e-02,0.22,0.41
-8.9954e-02,0.35,0.135
-8.9952e-02,0.305,0.42
-8.9950e-02,0.345,0.15
-8.9949e-02,0.295,0.415
-8.9947e-02,0.305,0.125
-8.9946e-02,0.35,0.435
-8.9944e-02,0.37,0.13
-8.9942e-02,0.235,0.43
-8.9941e-02,0.27,0.14
-8.9939e-02,0.3,0.42
-8.9938e-02,0.33,0.16
-8.9936e-02,0.275,0.41
-8.9934e-02,0.225,0.13
-8.9933e-02,0.19,0.435
-8.9931e-02,0.295,0.115
-8.9930e-02,0.2,0.445
-8.9928e-02,0.255,0.135
-8.9926e-02,0.265,0.425
-8.9925e-02,0.385,0.14
-8.9923e-02,0.3,0.425
-8.9922e-02,0.34,0.14
-8.9920e-02,0.225,0.425
-8.9918e-02,0.315,0.13
-8.9917e-02,0.295,0.435
-8.9915e-02,0.245,0.15
-8.9914e-02,0.215,0.42
-8.9912e-02,0.33,0.145
-8.9910e-02,0.285,0.425
-8.9909e-02,0.28,0.135
-8.9907e-02,0.255,0.44
-8.9906e-02,0.285,0.135
-8.9904e-02,0.275,0.44
-8.9902e-02,0.34,0.135
-8.9901e-02,0.255,0.44
-8.9899e-02,0.22,0.115
-8.9898e-02,0.26,0.46
-8.9896e-02,0.305,0.15
-8.9894e-02,0.24,0.425
-8.9893e-02,0.23,0.13
-8.9891e-02,0.22,0.45
-8.9890e-02,0.31,0.125
-8.9888e-02,0.325,0.445
-8.9886e-02,0.355,0.15
-8.9885e-02,0.235,0.425
-8.9883e-02,0.435,0.15
-8.9882e-02,0.38,0.43
-8.9880e-02,0.325,0.125
-8.9878e-02,0.25,0.44
-8.9877e-02,0.295,0.15
-8.9875e-02,0.305,0.43
-8.9874e-02,0.26,0.145
-8.9872e-02,0.26,0.43
-8.9870e-02,0.265,0.14
-8.9869e-02,0.385,0.435
-8.9867e-02,0.355,0.14
-8.9866e-02,0.295,0.435
-8.9864e-02,0.275,0.155
-8.9862e-02,0.36,0.42
-8.9861e-02,0.335,0.13
-8.9859e-02,0.27,0.44
-8.9858e-02,0.305,0.125
-8.9856e-02,0.285,0.45
-8.9854e-02,0.365,0.16
-8.9853e-02,0.295,0.415
-8.9851e-02,0.275,0.16
-8.9850e-02,0.28,0.42
-8.9848e-02,0.37,0.145
-8.9846e-02,0.275,0.43
-8.9845e-02,0.28,0.14
-8.9843e-02,0.25,0.43
-8.9842e-02,0.37,0.155
-8.9840e-02,0.29,0.42
-8.9838e-02,0.325,0.14
-8.9837e-02,0.265,0.44
-8.9835e-02,0.255,0.145
-8.9834e-02,0.29,0.425
-8.9832e-02,0.185,0.14
-8.9830e-02,0.23,0.43
-8.9829e-02,0.23,0.13
-8.9827e-02,0.315,0.445
-8.9826e-02,0.31,0.145
-8.9824e-02,0.35,0.42
-8.9822e-02,0.305,0.125
-8.9821e-02,0.36,0.44
-8.9819e-02,0.33,0.155
-8.9818e-02,0.28,0.42
-8.9816e-02,0.225,0.145
-8.9814e-02,0.235,0.43
-8.9813e-02,0.235,0.125
-8.9811e-02,0.17,0.44
-8.9810e-02,0.255,0.12
-8.9808e-02,0.23,0.455
-8.9806e-02,0.3,0.155
-8.9805e-02,0.295,0.42
-8.9803e-02,0.33,0.135
-8.9802e-02,0.35,0.435
-8.9800e-02,0.365,0.135
-8.9798e-02,0.29,0.44
-8.9797e-02,0.34,0.15
-8.9795e-02,0.285,0.425
-8.9794e-02,0.26,0.14
-8.9792e-02,0.23,0.425
-8.9790e-02,0.245,0.145
-8.9789e-02,0.205,0.43
-8.9787e-02,0.24,0.145
-8.9786e-02,0.285,0.425
-8.9784e-02,0.3,0.14
-8.9782e-02,0.315,0.425
-8.9781e-02,0.36,0.15
-8.9779e-02,0.3,0.42
-8.9778e-02,0.305,0.13
-8.9776e-02,0.285,0.44
-8.9774e-02,0.25,0.13
-8.9773e-02,0.295,0.44
-8.9771e-02,0.21,0.13
-8.9770e-02,0.34,0.435
-8.9768e-02,0.31,0.145
-8.9766e-02,0.285,0.425
-8.9765e-02,0.3,0.15
-8.9763e-02,0.275,0.42
-8.9762e-02,0.3,0.15
-8.9760e-02,0.315,0.42
-8.9758e-02,0.295,0.15
-8.9757e-02,0.27,0.42
-8.9755e-02,0.3,0.145
-8.9754e-02,0.32,0.425
-8.9752e-02,0.28,0.145
-8.9750e-02,0.31,0.425
-8.9749e-02,0.245,0.145
-8.9747e-02,0.375,0.425
-8.9746e-02,0.285,0.14
-8.9744e-02,0.33,0.43
-8.9742e-02,0.25,0.15
-8.9741e-02,0.295,0.425
-8.9739e-02,0.235,0.13
-8.9738e-02,0.335,0.45
-8.9736e-02,0.25,0.145
-8.9734e-02,0.22,0.42
-8.9733e-02,0.31,0.13
-8.9731e-02,0.27,0.44
-8.9730e-02,0.31,0.135
-8.9728e-02,0.215,0.44
-8.9726e-02,0.305,0.16
-8.9725e-02,0.3,0.42
-8.9723e-02,0.295,0.14
-8.9722e-02,0.25,0.43
-8.9720e-02,0.28,0.15
-8.9718e-02,0.325,0.425
-8.9717e-02,0.345,0.14
-8.9715e-02,0.36,0.43
-8.9714e-02,0.275,0.145
-8.9712e-02,0.395,0.435
-8.9710e-02,0.305,0.16
-8.9709e-02,0.315,0.415
-8.9707e-02,0.255,0.125
-8.9706e-02,0.295,0.45
-8.9704e-02,0.23,0.145
-8.9702e-02,0.27,0.43
-8.9701e-02,0.24,0.155
-8.9699e-02,0.21,0.425
-8.9698e-02,0.31,0.145
-8.9696e-02,0.25,0.44
-8.9694e-02,0.345,0.14
-8.9693e-02,0.265,0.44
-8.9691e-02,0.31,0.16
-8.9690e-02,0.325,0.425
-8.9688e-02,0.3,0.14
-8.9686e-02,0.295,0.44
-8.9685e-02,0.245,0.12
-8.9683e-02,0.3,0.465
-8.9682e-02,0.265,0.14
-8.9680e-02,0.36,0.445
-8.9678e-02,0.245,0.145
-8.9677e-02,0.32,0.44
-8.9675e-02,0.31,0.15
-8.9674e-02,0.305,0.43
-8.9672e-02,0.315,0.125
-8.9670e-02,0.26,0.45
-8.9669e-02,0.295,0.13
-8.9667e-02,0.325,0.445
-8.9666e-02,0.34,0.12
-8.9664e-02,0.325,0.455
-8.9662e-02,0.285,0.14
-8.9661e-02,0.315,0.44
-8.9659e-02,0.295,0.125
-8.9658e-02,0.3,0.455
-8.9656e-02,0.28,0.13
-8.9654e-02,0.32,0.45
-8.9653e-02,0.305,0.12
-8.9651e-02,0.35,0.455
-8.9650e-02,0.245,0.15
-8.9648e-02,0.265,0.43
-8.9646e-02,0.255,0.115
-8.9645e-02,0.265,0.46
-8.9643e-02,0.24,0.13
-8.9642e-02,0.28,0.445
-8.9640e-02,0.21,0.13
-8.9638e-02,0.28,0.445
-8.9637e-02,0.25,0.13
-8.9635e-02,0.29,0.44
-8.9634e-02,0.265,0.135
-8.9632e-02,0.27,0.445
-8.9630e-02,0.23,0.13
-8.9629e-02,0.3,0.45
-8.9627e-02,0.295,0.14
-8.9626e-02,0.245,0.43
-8.9624e-02,0.24,0.15
-8.9622e-02,0.225,0.425
-8.9621e-02,0.255,0.125
-8.9619e-02,0.295,0.455
-8.9618e-02,0.185,0.105
-8.9616e-02,0.27,0.46
-8.9614e-02,0.325,0.14
-8.9613e-02,0.36,0.435
-8.9611e-02,0.335,0.14
-8.9610e-02,0.32,0.435
-8.9608e-02,0.325,0.115
-8.9606e-02,0.405,0.455
-8.9605e-02,0.295,0.13
-8.9603e-02,0.225,0.445
-8.9602e-02,0.26,0.145
-8.9600e-02,0.275,0.43
-8.9598e-02,0.3,0.155
-8.9597e-02,0.245,0.42
-8.9595e-02,0.245,0.125
-8.9594e-02,0.27,0.45
-8.9592e-02,0.355,0.1
-8.9590e-02,0.275,0.47
-8.9589e-02,0.3,0.13
-8.9587e-02,0.235,0.445
-8.9586e-02,0.255,0.145
-8.9584e-02,0.28,0.43
-8.9582e-02,0.33,0.14
-8.9581e-02,0.265,0.44
-8.9579e-02,0.355,0.145
-8.9578e-02,0.29,0.435
-8.9576e-02,0.345,0.145
-8.9574e-02,0.33,0.425
-8.9573e-02,0.255,0.145
-8.9571e-02,0.315,0.435
-8.9570e-02,0.23,0.125
-8.9568e-02,0.3,0.445
-8.9566e-02,0.255,0.14
-8.9565e-02,0.28,0.44
-8.9563e-02,0.235,0.145
-8.9562e-02,0.295,0.435
-8.9560e-02,0.29,0.12
-8.9558e-02,0.26,0.465
-8.9557e-02,0.265,0.14
-8.9555e-02,0.22,0.44
-8.9554e-02,0.26,0.1
-8.9552e-02,0.315,0.475
-8.9550e-02,0.21,0.145
-8.9549e-02,0.28,0.445
-8.9547e-02,0.275,0.145
-8.9546e-02,0.335,0.435
-8.9544e-02,0.285,0.14
-8.9542e-02,0.33,0.44
-8.9541e-02,0.26,0.15
-8.9539e-02,0.335,0.43
-8.9538e-02,0.315,0.145
-8.9536e-02,0.37,0.435
-8.9534e-02,0.38,0.155
-8.9533e-02,0.34,0.43
-8.9531e-02,0.305,0.11
-8.9530e-02,0.355,0.47
-8.9528e-02,0.375,0.12
-8.9526e-02,0.33,0.455
-8.9525e-02,0.32,0.145
-8.9523e-02,0.21,0.435
-8.9522e-02,0.3,0.14
-8.9520e-02,0.37,0.445
-8.9518e-02,0.315,0.14
-8.9517e-02,0.275,0.44
-8.9515e-02,0.275,0.155
-8.9514e-02,0.345,0.43
-8.9512e-02,0.3,0.15
-8.9510e-02,0.28,0.44
-8.9509e-02,0.17,0.145
-8.9507e-02,0.3,0.435
-8.9506e-02,0.26,0.15
-8.9504e-02,0.33,0.44
-8.9502e-02,0.27,0.145
-8.9501e-02,0.335,0.44
-8.9499e-02,0.345,0.145
-8.9498e-02,0.305,0.44
-8.9496e-02,0.3,0.14
-8.9494e-02,0.27,0.44
-8.9493e-02,0.23,0.155
-8.9491e-02,0.295,0.43
-8.9490e-02,0.245,0.145
-8.9488e-02,0.245,0.445
-8.9486e-02,0.24,0.105
-8.9485e-02,0.235,0.48
-8.9483e-02,0.295,0.15
-8.9482e-02,0.355,0.43
-8.9480e-02,0.285,0.15
-8.9478e-02,0.35,0.435
-8.9477e-02,0.325,0.145
-8.9475e-02,0.29,0.435
-8.9474e-02,0.365,0.115
-8.9472e-02,0.28,0.465
-8.9470e-02,0.34,0.145
-8.9469e-02,0.275,0.435
-8.9467e-02,0.24,0.125
-8.9466e-02,0.26,0.46
-8.9464e-02,0.275,0.16
-8.9462e-02,0.19,0.425
-8.9461e-02,0.255,0.14
-8.9459e-02,0.23,0.44
-8.9458e-02,0.27,0.1
-8.9456e-02,0.32,0.485
-8.9454e-02,0.275,0.11
-8.9453e-02,0.295,0.475
-8.9451e-02,0.3,0.145
-8.9450e-02,0.295,0.445
-8.9448e-02,0.315,0.13
-8.9446e-02,0.19,0.445
-8.9445e-02,0.315,0.15
-8.9443e-02,0.225,0.425
-8.9442e-02,0.325,0.145
-8.9440e-02,0.23,0.44
-8.9438e-02,0.255,0.14
-8.9437e-02,0.255,0.44
-8.9435e-02,0.355,0.125
-8.9434e-02,0.28,0.45
-8.9432e-02,0.29,0.145
-8.9430e-02,0.3,0.44
-8.9429e-02,0.27,0.16
-8.9427e-02,0.39,0.425
-8.9426e-02,0.27,0.15
-8.9424e-02,0.25,0.43
-8.9422e-02,0.235,0.165
-8.9421e-02,0.275,0.42
-8.9419e-02,0.265,0.135
-8.9418e-02,0.29,0.45
-8.9416e-02,0.225,0.12
-8.9414e-02,0.285,0.46
-8.9413e-02,0.325,0.135
-8.9411e-02,0.34,0.45
-8.9410e-02,0.34,0.115
-8.9408e-02,0.255,0.465
-8.9406e-02,0.355,0.145
-8.9405e-02,0.315,0.44
-8.9403e-02,0.29,0.165
-8.9402e-02,0.3,0.425
-8.9400e-02,0.215,0.135
-8.9398e-02,0.35,0.455
-8.9397e-02,0.29,0.125
-8.9395e-02,0.3,0.47
-8.9394e-02,0.265,0.15
-8.9392e-02,0.325,0.44
-8.9390e-02,0.275,0.15
-8.9389e-02,0.325,0.44
-8.9387e-02,0.275,0.15
-8.9386e-02,0.25,0.435
-8.9384e-02,0.225,0.145
-8.9382e-02,0.305,0.445
-8.9381e-02,0.2,0.165
-8.9379e-02,0.315,0.425
-8.9378e-02,0.225,0.13
-8.9376e-02,0.29,0.45
-8.9374e-02,0.32,0.155
-8.9373e-02,0.275,0.425
-8.9371e-02,0.345,0.14
-8.9370e-02,0.355,0.45
-8.9368e-02,0.275,0.16
-8.9366e-02,0.29,0.42
-8.9365e-02,0.355,0.125
-8.9363e-02,0.29,0.455
-8.9362e-02,0.305,0.14
-8.9360e-02,0.195,0.45
-8.9358e-02,0.305,0.14
-8.9357e-02,0.285,0.445
-8.9355e-02,0.3,0.13
-8.9354e-02,0.245,0.455
-8.9352e-02,0.33,0.15
-8.9350e-02,0.29,0.435
-8.9349e-02,0.41,0.115
-8.9347e-02,0.3,0.47
-8.9346e-02,0.29,0.16
-8.9344e-02,0.255,0.43
-8.9342e-02,0.33,0.155
-8.9341e-02,0.255,0.43
-8.9339e-02,0.265,0.13
-8.9338e-02,0.2,0.45
-8.9336e-02,0.25,0.125
-8.9334e-02,0.325,0.455
-8.9333e-02,0.27,0.155
-8.9331e-02,0.315,0.435
-8.9330e-02,0.285,0.145
-8.9328e-02,0.29,0.445
-8.9326e-02,0.38,0.14
-8.9325e-02,0.33,0.44
-8.9323e-02,0.345,0.135
-8.9322e-02,0.325,0.46
-8.9320e-02,0.315,0.145
-8.9318e-02,0.355,0.445
-8.9317e-02,0.345,0.15
-8.9315e-02,0.36,0.435
-8.9314e-02,0.26,0.14
-8.9312e-02,0.315,0.445
-8.9310e-02,0.29,0.155
-8.9309e-02,0.325,0.435
-8.9307e-02,0.27,0.15
-8.9306e-02,0.325,0.44
-8.9304e-02,0.18,0.14
-8.9302e-02,0.325,0.445
-8.9301e-02,0.19,0.145
-8.9299e-02,0.31,0.435
-8.9298e-02,0.205,0.13
-8.9296e-02,0.27,0.455
-8.9294e-02,0.245,0.15
-8.9293e-02,0.315,0.435
-8.9291e-02,0.325,0.145
-8.9290e-02,0.275,0.44
-8.9288e-02,0.285,0.15
-8.9286e-02,0.26,0.435
-8.9285e-02,0.36,0.15
-8.9283e-02,0.245,0.44
-8.9282e-02,0.34,0.15
-8.9280e-02,0.25,0.435
-8.9278e-02,0.33,0.14
-8.9277e-02,0.38,0.445
-8.9275e-02,0.345,0.145
-8.9274e-02,0.305,0.435
-8.9272e-02,0.245,0.145
-8.9270e-02,0.21,0.44
-8.9269e-02,0.34,0.125
-8.9267e-02,0.275,0.47
-8.9266e-02,0.3,0.15
-8.9264e-02,0.255,0.435
-8.9262e-02,0.295,0.165
-8.9261e-02,0.345,0.425
-8.9259e-02,0.28,0.155
-8.9258e-02,0.35,0.43
-8.9256e-02,0.295,0.155
-8.9254e-02,0.25,0.435
-8.9253e-02,0.32,0.15
-8.9251e-02,0.26,0.44
-8.9250e-02,0.29,0.13
-8.9248e-02,0.32,0.46
-8.9246e-02,0.265,0.16
-8.9245e-02,0.32,0.43
-8.9243e-02,0.32,0.14
-8.9242e-02,0.36,0.445
-8.9240e-02,0.325,0.11
-8.9238e-02,0.24,0.48
-8.9237e-02,0.3,0.095
-8.9235e-02,0.29,0.49
-8.9234e-02,0.31,0.145
-8.9232e-02,0.335,0.445
-8.9230e-02,0.245,0.16
-8.9229e-02,0.285,0.425
-8.9227e-02,0.305,0.14
-8.9226e-02,0.29,0.445
-8.9224e-02,0.3,0.16
-8.9222e-02,0.24,0.435
-8.9221e-02,0.235,0.16
-8.9219e-02,0.225,0.425
-8.9218e-02,0.25,0.135
-8.9216e-02,0.25,0.455
-8.9214e-02,0.31,0.15
-8.9213e-02,0.22,0.44
-8.9211e-02,0.31,0.14
-8.9210e-02,0.265,0.445
-8.9208e-02,0.33,0.155
-8.9206e-02,0.325,0.435
-8.9205e-02,0.34,0.155
-8.9203e-02,0.29,0.435
-8.9202e-02,0.29,0.16
-8.9200e-02,0.245,0.435
-8.9198e-02,0.33,0.16
-8.9197e-02,0.32,0.43
-8.9195e-02,0.22,0.15
-8.9194e-02,0.24,0.435
-8.9192e-02,0.23,0.14
-8.9190e-02,0.27,0.445
-8.9189e-02,0.33,0.145
-8.9187e-02,0.29,0.44
-8.9186e-02,0.345,0.155
-8.9184e-02,0.355,0.44
-8.9182e-02,0.42,0.155
-8.9181e-02,0.42,0.435
-8.9179e-02,0.315,0.16
-8.9178e-02,0.315,0.43
-8.9176e-02,0.29,0.15
-8.9174e-02,0.265,0.445
-8.9173e-02,0.28,0.15
-8.9171e-02,0.275,0.445
-8.9170e-02,0.22,0.165
-8.9168e-02,0.28,0.43
-8.9166e-02,0.2,0.12
-8.9165e-02,0.27,0.475
-8.9163e-02,0.28,0.14
-8.9162e-02,0.29,0.455
-8.9160e-02,0.275,0.13
-8.9158e-02,0.28,0.455
-8.9157e-02,0.255,0.135
-8.9155e-02,0.295,0.445
-8.9154e-02,0.335,0.145
-8.9152e-02,0.295,0.44
-8.9150e-02,0.35,0.11
-8.9149e-02,0.23,0.48
-8.9147e-02,0.34,0.15
-8.9146e-02,0.34,0.445
-8.9144e-02,0.35,0.15
-8.9142e-02,0.3,0.445
-8.9141e-02,0.345,0.135
-8.9139e-02,0.325,0.45
-8.9138e-02,0.41,0.16
-8.9136e-02,0.345,0.44
-8.9134e-02,0.385,0.16
-8.9133e-02,0.29,0.44
-8.9131e-02,0.265,0.145
-8.9130e-02,0.285,0.455
-8.9128e-02,0.295,0.15
-8.9126e-02,0.355,0.44
-8.9125e-02,0.325,0.155
-8.9123e-02,0.325,0.44
-8.9122e-02,0.315,0.14
-8.9120e-02,0.32,0.445
-8.9118e-02,0.325,0.16
-8.9117e-02,0.345,0.425
-8.9115e-02,0.255,0.14
-8.9114e-02,0.29,0.445
-8.9112e-02,0.33,0.145
-8.9110e-02,0.325,0.45
-8.9109e-02,0.335,0.135
-8.9107e-02,0.285,0.455
-8.9106e-02,0.22,0.145
-8.9104e-02,0.25,0.455
-8.9102e-02,0.245,0.16
-8.9101e-02,0.3,0.44
-8.9099e-02,0.365,0.155
-8.9098e-02,0.285,0.44
-8.9096e-02,0.375,0.11
-8.9094e-02,0.31,0.485
-8.9093e-02,0.345,0.145
-8.9091e-02,0.28,0.445
-8.9090e-02,0.265,0.155
-8.9088e-02,0.255,0.44
-8.9086e-02,0.165,0.135
-8.9085e-02,0.27,0.455
-8.9083e-02,0.28,0.145
-8.9082e-02,0.325,0.46
-8.9080e-02,0.285,0.145
-8.9078e-02,0.275,0.455
-8.9077e-02,0.335,0.15
-8.9075e-02,0.345,0.445
-8.9074e-02,0.345,0.145
-8.9072e-02,0.3,0.46
-8.9070e-02,0.24,0.165
-8.9069e-02,0.26,0.425
-8.9067e-02,0.31,0.17
-8.9066e-02,0.31,0.425
-8.9064e-02,0.32,0.16
-8.9062e-02,0.235,0.44
-8.9061e-02,0.3,0.15
-8.9059e-02,0.325,0.45
-8.9058e-02,0.33,0.14
-8.9056e-02,0.34,0.45
-8.9054e-02,0.255,0.155
-8.9053e-02,0.245,0.44
-8.9051e-02,0.25,0.155
-8.9050e-02,0.19,0.435
-8.9048e-02,0.28,0.145
-8.9046e-02,0.23,0.45
-8.9045e-02,0.335,0.15
-8.9043e-02,0.24,0.44
-8.9042e-02,0.29,0.14
-8.9040e-02,0.265,0.45
-8.9038e-02,0.305,0.15
-8.9037e-02,0.27,0.45
-8.9035e-02,0.23,0.145
-8.9034e-02,0.285,0.455
-8.9032e-02,0.3,0.16
-8.9030e-02,0.29,0.435
-8.9029e-02,0.29,0.14
-8.9027e-02,0.195,0.455
-8.9026e-02,0.315,0.105
-8.9024e-02,0.28,0.49
-8.9022e-02,0.295,0.13
-8.9021e-02,0.31,0.455
-8.9019e-02,0.225,0.145
-8.9018e-02,0.32,0.46
-8.9016e-02,0.31,0.14
-8.9014e-02,0.4,0.45
-8.9013e-02,0.355,0.155
-8.9011e-02,0.32,0.44
-8.9010e-02,0.29,0.16
-8.9008e-02,0.345,0.435
-8.9006e-02,0.295,0.12
-8.9005e-02,0.285,0.465
-8.9003e-02,0.24,0.14
-8.9002e-02,0.225,0.455
-8.9000e-02,0.275,0.1
-8.8998e-02,0.27,0.5
-8.8997e-02,0.335,0.11
-8.8995e-02,0.37,0.475
-8.8994e-02,0.355,0.125
-8.8992e-02,0.35,0.465
-8.8990e-02,0.32,0.16
-8.8989e-02,0.325,0.435
-8.8987e-02,0.345,0.13
-8.8986e-02,0.245,0.46
-8.8984e-02,0.28,0.155
-8.8982e-02,0.29,0.44
-8.8981e-02,0.325,0.15
-8.8979e-02,0.335,0.44
-8.8978e-02,0.26,0.155
-8.8976e-02,0.29,0.435
-8.8974e-02,0.25,0.12
-8.8973e-02,0.345,0.47
-8.8971e-02,0.23,0.13
-8.8970e-02,0.245,0.465
-8.8968e-02,0.205,0.145
-8.8966e-02,0.275,0.445
-8.8965e-02,0.305,0.145
-8.8963e-02,0.29,0.45
-8.8962e-02,0.295,0.14
-8.8960e-02,0.325,0.45
-8.8958e-02,0.335,0.145
-8.8957e-02,0.42,0.45
-8.8955e-02,0.32,0.155
-8.8954e-02,0.345,0.445
-8.8952e-02,0.265,0.14
-8.8950e-02,0.3,0.455
-8.8949e-02,0.315,0.125
-8.8947e-02,0.265,0.465
-8.8946e-02,0.28,0.13
-8.8944e-02,0.225,0.455
-8.8942e-02,0.245,0.16
-8.8941e-02,0.23,0.44
-8.8939e-02,0.21,0.13
-8.8938e-02,0.295,0.465
-8.8936e-02,0.24,0.135
-8.8934e-02,0.29,0.46
-8.8933e-02,0.305,0.14
-8.8931e-02,0.325,0.46
-8.8930e-02,0.335,0.15
-8.8928e-02,0.27,0.45
-8.8926e-02,0.22,0.13
-8.8925e-02,0.255,0.47
-8.8923e-02,0.23,0.14
-8.8922e-02,0.33,0.46
-8.8920e-02,0.22,0.16
-8.8918e-02,0.295,0.44
-8.8917e-02,0.255,0.14
-8.8915e-02,0.32,0.46
-8.8914e-02,0.265,0.15
-8.8912e-02,0.295,0.45
-8.8910e-02,0.205,0.155
-8.8909e-02,0.31,0.44
-8.8907e-02,0.325,0.165
-8.8906e-02,0.34,0.44
-8.8904e-02,0.305,0.145
-8.8902e-02,0.315,0.455
-8.8901e-02,0.265,0.15
-8.8899e-02,0.36,0.45
-8.8898e-02,0.285,0.14
-8.8896e-02,0.34,0.455
-8.8894e-02,0.325,0.175
-8.8893e-02,0.25,0.425
-8.8891e-02,0.315,0.155
-8.8890e-02,0.215,0.44
-8.8888e-02,0.35,0.145
-8.8886e-02,0.31,0.455
-8.8885e-02,0.265,0.15
-8.8883e-02,0.345,0.44
-8.8882e-02,0.275,0.145
-8.8880e-02,0.39,0.455
-8.8878e-02,0.365,0.145
-8.8877e-02,0.375,0.455
-8.8875e-02,0.28,0.14
-8.8874e-02,0.335,0.46
-8.8872e-02,0.305,0.16
-8.8870e-02,0.335,0.43
-8.8869e-02,0.24,0.155
-8.8867e-02,0.265,0.45
-8.8866e-02,0.21,0.135
-8.8864e-02,0.27,0.455
-8.8862e-02,0.295,0.155
-8.8861e-02,0.29,0.44
-8.8859e-02,0.24,0.14
-8.8858e-02,0.285,0.46
-8.8856e-02,0.335,0.14
-8.8854e-02,0.255,0.45
-8.8853e-02,0.41,0.13
-8.8851e-02,0.305,0.46
-8.8850e-02,0.34,0.135
-8.8848e-02,0.29,0.465
-8.8846e-02,0.36,0.135
-8.8845e-02,0.3,0.46
-8.8843e-02,0.33,0.15
-8.8842e-02,0.29,0.455
-8.8840e-02,0.295,0.155
-8.8838e-02,0.29,0.44
-8.8837e-02,0.29,0.155
-8.8835e-02,0.4,0.445
-8.8834e-02,0.37,0.15
-8.8832e-02,0.305,0.445
-8.8830e-02,0.285,0.14
-8.8829e-02,0.3,0.455
-8.8827e-02,0.255,0.16
-8.8826e-02,0.345,0.44
-8.8824e-02,0.245,0.16
-8.8822e-02,0.24,0.445
-8.8821e-02,0.245,0.14
-8.8819e-02,0.36,0.46
-8.8818e-02,0.24,0.15
-8.8816e-02,0.355,0.445
-8.8814e-02,0.255,0.13
-8.8813e-02,0.305,0.475
-8.8811e-02,0.35,0.16
-8.8810e-02,0.29,0.44
-8.8808e-02,0.35,0.14
-8.8806e-02,0.335,0.46
-8.8805e-02,0.26,0.14
-8.8803e-02,0.275,0.46
-8.8802e-02,0.28,0.155
-8.8800e-02,0.315,0.44
-8.8798e-02,0.305,0.145
-8.8797e-02,0.37,0.46
-8.8795e-02,0.29,0.13
-8.8794e-02,0.305,0.47
-8.8792e-02,0.345,0.155
-8.8790e-02,0.31,0.44
-8.8789e-02,0.305,0.16
-8.8787e-02,0.22,0.44
-8.8786e-02,0.215,0.16
-8.8784e-02,0.16,0.445
-8.8782e-02,0.325,0.16
-8.8781e-02,0.27,0.435
-8.8779e-02,0.265,0.145
-8.8778e-02,0.305,0.45
-8.8776e-02,0.31,0.155
-8.8774e-02,0.39,0.445
-8.8773e-02,0.38,0.15
-8.8771e-02,0.39,0.455
-8.8770e-02,0.305,0.155
-8.8768e-02,0.355,0.45
-8.8766e-02,0.24,0.155
-8.8765e-02,0.34,0.445
-8.8763e-02,0.28,0.16
-8.8762e-02,0.275,0.445
-8.8760e-02,0.275,0.13
-8.8758e-02,0.235,0.475
-8.8757e-02,0.245,0.14
-8.8755e-02,0.375,0.465
-8.8754e-02,0.295,0.165
-8.8752e-02,0.345,0.44
-8.8750e-02,0.26,0.16
-8.8749e-02,0.29,0.44
-8.8747e-02,0.305,0.16
-8.8746e-02,0.34,0.445
-8.8744e-02,0.265,0.15
-8.8742e-02,0.31,0.445
-8.8741e-02,0.26,0.135
-8.8739e-02,0.3,0.47
-8.8738e-02,0.31,0.165
-8.8736e-02,0.335,0.435
-8.8734e-02,0.3,0.17
-8.8733e-02,0.385,0.43
-8.8731e-02,0.35,0.13
-8.8730e-02,0.3,0.47
-8.8728e-02,0.355,0.145
-8.8726e-02,0.26,0.455
-8.8725e-02,0.345,0.17
-8.8723e-02,0.185,0.44
-8.8722e-02,0.24,0.155
-8.8720e-02,0.27,0.445
-8.8718e-02,0.335,0.11
-8.8717e-02,0.37,0.485
-8.8715e-02,0.35,0.155
-8.8714e-02,0.3,0.44
-8.8712e-02,0.315,0.16
-8.8710e-02,0.385,0.445
-8.8709e-02,0.31,0.155
-8.8707e-02,0.32,0.445
-8.8706e-02,0.26,0.15
-8.8704e-02,0.285,0.45
-8.8702e-02,0.335,0.155
-8.8701e-02,0.335,0.445
-8.8699e-02,0.32,0.145
-8.8698e-02,0.35,0.455
-8.8696e-02,0.315,0.165
-8.8694e-02,0.31,0.435
-8.8693e-02,0.325,0.145
-8.8691e-02,0.3,0.455
-8.8690e-02,0.375,0.16
-8.8688e-02,0.305,0.44
-8.8686e-02,0.245,0.145
-8.8685e-02,0.24,0.455
-8.8683e-02,0.215,0.14
-8.8682e-02,0.245,0.46
-8.8680e-02,0.29,0.13
-8.8678e-02,0.195,0.475
-8.8677e-02,0.25,0.14
-8.8675e-02,0.26,0.465
-8.8674e-02,0.345,0.17
-8.8672e-02,0.36,0.435
-8.8670e-02,0.37,0.16
-8.8669e-02,0.275,0.45
-8.8667e-02,0.335,0.16
-8.8666e-02,0.305,0.44
-8.8664e-02,0.305,0.16
-8.8662e-02,0.285,0.445
-8.8661e-02,0.225,0.15
-8.8659e-02,0.3,0.455
-8.8658e-02,0.26,0.135
-8.8656e-02,0.33,0.46
-8.8654e-02,0.345,0.155
-8.8653e-02,0.385,0.445
-8.8651e-02,0.375,0.155
-8.8650e-02,0.29,0.45
-8.8648e-02,0.305,0.13
-8.8646e-02,0.32,0.48
-8.8645e-02,0.4,0.14
-8.8643e-02,0.24,0.46
-8.8642e-02,0.35,0.155
-8.8640e-02,0.265,0.455
-8.8638e-02,0.32,0.15
-8.8637e-02,0.37,0.455
-8.8635e-02,0.32,0.175
-8.8634e-02,0.385,0.435
-8.8632e-02,0.285,0.16
-8.8630e-02,0.325,0.455
-8.8629e-02,0.24,0.13
-8.8627e-02,0.365,0.475
-8.8626e-02,0.255,0.17
-8.8624e-02,0.33,0.44
-8.8622e-02,0.29,0.135
-8.8621e-02,0.22,0.47
-8.8619e-02,0.295,0.17
-8.8618e-02,0.25,0.435
-8.8616e-02,0.34,0.17
-8.8614e-02,0.265,0.435
-8.8613e-02,0.34,0.15
-8.8611e-02,0.305,0.45
-8.8610e-02,0.38,0.14
-8.8608e-02,0.345,0.46
-8.8606e-02,0.32,0.145
-8.8605e-02,0.315,0.46
-8.8603e-02,0.245,0.14
-8.8602e-02,0.31,0.465
-8.8600e-02,0.3,0.15
-8.8598e-02,0.35,0.46
-8.8597e-02,0.285,0.15
-8.8595e-02,0.365,0.46
-8.8594e-02,0.305,0.145
-8.8592e-02,0.41,0.465
-8.8590e-02,0.355,0.145
-8.8589e-02,0.36,0.455
-8.8587e-02,0.325,0.15
-8.8586e-02,0.375,0.45
-8.8584e-02,0.285,0.15
-8.8582e-02,0.365,0.455
-8.8581e-02,0.315,0.13
-8.8579e-02,0.375,0.47
-8.8578e-02,0.3,0.145
-8.8576e-02,0.31,0.46
-8.8574e-02,0.235,0.15
-8.8573e-02,0.33,0.46
-8.8571e-02,0.31,0.165
-8.8570e-02,0.35,0.44
-8.8568e-02,0.355,0.16
-8.8566e-02,0.235,0.45
-8.8565e-02,0.405,0.165
-8.8563e-02,0.345,0.44
-8.8562e-02,0.31,0.15
-8.8560e-02,0.25,0.455
-8.8558e-02,0.26,0.165
-8.8557e-02,0.215,0.44
-8.8555e-02,0.245,0.145
-8.8554e-02,0.26,0.465
-8.8552e-02,0.355,0.155
-8.8550e-02,0.26,0.455
-8.8549e-02,0.385,0.16
-8.8547e-02,0.31,0.45
-8.8546e-02,0.42,0.13
-8.8544e-02,0.31,0.475
-8.8542e-02,0.37,0.155
-8.8541e-02,0.27,0.445
-8.8539e-02,0.295,0.135
-8.8538e-02,0.215,0.475
-8.8536e-02,0.305,0.16
-8.8534e-02,0.345,0.45
-8.8533e-02,0.24,0.15
-8.8531e-02,0.315,0.46
-8.8530e-02,0.255,0.155
-8.8528e-02,0.315,0.46
-8.8526e-02,0.35,0.15
-8.8525e-02,0.36,0.46
-8.8523e-02,0.345,0.16
-8.8522e-02,0.33,0.455
-8.8520e-02,0.305,0.165
-8.8518e-02,0.36,0.445
-8.8517e-02,0.265,0.16
-8.8515e-02,0.325,0.455
-8.8514e-02,0.26,0.15
-8.8512e-02,0.285,0.455
-8.8510e-02,0.215,0.15
-8.8509e-02,0.34,0.46
-8.8507e-02,0.285,0.155
-8.8506e-02,0.4,0.455
-8.8504e-02,0.26,0.16
-8.8502e-02,0.36,0.46
-8.8501e-02,0.315,0.115
-8.8499e-02,0.385,0.49
-8.8498e-02,0.41,0.145
-8.8496e-02,0.345,0.465
-8.8494e-02,0.29,0.155
-8.8493e-02,0.33,0.455
-8.8491e-02,0.335,0.15
-8.8490e-02,0.42,0.465
-8.8488e-02,0.285,0.13
-8.8486e-02,0.35,0.48
-8.8485e-02,0.27,0.16
-8.8483e-02,0.3,0.45
-8.8482e-02,0.325,0.13
-8.8480e-02,0.275,0.475
-8.8478e-02,0.34,0.155
-8.8477e-02,0.23,0.465
-8.8475e-02,0.345,0.135
-8.8474e-02,0.2,0.48
-8.8472e-02,0.285,0.145
-8.8470e-02,0.27,0.47
-8.8469e-02,0.31,0.155
-8.8467e-02,0.315,0.455
-8.8466e-02,0.24,0.17
-8.8464e-02,0.35,0.445
-8.8462e-02,0.305,0.135
-8.8461e-02,0.395,0.47
-8.8459e-02,0.34,0.15
-8.8458e-02,0.335,0.46
-8.8456e-02,0.325,0.145
-8.8454e-02,0.385,0.46
-8.8453e-02,0.38,0.15
-8.8451e-02,0.36,0.465
-8.8450e-02,0.285,0.14
-8.8448e-02,0.35,0.47
-8.8446e-02,0.245,0.125
-8.8445e-02,0.365,0.48
-8.8443e-02,0.245,0.14
-8.8442e-02,0.385,0.47
-8.8440e-02,0.25,0.125
-8.8438e-02,0.335,0.475
-8.8437e-02,0.315,0.145
-8.8435e-02,0.315,0.465
-8.8434e-02,0.405,0.145
-8.8432e-02,0.365,0.455
-8.8430e-02,0.335,0.14
-8.8429e-02,0.31,0.46
-8.8427e-02,0.295,0.145
-8.8426e-02,0.38,0.46
-8.8424e-02,0.34,0.16
-8.8422e-02,0.355,0.45
-8.8421e-02,0.285,0.15
-8.8419e-02,0.285,0.455
-8.8418e-02,0.335,0.135
-8.8416e-02,0.31,0.475
-8.8414e-02,0.365,0.12
-8.8413e-02,0.27,0.475
-8.8411e-02,0.33,0.105
-8.8410e-02,0.24,0.495
-8.8408e-02,0.285,0.14
-8.8406e-02,0.295,0.465
-8.8405e-02,0.285,0.115
-8.8403e-02,0.305,0.495
-8.8402e-02,0.28,0.115
-8.8400e-02,0.295,0.49
-8.8398e-02,0.255,0.15
-8.8397e-02,0.355,0.46
-8.8395e-02,0.3,0.13
-8.8394e-02,0.285,0.48
-8.8392e-02,0.21,0.135
-8.8390e-02,0.32,0.47
-8.8389e-02,0.295,0.145
-8.8387e-02,0.315,0.465
-8.8386e-02,0.26,0.15
-8.8384e-02,0.24,0.455
-8.8382e-02,0.24,0.125
-8.8381e-02,0.215,0.48
-8.8379e-02,0.315,0.145
-8.8378e-02,0.265,0.46
-8.8376e-02,0.25,0.13
-8.8374e-02,0.31,0.475
-8.8373e-02,0.265,0.145
-8.8371e-02,0.33,0.465
-8.8370e-02,0.28,0.14
-8.8368e-02,0.35,0.47
-8.8366e-02,0.345,0.155
-8.8365e-02,0.24,0.45
-8.8363e-02,0.25,0.145
-8.8362e-02,0.185,0.465
-8.8360e-02,0.315,0.125
-8.8358e-02,0.275,0.48
-8.8357e-02,0.295,0.145
-8.8355e-02,0.285,0.47
-8.8354e-02,0.26,0.16
-8.8352e-02,0.385,0.445
-8.8350e-02,0.385,0.16
-8.8349e-02,0.32,0.45
-8.8347e-02,0.35,0.165
-8.8346e-02,0.265,0.445
-8.8344e-02,0.325,0.145
-8.8342e-02,0.325,0.47
-8.8341e-02,0.33,0.135
-8.8339e-02,0.325,0.48
-8.8338e-02,0.325,0.12
-8.8336e-02,0.22,0.5
-8.8334e-02,0.325,0.13
-8.8333e-02,0.18,0.48
-8.8331e-02,0.32,0.15
-8.8330e-02,0.255,0.465
-8.8328e-02,0.295,0.16
-8.8326e-02,0.345,0.45
-8.8325e-02,0.34,0.165
-8.8323e-02,0.455,0.45
-8.8322e-02,0.385,0.155
-8.8320e-02,0.385,0.465
-8.8318e-02,0.325,0.145
-8.8317e-02,0.27,0.475
-8.8315e-02,0.31,0.11
-8.8314e-02,0.365,0.51
-8.8312e-02,0.285,0.13
-8.8310e-02,0.305,0.48
-8.8309e-02,0.21,0.155
-8.8307e-02,0.36,0.46
-8.8306e-02,0.33,0.155
-8.8304e-02,0.335,0.46
-8.8302e-02,0.34,0.12
-8.8301e-02,0.23,0.495
-8.8299e-02,0.345,0.14
-8.8298e-02,0.225,0.475
-8.8296e-02,0.36,0.145
-8.8294e-02,0.26,0.465
-8.8293e-02,0.385,0.15
-8.8291e-02,0.3,0.46
-8.8290e-02,0.385,0.15
-8.8288e-02,0.335,0.47
-8.8286e-02,0.375,0.12
-8.8285e-02,0.28,0.5
-8.8283e-02,0.36,0.16
-8.8282e-02,0.27,0.45
-8.8280e-02,0.33,0.15
-8.8278e-02,0.385,0.465
-8.8277e-02,0.345,0.135
-8.8275e-02,0.345,0.475
-8.8274e-02,0.285,0.16
-8.8272e-02,0.36,0.45
-8.8270e-02,0.39,0.155
-8.8269e-02,0.335,0.455
-8.8267e-02,0.35,0.155
-8.8266e-02,0.255,0.455
-8.8264e-02,0.31,0.145
-8.8262e-02,0.275,0.475
-8.8261e-02,0.37,0.14
-8.8259e-02,0.255,0.475
-8.8258e-02,0.3,0.13
-8.8256e-02,0.21,0.485
-8.8254e-02,0.35,0.155
-8.8253e-02,0.245,0.455
-8.8251e-02,0.38,0.155
-8.8250e-02,0.275,0.45
-8.8248e-02,0.375,0.12
-8.8246e-02,0.375,0.49
-8.8245e-02,0.29,0.13
-8.8243e-02,0.35,0.485
-8.8242e-02,0.235,0.1
-8.8240e-02,0.285,0.51
-8.8238e-02,0.225,0.14
-8.8237e-02,0.3,0.465
-8.8235e-02,0.32,0.13
-8.8234e-02,0.31,0.475
-8.8232e-02,0.34,0.145
-8.8230e-02,0.31,0.46
-8.8229e-02,0.355,0.13
-8.8227e-02,0.395,0.48
-8.8226e-02,0.335,0.135
-8.8224e-02,0.345,0.475
-8.8222e-02,0.2,0.155
-8.8221e-02,0.275,0.445
-8.8219e-02,0.27,0.12
-8.8218e-02,0.3,0.49
-8.8216e-02,0.245,0.15
-8.8214e-02,0.27,0.465
-8.8213e-02,0.23,0.15
-8.8211e-02,0.3,0.46
-8.8210e-02,0.37,0.15
-8.8208e-02,0.295,0.46
-8.8206e-02,0.36,0.15
-8.8205e-02,0.295,0.465
-8.8203e-02,0.355,0.15
-8.8202e-02,0.415,0.46
-8.8200e-02,0.285,0.15
-8.8198e-02,0.3,0.46
-8.8197e-02,0.255,0.15
-8.8195e-02,0.235,0.46
-8.8194e-02,0.29,0.13
-8.8192e-02,0.24,0.48
-8.8190e-02,0.325,0.14
-8.8189e-02,0.305,0.48
-8.8187e-02,0.305,0.145
-8.8186e-02,0.335,0.475
-8.8184e-02,0.275,0.15
-8.8182e-02,0.34,0.46
-8.8181e-02,0.215,0.15
-8.8179e-02,0.275,0.465
-8.8178e-02,0.34,0.135
-8.8176e-02,0.31,0.48
-8.8174e-02,0.395,0.14
-8.8173e-02,0.29,0.48
-8.8171e-02,0.255,0.155
-8.8170e-02,0.245,0.47
-8.8168e-02,0.275,0.145
-8.8166e-02,0.375,0.48
-8.8165e-02,0.355,0.155
-8.8163e-02,0.29,0.46
-8.8162e-02,0.33,0.145
-8.8160e-02,0.31,0.475
-8.8158e-02,0.315,0.165
-8.8157e-02,0.32,0.46
-8.8155e-02,0.24,0.175
-8.8154e-02,0.305,0.455
-8.8152e-02,0.29,0.175
-8.8150e-02,0.39,0.45
-8.8149e-02,0.305,0.16
-8.8147e-02,0.35,0.455
-8.8146e-02,0.24,0.14
-8.8144e-02,0.305,0.485
-8.8142e-02,0.32,0.155
-8.8141e-02,0.25,0.465
-8.8139e-02,0.275,0.14
-8.8138e-02,0.21,0.485
-8.8136e-02,0.285,0.145
-8.8134e-02,0.225,0.475
-8.8133e-02,0.385,0.11
-8.8131e-02,0.27,0.51
-8.8130e-02,0.405,0.15
-8.8128e-02,0.31,0.47
-8.8126e-02,0.41,0.135
-8.8125e-02,0.35,0.49
-8.8123e-02,0.37,0.17
-8.8122e-02,0.34,0.455
-8.8120e-02,0.265,0.145
-8.8118e-02,0.26,0.48
-8.8117e-02,0.31,0.155
-8.8115e-02,0.315,0.46
-8.8114e-02,0.365,0.17
-8.8112e-02,0.315,0.45
-8.8110e-02,0.31,0.14
-8.8109e-02,0.385,0.485
-8.8107e-02,0.365,0.16
-8.8106e-02,0.365,0.47
-8.8104e-02,0.31,0.16
-8.8102e-02,0.3,0.465
-8.8101e-02,0.32,0.165
-8.8099e-02,0.365,0.46
-8.8098e-02,0.385,0.155
-8.8096e-02,0.305,0.46
-8.8094e-02,0.285,0.155
-8.8093e-02,0.2,0.465
-8.8091e-02,0.295,0.13
-8.8090e-02,0.275,0.485
-8.8088e-02,0.335,0.09
-8.8086e-02,0.345,0.525
-8.8085e-02,0.34,0.135
-8.8083e-02,0.365,0.475
-8.8082e-02,0.32,0.145
-8.8080e-02,0.275,0.47
-8.8078e-02,0.25,0.125
-8.8077e-02,0.265,0.485
-8.8075e-02,0.205,0.11
-8.8074e-02,0.33,0.5
-8.8072e-02,0.34,0.15
-8.8070e-02,0.35,0.465
-8.8069e-02,0.33,0.15
-8.8067e-02,0.305,0.465
-8.8066e-02,0.35,0.135
-8.8064e-02,0.365,0.47
-8.8062e-02,0.335,0.15
-8.8061e-02,0.345,0.46
-8.8059e-02,0.23,0.15
-8.8058e-02,0.24,0.465
-8.8056e-02,0.255,0.16
-8.8054e-02,0.255,0.455
-8.8053e-02,0.235,0.135
-8.8051e-02,0.185,0.47
-8.8050e-02,0.245,0.15
-8.8048e-02,0.295,0.46
-8.8046e-02,0.365,0.15
-8.8045e-02,0.325,0.46
-8.8043e-02,0.285,0.16
-8.8042e-02,0.29,0.46
-8.8040e-02,0.265,0.145
-8.8038e-02,0.3,0.465
-8.8037e-02,0.235,0.14
-8.8035e-02,0.19,0.47
-8.8034e-02,0.295,0.135
-8.8032e-02,0.205,0.48
-8.8030e-02,0.39,0.155
-8.8029e-02,0.22,0.46
-8.8027e-02,0.38,0.16
-8.8026e-02,0.24,0.46
-8.8024e-02,0.325,0.155
-8.8022e-02,0.29,0.455
-8.8021e-02,0.345,0.16
-8.8019e-02,0.285,0.46
-8.8018e-02,0.345,0.16
-8.8016e-02,0.24,0.46
-8.8014e-02,0.38,0.15
-8.8013e-02,0.28,0.46
-8.8011e-02,0.415,0.165
-8.8010e-02,0.3,0.45
-8.8008e-02,0.285,0.155
-8.8006e-02,0.295,0.465
-8.8005e-02,0.255,0.16
-8.8003e-02,0.355,0.465
-8.8002e-02,0.26,0.155
-8.8000e-02,0.285,0.46
-8.7998e-02,0.235,0.155
-8.7997e-02,0.335,0.465
-8.7995e-02,0.345,0.155
-8.7994e-02,0.33,0.465
-8.7992e-02,0.27,0.145
-8.7990e-02,0.28,0.475
-8.7989e-02,0.265,0.155
-8.7987e-02,0.365,0.465
-8.7986e-02,0.305,0.145
-8.7984e-02,0.275,0.47
-8.7982e-02,0.305,0.16
-8.7981e-02,0.255,0.47
-8.7979e-02,0.355,0.155
-8.7978e-02,0.25,0.46
-8.7976e-02,0.315,0.15
-8.7974e-02,0.23,0.475
-8.7973e-02,0.285,0.15
-8.7971e-02,0.285,0.475
-8.7970e-02,0.295,0.155
-8.7968e-02,0.345,0.475
-8.7966e-02,0.335,0.115
-8.7965e-02,0.29,0.505
-8.7963e-02,0.355,0.155
-8.7962e-02,0.355,0.465
-8.7960e-02,0.335,0.16
-8.7958e-02,0.375,0.465
-8.7957e-02,0.31,0.165
-8.7955e-02,0.28,0.46
-8.7954e-02,0.345,0.14
-8.7952e-02,0.26,0.49
-8.7950e-02,0.3,0.14
-8.7949e-02,0.165,0.485
-8.7947e-02,0.295,0.14
-8.7946e-02,0.29,0.49
-8.7944e-02,0.4,0.16
-8.7942e-02,0.37,0.465
-8.7941e-02,0.33,0.135
-8.7939e-02,0.355,0.49
-8.7938e-02,0.275,0.17
-8.7936e-02,0.345,0.455
-8.7934e-02,0.28,0.15
-8.7933e-02,0.185,0.485
-8.7931e-02,0.215,0.14
-8.7930e-02,0.305,0.49
-8.7928e-02,0.22,0.13
-8.7926e-02,0.365,0.5
-8.7925e-02,0.255,0.17
-8.7923e-02,0.345,0.455
-8.7922e-02,0.355,0.165
-8.7920e-02,0.395,0.465
-8.7918e-02,0.325,0.16
-8.7917e-02,0.29,0.465
-8.7915e-02,0.295,0.135
-8.7914e-02,0.245,0.485
-8.7912e-02,0.305,0.14
-8.7910e-02,0.31,0.48
-8.7909e-02,0.25,0.125
-8.7907e-02,0.35,0.495
-8.7906e-02,0.3,0.14
-8.7904e-02,0.34,0.475
-8.7902e-02,0.305,0.165
-8.7901e-02,0.38,0.455
-8.7899e-02,0.27,0.15
-8.7898e-02,0.325,0.47
-8.7896e-02,0.205,0.155
-8.7894e-02,0.375,0.46
-8.7893e-02,0.34,0.16
-8.7891e-02,0.34,0.45
-8.7890e-02,0.33,0.145
-8.7888e-02,0.265,0.47
-8.7886e-02,0.29,0.16
-8.7885e-02,0.33,0.455
-8.7883e-02,0.275,0.145
-8.7882e-02,0.275,0.47
-8.7880e-02,0.305,0.165
-8.7878e-02,0.34,0.46
-8.7877e-02,0.345,0.16
-8.7875e-02,0.285,0.455
-8.7874e-02,0.2,0.155
-8.7872e-02,0.265,0.46
-8.7870e-02,0.26,0.15
-8.7869e-02,0.28,0.47
-8.7867e-02,0.255,0.075
-8.7866e-02,0.265,0.545
-8.7864e-02,0.33,0.15
-8.7862e-02,0.405,0.465
-8.7861e-02,0.295,0.095
-8.7859e-02,0.345,0.52
-8.7858e-02,0.25,0.16
-8.7856e-02,0.325,0.45
-8.7854e-02,0.325,0.155
-8.7853e-02,0.415,0.465
-8.7851e-02,0.335,0.145
-8.7850e-02,0.325,0.465
-8.7848e-02,0.395,0.145
-8.7846e-02,0.24,0.475
-8.7845e-02,0.305,0.13
-8.7843e-02,0.3,0.49
-8.7842e-02,0.325,0.14
-8.7840e-02,0.28,0.475
-8.7838e-02,0.37,0.17
-8.7837e-02,0.325,0.445
-8.7835e-02,0.33,0.15
-8.7834e-02,0.305,0.465
-8.7832e-02,0.255,0.17
-8.7830e-02,0.325,0.45
-8.7829e-02,0.3,0.13
-8.7827e-02,0.27,0.49
-8.7826e-02,0.325,0.14
-8.7824e-02,0.29,0.48
-8.7822e-02,0.235,0.135
-8.7821e-02,0.28,0.475
-8.7819e-02,0.29,0.16
-8.7818e-02,0.23,0.46
-8.7816e-02,0.29,0.15
-8.7814e-02,0.305,0.48
-8.7813e-02,0.345,0.14
-8.7811e-02,0.32,0.48
-8.7810e-02,0.335,0.14
-8.7808e-02,0.235,0.47
-8.7806e-02,0.36,0.145
-8.7805e-02,0.32,0.485
-8.7803e-02,0.4,0.175
-8.7802e-02,0.35,0.455
-8.7800e-02,0.325,0.165
-8.7798e-02,0.34,0.46
-8.7797e-02,0.365,0.16
-8.7795e-02,0.365,0.47
-8.7794e-02,0.285,0.17
-8.7792e-02,0.305,0.46
-8.7790e-02,0.25,0.17
-8.7789e-02,0.375,0.45
-8.7787e-02,0.345,0.165
-8.7786e-02,0.345,0.465
-8.7784e-02,0.27,0.155
-8.7782e-02,0.295,0.47
-8.7781e-02,0.29,0.16
-8.7779e-02,0.375,0.47
-8.7778e-02,0.255,0.165
-8.7776e-02,0.335,0.455
-8.7774e-02,0.27,0.15
-8.7773e-02,0.405,0.48
-8.7771e-02,0.355,0.13
-8.7770e-02,0.325,0.495
-8.7768e-02,0.275,0.165
-8.7766e-02,0.345,0.47
-8.7765e-02,0.305,0.165
-8.7763e-02,0.37,0.455
-8.7762e-02,0.305,0.14
-8.7760e-02,0.305,0.49
-8.7758e-02,0.35,0.16
-8.7757e-02,0.255,0.465
-8.7755e-02,0.325,0.165
-8.7754e-02,0.28,0.465
-8.7752e-02,0.305,0.145
-8.7750e-02,0.24,0.49
-8.7749e-02,0.275,0.135
-8.7747e-02,0.23,0.495
-8.7746e-02,0.355,0.15
-8.7744e-02,0.23,0.47
-8.7742e-02,0.33,0.12
-8.7741e-02,0.2,0.515
-8.7739e-02,0.245,0.175
-8.7738e-02,0.305,0.45
-8.7736e-02,0.26,0.15
-8.7734e-02,0.38,0.475
-8.7733e-02,0.22,0.165
-8.7731e-02,0.355,0.465
-8.7730e-02,0.33,0.14
-8.7728e-02,0.36,0.48
-8.7726e-02,0.38,0.14
-8.7725e-02,0.29,0.48
-8.7723e-02,0.36,0.155
-8.7722e-02,0.385,0.47
-8.7720e-02,0.395,0.17
-8.7718e-02,0.37,0.45
-8.7717e-02,0.27,0.155
-8.7715e-02,0.34,0.475
-8.7714e-02,0.34,0.175
-8.7712e-02,0.315,0.45
-8.7710e-02,0.305,0.175
-8.7709e-02,0.235,0.45
-8.7707e-02,0.37,0.15
-8.7706e-02,0.305,0.485
-8.7704e-02,0.435,0.095
-8.7702e-02,0.315,0.53
-8.7701e-02,0.385,0.16
-8.7699e-02,0.31,0.455
-8.7698e-02,0.34,0.16
-8.7696e-02,0.33,0.475
-8.7694e-02,0.355,0.16
-8.7693e-02,0.295,0.465
-8.7691e-02,0.33,0.155
-8.7690e-02,0.25,0.47
-8.7688e-02,0.29,0.165
-8.7686e-02,0.31,0.46
-8.7685e-02,0.29,0.12
-8.7683e-02,0.305,0.505
-8.7682e-02,0.275,0.155
-8.7680e-02,0.32,0.475
-8.7678e-02,0.385,0.155
-8.7677e-02,0.345,0.475
-8.7675e-02,0.33,0.145
-8.7674e-02,0.22,0.48
-8.7672e-02,0.24,0.12
-8.7670e-02,0.295,0.5
-8.7669e-02,0.305,0.17
-8.7667e-02,0.275,0.45
-8.7666e-02,0.28,0.14
-8.7664e-02,0.34,0.48
-8.7662e-02,0.395,0.15
-8.7661e-02,0.345,0.48
-8.7659e-02,0.335,0.155
-8.7658e-02,0.265,0.46
-8.7656e-02,0.345,0.14
-8.7654e-02,0.39,0.48
-8.7653e-02,0.285,0.145
-8.7651e-02,0.29,0.48
-8.7650e-02,0.245,0.14
-8.7648e-02,0.27,0.48
-8.7646e-02,0.355,0.16
-8.7645e-02,0.39,0.47
-8.7643e-02,0.265,0.16
-8.7642e-02,0.385,0.46
-8.7640e-02,0.245,0.17
-8.7638e-02,0.355,0.455
-8.7637e-02,0.255,0.175
-8.7635e-02,0.29,0.45
-8.7634e-02,0.245,0.13
-8.7632e-02,0.265,0.495
-8.7630e-02,0.255,0.15
-8.7629e-02,0.295,0.475
-8.7627e-02,0.265,0.165
-8.7626e-02,0.315,0.46
-8.7624e-02,0.285,0.16
-8.7622e-02,0.29,0.47
-8.7621e-02,0.315,0.165
-8.7619e-02,0.34,0.46
-8.7618e-02,0.41,0.155
-8.7616e-02,0.315,0.47
-8.7614e-02,0.295,0.16
-8.7613e-02,0.325,0.475
-8.7611e-02,0.36,0.16
-8.7610e-02,0.305,0.465
-8.7608e-02,0.255,0.165
-8.7606e-02,0.25,0.465
-8.7605e-02,0.23,0.15
-8.7603e-02,0.295,0.475
-8.7602e-02,0.3,0.165
-8.7600e-02,0.235,0.465
-8.7598e-02,0.265,0.145
-8.7597e-02,0.33,0.485
-8.7595e-02,0.29,0.16
-8.7594e-02,0.36,0.465
-8.7592e-02,0.33,0.115
-8.7590e-02,0.285,0.52
-8.7589e-02,0.27,0.125
-8.7587e-02,0.375,0.505
-8.7586e-02,0.275,0.16
-8.7584e-02,0.37,0.475
-8.7582e-02,0.225,0.155
-8.7581e-02,0.37,0.485
-8.7579e-02,0.31,0.15
-8.7578e-02,0.38,0.48
-8.7576e-02,0.39,0.16
-8.7574e-02,0.295,0.465
-8.7573e-02,0.335,0.18
-8.7571e-02,0.23,0.45
-8.7570e-02,0.29,0.17
-8.7568e-02,0.29,0.465
-8.7566e-02,0.42,0.17
-8.7565e-02,0.235,0.465
-8.7563e-02,0.35,0.16
-8.7562e-02,0.165,0.47
-8.7560e-02,0.375,0.14
-8.7558e-02,0.29,0.49
-8.7557e-02,0.4,0.165
-8.7555e-02,0.3,0.47
-8.7554e-02,0.37,0.13
-8.7552e-02,0.36,0.505
-8.7550e-02,0.26,0.125
-8.7549e-02,0.19,0.5
-8.7547e-02,0.215,0.175
-8.7546e-02,0.265,0.46
-8.7544e-02,0.375,0.135
-8.7542e-02,0.3,0.495
-8.7541e-02,0.28,0.12
-8.7539e-02,0.3,0.51
-8.7538e-02,0.265,0.13
-8.7536e-02,0.315,0.5
-8.7534e-02,0.31,0.15
-8.7533e-02,0.245,0.475
-8.7531e-02,0.26,0.16
-8.7530e-02,0.265,0.475
-8.7528e-02,0.315,0.135
-8.7526e-02,0.315,0.5
-8.7525e-02,0.28,0.165
-8.7523e-02,0.285,0.465
-8.7522e-02,0.285,0.13
-8.7520e-02,0.365,0.505
-8.7518e-02,0.315,0.15
-8.7517e-02,0.285,0.48
-8.7515e-02,0.33,0.145
-8.7514e-02,0.27,0.485
-8.7512e-02,0.33,0.135
-8.7510e-02,0.25,0.49
-8.7509e-02,0.265,0.155
-8.7507e-02,0.205,0.475
-8.7506e-02,0.23,0.125
-8.7504e-02,0.225,0.5
-8.7502e-02,0.29,0.16
-8.7501e-02,0.25,0.475
-8.7499e-02,0.265,0.165
-8.7498e-02,0.315,0.465
-8.7496e-02,0.345,0.145
-8.7494e-02,0.38,0.48
-8.7493e-02,0.355,0.125
-8.7491e-02,0.285,0.5
-8.7490e-02,0.31,0.155
-8.7488e-02,0.265,0.475
-8.7486e-02,0.27,0.12
-8.7485e-02,0.305,0.5
-8.7483e-02,0.265,0.18
-8.7482e-02,0.28,0.445
-8.7480e-02,0.28,0.16
-8.7478e-02,0.34,0.465
-8.7477e-02,0.345,0.16
-8.7475e-02,0.285,0.465
-8.7474e-02,0.255,0.165
-8.7472e-02,0.255,0.47
-8.7470e-02,0.35,0.155
-8.7469e-02,0.315,0.47
-8.7467e-02,0.305,0.15
-8.7466e-02,0.27,0.475
-8.7464e-02,0.335,0.17
-8.7462e-02,0.355,0.455
-8.7461e-02,0.325,0.165
-8.7459e-02,0.23,0.465
-8.7458e-02,0.26,0.14
-8.7456e-02,0.33,0.49
-8.7454e-02,0.315,0.165
-8.7453e-02,0.28,0.465
-8.7451e-02,0.265,0.17
-8.7450e-02,0.275,0.46
-8.7448e-02,0.325,0.155
-8.7446e-02,0.305,0.475
-8.7445e-02,0.3,0.155
-8.7443e-02,0.285,0.475
-8.7442e-02,0.32,0.15
-8.7440e-02,0.325,0.47
-8.7438e-02,0.335,0.135
-8.7437e-02,0.245,0.49
-8.7435e-02,0.285,0.145
-8.7434e-02,0.235,0.49
-8.7432e-02,0.43,0.15
-8.7430e-02,0.31,0.485
-8.7429e-02,0.355,0.15
-8.7427e-02,0.215,0.48
-8.7426e-02,0.24,0.14
-8.7424e-02,0.255,0.49
-8.7422e-02,0.255,0.155
-8.7421e-02,0.295,0.475
-8.7419e-02,0.25,0.15
-8.7418e-02,0.36,0.48
-8.7416e-02,0.295,0.14
-8.7414e-02,0.305,0.49
-8.7413e-02,0.26,0.17
-8.7411e-02,0.305,0.47
-8.7410e-02,0.28,0.155
-8.7408e-02,0.395,0.48
-8.7406e-02,0.34,0.16
-8.7405e-02,0.405,0.47
-8.7403e-02,0.305,0.18
-8.7402e-02,0.34,0.455
-8.7400e-02,0.275,0.145
-8.7398e-02,0.355,0.49
-8.7397e-02,0.36,0.145
-8.7395e-02,0.265,0.485
-8.7394e-02,0.375,0.12
-8.7392e-02,0.23,0.505
-8.7390e-02,0.375,0.18
-8.7389e-02,0.21,0.455
-8.7387e-02,0.255,0.17
-8.7386e-02,0.25,0.46
-8.7384e-02,0.245,0.155
-8.7382e-02,0.31,0.475
-8.7381e-02,0.345,0.155
-8.7379e-02,0.265,0.48
-8.7378e-02,0.295,0.17
-8.7376e-02,0.27,0.465
-8.7374e-02,0.345,0.18
-8.7373e-02,0.355,0.45
-8.7371e-02,0.295,0.125
-8.7370e-02,0.275,0.505
-8.7368e-02,0.265,0.175
-8.7366e-02,0.345,0.455
-8.7365e-02,0.375,0.155
-8.7363e-02,0.295,0.48
-8.7362e-02,0.31,0.145
-8.7360e-02,0.315,0.485
-8.7358e-02,0.295,0.16
-8.7357e-02,0.42,0.465
-8.7355e-02,0.295,0.14
-8.7354e-02,0.315,0.49
-8.7352e-02,0.335,0.17
-8.7350e-02,0.31,0.465
-8.7349e-02,0.405,0.16
-8.7347e-02,0.195,0.475
-8.7346e-02,0.365,0.155
-8.7344e-02,0.275,0.48
-8.7342e-02,0.335,0.175
-8.7341e-02,0.31,0.46
-8.7339e-02,0.35,0.16
-8.7338e-02,0.32,0.465
-8.7336e-02,0.41,0.165
-8.7334e-02,0.34,0.465
-8.7333e-02,0.425,0.155
-8.7331e-02,0.31,0.48
-8.7330e-02,0.31,0.13
-8.7328e-02,0.275,0.49
-8.7326e-02,0.295,0.13
-8.7325e-02,0.235,0.5
-8.7323e-02,0.3,0.15
-8.7322e-02,0.27,0.485
-8.7320e-02,0.31,0.16
-8.7318e-02,0.27,0.475
-8.7317e-02,0.355,0.13
-8.7315e-02,0.33,0.5
-8.7314e-02,0.3,0.15
-8.7312e-02,0.295,0.48
-8.7310e-02,0.35,0.17
-8.7309e-02,0.37,0.47
-8.7307e-02,0.41,0.18
-8.7306e-02,0.375,0.455
-8.7304e-02,0.235,0.15
-8.7302e-02,0.295,0.475
-8.7301e-02,0.27,0.155
-8.7299e-02,0.29,0.485
-8.7298e-02,0.27,0.125
-8.7296e-02,0.31,0.51
-8.7294e-02,0.355,0.14
-8.7293e-02,0.44,0.49
-8.7291e-02,0.345,0.14
-8.7290e-02,0.35,0.49
-8.7288e-02,0.22,0.18
-8.7286e-02,0.325,0.455
-8.7285e-02,0.295,0.165
-8.7283e-02,0.225,0.47
-8.7282e-02,0.25,0.155
-8.7280e-02,0.165,0.49
-8.7278e-02,0.305,0.145
-8.7277e-02,0.28,0.49
-8.7275e-02,0.315,0.14
-8.7274e-02,0.2,0.505
-8.7272e-02,0.31,0.15
-8.7270e-02,0.25,0.485
-8.7269e-02,0.39,0.125
-8.7267e-02,0.275,0.505
-8.7266e-02,0.295,0.17
-8.7264e-02,0.325,0.46
-8.7262e-02,0.355,0.165
-8.7261e-02,0.375,0.475
-8.7259e-02,0.36,0.155
-8.7258e-02,0.355,0.485
-8.7256e-02,0.31,0.155
-8.7254e-02,0.44,0.48
-8.7253e-02,0.315,0.135
-8.7251e-02,0.425,0.5
-8.7250e-02,0.305,0.175
-8.7248e-02,0.35,0.465
-8.7246e-02,0.36,0.16
-8.7245e-02,0.38,0.475
-8.7243e-02,0.285,0.14
-8.7242e-02,0.33,0.495
-8.7240e-02,0.265,0.125
-8.7238e-02,0.32,0.515
-8.7237e-02,0.315,0.155
-8.7235e-02,0.345,0.48
-8.7234e-02,0.395,0.16
-8.7232e-02,0.3,0.475
-8.7230e-02,0.375,0.165
-8.7229e-02,0.33,0.47
-8.7227e-02,0.285,0.16
-8.7226e-02,0.305,0.48
-8.7224e-02,0.285,0.165
-8.7222e-02,0.26,0.48
-8.7221e-02,0.3,0.165
-8.7219e-02,0.275,0.47
-8.7218e-02,0.28,0.17
-8.7216e-02,0.24,0.465
-8.7214e-02,0.27,0.17
-8.7213e-02,0.295,0.465
-8.7211e-02,0.385,0.16
-8.7210e-02,0.345,0.475
-8.7208e-02,0.28,0.17
-8.7206e-02,0.29,0.475
-8.7205e-02,0.265,0.155
-8.7203e-02,0.385,0.48
-8.7202e-02,0.365,0.16
-8.7200e-02,0.285,0.485
-8.7198e-02,0.31,0.14
-8.7197e-02,0.3,0.505
-8.7195e-02,0.36,0.155
-8.7194e-02,0.395,0.485
-8.7192e-02,0.305,0.15
-8.7190e-02,0.335,0.495
-8.7189e-02,0.385,0.16
-8.7187e-02,0.335,0.475
-8.7186e-02,0.28,0.12
-8.7184e-02,0.275,0.515
-8.7182e-02,0.255,0.135
-8.7181e-02,0.39,0.505
-8.7179e-02,0.365,0.14
-8.7178e-02,0.41,0.495
-8.7176e-02,0.35,0.15
-8.7174e-02,0.315,0.48
-8.7173e-02,0.33,0.165
-8.7171e-02,0.38,0.475
-8.7170e-02,0.33,0.155
-8.7168e-02,0.33,0.485
-8.7166e-02,0.325,0.16
-8.7165e-02,0.285,0.475
-8.7163e-02,0.315,0.13
-8.7162e-02,0.3,0.515
-8.7160e-02,0.305,0.155
-8.7158e-02,0.335,0.485
-8.7157e-02,0.275,0.16
-8.7155e-02,0.285,0.475
-8.7154e-02,0.33,0.14
-8.7152e-02,0.355,0.495
-8.7150e-02,0.295,0.14
-8.7149e-02,0.305,0.5
-8.7147e-02,0.2,0.115
-8.7146e-02,0.355,0.525
-8.7144e-02,0.225,0.16
-8.7142e-02,0.305,0.48
-8.7141e-02,0.27,0.15
-8.7139e-02,0.365,0.49
-8.7138e-02,0.3,0.15
-8.7136e-02,0.43,0.485
-8.7134e-02,0.27,0.14
-8.7133e-02,0.275,0.5
-8.7131e-02,0.325,0.18
-8.7130e-02,0.335,0.46
-8.7128e-02,0.31,0.16
-8.7126e-02,0.255,0.48
-8.7125e-02,0.235,0.185
-8.7123e-02,0.24,0.455
-8.7122e-02,0.37,0.175
-8.7120e-02,0.305,0.465
-8.7118e-02,0.345,0.185
-8.7117e-02,0.345,0.455
-8.7115e-02,0.29,0.185
-8.7114e-02,0.33,0.455
-8.7112e-02,0.335,0.155
-8.7110e-02,0.275,0.485
-8.7109e-02,0.27,0.175
-8.7107e-02,0.305,0.47
-8.7106e-02,0.305,0.15
-8.7104e-02,0.335,0.485
-8.7102e-02,0.215,0.16
-8.7101e-02,0.25,0.485
-8.7099e-02,0.305,0.165
-8.7098e-02,0.46,0.47
-8.7096e-02,0.325,0.155
-8.7094e-02,0.44,0.48
-8.7093e-02,0.32,0.125
-8.7091e-02,0.345,0.515
-8.7090e-02,0.365,0.165
-8.7088e-02,0.275,0.475
-8.7086e-02,0.28,0.175
-8.7085e-02,0.26,0.47
-8.7083e-02,0.3,0.175
-8.7082e-02,0.345,0.46
-8.7080e-02,0.31,0.15
-8.7078e-02,0.38,0.485
-8.7077e-02,0.365,0.14
-8.7075e-02,0.325,0.495
-8.7074e-02,0.4,0.15
-8.7072e-02,0.31,0.485
-8.7070e-02,0.355,0.175
-8.7069e-02,0.265,0.465
-8.7067e-02,0.325,0.165
-8.7066e-02,0.28,0.475
-8.7064e-02,0.34,0.165
-8.7062e-02,0.285,0.475
-8.7061e-02,0.33,0.15
-8.7059e-02,0.225,0.49
-8.7058e-02,0.305,0.15
-8.7056e-02,0.325,0.49
-8.7054e-02,0.345,0.16
-8.7053e-02,0.36,0.48
-8.7051e-02,0.255,0.16
-8.7050e-02,0.335,0.475
-8.7048e-02,0.3,0.135
-8.7046e-02,0.335,0.505
-8.7045e-02,0.31,0.145
-8.7043e-02,0.265,0.495
-8.7042e-02,0.37,0.17
-8.7040e-02,0.37,0.465
-8.7038e-02,0.395,0.155
-8.7037e-02,0.315,0.48
-8.7035e-02,0.295,0.175
-8.7034e-02,0.385,0.46
-8.7032e-02,0.39,0.165
-8.7030e-02,0.38,0.465
-8.7029e-02,0.33,0.145
-8.7027e-02,0.295,0.495
-8.7026e-02,0.405,0.155
-8.7024e-02,0.34,0.485
-8.7022e-02,0.335,0.16
-8.7021e-02,0.31,0.48
-8.7019e-02,0.265,0.18
-8.7018e-02,0.395,0.465
-8.7016e-02,0.27,0.14
-8.7014e-02,0.355,0.495
-8.7013e-02,0.215,0.17
-8.7011e-02,0.29,0.47
-8.7010e-02,0.37,0.165
-8.7008e-02,0.365,0.48
-8.7006e-02,0.405,0.14
-8.7005e-02,0.27,0.5
-8.7003e-02,0.37,0.185
-8.7002e-02,0.285,0.465
-8.7000e-02,0.345,0.16
-8.6998e-02,0.34,0.49
-8.6997e-02,0.315,0.155
-8.6995e-02,0.315,0.48
-8.6994e-02,0.345,0.145
-8.6992e-02,0.355,0.495
-8.6990e-02,0.315,0.15
-8.6989e-02,0.245,0.5
-8.6987e-02,0.235,0.15
-8.6986e-02,0.255,0.495
-8.6984e-02,0.285,0.17
-8.6982e-02,0.39,0.475
-8.6981e-02,0.33,0.145
-8.6979e-02,0.43,0.5
-8.6978e-02,0.325,0.135
-8.6976e-02,0.345,0.51
-8.6974e-02,0.25,0.16
-8.6973e-02,0.275,0.485
-8.6971e-02,0.21,0.14
-8.6970e-02,0.285,0.505
-8.6968e-02,0.335,0.135
-8.6966e-02,0.325,0.495
-8.6965e-02,0.395,0.16
-8.6963e-02,0.345,0.485
-8.6962e-02,0.38,0.175
-8.6960e-02,0.33,0.47
-8.6958e-02,0.415,0.16
-8.6957e-02,0.325,0.485
-8.6955e-02,0.315,0.16
-8.6954e-02,0.315,0.485
-8.6952e-02,0.405,0.185
-8.6950e-02,0.35,0.46
-8.6949e-02,0.395,0.17
-8.6947e-02,0.355,0.475
-8.6946e-02,0.275,0.16
-8.6944e-02,0.375,0.48
-8.6942e-02,0.3,0.145
-8.6941e-02,0.46,0.49
-8.6939e-02,0.275,0.185
-8.6938e-02,0.37,0.46
-8.6936e-02,0.38,0.145
-8.6934e-02,0.43,0.5
-8.6933e-02,0.345,0.18
-8.6931e-02,0.31,0.46
-8.6930e-02,0.295,0.175
-8.6928e-02,0.34,0.47
-8.6926e-02,0.36,0.185
-8.6925e-02,0.335,0.455
-8.6923e-02,0.305,0.18
-8.6922e-02,0.275,0.465
-8.6920e-02,0.395,0.175
-8.6918e-02,0.305,0.46
-8.6917e-02,0.365,0.17
-8.6915e-02,0.3,0.465
-8.6914e-02,0.32,0.15
-8.6912e-02,0.375,0.485
-8.6910e-02,0.29,0.16
-8.6909e-02,0.28,0.48
-8.6907e-02,0.31,0.155
-8.6906e-02,0.26,0.485
-8.6904e-02,0.345,0.16
-8.6902e-02,0.37,0.47
-8.6901e-02,0.26,0.17
-8.6899e-02,0.335,0.465
-8.6898e-02,0.225,0.155
-8.6896e-02,0.3,0.485
-8.6894e-02,0.23,0.16
-8.6893e-02,0.305,0.48
-8.6891e-02,0.275,0.15
-8.6890e-02,0.345,0.49
-8.6888e-02,0.25,0.175
-8.6886e-02,0.345,0.47
-8.6885e-02,0.36,0.165
-8.6883e-02,0.315,0.465
-8.6882e-02,0.315,0.16
-8.6880e-02,0.29,0.475
-8.6878e-02,0.24,0.175
-8.6877e-02,0.29,0.47
-8.6875e-02,0.315,0.16
-8.6874e-02,0.21,0.48
-8.6872e-02,0.305,0.17
-8.6870e-02,0.26,0.475
-8.6869e-02,0.325,0.15
-8.6867e-02,0.26,0.49
-8.6866e-02,0.27,0.155
-8.6864e-02,0.235,0.485
-8.6862e-02,0.355,0.155
-8.6861e-02,0.315,0.485
-8.6859e-02,0.38,0.16
-8.6858e-02,0.315,0.485
-8.6856e-02,0.255,0.185
-8.6854e-02,0.255,0.46
-8.6853e-02,0.32,0.16
-8.6851e-02,0.26,0.48
-8.6850e-02,0.26,0.185
-8.6848e-02,0.32,0.465
-8.6846e-02,0.29,0.185
-8.6845e-02,0.295,0.46
-8.6843e-02,0.355,0.17
-8.6842e-02,0.33,0.475
-8.6840e-02,0.33,0.185
-8.6838e-02,0.395,0.46
-8.6837e-02,0.395,0.165
-8.6835e-02,0.345,0.48
-8.6834e-02,0.285,0.145
-8.6832e-02,0.23,0.5
-8.6830e-02,0.255,0.14
-8.6829e-02,0.36,0.505
-8.6827e-02,0.33,0.185
-8.6826e-02,0.39,0.46
-8.6824e-02,0.37,0.145
-8.6822e-02,0.38,0.5
-8.6821e-02,0.345,0.17
-8.6819e-02,0.34,0.47
-8.6818e-02,0.27,0.175
-8.6816e-02,0.345,0.475
-8.6814e-02,0.335,0.145
-8.6813e-02,0.32,0.51
-8.6811e-02,0.25,0.155
-8.6810e-02,0.34,0.5
-8.6808e-02,0.22,0.15
-8.6806e-02,0.29,0.5
-8.6805e-02,0.335,0.165
-8.6803e-02,0.325,0.485
-8.6802e-02,0.375,0.155
-8.6800e-02,0.3,0.49
-8.6798e-02,0.27,0.165
-8.6797e-02,0.235,0.49
-8.6795e-02,0.335,0.165
-8.6794e-02,0.285,0.485
-8.6792e-02,0.375,0.15
-8.6790e-02,0.325,0.5
-8.6789e-02,0.35,0.18
-8.6787e-02,0.355,0.47
-8.6786e-02,0.435,0.16
-8.6784e-02,0.29,0.495
-8.6782e-02,0.295,0.16
-8.6781e-02,0.255,0.49
-8.6779e-02,0.255,0.165
-8.6778e-02,0.37,0.48
-8.6776e-02,0.295,0.16
-8.6774e-02,0.31,0.48
-8.6773e-02,0.34,0.175
-8.6771e-02,0.345,0.475
-8.6770e-02,0.4,0.175
-8.6768e-02,0.365,0.475
-8.6766e-02,0.335,0.165
-8.6765e-02,0.345,0.48
-8.6763e-02,0.38,0.16
-8.6762e-02,0.29,0.485
-8.6760e-02,0.33,0.15
-8.6758e-02,0.275,0.495
-8.6757e-02,0.27,0.165
-8.6755e-02,0.305,0.48
-8.6754e-02,0.285,0.175
-8.6752e-02,0.25,0.47
-8.6750e-02,0.295,0.18
-8.6749e-02,0.275,0.47
-8.6747e-02,0.375,0.185
-8.6746e-02,0.345,0.46
-8.6744e-02,0.36,0.165
-8.6742e-02,0.33,0.48
-8.6741e-02,0.305,0.16
-8.6739e-02,0.24,0.48
-8.6738e-02,0.27,0.16
-8.6736e-02,0.32,0.475
-8.6734e-02,0.275,0.165
-8.6733e-02,0.285,0.48
-8.6731e-02,0.3,0.165
-8.6730e-02,0.29,0.485
-8.6728e-02,0.32,0.15
-8.6726e-02,0.375,0.495
-8.6725e-02,0.285,0.175
-8.6723e-02,0.325,0.475
-8.6722e-02,0.315,0.155
-8.6720e-02,0.335,0.49
-8.6718e-02,0.355,0.17
-8.6717e-02,0.295,0.47
-8.6715e-02,0.255,0.17
-8.6714e-02,0.4,0.475
-8.6712e-02,0.335,0.155
-8.6710e-02,0.295,0.49
-8.6709e-02,0.285,0.175
-8.6707e-02,0.265,0.475
-8.6706e-02,0.29,0.13
-8.6704e-02,0.405,0.515
-8.6702e-02,0.33,0.15
-8.6701e-02,0.25,0.5
-8.6699e-02,0.295,0.18
-8.6698e-02,0.3,0.46
-8.6696e-02,0.34,0.17
-8.6694e-02,0.395,0.47
-8.6693e-02,0.33,0.165
-8.6691e-02,0.305,0.485
-8.6690e-02,0.31,0.165
-8.6688e-02,0.285,0.48
-8.6686e-02,0.34,0.16
-8.6685e-02,0.305,0.49
-8.6683e-02,0.325,0.185
-8.6682e-02,0.395,0.465
-8.6680e-02,0.37,0.175
-8.6678e-02,0.355,0.48
-8.6677e-02,0.34,0.135
-8.6675e-02,0.275,0.51
-8.6674e-02,0.33,0.15
-8.6672e-02,0.385,0.5
-8.6670e-02,0.34,0.165
-8.6669e-02,0.385,0.48
-8.6667e-02,0.29,0.155
-8.6666e-02,0.345,0.495
-8.6664e-02,0.29,0.155
-8.6662e-02,0.37,0.495
-8.6661e-02,0.255,0.175
-8.6659e-02,0.39,0.475
-8.6658e-02,0.23,0.18
-8.6656e-02,0.375,0.48
-8.6654e-02,0.255,0.18
-8.6653e-02,0.31,0.48
-8.6651e-02,0.265,0.15
-8.6650e-02,0.335,0.505
-8.6648e-02,0.245,0.165
-8.6646e-02,0.39,0.485
-8.6645e-02,0.245,0.185
-8.6643e-02,0.29,0.47
-8.6642e-02,0.225,0.16
-8.6640e-02,0.34,0.495
-8.6638e-02,0.31,0.13
-8.6637e-02,0.395,0.515
-8.6635e-02,0.32,0.195
-8.6634e-02,0.315,0.455
-8.6632e-02,0.4,0.165
-8.6630e-02,0.275,0.485
-8.6629e-02,0.335,0.19
-8.6627e-02,0.235,0.46
-8.6626e-02,0.24,0.16
-8.6624e-02,0.36,0.485
-8.6622e-02,0.405,0.18
-8.6621e-02,0.345,0.465
-8.6619e-02,0.315,0.175
-8.6618e-02,0.335,0.47
-8.6616e-02,0.305,0.18
-8.6614e-02,0.365,0.47
-8.6613e-02,0.305,0.18
-8.6611e-02,0.335,0.475
-8.6610e-02,0.38,0.16
-8.6608e-02,0.37,0.49
-8.6606e-02,0.27,0.17
-8.6605e-02,0.26,0.485
-8.6603e-02,0.23,0.17
-8.6602e-02,0.335,0.485
-8.6600e-02,0.34,0.16
-8.6598e-02,0.345,0.49
-8.6597e-02,0.275,0.15
-8.6595e-02,0.435,0.49
-8.6594e-02,0.325,0.155
-8.6592e-02,0.39,0.495
-8.6590e-02,0.325,0.18
-8.6589e-02,0.32,0.47
-8.6587e-02,0.27,0.15
-8.6586e-02,0.395,0.5
-8.6584e-02,0.31,0.16
-8.6582e-02,0.285,0.49
-8.6581e-02,0.255,0.15
-8.6579e-02,0.285,0.495
-8.6578e-02,0.345,0.175
-8.6576e-02,0.255,0.475
-8.6574e-02,0.275,0.185
-8.6573e-02,0.27,0.47
-8.6571e-02,0.365,0.16
-8.6570e-02,0.32,0.49
-8.6568e-02,0.38,0.145
-8.6566e-02,0.23,0.5
-8.6565e-02,0.275,0.14
-8.6563e-02,0.33,0.51
-8.6562e-02,0.29,0.155
-8.6560e-02,0.245,0.495
-8.6558e-02,0.295,0.165
-8.6557e-02,0.325,0.48
-8.6555e-02,0.345,0.185
-8.6554e-02,0.335,0.475
-8.6552e-02,0.18,0.145
-8.6550e-02,0.33,0.5
-8.6549e-02,0.28,0.14
-8.6547e-02,0.35,0.52
-8.6546e-02,0.28,0.185
-8.6544e-02,0.25,0.47
-8.6542e-02,0.26,0.165
-8.6541e-02,0.32,0.485
-8.6539e-02,0.29,0.165
-8.6538e-02,0.29,0.48
-8.6536e-02,0.3,0.18
-8.6534e-02,0.38,0.47
-8.6533e-02,0.38,0.145
-8.6531e-02,0.43,0.51
-8.6530e-02,0.27,0.16
-8.6528e-02,0.285,0.485
-8.6526e-02,0.31,0.125
-8.6525e-02,0.27,0.53
-8.6523e-02,0.355,0.17
-8.6522e-02,0.305,0.48
-8.6520e-02,0.295,0.185
-8.6518e-02,0.405,0.465
-8.6517e-02,0.365,0.15
-8.6515e-02,0.365,0.495
-8.6514e-02,0.28,0.185
-8.6512e-02,0.345,0.475
-8.6510e-02,0.375,0.17
-8.6509e-02,0.445,0.48
-8.6507e-02,0.315,0.165
-8.6506e-02,0.38,0.485
-8.6504e-02,0.265,0.155
-8.6502e-02,0.335,0.5
-8.6501e-02,0.265,0.17
-8.6499e-02,0.28,0.49
-8.6498e-02,0.29,0.19
-8.6496e-02,0.395,0.465
-8.6494e-02,0.295,0.15
-8.6493e-02,0.295,0.51
-8.6491e-02,0.26,0.17
-8.6490e-02,0.275,0.49
-8.6488e-02,0.385,0.18
-8.6486e-02,0.305,0.48
-8.6485e-02,0.375,0.18
-8.6483e-02,0.28,0.475
-8.6482e-02,0.345,0.17
-8.6480e-02,0.31,0.485
-8.6478e-02,0.345,0.165
-8.6477e-02,0.27,0.485
-8.6475e-02,0.385,0.16
-8.6474e-02,0.23,0.495
-8.6472e-02,0.365,0.17
-8.6470e-02,0.3,0.48
-8.6469e-02,0.325,0.18
-8.6467e-02,0.315,0.47
-8.6466e-02,0.38,0.185
-8.6464e-02,0.265,0.47
-8.6462e-02,0.35,0.16
-8.6461e-02,0.215,0.49
-8.6459e-02,0.335,0.14
-8.6458e-02,0.32,0.515
-8.6456e-02,0.36,0.155
-8.6454e-02,0.305,0.495
-8.6453e-02,0.305,0.17
-8.6451e-02,0.3,0.485
-8.6450e-02,0.305,0.16
-8.6448e-02,0.23,0.495
-8.6446e-02,0.27,0.16
-8.6445e-02,0.295,0.5
-8.6443e-02,0.275,0.17
-8.6442e-02,0.335,0.485
-8.6440e-02,0.315,0.15
-8.6438e-02,0.29,0.505
-8.6437e-02,0.345,0.15
-8.6435e-02,0.365,0.495
-8.6434e-02,0.315,0.17
-8.6432e-02,0.385,0.48
-8.6430e-02,0.265,0.18
-8.6429e-02,0.345,0.47
-8.6427e-02,0.305,0.18
-8.6426e-02,0.325,0.475
-8.6424e-02,0.325,0.15
-8.6422e-02,0.27,0.5
-8.6421e-02,0.315,0.16
-8.6419e-02,0.31,0.5
-8.6418e-02,0.325,0.18
-8.6416e-02,0.28,0.475
-8.6414e-02,0.315,0.19
-8.6413e-02,0.265,0.465
-8.6411e-02,0.39,0.19
-8.6410e-02,0.305,0.47
-8.6408e-02,0.42,0.135
-8.6406e-02,0.345,0.515
-8.6405e-02,0.38,0.18
-8.6403e-02,0.315,0.48
-8.6402e-02,0.245,0.17
-8.6400e-02,0.285,0.485
-8.6398e-02,0.33,0.165
-8.6397e-02,0.385,0.49
-8.6395e-02,0.375,0.19
-8.6394e-02,0.37,0.47
-8.6392e-02,0.325,0.18
-8.6390e-02,0.295,0.49
-8.6389e-02,0.22,0.155
-8.6387e-02,0.32,0.495
-8.6386e-02,0.26,0.16
-8.6384e-02,0.45,0.5
-8.6382e-02,0.345,0.17
-8.6381e-02,0.37,0.485
-8.6379e-02,0.33,0.175
-8.6378e-02,0.28,0.475
-8.6376e-02,0.305,0.15
-8.6374e-02,0.315,0.505
-8.6373e-02,0.335,0.17
-8.6371e-02,0.35,0.49
-8.6370e-02,0.295,0.17
-8.6368e-02,0.3,0.485
-8.6366e-02,0.28,0.17
-8.6365e-02,0.245,0.48
-8.6363e-02,0.28,0.145
-8.6362e-02,0.245,0.51
-8.6360e-02,0.36,0.155
-8.6358e-02,0.32,0.5
-8.6357e-02,0.405,0.14
-8.6355e-02,0.38,0.52
-8.6354e-02,0.39,0.145
-8.6352e-02,0.36,0.505
-8.6350e-02,0.45,0.175
-8.6349e-02,0.29,0.485
-8.6347e-02,0.42,0.185
-8.6346e-02,0.365,0.475
-8.6344e-02,0.39,0.175
-8.6342e-02,0.405,0.48
-8.6341e-02,0.415,0.17
-8.6339e-02,0.34,0.48
-8.6338e-02,0.405,0.185
-8.6336e-02,0.325,0.475
-8.6334e-02,0.29,0.16
-8.6333e-02,0.255,0.505
-8.6331e-02,0.215,0.17
-8.6330e-02,0.29,0.485
-8.6328e-02,0.25,0.185
-8.6326e-02,0.265,0.47
-8.6325e-02,0.275,0.175
-8.6323e-02,0.31,0.48
-8.6322e-02,0.255,0.15
-8.6320e-02,0.3,0.505
-8.6318e-02,0.3,0.155
-8.6317e-02,0.265,0.495
-8.6315e-02,0.335,0.18
-8.6314e-02,0.425,0.475
-8.6312e-02,0.375,0.14
-8.6310e-02,0.315,0.515
-8.6309e-02,0.34,0.175
-8.6307e-02,0.32,0.485
-8.6306e-02,0.365,0.16
-8.6304e-02,0.325,0.505
-8.6302e-02,0.345,0.19
-8.6301e-02,0.225,0.465
-8.6299e-02,0.36,0.18
-8.6298e-02,0.265,0.47
-8.6296e-02,0.365,0.155
-8.6294e-02,0.325,0.51
-8.6293e-02,0.34,0.19
-8.6291e-02,0.37,0.47
-8.6290e-02,0.36,0.145
-8.6288e-02,0.295,0.515
-8.6286e-02,0.31,0.16
-8.6285e-02,0.385,0.495
-8.6283e-02,0.425,0.17
-8.6282e-02,0.39,0.48
-8.6280e-02,0.38,0.17
-8.6278e-02,0.325,0.485
-8.6277e-02,0.315,0.175
-8.6275e-02,0.41,0.485
-8.6274e-02,0.31,0.18
-8.6272e-02,0.31,0.48
-8.6270e-02,0.325,0.18
-8.6269e-02,0.37,0.48
-8.6267e-02,0.27,0.18
-8.6266e-02,0.295,0.475
-8.6264e-02,0.265,0.175
-8.6262e-02,0.23,0.475
-8.6261e-02,0.28,0.185
-8.6259e-02,0.345,0.47
-8.6258e-02,0.34,0.165
-8.6256e-02,0.245,0.485
-8.6254e-02,0.41,0.16
-8.6253e-02,0.37,0.5
-8.6251e-02,0.365,0.16
-8.6250e-02,0.315,0.505
-8.6248e-02,0.29,0.135
-8.6246e-02,0.335,0.515
-8.6245e-02,0.39,0.11
-8.6243e-02,0.315,0.545
-8.6242e-02,0.315,0.165
-8.6240e-02,0.435,0.485
-8.6238e-02,0.4,0.18
-8.6237e-02,0.37,0.475
-8.6235e-02,0.275,0.165
-8.6234e-02,0.31,0.49
-8.6232e-02,0.33,0.17
-8.6230e-02,0.34,0.49
-8.6229e-02,0.325,0.185
-8.6227e-02,0.295,0.47
-8.6226e-02,0.35,0.18
-8.6224e-02,0.37,0.475
-8.6222e-02,0.41,0.16
-8.6221e-02,0.255,0.5
-8.6219e-02,0.305,0.18
-8.6218e-02,0.285,0.47
-8.6216e-02,0.305,0.175
-8.6214e-02,0.275,0.48
-8.6213e-02,0.3,0.175
-8.6211e-02,0.32,0.475
-8.6210e-02,0.335,0.18
-8.6208e-02,0.44,0.475
-8.6206e-02,0.385,0.19
-8.6205e-02,0.36,0.465
-8.6203e-02,0.3,0.18
-8.6202e-02,0.43,0.48
-8.6200e-02,0.245,0.185
-8.6198e-02,0.275,0.475
-8.6197e-02,0.245,0.155
-8.6195e-02,0.325,0.5
-8.6194e-02,0.37,0.175
-8.6192e-02,0.35,0.475
-8.6190e-02,0.23,0.175
-8.6189e-02,0.285,0.485
-8.6187e-02,0.32,0.19
-8.6186e-02,0.305,0.47
-8.6184e-02,0.26,0.16
-8.6182e-02,0.41,0.5
-8.6181e-02,0.34,0.175
-8.6179e-02,0.38,0.485
-8.6178e-02,0.28,0.18
-8.6176e-02,0.25,0.485
-8.6174e-02,0.265,0.18
-8.6173e-02,0.375,0.47
-8.6171e-02,0.39,0.19
-8.6170e-02,0.25,0.47
-8.6168e-02,0.37,0.18
-8.6166e-02,0.325,0.475
-8.6165e-02,0.395,0.17
-8.6163e-02,0.31,0.49
-8.6162e-02,0.36,0.16
-8.6160e-02,0.29,0.485
-8.6158e-02,0.35,0.16
-8.6157e-02,0.36,0.5
-8.6155e-02,0.305,0.18
-8.6154e-02,0.275,0.48
-8.6152e-02,0.3,0.185
-8.6150e-02,0.355,0.475
-8.6149e-02,0.305,0.175
-8.6147e-02,0.4,0.49
-8.6146e-02,0.295,0.165
-8.6144e-02,0.415,0.49
-8.6142e-02,0.415,0.165
-8.6141e-02,0.435,0.5
-8.6139e-02,0.3,0.155
-8.6138e-02,0.43,0.505
-8.6136e-02,0.34,0.165
-8.6134e-02,0.385,0.49
-8.6133e-02,0.265,0.165
-8.6131e-02,0.43,0.495
-8.6130e-02,0.33,0.155
-8.6128e-02,0.385,0.505
-8.6126e-02,0.29,0.185
-8.6125e-02,0.315,0.48
-8.6123e-02,0.265,0.16
-8.6122e-02,0.315,0.505
-8.6120e-02,0.22,0.155
-8.6118e-02,0.255,0.51
-8.6117e-02,0.305,0.18
-8.6115e-02,0.28,0.475
-8.6114e-02,0.44,0.16
-8.6112e-02,0.365,0.505
-8.6110e-02,0.395,0.175
-8.6109e-02,0.255,0.49
-8.6107e-02,0.385,0.185
-8.6106e-02,0.245,0.475
-8.6104e-02,0.33,0.18
-8.6102e-02,0.33,0.475
-8.6101e-02,0.4,0.195
-8.6099e-02,0.37,0.465
-8.6098e-02,0.355,0.195
-8.6096e-02,0.255,0.47
-8.6094e-02,0.265,0.17
-8.6093e-02,0.325,0.49
-8.6091e-02,0.34,0.175
-8.6090e-02,0.36,0.48
-8.6088e-02,0.38,0.165
-8.6086e-02,0.37,0.505
-8.6085e-02,0.35,0.175
-8.6083e-02,0.335,0.485
-8.6082e-02,0.21,0.16
-8.6080e-02,0.365,0.495
-8.6078e-02,0.265,0.175
-8.6077e-02,0.35,0.49
-8.6075e-02,0.305,0.175
-8.6074e-02,0.295,0.48
-8.6072e-02,0.27,0.185
-8.6070e-02,0.365,0.48
-8.6069e-02,0.245,0.155
-8.6067e-02,0.355,0.51
-8.6066e-02,0.28,0.175
-8.6064e-02,0.345,0.495
-8.6062e-02,0.35,0.17
-8.6061e-02,0.37,0.49
-8.6059e-02,0.31,0.15
-8.6058e-02,0.365,0.515
-8.6056e-02,0.385,0.16
-8.6054e-02,0.36,0.5
-8.6053e-02,0.395,0.17
-8.6051e-02,0.295,0.49
-8.6050e-02,0.35,0.17
-8.6048e-02,0.35,0.485
-8.6046e-02,0.305,0.165
-8.6045e-02,0.315,0.5
-8.6043e-02,0.275,0.16
-8.6042e-02,0.24,0.5
-8.6040e-02,0.3,0.19
-8.6038e-02,0.27,0.475
-8.6037e-02,0.315,0.17
-8.6035e-02,0.325,0.495
-8.6034e-02,0.385,0.175
-8.6032e-02,0.4,0.485
-8.6030e-02,0.325,0.16
-8.6029e-02,0.27,0.5
-8.6027e-02,0.29,0.145
-8.6026e-02,0.295,0.515
-8.6024e-02,0.28,0.17
-8.6022e-02,0.335,0.505
-8.6021e-02,0.29,0.175
-8.6019e-02,0.35,0.495
-8.6018e-02,0.34,0.185
-8.6016e-02,0.285,0.475
-8.6014e-02,0.405,0.16
-8.6013e-02,0.31,0.5
-8.6011e-02,0.355,0.18
-8.6010e-02,0.34,0.49
-8.6008e-02,0.305,0.195
-8.6006e-02,0.345,0.475
-8.6005e-02,0.3,0.185
-8.6003e-02,0.35,0.485
-8.6002e-02,0.36,0.185
-8.6000e-02,0.31,0.475
-8.5998e-02,0.31,0.165
-8.5997e-02,0.405,0.495
-8.5995e-02,0.355,0.18
-8.5994e-02,0.375,0.49
-8.5992e-02,0.435,0.175
-8.5990e-02,0.39,0.485
-8.5989e-02,0.395,0.155
-8.5987e-02,0.335,0.505
-8.5986e-02,0.32,0.18
-8.5984e-02,0.325,0.475
-8.5982e-02,0.3,0.17
-8.5981e-02,0.355,0.485
-8.5979e-02,0.345,0.175
-8.5978e-02,0.385,0.495
-8.5976e-02,0.435,0.175
-8.5974e-02,0.38,0.485
-8.5973e-02,0.4,0.175
-8.5971e-02,0.355,0.49
-8.5970e-02,0.39,0.15
-8.5968e-02,0.37,0.515
-8.5966e-02,0.315,0.165
-8.5965e-02,0.375,0.505
-8.5963e-02,0.325,0.175
-8.5962e-02,0.37,0.49
-8.5960e-02,0.355,0.175
-8.5958e-02,0.285,0.485
-8.5957e-02,0.325,0.16
-8.5955e-02,0.335,0.505
-8.5954e-02,0.29,0.185
-8.5952e-02,0.36,0.485
-8.5950e-02,0.31,0.165
-8.5949e-02,0.355,0.5
-8.5947e-02,0.365,0.19
-8.5946e-02,0.38,0.475
-8.5944e-02,0.295,0.16
-8.5942e-02,0.35,0.51
-8.5941e-02,0.275,0.18
-8.5939e-02,0.395,0.48
-8.5938e-02,0.325,0.16
-8.5936e-02,0.32,0.495
-8.5934e-02,0.38,0.185
-8.5933e-02,0.385,0.48
-8.5931e-02,0.365,0.18
-8.5930e-02,0.275,0.485
-8.5928e-02,0.315,0.18
-8.5926e-02,0.345,0.49
-8.5925e-02,0.43,0.17
-8.5923e-02,0.295,0.49
-8.5922e-02,0.42,0.18
-8.5920e-02,0.37,0.485
-8.5918e-02,0.335,0.19
-8.5917e-02,0.31,0.475
-8.5915e-02,0.32,0.16
-8.5914e-02,0.345,0.505
-8.5912e-02,0.435,0.155
-8.5910e-02,0.395,0.51
-8.5909e-02,0.315,0.185
-8.5907e-02,0.29,0.49
-8.5906e-02,0.355,0.195
-8.5904e-02,0.38,0.475
-8.5902e-02,0.42,0.18
-8.5901e-02,0.365,0.49
-8.5899e-02,0.33,0.16
-8.5898e-02,0.445,0.51
-8.5896e-02,0.345,0.175
-8.5894e-02,0.325,0.495
-8.5893e-02,0.225,0.185
-8.5891e-02,0.28,0.48
-8.5890e-02,0.275,0.17
-8.5888e-02,0.345,0.495
-8.5886e-02,0.25,0.18
-8.5885e-02,0.245,0.485
-8.5883e-02,0.43,0.175
-8.5882e-02,0.34,0.495
-8.5880e-02,0.335,0.16
-8.5878e-02,0.345,0.5
-8.5877e-02,0.35,0.18
-8.5875e-02,0.325,0.48
-8.5874e-02,0.315,0.18
-8.5872e-02,0.235,0.48
-8.5870e-02,0.29,0.17
-8.5869e-02,0.32,0.49
-8.5867e-02,0.29,0.185
-8.5866e-02,0.27,0.48
-8.5864e-02,0.38,0.19
-8.5862e-02,0.42,0.475
-8.5861e-02,0.4,0.185
-8.5859e-02,0.405,0.475
-8.5858e-02,0.31,0.17
-8.5856e-02,0.34,0.495
-8.5854e-02,0.35,0.165
-8.5853e-02,0.295,0.505
-8.5851e-02,0.275,0.18
-8.5850e-02,0.33,0.485
-8.5848e-02,0.34,0.18
-8.5846e-02,0.32,0.49
-8.5845e-02,0.285,0.17
-8.5843e-02,0.395,0.49
-8.5842e-02,0.295,0.17
-8.5840e-02,0.385,0.495
-8.5838e-02,0.38,0.175
-8.5837e-02,0.395,0.5
-8.5835e-02,0.34,0.16
-8.5834e-02,0.38,0.5
-8.5832e-02,0.33,0.185
-8.5830e-02,0.27,0.49
-8.5829e-02,0.38,0.17
-8.5827e-02,0.26,0.495
-8.5826e-02,0.325,0.155
-8.5824e-02,0.355,0.515
-8.5822e-02,0.405,0.16
-8.5821e-02,0.36,0.51
-8.5819e-02,0.375,0.16
-8.5818e-02,0.32,0.505
-8.5816e-02,0.29,0.2
-8.5814e-02,0.245,0.47
-8.5813e-02,0.3,0.16
-8.5811e-02,0.19,0.515
-8.5810e-02,0.33,0.14
-8.5808e-02,0.395,0.52
-8.5806e-02,0.41,0.195
-8.5805e-02,0.385,0.475
-8.5803e-02,0.335,0.195
-8.5802e-02,0.33,0.475
-8.5800e-02,0.4,0.195
-8.5798e-02,0.285,0.475
-8.5797e-02,0.325,0.175
-8.5795e-02,0.335,0.49
-8.5794e-02,0.355,0.185
-8.5792e-02,0.355,0.485
-8.5790e-02,0.32,0.18
-8.5789e-02,0.38,0.49
-8.5787e-02,0.34,0.19
-8.5786e-02,0.48,0.48
-8.5784e-02,0.3,0.18
-8.5782e-02,0.335,0.5
-8.5781e-02,0.25,0.15
-8.5779e-02,0.345,0.52
-8.5778e-02,0.345,0.18
-8.5776e-02,0.3,0.48
-8.5774e-02,0.335,0.205
-8.5773e-02,0.39,0.465
-8.5771e-02,0.37,0.145
-8.5770e-02,0.355,0.52
-8.5768e-02,0.29,0.145
-8.5766e-02,0.31,0.53
-8.5765e-02,0.335,0.17
-8.5763e-02,0.245,0.49
-8.5762e-02,0.195,0.18
-8.5760e-02,0.24,0.495
-8.5758e-02,0.29,0.16
-8.5757e-02,0.28,0.5
-8.5755e-02,0.285,0.175
-8.5754e-02,0.25,0.48
-8.5752e-02,0.41,0.185
-8.5750e-02,0.365,0.48
-8.5749e-02,0.415,0.16
-8.5747e-02,0.31,0.505
-8.5746e-02,0.44,0.18
-8.5744e-02,0.43,0.49
-8.5742e-02,0.375,0.185
-8.5741e-02,0.345,0.49
-8.5739e-02,0.375,0.17
-8.5738e-02,0.29,0.5
-8.5736e-02,0.34,0.19
-8.5734e-02,0.3,0.48
-8.5733e-02,0.325,0.2
-8.5731e-02,0.335,0.46
-8.5730e-02,0.425,0.19
-8.5728e-02,0.335,0.47
-8.5726e-02,0.335,0.17
-8.5725e-02,0.255,0.495
-8.5723e-02,0.355,0.19
-8.5722e-02,0.25,0.47
-8.5720e-02,0.305,0.16
-8.5718e-02,0.305,0.505
-8.5717e-02,0.26,0.175
-8.5715e-02,0.29,0.49
-8.5714e-02,0.285,0.2
-8.5712e-02,0.41,0.475
-8.5710e-02,0.355,0.185
-8.5709e-02,0.405,0.475
-8.5707e-02,0.27,0.15
-8.5706e-02,0.335,0.51
-8.5704e-02,0.29,0.19
-8.5702e-02,0.31,0.48
-8.5701e-02,0.305,0.185
-8.5699e-02,0.395,0.485
-8.5698e-02,0.37,0.15
-8.5696e-02,0.41,0.515
-8.5694e-02,0.225,0.17
-8.5693e-02,0.31,0.485
-8.5691e-02,0.335,0.19
-8.5690e-02,0.43,0.48
-8.5688e-02,0.265,0.17
-8.5686e-02,0.325,0.505
-8.5685e-02,0.26,0.165
-8.5683e-02,0.325,0.5
-8.5682e-02,0.295,0.155
-8.5680e-02,0.32,0.515
-8.5678e-02,0.275,0.165
-8.5677e-02,0.42,0.5
-8.5675e-02,0.355,0.14
-8.5674e-02,0.315,0.54
-8.5672e-02,0.325,0.165
-8.5670e-02,0.35,0.5
-8.5669e-02,0.46,0.175
-8.5667e-02,0.29,0.49
-8.5666e-02,0.38,0.19
-8.5664e-02,0.325,0.485
-8.5662e-02,0.34,0.17
-8.5661e-02,0.265,0.5
-8.5659e-02,0.26,0.155
-8.5658e-02,0.275,0.51
-8.5656e-02,0.415,0.195
-8.5654e-02,0.305,0.48
-8.5653e-02,0.425,0.165
-8.5651e-02,0.375,0.5
-8.5650e-02,0.4,0.185
-8.5648e-02,0.335,0.49
-8.5646e-02,0.33,0.18
-8.5645e-02,0.315,0.5
-8.5643e-02,0.345,0.175
-8.5642e-02,0.305,0.5
-8.5640e-02,0.345,0.19
-8.5638e-02,0.325,0.48
-8.5637e-02,0.335,0.185
-8.5635e-02,0.32,0.49
-8.5634e-02,0.335,0.18
-8.5632e-02,0.26,0.495
-8.5630e-02,0.345,0.2
-8.5629e-02,0.265,0.475
-8.5627e-02,0.315,0.17
-8.5626e-02,0.265,0.51
-8.5624e-02,0.295,0.175
-8.5622e-02,0.35,0.5
-8.5621e-02,0.28,0.17
-8.5619e-02,0.245,0.505
-8.5618e-02,0.33,0.17
-8.5616e-02,0.38,0.505
-8.5614e-02,0.275,0.2
-8.5613e-02,0.355,0.475
-8.5611e-02,0.355,0.16
-8.5610e-02,0.455,0.505
-8.5608e-02,0.345,0.18
-8.5606e-02,0.305,0.495
-8.5605e-02,0.345,0.19
-8.5603e-02,0.31,0.48
-8.5602e-02,0.26,0.19
-8.5600e-02,0.27,0.49
-8.5598e-02,0.255,0.195
-8.5597e-02,0.41,0.48
-8.5595e-02,0.36,0.18
-8.5594e-02,0.405,0.485
-8.5592e-02,0.31,0.19
-8.5590e-02,0.345,0.49
-8.5589e-02,0.275,0.17
-8.5587e-02,0.315,0.495
-8.5586e-02,0.28,0.175
-8.5584e-02,0.37,0.495
-8.5582e-02,0.37,0.15
-8.5581e-02,0.34,0.525
-8.5579e-02,0.285,0.19
-8.5578e-02,0.35,0.48
-8.5576e-02,0.29,0.185
-8.5574e-02,0.395,0.48
-8.5573e-02,0.335,0.195
-8.5571e-02,0.44,0.485
-8.5570e-02,0.365,0.175
-8.5568e-02,0.315,0.495
-8.5566e-02,0.305,0.19
-8.5565e-02,0.34,0.475
-8.5563e-02,0.295,0.175
-8.5562e-02,0.33,0.49
-8.5560e-02,0.355,0.195
-8.5558e-02,0.395,0.47
-8.5557e-02,0.375,0.165
-8.5555e-02,0.33,0.505
-8.5554e-02,0.325,0.17
-8.5552e-02,0.37,0.5
-8.5550e-02,0.325,0.185
-8.5549e-02,0.31,0.49
-8.5547e-02,0.285,0.18
-8.5546e-02,0.36,0.485
-8.5544e-02,0.42,0.165
-8.5542e-02,0.31,0.505
-8.5541e-02,0.335,0.115
-8.5539e-02,0.32,0.545
-8.5538e-02,0.395,0.16
-8.5536e-02,0.25,0.515
-8.5534e-02,0.32,0.17
-8.5533e-02,0.355,0.5
-8.5531e-02,0.365,0.16
-8.5530e-02,0.325,0.51
-8.5528e-02,0.425,0.185
-8.5526e-02,0.27,0.49
-8.5525e-02,0.385,0.19
-8.5523e-02,0.315,0.485
-8.5522e-02,0.29,0.18
-8.5520e-02,0.275,0.495
-8.5518e-02,0.4,0.18
-8.5517e-02,0.315,0.49
-8.5515e-02,0.4,0.145
-8.5514e-02,0.4,0.52
-8.5512e-02,0.36,0.165
-8.5510e-02,0.255,0.51
-8.5509e-02,0.29,0.185
-8.5507e-02,0.325,0.485
-8.5506e-02,0.34,0.17
-8.5504e-02,0.285,0.51
-8.5502e-02,0.24,0.175
-8.5501e-02,0.38,0.495
-8.5499e-02,0.345,0.165
-8.5498e-02,0.31,0.5
-8.5496e-02,0.395,0.185
-8.5494e-02,0.345,0.49
-8.5493e-02,0.43,0.195
-8.5491e-02,0.29,0.475
-8.5490e-02,0.235,0.18
-8.5488e-02,0.265,0.495
-8.5486e-02,0.3,0.195
-8.5485e-02,0.28,0.48
-8.5483e-02,0.325,0.17
-8.5482e-02,0.385,0.505
-8.5480e-02,0.32,0.15
-8.5478e-02,0.405,0.525
-8.5477e-02,0.305,0.18
-8.5475e-02,0.3,0.495
-8.5474e-02,0.365,0.185
-8.5472e-02,0.35,0.495
-8.5470e-02,0.31,0.185
-8.5469e-02,0.305,0.485
-8.5467e-02,0.23,0.175
-8.5466e-02,0.27,0.5
-8.5464e-02,0.26,0.19
-8.5462e-02,0.285,0.485
-8.5461e-02,0.425,0.165
-8.5459e-02,0.315,0.51
-8.5458e-02,0.355,0.15
-8.5456e-02,0.32,0.525
-8.5454e-02,0.365,0.185
-8.5453e-02,0.285,0.495
-8.5451e-02,0.34,0.16
-8.5450e-02,0.265,0.52
-8.5448e-02,0.38,0.155
-8.5446e-02,0.32,0.515
-8.5445e-02,0.31,0.175
-8.5443e-02,0.345,0.5
-8.5442e-02,0.385,0.165
-8.5440e-02,0.36,0.51
-8.5438e-02,0.315,0.195
-8.5437e-02,0.255,0.48
-8.5435e-02,0.315,0.185
-8.5434e-02,0.315,0.49
-8.5432e-02,0.335,0.19
-8.5430e-02,0.335,0.485
-8.5429e-02,0.3,0.19
-8.5427e-02,0.415,0.49
-8.5426e-02,0.39,0.185
-8.5424e-02,0.32,0.495
-8.5422e-02,0.345,0.165
-8.5421e-02,0.295,0.51
-8.5419e-02,0.415,0.16
-8.5418e-02,0.415,0.51
-8.5416e-02,0.345,0.155
-8.5414e-02,0.355,0.525
-8.5413e-02,0.41,0.185
-8.5411e-02,0.36,0.49
-8.5410e-02,0.335,0.17
-8.5408e-02,0.295,0.5
-8.5406e-02,0.38,0.2
-8.5405e-02,0.35,0.475
-8.5403e-02,0.365,0.18
-8.5402e-02,0.345,0.495
-8.5400e-02,0.345,0.18
-8.5398e-02,0.425,0.505
-8.5397e-02,0.325,0.135
-8.5395e-02,0.26,0.55
-8.5394e-02,0.3,0.125
-8.5392e-02,0.25,0.555
-8.5390e-02,0.345,0.17
-8.5389e-02,0.24,0.505
-8.5387e-02,0.29,0.16
-8.5386e-02,0.355,0.505
-8.5384e-02,0.39,0.185
-8.5382e-02,0.355,0.495
-8.5381e-02,0.26,0.185
-8.5379e-02,0.28,0.495
-8.5378e-02,0.385,0.19
-8.5376e-02,0.355,0.495
-8.5374e-02,0.37,0.185
-8.5373e-02,0.335,0.49
-8.5371e-02,0.31,0.175
-8.5370e-02,0.255,0.5
-8.5368e-02,0.295,0.145
-8.5366e-02,0.215,0.525
-8.5365e-02,0.325,0.175
-8.5363e-02,0.37,0.505
-8.5362e-02,0.415,0.185
-8.5360e-02,0.345,0.495
-8.5358e-02,0.32,0.195
-8.5357e-02,0.27,0.48
-8.5355e-02,0.395,0.17
-8.5354e-02,0.215,0.505
-8.5352e-02,0.395,0.18
-8.5350e-02,0.315,0.5
-8.5349e-02,0.395,0.19
-8.5347e-02,0.25,0.485
-8.5346e-02,0.345,0.18
-8.5344e-02,0.285,0.5
-8.5342e-02,0.365,0.185
-8.5341e-02,0.335,0.49
-8.5339e-02,0.425,0.19
-8.5338e-02,0.245,0.48
-8.5336e-02,0.375,0.2
-8.5334e-02,0.3,0.475
-8.5333e-02,0.305,0.17
-8.5331e-02,0.315,0.5
-8.5330e-02,0.365,0.16
-8.5328e-02,0.36,0.525
-8.5326e-02,0.375,0.185
-8.5325e-02,0.365,0.495
-8.5323e-02,0.39,0.19
-8.5322e-02,0.355,0.485
-8.5320e-02,0.41,0.19
-8.5318e-02,0.265,0.49
-8.5317e-02,0.365,0.18
-8.5315e-02,0.35,0.495
-8.5314e-02,0.31,0.19
-8.5312e-02,0.305,0.495
-8.5310e-02,0.35,0.17
-8.5309e-02,0.375,0.505
-8.5307e-02,0.34,0.165
-8.5306e-02,0.315,0.52
-8.5304e-02,0.365,0.175
-8.5302e-02,0.355,0.5
-8.5301e-02,0.35,0.155
-8.5299e-02,0.345,0.515
-8.5298e-02,0.215,0.185
-8.5296e-02,0.395,0.49
-8.5294e-02,0.36,0.17
-8.5293e-02,0.32,0.51
-8.5291e-02,0.175,0.17
-8.5290e-02,0.33,0.505
-8.5288e-02,0.3,0.175
-8.5286e-02,0.305,0.505
-8.5285e-02,0.275,0.195
-8.5283e-02,0.36,0.485
-8.5282e-02,0.37,0.165
-8.5280e-02,0.38,0.51
-8.5278e-02,0.365,0.19
-8.5277e-02,0.29,0.495
-8.5275e-02,0.29,0.19
-8.5274e-02,0.415,0.485
-8.5272e-02,0.25,0.19
-8.5270e-02,0.32,0.49
-8.5269e-02,0.26,0.19
-8.5267e-02,0.45,0.49
-8.5266e-02,0.35,0.17
-8.5264e-02,0.38,0.515
-8.5262e-02,0.265,0.16
-8.5261e-02,0.33,0.52
-8.5259e-02,0.335,0.195
-8.5258e-02,0.345,0.49
-8.5256e-02,0.37,0.21
-8.5254e-02,0.27,0.475
-8.5253e-02,0.345,0.195
-8.5251e-02,0.365,0.49
-8.5250e-02,0.265,0.155
-8.5248e-02,0.27,0.525
-8.5246e-02,0.345,0.135
-8.5245e-02,0.455,0.545
-8.5243e-02,0.395,0.175
-8.5242e-02,0.345,0.51
-8.5240e-02,0.335,0.17
-8.5238e-02,0.325,0.52
-8.5237e-02,0.365,0.17
-8.5235e-02,0.35,0.51
-8.5234e-02,0.31,0.185
-8.5232e-02,0.33,0.5
-8.5230e-02,0.31,0.185
-8.5229e-02,0.35,0.5
-8.5227e-02,0.175,0.17
-8.5226e-02,0.265,0.51
-8.5224e-02,0.315,0.165
-8.5222e-02,0.325,0.52
-8.5221e-02,0.42,0.19
-8.5219e-02,0.35,0.495
-8.5218e-02,0.39,0.175
-8.5216e-02,0.36,0.5
-8.5214e-02,0.44,0.17
-8.5213e-02,0.32,0.51
-8.5211e-02,0.29,0.17
-8.5210e-02,0.25,0.51
-8.5208e-02,0.395,0.18
-8.5206e-02,0.305,0.505
-8.5205e-02,0.305,0.17
-8.5203e-02,0.305,0.505
-8.5202e-02,0.35,0.195
-8.5200e-02,0.335,0.485
-8.5198e-02,0.29,0.175
-8.5197e-02,0.265,0.505
-8.5195e-02,0.275,0.17
-8.5194e-02,0.415,0.51
-8.5192e-02,0.27,0.195
-8.5190e-02,0.285,0.485
-8.5189e-02,0.29,0.17
-8.5187e-02,0.34,0.51
-8.5186e-02,0.325,0.16
-8.5184e-02,0.295,0.515
-8.5182e-02,0.31,0.155
-8.5181e-02,0.29,0.52
-8.5179e-02,0.33,0.175
-8.5178e-02,0.34,0.5
-8.5176e-02,0.26,0.15
-8.5174e-02,0.27,0.52
-8.5173e-02,0.37,0.17
-8.5171e-02,0.335,0.505
-8.5170e-02,0.295,0.16
-8.5168e-02,0.275,0.52
-8.5166e-02,0.27,0.175
-8.5165e-02,0.305,0.5
-8.5163e-02,0.36,0.175
-8.5162e-02,0.25,0.5
-8.5160e-02,0.3,0.19
-8.5158e-02,0.345,0.48
-8.5157e-02,0.42,0.165
-8.5155e-02,0.355,0.51
-8.5154e-02,0.245,0.155
-8.5152e-02,0.325,0.52
-8.5150e-02,0.335,0.15
-8.5149e-02,0.345,0.52
-8.5147e-02,0.405,0.165
-8.5146e-02,0.315,0.51
-8.5144e-02,0.435,0.175
-8.5142e-02,0.34,0.5
-8.5141e-02,0.31,0.195
-8.5139e-02,0.295,0.48
-8.5138e-02,0.405,0.18
-8.5136e-02,0.365,0.49
-8.5134e-02,0.405,0.155
-8.5133e-02,0.32,0.525
-8.5131e-02,0.385,0.155
-8.5130e-02,0.29,0.52
-8.5128e-02,0.405,0.185
-8.5126e-02,0.255,0.49
-8.5125e-02,0.335,0.17
-8.5123e-02,0.395,0.515
-8.5122e-02,0.475,0.185
-8.5120e-02,0.375,0.505
-8.5118e-02,0.435,0.19
-8.5117e-02,0.37,0.5
-8.5115e-02,0.445,0.17
-8.5114e-02,0.39,0.51
-8.5112e-02,0.315,0.185
-8.5110e-02,0.245,0.5
-8.5109e-02,0.325,0.18
-8.5107e-02,0.34,0.505
-8.5106e-02,0.315,0.195
-8.5104e-02,0.275,0.49
-8.5102e-02,0.365,0.19
-8.5101e-02,0.365,0.495
-8.5099e-02,0.425,0.175
-8.5098e-02,0.405,0.515
-8.5096e-02,0.345,0.185
-8.5094e-02,0.37,0.5
-8.5093e-02,0.42,0.175
-8.5091e-02,0.305,0.51
-8.5090e-02,0.36,0.18
-8.5088e-02,0.26,0.515
-8.5086e-02,0.365,0.195
-8.5085e-02,0.325,0.5
-8.5083e-02,0.275,0.195
-8.5082e-02,0.27,0.495
-8.5080e-02,0.31,0.195
-8.5078e-02,0.335,0.495
-8.5077e-02,0.26,0.18
-8.5075e-02,0.32,0.51
-8.5074e-02,0.315,0.2
-8.5072e-02,0.395,0.495
-8.5070e-02,0.355,0.19
-8.5069e-02,0.33,0.505
-8.5067e-02,0.27,0.175
-8.5066e-02,0.305,0.51
-8.5064e-02,0.365,0.18
-8.5062e-02,0.345,0.51
-8.5061e-02,0.42,0.175
-8.5059e-02,0.315,0.515
-8.5058e-02,0.42,0.185
-8.5056e-02,0.39,0.51
-8.5054e-02,0.33,0.175
-8.5053e-02,0.32,0.52
-8.5051e-02,0.395,0.18
-8.5050e-02,0.395,0.5
-8.5048e-02,0.365,0.205
-8.5046e-02,0.285,0.49
-8.5045e-02,0.225,0.195
-8.5043e-02,0.335,0.485
-8.5042e-02,0.375,0.195
-8.5040e-02,0.375,0.49
-8.5038e-02,0.415,0.18
-8.5037e-02,0.355,0.51
-8.5035e-02,0.43,0.17
-8.5034e-02,0.31,0.5
-8.5032e-02,0.275,0.165
-8.5030e-02,0.35,0.515
-8.5029e-02,0.385,0.17
-8.5027e-02,0.315,0.505
-8.5026e-02,0.33,0.18
-8.5024e-02,0.3,0.5
-8.5022e-02,0.345,0.195
-8.5021e-02,0.33,0.485
-8.5019e-02,0.47,0.175
-8.5018e-02,0.285,0.505
-8.5016e-02,0.44,0.19
-8.5014e-02,0.315,0.49
-8.5013e-02,0.415,0.185
-8.5011e-02,0.315,0.495
-8.5010e-02,0.275,0.19
-8.5008e-02,0.265,0.485
-8.5006e-02,0.33,0.16
-8.5005e-02,0.27,0.52
-8.5003e-02,0.335,0.17
-8.5002e-02,0.255,0.5
-8.5000e-02,0.36,0.17
-8.4998e-02,0.32,0.5
-8.4997e-02,0.445,0.19
-8.4995e-02,0.29,0.485
-8.4994e-02,0.37,0.165
-8.4992e-02,0.37,0.51
-8.4990e-02,0.38,0.17
-8.4989e-02,0.32,0.505
-8.4987e-02,0.3,0.175
-8.4986e-02,0.29,0.5
-8.4984e-02,0.395,0.175
-8.4982e-02,0.28,0.49
-8.4981e-02,0.39,0.165
-8.4979e-02,0.305,0.505
-8.4978e-02,0.42,0.185
-8.4976e-02,0.415,0.495
-8.4974e-02,0.365,0.19
-8.4973e-02,0.295,0.485
-8.4971e-02,0.4,0.19
-8.4970e-02,0.285,0.485
-8.4968e-02,0.34,0.185
-8.4966e-02,0.27,0.5
-8.4965e-02,0.21,0.17
-8.4963e-02,0.32,0.51
-8.4962e-02,0.335,0.17
-8.4960e-02,0.355,0.51
-8.4958e-02,0.345,0.19
-8.4957e-02,0.34,0.5
-8.4955e-02,0.375,0.175
-8.4954e-02,0.405,0.515
-8.4952e-02,0.31,0.19
-8.4950e-02,0.275,0.49
-8.4949e-02,0.395,0.195
-8.4947e-02,0.355,0.49
-8.4946e-02,0.44,0.165
-8.4944e-02,0.3,0.52
-8.4942e-02,0.265,0.185
-8.4941e-02,0.3,0.5
-8.4939e-02,0.355,0.195
-8.4938e-02,0.35,0.495
-8.4936e-02,0.435,0.17
-8.4934e-02,0.305,0.51
-8.4933e-02,0.43,0.18
-8.4931e-02,0.285,0.515
-8.4930e-02,0.35,0.205
-8.4928e-02,0.23,0.485
-8.4926e-02,0.4,0.195
-8.4925e-02,0.395,0.495
-8.4923e-02,0.45,0.195
-8.4922e-02,0.265,0.5
-8.4920e-02,0.365,0.185
-8.4918e-02,0.295,0.515
-8.4917e-02,0.4,0.16
-8.4915e-02,0.315,0.53
-8.4914e-02,0.365,0.18
-8.4912e-02,0.32,0.52
-8.4910e-02,0.495,0.19
-8.4909e-02,0.38,0.5
-8.4907e-02,0.355,0.17
-8.4906e-02,0.325,0.52
-8.4904e-02,0.325,0.19
-8.4902e-02,0.34,0.5
-8.4901e-02,0.345,0.2
-8.4899e-02,0.275,0.49
-8.4898e-02,0.335,0.195
-8.4896e-02,0.3,0.495
-8.4894e-02,0.35,0.19
-8.4893e-02,0.35,0.51
-8.4891e-02,0.31,0.19
-8.4890e-02,0.285,0.505
-8.4888e-02,0.33,0.185
-8.4886e-02,0.325,0.5
-8.4885e-02,0.285,0.18
-8.4883e-02,0.345,0.51
-8.4882e-02,0.285,0.165
-8.4880e-02,0.355,0.525
-8.4878e-02,0.445,0.195
-8.4877e-02,0.33,0.5
-8.4875e-02,0.42,0.17
-8.4874e-02,0.375,0.515
-8.4872e-02,0.445,0.175
-8.4870e-02,0.4,0.515
-8.4869e-02,0.37,0.155
-8.4867e-02,0.31,0.52
-8.4866e-02,0.415,0.17
-8.4864e-02,0.285,0.515
-8.4862e-02,0.335,0.155
-8.4861e-02,0.23,0.525
-8.4859e-02,0.305,0.185
-8.4858e-02,0.325,0.495
-8.4856e-02,0.4,0.185
-8.4854e-02,0.36,0.5
-8.4853e-02,0.405,0.165
-8.4851e-02,0.365,0.515
-8.4850e-02,0.26,0.18
-8.4848e-02,0.325,0.49
-8.4846e-02,0.28,0.17
-8.4845e-02,0.32,0.52
-8.4843e-02,0.375,0.195
-8.4842e-02,0.38,0.48
-8.4840e-02,0.29,0.155
-8.4838e-02,0.315,0.53
-8.4837e-02,0.245,0.17
-8.4835e-02,0.305,0.51
-8.4834e-02,0.375,0.165
-8.4832e-02,0.415,0.515
-8.4830e-02,0.42,0.16
-8.4829e-02,0.425,0.515
-8.4827e-02,0.275,0.19
-8.4826e-02,0.42,0.495
-8.4824e-02,0.365,0.175
-8.4822e-02,0.355,0.495
-8.4821e-02,0.335,0.185
-8.4819e-02,0.34,0.5
-8.4818e-02,0.32,0.17
-8.4816e-02,0.31,0.51
-8.4814e-02,0.33,0.185
-8.4813e-02,0.25,0.49
-8.4811e-02,0.39,0.165
-8.4810e-02,0.39,0.51
-8.4808e-02,0.35,0.155
-8.4806e-02,0.385,0.52
-8.4805e-02,0.295,0.13
-8.4803e-02,0.305,0.54
-8.4802e-02,0.36,0.16
-8.4800e-02,0.325,0.525
-8.4798e-02,0.27,0.195
-8.4797e-02,0.33,0.48
-8.4795e-02,0.315,0.205
-8.4794e-02,0.405,0.475
-8.4792e-02,0.39,0.195
-8.4790e-02,0.395,0.49
-8.4789e-02,0.28,0.185
-8.4787e-02,0.46,0.495
-8.4786e-02,0.375,0.17
-8.4784e-02,0.345,0.505
-8.4782e-02,0.33,0.185
-8.4781e-02,0.22,0.5
-8.4779e-02,0.355,0.18
-8.4778e-02,0.355,0.5
-8.4776e-02,0.275,0.19
-8.4774e-02,0.365,0.495
-8.4773e-02,0.36,0.185
-8.4771e-02,0.45,0.5
-8.4770e-02,0.4,0.205
-8.4768e-02,0.33,0.475
-8.4766e-02,0.33,0.19
-8.4765e-02,0.405,0.5
-8.4763e-02,0.42,0.2
-8.4762e-02,0.365,0.485
-8.4760e-02,0.355,0.19
-8.4758e-02,0.355,0.495
-8.4757e-02,0.305,0.19
-8.4755e-02,0.355,0.495
-8.4754e-02,0.255,0.17
-8.4752e-02,0.28,0.525
-8.4750e-02,0.34,0.185
-8.4749e-02,0.34,0.5
-8.4747e-02,0.395,0.185
-8.4746e-02,0.41,0.505
-8.4744e-02,0.325,0.165
-8.4742e-02,0.37,0.52
-8.4741e-02,0.305,0.195
-8.4739e-02,0.26,0.49
-8.4738e-02,0.31,0.205
-8.4736e-02,0.32,0.485
-8.4734e-02,0.32,0.19
-8.4733e-02,0.24,0.5
-8.4731e-02,0.31,0.17
-8.4730e-02,0.255,0.525
-8.4728e-02,0.37,0.185
-8.4726e-02,0.365,0.5
-8.4725e-02,0.365,0.175
-8.4723e-02,0.405,0.52
-8.4722e-02,0.41,0.2
-8.4720e-02,0.36,0.485
-8.4718e-02,0.34,0.18
-8.4717e-02,0.235,0.505
-8.4715e-02,0.37,0.18
-8.4714e-02,0.365,0.51
-8.4712e-02,0.34,0.17
-8.4710e-02,0.32,0.525
-8.4709e-02,0.27,0.185
-8.4707e-02,0.29,0.51
-8.4706e-02,0.37,0.19
-8.4704e-02,0.355,0.495
-8.4702e-02,0.325,0.185
-8.4701e-02,0.395,0.51
-8.4699e-02,0.275,0.21
-8.4698e-02,0.405,0.48
-8.4696e-02,0.32,0.19
-8.4694e-02,0.31,0.485
-8.4693e-02,0.345,0.205
-8.4691e-02,0.29,0.485
-8.4690e-02,0.34,0.2
-8.4688e-02,0.375,0.495
-8.4686e-02,0.41,0.205
-8.4685e-02,0.405,0.485
-8.4683e-02,0.4,0.195
-8.4682e-02,0.415,0.495
-8.4680e-02,0.38,0.195
-8.4678e-02,0.41,0.49
-8.4677e-02,0.395,0.17
-8.4675e-02,0.28,0.52
-8.4674e-02,0.315,0.165
-8.4672e-02,0.22,0.515
-8.4670e-02,0.325,0.17
-8.4669e-02,0.275,0.515
-8.4667e-02,0.21,0.195
-8.4666e-02,0.33,0.495
-8.4664e-02,0.31,0.195
-8.4662e-02,0.405,0.5
-8.4661e-02,0.415,0.21
-8.4659e-02,0.34,0.485
-8.4658e-02,0.36,0.17
-8.4656e-02,0.36,0.52
-8.4654e-02,0.325,0.17
-8.4653e-02,0.295,0.52
-8.4651e-02,0.265,0.18
-8.4650e-02,0.36,0.515
-8.4648e-02,0.275,0.17
-8.4646e-02,0.425,0.515
-8.4645e-02,0.29,0.16
-8.4643e-02,0.33,0.535
-8.4642e-02,0.33,0.18
-8.4640e-02,0.38,0.51
-8.4638e-02,0.335,0.19
-8.4637e-02,0.41,0.51
-8.4635e-02,0.325,0.175
-8.4634e-02,0.31,0.515
-8.4632e-02,0.39,0.205
-8.4630e-02,0.335,0.485
-8.4629e-02,0.43,0.19
-8.4627e-02,0.315,0.505
-8.4626e-02,0.38,0.185
-8.4624e-02,0.24,0.51
-8.4622e-02,0.32,0.19
-8.4621e-02,0.275,0.49
-8.4619e-02,0.31,0.15
-8.4618e-02,0.345,0.54
-8.4616e-02,0.365,0.175
-8.4614e-02,0.36,0.515
-8.4613e-02,0.445,0.165
-8.4611e-02,0.375,0.52
-8.4610e-02,0.315,0.16
-8.4608e-02,0.25,0.525
-8.4606e-02,0.305,0.18
-8.4605e-02,0.295,0.51
-8.4603e-02,0.325,0.185
-8.4602e-02,0.295,0.5
-8.4600e-02,0.285,0.16
-8.4598e-02,0.365,0.52
-8.4597e-02,0.475,0.185
-8.4595e-02,0.36,0.5
-8.4594e-02,0.405,0.195
-8.4592e-02,0.355,0.495
-8.4590e-02,0.33,0.16
-8.4589e-02,0.39,0.535
-8.4587e-02,0.36,0.15
-8.4586e-02,0.285,0.53
-8.4584e-02,0.33,0.175
-8.4582e-02,0.3,0.505
-8.4581e-02,0.29,0.165
-8.4579e-02,0.3,0.515
-8.4578e-02,0.405,0.165
-8.4576e-02,0.325,0.525
-8.4574e-02,0.43,0.17
-8.4573e-02,0.305,0.515
-8.4571e-02,0.37,0.15
-8.4570e-02,0.385,0.53
-8.4568e-02,0.425,0.19
-8.4566e-02,0.29,0.5
-8.4565e-02,0.365,0.185
-8.4563e-02,0.26,0.505
-8.4562e-02,0.34,0.16
-8.4560e-02,0.305,0.53
-8.4558e-02,0.375,0.16
-8.4557e-02,0.29,0.53
-8.4555e-02,0.435,0.19
-8.4554e-02,0.415,0.505
-8.4552e-02,0.39,0.18
-8.4550e-02,0.295,0.505
-8.4549e-02,0.29,0.17
-8.4547e-02,0.24,0.52
-8.4546e-02,0.43,0.17
-8.4544e-02,0.305,0.52
-8.4542e-02,0.355,0.17
-8.4541e-02,0.29,0.525
-8.4539e-02,0.325,0.185
-8.4538e-02,0.35,0.51
-8.4536e-02,0.36,0.165
-8.4534e-02,0.365,0.525
-8.4533e-02,0.355,0.17
-8.4531e-02,0.305,0.52
-8.4530e-02,0.38,0.2
-8.4528e-02,0.29,0.495
-8.4526e-02,0.375,0.19
-8.4525e-02,0.48,0.5
-8.4523e-02,0.44,0.19
-8.4522e-02,0.32,0.5
-8.4520e-02,0.325,0.175
-8.4518e-02,0.28,0.51
-8.4517e-02,0.305,0.185
-8.4515e-02,0.38,0.515
-8.4514e-02,0.3,0.19
-8.4512e-02,0.285,0.505
-8.4510e-02,0.415,0.195
-8.4509e-02,0.28,0.495
-8.4507e-02,0.395,0.165
-8.4506e-02,0.4,0.535
-8.4504e-02,0.29,0.165
-8.4502e-02,0.355,0.535
-8.4501e-02,0.3,0.175
-8.4499e-02,0.36,0.52
-8.4498e-02,0.285,0.16
-8.4496e-02,0.37,0.54
-8.4494e-02,0.35,0.155
-8.4493e-02,0.3,0.545
-8.4491e-02,0.415,0.175
-8.4490e-02,0.36,0.52
-8.4488e-02,0.445,0.15
-8.4486e-02,0.435,0.55
-8.4485e-02,0.31,0.19
-8.4483e-02,0.355,0.505
-8.4482e-02,0.44,0.21
-8.4480e-02,0.385,0.49
-8.4478e-02,0.355,0.17
-8.4477e-02,0.38,0.525
-8.4475e-02,0.31,0.21
-8.4474e-02,0.335,0.485
-8.4472e-02,0.365,0.2
-8.4470e-02,0.41,0.495
-8.4469e-02,0.31,0.18
-8.4467e-02,0.405,0.515
-8.4466e-02,0.275,0.19
-8.4464e-02,0.405,0.51
-8.4462e-02,0.355,0.175
-8.4461e-02,0.36,0.52
-8.4459e-02,0.325,0.18
-8.4458e-02,0.36,0.515
-8.4456e-02,0.24,0.15
-8.4454e-02,0.365,0.55
-8.4453e-02,0.405,0.185
-8.4451e-02,0.34,0.51
-8.4450e-02,0.305,0.17
-8.4448e-02,0.35,0.515
-8.4446e-02,0.325,0.19
-8.4445e-02,0.415,0.5
-8.4443e-02,0.415,0.165
-8.4442e-02,0.29,0.525
-8.4440e-02,0.32,0.195
-8.4438e-02,0.25,0.485
-8.4437e-02,0.305,0.195
-8.4435e-02,0.31,0.495
-8.4434e-02,0.325,0.19
-8.4432e-02,0.31,0.495
-8.4430e-02,0.345,0.195
-8.4429e-02,0.32,0.485
-8.4427e-02,0.37,0.17
-8.4426e-02,0.29,0.515
-8.4424e-02,0.44,0.175
-8.4422e-02,0.315,0.505
-8.4421e-02,0.365,0.195
-8.4419e-02,0.32,0.49
-8.4418e-02,0.32,0.185
-8.4416e-02,0.28,0.495
-8.4414e-02,0.355,0.19
-8.4413e-02,0.23,0.49
-8.4411e-02,0.27,0.175
-8.4410e-02,0.355,0.51
-8.4408e-02,0.42,0.2
-8.4406e-02,0.38,0.485
-8.4405e-02,0.405,0.18
-8.4403e-02,0.315,0.495
-8.4402e-02,0.44,0.18
-8.4400e-02,0.405,0.5
-8.4398e-02,0.255,0.195
-8.4397e-02,0.335,0.49
-8.4395e-02,0.24,0.185
-8.4394e-02,0.31,0.505
-8.4392e-02,0.305,0.18
-8.4390e-02,0.295,0.51
-8.4389e-02,0.28,0.135
-8.4387e-02,0.385,0.555
-8.4386e-02,0.27,0.19
-8.4384e-02,0.33,0.49
-8.4382e-02,0.36,0.205
-8.4381e-02,0.35,0.48
-8.4379e-02,0.39,0.175
-8.4378e-02,0.32,0.515
-8.4376e-02,0.25,0.165
-8.4374e-02,0.265,0.51
-8.4373e-02,0.31,0.16
-8.4371e-02,0.325,0.53
-8.4370e-02,0.245,0.19
-8.4368e-02,0.335,0.5
-8.4366e-02,0.29,0.18
-8.4365e-02,0.395,0.515
-8.4363e-02,0.405,0.175
-8.4362e-02,0.395,0.51
-8.4360e-02,0.39,0.165
-8.4358e-02,0.37,0.53
-8.4357e-02,0.32,0.175
-8.4355e-02,0.305,0.515
-8.4354e-02,0.31,0.18
-8.4352e-02,0.315,0.505
-8.4350e-02,0.275,0.175
-8.4349e-02,0.36,0.505
-8.4347e-02,0.34,0.195
-8.4346e-02,0.345,0.5
-8.4344e-02,0.45,0.175
-8.4342e-02,0.335,0.51
-8.4341e-02,0.27,0.175
-8.4339e-02,0.29,0.525
-8.4338e-02,0.395,0.17
-8.4336e-02,0.36,0.53
-8.4334e-02,0.44,0.205
-8.4333e-02,0.365,0.495
-8.4331e-02,0.265,0.205
-8.4330e-02,0.265,0.49
-8.4328e-02,0.335,0.19
-8.4326e-02,0.255,0.505
-8.4325e-02,0.385,0.19
-8.4323e-02,0.31,0.51
-8.4322e-02,0.365,0.165
-8.4320e-02,0.26,0.545
-8.4318e-02,0.305,0.2
-8.4317e-02,0.365,0.505
-8.4315e-02,0.475,0.16
-8.4314e-02,0.425,0.535
-8.4312e-02,0.39,0.2
-8.4310e-02,0.33,0.49
-8.4309e-02,0.305,0.18
-8.4307e-02,0.34,0.52
-8.4306e-02,0.33,0.185
-8.4304e-02,0.265,0.52
-8.4302e-02,0.325,0.185
-8.4301e-02,0.295,0.515
-8.4299e-02,0.35,0.135
-8.4298e-02,0.365,0.56
-8.4296e-02,0.365,0.165
-8.4294e-02,0.325,0.535
-8.4293e-02,0.3,0.16
-8.4291e-02,0.285,0.535
-8.4290e-02,0.32,0.175
-8.4288e-02,0.265,0.51
-8.4286e-02,0.305,0.165
-8.4285e-02,0.28,0.525
-8.4283e-02,0.245,0.205
-8.4282e-02,0.28,0.49
-8.4280e-02,0.305,0.19
-8.4278e-02,0.465,0.51
-8.4277e-02,0.31,0.16
-8.4275e-02,0.35,0.535
-8.4274e-02,0.315,0.19
-8.4272e-02,0.37,0.51
-8.4270e-02,0.335,0.19
-8.4269e-02,0.35,0.505
-8.4267e-02,0.355,0.18
-8.4266e-02,0.315,0.51
-8.4264e-02,0.305,0.195
-8.4262e-02,0.255,0.495
-8.4261e-02,0.335,0.18
-8.4259e-02,0.235,0.51
-8.4258e-02,0.36,0.19
-8.4256e-02,0.29,0.505
-8.4254e-02,0.315,0.185
-8.4253e-02,0.295,0.5
-8.4251e-02,0.385,0.18
-8.4250e-02,0.395,0.505
-8.4248e-02,0.42,0.17
-8.4246e-02,0.345,0.52
-8.4245e-02,0.39,0.185
-8.4243e-02,0.32,0.505
-8.4242e-02,0.315,0.185
-8.4240e-02,0.275,0.505
-8.4238e-02,0.325,0.135
-8.4237e-02,0.31,0.55
-8.4235e-02,0.3,0.16
-8.4234e-02,0.425,0.525
-8.4232e-02,0.385,0.185
-8.4230e-02,0.4,0.505
-8.4229e-02,0.34,0.18
-8.4227e-02,0.405,0.505
-8.4226e-02,0.295,0.185
-8.4224e-02,0.39,0.5
-8.4222e-02,0.325,0.185
-8.4221e-02,0.435,0.5
-8.4219e-02,0.195,0.175
-8.4218e-02,0.28,0.515
-8.4216e-02,0.23,0.165
-8.4214e-02,0.29,0.525
-8.4213e-02,0.425,0.2
-8.4211e-02,0.405,0.485
-8.4210e-02,0.39,0.17
-8.4208e-02,0.365,0.515
-8.4206e-02,0.3,0.19
-8.4205e-02,0.455,0.49
-8.4203e-02,0.205,0.2
-8.4202e-02,0.37,0.49
-8.4200e-02,0.25,0.2
-8.4198e-02,0.31,0.485
-8.4197e-02,0.275,0.185
-8.4195e-02,0.355,0.5
-8.4194e-02,0.31,0.19
-8.4192e-02,0.34,0.495
-8.4190e-02,0.28,0.185
-8.4189e-02,0.295,0.5
-8.4187e-02,0.265,0.16
-8.4186e-02,0.435,0.53
-8.4184e-02,0.38,0.175
-8.4182e-02,0.39,0.51
-8.4181e-02,0.335,0.185
-8.4179e-02,0.405,0.505
-8.4178e-02,0.37,0.15
-8.4176e-02,0.36,0.535
-8.4174e-02,0.365,0.115
-8.4173e-02,0.23,0.575
-8.4171e-02,0.34,0.185
-8.4170e-02,0.3,0.505
-8.4168e-02,0.28,0.175
-8.4166e-02,0.285,0.52
-8.4165e-02,0.325,0.165
-8.4163e-02,0.3,0.525
-8.4162e-02,0.235,0.185
-8.4160e-02,0.23,0.505
-8.4158e-02,0.355,0.18
-8.4157e-02,0.29,0.51
-8.4155e-02,0.365,0.165
-8.4154e-02,0.325,0.525
-8.4152e-02,0.285,0.19
-8.4150e-02,0.265,0.5
-8.4149e-02,0.345,0.165
-8.4147e-02,0.315,0.53
-8.4146e-02,0.3,0.18
-8.4144e-02,0.28,0.515
-8.4142e-02,0.415,0.175
-8.4141e-02,0.37,0.515
-8.4139e-02,0.355,0.16
-8.4138e-02,0.35,0.525
-8.4136e-02,0.34,0.16
-8.4134e-02,0.235,0.53
-8.4133e-02,0.41,0.19
-8.4131e-02,0.35,0.5
-8.4130e-02,0.355,0.2
-8.4128e-02,0.445,0.49
-8.4126e-02,0.305,0.17
-8.4125e-02,0.315,0.525
-8.4123e-02,0.335,0.2
-8.4122e-02,0.535,0.495
-8.4120e-02,0.41,0.155
-8.4118e-02,0.445,0.54
-8.4117e-02,0.33,0.165
-8.4115e-02,0.415,0.53
-8.4114e-02,0.265,0.2
-8.4112e-02,0.31,0.5
-8.4110e-02,0.35,0.185
-8.4109e-02,0.28,0.51
-8.4107e-02,0.265,0.185
-8.4106e-02,0.365,0.505
-8.4104e-02,0.345,0.185
-8.4102e-02,0.375,0.515
-8.4101e-02,0.38,0.175
-8.4099e-02,0.45,0.525
-8.4098e-02,0.385,0.155
-8.4096e-02,0.325,0.545
-8.4094e-02,0.36,0.185
-8.4093e-02,0.35,0.51
-8.4091e-02,0.41,0.18
-8.4090e-02,0.31,0.51
-8.4088e-02,0.29,0.2
-8.4086e-02,0.28,0.495
-8.4085e-02,0.33,0.185
-8.4083e-02,0.39,0.505
-8.4082e-02,0.31,0.195
-8.4080e-02,0.34,0.5
-8.4078e-02,0.415,0.195
-8.4077e-02,0.31,0.5
-8.4075e-02,0.37,0.185
-8.4074e-02,0.32,0.515
-8.4072e-02,0.4,0.17
-8.4070e-02,0.315,0.525
-8.4069e-02,0.305,0.2
-8.4067e-02,0.27,0.495
-8.4066e-02,0.34,0.185
-8.4064e-02,0.355,0.515
-8.4062e-02,0.37,0.17
-8.4061e-02,0.305,0.52
-8.4059e-02,0.385,0.2
-8.4058e-02,0.27,0.495
-8.4056e-02,0.45,0.185
-8.4054e-02,0.405,0.51
-8.4053e-02,0.415,0.175
-8.4051e-02,0.325,0.52
-8.4050e-02,0.39,0.175
-8.4048e-02,0.315,0.52
-8.4046e-02,0.24,0.18
-8.4045e-02,0.31,0.51
-8.4043e-02,0.275,0.17
-8.4042e-02,0.31,0.52
-8.4040e-02,0.325,0.19
-8.4038e-02,0.34,0.505
-8.4037e-02,0.43,0.195
-8.4035e-02,0.49,0.5
-8.4034e-02,0.345,0.165
-8.4032e-02,0.365,0.52
-8.4030e-02,0.33,0.18
-8.4029e-02,0.35,0.51
-8.4027e-02,0.415,0.185
-8.4026e-02,0.355,0.51
-8.4024e-02,0.255,0.165
-8.4022e-02,0.275,0.53
-8.4021e-02,0.325,0.19
-8.4019e-02,0.31,0.505
-8.4018e-02,0.44,0.175
-8.4016e-02,0.325,0.51
-8.4014e-02,0.39,0.175
-8.4013e-02,0.355,0.51
-8.4011e-02,0.32,0.18
-8.4010e-02,0.285,0.51
-8.4008e-02,0.38,0.165
-8.4006e-02,0.35,0.52
-8.4005e-02,0.35,0.185
-8.4003e-02,0.34,0.5
-8.4002e-02,0.29,0.165
-8.4000e-02,0.32,0.525
-8.3998e-02,0.35,0.195
-8.3997e-02,0.28,0.5
-8.3995e-02,0.31,0.19
-8.3994e-02,0.295,0.49
-8.3992e-02,0.345,0.19
-8.3990e-02,0.465,0.5
-8.3989e-02,0.415,0.165
-8.3987e-02,0.37,0.52
-8.3986e-02,0.46,0.18
-8.3984e-02,0.31,0.515
-8.3982e-02,0.385,0.18
-8.3981e-02,0.34,0.515
-8.3979e-02,0.34,0.19
-8.3978e-02,0.28,0.505
-8.3976e-02,0.335,0.165
-8.3974e-02,0.3,0.525
-8.3973e-02,0.375,0.19
-8.3971e-02,0.42,0.5
-8.3970e-02,0.345,0.17
-8.3968e-02,0.335,0.52
-8.3966e-02,0.35,0.2
-8.3965e-02,0.295,0.495
-8.3963e-02,0.405,0.21
-8.3962e-02,0.36,0.485
-8.3960e-02,0.315,0.195
-8.3958e-02,0.295,0.5
-8.3957e-02,0.295,0.175
-8.3955e-02,0.285,0.52
-8.3954e-02,0.31,0.205
-8.3952e-02,0.295,0.49
-8.3950e-02,0.305,0.185
-8.3949e-02,0.255,0.51
-8.3947e-02,0.3,0.165
-8.3946e-02,0.3,0.53
-8.3944e-02,0.355,0.15
-8.3942e-02,0.35,0.545
-8.3941e-02,0.435,0.205
-8.3939e-02,0.39,0.495
-8.3938e-02,0.355,0.205
-8.3936e-02,0.355,0.49
-8.3934e-02,0.45,0.18
-8.3933e-02,0.325,0.525
-8.3931e-02,0.315,0.2
-8.3930e-02,0.275,0.505
-8.3928e-02,0.31,0.185
-8.3926e-02,0.37,0.51
-8.3925e-02,0.395,0.175
-8.3923e-02,0.395,0.525
-8.3922e-02,0.34,0.17
-8.3920e-02,0.35,0.525
-8.3918e-02,0.315,0.205
-8.3917e-02,0.335,0.495
-8.3915e-02,0.31,0.19
-8.3914e-02,0.37,0.51
-8.3912e-02,0.335,0.2
-8.3910e-02,0.325,0.49
-8.3909e-02,0.285,0.18
-8.3907e-02,0.39,0.51
-8.3906e-02,0.32,0.18
-8.3904e-02,0.46,0.515
-8.3902e-02,0.33,0.18
-8.3901e-02,0.43,0.505
-8.3899e-02,0.37,0.2
-8.3898e-02,0.395,0.5
-8.3896e-02,0.37,0.165
-8.3894e-02,0.265,0.53
-8.3893e-02,0.28,0.2
-8.3891e-02,0.305,0.49
-8.3890e-02,0.265,0.175
-8.3888e-02,0.335,0.515
-8.3886e-02,0.31,0.19
-8.3885e-02,0.365,0.5
-8.3883e-02,0.35,0.205
-8.3882e-02,0.41,0.49
-8.3880e-02,0.34,0.17
-8.3878e-02,0.49,0.52
-8.3877e-02,0.405,0.17
-8.3875e-02,0.42,0.515
-8.3874e-02,0.325,0.16
-8.3872e-02,0.305,0.515
-8.3870e-02,0.39,0.145
-8.3869e-02,0.375,0.53
-8.3867e-02,0.315,0.18
-8.3866e-02,0.355,0.51
-8.3864e-02,0.245,0.17
-8.3862e-02,0.405,0.51
-8.3861e-02,0.36,0.19
-8.3859e-02,0.34,0.495
-8.3858e-02,0.375,0.165
-8.3856e-02,0.305,0.525
-8.3854e-02,0.28,0.2
-8.3853e-02,0.29,0.49
-8.3851e-02,0.305,0.19
-8.3850e-02,0.235,0.5
-8.3848e-02,0.335,0.14
-8.3846e-02,0.23,0.55
-8.3845e-02,0.215,0.145
-8.3843e-02,0.235,0.54
-8.3842e-02,0.275,0.19
-8.3840e-02,0.315,0.5
-8.3838e-02,0.365,0.19
-8.3837e-02,0.29,0.5
-8.3835e-02,0.37,0.185
-8.3834e-02,0.33,0.5
-8.3832e-02,0.365,0.13
-8.3830e-02,0.295,0.55
-8.3829e-02,0.325,0.175
-8.3827e-02,0.215,0.51
-8.3826e-02,0.31,0.165
-8.3824e-02,0.29,0.525
-8.3822e-02,0.375,0.17
-8.3821e-02,0.325,0.525
-8.3819e-02,0.445,0.185
-8.3818e-02,0.305,0.505
-8.3816e-02,0.38,0.165
-8.3814e-02,0.345,0.525
-8.3813e-02,0.455,0.195
-8.3811e-02,0.425,0.495
-8.3810e-02,0.38,0.2
-8.3808e-02,0.33,0.485
-8.3806e-02,0.355,0.195
-8.3805e-02,0.32,0.495
-8.3803e-02,0.285,0.185
-8.3802e-02,0.28,0.51
-8.3800e-02,0.265,0.21
-8.3798e-02,0.33,0.48
-8.3797e-02,0.39,0.21
-8.3795e-02,0.385,0.485
-8.3794e-02,0.36,0.185
-8.3792e-02,0.355,0.51
-8.3790e-02,0.365,0.185
-8.3789e-02,0.355,0.5
-8.3787e-02,0.33,0.195
-8.3786e-02,0.36,0.495
-8.3784e-02,0.26,0.2
-8.3782e-02,0.375,0.49
-8.3781e-02,0.23,0.2
-8.3779e-02,0.425,0.495
-8.3778e-02,0.325,0.19
-8.3776e-02,0.43,0.505
-8.3774e-02,0.345,0.18
-8.3773e-02,0.405,0.51
-8.3771e-02,0.3,0.125
-8.3770e-02,0.465,0.57
-8.3768e-02,0.33,0.195
-8.3766e-02,0.3,0.5
-8.3765e-02,0.3,0.19
-8.3763e-02,0.33,0.505
-8.3762e-02,0.36,0.175
-8.3760e-02,0.355,0.53
-8.3758e-02,0.27,0.165
-8.3757e-02,0.33,0.53
-8.3755e-02,0.4,0.16
-8.3754e-02,0.405,0.53
-8.3752e-02,0.4,0.195
-8.3750e-02,0.43,0.5
-8.3749e-02,0.395,0.205
-8.3747e-02,0.375,0.495
-8.3746e-02,0.495,0.19
-8.3744e-02,0.385,0.5
-8.3742e-02,0.41,0.19
-8.3741e-02,0.365,0.515
-8.3739e-02,0.34,0.195
-8.3738e-02,0.385,0.495
-8.3736e-02,0.305,0.185
-8.3734e-02,0.35,0.505
-8.3733e-02,0.325,0.18
-8.3731e-02,0.265,0.51
-8.3730e-02,0.305,0.19
-8.3728e-02,0.33,0.49
-8.3726e-02,0.375,0.135
-8.3725e-02,0.4,0.55
-8.3723e-02,0.37,0.18
-8.3722e-02,0.32,0.51
-8.3720e-02,0.415,0.14
-8.3718e-02,0.38,0.545
-8.3717e-02,0.37,0.18
-8.3715e-02,0.345,0.505
-8.3714e-02,0.225,0.18
-8.3712e-02,0.37,0.505
-8.3710e-02,0.25,0.195
-8.3709e-02,0.38,0.495
-8.3707e-02,0.27,0.17
-8.3706e-02,0.385,0.51
-8.3704e-02,0.33,0.15
-8.3702e-02,0.415,0.53
-8.3701e-02,0.34,0.195
-8.3699e-02,0.38,0.49
-8.3698e-02,0.34,0.19
-8.3696e-02,0.375,0.495
-8.3694e-02,0.4,0.195
-8.3693e-02,0.34,0.495
-8.3691e-02,0.345,0.17
-8.3690e-02,0.355,0.52
-8.3688e-02,0.29,0.19
-8.3686e-02,0.3,0.49
-8.3685e-02,0.305,0.19
-8.3683e-02,0.345,0.5
-8.3682e-02,0.425,0.19
-8.3680e-02,0.36,0.5
-8.3678e-02,0.305,0.19
-8.3677e-02,0.375,0.505
-8.3675e-02,0.29,0.19
-8.3674e-02,0.455,0.51
-8.3672e-02,0.38,0.18
-8.3670e-02,0.33,0.505
-8.3669e-02,0.345,0.195
-8.3667e-02,0.405,0.505
-8.3666e-02,0.305,0.185
-8.3664e-02,0.39,0.505
-8.3662e-02,0.34,0.175
-8.3661e-02,0.36,0.52
-8.3659e-02,0.315,0.185
-8.3658e-02,0.35,0.51
-8.3656e-02,0.36,0.2
-8.3654e-02,0.35,0.495
-8.3653e-02,0.405,0.205
-8.3651e-02,0.315,0.49
-8.3650e-02,0.36,0.195
-8.3648e-02,0.34,0.5
-8.3646e-02,0.42,0.195
-8.3645e-02,0.4,0.505
-8.3643e-02,0.415,0.175
-8.3642e-02,0.325,0.515
-8.3640e-02,0.37,0.19
-8.3638e-02,0.415,0.505
-8.3637e-02,0.4,0.19
-8.3635e-02,0.445,0.51
-8.3634e-02,0.4,0.16
-8.3632e-02,0.38,0.53
-8.3630e-02,0.385,0.205
-8.3629e-02,0.315,0.5
-8.3627e-02,0.35,0.165
-8.3626e-02,0.35,0.52
-8.3624e-02,0.33,0.195
-8.3622e-02,0.24,0.505
-8.3621e-02,0.305,0.16
-8.3619e-02,0.255,0.535
-8.3618e-02,0.415,0.175
-8.3616e-02,0.345,0.52
-8.3614e-02,0.395,0.195
-8.3613e-02,0.345,0.5
-8.3611e-02,0.395,0.185
-8.3610e-02,0.395,0.51
-8.3608e-02,0.39,0.15
-8.3606e-02,0.295,0.535
-8.3605e-02,0.28,0.195
-8.3603e-02,0.365,0.5
-8.3602e-02,0.295,0.165
-8.3600e-02,0.45,0.52
-8.3598e-02,0.34,0.195
-8.3597e-02,0.385,0.495
-8.3595e-02,0.33,0.205
-8.3594e-02,0.415,0.49
-8.3592e-02,0.295,0.19
-8.3590e-02,0.355,0.505
-8.3589e-02,0.37,0.16
-8.3587e-02,0.34,0.53
-8.3586e-02,0.205,0.185
-8.3584e-02,0.31,0.505
-8.3582e-02,0.165,0.205
-8.3581e-02,0.41,0.485
-8.3579e-02,0.385,0.165
-8.3578e-02,0.37,0.525
-8.3576e-02,0.385,0.18
-8.3574e-02,0.43,0.5
-8.3573e-02,0.395,0.19
-8.3571e-02,0.47,0.5
-8.3570e-02,0.4,0.16
-8.3568e-02,0.365,0.53
-8.3566e-02,0.355,0.2
-8.3565e-02,0.36,0.49
-8.3563e-02,0.27,0.185
-8.3562e-02,0.38,0.5
-8.3560e-02,0.335,0.195
-8.3558e-02,0.35,0.5
-8.3557e-02,0.355,0.165
-8.3555e-02,0.33,0.515
-8.3554e-02,0.385,0.19
-8.3552e-02,0.435,0.5
-8.3550e-02,0.44,0.18
-8.3549e-02,0.355,0.51
-8.3547e-02,0.35,0.14
-8.3546e-02,0.36,0.55
-8.3544e-02,0.37,0.205
-8.3542e-02,0.385,0.49
-8.3541e-02,0.3,0.2
-8.3539e-02,0.305,0.49
-8.3538e-02,0.295,0.185
-8.3536e-02,0.325,0.505
-8.3534e-02,0.335,0.14
-8.3533e-02,0.345,0.54
-8.3531e-02,0.39,0.205
-8.3530e-02,0.36,0.49
-8.3528e-02,0.365,0.205
-8.3526e-02,0.33,0.485
-8.3525e-02,0.365,0.18
-8.3523e-02,0.39,0.515
-8.3522e-02,0.33,0.205
-8.3520e-02,0.31,0.48
-8.3518e-02,0.255,0.195
-8.3517e-02,0.28,0.49
-8.3515e-02,0.365,0.21
-8.3514e-02,0.335,0.49
-8.3512e-02,0.335,0.205
-8.3510e-02,0.39,0.485
-8.3509e-02,0.395,0.195
-8.3507e-02,0.395,0.5
-8.3506e-02,0.39,0.195
-8.3504e-02,0.31,0.495
-8.3502e-02,0.375,0.21
-8.3501e-02,0.295,0.485
-8.3499e-02,0.39,0.19
-8.3498e-02,0.255,0.5
-8.3496e-02,0.405,0.185
-8.3494e-02,0.295,0.5
-8.3493e-02,0.4,0.19
-8.3491e-02,0.33,0.505
-8.3490e-02,0.405,0.195
-8.3488e-02,0.415,0.49
-8.3486e-02,0.39,0.175
-8.3485e-02,0.315,0.515
-8.3483e-02,0.28,0.205
-8.3482e-02,0.25,0.485
-8.3480e-02,0.295,0.18
-8.3478e-02,0.305,0.505
-8.3477e-02,0.295,0.19
-8.3475e-02,0.23,0.505
-8.3474e-02,0.285,0.19
-8.3472e-02,0.32,0.5
-8.3470e-02,0.335,0.21
-8.3469e-02,0.355,0.485
-8.3467e-02,0.39,0.18
-8.3466e-02,0.35,0.515
-8.3464e-02,0.39,0.18
-8.3462e-02,0.36,0.505
-8.3461e-02,0.38,0.21
-8.3459e-02,0.315,0.48
-8.3458e-02,0.395,0.215
-8.3456e-02,0.265,0.475
-8.3454e-02,0.33,0.2
-8.3453e-02,0.295,0.49
-8.3451e-02,0.4,0.2
-8.3450e-02,0.375,0.495
-8.3448e-02,0.345,0.2
-8.3446e-02,0.395,0.495
-8.3445e-02,0.36,0.16
-8.3443e-02,0.44,0.525
-8.3442e-02,0.41,0.17
-8.3440e-02,0.365,0.515
-8.3438e-02,0.305,0.175
-8.3437e-02,0.35,0.52
-8.3435e-02,0.245,0.185
-8.3434e-02,0.305,0.505
-8.3432e-02,0.315,0.2
-8.3430e-02,0.295,0.49
-8.3429e-02,0.365,0.185
-8.3427e-02,0.315,0.505
-8.3426e-02,0.375,0.17
-8.3424e-02,0.39,0.505
-8.3422e-02,0.37,0.185
-8.3421e-02,0.435,0.495
-8.3419e-02,0.29,0.2
-8.3418e-02,0.34,0.485
-8.3416e-02,0.28,0.185
-8.3414e-02,0.37,0.5
-8.3413e-02,0.36,0.18
-8.3411e-02,0.315,0.505
-8.3410e-02,0.32,0.17
-8.3408e-02,0.39,0.515
-8.3406e-02,0.305,0.14
-8.3405e-02,0.405,0.55
-8.3403e-02,0.36,0.15
-8.3402e-02,0.345,0.54
-8.3400e-02,0.38,0.18
-8.3398e-02,0.28,0.5
-8.3397e-02,0.34,0.18
-8.3395e-02,0.34,0.505
-8.3394e-02,0.305,0.18
-8.3392e-02,0.34,0.5
-8.3390e-02,0.245,0.18
-8.3389e-02,0.285,0.505
-8.3387e-02,0.395,0.2
-8.3386e-02,0.39,0.485
-8.3384e-02,0.4,0.19
-8.3382e-02,0.36,0.495
-8.3381e-02,0.355,0.205
-8.3379e-02,0.395,0.485
-8.3378e-02,0.42,0.18
-8.3376e-02,0.3,0.505
-8.3374e-02,0.365,0.175
-8.3373e-02,0.27,0.51
-8.3371e-02,0.32,0.18
-8.3370e-02,0.285,0.505
-8.3368e-02,0.28,0.2
-8.3366e-02,0.34,0.485
-8.3365e-02,0.375,0.205
-8.3363e-02,0.37,0.485
-8.3362e-02,0.33,0.19
-8.3360e-02,0.385,0.5
-8.3358e-02,0.41,0.205
-8.3357e-02,0.355,0.485
-8.3355e-02,0.415,0.195
-8.3354e-02,0.265,0.495
-8.3352e-02,0.315,0.195
-8.3350e-02,0.42,0.49
-8.3349e-02,0.295,0.17
-8.3347e-02,0.265,0.52
-8.3346e-02,0.28,0.2
-8.3344e-02,0.28,0.49
-8.3342e-02,0.4,0.185
-8.3341e-02,0.43,0.505
-8.3339e-02,0.415,0.18
-8.3338e-02,0.395,0.51
-8.3336e-02,0.395,0.2
-8.3334e-02,0.345,0.485
-8.3333e-02,0.275,0.19
-8.3331e-02,0.325,0.51
-8.3330e-02,0.29,0.16
-8.3328e-02,0.255,0.535
-8.3326e-02,0.325,0.195
-8.3325e-02,0.325,0.495
-8.3323e-02,0.39,0.2
-8.3322e-02,0.45,0.485
-8.3320e-02,0.365,0.205
-8.3318e-02,0.395,0.48
-8.3317e-02,0.37,0.21
-8.3315e-02,0.375,0.475
-8.3314e-02,0.42,0.185
-8.3312e-02,0.31,0.505
-8.3310e-02,0.31,0.195
-8.3309e-02,0.36,0.495
-8.3307e-02,0.31,0.155
-8.3306e-02,0.37,0.525
-8.3304e-02,0.32,0.2
-8.3302e-02,0.28,0.49
-8.3301e-02,0.345,0.2
-8.3299e-02,0.35,0.495
-8.3298e-02,0.33,0.21
-8.3296e-02,0.39,0.485
-8.3294e-02,0.325,0.185
-8.3293e-02,0.4,0.505
-8.3291e-02,0.35,0.195
-8.3290e-02,0.4,0.485
-8.3288e-02,0.38,0.19
-8.3286e-02,0.345,0.49
-8.3285e-02,0.37,0.18
-8.3283e-02,0.335,0.505
-8.3282e-02,0.41,0.2
-8.3280e-02,0.37,0.485
-8.3278e-02,0.38,0.2
-8.3277e-02,0.28,0.485
-8.3275e-02,0.35,0.18
-8.3274e-02,0.315,0.505
-8.3272e-02,0.42,0.18
-8.3270e-02,0.37,0.5
-8.3269e-02,0.3,0.185
-8.3267e-02,0.36,0.495
-8.3266e-02,0.255,0.2
-8.3264e-02,0.335,0.49
-8.3262e-02,0.325,0.185
-8.3261e-02,0.29,0.495
-8.3259e-02,0.33,0.205
-8.3258e-02,0.315,0.475
-8.3256e-02,0.38,0.19
-8.3254e-02,0.315,0.5
-8.3253e-02,0.295,0.205
-8.3251e-02,0.31,0.475
-8.3250e-02,0.3,0.19
-8.3248e-02,0.36,0.495
-8.3246e-02,0.38,0.19
-8.3245e-02,0.4,0.5
-8.3243e-02,0.36,0.2
-8.3242e-02,0.335,0.48
-8.3240e-02,0.34,0.21
-8.3238e-02,0.375,0.485
-8.3237e-02,0.41,0.185
-8.3235e-02,0.355,0.5
-8.3234e-02,0.375,0.185
-8.3232e-02,0.315,0.495
-8.3230e-02,0.395,0.205
-8.3229e-02,0.325,0.48
-8.3227e-02,0.28,0.18
-8.3226e-02,0.22,0.5
-8.3224e-02,0.32,0.185
-8.3222e-02,0.28,0.495
-8.3221e-02,0.405,0.18
-8.3219e-02,0.265,0.5
-8.3218e-02,0.345,0.17
-8.3216e-02,0.29,0.52
-8.3214e-02,0.42,0.16
-8.3213e-02,0.4,0.515
-8.3211e-02,0.435,0.205
-8.3210e-02,0.39,0.485
-8.3208e-02,0.395,0.205
-8.3206e-02,0.3,0.49
-8.3205e-02,0.37,0.195
-8.3203e-02,0.295,0.49
-8.3202e-02,0.295,0.205
-8.3200e-02,0.355,0.48
-8.3198e-02,0.28,0.185
-8.3197e-02,0.31,0.505
-8.3195e-02,0.445,0.18
-8.3194e-02,0.415,0.505
-8.3192e-02,0.43,0.18
-8.3190e-02,0.315,0.505
-8.3189e-02,0.335,0.195
-8.3187e-02,0.3,0.485
-8.3186e-02,0.38,0.195
-8.3184e-02,0.31,0.485
-8.3182e-02,0.3,0.2
-8.3181e-02,0.315,0.485
-8.3179e-02,0.305,0.21
-8.3178e-02,0.305,0.475
-8.3176e-02,0.3,0.17
-8.3174e-02,0.245,0.51
-8.3173e-02,0.295,0.21
-8.3171e-02,0.29,0.48
-8.3170e-02,0.335,0.185
-8.3168e-02,0.325,0.5
-8.3166e-02,0.405,0.2
-8.3165e-02,0.335,0.485
-8.3163e-02,0.425,0.2
-8.3162e-02,0.315,0.48
-8.3160e-02,0.44,0.21
-8.3158e-02,0.415,0.48
-8.3157e-02,0.41,0.195
-8.3155e-02,0.345,0.49
-8.3154e-02,0.345,0.2
-8.3152e-02,0.32,0.49
-8.3150e-02,0.455,0.2
-8.3149e-02,0.36,0.485
-8.3147e-02,0.415,0.19
-8.3146e-02,0.31,0.5
-8.3144e-02,0.35,0.185
-8.3142e-02,0.38,0.495
-8.3141e-02,0.31,0.17
-8.3139e-02,0.335,0.52
-8.3138e-02,0.395,0.205
-8.3136e-02,0.315,0.48
-8.3134e-02,0.43,0.16
-8.3133e-02,0.335,0.52
-8.3131e-02,0.38,0.195
-8.3130e-02,0.35,0.485
-8.3128e-02,0.305,0.195
-8.3126e-02,0.34,0.485
-8.3125e-02,0.305,0.19
-8.3123e-02,0.405,0.5
-8.3122e-02,0.345,0.185
-8.3120e-02,0.295,0.5
-8.3118e-02,0.305,0.195
-8.3117e-02,0.285,0.495
-8.3115e-02,0.36,0.17
-8.3114e-02,0.405,0.515
-8.3112e-02,0.41,0.21
-8.3110e-02,0.34,0.475
-8.3109e-02,0.395,0.175
-8.3107e-02,0.34,0.505
-8.3106e-02,0.385,0.195
-8.3104e-02,0.305,0.485
-8.3102e-02,0.35,0.165
-8.3101e-02,0.305,0.515
-8.3099e-02,0.385,0.2
-8.3098e-02,0.315,0.48
-8.3096e-02,0.43,0.205
-8.3094e-02,0.315,0.48
-8.3093e-02,0.385,0.19
-8.3091e-02,0.25,0.5
-8.3090e-02,0.33,0.2
-8.3088e-02,0.33,0.48
-8.3086e-02,0.405,0.19
-8.3085e-02,0.35,0.49
-8.3083e-02,0.38,0.18
-8.3082e-02,0.31,0.51
-8.3080e-02,0.37,0.215
-8.3078e-02,0.325,0.47
-8.3077e-02,0.335,0.19
-8.3075e-02,0.29,0.495
-8.3074e-02,0.35,0.2
-8.3072e-02,0.3,0.48
-8.3070e-02,0.335,0.215
-8.3069e-02,0.34,0.47
-8.3067e-02,0.345,0.185
-8.3066e-02,0.385,0.5
-8.3064e-02,0.38,0.19
-8.3062e-02,0.28,0.49
-8.3061e-02,0.305,0.205
-8.3059e-02,0.255,0.485
-8.3058e-02,0.37,0.19
-8.3056e-02,0.27,0.495
-8.3054e-02,0.375,0.205
-8.3053e-02,0.32,0.48
-8.3051e-02,0.39,0.19
-8.3050e-02,0.44,0.495
-8.3048e-02,0.4,0.2
-8.3046e-02,0.37,0.48
-8.3045e-02,0.375,0.2
-8.3043e-02,0.32,0.49
-8.3042e-02,0.355,0.205
-8.3040e-02,0.305,0.48
-8.3038e-02,0.37,0.195
-8.3037e-02,0.35,0.49
-8.3035e-02,0.345,0.2
-8.3034e-02,0.325,0.475
-8.3032e-02,0.33,0.175
-8.3030e-02,0.325,0.51
-8.3029e-02,0.355,0.21
-8.3027e-02,0.26,0.475
-8.3026e-02,0.255,0.195
-8.3024e-02,0.28,0.49
-8.3022e-02,0.26,0.205
-8.3021e-02,0.295,0.48
-8.3019e-02,0.25,0.195
-8.3018e-02,0.285,0.48
-8.3016e-02,0.275,0.19
-8.3014e-02,0.275,0.485
-8.3013e-02,0.355,0.2
-8.3011e-02,0.335,0.48
-8.3010e-02,0.43,0.2
-8.3008e-02,0.405,0.485
-8.3006e-02,0.425,0.21
-8.3005e-02,0.335,0.475
-8.3003e-02,0.405,0.16
-8.3002e-02,0.385,0.52
-8.3000e-02,0.335,0.19
-8.2998e-02,0.3,0.495
-8.2997e-02,0.245,0.19
-8.2995e-02,0.305,0.485
-8.2994e-02,0.26,0.195
-8.2992e-02,0.38,0.49
-8.2990e-02,0.265,0.175
-8.2989e-02,0.33,0.495
-8.2987e-02,0.32,0.17
-8.2986e-02,0.29,0.515
-8.2984e-02,0.315,0.19
-8.2982e-02,0.38,0.49
-8.2981e-02,0.34,0.205
-8.2979e-02,0.315,0.465
-8.2978e-02,0.295,0.19
-8.2976e-02,0.205,0.495
-8.2974e-02,0.29,0.19
-8.2973e-02,0.32,0.49
-8.2971e-02,0.37,0.19
-8.2970e-02,0.32,0.495
-8.2968e-02,0.39,0.17
-8.2966e-02,0.285,0.51
-8.2965e-02,0.42,0.185
-8.2963e-02,0.335,0.495
-8.2962e-02,0.43,0.19
-8.2960e-02,0.39,0.49
-8.2958e-02,0.395,0.175
-8.2957e-02,0.245,0.51
-8.2955e-02,0.265,0.18
-8.2954e-02,0.255,0.505
-8.2952e-02,0.35,0.195
-8.2950e-02,0.3,0.49
-8.2949e-02,0.395,0.195
-8.2947e-02,0.315,0.48
-8.2946e-02,0.4,0.205
-8.2944e-02,0.335,0.48
-8.2942e-02,0.38,0.195
-8.2941e-02,0.325,0.49
-8.2939e-02,0.395,0.185
-8.2938e-02,0.345,0.495
-8.2936e-02,0.34,0.2
-8.2934e-02,0.285,0.485
-8.2933e-02,0.325,0.195
-8.2931e-02,0.33,0.49
-8.2930e-02,0.31,0.19
-8.2928e-02,0.39,0.495
-8.2926e-02,0.36,0.18
-8.2925e-02,0.44,0.515
-8.2923e-02,0.4,0.165
-8.2922e-02,0.34,0.51
-8.2920e-02,0.285,0.19
-8.2918e-02,0.285,0.5
-8.2917e-02,0.265,0.2
-8.2915e-02,0.32,0.49
-8.2914e-02,0.255,0.18
-8.2912e-02,0.42,0.505
-8.2910e-02,0.275,0.185
-8.2909e-02,0.43,0.505
-8.2907e-02,0.33,0.195
-8.2906e-02,0.435,0.49
-8.2904e-02,0.445,0.19
-8.2902e-02,0.425,0.5
-8.2901e-02,0.415,0.185
-8.2899e-02,0.325,0.5
-8.2898e-02,0.335,0.175
-8.2896e-02,0.365,0.51
-8.2894e-02,0.38,0.185
-8.2893e-02,0.325,0.495
-8.2891e-02,0.32,0.18
-8.2890e-02,0.32,0.495
-8.2888e-02,0.27,0.205
-8.2886e-02,0.41,0.475
-8.2885e-02,0.3,0.195
-8.2883e-02,0.4,0.485
-8.2882e-02,0.355,0.205
-8.2880e-02,0.36,0.47
-8.2878e-02,0.365,0.2
-8.2877e-02,0.375,0.485
-8.2875e-02,0.405,0.205
-8.2874e-02,0.33,0.465
-8.2872e-02,0.335,0.175
-8.2870e-02,0.245,0.505
-8.2869e-02,0.405,0.19
-8.2867e-02,0.355,0.485
-8.2866e-02,0.37,0.19
-8.2864e-02,0.34,0.485
-8.2862e-02,0.29,0.205
-8.2861e-02,0.335,0.47
-8.2859e-02,0.305,0.21
-8.2858e-02,0.3,0.46
-8.2856e-02,0.31,0.195
-8.2854e-02,0.345,0.48
-8.2853e-02,0.365,0.21
-8.2851e-02,0.35,0.465
-8.2850e-02,0.33,0.135
-8.2848e-02,0.335,0.53
-8.2846e-02,0.29,0.205
-8.2845e-02,0.385,0.47
-8.2843e-02,0.26,0.2
-8.2842e-02,0.415,0.475
-8.2840e-02,0.33,0.195
-8.2838e-02,0.445,0.48
-8.2837e-02,0.275,0.185
-8.2835e-02,0.365,0.485
-8.2834e-02,0.31,0.185
-8.2832e-02,0.38,0.49
-8.2830e-02,0.33,0.18
-8.2829e-02,0.315,0.49
-8.2827e-02,0.23,0.195
-8.2826e-02,0.355,0.475
-8.2824e-02,0.295,0.195
-8.2822e-02,0.41,0.48
-8.2821e-02,0.335,0.2
-8.2819e-02,0.375,0.48
-8.2818e-02,0.24,0.175
-8.2816e-02,0.27,0.5
-8.2814e-02,0.25,0.15
-8.2813e-02,0.305,0.525
-8.2811e-02,0.355,0.175
-8.2810e-02,0.315,0.495
-8.2808e-02,0.33,0.195
-8.2806e-02,0.28,0.47
-8.2805e-02,0.37,0.18
-8.2803e-02,0.335,0.5
-8.2802e-02,0.35,0.205
-8.2800e-02,0.355,0.47
-8.2798e-02,0.36,0.185
-8.2797e-02,0.335,0.495
-8.2795e-02,0.36,0.2
-8.2794e-02,0.28,0.47
-8.2792e-02,0.29,0.185
-8.2790e-02,0.255,0.495
-8.2789e-02,0.34,0.195
-8.2787e-02,0.26,0.49
-8.2786e-02,0.405,0.2
-8.2784e-02,0.36,0.475
-8.2782e-02,0.42,0.21
-8.2781e-02,0.3,0.465
-8.2779e-02,0.38,0.185
-8.2778e-02,0.315,0.5
-8.2776e-02,0.365,0.18
-8.2774e-02,0.405,0.5
-8.2773e-02,0.25,0.175
-8.2771e-02,0.305,0.5
-8.2770e-02,0.28,0.19
-8.2768e-02,0.345,0.49
-8.2766e-02,0.315,0.195
-8.2765e-02,0.34,0.485
-8.2763e-02,0.325,0.155
-8.2762e-02,0.33,0.525
-8.2760e-02,0.35,0.19
-8.2758e-02,0.37,0.485
-8.2757e-02,0.37,0.195
-8.2755e-02,0.37,0.49
-8.2754e-02,0.3,0.205
-8.2752e-02,0.31,0.475
-8.2750e-02,0.245,0.19
-8.2749e-02,0.32,0.485
-8.2747e-02,0.33,0.195
-8.2746e-02,0.36,0.485
-8.2744e-02,0.31,0.19
-8.2742e-02,0.365,0.5
-8.2741e-02,0.29,0.215
-8.2739e-02,0.34,0.47
-8.2738e-02,0.31,0.195
-8.2736e-02,0.32,0.49
-8.2734e-02,0.345,0.21
-8.2733e-02,0.345,0.475
-8.2731e-02,0.31,0.175
-8.2730e-02,0.29,0.5
-8.2728e-02,0.365,0.195
-8.2726e-02,0.36,0.49
-8.2725e-02,0.39,0.21
-8.2723e-02,0.285,0.465
-8.2722e-02,0.395,0.17
-8.2720e-02,0.325,0.51
-8.2718e-02,0.46,0.19
-8.2717e-02,0.36,0.495
-8.2715e-02,0.34,0.2
-8.2714e-02,0.28,0.48
-8.2712e-02,0.25,0.165
-8.2710e-02,0.275,0.515
-8.2709e-02,0.3,0.165
-8.2707e-02,0.415,0.52
-8.2706e-02,0.37,0.165
-8.2704e-02,0.375,0.51
-8.2702e-02,0.305,0.17
-8.2701e-02,0.29,0.51
-8.2699e-02,0.345,0.195
-8.2698e-02,0.305,0.48
-8.2696e-02,0.375,0.18
-8.2694e-02,0.31,0.495
-8.2693e-02,0.4,0.205
-8.2691e-02,0.305,0.48
-8.2690e-02,0.445,0.195
-8.2688e-02,0.32,0.475
-8.2686e-02,0.425,0.205
-8.2685e-02,0.3,0.465
-8.2683e-02,0.345,0.195
-8.2682e-02,0.28,0.48
-8.2680e-02,0.355,0.2
-8.2678e-02,0.33,0.475
-8.2677e-02,0.4,0.19
-8.2675e-02,0.345,0.485
-8.2674e-02,0.28,0.175
-8.2672e-02,0.33,0.49
-8.2670e-02,0.32,0.175
-8.2669e-02,0.28,0.5
-8.2667e-02,0.285,0.185
-8.2666e-02,0.23,0.48
-8.2664e-02,0.285,0.195
-8.2662e-02,0.335,0.48
-8.2661e-02,0.345,0.195
-8.2659e-02,0.335,0.48
-8.2658e-02,0.345,0.21
-8.2656e-02,0.265,0.465
-8.2654e-02,0.31,0.185
-8.2653e-02,0.25,0.48
-8.2651e-02,0.385,0.17
-8.2650e-02,0.31,0.495
-8.2648e-02,0.385,0.19
-8.2646e-02,0.285,0.49
-8.2645e-02,0.295,0.195
-8.2643e-02,0.31,0.48
-8.2642e-02,0.34,0.185
-8.2640e-02,0.33,0.48
-8.2638e-02,0.315,0.195
-8.2637e-02,0.405,0.475
-8.2635e-02,0.39,0.175
-8.2634e-02,0.4,0.495
-8.2632e-02,0.315,0.195
-8.2630e-02,0.32,0.485
-8.2629e-02,0.29,0.185
-8.2627e-02,0.365,0.49
-8.2626e-02,0.38,0.185
-8.2624e-02,0.36,0.49
-8.2622e-02,0.41,0.205
-8.2621e-02,0.295,0.47
-8.2619e-02,0.265,0.195
-8.2618e-02,0.3,0.48
-8.2616e-02,0.31,0.2
-8.2614e-02,0.415,0.47
-8.2613e-02,0.37,0.185
-8.2611e-02,0.375,0.49
-8.2610e-02,0.275,0.19
-8.2608e-02,0.43,0.48
-8.2606e-02,0.3,0.19
-8.2605e-02,0.4,0.48
-8.2603e-02,0.28,0.145
-8.2602e-02,0.385,0.53
-8.2600e-02,0.3,0.185
-8.2598e-02,0.445,0.49
-8.2597e-02,0.27,0.17
-8.2595e-02,0.395,0.505
-8.2594e-02,0.295,0.19
-8.2592e-02,0.295,0.48
-8.2590e-02,0.255,0.185
-8.2589e-02,0.315,0.49
-8.2587e-02,0.285,0.175
-8.2586e-02,0.355,0.495
-8.2584e-02,0.19,0.165
-8.2582e-02,0.31,0.51
-8.2581e-02,0.205,0.19
-8.2579e-02,0.35,0.48
-8.2578e-02,0.325,0.2
-8.2576e-02,0.415,0.47
-8.2574e-02,0.32,0.19
-8.2573e-02,0.395,0.475
-8.2571e-02,0.355,0.205
-8.2570e-02,0.385,0.47
-8.2568e-02,0.35,0.18
-8.2566e-02,0.29,0.49
-8.2565e-02,0.37,0.2
-8.2563e-02,0.28,0.475
-8.2562e-02,0.29,0.205
-8.2560e-02,0.305,0.47
-8.2558e-02,0.28,0.2
-8.2557e-02,0.36,0.47
-8.2555e-02,0.27,0.175
-8.2554e-02,0.345,0.49
-8.2552e-02,0.32,0.175
-8.2550e-02,0.335,0.495
-8.2549e-02,0.28,0.2
-8.2547e-02,0.35,0.465
-8.2546e-02,0.325,0.19
-8.2544e-02,0.385,0.48
-8.2542e-02,0.35,0.17
-8.2541e-02,0.345,0.5
-8.2539e-02,0.255,0.195
-8.2538e-02,0.315,0.48
-8.2536e-02,0.31,0.195
-8.2534e-02,0.365,0.47
-8.2533e-02,0.375,0.185
-8.2531e-02,0.37,0.48
-8.2530e-02,0.39,0.175
-8.2528e-02,0.275,0.505
-8.2526e-02,0.275,0.16
-8.2525e-02,0.315,0.515
-8.2523e-02,0.335,0.185
-8.2522e-02,0.34,0.48
-8.2520e-02,0.34,0.185
-8.2518e-02,0.27,0.49
-8.2517e-02,0.355,0.19
-8.2515e-02,0.4,0.475
-8.2514e-02,0.355,0.175
-8.2512e-02,0.365,0.495
-8.2510e-02,0.255,0.2
-8.2509e-02,0.37,0.47
-8.2507e-02,0.305,0.195
-8.2506e-02,0.425,0.475
-8.2504e-02,0.29,0.195
-8.2502e-02,0.385,0.47
-8.2501e-02,0.23,0.18
-8.2499e-02,0.375,0.49
-8.2498e-02,0.24,0.195
-8.2496e-02,0.35,0.47
-8.2494e-02,0.295,0.175
-8.2493e-02,0.305,0.49
-8.2491e-02,0.32,0.155
-8.2490e-02,0.375,0.505
-8.2488e-02,0.41,0.155
-8.2486e-02,0.35,0.51
-8.2485e-02,0.305,0.17
-8.2483e-02,0.315,0.5
-8.2482e-02,0.31,0.175
-8.2480e-02,0.335,0.49
-8.2478e-02,0.27,0.175
-8.2477e-02,0.27,0.495
-8.2475e-02,0.255,0.19
-8.2474e-02,0.325,0.475
-8.2472e-02,0.35,0.205
-8.2470e-02,0.325,0.46
-8.2469e-02,0.31,0.165
-8.2467e-02,0.36,0.5
-8.2466e-02,0.29,0.18
-8.2464e-02,0.4,0.48
-8.2462e-02,0.265,0.195
-8.2461e-02,0.355,0.475
-8.2459e-02,0.22,0.195
-8.2458e-02,0.37,0.475
-8.2456e-02,0.29,0.185
-8.2454e-02,0.385,0.48
-8.2453e-02,0.325,0.18
-8.2451e-02,0.415,0.49
-8.2450e-02,0.36,0.19
-8.2448e-02,0.41,0.485
-8.2446e-02,0.36,0.185
-8.2445e-02,0.355,0.48
-8.2443e-02,0.285,0.175
-8.2442e-02,0.365,0.5
-8.2440e-02,0.35,0.195
-8.2438e-02,0.405,0.475
-8.2437e-02,0.35,0.19
-8.2435e-02,0.275,0.475
-8.2434e-02,0.345,0.185
-8.2432e-02,0.29,0.475
-8.2430e-02,0.4,0.185
-8.2429e-02,0.31,0.475
-8.2427e-02,0.31,0.17
-8.2426e-02,0.285,0.495
-8.2424e-02,0.315,0.165
-8.2422e-02,0.315,0.5
-8.2421e-02,0.33,0.2
-8.2419e-02,0.29,0.46
-8.2418e-02,0.34,0.18
-8.2416e-02,0.33,0.485
-8.2414e-02,0.375,0.185
-8.2413e-02,0.37,0.48
-8.2411e-02,0.37,0.17
-8.2410e-02,0.365,0.49
-8.2408e-02,0.39,0.175
-8.2406e-02,0.33,0.495
-8.2405e-02,0.325,0.2
-8.2403e-02,0.33,0.465
-8.2402e-02,0.285,0.16
-8.2400e-02,0.315,0.495
-8.2398e-02,0.37,0.18
-8.2397e-02,0.37,0.48
-8.2395e-02,0.315,0.18
-8.2394e-02,0.34,0.48
-8.2392e-02,0.3,0.185
-8.2390e-02,0.455,0.475
-8.2389e-02,0.385,0.175
-8.2387e-02,0.41,0.48
-8.2386e-02,0.255,0.195
-8.2384e-02,0.34,0.47
-8.2382e-02,0.3,0.19
-8.2381e-02,0.38,0.475
-8.2379e-02,0.325,0.15
-8.2378e-02,0.35,0.5
-8.2376e-02,0.31,0.19
-8.2374e-02,0.325,0.47
-8.2373e-02,0.305,0.17
-8.2371e-02,0.34,0.485
-8.2370e-02,0.29,0.175
-8.2368e-02,0.34,0.48
-8.2366e-02,0.29,0.185
-8.2365e-02,0.33,0.485
-8.2363e-02,0.315,0.185
-8.2362e-02,0.315,0.475
-8.2360e-02,0.295,0.18
-8.2358e-02,0.195,0.48
-8.2357e-02,0.3,0.175
-8.2355e-02,0.305,0.48
-8.2354e-02,0.41,0.125
-8.2352e-02,0.315,0.535
-8.2350e-02,0.385,0.185
-8.2349e-02,0.33,0.47
-8.2347e-02,0.415,0.185
-8.2346e-02,0.365,0.465
-8.2344e-02,0.355,0.185
-8.2342e-02,0.315,0.48
-8.2341e-02,0.35,0.195
-8.2339e-02,0.32,0.465
-8.2338e-02,0.365,0.195
-8.2336e-02,0.3,0.465
-8.2334e-02,0.29,0.195
-8.2333e-02,0.29,0.455
-8.2331e-02,0.23,0.185
-8.2330e-02,0.31,0.47
-8.2328e-02,0.36,0.185
-8.2326e-02,0.315,0.475
-8.2325e-02,0.345,0.2
-8.2323e-02,0.285,0.46
-8.2322e-02,0.36,0.175
-8.2320e-02,0.265,0.49
-8.2318e-02,0.41,0.175
-8.2317e-02,0.235,0.48
-8.2315e-02,0.325,0.19
-8.2314e-02,0.275,0.47
-8.2312e-02,0.415,0.17
-8.2310e-02,0.375,0.49
-8.2309e-02,0.435,0.18
-8.2307e-02,0.37,0.48
-8.2306e-02,0.41,0.16
-8.2304e-02,0.36,0.505
-8.2302e-02,0.38,0.17
-8.2301e-02,0.3,0.49
-8.2299e-02,0.345,0.19
-8.2298e-02,0.23,0.47
-8.2296e-02,0.355,0.16
-8.2294e-02,0.28,0.505
-8.2293e-02,0.4,0.19
-8.2291e-02,0.335,0.475
-8.2290e-02,0.335,0.18
-8.2288e-02,0.27,0.485
-8.2286e-02,0.335,0.185
-8.2285e-02,0.335,0.475
-8.2283e-02,0.325,0.195
-8.2282e-02,0.3,0.47
-8.2280e-02,0.295,0.19
-8.2278e-02,0.35,0.475
-8.2277e-02,0.31,0.19
-8.2275e-02,0.37,0.48
-8.2274e-02,0.27,0.2
-8.2272e-02,0.345,0.46
-8.2270e-02,0.3,0.195
-8.2269e-02,0.385,0.46
-8.2267e-02,0.365,0.185
-8.2266e-02,0.38,0.475
-8.2264e-02,0.335,0.2
-8.2262e-02,0.335,0.465
-8.2261e-02,0.27,0.19
-8.2259e-02,0.325,0.475
-8.2258e-02,0.32,0.17
-8.2256e-02,0.4,0.485
-8.2254e-02,0.31,0.19
-8.2253e-02,0.34,0.465
-8.2251e-02,0.335,0.15
-8.2250e-02,0.37,0.505
-8.2248e-02,0.295,0.175
-8.2246e-02,0.32,0.495
-8.2245e-02,0.285,0.2
-8.2243e-02,0.395,0.465
-8.2242e-02,0.365,0.195
-8.2240e-02,0.37,0.46
-8.2238e-02,0.34,0.165
-8.2237e-02,0.325,0.495
-8.2235e-02,0.31,0.18
-8.2234e-02,0.34,0.48
-8.2232e-02,0.34,0.195
-8.2230e-02,0.315,0.46
-8.2229e-02,0.345,0.175
-8.2227e-02,0.305,0.485
-8.2226e-02,0.335,0.185
-8.2224e-02,0.34,0.465
-8.2222e-02,0.345,0.175
-8.2221e-02,0.345,0.48
-8.2219e-02,0.26,0.2
-8.2218e-02,0.295,0.46
-8.2216e-02,0.315,0.205
-8.2214e-02,0.32,0.45
-8.2213e-02,0.26,0.16
-8.2211e-02,0.27,0.495
-8.2210e-02,0.245,0.17
-8.2208e-02,0.385,0.49
-8.2206e-02,0.28,0.155
-8.2205e-02,0.38,0.49
-8.2203e-02,0.3,0.19
-8.2202e-02,0.385,0.46
-8.2200e-02,0.375,0.165
-8.2198e-02,0.38,0.49
-8.2197e-02,0.35,0.15
-8.2195e-02,0.27,0.505
-8.2194e-02,0.32,0.18
-8.2192e-02,0.31,0.47
-8.2190e-02,0.34,0.175
-8.2189e-02,0.325,0.48
-8.2187e-02,0.315,0.19
-8.2186e-02,0.345,0.47
-8.2184e-02,0.305,0.19
-8.2182e-02,0.375,0.47
-8.2181e-02,0.23,0.17
-8.2179e-02,0.3,0.485
-8.2178e-02,0.18,0.175
-8.2176e-02,0.355,0.48
-8.2174e-02,0.275,0.155
-8.2173e-02,0.425,0.505
-8.2171e-02,0.285,0.18
-8.2170e-02,0.375,0.475
-8.2168e-02,0.335,0.185
-8.2166e-02,0.385,0.48
-8.2165e-02,0.29,0.16
-8.2163e-02,0.29,0.49
-8.2162e-02,0.265,0.175
-8.2160e-02,0.36,0.48
-8.2158e-02,0.335,0.19
-8.2157e-02,0.38,0.47
-8.2155e-02,0.285,0.15
-8.2154e-02,0.34,0.505
-8.2152e-02,0.285,0.175
-8.2150e-02,0.355,0.49
-8.2149e-02,0.305,0.18
-8.2147e-02,0.34,0.475
-8.2146e-02,0.305,0.195
-8.2144e-02,0.39,0.465
-8.2142e-02,0.365,0.18
-8.2141e-02,0.39,0.475
-8.2139e-02,0.355,0.175
-8.2138e-02,0.315,0.48
-8.2136e-02,0.31,0.185
-8.2134e-02,0.335,0.475
-8.2133e-02,0.33,0.17
-8.2131e-02,0.325,0.495
-8.2130e-02,0.265,0.145
-8.2128e-02,0.315,0.51
-8.2126e-02,0.335,0.19
-8.2125e-02,0.345,0.47
-8.2123e-02,0.34,0.145
-8.2122e-02,0.25,0.505
-8.2120e-02,0.285,0.165
-8.2118e-02,0.36,0.485
-8.2117e-02,0.325,0.175
-8.2115e-02,0.315,0.485
-8.2114e-02,0.23,0.165
-8.2112e-02,0.285,0.49
-8.2110e-02,0.25,0.17
-8.2109e-02,0.375,0.49
-8.2107e-02,0.345,0.19
-8.2106e-02,0.33,0.46
-8.2104e-02,0.4,0.205
-8.2102e-02,0.325,0.445
-8.2101e-02,0.385,0.15
-8.2099e-02,0.255,0.505
-8.2098e-02,0.325,0.19
-8.2096e-02,0.24,0.46
-8.2094e-02,0.33,0.16
-8.2093e-02,0.36,0.495
-8.2091e-02,0.405,0.19
-8.2090e-02,0.3,0.465
-8.2088e-02,0.32,0.14
-8.2086e-02,0.255,0.505
-8.2085e-02,0.31,0.18
-8.2083e-02,0.32,0.475
-8.2082e-02,0.325,0.195
-8.2080e-02,0.295,0.455
-8.2078e-02,0.41,0.17
-8.2077e-02,0.345,0.48
-8.2075e-02,0.35,0.18
-8.2074e-02,0.245,0.48
-8.2072e-02,0.295,0.195
-8.2070e-02,0.37,0.46
-8.2069e-02,0.37,0.18
-8.2067e-02,0.39,0.47
-8.2066e-02,0.3,0.18
-8.2064e-02,0.365,0.47
-8.2062e-02,0.355,0.17
-8.2061e-02,0.36,0.47
-8.2059e-02,0.345,0.175
-8.2058e-02,0.325,0.465
-8.2056e-02,0.385,0.155
-8.2054e-02,0.335,0.495
-8.2053e-02,0.38,0.16
-8.2051e-02,0.325,0.485
-8.2050e-02,0.34,0.155
-8.2048e-02,0.255,0.495
-8.2046e-02,0.35,0.175
-8.2045e-02,0.28,0.47
-8.2043e-02,0.345,0.17
-8.2042e-02,0.245,0.475
-8.2040e-02,0.3,0.18
-8.2038e-02,0.235,0.47
-8.2037e-02,0.34,0.15
-8.2035e-02,0.255,0.485
-8.2034e-02,0.265,0.15
-8.2032e-02,0.27,0.485
-8.2030e-02,0.345,0.16
-8.2029e-02,0.315,0.485
-8.2027e-02,0.295,0.185
-8.2026e-02,0.295,0.46
-8.2024e-02,0.345,0.185
-8.2022e-02,0.33,0.46
-8.2021e-02,0.38,0.185
-8.2019e-02,0.265,0.465
-8.2018e-02,0.35,0.19
-8.2016e-02,0.3,0.46
-8.2014e-02,0.4,0.18
-8.2013e-02,0.28,0.465
-8.2011e-02,0.37,0.185
-8.2010e-02,0.285,0.465
-8.2008e-02,0.415,0.16
-8.2006e-02,0.3,0.49
-8.2005e-02,0.3,0.185
-8.2003e-02,0.24,0.46
-8.2002e-02,0.305,0.15
-8.2000e-02,0.36,0.5
-8.1998e-02,0.31,0.175
-8.1997e-02,0.38,0.47
-8.1995e-02,0.36,0.18
-8.1994e-02,0.415,0.465
-8.1992e-02,0.34,0.185
-8.1990e-02,0.335,0.465
-8.1989e-02,0.275,0.17
-8.1987e-02,0.3,0.48
-8.1986e-02,0.29,0.17
-8.1984e-02,0.29,0.48
-8.1982e-02,0.235,0.16
-8.1981e-02,0.275,0.495
-8.1979e-02,0.28,0.185
-8.1978e-02,0.36,0.465
-8.1976e-02,0.345,0.18
-8.1974e-02,0.265,0.47
-8.1973e-02,0.285,0.19
-8.1971e-02,0.275,0.46
-8.1970e-02,0.32,0.19
-8.1968e-02,0.305,0.465
-8.1966e-02,0.335,0.19
-8.1965e-02,0.235,0.455
-8.1963e-02,0.3,0.145
-8.1962e-02,0.305,0.505
-8.1960e-02,0.3,0.195
-8.1958e-02,0.31,0.46
-8.1957e-02,0.21,0.15
-8.1955e-02,0.38,0.505
-8.1954e-02,0.325,0.175
-8.1952e-02,0.4,0.485
-8.1950e-02,0.245,0.18
-8.1949e-02,0.375,0.47
-8.1947e-02,0.28,0.17
-8.1946e-02,0.395,0.475
-8.1944e-02,0.29,0.195
-8.1942e-02,0.295,0.455
-8.1941e-02,0.335,0.15
-8.1939e-02,0.325,0.505
-8.1938e-02,0.36,0.185
-8.1936e-02,0.325,0.46
-8.1934e-02,0.305,0.175
-8.1933e-02,0.32,0.475
-8.1931e-02,0.385,0.155
-8.1930e-02,0.325,0.495
-8.1928e-02,0.375,0.155
-8.1926e-02,0.245,0.485
-8.1925e-02,0.36,0.175
-8.1923e-02,0.22,0.475
-8.1922e-02,0.31,0.15
-8.1920e-02,0.205,0.495
-8.1918e-02,0.32,0.185
-8.1917e-02,0.28,0.455
-8.1915e-02,0.405,0.17
-8.1914e-02,0.41,0.475
-8.1912e-02,0.395,0.185
-8.1910e-02,0.335,0.455
-8.1909e-02,0.315,0.175
-8.1907e-02,0.33,0.475
-8.1906e-02,0.34,0.17
-8.1904e-02,0.305,0.47
-8.1902e-02,0.295,0.17
-8.1901e-02,0.325,0.475
-8.1899e-02,0.37,0.14
-8.1898e-02,0.385,0.505
-8.1896e-02,0.29,0.19
-8.1894e-02,0.27,0.455
-8.1893e-02,0.27,0.17
-8.1891e-02,0.35,0.475
-8.1890e-02,0.345,0.18
-8.1888e-02,0.36,0.46
-8.1886e-02,0.305,0.18
-8.1885e-02,0.325,0.46
-8.1883e-02,0.285,0.165
-8.1882e-02,0.26,0.48
-8.1880e-02,0.3,0.19
-8.1878e-02,0.26,0.455
-8.1877e-02,0.325,0.175
-8.1875e-02,0.295,0.475
-8.1874e-02,0.4,0.135
-8.1872e-02,0.31,0.505
-8.1870e-02,0.325,0.155
-8.1869e-02,0.305,0.49
-8.1867e-02,0.365,0.15
-8.1866e-02,0.32,0.485
-8.1864e-02,0.345,0.145
-8.1862e-02,0.26,0.495
-8.1861e-02,0.335,0.19
-8.1859e-02,0.36,0.455
-8.1858e-02,0.38,0.195
-8.1856e-02,0.34,0.445
-8.1854e-02,0.345,0.17
-8.1853e-02,0.35,0.465
-8.1851e-02,0.405,0.18
-8.1850e-02,0.385,0.46
-8.1848e-02,0.345,0.17
-8.1846e-02,0.31,0.47
-8.1845e-02,0.32,0.185
-8.1843e-02,0.295,0.465
-8.1842e-02,0.35,0.155
-8.1840e-02,0.255,0.49
-8.1838e-02,0.315,0.135
-8.1837e-02,0.325,0.505
-8.1835e-02,0.29,0.15
-8.1834e-02,0.375,0.485
-8.1832e-02,0.265,0.18
-8.1830e-02,0.3,0.465
-8.1829e-02,0.305,0.18
-8.1827e-02,0.35,0.455
-8.1826e-02,0.41,0.155
-8.1824e-02,0.28,0.48
-8.1822e-02,0.355,0.16
-8.1821e-02,0.285,0.475
-8.1819e-02,0.32,0.15
-8.1818e-02,0.325,0.48
-8.1816e-02,0.265,0.14
-8.1814e-02,0.285,0.495
-8.1813e-02,0.295,0.185
-8.1811e-02,0.305,0.455
-8.1810e-02,0.295,0.195
-8.1808e-02,0.26,0.44
-8.1806e-02,0.33,0.175
-8.1805e-02,0.42,0.465
-8.1803e-02,0.36,0.175
-8.1802e-02,0.365,0.455
-8.1800e-02,0.24,0.135
-8.1798e-02,0.3,0.5
-8.1797e-02,0.265,0.18
-8.1795e-02,0.25,0.46
-8.1794e-02,0.245,0.175
-8.1792e-02,0.265,0.455
-8.1790e-02,0.295,0.175
-8.1789e-02,0.42,0.46
-8.1787e-02,0.325,0.165
-8.1786e-02,0.335,0.47
-8.1784e-02,0.315,0.165
-8.1782e-02,0.375,0.47
-8.1781e-02,0.33,0.155
-8.1779e-02,0.29,0.475
-8.1778e-02,0.33,0.14
-8.1776e-02,0.32,0.495
-8.1774e-02,0.36,0.17
-8.1773e-02,0.29,0.465
-8.1771e-02,0.325,0.17
-8.1770e-02,0.28,0.465
-8.1768e-02,0.335,0.17
-8.1766e-02,0.36,0.47
-8.1765e-02,0.355,0.17
-8.1763e-02,0.37,0.47
-8.1762e-02,0.335,0.165
-8.1760e-02,0.385,0.465
-8.1758e-02,0.34,0.155
-8.1757e-02,0.295,0.485
-8.1755e-02,0.29,0.175
-8.1754e-02,0.28,0.46
-8.1752e-02,0.325,0.175
-8.1750e-02,0.375,0.46
-8.1749e-02,0.315,0.135
-8.1747e-02,0.38,0.505
-8.1746e-02,0.29,0.14
-8.1744e-02,0.395,0.495
-8.1742e-02,0.33,0.175
-8.1741e-02,0.33,0.46
-8.1739e-02,0.235,0.175
-8.1738e-02,0.275,0.46
-8.1736e-02,0.295,0.15
-8.1734e-02,0.29,0.495
-8.1733e-02,0.225,0.16
-8.1731e-02,0.28,0.48
-8.1730e-02,0.315,0.15
-8.1728e-02,0.395,0.48
-8.1726e-02,0.265,0.165
-8.1725e-02,0.32,0.47
-8.1723e-02,0.32,0.165
-8.1722e-02,0.395,0.475
-8.1720e-02,0.355,0.175
-8.1718e-02,0.31,0.47
-8.1717e-02,0.355,0.17
-8.1715e-02,0.3,0.47
-8.1714e-02,0.32,0.145
-8.1712e-02,0.255,0.49
-8.1710e-02,0.29,0.18
-8.1709e-02,0.335,0.465
-8.1707e-02,0.415,0.175
-8.1706e-02,0.345,0.46
-8.1704e-02,0.355,0.175
-8.1702e-02,0.23,0.46
-8.1701e-02,0.36,0.175
-8.1699e-02,0.265,0.46
-8.1698e-02,0.395,0.18
-8.1696e-02,0.33,0.45
-8.1694e-02,0.365,0.19
-8.1693e-02,0.265,0.45
-8.1691e-02,0.355,0.165
-8.1690e-02,0.225,0.48
-8.1688e-02,0.29,0.175
-8.1686e-02,0.205,0.465
-8.1685e-02,0.275,0.18
-8.1683e-02,0.335,0.465
-8.1682e-02,0.39,0.19
-8.1680e-02,0.29,0.45
-8.1678e-02,0.365,0.19
-8.1677e-02,0.255,0.455
-8.1675e-02,0.425,0.17
-8.1674e-02,0.275,0.47
-8.1672e-02,0.3,0.14
-8.1670e-02,0.325,0.5
-8.1669e-02,0.365,0.175
-8.1667e-02,0.32,0.46
-8.1666e-02,0.345,0.175
-8.1664e-02,0.25,0.46
-8.1662e-02,0.41,0.175
-8.1661e-02,0.295,0.465
-8.1659e-02,0.3,0.175
-8.1658e-02,0.26,0.47
-8.1656e-02,0.29,0.155
-8.1654e-02,0.355,0.48
-8.1653e-02,0.31,0.145
-8.1651e-02,0.28,0.495
-8.1650e-02,0.305,0.175
-8.1648e-02,0.34,0.46
-8.1646e-02,0.295,0.155
-8.1645e-02,0.33,0.47
-8.1643e-02,0.31,0.175
-8.1642e-02,0.29,0.455
-8.1640e-02,0.36,0.155
-8.1638e-02,0.29,0.47
-8.1637e-02,0.41,0.165
-8.1635e-02,0.305,0.465
-8.1634e-02,0.355,0.17
-8.1632e-02,0.305,0.465
-8.1630e-02,0.4,0.185
-8.1629e-02,0.285,0.445
-8.1627e-02,0.35,0.17
-8.1626e-02,0.27,0.45
-8.1624e-02,0.305,0.17
-8.1622e-02,0.285,0.46
-8.1621e-02,0.305,0.18
-8.1619e-02,0.205,0.44
-8.1618e-02,0.365,0.155
-8.1616e-02,0.265,0.475
-8.1614e-02,0.41,0.16
-8.1613e-02,0.295,0.47
-8.1611e-02,0.305,0.18
-8.1610e-02,0.315,0.445
-8.1608e-02,0.38,0.165
-8.1606e-02,0.3,0.455
-8.1605e-02,0.345,0.175
-8.1603e-02,0.335,0.455
-8.1602e-02,0.32,0.18
-8.1600e-02,0.24,0.45
-8.1598e-02,0.225,0.18
-8.1597e-02,0.265,0.445
-8.1595e-02,0.35,0.15
-8.1594e-02,0.39,0.485
-8.1592e-02,0.29,0.155
-8.1590e-02,0.27,0.465
-8.1589e-02,0.31,0.175
-8.1587e-02,0.3,0.45
-8.1586e-02,0.375,0.145
-8.1584e-02,0.3,0.47
-8.1582e-02,0.265,0.155
-8.1581e-02,0.25,0.47
-8.1579e-02,0.345,0.185
-8.1578e-02,0.19,0.445
-8.1576e-02,0.315,0.15
-8.1574e-02,0.29,0.46
-8.1573e-02,0.365,0.16
-8.1571e-02,0.295,0.465
-8.1570e-02,0.365,0.15
-8.1568e-02,0.27,0.47
-8.1566e-02,0.33,0.19
-8.1565e-02,0.335,0.435
-8.1563e-02,0.345,0.175
-8.1562e-02,0.27,0.45
-8.1560e-02,0.38,0.165
-8.1558e-02,0.35,0.46
-8.1557e-02,0.365,0.165
-8.1555e-02,0.395,0.46
-8.1554e-02,0.34,0.16
-8.1552e-02,0.32,0.465
-8.1550e-02,0.385,0.17
-8.1549e-02,0.305,0.455
-8.1547e-02,0.335,0.16
-8.1546e-02,0.28,0.46
-8.1544e-02,0.33,0.16
-8.1542e-02,0.275,0.46
-8.1541e-02,0.35,0.155
-8.1539e-02,0.21,0.47
-8.1538e-02,0.24,0.175
-8.1536e-02,0.28,0.45
-8.1534e-02,0.36,0.155
-8.1533e-02,0.255,0.47
-8.1531e-02,0.33,0.175
-8.1530e-02,0.265,0.455
-8.1528e-02,0.365,0.15
-8.1526e-02,0.275,0.465
-8.1525e-02,0.4,0.155
-8.1523e-02,0.205,0.475
-8.1522e-02,0.34,0.12
-8.1520e-02,0.335,0.505
-8.1518e-02,0.265,0.17
-8.1517e-02,0.22,0.455
-8.1515e-02,0.245,0.17
-8.1514e-02,0.3,0.46
-8.1512e-02,0.37,0.17
-8.1510e-02,0.31,0.445
-8.1509e-02,0.38,0.175
-8.1507e-02,0.335,0.45
-8.1506e-02,0.41,0.155
-8.1504e-02,0.24,0.47
-8.1502e-02,0.305,0.17
-8.1501e-02,0.245,0.455
-8.1499e-02,0.31,0.16
-8.1498e-02,0.305,0.46
-8.1496e-02,0.225,0.17
-8.1494e-02,0.29,0.45
-8.1493e-02,0.335,0.15
-8.1491e-02,0.33,0.48
-8.1490e-02,0.375,0.13
-8.1488e-02,0.38,0.49
-8.1486e-02,0.315,0.18
-8.1485e-02,0.285,0.45
-8.1483e-02,0.285,0.17
-8.1482e-02,0.245,0.455
-8.1480e-02,0.29,0.165
-8.1478e-02,0.315,0.455
-8.1477e-02,0.31,0.18
-8.1475e-02,0.355,0.445
-8.1474e-02,0.325,0.185
-8.1472e-02,0.31,0.435
-8.1470e-02,0.255,0.18
-8.1469e-02,0.32,0.445
-8.1467e-02,0.255,0.185
-8.1466e-02,0.335,0.445
-8.1464e-02,0.21,0.16
-8.1462e-02,0.395,0.465
-8.1461e-02,0.34,0.17
-8.1459e-02,0.37,0.455
-8.1458e-02,0.3,0.15
-8.1456e-02,0.31,0.48
-8.1454e-02,0.295,0.145
-8.1453e-02,0.38,0.47
-8.1451e-02,0.245,0.15
-8.1450e-02,0.275,0.47
-8.1448e-02,0.325,0.14
-8.1446e-02,0.29,0.49
-8.1445e-02,0.305,0.175
-8.1443e-02,0.265,0.445
-8.1442e-02,0.265,0.15
-8.1440e-02,0.35,0.47
-8.1438e-02,0.325,0.18
-8.1437e-02,0.26,0.445
-8.1435e-02,0.27,0.17
-8.1434e-02,0.305,0.44
-8.1432e-02,0.335,0.185
-8.1430e-02,0.34,0.445
-8.1429e-02,0.26,0.145
-8.1427e-02,0.33,0.465
-8.1426e-02,0.345,0.19
-8.1424e-02,0.375,0.435
-8.1422e-02,0.295,0.145
-8.1421e-02,0.335,0.475
-8.1419e-02,0.275,0.155
-8.1418e-02,0.305,0.47
-8.1416e-02,0.35,0.155
-8.1414e-02,0.27,0.465
-8.1413e-02,0.335,0.175
-8.1411e-02,0.33,0.445
-8.1410e-02,0.34,0.175
-8.1408e-02,0.35,0.45
-8.1406e-02,0.27,0.17
-8.1405e-02,0.33,0.44
-8.1403e-02,0.33,0.15
-8.1402e-02,0.3,0.47
-8.1400e-02,0.36,0.16
-8.1398e-02,0.27,0.455
-8.1397e-02,0.295,0.13
-8.1395e-02,0.28,0.49
-8.1394e-02,0.28,0.16
-8.1392e-02,0.27,0.455
-8.1390e-02,0.31,0.16
-8.1389e-02,0.385,0.46
-8.1387e-02,0.34,0.16
-8.1386e-02,0.29,0.45
-8.1384e-02,0.235,0.15
-8.1382e-02,0.28,0.46
-8.1381e-02,0.35,0.155
-8.1379e-02,0.305,0.45
-8.1378e-02,0.35,0.15
-8.1376e-02,0.295,0.47
-8.1374e-02,0.3,0.155
-8.1373e-02,0.345,0.46
-8.1371e-02,0.305,0.16
-8.1370e-02,0.29,0.455
-8.1368e-02,0.345,0.17
-8.1366e-02,0.345,0.45
-8.1365e-02,0.37,0.17
-8.1363e-02,0.255,0.45
-8.1362e-02,0.29,0.165
-8.1360e-02,0.31,0.45
-8.1358e-02,0.35,0.165
-8.1357e-02,0.25,0.445
-8.1355e-02,0.255,0.155
-8.1354e-02,0.335,0.455
-8.1352e-02,0.265,0.165
-8.1350e-02,0.28,0.44
-8.1349e-02,0.265,0.17
-8.1347e-02,0.315,0.435
-8.1346e-02,0.375,0.17
-8.1344e-02,0.3,0.435
-8.1342e-02,0.265,0.135
-8.1341e-02,0.33,0.47
-8.1339e-02,0.295,0.15
-8.1338e-02,0.26,0.465
-8.1336e-02,0.205,0.16
-8.1334e-02,0.23,0.44
-8.1333e-02,0.305,0.16
-8.1331e-02,0.305,0.45
-8.1330e-02,0.24,0.13
-8.1328e-02,0.305,0.47
-8.1326e-02,0.335,0.135
-8.1325e-02,0.355,0.47
-8.1323e-02,0.345,0.165
-8.1322e-02,0.345,0.44
-8.1320e-02,0.29,0.15
-8.1318e-02,0.35,0.455
-8.1317e-02,0.325,0.175
-8.1315e-02,0.305,0.44
-8.1314e-02,0.23,0.15
-8.1312e-02,0.34,0.455
-8.1310e-02,0.315,0.17
-8.1309e-02,0.305,0.435
-8.1307e-02,0.29,0.165
-8.1306e-02,0.27,0.44
-8.1304e-02,0.335,0.15
-8.1302e-02,0.325,0.455
-8.1301e-02,0.29,0.145
-8.1299e-02,0.37,0.46
-8.1298e-02,0.33,0.15
-8.1296e-02,0.305,0.46
-8.1294e-02,0.255,0.155
-8.1293e-02,0.305,0.45
-8.1291e-02,0.25,0.155
-8.1290e-02,0.37,0.455
-8.1288e-02,0.33,0.165
-8.1286e-02,0.39,0.45
-8.1285e-02,0.215,0.16
-8.1283e-02,0.405,0.445
-8.1282e-02,0.275,0.15
-8.1280e-02,0.38,0.45
-8.1278e-02,0.31,0.18
-8.1277e-02,0.305,0.43
-8.1275e-02,0.28,0.155
-8.1274e-02,0.28,0.455
-8.1272e-02,0.3,0.175
-8.1270e-02,0.255,0.445
-8.1269e-02,0.295,0.145
-8.1267e-02,0.35,0.46
-8.1266e-02,0.355,0.16
-8.1264e-02,0.38,0.45
-8.1262e-02,0.265,0.155
-8.1261e-02,0.32,0.45
-8.1259e-02,0.285,0.165
-8.1258e-02,0.335,0.45
-8.1256e-02,0.295,0.155
-8.1254e-02,0.25,0.46
-8.1253e-02,0.3,0.145
-8.1251e-02,0.32,0.46
-8.1250e-02,0.23,0.165
-8.1248e-02,0.235,0.445
-8.1246e-02,0.24,0.175
-8.1245e-02,0.265,0.435
-8.1243e-02,0.33,0.16
-8.1242e-02,0.295,0.45
-8.1240e-02,0.295,0.145
-8.1238e-02,0.27,0.455
-8.1237e-02,0.29,0.17
-8.1235e-02,0.235,0.435
-8.1234e-02,0.225,0.18
-8.1232e-02,0.28,0.435
-8.1230e-02,0.305,0.18
-8.1229e-02,0.335,0.44
-8.1227e-02,0.25,0.17
-8.1226e-02,0.365,0.435
-8.1224e-02,0.245,0.16
-8.1222e-02,0.335,0.445
-8.1221e-02,0.32,0.165
-8.1219e-02,0.405,0.45
-8.1218e-02,0.295,0.155
-8.1216e-02,0.37,0.445
-8.1214e-02,0.325,0.155
-8.1213e-02,0.345,0.455
-8.1211e-02,0.315,0.175
-8.1210e-02,0.26,0.43
-8.1208e-02,0.27,0.175
-8.1206e-02,0.28,0.435
-8.1205e-02,0.34,0.155
-8.1203e-02,0.34,0.445
-8.1202e-02,0.3,0.135
-8.1200e-02,0.35,0.46
-8.1198e-02,0.435,0.13
-8.1197e-02,0.375,0.47
-8.1195e-02,0.29,0.15
-8.1194e-02,0.305,0.445
-8.1192e-02,0.335,0.145
-8.1190e-02,0.335,0.455
-8.1189e-02,0.295,0.15
-8.1187e-02,0.35,0.45
-8.1186e-02,0.29,0.135
-8.1184e-02,0.38,0.465
-8.1182e-02,0.245,0.145
-8.1181e-02,0.37,0.445
-8.1179e-02,0.235,0.16
-8.1178e-02,0.38,0.44
-8.1176e-02,0.295,0.15
-8.1174e-02,0.275,0.455
-8.1173e-02,0.2,0.15
-8.1171e-02,0.305,0.445
-8.1170e-02,0.28,0.165
-8.1168e-02,0.345,0.43
-8.1166e-02,0.315,0.165
-8.1165e-02,0.35,0.435
-8.1163e-02,0.26,0.145
-8.1162e-02,0.31,0.445
-8.1160e-02,0.33,0.145
-8.1158e-02,0.3,0.45
-8.1157e-02,0.285,0.175
-8.1155e-02,0.235,0.425
-8.1154e-02,0.26,0.14
-8.1152e-02,0.245,0.455
-8.1150e-02,0.3,0.17
-8.1149e-02,0.255,0.43
-8.1147e-02,0.22,0.16
-8.1146e-02,0.285,0.435
-8.1144e-02,0.29,0.155
-8.1142e-02,0.255,0.44
-8.1141e-02,0.275,0.13
-8.1139e-02,0.345,0.465
-8.1138e-02,0.225,0.15
-8.1136e-02,0.275,0.45
-8.1134e-02,0.215,0.14
-8.1133e-02,0.28,0.455
-8.1131e-02,0.29,0.155
-8.1130e-02,0.335,0.44
-8.1128e-02,0.215,0.15
-8.1126e-02,0.315,0.455
-8.1125e-02,0.37,0.16
-8.1123e-02,0.33,0.43
-8.1122e-02,0.325,0.135
-8.1120e-02,0.345,0.465
-8.1118e-02,0.365,0.12
-8.1117e-02,0.33,0.47
-8.1115e-02,0.365,0.155
-8.1114e-02,0.285,0.445
-8.1112e-02,0.31,0.155
-8.1110e-02,0.35,0.44
-8.1109e-02,0.31,0.17
-8.1107e-02,0.275,0.43
-8.1106e-02,0.27,0.155
-8.1104e-02,0.285,0.445
-8.1102e-02,0.255,0.14
-8.1101e-02,0.355,0.46
-8.1099e-02,0.325,0.16
-8.1098e-02,0.365,0.44
-8.1096e-02,0.34,0.15
-8.1094e-02,0.355,0.445
-8.1093e-02,0.295,0.15
-8.1091e-02,0.36,0.445
-8.1090e-02,0.24,0.15
-8.1088e-02,0.325,0.445
-8.1086e-02,0.315,0.155
-8.1085e-02,0.3,0.445
-8.1083e-02,0.205,0.13
-8.1082e-02,0.25,0.46
-8.1080e-02,0.31,0.14
-8.1078e-02,0.35,0.455
-8.1077e-02,0.345,0.12
-8.1075e-02,0.32,0.47
-8.1074e-02,0.235,0.15
-8.1072e-02,0.345,0.45
-8.1070e-02,0.22,0.14
-8.1069e-02,0.255,0.455
-8.1067e-02,0.255,0.155
-8.1066e-02,0.32,0.44
-8.1064e-02,0.265,0.15
-8.1062e-02,0.29,0.44
-8.1061e-02,0.305,0.14
-8.1059e-02,0.285,0.45
-8.1058e-02,0.36,0.155
-8.1056e-02,0.395,0.44
-8.1054e-02,0.34,0.135
-8.1053e-02,0.29,0.45
-8.1051e-02,0.36,0.15
-8.1050e-02,0.25,0.44
-8.1048e-02,0.335,0.135
-8.1046e-02,0.345,0.455
-8.1045e-02,0.355,0.145
-8.1043e-02,0.275,0.445
-8.1042e-02,0.34,0.145
-8.1040e-02,0.37,0.44
-8.1038e-02,0.31,0.155
-8.1037e-02,0.305,0.44
-8.1035e-02,0.29,0.13
-8.1034e-02,0.325,0.455
-8.1032e-02,0.405,0.14
-8.1030e-02,0.255,0.445
-8.1029e-02,0.315,0.17
-8.1027e-02,0.305,0.42
-8.1026e-02,0.35,0.145
-8.1024e-02,0.295,0.44
-8.1022e-02,0.325,0.125
-8.1021e-02,0.265,0.46
-8.1019e-02,0.305,0.14
-8.1018e-02,0.31,0.445
-8.1016e-02,0.255,0.145
-8.1014e-02,0.16,0.445
-8.1013e-02,0.255,0.15
-8.1011e-02,0.195,0.44
-8.1010e-02,0.27,0.145
-8.1008e-02,0.255,0.43
-8.1006e-02,0.305,0.155
-8.1005e-02,0.29,0.44
-8.1003e-02,0.34,0.11
-8.1002e-02,0.29,0.48
-8.1000e-02,0.315,0.105
-8.0998e-02,0.295,0.485
-8.0997e-02,0.24,0.105
-8.0995e-02,0.305,0.48
-8.0994e-02,0.375,0.135
-8.0992e-02,0.245,0.45
-8.0990e-02,0.305,0.15
-8.0989e-02,0.185,0.435
-8.0987e-02,0.335,0.15
-8.0986e-02,0.29,0.43
-8.0984e-02,0.36,0.125
-8.0982e-02,0.29,0.455
-8.0981e-02,0.4,0.145
-8.0979e-02,0.335,0.445
-8.0978e-02,0.26,0.16
-8.0976e-02,0.255,0.425
-8.0974e-02,0.255,0.15
-8.0973e-02,0.305,0.43
-8.0971e-02,0.32,0.14
-8.0970e-02,0.23,0.44
-8.0968e-02,0.31,0.14
-8.0966e-02,0.275,0.445
-8.0965e-02,0.295,0.13
-8.0963e-02,0.335,0.445
-8.0962e-02,0.325,0.14
-8.0960e-02,0.33,0.45
-8.0958e-02,0.37,0.135
-8.0957e-02,0.39,0.445
-8.0955e-02,0.295,0.15
-8.0954e-02,0.285,0.435
-8.0952e-02,0.375,0.15
-8.0950e-02,0.3,0.435
-8.0949e-02,0.37,0.16
-8.0947e-02,0.305,0.43
-8.0946e-02,0.305,0.155
-8.0944e-02,0.24,0.425
-8.0942e-02,0.275,0.155
-8.0941e-02,0.31,0.43
-8.0939e-02,0.245,0.155
-8.0938e-02,0.355,0.44
-8.0936e-02,0.305,0.15
-8.0934e-02,0.365,0.435
-8.0933e-02,0.29,0.15
-8.0931e-02,0.275,0.45
-8.0930e-02,0.255,0.165
-8.0928e-02,0.355,0.42
-8.0926e-02,0.33,0.15
-8.0925e-02,0.275,0.43
-8.0923e-02,0.295,0.16
-8.0922e-02,0.37,0.425
-8.0920e-02,0.29,0.155
-8.0918e-02,0.335,0.43
-8.0917e-02,0.25,0.135
-8.0915e-02,0.3,0.445
-8.0914e-02,0.32,0.125
-8.0912e-02,0.32,0.455
-8.0910e-02,0.195,0.145
-8.0909e-02,0.27,0.445
-8.0907e-02,0.28,0.14
-8.0906e-02,0.34,0.445
-8.0904e-02,0.21,0.15
-8.0902e-02,0.265,0.435
-8.0901e-02,0.295,0.125
-8.0899e-02,0.32,0.455
-8.0898e-02,0.3,0.15
-8.0896e-02,0.335,0.44
-8.0894e-02,0.355,0.115
-8.0893e-02,0.335,0.465
-8.0891e-02,0.38,0.135
-8.0890e-02,0.28,0.445
-8.0888e-02,0.29,0.12
-8.0886e-02,0.255,0.465
-8.0885e-02,0.31,0.15
-8.0883e-02,0.285,0.435
-8.0882e-02,0.305,0.12
-8.0880e-02,0.345,0.455
-8.0878e-02,0.305,0.145
-8.0877e-02,0.29,0.435
-8.0875e-02,0.245,0.145
-8.0874e-02,0.285,0.435
-8.0872e-02,0.31,0.14
-8.0870e-02,0.325,0.44
-8.0869e-02,0.3,0.105
-8.0867e-02,0.255,0.465
-8.0866e-02,0.215,0.13
-8.0864e-02,0.255,0.45
-8.0862e-02,0.31,0.145
-8.0861e-02,0.345,0.44
-8.0859e-02,0.27,0.095
-8.0858e-02,0.32,0.48
-8.0856e-02,0.305,0.115
-8.0854e-02,0.35,0.46
-8.0853e-02,0.26,0.145
-8.0851e-02,0.27,0.43
-8.0850e-02,0.31,0.155
-8.0848e-02,0.295,0.415
-8.0846e-02,0.225,0.155
-8.0845e-02,0.205,0.42
-8.0843e-02,0.22,0.135
-8.0842e-02,0.275,0.44
-8.0840e-02,0.275,0.125
-8.0838e-02,0.285,0.445
-8.0837e-02,0.29,0.14
-8.0835e-02,0.32,0.44
-8.0834e-02,0.35,0.115
-8.0832e-02,0.28,0.455
-8.0830e-02,0.27,0.155
-8.0829e-02,0.265,0.42
-8.0827e-02,0.305,0.155
-8.0826e-02,0.25,0.42
-8.0824e-02,0.235,0.105
-8.0822e-02,0.255,0.46
-8.0821e-02,0.3,0.15
-8.0819e-02,0.235,0.425
-8.0818e-02,0.24,0.14
-8.0816e-02,0.235,0.43
-8.0814e-02,0.27,0.12
-8.0813e-02,0.205,0.45
-8.0811e-02,0.28,0.13
-8.0810e-02,0.205,0.435
-8.0808e-02,0.27,0.145
-8.0806e-02,0.23,0.425
-8.0805e-02,0.325,0.145
-8.0803e-02,0.265,0.425
-8.0802e-02,0.305,0.13
-8.0800e-02,0.295,0.44
-8.0798e-02,0.4,0.13
-8.0797e-02,0.37,0.45
-8.0795e-02,0.33,0.15
-8.0794e-02,0.255,0.425
-8.0792e-02,0.285,0.12
-8.0790e-02,0.26,0.455
-8.0789e-02,0.225,0.14
-8.0787e-02,0.245,0.425
-8.0786e-02,0.23,0.13
-8.0784e-02,0.345,0.44
-8.0782e-02,0.245,0.145
-8.0781e-02,0.315,0.42
-8.0779e-02,0.225,0.145
-8.0778e-02,0.36,0.43
-8.0776e-02,0.27,0.125
-8.0774e-02,0.255,0.44
-8.0773e-02,0.18,0.15
-8.0771e-02,0.23,0.415
-8.0770e-02,0.305,0.135
-8.0768e-02,0.305,0.425
-8.0766e-02,0.245,0.15
-8.0765e-02,0.29,0.425
-8.0763e-02,0.285,0.145
-8.0762e-02,0.325,0.425
-8.0760e-02,0.285,0.135
-8.0758e-02,0.32,0.43
-8.0757e-02,0.32,0.085
-8.0755e-02,0.27,0.48
-8.0754e-02,0.29,0.105
-8.0752e-02,0.235,0.46
-8.0750e-02,0.23,0.14
-8.0749e-02,0.16,0.435
-8.0747e-02,0.235,0.125
-8.0746e-02,0.265,0.45
-8.0744e-02,0.27,0.135
-8.0742e-02,0.225,0.435
-8.0741e-02,0.24,0.13
-8.0739e-02,0.32,0.44
-8.0738e-02,0.315,0.145
-8.0736e-02,0.305,0.44
-8.0734e-02,0.26,0.14
-8.0733e-02,0.37,0.425
-8.0731e-02,0.32,0.135
-8.0730e-02,0.35,0.44
-8.0728e-02,0.275,0.15
-8.0726e-02,0.355,0.42
-8.0725e-02,0.315,0.14
-8.0723e-02,0.345,0.43
-8.0722e-02,0.33,0.15
-8.0720e-02,0.25,0.425
-8.0718e-02,0.315,0.14
-8.0717e-02,0.31,0.435
-8.0715e-02,0.355,0.115
-8.0714e-02,0.23,0.455
-8.0712e-02,0.275,0.115
-8.0710e-02,0.24,0.455
-8.0709e-02,0.325,0.16
-8.0707e-02,0.28,0.41
-8.0706e-02,0.33,0.14
-8.0704e-02,0.31,0.435
-8.0702e-02,0.345,0.125
-8.0701e-02,0.325,0.45
-8.0699e-02,0.37,0.12
-8.0698e-02,0.275,0.445
-8.0696e-02,0.245,0.13
-8.0694e-02,0.24,0.44
-8.0693e-02,0.285,0.13
-8.0691e-02,0.19,0.44
-8.0690e-02,0.215,0.135
-8.0688e-02,0.165,0.44
-8.0686e-02,0.29,0.14
-8.0685e-02,0.265,0.43
-8.0683e-02,0.4,0.145
-8.0682e-02,0.295,0.425
-8.0680e-02,0.345,0.145
-8.0678e-02,0.34,0.42
-8.0677e-02,0.36,0.11
-8.0675e-02,0.26,0.45
-8.0674e-02,0.225,0.12
-8.0672e-02,0.235,0.44
-8.0670e-02,0.275,0.13
-8.0669e-02,0.2,0.435
-8.0667e-02,0.285,0.14
-8.0666e-02,0.25,0.425
-8.0664e-02,0.32,0.13
-8.0662e-02,0.33,0.44
-8.0661e-02,0.35,0.15
-8.0659e-02,0.3,0.41
-8.0658e-02,0.225,0.145
-8.0656e-02,0.29,0.425
-8.0654e-02,0.325,0.135
-8.0653e-02,0.285,0.43
-8.0651e-02,0.27,0.155
-8.0650e-02,0.24,0.405
-8.0648e-02,0.29,0.145
-8.0646e-02,0.245,0.42
-8.0645e-02,0.245,0.14
-8.0643e-02,0.255,0.415
-8.0642e-02,0.26,0.14
-8.0640e-02,0.33,0.425
-8.0638e-02,0.285,0.13
-8.0637e-02,0.33,0.425
-8.0635e-02,0.26,0.115
-8.0634e-02,0.22,0.45
-8.0632e-02,0.29,0.11
-8.0630e-02,0.26,0.45
-8.0629e-02,0.315,0.12
-8.0627e-02,0.175,0.43
-8.0626e-02,0.275,0.13
-8.0624e-02,0.27,0.43
-8.0622e-02,0.32,0.105
-8.0621e-02,0.275,0.455
-8.0619e-02,0.24,0.145
-8.0618e-02,0.275,0.41
-8.0616e-02,0.255,0.14
-8.0614e-02,0.255,0.415
-8.0613e-02,0.19,0.13
-8.0611e-02,0.2,0.42
-8.0610e-02,0.15,0.115
-8.0608e-02,0.275,0.435
-8.0606e-02,0.23,0.135
-8.0605e-02,0.245,0.42
-8.0603e-02,0.245,0.11
-8.0602e-02,0.295,0.44
-8.0600e-02,0.34,0.105
-8.0598e-02,0.26,0.44
-8.0597e-02,0.295,0.1
-8.0595e-02,0.24,0.445
-8.0594e-02,0.305,0.12
-8.0592e-02,0.225,0.435
-8.0590e-02,0.335,0.13
-8.0589e-02,0.23,0.425
-8.0587e-02,0.3,0.13
-8.0586e-02,0.155,0.42
-8.0584e-02,0.3,0.13
-8.0582e-02,0.255,0.415
-8.0581e-02,0.28,0.125
-8.0579e-02,0.185,0.43
-8.0578e-02,0.22,0.08
-8.0576e-02,0.295,0.475
-8.0574e-02,0.25,0.11
-8.0573e-02,0.245,0.44
-8.0571e-02,0.215,0.13
-8.0570e-02,0.28,0.43
-8.0568e-02,0.275,0.14
-8.0566e-02,0.265,0.415
-8.0565e-02,0.24,0.125
-8.0563e-02,0.32,0.43
-8.0562e-02,0.295,0.135
-8.0560e-02,0.34,0.415
-8.0558e-02,0.32,0.115
-8.0557e-02,0.325,0.44
-8.0555e-02,0.205,0.15
-8.0554e-02,0.18,0.41
-8.0552e-02,0.24,0.135
-8.0550e-02,0.305,0.41
-8.0549e-02,0.28,0.125
-8.0547e-02,0.25,0.43
-8.0546e-02,0.31,0.14
-8.0544e-02,0.345,0.415
-8.0542e-02,0.29,0.12
-8.0541e-02,0.195,0.44
-8.0539e-02,0.24,0.13
-8.0538e-02,0.245,0.425
-8.0536e-02,0.275,0.11
-8.0534e-02,0.225,0.445
-8.0533e-02,0.245,0.11
-8.0531e-02,0.305,0.455
-8.0530e-02,0.31,0.125
-8.0528e-02,0.315,0.43
-8.0526e-02,0.335,0.085
-8.0525e-02,0.36,0.475
-8.0523e-02,0.335,0.145
-8.0522e-02,0.29,0.415
-8.0520e-02,0.305,0.13
-8.0518e-02,0.325,0.43
-8.0517e-02,0.26,0.14
-8.0515e-02,0.2,0.41
-8.0514e-02,0.21,0.145
-8.0512e-02,0.315,0.415
-8.0510e-02,0.29,0.13
-8.0509e-02,0.225,0.425
-8.0507e-02,0.295,0.14
-8.0506e-02,0.35,0.41
-8.0504e-02,0.365,0.135
-8.0502e-02,0.26,0.42
-8.0501e-02,0.295,0.13
-8.0499e-02,0.275,0.425
-8.0498e-02,0.29,0.115
-8.0496e-02,0.23,0.44
-8.0494e-02,0.275,0.105
-8.0493e-02,0.28,0.435
-8.0491e-02,0.275,0.095
-8.0490e-02,0.305,0.45
-8.0488e-02,0.345,0.105
-8.0486e-02,0.325,0.445
-8.0485e-02,0.32,0.125
-8.0483e-02,0.255,0.43
-8.0482e-02,0.33,0.13
-8.0480e-02,0.295,0.425
-8.0478e-02,0.3,0.145
-8.0477e-02,0.22,0.41
-8.0475e-02,0.28,0.125
-8.0474e-02,0.305,0.43
-8.0472e-02,0.29,0.095
-8.0470e-02,0.255,0.45
-8.0469e-02,0.225,0.115
-8.0467e-02,0.31,0.435
-8.0466e-02,0.3,0.105
-8.0464e-02,0.34,0.435
-8.0462e-02,0.205,0.11
-8.0461e-02,0.26,0.43
-8.0459e-02,0.23,0.14
-8.0458e-02,0.335,0.395
-8.0456e-02,0.26,0.115
-8.0454e-02,0.265,0.43
-8.0453e-02,0.27,0.14
-8.0451e-02,0.275,0.41
-8.0450e-02,0.31,0.11
-8.0448e-02,0.305,0.43
-8.0446e-02,0.315,0.14
-8.0445e-02,0.33,0.4
-8.0443e-02,0.29,0.135
-8.0442e-02,0.345,0.41
-8.0440e-02,0.26,0.14
-8.0438e-02,0.305,0.4
-8.0437e-02,0.19,0.11
-8.0435e-02,0.34,0.43
-8.0434e-02,0.3,0.11
-8.0432e-02,0.315,0.435
-8.0430e-02,0.215,0.11
-8.0429e-02,0.24,0.425
-8.0427e-02,0.305,0.1
-8.0426e-02,0.27,0.445
-8.0424e-02,0.265,0.135
-8.0422e-02,0.245,0.41
-8.0421e-02,0.315,0.125
-8.0419e-02,0.295,0.42
-8.0418e-02,0.285,0.135
-8.0416e-02,0.315,0.41
-8.0414e-02,0.295,0.115
-8.0413e-02,0.22,0.43
-8.0411e-02,0.18,0.115
-8.0410e-02,0.275,0.43
-8.0408e-02,0.265,0.125
-8.0406e-02,0.195,0.41
-8.0405e-02,0.22,0.105
-8.0403e-02,0.3,0.435
-8.0402e-02,0.32,0.125
-8.0400e-02,0.27,0.415
-8.0398e-02,0.275,0.12
-8.0397e-02,0.225,0.415
-8.0395e-02,0.275,0.13
-8.0394e-02,0.205,0.415
-8.0392e-02,0.28,0.12
-8.0390e-02,0.27,0.415
-8.0389e-02,0.295,0.12
-8.0387e-02,0.315,0.415
-8.0386e-02,0.31,0.13
-8.0384e-02,0.275,0.405
-8.0382e-02,0.27,0.1
-8.0381e-02,0.255,0.445
-8.0379e-02,0.25,0.13
-8.0378e-02,0.28,0.415
-8.0376e-02,0.355,0.105
-8.0374e-02,0.31,0.43
-8.0373e-02,0.24,0.125
-8.0371e-02,0.22,0.42
-8.0370e-02,0.22,0.13
-8.0368e-02,0.295,0.415
-8.0366e-02,0.205,0.12
-8.0365e-02,0.28,0.41
-8.0363e-02,0.235,0.095
-8.0362e-02,0.35,0.445
-8.0360e-02,0.22,0.11
-8.0358e-02,0.325,0.425
-8.0357e-02,0.23,0.115
-8.0355e-02,0.315,0.42
-8.0354e-02,0.21,0.11
-8.0352e-02,0.375,0.42
-8.0350e-02,0.225,0.115
-8.0349e-02,0.26,0.425
-8.0347e-02,0.265,0.12
-8.0346e-02,0.35,0.425
-8.0344e-02,0.335,0.095
-8.0342e-02,0.255,0.44
-8.0341e-02,0.3,0.115
-8.0339e-02,0.28,0.42
-8.0338e-02,0.3,0.125
-8.0336e-02,0.31,0.415
-8.0334e-02,0.315,0.135
-8.0333e-02,0.365,0.4
-8.0331e-02,0.225,0.11
-8.0330e-02,0.325,0.425
-8.0328e-02,0.29,0.12
-8.0326e-02,0.34,0.415
-8.0325e-02,0.225,0.08
-8.0323e-02,0.245,0.44
-8.0322e-02,0.21,0.105
-8.0320e-02,0.255,0.43
-8.0318e-02,0.24,0.12
-8.0317e-02,0.185,0.41
-8.0315e-02,0.215,0.11
-8.0314e-02,0.11,0.42
-8.0312e-02,0.23,0.11
-8.0310e-02,0.155,0.42
-8.0309e-02,0.255,0.12
-8.0307e-02,0.19,0.41
-8.0306e-02,0.225,0.09
-8.0304e-02,0.23,0.435
-8.0302e-02,0.25,0.115
-8.0301e-02,0.23,0.415
-8.0299e-02,0.19,0.12
-8.0298e-02,0.205,0.41
-8.0296e-02,0.175,0.125
-8.0294e-02,0.215,0.405
-8.0293e-02,0.255,0.12
-8.0291e-02,0.21,0.405
-8.0290e-02,0.255,0.125
-8.0288e-02,0.265,0.405
-8.0286e-02,0.345,0.11
-8.0285e-02,0.305,0.415
-8.0283e-02,0.235,0.1
-8.0282e-02,0.24,0.42
-8.0280e-02,0.275,0.115
-8.0278e-02,0.32,0.405
-8.0277e-02,0.245,0.13
-8.0275e-02,0.215,0.395
-8.0274e-02,0.25,0.11
-8.0272e-02,0.29,0.41
-8.0270e-02,0.275,0.09
-8.0269e-02,0.28,0.445
-8.0267e-02,0.225,0.085
-8.0266e-02,0.305,0.44
-8.0264e-02,0.23,0.065
-8.0262e-02,0.325,0.46
-8.0261e-02,0.245,0.13
-8.0259e-02,0.305,0.4
-8.0258e-02,0.195,0.125
-8.0256e-02,0.205,0.405
-8.0254e-02,0.23,0.125
-8.0253e-02,0.23,0.405
-8.0251e-02,0.165,0.125
-8.0250e-02,0.25,0.405
-8.0248e-02,0.27,0.13
-8.0246e-02,0.335,0.405
-8.0245e-02,0.17,0.11
-8.0243e-02,0.255,0.41
-8.0242e-02,0.22,0.115
-8.0240e-02,0.235,0.415
-8.0238e-02,0.19,0.125
-8.0237e-02,0.165,0.405
-8.0235e-02,0.215,0.12
-8.0234e-02,0.185,0.41
-8.0232e-02,0.225,0.105
-8.0230e-02,0.23,0.43
-8.0229e-02,0.255,0.13
-8.0227e-02,0.18,0.405
-8.0226e-02,0.21,0.13
-8.0224e-02,0.3,0.4
-8.0222e-02,0.285,0.1
-8.0221e-02,0.25,0.425
-8.0219e-02,0.185,0.12
-8.0218e-02,0.275,0.41
-8.0216e-02,0.32,0.11
-8.0214e-02,0.26,0.415
-8.0213e-02,0.255,0.105
-8.0211e-02,0.205,0.415
-8.0210e-02,0.375,0.095
-8.0208e-02,0.295,0.435
-8.0206e-02,0.35,0.11
-8.0205e-02,0.245,0.41
-8.0203e-02,0.345,0.095
-8.0202e-02,0.225,0.43
-8.0200e-02,0.31,0.105
-8.0198e-02,0.265,0.42
-8.0197e-02,0.305,0.115
-8.0195e-02,0.305,0.405
-8.0194e-02,0.315,0.115
-8.0192e-02,0.37,0.41
-8.0190e-02,0.26,0.115
-8.0189e-02,0.195,0.41
-8.0187e-02,0.22,0.115
-8.0186e-02,0.205,0.405
-8.0184e-02,0.27,0.12
-8.0182e-02,0.21,0.4
-8.0181e-02,0.29,0.115
-8.0179e-02,0.25,0.405
-8.0178e-02,0.305,0.105
-8.0176e-02,0.175,0.41
-8.0174e-02,0.29,0.12
-8.0173e-02,0.12,0.4
-8.0171e-02,0.295,0.095
-8.0170e-02,0.245,0.425
-8.0168e-02,0.36,0.1
-8.0166e-02,0.245,0.42
-8.0165e-02,0.25,0.09
-8.0163e-02,0.245,0.425
-8.0162e-02,0.265,0.08
-8.0160e-02,0.27,0.435
-8.0158e-02,0.2,0.115
-8.0157e-02,0.27,0.405
-8.0155e-02,0.26,0.085
-8.0154e-02,0.37,0.425
-8.0152e-02,0.305,0.095
-8.0150e-02,0.395,0.415
-8.0149e-02,0.3,0.105
-8.0147e-02,0.365,0.41
-8.0146e-02,0.275,0.085
-8.0144e-02,0.36,0.43
-8.0142e-02,0.265,0.115
-8.0141e-02,0.22,0.395
-8.0139e-02,0.26,0.095
-8.0138e-02,0.335,0.415
-8.0136e-02,0.265,0.095
-8.0134e-02,0.235,0.42
-8.0133e-02,0.365,0.09
-8.0131e-02,0.335,0.425
-8.0130e-02,0.34,0.11
-8.0128e-02,0.26,0.405
-8.0126e-02,0.335,0.095
-8.0125e-02,0.205,0.42
-8.0123e-02,0.27,0.105
-8.0122e-02,0.23,0.41
-8.0120e-02,0.3,0.105
-8.0118e-02,0.24,0.415
-8.0117e-02,0.265,0.095
-8.0115e-02,0.29,0.41
-8.0114e-02,0.295,0.11
-8.0112e-02,0.21,0.405
-8.0110e-02,0.19,0.09
-8.0109e-02,0.2,0.43
-8.0107e-02,0.25,0.055
-8.0106e-02,0.27,0.46
-8.0104e-02,0.235,0.07
-8.0102e-02,0.29,0.445
-8.0101e-02,0.265,0.105
-8.0099e-02,0.38,0.41
-8.0098e-02,0.295,0.095
-8.0096e-02,0.285,0.42
-8.0094e-02,0.225,0.075
-8.0093e-02,0.29,0.445
-8.0091e-02,0.265,0.095
-8.0090e-02,0.205,0.425
-8.0088e-02,0.155,0.1
-8.0086e-02,0.245,0.42
-8.0085e-02,0.2,0.075
-8.0083e-02,0.22,0.445
-8.0082e-02,0.185,0.085
-8.0080e-02,0.28,0.43
-8.0078e-02,0.195,0.1
-8.0077e-02,0.34,0.42
-8.0075e-02,0.27,0.085
-8.0074e-02,0.345,0.43
-8.0072e-02,0.215,0.075
-8.0070e-02,0.42,0.44
-8.0069e-02,0.35,0.08
-8.0067e-02,0.31,0.425
-8.0066e-02,0.23,0.08
-8.0064e-02,0.3,0.435
-8.0062e-02,0.28,0.08
-8.0061e-02,0.265,0.44
-8.0059e-02,0.24,0.105
-8.0058e-02,0.2,0.41
-8.0056e-02,0.255,0.115
-8.0054e-02,0.19,0.395
-8.0053e-02,0.35,0.11
-8.0051e-02,0.17,0.395
-8.0050e-02,0.275,0.105
-8.0048e-02,0.275,0.42
-8.0046e-02,0.315,0.1
-8.0045e-02,0.225,0.415
-8.0043e-02,0.28,0.105
-8.0042e-02,0.27,0.41
-8.0040e-02,0.225,0.08
-8.0038e-02,0.275,0.435
-8.0037e-02,0.24,0.09
-8.0035e-02,0.23,0.42
-8.0034e-02,0.15,0.095
-8.0032e-02,0.26,0.41
-8.0030e-02,0.24,0.105
-8.0029e-02,0.21,0.405
-8.0027e-02,0.145,0.07
-8.0026e-02,0.335,0.435
-8.0024e-02,0.245,0.07
-8.0022e-02,0.33,0.44
-8.0021e-02,0.255,0.115
-8.0019e-02,0.37,0.395
-8.0018e-02,0.345,0.085
-8.0016e-02,0.345,0.415
-8.0014e-02,0.32,0.085
-8.0013e-02,0.225,0.41
-8.0011e-02,0.275,0.055
-8.0010e-02,0.245,0.44
-8.0008e-02,0.26,0.08
-8.0006e-02,0.2,0.415
-8.0005e-02,0.275,0.095
-8.0003e-02,0.205,0.405
-8.0002e-02,0.235,0.095
-8.0000e-02,0.265,0.4
-7.9998e-02,0.36,0.1
-7.9997e-02,0.24,0.395
-7.9995e-02,0.22,0.105
-7.9994e-02,0.23,0.395
-7.9992e-02,0.295,0.1
-7.9990e-02,0.15,0.4
-7.9989e-02,0.22,0.095
-7.9987e-02,0.195,0.41
-7.9986e-02,0.325,0.1
-7.9984e-02,0.26,0.4
-7.9982e-02,0.325,0.075
-7.9981e-02,0.225,0.42
-7.9979e-02,0.3,0.08
-7.9978e-02,0.29,0.42
-7.9976e-02,0.225,0.08
-7.9974e-02,0.265,0.41
-7.9973e-02,0.195,0.085
-7.9971e-02,0.23,0.405
-7.9970e-02,0.215,0.095
-7.9968e-02,0.355,0.4
-7.9966e-02,0.215,0.11
-7.9965e-02,0.28,0.385
-7.9963e-02,0.225,0.105
-7.9962e-02,0.35,0.395
-7.9960e-02,0.245,0.085
-7.9958e-02,0.325,0.415
-7.9957e-02,0.23,0.055
-7.9955e-02,0.28,0.44
-7.9954e-02,0.255,0.08
-7.9952e-02,0.315,0.415
-7.9950e-02,0.205,0.07
-7.9949e-02,0.25,0.425
-7.9947e-02,0.17,0.085
-7.9946e-02,0.19,0.415
-7.9944e-02,0.285,0.08
-7.9942e-02,0.245,0.415
-7.9941e-02,0.32,0.08
-7.9939e-02,0.28,0.425
-7.9938e-02,0.315,0.09
-7.9936e-02,0.305,0.405
-7.9934e-02,0.375,0.08
-7.9933e-02,0.32,0.42
-7.9931e-02,0.195,0.095
-7.9930e-02,0.315,0.405
-7.9928e-02,0.295,0.085
-7.9926e-02,0.275,0.42
-7.9925e-02,0.245,0.085
-7.9923e-02,0.24,0.42
-7.9922e-02,0.3,0.085
-7.9920e-02,0.31,0.42
-7.9918e-02,0.23,0.09
-7.9917e-02,0.285,0.415
-7.9915e-02,0.22,0.09
-7.9914e-02,0.19,0.415
-7.9912e-02,0.195,0.07
-7.9910e-02,0.255,0.43
-7.9909e-02,0.16,0.085
-7.9907e-02,0.17,0.415
-7.9906e-02,0.195,0.105
-7.9904e-02,0.36,0.4
-7.9902e-02,0.305,0.1
-7.9901e-02,0.29,0.405
-7.9899e-02,0.31,0.085
-7.9898e-02,0.27,0.42
-7.9896e-02,0.34,0.085
-7.9894e-02,0.295,0.42
-7.9893e-02,0.27,0.11
-7.9891e-02,0.265,0.395
-7.9890e-02,0.325,0.095
-7.9888e-02,0.255,0.41
-7.9886e-02,0.27,0.1
-7.9885e-02,0.275,0.395
-7.9883e-02,0.315,0.1
-7.9882e-02,0.305,0.41
-7.9880e-02,0.3,0.1
-7.9878e-02,0.345,0.4
-7.9877e-02,0.24,0.1
-7.9875e-02,0.2,0.395
-7.9874e-02,0.2,0.09
-7.9872e-02,0.235,0.4
-7.9870e-02,0.31,0.075
-7.9869e-02,0.26,0.42
-7.9867e-02,0.275,0.08
-7.9866e-02,0.285,0.415
-7.9864e-02,0.35,0.095
-7.9862e-02,0.175,0.4
-7.9861e-02,0.24,0.1
-7.9859e-02,0.185,0.4
-7.9858e-02,0.255,0.085
-7.9856e-02,0.185,0.41
-7.9854e-02,0.245,0.09
-7.9853e-02,0.245,0.4
-7.9851e-02,0.195,0.075
-7.9850e-02,0.19,0.415
-7.9848e-02,0.16,0.045
-7.9846e-02,0.33,0.445
-7.9845e-02,0.175,0.055
-7.9843e-02,0.31,0.425
-7.9842e-02,0.21,0.08
-7.9840e-02,0.265,0.415
-7.9838e-02,0.305,0.08
-7.9837e-02,0.29,0.4
-7.9835e-02,0.225,0.075
-7.9834e-02,0.18,0.41
-7.9832e-02,0.285,0.09
-7.9830e-02,0.22,0.395
-7.9829e-02,0.25,0.08
-7.9827e-02,0.145,0.4
-7.9826e-02,0.27,0.1
-7.9824e-02,0.15,0.39
-7.9822e-02,0.255,0.07
-7.9821e-02,0.185,0.41
-7.9819e-02,0.195,0.065
-7.9818e-02,0.115,0.41
-7.9816e-02,0.235,0.08
-7.9814e-02,0.27,0.4
-7.9813e-02,0.195,0.06
-7.9811e-02,0.175,0.425
-7.9810e-02,0.26,0.065
-7.9808e-02,0.26,0.415
-7.9806e-02,0.215,0.055
-7.9805e-02,0.2,0.43
-7.9803e-02,0.215,0.095
-7.9802e-02,0.185,0.38
-7.9800e-02,0.23,0.08
-7.9798e-02,0.24,0.4
-7.9797e-02,0.26,0.085
-7.9795e-02,0.165,0.405
-7.9794e-02,0.195,0.07
-7.9792e-02,0.235,0.41
-7.9790e-02,0.19,0.065
-7.9789e-02,0.275,0.415
-7.9787e-02,0.235,0.095
-7.9786e-02,0.255,0.395
-7.9784e-02,0.265,0.08
-7.9782e-02,0.345,0.4
-7.9781e-02,0.22,0.07
-7.9779e-02,0.18,0.41
-7.9778e-02,0.25,0.09
-7.9776e-02,0.22,0.39
-7.9774e-02,0.195,0.075
-7.9773e-02,0.175,0.41
-7.9771e-02,0.22,0.075
-7.9770e-02,0.195,0.41
-7.9768e-02,0.29,0.085
-7.9766e-02,0.27,0.395
-7.9765e-02,0.3,0.1
-7.9763e-02,0.29,0.385
-7.9762e-02,0.355,0.095
-7.9760e-02,0.285,0.39
-7.9758e-02,0.325,0.07
-7.9757e-02,0.24,0.415
-7.9755e-02,0.215,0.065
-7.9754e-02,0.225,0.415
-7.9752e-02,0.31,0.065
-7.9750e-02,0.19,0.41
-7.9749e-02,0.19,0.06
-7.9747e-02,0.185,0.42
-7.9746e-02,0.245,0.085
-7.9744e-02,0.175,0.4
-7.9742e-02,0.185,0.095
-7.9741e-02,0.15,0.39
-7.9739e-02,0.16,0.07
-7.9738e-02,0.245,0.405
-7.9736e-02,0.23,0.095
-7.9734e-02,0.225,0.385
-7.9733e-02,0.2,0.06
-7.9731e-02,0.33,0.42
-7.9730e-02,0.25,0.07
-7.9728e-02,0.35,0.41
-7.9726e-02,0.28,0.09
-7.9725e-02,0.255,0.39
-7.9723e-02,0.255,0.055
-7.9722e-02,0.265,0.42
-7.9720e-02,0.205,0.085
-7.9718e-02,0.185,0.395
-7.9717e-02,0.15,0.09
-7.9715e-02,0.15,0.395
-7.9714e-02,0.225,0.065
-7.9712e-02,0.2,0.41
-7.9710e-02,0.17,0.07
-7.9709e-02,0.25,0.41
-7.9707e-02,0.34,0.09
-7.9706e-02,0.3,0.395
-7.9704e-02,0.225,0.07
-7.9702e-02,0.335,0.405
-7.9701e-02,0.265,0.065
-7.9699e-02,0.325,0.41
-7.9698e-02,0.19,0.095
-7.9696e-02,0.15,0.38
-7.9694e-02,0.205,0.085
-7.9693e-02,0.205,0.395
-7.9691e-02,0.155,0.06
-7.9690e-02,0.2,0.41
-7.9688e-02,0.22,0.085
-7.9686e-02,0.285,0.39
-7.9685e-02,0.21,0.1
-7.9683e-02,0.36,0.385
-7.9682e-02,0.29,0.065
-7.9680e-02,0.25,0.415
-7.9678e-02,0.23,0.08
-7.9677e-02,0.25,0.4
-7.9675e-02,0.24,0.09
-7.9674e-02,0.285,0.39
-7.9672e-02,0.195,0.065
-7.9670e-02,0.255,0.4
-7.9669e-02,0.305,0.095
-7.9667e-02,0.235,0.37
-7.9666e-02,0.14,0.09
-7.9664e-02,0.29,0.385
-7.9662e-02,0.21,0.08
-7.9661e-02,0.255,0.39
-7.9659e-02,0.2,0.085
-7.9658e-02,0.235,0.38
-7.9656e-02,0.21,0.085
-7.9654e-02,0.25,0.38
-7.9653e-02,0.2,0.08
-7.9651e-02,0.195,0.38
-7.9650e-02,0.175,0.09
-7.9648e-02,0.285,0.375
-7.9646e-02,0.15,0.07
-7.9645e-02,0.255,0.395
-7.9643e-02,0.15,0.07
-7.9642e-02,0.225,0.405
-7.9640e-02,0.195,0.08
-7.9638e-02,0.325,0.395
-7.9637e-02,0.17,0.045
-7.9635e-02,0.235,0.425
-7.9634e-02,0.24,0.065
-7.9632e-02,0.27,0.4
-7.9630e-02,0.215,0.07
-7.9629e-02,0.235,0.395
-7.9627e-02,0.19,0.095
-7.9626e-02,0.205,0.37
-7.9624e-02,0.25,0.04
-7.9622e-02,0.2,0.425
-7.9621e-02,0.135,0.065
-7.9619e-02,0.23,0.395
-7.9618e-02,0.3,0.07
-7.9616e-02,0.21,0.395
-7.9614e-02,0.245,0.07
-7.9613e-02,0.27,0.405
-7.9611e-02,0.3,0.08
-7.9610e-02,0.275,0.39
-7.9608e-02,0.255,0.095
-7.9606e-02,0.255,0.365
-7.9605e-02,0.28,0.06
-7.9603e-02,0.255,0.4
-7.9602e-02,0.2,0.085
-7.9600e-02,0.155,0.37
-7.9598e-02,0.215,0.03
-7.9597e-02,0.16,0.43
-7.9595e-02,0.245,0.055
-7.9594e-02,0.2,0.415
-7.9592e-02,0.29,0.02
-7.9590e-02,0.21,0.45
-7.9589e-02,0.365,0.085
-7.9587e-02,0.285,0.38
-7.9586e-02,0.225,0.075
-7.9584e-02,0.175,0.39
-7.9582e-02,0.2,0.06
-7.9581e-02,0.295,0.395
-7.9579e-02,0.135,0.075
-7.9578e-02,0.205,0.395
-7.9576e-02,0.12,0.09
-7.9574e-02,0.225,0.37
-7.9573e-02,0.17,0.07
-7.9571e-02,0.245,0.39
-7.9570e-02,0.235,0.08
-7.9568e-02,0.28,0.38
-7.9566e-02,0.305,0.05
-7.9565e-02,0.24,0.41
-7.9563e-02,0.19,0.085
-7.9562e-02,0.205,0.37
-7.9560e-02,0.255,0.08
-7.9558e-02,0.275,0.38
-7.9557e-02,0.27,0.06
-7.9555e-02,0.275,0.395
-7.9554e-02,0.28,0.085
-7.9552e-02,0.275,0.375
-7.9550e-02,0.25,0.07
-7.9549e-02,0.25,0.39
-7.9547e-02,0.195,0.06
-7.9546e-02,0.205,0.405
-7.9544e-02,0.235,0.065
-7.9542e-02,0.245,0.4
-7.9541e-02,0.195,0.06
-7.9539e-02,0.135,0.395
-7.9538e-02,0.3,0.055
-7.9536e-02,0.26,0.4
-7.9534e-02,0.28,0.06
-7.9533e-02,0.17,0.395
-7.9531e-02,0.26,0.075
-7.9530e-02,0.24,0.39
-7.9528e-02,0.185,0.06
-7.9526e-02,0.23,0.405
-7.9525e-02,0.205,0.07
-7.9523e-02,0.18,0.39
-7.9522e-02,0.165,0.065
-7.9520e-02,0.285,0.395
-7.9518e-02,0.28,0.075
-7.9517e-02,0.275,0.38
-7.9515e-02,0.26,0.075
-7.9514e-02,0.38,0.38
-7.9512e-02,0.275,0.07
-7.9510e-02,0.33,0.385
-7.9509e-02,0.2,0.05
-7.9507e-02,0.245,0.405
-7.9506e-02,0.195,0.08
-7.9504e-02,0.285,0.385
-7.9502e-02,0.26,0.07
-7.9501e-02,0.27,0.39
-7.9499e-02,0.19,0.07
-7.9498e-02,0.29,0.39
-7.9496e-02,0.29,0.08
-7.9494e-02,0.29,0.38
-7.9493e-02,0.24,0.085
-7.9491e-02,0.295,0.37
-7.9490e-02,0.26,0.07
-7.9488e-02,0.295,0.385
-7.9486e-02,0.265,0.05
-7.9485e-02,0.16,0.405
-7.9483e-02,0.11,0.07
-7.9482e-02,0.155,0.39
-7.9480e-02,0.21,0.055
-7.9478e-02,0.185,0.395
-7.9477e-02,0.135,0.08
-7.9475e-02,0.255,0.38
-7.9474e-02,0.2,0.08
-7.9472e-02,0.305,0.38
-7.9470e-02,0.235,0.07
-7.9469e-02,0.365,0.385
-7.9467e-02,0.23,0.085
-7.9466e-02,0.19,0.365
-7.9464e-02,0.3,0.055
-7.9462e-02,0.28,0.39
-7.9461e-02,0.255,0.06
-7.9459e-02,0.235,0.395
-7.9458e-02,0.225,0.05
-7.9456e-02,0.265,0.4
-7.9454e-02,0.265,0.07
-7.9453e-02,0.215,0.38
-7.9451e-02,0.16,0.07
-7.9450e-02,0.225,0.375
-7.9448e-02,0.16,0.07
-7.9446e-02,0.215,0.375
-7.9445e-02,0.19,0.065
-7.9443e-02,0.24,0.38
-7.9442e-02,0.17,0.05
-7.9440e-02,0.28,0.4
-7.9438e-02,0.26,0.065
-7.9437e-02,0.215,0.38
-7.9435e-02,0.27,0.055
-7.9434e-02,0.17,0.395
-7.9432e-02,0.245,0.045
-7.9430e-02,0.225,0.4
-7.9429e-02,0.215,0.055
-7.9427e-02,0.115,0.385
-7.9426e-02,0.19,0.06
-7.9424e-02,0.14,0.38
-7.9422e-02,0.155,0.05
-7.9421e-02,0.15,0.39
-7.9419e-02,0.165,0.06
-7.9418e-02,0.18,0.39
-7.9416e-02,0.205,0.065
-7.9414e-02,0.275,0.39
-7.9413e-02,0.23,0.065
-7.9411e-02,0.205,0.38
-7.9410e-02,0.17,0.065
-7.9408e-02,0.205,0.38
-7.9406e-02,0.26,0.05
-7.9405e-02,0.195,0.38
-7.9403e-02,0.27,0.07
-7.9402e-02,0.285,0.37
-7.9400e-02,0.285,0.07
-7.9398e-02,0.29,0.375
-7.9397e-02,0.22,0.045
-7.9395e-02,0.21,0.39
-7.9394e-02,0.255,0.03
-7.9392e-02,0.21,0.41
-7.9390e-02,0.17,0.03
-7.9389e-02,0.235,0.4
-7.9387e-02,0.18,0.035
-7.9386e-02,0.23,0.405
-7.9384e-02,0.245,0.05
-7.9382e-02,0.195,0.39
-7.9381e-02,0.175,0.045
-7.9379e-02,0.195,0.39
-7.9378e-02,0.145,0.045
-7.9376e-02,0.285,0.395
-7.9374e-02,0.1,0.055
-7.9373e-02,0.24,0.39
-7.9371e-02,0.16,0.055
-7.9370e-02,0.255,0.385
-7.9368e-02,0.22,0.05
-7.9366e-02,0.225,0.39
-7.9365e-02,0.195,0.045
-7.9363e-02,0.24,0.395
-7.9362e-02,0.29,0.065
-7.9360e-02,0.22,0.375
-7.9358e-02,0.175,0.035
-7.9357e-02,0.22,0.405
-7.9355e-02,0.245,0.07
-7.9354e-02,0.235,0.37
-7.9352e-02,0.115,0.075
-7.9350e-02,0.225,0.36
-7.9349e-02,0.22,0.03
-7.9347e-02,0.18,0.41
-7.9346e-02,0.21,0.035
-7.9344e-02,0.22,0.41
-7.9342e-02,0.2,0.05
-7.9341e-02,0.26,0.385
-7.9339e-02,0.27,0.035
-7.9338e-02,0.23,0.41
-7.9336e-02,0.295,0.06
-7.9334e-02,0.25,0.375
-7.9333e-02,0.29,0.065
-7.9331e-02,0.335,0.375
-7.9330e-02,0.205,0.06
-7.9328e-02,0.27,0.375
-7.9326e-02,0.245,0.07
-7.9325e-02,0.315,0.365
-7.9323e-02,0.3,0.07
-7.9322e-02,0.22,0.375
-7.9320e-02,0.175,0.06
-7.9318e-02,0.27,0.385
-7.9317e-02,0.255,0.07
-7.9315e-02,0.13,0.365
-7.9314e-02,0.165,0.055
-7.9312e-02,0.21,0.375
-7.9310e-02,0.175,0.045
-7.9309e-02,0.21,0.4
-7.9307e-02,0.215,0.025
-7.9306e-02,0.16,0.41
-7.9304e-02,0.265,0.065
-7.9302e-02,0.145,0.37
-7.9301e-02,0.28,0.08
-7.9299e-02,0.14,0.355
-7.9298e-02,0.215,0.055
-7.9296e-02,0.21,0.375
-7.9294e-02,0.305,0.07
-7.9293e-02,0.155,0.36
-7.9291e-02,0.17,0.04
-7.9290e-02,0.225,0.39
-7.9288e-02,0.215,0.07
-7.9286e-02,0.225,0.37
-7.9285e-02,0.22,0.055
-7.9283e-02,0.215,0.375
-7.9282e-02,0.285,0.075
-7.9280e-02,0.3,0.36
-7.9278e-02,0.215,0.05
-7.9277e-02,0.225,0.38
-7.9275e-02,0.225,0.06
-7.9274e-02,0.185,0.36
-7.9272e-02,0.235,0.035
-7.9270e-02,0.185,0.39
-7.9269e-02,0.17,0.035
-7.9267e-02,0.185,0.39
-7.9266e-02,0.21,0.035
-7.9264e-02,0.23,0.39
-7.9262e-02,0.155,0.05
-7.9261e-02,0.24,0.375
-7.9259e-02,0.235,0.06
-7.9258e-02,0.285,0.365
-7.9256e-02,0.305,0.035
-7.9254e-02,0.21,0.39
-7.9253e-02,0.23,0.045
-7.9251e-02,0.27,0.375
-7.9250e-02,0.2,0.045
-7.9248e-02,0.215,0.375
-7.9246e-02,0.11,0.02
-7.9245e-02,0.225,0.405
-7.9243e-02,0.185,0.04
-7.9242e-02,0.21,0.39
-7.9240e-02,0.055,0.055
-7.9238e-02,0.175,0.365
-7.9237e-02,0.165,0.035
-7.9235e-02,0.15,0.395
-7.9234e-02,0.125,0.065
-7.9232e-02,0.15,0.365
-7.9230e-02,0.265,0.02
-7.9229e-02,0.18,0.4
-7.9227e-02,0.265,0.03
-7.9226e-02,0.2,0.4
-7.9224e-02,0.27,0.065
-7.9222e-02,0.35,0.365
-7.9221e-02,0.21,0.045
-7.9219e-02,0.31,0.385
-7.9218e-02,0.205,0.065
-7.9216e-02,0.24,0.36
-7.9214e-02,0.155,0.03
-7.9213e-02,0.24,0.395
-7.9211e-02,0.165,0.04
-7.9210e-02,0.125,0.395
-7.9208e-02,0.18,0.055
-7.9206e-02,0.195,0.36
-7.9205e-02,0.215,0.06
-7.9203e-02,0.155,0.36
-7.9202e-02,0.24,0.045
-7.9200e-02,0.255,0.375
-7.9198e-02,0.3,0.06
-7.9197e-02,0.235,0.37
-7.9195e-02,0.215,0.045
-7.9194e-02,0.3,0.375
-7.9192e-02,0.235,0.06
-7.9190e-02,0.245,0.37
-7.9189e-02,0.225,0.045
-7.9187e-02,0.285,0.38
-7.9186e-02,0.29,0.05
-7.9184e-02,0.26,0.375
-7.9182e-02,0.245,0.055
-7.9181e-02,0.195,0.37
-7.9179e-02,0.265,0.055
-7.9178e-02,0.23,0.375
-7.9176e-02,0.185,0.06
-7.9174e-02,0.21,0.37
-7.9173e-02,0.23,0.035
-7.9171e-02,0.22,0.4
-7.9170e-02,0.355,0.05
-7.9168e-02,0.22,0.37
-7.9166e-02,0.3,0.06
-7.9165e-02,0.265,0.365
-7.9163e-02,0.3,0.055
-7.9162e-02,0.25,0.37
-7.9160e-02,0.195,0.07
-7.9158e-02,0.175,0.35
-7.9157e-02,0.165,0.07
-7.9155e-02,0.185,0.36
-7.9154e-02,0.155,0.05
-7.9152e-02,0.085,0.375
-7.9150e-02,0.195,0.055
-7.9149e-02,0.255,0.37
-7.9147e-02,0.225,0.07
-7.9146e-02,0.29,0.35
-7.9144e-02,0.21,0.035
-7.9142e-02,0.305,0.39
-7.9141e-02,0.205,0.06
-7.9139e-02,0.23,0.355
-7.9138e-02,0.195,0.035
-7.9136e-02,0.175,0.385
-7.9134e-02,0.165,0.05
-7.9133e-02,0.245,0.365
-7.9131e-02,0.135,0.06
-7.9130e-02,0.2,0.355
-7.9128e-02,0.175,0.05
-7.9126e-02,0.16,0.365
-7.9125e-02,0.19,0.06
-7.9123e-02,0.15,0.35
-7.9122e-02,0.1,0.035
-7.9120e-02,0.22,0.38
-7.9118e-02,0.17,0.055
-7.9117e-02,0.225,0.355
-7.9115e-02,0.19,0.055
-7.9114e-02,0.18,0.35
-7.9112e-02,0.255,0.05
-7.9110e-02,0.245,0.355
-7.9109e-02,0.15,0.06
-7.9107e-02,0.19,0.355
-7.9106e-02,0.145,0.06
-7.9104e-02,0.185,0.35
-7.9102e-02,0.255,0.05
-7.9101e-02,0.15,0.36
-7.9099e-02,0.245,0.055
-7.9098e-02,0.15,0.355
-7.9096e-02,0.275,0.04
-7.9094e-02,0.245,0.365
-7.9093e-02,0.255,0.025
-7.9091e-02,0.165,0.38
-7.9090e-02,0.245,0.045
-7.9088e-02,0.185,0.37
-7.9086e-02,0.23,0.035
-7.9085e-02,0.09,0.375
-7.9083e-02,0.185,0.035
-7.9082e-02,0.195,0.37
-7.9080e-02,0.18,0.05
-7.9078e-02,0.21,0.35
-7.9077e-02,0.155,0.04
-7.9075e-02,0.19,0.36
-7.9074e-02,0.2,0.035
-7.9072e-02,0.16,0.365
-7.9070e-02,0.165,0.025
-7.9069e-02,0.16,0.375
-7.9067e-02,0.095,0.04
-7.9066e-02,0.16,0.37
-7.9064e-02,0.17,0.02
-7.9062e-02,0.21,0.395
-7.9061e-02,0.16,0.01
-7.9059e-02,0.135,0.395
-7.9058e-02,0.225,0.01
-7.9056e-02,0.2,0.4
-7.9054e-02,0.245,0.055
-7.9053e-02,0.155,0.35
-7.9051e-02,0.215,0.035
-7.9050e-02,0.17,0.37
-7.9048e-02,0.275,0.035
-7.9046e-02,0.145,0.375
-7.9045e-02,0.21,0.005
-7.9043e-02,0.16,0.4
-7.9042e-02,0.2,0.05
-7.9040e-02,0.185,0.355
-7.9038e-02,0.23,0.04
-7.9037e-02,0.215,0.365
-7.9035e-02,0.13,0.035
-7.9034e-02,0.22,0.375
-7.9032e-02,0.18,0.055
-7.9030e-02,0.225,0.35
-7.9029e-02,0.12,0.035
-7.9027e-02,0.15,0.37
-7.9026e-02,0.265,0.04
-7.9024e-02,0.19,0.37
-7.9022e-02,0.22,0.045
-7.9021e-02,0.22,0.365
-7.9019e-02,0.205,0.05
-7.9018e-02,0.335,0.355
-7.9016e-02,0.24,0.045
-7.9014e-02,0.295,0.35
-7.9013e-02,0.265,0.045
-7.9011e-02,0.195,0.355
-7.9010e-02,0.225,0.04
-7.9008e-02,0.195,0.365
-7.9006e-02,0.23,0.04
-7.9005e-02,0.135,0.37
-7.9003e-02,0.055,0.045
-7.9002e-02,0.155,0.35
-7.9000e-02,0.17,0.03
-7.8998e-02,0.21,0.375
-7.8997e-02,0.17,0.035
-7.8995e-02,0.175,0.375
-7.8994e-02,0.255,0.055
-7.8992e-02,0.26,0.35
-7.8990e-02,0.195,0.035
-7.8989e-02,0.18,0.36
-7.8987e-02,0.105,0.045
-7.8986e-02,0.185,0.36
-7.8984e-02,0.12,0.045
-7.8982e-02,0.22,0.355
-7.8981e-02,0.195,0.025
-7.8979e-02,0.265,0.365
-7.8978e-02,0.19,0.04
-7.8976e-02,0.32,0.355
-7.8974e-02,0.15,0.05
-7.8973e-02,0.26,0.355
-7.8971e-02,0.15,0.025
-7.8970e-02,0.28,0.375
-7.8968e-02,0.19,0.025
-7.8966e-02,0.15,0.385
-7.8965e-02,0.17,-0.015
-7.8963e-02,0.195,0.415
-7.8962e-02,0.205,0.035
-7.8960e-02,0.245,0.365
-7.8958e-02,0.12,0.04
-7.8957e-02,0.215,0.365
-7.8955e-02,0.165,0.025
-7.8954e-02,0.19,0.37
-7.8952e-02,0.14,0.04
-7.8950e-02,0.09,0.365
-7.8949e-02,0.125,0.015
-7.8947e-02,0.145,0.385
-7.8946e-02,0.185,0.04
-7.8944e-02,0.155,0.36
-7.8942e-02,0.195,0.015
-7.8941e-02,0.19,0.375
-7.8939e-02,0.235,0.05
-7.8938e-02,0.255,0.345
-7.8936e-02,0.185,0.01
-7.8934e-02,0.16,0.39
-7.8933e-02,0.18,0.04
-7.8931e-02,0.17,0.35
-7.8930e-02,0.2,0.055
-7.8928e-02,0.105,0.34
-7.8926e-02,0.17,0.02
-7.8925e-02,0.24,0.365
-7.8923e-02,0.165,0.035
-7.8922e-02,0.27,0.355
-7.8920e-02,0.09,0.03
-7.8918e-02,0.315,0.365
-7.8917e-02,0.195,0.045
-7.8915e-02,0.24,0.345
-7.8914e-02,0.19,0.04
-7.8912e-02,0.245,0.35
-7.8910e-02,0.16,0.05
-7.8909e-02,0.27,0.345
-7.8907e-02,0.205,0.015
-7.8906e-02,0.2,0.385
-7.8904e-02,0.14,0.015
-7.8902e-02,0.2,0.375
-7.8901e-02,0.21,0.03
-7.8899e-02,0.25,0.36
-7.8898e-02,0.225,0.03
-7.8896e-02,0.11,0.355
-7.8894e-02,0.245,0.04
-7.8893e-02,0.115,0.345
-7.8891e-02,0.2,0.015
-7.8890e-02,0.09,0.38
-7.8888e-02,0.15,0.025
-7.8886e-02,0.225,0.355
-7.8885e-02,0.21,0.045
-7.8883e-02,0.19,0.345
-7.8882e-02,0.215,0.02
-7.8880e-02,0.265,0.37
-7.8878e-02,0.225,0.045
-7.8877e-02,0.255,0.335
-7.8875e-02,0.085,0.05
-7.8874e-02,0.205,0.34
-7.8872e-02,0.145,0.045
-7.8870e-02,0.2,0.335
-7.8869e-02,0.145,0.035
-7.8867e-02,0.185,0.35
-7.8866e-02,0.15,0.03
-7.8864e-02,0.275,0.36
-7.8862e-02,0.19,0.03
-7.8861e-02,0.205,0.35
-7.8859e-02,0.155,0.035
-7.8858e-02,0.225,0.35
-7.8856e-02,0.19,0.045
-7.8854e-02,0.235,0.335
-7.8853e-02,0.12,0.05
-7.8851e-02,0.14,0.335
-7.8850e-02,0.165,0.04
-7.8848e-02,0.165,0.34
-7.8846e-02,0.105,0.015
-7.8845e-02,0.135,0.365
-7.8843e-02,0.15,0.035
-7.8842e-02,0.14,0.34
-7.8840e-02,0.245,0.01
-7.8838e-02,0.17,0.38
-7.8837e-02,0.2,0.03
-7.8835e-02,0.22,0.345
-7.8834e-02,0.19,0.02
-7.8832e-02,0.28,0.36
-7.8830e-02,0.24,0.04
-7.8829e-02,0.18,0.34
-7.8827e-02,0.15,0.025
-7.8826e-02,0.295,0.345
-7.8824e-02,0.16,0.025
-7.8822e-02,0.175,0.355
-7.8821e-02,0.15,0.025
-7.8819e-02,0.23,0.355
-7.8818e-02,0.165,0.055
-7.8816e-02,0.2,0.325
-7.8814e-02,0.135,0.025
-7.8813e-02,0.215,0.355
-7.8811e-02,0.175,0.035
-7.8810e-02,0.2,0.345
-7.8808e-02,0.28,0.035
-7.8806e-02,0.19,0.35
-7.8805e-02,0.18,0.045
-7.8803e-02,0.25,0.33
-7.8802e-02,0.255,0.03
-7.8800e-02,0.185,0.35
-7.8798e-02,0.2,0.015
-7.8797e-02,0.215,0.365
-7.8795e-02,0.19,0.025
-7.8794e-02,0.22,0.35
-7.8792e-02,0.16,0.015
-7.8790e-02,0.17,0.355
-7.8789e-02,0.2,0.03
-7.8787e-02,0.25,0.345
-7.8786e-02,0.13,0.03
-7.8784e-02,0.165,0.35
-7.8782e-02,0.12,0.035
-7.8781e-02,0.13,0.345
-7.8779e-02,0.295,0.025
-7.8778e-02,0.18,0.355
-7.8776e-02,0.2,0.04
-7.8774e-02,0.19,0.345
-7.8773e-02,0.17,0.01
-7.8771e-02,0.175,0.37
-7.8770e-02,0.28,0.005
-7.8768e-02,0.105,0.37
-7.8766e-02,0.185,0.015
-7.8765e-02,0.205,0.37
-7.8763e-02,0.17,0.035
-7.8762e-02,0.17,0.355
-7.8760e-02,0.15,0.025
-7.8758e-02,0.23,0.345
-7.8757e-02,0.195,0.005
-7.8755e-02,0.15,0.375
-7.8754e-02,0.055,0.02
-7.8752e-02,0.105,0.36
-7.8750e-02,0.145,0.025
-7.8749e-02,0.15,0.35
-7.8747e-02,0.185,0.015
-7.8746e-02,0.215,0.36
-7.8744e-02,0.17,0.035
-7.8742e-02,0.205,0.35
-7.8741e-02,0.26,-0.01
-7.8739e-02,0.165,0.385
-7.8738e-02,0.21,0.005
-7.8736e-02,0.15,0.37
-7.8734e-02,0.205,0.02
-7.8733e-02,0.225,0.36
-7.8731e-02,0.215,0.02
-7.8730e-02,0.185,0.36
-7.8728e-02,0.185,0.03
-7.8726e-02,0.335,0.345
-7.8725e-02,0.2,0.035
-7.8723e-02,0.225,0.34
-7.8722e-02,0.155,0.015
-7.8720e-02,0.18,0.355
-7.8718e-02,0.16,0.035
-7.8717e-02,0.115,0.34
-7.8715e-02,0.115,0.03
-7.8714e-02,0.19,0.34
-7.8712e-02,0.125,0.005
-7.8710e-02,0.23,0.365
-7.8709e-02,0.15,0.025
-7.8707e-02,0.105,0.35
-7.8706e-02,0.155,0.03
-7.8704e-02,0.16,0.34
-7.8702e-02,0.245,0.025
-7.8701e-02,0.19,0.34
-7.8699e-02,0.185,0.025
-7.8698e-02,0.175,0.34
-7.8696e-02,0.29,0.015
-7.8694e-02,0.14,0.35
-7.8693e-02,0.3,-0.035
-7.8691e-02,0.095,0.39
-7.8690e-02,0.27,0.025
-7.8688e-02,0.245,0.335
-7.8686e-02,0.235,0
-7.8685e-02,0.22,0.36
-7.8683e-02,0.165,0.025
-7.8682e-02,0.19,0.33
-7.8680e-02,0.155,0.03
-7.8678e-02,0.18,0.335
-7.8677e-02,0.105,0.025
-7.8675e-02,0.18,0.335
-7.8674e-02,0.13,0.03
-7.8672e-02,0.225,0.32
-7.8670e-02,0.205,0.04
-7.8669e-02,0.135,0.315
-7.8667e-02,0.16,0.025
-7.8666e-02,0.15,0.33
-7.8664e-02,0.22,0.02
-7.8662e-02,0.13,0.335
-7.8661e-02,0.135,0.015
-7.8659e-02,0.15,0.345
-7.8658e-02,0.165,0.03
-7.8656e-02,0.185,0.33
-7.8654e-02,0.2,0.01
-7.8653e-02,0.165,0.35
-7.8651e-02,0.17,0.015
-7.8650e-02,0.19,0.335
-7.8648e-02,0.13,0.02
-7.8646e-02,0.24,0.335
-7.8645e-02,0.155,0.005
-7.8643e-02,0.095,0.35
-7.8642e-02,0.215,0.025
-7.8640e-02,0.2,0.325
-7.8638e-02,0.215,0.025
-7.8637e-02,0.16,0.335
-7.8635e-02,0.1,0.01
-7.8634e-02,0.19,0.355
-7.8632e-02,0.195,0
-7.8630e-02,0.22,0.355
-7.8629e-02,0.25,0.015
-7.8627e-02,0.17,0.35
-7.8626e-02,0.15,0.03
-7.8624e-02,0.215,0.33
-7.8622e-02,0.155,0.035
-7.8621e-02,0.235,0.32
-7.8619e-02,0.05,0.02
-7.8618e-02,0.14,0.34
-7.8616e-02,0.16,0.02
-7.8614e-02,0.24,0.335
-7.8613e-02,0.225,0.035
-7.8611e-02,0.21,0.325
-7.8610e-02,0.2,0.03
-7.8608e-02,0.25,0.33
-7.8606e-02,0.17,0.015
-7.8605e-02,0.165,0.35
-7.8603e-02,0.135,0.005
-7.8602e-02,0.16,0.36
-7.8600e-02,0.15,0.035
-7.8598e-02,0.225,0.32
-7.8597e-02,0.16,0.02
-7.8595e-02,0.225,0.335
-7.8594e-02,0.11,0.005
-7.8592e-02,0.23,0.345
-7.8590e-02,0.185,0.005
-7.8589e-02,0.245,0.35
-7.8587e-02,0.09,0.005
-7.8586e-02,0.235,0.355
-7.8584e-02,0.135,0.015
-7.8582e-02,0.26,0.345
-7.8581e-02,0.195,0.04
-7.8579e-02,0.22,0.315
-7.8578e-02,0.195,0.03
-7.8576e-02,0.215,0.325
-7.8574e-02,0.165,0.03
-7.8573e-02,0.19,0.325
-7.8571e-02,0.16,0.01
-7.8570e-02,0.065,0.34
-7.8568e-02,0.115,0.015
-7.8566e-02,0.12,0.335
-7.8565e-02,0.105,0.02
-7.8563e-02,0.13,0.33
-7.8562e-02,0.085,0.01
-7.8560e-02,0.225,0.35
-7.8558e-02,0.22,0.03
-7.8557e-02,0.115,0.32
-7.8555e-02,0.12,0.045
-7.8554e-02,0.16,0.305
-7.8552e-02,0.155,0.015
-7.8550e-02,0.245,0.34
-7.8549e-02,0.185,0.01
-7.8547e-02,0.15,0.34
-7.8546e-02,0.165,-0.02
-7.8544e-02,0.18,0.36
-7.8542e-02,0.19,0.005
-7.8541e-02,0.21,0.35
-7.8539e-02,0.12,-0.02
-7.8538e-02,0.18,0.375
-7.8536e-02,0.17,0.03
-7.8534e-02,0.235,0.325
-7.8533e-02,0.16,0.02
-7.8531e-02,0.13,0.325
-7.8530e-02,0.12,0.035
-7.8528e-02,0.225,0.31
-7.8526e-02,0.195,0.045
-7.8525e-02,0.145,0.305
-7.8523e-02,0.215,0.04
-7.8522e-02,0.205,0.31
-7.8520e-02,0.205,0.04
-7.8518e-02,0.205,0.31
-7.8517e-02,0.095,0.02
-7.8515e-02,0.175,0.315
-7.8514e-02,0.055,0.01
-7.8512e-02,0.17,0.33
-7.8510e-02,0.155,0.01
-7.8509e-02,0.13,0.34
-7.8507e-02,0.245,-0.005
-7.8506e-02,0.19,0.35
-7.8504e-02,0.225,0.015
-7.8502e-02,0.115,0.325
-7.8501e-02,0.12,0.02
-7.8499e-02,0.15,0.33
-7.8498e-02,0.19,0.01
-7.8496e-02,0.075,0.325
-7.8494e-02,0.14,0.01
-7.8493e-02,0.095,0.325
-7.8491e-02,0.225,0.03
-7.8490e-02,0.165,0.315
-7.8488e-02,0.165,0.005
-7.8486e-02,0.14,0.34
-7.8485e-02,0.27,0
-7.8483e-02,0.245,0.35
-7.8482e-02,0.195,0.015
-7.8480e-02,0.15,0.33
-7.8478e-02,0.19,0.015
-7.8477e-02,0.145,0.32
-7.8475e-02,0.15,0.02
-7.8474e-02,0.115,0.31
-7.8472e-02,0.075,0.005
-7.8470e-02,0.12,0.335
-7.8469e-02,0.1,0.025
-7.8467e-02,0.12,0.31
-7.8466e-02,0.18,-0.035
-7.8464e-02,0.07,0.37
-7.8462e-02,0.245,0.035
-7.8461e-02,0.17,0.31
-7.8459e-02,0.255,0.03
-7.8458e-02,0.09,0.305
-7.8456e-02,0.195,0.01
-7.8454e-02,0.19,0.33
-7.8453e-02,0.21,0.035
-7.8451e-02,0.13,0.315
-7.8450e-02,0.145,0
-7.8448e-02,0.2,0.335
-7.8446e-02,0.2,0.01
-7.8445e-02,0.155,0.33
-7.8443e-02,0.11,0.005
-7.8442e-02,0.105,0.335
-7.8440e-02,0.125,0.005
-7.8438e-02,0.085,0.325
-7.8437e-02,0.115,0.01
-7.8435e-02,0.095,0.33
-7.8434e-02,0.135,0.015
-7.8432e-02,0.17,0.315
-7.8430e-02,0.17,0.015
-7.8429e-02,0.165,0.32
-7.8427e-02,0.12,0.01
-7.8426e-02,0.215,0.325
-7.8424e-02,0.25,0.02
-7.8422e-02,0.25,0.325
-7.8421e-02,0.16,0.035
-7.8419e-02,0.16,0.3
-7.8418e-02,0.14,0.025
-7.8416e-02,0.225,0.305
-7.8414e-02,0.13,0.02
-7.8413e-02,0.09,0.315
-7.8411e-02,0.11,-0.02
-7.8410e-02,0.155,0.355
-7.8408e-02,0.25,0.02
-7.8406e-02,0.22,0.315
-7.8405e-02,0.22,0.02
-7.8403e-02,0.14,0.315
-7.8402e-02,0.155,0.005
-7.8400e-02,0.12,0.335
-7.8398e-02,0.11,0.025
-7.8397e-02,0.06,0.31
-7.8395e-02,0.17,0.01
-7.8394e-02,0.155,0.315
-7.8392e-02,0.22,0.01
-7.8390e-02,0.155,0.325
-7.8389e-02,0.155,0.005
-7.8387e-02,0.195,0.325
-7.8386e-02,0.21,0.005
-7.8384e-02,0.105,0.33
-7.8382e-02,0.125,0
-7.8381e-02,0.065,0.325
-7.8379e-02,0.195,-0.025
-7.8378e-02,0.12,0.35
-7.8376e-02,0.15,-0.015
-7.8374e-02,0.135,0.34
-7.8373e-02,0.13,0.01
-7.8371e-02,0.225,0.315
-7.8370e-02,0.145,-0.03
-7.8368e-02,0.205,0.36
-7.8366e-02,0.145,-0.02
-7.8365e-02,0.165,0.345
-7.8363e-02,0.215,0.005
-7.8362e-02,0.175,0.315
-7.8360e-02,0.155,0.01
-7.8358e-02,0.13,0.315
-7.8357e-02,0.15,-0.025
-7.8355e-02,0.2,0.345
-7.8354e-02,0.13,-0.05
-7.8352e-02,0.14,0.365
-7.8350e-02,0.155,-0.045
-7.8349e-02,0.2,0.365
-7.8347e-02,0.085,-0.05
-7.8346e-02,0.105,0.365
-7.8344e-02,0.1,0
-7.8342e-02,0.19,0.32
-7.8341e-02,0.23,-0.005
-7.8339e-02,0.13,0.32
-7.8338e-02,0.17,0
-7.8336e-02,0.16,0.31
-7.8334e-02,0.265,-0.02
-7.8333e-02,0.205,0.345
-7.8331e-02,0.24,-0.01
-7.8330e-02,0.13,0.33
-7.8328e-02,0.205,-0.035
-7.8326e-02,0.185,0.36
-7.8325e-02,0.24,0.02
-7.8323e-02,0.195,0.295
-7.8322e-02,0.145,0.01
-7.8320e-02,0.225,0.31
-7.8318e-02,0.205,-0.04
-7.8317e-02,0.155,0.36
-7.8315e-02,0.155,-0.005
-7.8314e-02,0.195,0.315
-7.8312e-02,0.205,0
-7.8310e-02,0.27,0.32
-7.8309e-02,0.17,-0.015
-7.8307e-02,0.245,0.335
-7.8306e-02,0.225,-0.005
-7.8304e-02,0.245,0.325
-7.8302e-02,0.185,-0.015
-7.8301e-02,0.2,0.34
-7.8299e-02,0.205,0.02
-7.8298e-02,0.235,0.305
-7.8296e-02,0.185,0.01
-7.8294e-02,0.175,0.31
-7.8293e-02,0.125,-0.005
-7.8291e-02,0.135,0.335
-7.8290e-02,0.14,0.005
-7.8288e-02,0.11,0.315
-7.8286e-02,0.035,-0.02
-7.8285e-02,0.115,0.35
-7.8283e-02,0.105,-0.02
-7.8282e-02,0.205,0.35
-7.8280e-02,0.125,-0.01
-7.8278e-02,0.165,0.33
-7.8277e-02,0.22,-0.005
-7.8275e-02,0.195,0.325
-7.8274e-02,0.23,-0.005
-7.8272e-02,0.1,0.32
-7.8270e-02,0.115,-0.005
-7.8269e-02,0.235,0.325
-7.8267e-02,0.145,0.015
-7.8266e-02,0.175,0.3
-7.8264e-02,0.15,0.005
-7.8262e-02,0.185,0.315
-7.8261e-02,0.125,-0.015
-7.8259e-02,0.195,0.325
-7.8258e-02,0.13,0.02
-7.8256e-02,0.075,0.3
-7.8254e-02,0.185,0.02
-7.8253e-02,0.09,0.3
-7.8251e-02,0.185,0.005
-7.8250e-02,0.075,0.31
-7.8248e-02,0.075,0.005
-7.8246e-02,0.125,0.31
-7.8245e-02,0.2,-0.005
-7.8243e-02,0.2,0.32
-7.8242e-02,0.17,-0.03
-7.8240e-02,0.21,0.35
-7.8238e-02,0.245,0.01
-7.8237e-02,0.155,0.31
-7.8235e-02,0.165,-0.01
-7.8234e-02,0.21,0.325
-7.8232e-02,0.1,0.005
-7.8230e-02,0.285,0.31
-7.8229e-02,0.135,-0.01
-7.8227e-02,0.275,0.325
-7.8226e-02,0.14,-0.005
-7.8224e-02,0.235,0.32
-7.8222e-02,0.16,-0.025
-7.8221e-02,0.245,0.33
-7.8219e-02,0.08,0.01
-7.8218e-02,0.155,0.31
-7.8216e-02,0.075,0.015
-7.8214e-02,0.22,0.295
-7.8213e-02,0.19,-0.005
-7.8211e-02,0.09,0.32
-7.8210e-02,0.145,-0.015
-7.8208e-02,0.115,0.33
-7.8206e-02,0.22,0.005
-7.8205e-02,0.095,0.315
-7.8203e-02,0.22,-0.005
-7.8202e-02,0.125,0.32
-7.8200e-02,0.25,0.005
-7.8198e-02,0.185,0.315
-7.8197e-02,0.225,0.01
-7.8195e-02,0.16,0.3
-7.8194e-02,0.135,-0.005
-7.8192e-02,0.16,0.325
-7.8190e-02,0.16,-0.04
-7.8189e-02,0.16,0.35
-7.8187e-02,0.105,0.005
-7.8186e-02,0.17,0.315
-7.8184e-02,0.16,-0.04
-7.8182e-02,0.27,0.36
-7.8181e-02,0.145,0
-7.8179e-02,0.2,0.315
-7.8178e-02,0.245,-0.03
-7.8176e-02,0.21,0.345
-7.8174e-02,0.15,-0.03
-7.8173e-02,0.125,0.345
-7.8171e-02,0.07,-0.025
-7.8170e-02,0.11,0.335
-7.8168e-02,0.145,-0.015
-7.8166e-02,0.155,0.325
-7.8165e-02,0.225,-0.03
-7.8163e-02,0.135,0.34
-7.8162e-02,0.115,-0.025
-7.8160e-02,0.21,0.33
-7.8158e-02,0.16,0
-7.8157e-02,0.1,0.3
-7.8155e-02,0.18,-0.005
-7.8154e-02,0.11,0.31
-7.8152e-02,0.275,-0.02
-7.8150e-02,0.2,0.33
-7.8149e-02,0.115,-0.005
-7.8147e-02,0.17,0.31
-7.8146e-02,0.12,0
-7.8144e-02,0.165,0.3
-7.8142e-02,0.15,-0.01
-7.8141e-02,0.145,0.315
-7.8139e-02,0.105,-0.04
-7.8138e-02,0.255,0.345
-7.8136e-02,0.11,-0.01
-7.8134e-02,0.23,0.31
-7.8133e-02,0.09,-0.02
-7.8131e-02,0.1,0.32
-7.8130e-02,0.195,-0.04
-7.8128e-02,0.14,0.335
-7.8126e-02,0.2,-0.005
-7.8125e-02,0.115,0.3
-7.8123e-02,0.19,-0.03
-7.8122e-02,0.225,0.335
-7.8120e-02,0.225,-0.015
-7.8118e-02,0.11,0.32
-7.8117e-02,0.175,-0.02
-7.8115e-02,0.125,0.31
-7.8114e-02,0.09,-0.01
-7.8112e-02,0.135,0.315
-7.8110e-02,0.075,-0.025
-7.8109e-02,0.16,0.32
-7.8107e-02,0.145,0
-7.8106e-02,0.13,0.3
-7.8104e-02,0.16,-0.035
-7.8102e-02,0.095,0.33
-7.8101e-02,0.075,-0.05
-7.8099e-02,0.175,0.35
-7.8098e-02,0.15,-0.045
-7.8096e-02,0.15,0.335
-7.8094e-02,0.13,-0.035
-7.8093e-02,0.06,0.325
-7.8091e-02,0.175,-0.03
-7.8090e-02,0.22,0.32
-7.8088e-02,0.135,-0.005
-7.8086e-02,0.195,0.305
-7.8085e-02,0.2,-0.01
-7.8083e-02,0.205,0.31
-7.8082e-02,0.19,-0.02
-7.8080e-02,0.135,0.325
-7.8078e-02,0.135,-0.025
-7.8077e-02,0.14,0.325
-7.8075e-02,0.15,0
-7.8074e-02,0.195,0.3
-7.8072e-02,0.16,0.005
-7.8070e-02,0.15,0.295
-7.8069e-02,0.18,0
-7.8067e-02,0.22,0.295
-7.8066e-02,0.15,-0.02
-7.8064e-02,0.2,0.31
-7.8062e-02,0.055,-0.015
-7.8061e-02,0.115,0.31
-7.8059e-02,0.2,-0.005
-7.8058e-02,0.11,0.3
-7.8056e-02,0.13,-0.025
-7.8054e-02,0.145,0.325
-7.8053e-02,0.155,-0.035
-7.8051e-02,0.175,0.32
-7.8050e-02,0.21,-0.025
-7.8048e-02,0.105,0.325
-7.8046e-02,0.205,-0.03
-7.8045e-02,0.085,0.33
-7.8043e-02,0.165,-0.015
-7.8042e-02,0.155,0.31
-7.8040e-02,0.12,-0.01
-7.8038e-02,0.09,0.3
-7.8037e-02,0.205,0
-7.8035e-02,0.125,0.29
-7.8034e-02,0.165,-0.045
-7.8032e-02,0.06,0.33
-7.8030e-02,0.035,-0.01
-7.8029e-02,0.235,0.305
-7.8027e-02,0.135,-0.01
-7.8026e-02,0.22,0.3
-7.8024e-02,0.055,-0.02
-7.8022e-02,0.125,0.315
-7.8021e-02,0.105,-0.015
-7.8019e-02,0.155,0.305
-7.8018e-02,0.16,0
-7.8016e-02,0.215,0.29
-7.8014e-02,0.13,-0.015
-7.8013e-02,0.125,0.31
-7.8011e-02,0.215,-0.03
-7.8010e-02,0.15,0.315
-7.8008e-02,0.16,0
-7.8006e-02,0.15,0.295
-7.8005e-02,0.225,-0.005
-7.8003e-02,0.19,0.285
-7.8002e-02,0.145,-0.02
-7.8000e-02,0.11,0.305
-7.7998e-02,0.06,-0.005
-7.7997e-02,0.115,0.295
-7.7995e-02,0.085,-0.02
-7.7994e-02,0.065,0.305
-7.7992e-02,0.1,-0.01
-7.7990e-02,0.1,0.3
-7.7989e-02,0.02,-0.025
-7.7987e-02,0.175,0.305
-7.7986e-02,0.045,-0.02
-7.7984e-02,0.04,0.295
-7.7982e-02,0.04,0
-7.7981e-02,0.105,0.29
-7.7979e-02,0.115,-0.02
-7.7978e-02,0.16,0.295
-7.7976e-02,0.055,-0.015
-7.7974e-02,0.195,0.3
-7.7973e-02,0.18,-0.015
-7.7971e-02,0.165,0.295
-7.7970e-02,0.215,-0.02
-7.7968e-02,0.125,0.305
-7.7966e-02,0.17,-0.005
-7.7965e-02,0.205,0.29
-7.7963e-02,0.205,-0.06
-7.7962e-02,0.17,0.345
-7.7960e-02,0.225,-0.02
-7.7958e-02,0.09,0.305
-7.7957e-02,0.235,-0.05
-7.7955e-02,0.185,0.33
-7.7954e-02,0.24,-0.02
-7.7952e-02,0.17,0.305
-7.7950e-02,0.195,-0.01
-7.7949e-02,0.205,0.29
-7.7947e-02,0.2,-0.02
-7.7946e-02,0.16,0.295
-7.7944e-02,0.105,-0.03
-7.7942e-02,0.15,0.31
-7.7941e-02,0.135,-0.07
-7.7939e-02,0.17,0.345
-7.7938e-02,0.14,-0.025
-7.7936e-02,0.175,0.305
-7.7934e-02,0.07,-0.025
-7.7933e-02,0.165,0.3
-7.7931e-02,0.175,-0.025
-7.7930e-02,0.13,0.305
-7.7928e-02,0.2,-0.035
-7.7926e-02,0.105,0.315
-7.7925e-02,0.21,-0.01
-7.7923e-02,0.105,0.28
-7.7922e-02,0.15,-0.02
-7.7920e-02,0.09,0.29
-7.7918e-02,0.17,-0.01
-7.7917e-02,0.245,0.29
-7.7915e-02,0.13,-0.01
-7.7914e-02,0.13,0.29
-7.7912e-02,0.16,-0.04
-7.7910e-02,0.12,0.31
-7.7909e-02,0.105,0.005
-7.7907e-02,0.125,0.275
-7.7906e-02,0.125,-0.005
-7.7904e-02,0.135,0.285
-7.7902e-02,0.145,-0.025
-7.7901e-02,0.185,0.305
-7.7899e-02,0.18,0
-7.7898e-02,0.15,0.275
-7.7896e-02,0.055,-0.03
-7.7894e-02,0.14,0.305
-7.7893e-02,0.12,-0.02
-7.7891e-02,0.145,0.305
-7.7890e-02,0.08,-0.035
-7.7888e-02,0.085,0.31
-7.7886e-02,0.155,-0.025
-7.7885e-02,0.145,0.3
-7.7883e-02,0.18,-0.03
-7.7882e-02,0.13,0.29
-7.7880e-02,0.18,-0.015
-7.7878e-02,0.17,0.285
-7.7877e-02,0.21,-0.03
-7.7875e-02,0.1,0.3
-7.7874e-02,0.135,-0.035
-7.7872e-02,0.03,0.305
-7.7870e-02,0.145,-0.02
-7.7869e-02,0.1,0.295
-7.7867e-02,0.115,-0.025
-7.7866e-02,0.105,0.31
-7.7864e-02,0.195,-0.03
-7.7862e-02,0.145,0.3
-7.7861e-02,0.275,-0.005
-7.7859e-02,0.08,0.27
-7.7858e-02,0.16,-0.02
-7.7856e-02,0.19,0.29
-7.7854e-02,0.16,-0.025
-7.7853e-02,0.1,0.3
-7.7851e-02,0.115,-0.01
-7.7850e-02,0.12,0.28
-7.7848e-02,0.16,-0.025
-7.7846e-02,0.21,0.285
-7.7845e-02,0.085,-0.03
-7.7843e-02,0.135,0.295
-7.7842e-02,0.065,-0.015
-7.7840e-02,0.14,0.285
-7.7838e-02,0.185,-0.01
-7.7837e-02,0.175,0.285
-7.7835e-02,0.115,-0.015
-7.7834e-02,0.15,0.275
-7.7832e-02,0.075,0
-7.7830e-02,0.125,0.275
-7.7829e-02,0.015,-0.025
-7.7827e-02,0.075,0.285
-7.7826e-02,0.165,-0.005
-7.7824e-02,0.19,0.28
-7.7822e-02,0.19,-0.03
-7.7821e-02,0.14,0.295
-7.7819e-02,0.14,-0.045
-7.7818e-02,0.21,0.315
-7.7816e-02,0.05,-0.02
-7.7814e-02,0.165,0.29
-7.7813e-02,0.115,-0.045
-7.7811e-02,0.15,0.31
-7.7810e-02,0.14,-0.03
-7.7808e-02,0.185,0.295
-7.7806e-02,0.13,-0.06
-7.7805e-02,0.18,0.32
-7.7803e-02,0.195,-0.02
-7.7802e-02,0.15,0.28
-7.7800e-02,0.175,-0.035
-7.7798e-02,0.11,0.295
-7.7797e-02,0.17,-0.04
-7.7795e-02,0.125,0.3
-7.7794e-02,0.23,-0.07
-7.7792e-02,0.13,0.33
-7.7790e-02,0.03,-0.065
-7.7789e-02,0.195,0.33
-7.7787e-02,0.15,-0.04
-7.7786e-02,0.145,0.3
-7.7784e-02,0.13,-0.04
-7.7782e-02,0.09,0.305
-7.7781e-02,0.14,-0.045
-7.7779e-02,0.165,0.31
-7.7778e-02,0.065,-0.025
-7.7776e-02,0.11,0.295
-7.7774e-02,0.135,-0.01
-7.7773e-02,0.065,0.275
-7.7771e-02,0.165,-0.025
-7.7770e-02,0.135,0.285
-7.7768e-02,0.04,-0.02
-7.7766e-02,0.12,0.28
-7.7765e-02,0.15,-0.03
-7.7763e-02,0.11,0.285
-7.7762e-02,0.055,-0.045
-7.7760e-02,0.095,0.31
-7.7758e-02,0.12,-0.04
-7.7757e-02,0.18,0.3
-7.7755e-02,0.14,-0.02
-7.7754e-02,0.11,0.275
-7.7752e-02,0.12,0
-7.7750e-02,0.135,0.265
-7.7749e-02,0.155,-0.02
-7.7747e-02,0.155,0.28
-7.7746e-02,0.13,-0.03
-7.7744e-02,0.075,0.29
-7.7742e-02,0.15,-0.03
-7.7741e-02,0.12,0.29
-7.7739e-02,0.17,-0.04
-7.7738e-02,0.135,0.3
-7.7736e-02,0.08,-0.045
-7.7734e-02,0.085,0.31
-7.7733e-02,0.145,-0.02
-7.7731e-02,0.145,0.285
-7.7730e-02,0.115,-0.04
-7.7728e-02,0.13,0.3
-7.7726e-02,0.105,-0.01
-7.7725e-02,0.195,0.275
-7.7723e-02,0.06,-0.04
-7.7722e-02,0.155,0.295
-7.7720e-02,0.02,-0.03
-7.7718e-02,0.17,0.285
-7.7717e-02,0.065,-0.05
-7.7715e-02,0.175,0.305
-7.7714e-02,0.1,-0.045
-7.7712e-02,0.095,0.3
-7.7710e-02,0.135,-0.07
-7.7709e-02,0.14,0.32
-7.7707e-02,0.145,-0.05
-7.7706e-02,0.07,0.3
-7.7704e-02,0.035,-0.045
-7.7702e-02,0.19,0.3
-7.7701e-02,0.09,-0.035
-7.7699e-02,0.155,0.29
-7.7698e-02,0.075,-0.05
-7.7696e-02,0.105,0.3
-7.7694e-02,0.16,-0.025
-7.7693e-02,0.145,0.28
-7.7691e-02,0.16,-0.025
-7.7690e-02,0.165,0.275
-7.7688e-02,0.135,-0.04
-7.7686e-02,0.075,0.3
-7.7685e-02,0.205,-0.055
-7.7683e-02,0.175,0.31
-7.7682e-02,0.14,-0.045
-7.7680e-02,0.095,0.3
-7.7678e-02,0.13,-0.06
-7.7677e-02,0.13,0.305
-7.7675e-02,0.17,-0.045
-7.7674e-02,0.12,0.29
-7.7672e-02,0.155,-0.035
-7.7670e-02,0.17,0.28
-7.7669e-02,0.22,-0.035
-7.7667e-02,0.12,0.275
-7.7666e-02,0.115,-0.02
-7.7664e-02,0.1,0.27
-7.7662e-02,0.145,-0.045
-7.7661e-02,0.095,0.29
-7.7659e-02,0.14,-0.02
-7.7658e-02,0.095,0.26
-7.7656e-02,0.065,-0.02
-7.7654e-02,0.09,0.265
-7.7653e-02,0.135,-0.045
-7.7651e-02,0.075,0.285
-7.7650e-02,0.065,-0.03
-7.7648e-02,0.155,0.27
-7.7646e-02,0.18,-0.035
-7.7645e-02,0.215,0.275
-7.7643e-02,0.115,-0.035
-7.7642e-02,0.085,0.285
-7.7640e-02,0.11,-0.05
-7.7638e-02,0.08,0.295
-7.7637e-02,0.13,-0.065
-7.7635e-02,0.075,0.31
-7.7634e-02,0.14,-0.03
-7.7632e-02,0.1,0.28
-7.7630e-02,0.12,-0.02
-7.7629e-02,0.075,0.27
-7.7627e-02,0.13,-0.055
-7.7626e-02,-0.01,0.29
-7.7624e-02,0.135,-0.05
-7.7622e-02,0.155,0.285
-7.7621e-02,0.22,-0.04
-7.7619e-02,0.15,0.29
-7.7618e-02,0.15,-0.04
-7.7616e-02,0.175,0.285
-7.7614e-02,0.19,-0.045
-7.7613e-02,0.135,0.29
-7.7611e-02,0.085,-0.04
-7.7610e-02,0.11,0.28
-7.7608e-02,0.05,-0.065
-7.7606e-02,0.07,0.31
-7.7605e-02,0.025,-0.045
-7.7603e-02,0.105,0.285
-7.7602e-02,0,-0.045
-7.7600e-02,0.14,0.29
-7.7598e-02,0.08,-0.025
-7.7597e-02,0.135,0.27
-7.7595e-02,0.035,-0.035
-7.7594e-02,0.1,0.28
-7.7592e-02,0.075,-0.045
-7.7590e-02,0.165,0.275
-7.7589e-02,0.09,-0.03
-7.7587e-02,0.065,0.27
-7.7586e-02,0.06,-0.03
-7.7584e-02,0.15,0.27
-7.7582e-02,0.115,-0.02
-7.7581e-02,0.165,0.26
-7.7579e-02,0.105,-0.045
-7.7578e-02,0.12,0.275
-7.7576e-02,0.125,-0.05
-7.7574e-02,0.125,0.3
-7.7573e-02,0.205,-0.055
-7.7571e-02,0.115,0.295
-7.7570e-02,0.075,-0.06
-7.7568e-02,0.025,0.31
-7.7566e-02,0.125,-0.03
-7.7565e-02,0.07,0.27
-7.7563e-02,0.11,-0.03
-7.7562e-02,0.05,0.27
-7.7560e-02,0.155,-0.015
-7.7558e-02,0.14,0.26
-7.7557e-02,0.105,-0.03
-7.7555e-02,0.08,0.26
-7.7554e-02,0.105,-0.05
-7.7552e-02,0.035,0.29
-7.7550e-02,0.165,-0.035
-7.7549e-02,0.11,0.275
-7.7547e-02,0.21,-0.025
-7.7546e-02,0.11,0.26
-7.7544e-02,0.13,-0.03
-7.7542e-02,0.15,0.27
-7.7541e-02,0.175,-0.06
-7.7539e-02,0.085,0.295
-7.7538e-02,0.095,-0.05
-7.7536e-02,0.14,0.28
-7.7534e-02,0.045,-0.035
-7.7533e-02,0.12,0.27
-7.7531e-02,0.08,-0.035
-7.7530e-02,0.125,0.27
-7.7528e-02,0.175,-0.035
-7.7526e-02,0.08,0.265
-7.7525e-02,0.17,-0.02
-7.7523e-02,0.145,0.255
-7.7522e-02,0.1,-0.015
-7.7520e-02,0.075,0.255
-7.7518e-02,0.085,-0.035
-7.7517e-02,0.125,0.265
-7.7515e-02,0.17,-0.025
-7.7514e-02,0.075,0.255
-7.7512e-02,0.125,-0.05
-7.7510e-02,0.13,0.285
-7.7509e-02,0.1,-0.035
-7.7507e-02,0.18,0.265
-7.7506e-02,0.195,-0.06
-7.7504e-02,0.115,0.285
-7.7502e-02,0.17,-0.02
-7.7501e-02,0.155,0.245
-7.7499e-02,0.205,-0.045
-7.7498e-02,0.22,0.275
-7.7496e-02,0.045,-0.05
-7.7494e-02,0.165,0.275
-7.7493e-02,0.1,-0.03
-7.7491e-02,0.14,0.265
-7.7490e-02,0.085,-0.03
-7.7488e-02,0.085,0.265
-7.7486e-02,0.05,-0.035
-7.7485e-02,0.135,0.265
-7.7483e-02,0.005,-0.05
-7.7482e-02,0.11,0.28
-7.7480e-02,0.1,-0.045
-7.7478e-02,-0.005,0.27
-7.7477e-02,0.13,-0.035
-7.7475e-02,0.1,0.255
-7.7474e-02,0.22,-0.02
-7.7472e-02,0.13,0.255
-7.7470e-02,0.155,-0.04
-7.7469e-02,0.09,0.27
-7.7467e-02,0.23,-0.03
-7.7466e-02,0.14,0.255
-7.7464e-02,0.105,-0.04
-7.7462e-02,0.08,0.265
-7.7461e-02,0.045,-0.035
-7.7459e-02,0.065,0.26
-7.7458e-02,0.085,-0.05
-7.7456e-02,0.075,0.275
-7.7454e-02,0.08,-0.045
-7.7453e-02,0.095,0.265
-7.7451e-02,0.15,-0.055
-7.7450e-02,0.23,0.275
-7.7448e-02,0.05,-0.06
-7.7446e-02,0.17,0.28
-7.7445e-02,0.06,-0.07
-7.7443e-02,0.245,0.28
-7.7442e-02,0.045,-0.07
-7.7440e-02,0.12,0.285
-7.7438e-02,0.05,-0.06
-7.7437e-02,0.07,0.28
-7.7435e-02,0.1,-0.035
-7.7434e-02,0.085,0.265
-7.7432e-02,0.175,-0.06
-7.7430e-02,0.19,0.285
-7.7429e-02,0.1,-0.02
-7.7427e-02,0.165,0.245
-7.7426e-02,0.05,-0.035
-7.7424e-02,0.05,0.26
-7.7422e-02,0.015,-0.045
-7.7421e-02,0.105,0.265
-7.7419e-02,0.16,-0.045
-7.7418e-02,0.19,0.265
-7.7416e-02,0.12,-0.05
-7.7414e-02,0.11,0.27
-7.7413e-02,0.1,-0.03
-7.7411e-02,0.145,0.255
-7.7410e-02,0.035,-0.105
-7.7408e-02,0.08,0.32
-7.7406e-02,0.03,-0.065
-7.7405e-02,0.1,0.285
-7.7403e-02,0.115,-0.045
-7.7402e-02,0.055,0.27
-7.7400e-02,0.16,-0.04
-7.7398e-02,0.105,0.26
-7.7397e-02,0.225,-0.065
-7.7395e-02,0.165,0.28
-7.7394e-02,0.205,-0.055
-7.7392e-02,0.11,0.275
-7.7390e-02,0.145,-0.07
-7.7389e-02,0.2,0.29
-7.7387e-02,0.1,-0.06
-7.7386e-02,0.05,0.27
-7.7384e-02,0.09,-0.04
-7.7382e-02,0.02,0.26
-7.7381e-02,0.12,-0.05
-7.7379e-02,0.07,0.27
-7.7378e-02,0.05,-0.05
-7.7376e-02,0.16,0.265
-7.7374e-02,0.075,-0.035
-7.7373e-02,0.17,0.255
-7.7371e-02,0.17,-0.06
-7.7370e-02,0.165,0.27
-7.7368e-02,0.15,-0.05
-7.7366e-02,0.12,0.27
-7.7365e-02,0.13,-0.04
-7.7363e-02,0.125,0.25
-7.7362e-02,0.07,-0.055
-7.7360e-02,0.085,0.27
-7.7358e-02,0.12,-0.045
-7.7357e-02,0.085,0.265
-7.7355e-02,0.17,-0.025
-7.7354e-02,0.045,0.24
-7.7352e-02,0.11,-0.025
-7.7350e-02,0.09,0.235
-7.7349e-02,0.175,-0.04
-7.7347e-02,0.11,0.265
-7.7346e-02,0.18,-0.035
-7.7344e-02,0.1,0.25
-7.7342e-02,0.135,-0.03
-7.7341e-02,0.155,0.255
-7.7339e-02,0.125,-0.045
-7.7338e-02,0.06,0.265
-7.7336e-02,0.09,-0.04
-7.7334e-02,-0.035,0.255
-7.7333e-02,0.155,-0.075
-7.7331e-02,0.115,0.29
-7.7330e-02,0.12,-0.065
-7.7328e-02,0.17,0.28
-7.7326e-02,0.1,-0.045
-7.7325e-02,0.14,0.255
-7.7323e-02,0.055,-0.06
-7.7322e-02,0.125,0.275
-7.7320e-02,0.05,-0.055
-7.7318e-02,0.08,0.27
-7.7317e-02,0.03,-0.055
-7.7315e-02,0.16,0.265
-7.7314e-02,0.145,-0.055
-7.7312e-02,0.14,0.26
-7.7310e-02,0.085,-0.06
-7.7309e-02,-0.015,0.265
-7.7307e-02,0.135,-0.04
-7.7306e-02,-0.005,0.25
-7.7304e-02,0.11,-0.08
-7.7302e-02,0.12,0.285
-7.7301e-02,0.125,-0.06
-7.7299e-02,0.115,0.27
-7.7298e-02,0.18,-0.07
-7.7296e-02,0.15,0.28
-7.7294e-02,0.1,-0.06
-7.7293e-02,0.05,0.27
-7.7291e-02,0.075,-0.07
-7.7290e-02,0.08,0.275
-7.7288e-02,0.1,-0.05
-7.7286e-02,0.095,0.26
-7.7285e-02,0.04,-0.06
-7.7283e-02,0.175,0.27
-7.7282e-02,0.09,-0.055
-7.7280e-02,0.13,0.26
-7.7278e-02,0.115,-0.06
-7.7277e-02,0.1,0.27
-7.7275e-02,0.025,-0.04
-7.7274e-02,0.085,0.245
-7.7272e-02,0.125,-0.03
-7.7270e-02,0.145,0.245
-7.7269e-02,0.115,-0.035
-7.7267e-02,0.08,0.245
-7.7266e-02,0.14,-0.05
-7.7264e-02,0.09,0.265
-7.7262e-02,0.155,-0.04
-7.7261e-02,0.125,0.245
-7.7259e-02,0.1,-0.115
-7.7258e-02,0.06,0.315
-7.7256e-02,0,-0.055
-7.7254e-02,0.065,0.26
-7.7253e-02,0.1,-0.03
-7.7251e-02,0.09,0.235
-7.7250e-02,0.095,-0.06
-7.7248e-02,0.215,0.26
-7.7246e-02,0.145,-0.07
-7.7245e-02,0.22,0.275
-7.7243e-02,0.1,-0.075
-7.7242e-02,0.095,0.27
-7.7240e-02,0.13,-0.07
-7.7238e-02,0.12,0.27
-7.7237e-02,0.19,-0.065
-7.7235e-02,0.115,0.265
-7.7234e-02,0.16,-0.025
-7.7232e-02,0.045,0.23
-7.7230e-02,0.06,-0.06
-7.7229e-02,0.14,0.26
-7.7227e-02,0.08,-0.05
-7.7226e-02,0.01,0.25
-7.7224e-02,0.125,-0.07
-7.7222e-02,0.07,0.265
-7.7221e-02,0.12,-0.065
-7.7219e-02,0.115,0.255
-7.7218e-02,0.07,-0.04
-7.7216e-02,0.065,0.24
-7.7214e-02,0.07,-0.055
-7.7213e-02,0.01,0.245
-7.7211e-02,0.135,-0.045
-7.7210e-02,0.03,0.24
-7.7208e-02,0.12,-0.07
-7.7206e-02,0.015,0.26
-7.7205e-02,0.075,-0.06
-7.7203e-02,0.115,0.255
-7.7202e-02,0.105,-0.06
-7.7200e-02,0.02,0.26
-7.7198e-02,0.12,-0.065
-7.7197e-02,0.05,0.265
-7.7195e-02,0.15,-0.065
-7.7194e-02,0.095,0.27
-7.7192e-02,0.08,-0.05
-7.7190e-02,0.07,0.245
-7.7189e-02,0.01,-0.065
-7.7187e-02,0.09,0.265
-7.7186e-02,0.045,-0.07
-7.7184e-02,0.03,0.26
-7.7182e-02,0.015,-0.05
-7.7181e-02,0.025,0.24
-7.7179e-02,0.13,-0.03
-7.7178e-02,0.105,0.23
-7.7176e-02,0.165,-0.04
-7.7174e-02,0.15,0.24
-7.7173e-02,0.125,-0.07
-7.7171e-02,0.1,0.265
-7.7170e-02,0.125,-0.055
-7.7168e-02,0.09,0.255
-7.7166e-02,0.085,-0.055
-7.7165e-02,0.105,0.245
-7.7163e-02,0.01,-0.05
-7.7162e-02,0.095,0.25
-7.7160e-02,0.125,-0.06
-7.7158e-02,0.035,0.255
-7.7157e-02,0.11,-0.05
-7.7155e-02,0.025,0.24
-7.7154e-02,0.1,-0.08
-7.7152e-02,0.09,0.27
-7.7150e-02,0.185,-0.055
-7.7149e-02,0.12,0.25
-7.7147e-02,0.11,-0.065
-7.7146e-02,0.05,0.26
-7.7144e-02,0.105,-0.045
-7.7142e-02,0.125,0.235
-7.7141e-02,0.085,-0.07
-7.7139e-02,0.08,0.265
-7.7138e-02,0.085,-0.06
-7.7136e-02,0.125,0.245
-7.7134e-02,0.155,-0.065
-7.7133e-02,0.09,0.26
-7.7131e-02,0.075,-0.045
-7.7130e-02,0.085,0.245
-7.7128e-02,-0.025,-0.06
-7.7126e-02,0.05,0.25
-7.7125e-02,0.095,-0.06
-7.7123e-02,0.02,0.255
-7.7122e-02,0,-0.07
-7.7120e-02,0.03,0.26
-7.7118e-02,0.01,-0.095
-7.7117e-02,0.09,0.285
-7.7115e-02,0.13,-0.07
-7.7114e-02,0.05,0.27
-7.7112e-02,0.17,-0.085
-7.7110e-02,0.12,0.275
-7.7109e-02,0.115,-0.065
-7.7107e-02,0.165,0.255
-7.7106e-02,0.145,-0.07
-7.7104e-02,0.155,0.265
-7.7102e-02,0.105,-0.085
-7.7101e-02,0.085,0.275
-7.7099e-02,0.15,-0.08
-7.7098e-02,0.08,0.27
-7.7096e-02,0.125,-0.05
-7.7094e-02,0.035,0.235
-7.7093e-02,0.09,-0.07
-7.7091e-02,0.05,0.25
-7.7090e-02,0.045,-0.065
-7.7088e-02,0.175,0.255
-7.7086e-02,0.015,-0.045
-7.7085e-02,0.105,0.23
-7.7083e-02,0,-0.045
-7.7082e-02,0.1,0.235
-7.7080e-02,0.075,-0.075
-7.7078e-02,0.04,0.26
-7.7077e-02,0.035,-0.09
-7.7075e-02,0.06,0.27
-7.7074e-02,0.025,-0.05
-7.7072e-02,0.09,0.235
-7.7070e-02,0.04,-0.075
-7.7069e-02,0.09,0.26
-7.7067e-02,0.06,-0.065
-7.7066e-02,-0.045,0.255
-7.7064e-02,0.12,-0.065
-7.7062e-02,0.015,0.245
-7.7061e-02,0.115,-0.105
-7.7059e-02,0.03,0.29
-7.7058e-02,0.06,-0.06
-7.7056e-02,0.02,0.24
-7.7054e-02,0.07,-0.07
-7.7053e-02,0.015,0.26
-7.7051e-02,0.055,-0.075
-7.7050e-02,0.03,0.255
-7.7048e-02,0.03,-0.05
-7.7046e-02,0.055,0.24
-7.7045e-02,0.08,-0.075
-7.7043e-02,0.16,0.265
-7.7042e-02,0.08,-0.085
-7.7040e-02,0.085,0.27
-7.7038e-02,0.075,-0.075
-7.7037e-02,0.135,0.255
-7.7035e-02,0.015,-0.075
-7.7034e-02,0.045,0.265
-7.7032e-02,-0.015,-0.045
-7.7030e-02,0.05,0.23
-7.7029e-02,0.035,-0.07
-7.7027e-02,0.145,0.25
-7.7026e-02,0.07,-0.09
-7.7024e-02,0.16,0.27
-7.7022e-02,0.09,-0.085
-7.7021e-02,0.18,0.26
-7.7019e-02,0.15,-0.07
-7.7018e-02,0.105,0.255
-7.7016e-02,0.04,-0.07
-7.7014e-02,0.05,0.25
-7.7013e-02,0.05,-0.1
-7.7011e-02,0.14,0.28
-7.7010e-02,0.08,-0.07
-7.7008e-02,0.14,0.245
-7.7006e-02,0.12,-0.075
-7.7005e-02,0.105,0.255
-7.7003e-02,0.145,-0.07
-7.7002e-02,0.075,0.25
-7.7000e-02,0.13,-0.09
-7.6998e-02,0.06,0.265
-7.6997e-02,-0.05,-0.085
-7.6995e-02,0.06,0.26
-7.6994e-02,0.075,-0.075
-7.6992e-02,0.01,0.25
-7.6990e-02,0.09,-0.055
-7.6989e-02,0.005,0.235
-7.6987e-02,0.19,-0.07
-7.6986e-02,0.155,0.24
-7.6984e-02,0.12,-0.08
-7.6982e-02,0.175,0.26
-7.6981e-02,0.065,-0.06
-7.6979e-02,0.12,0.24
-7.6978e-02,0.06,-0.085
-7.6976e-02,0.085,0.265
-7.6974e-02,0.03,-0.075
-7.6973e-02,0.01,0.245
-7.6971e-02,0.105,-0.11
-7.6970e-02,0.145,0.275
-7.6968e-02,0.05,-0.07
-7.6966e-02,0.195,0.24
-7.6965e-02,0.035,-0.06
-7.6963e-02,0.18,0.23
-7.6962e-02,0.115,-0.065
-7.6960e-02,0.17,0.245
-7.6958e-02,0.08,-0.095
-7.6957e-02,0.15,0.27
-7.6955e-02,0.005,-0.095
-7.6954e-02,0.135,0.27
-7.6952e-02,0.08,-0.075
-7.6950e-02,0.1,0.24
-7.6949e-02,0.11,-0.08
-7.6947e-02,0.05,0.245
-7.6946e-02,0.105,-0.1
-7.6944e-02,0.14,0.265
-7.6942e-02,0.085,-0.1
-7.6941e-02,0.045,0.265
-7.6939e-02,0.05,-0.055
-7.6938e-02,0.005,0.22
-7.6936e-02,0.12,-0.055
-7.6934e-02,0.005,0.23
-7.6933e-02,0.06,-0.07
-7.6931e-02,0.065,0.24
-7.6930e-02,0.01,-0.07
-7.6928e-02,0.03,0.23
-7.6926e-02,0.08,-0.095
-7.6925e-02,-0.02,0.265
-7.6923e-02,0.04,-0.065
-7.6922e-02,-0.02,0.235
-7.6920e-02,0.095,-0.07
-7.6918e-02,0.075,0.24
-7.6917e-02,0.045,-0.085
-7.6915e-02,0.11,0.25
-7.6914e-02,0.095,-0.085
-7.6912e-02,0.085,0.255
-7.6910e-02,0.13,-0.08
-7.6909e-02,0.065,0.24
-7.6907e-02,0.04,-0.07
-7.6906e-02,0.06,0.235
-7.6904e-02,-0.01,-0.065
-7.6902e-02,0.125,0.23
-7.6901e-02,0.12,-0.08
-7.6899e-02,0.05,0.25
-7.6898e-02,0.055,-0.055
-7.6896e-02,0.02,0.23
-7.6894e-02,0.09,-0.085
-7.6893e-02,0.135,0.25
-7.6891e-02,0.14,-0.06
-7.6890e-02,0.1,0.225
-7.6888e-02,0.14,-0.075
-7.6886e-02,0.095,0.245
-7.6885e-02,0.115,-0.065
-7.6883e-02,0.15,0.225
-7.6882e-02,0.105,-0.065
-7.6880e-02,0.06,0.23
-7.6878e-02,0.055,-0.08
-7.6877e-02,0.15,0.245
-7.6875e-02,0.175,-0.065
-7.6874e-02,0.09,0.225
-7.6872e-02,0.08,-0.065
-7.6870e-02,0.07,0.235
-7.6869e-02,0.045,-0.065
-7.6867e-02,0.08,0.23
-7.6866e-02,0.075,-0.085
-7.6864e-02,0.125,0.24
-7.6862e-02,0.015,-0.075
-7.6861e-02,0.17,0.235
-7.6859e-02,0.085,-0.07
-7.6858e-02,0.165,0.24
-7.6856e-02,0.11,-0.07
-7.6854e-02,0.15,0.225
-7.6853e-02,0.035,-0.075
-7.6851e-02,0.185,0.235
-7.6850e-02,0.1,-0.07
-7.6848e-02,0.11,0.23
-7.6846e-02,0.15,-0.08
-7.6845e-02,0.12,0.245
-7.6843e-02,0.06,-0.07
-7.6842e-02,0.125,0.235
-7.6840e-02,0.155,-0.065
-7.6838e-02,0.07,0.225
-7.6837e-02,0.07,-0.09
-7.6835e-02,0.005,0.255
-7.6834e-02,0.025,-0.075
-7.6832e-02,0.01,0.23
-7.6830e-02,0.045,-0.08
-7.6829e-02,0,0.24
-7.6827e-02,0.06,-0.095
-7.6826e-02,0.09,0.25
-7.6824e-02,0.105,-0.085
-7.6822e-02,0.155,0.25
-7.6821e-02,0.2,-0.085
-7.6819e-02,0.045,0.245
-7.6818e-02,0.075,-0.075
-7.6816e-02,0.12,0.235
-7.6814e-02,0.03,-0.09
-7.6813e-02,0.05,0.255
-7.6811e-02,-0.015,-0.085
-7.6810e-02,0.02,0.24
-7.6808e-02,0.075,-0.09
-7.6806e-02,0.125,0.25
-7.6805e-02,0.045,-0.075
-7.6803e-02,0.125,0.225
-7.6802e-02,0.085,-0.08
-7.6800e-02,0.07,0.24
-7.6798e-02,0.04,-0.075
-7.6797e-02,0.12,0.225
-7.6795e-02,0.035,-0.08
-7.6794e-02,0.015,0.245
-7.6792e-02,-0.015,-0.065
-7.6790e-02,0.06,0.23
-7.6789e-02,0.045,-0.06
-7.6787e-02,0.15,0.22
-7.6786e-02,0.02,-0.09
-7.6784e-02,0.105,0.245
-7.6782e-02,0.14,-0.08
-7.6781e-02,0.065,0.235
-7.6779e-02,0.12,-0.095
-7.6778e-02,0.055,0.245
-7.6776e-02,0.01,-0.105
-7.6774e-02,0.06,0.255
-7.6773e-02,0.095,-0.07
-7.6771e-02,0.055,0.22
-7.6770e-02,0.125,-0.09
-7.6768e-02,0.025,0.24
-7.6766e-02,0.075,-0.08
-7.6765e-02,0.09,0.24
-7.6763e-02,0.095,-0.075
-7.6762e-02,-0.055,0.23
-7.6760e-02,0.035,-0.085
-7.6758e-02,0.035,0.24
-7.6757e-02,-0.015,-0.095
-7.6755e-02,0.04,0.245
-7.6754e-02,0.05,-0.085
-7.6752e-02,0.04,0.245
-7.6750e-02,0.095,-0.065
-7.6749e-02,0.14,0.22
-7.6747e-02,0.16,-0.08
-7.6746e-02,0.19,0.23
-7.6744e-02,0.085,-0.07
-7.6742e-02,0.065,0.225
-7.6741e-02,0.04,-0.08
-7.6739e-02,0.1,0.23
-7.6738e-02,0.005,-0.08
-7.6736e-02,0.03,0.225
-7.6734e-02,0.08,-0.085
-7.6733e-02,0.05,0.235
-7.6731e-02,0.125,-0.065
-7.6730e-02,0.16,0.215
-7.6728e-02,0.105,-0.095
-7.6726e-02,0.16,0.25
-7.6725e-02,0.07,-0.08
-7.6723e-02,0.02,0.225
-7.6722e-02,0.185,-0.1
-7.6720e-02,0.015,0.245
-7.6718e-02,0.05,-0.08
-7.6717e-02,0.09,0.23
-7.6715e-02,0.14,-0.105
-7.6714e-02,0.135,0.25
-7.6712e-02,0.165,-0.08
-7.6710e-02,0.095,0.23
-7.6709e-02,0.115,-0.075
-7.6707e-02,0.135,0.225
-7.6706e-02,0.085,-0.11
-7.6704e-02,0.125,0.25
-7.6702e-02,0.1,-0.105
-7.6701e-02,-0.015,0.255
-7.6699e-02,0.07,-0.135
-7.6698e-02,0.055,0.28
-7.6696e-02,0.155,-0.095
-7.6694e-02,0.1,0.245
-7.6693e-02,0.18,-0.1
-7.6691e-02,0.085,0.245
-7.6690e-02,0.165,-0.065
-7.6688e-02,0.12,0.215
-7.6686e-02,0.135,-0.085
-7.6685e-02,0.075,0.235
-7.6683e-02,0.095,-0.075
-7.6682e-02,0.035,0.22
-7.6680e-02,0.1,-0.08
-7.6678e-02,0.125,0.225
-7.6677e-02,0.075,-0.07
-7.6675e-02,0.15,0.215
-7.6674e-02,0.105,-0.11
-7.6672e-02,0.11,0.245
-7.6670e-02,0.205,-0.125
-7.6669e-02,0.095,0.265
-7.6667e-02,0.025,-0.095
-7.6666e-02,0.03,0.235
-7.6664e-02,0.05,-0.1
-7.6662e-02,0.02,0.235
-7.6661e-02,0.125,-0.095
-7.6659e-02,0.025,0.235
-7.6658e-02,0.035,-0.08
-7.6656e-02,0.025,0.225
-7.6654e-02,0.06,-0.085
-7.6653e-02,0.085,0.235
-7.6651e-02,0.08,-0.08
-7.6650e-02,0.01,0.215
-7.6648e-02,0.065,-0.08
-7.6646e-02,0.105,0.22
-7.6645e-02,0.13,-0.075
-7.6643e-02,0.09,0.215
-7.6642e-02,0.1,-0.115
-7.6640e-02,0.11,0.245
-7.6638e-02,0.045,-0.095
-7.6637e-02,0.12,0.23
-7.6635e-02,0.12,-0.105
-7.6634e-02,0.07,0.245
-7.6632e-02,0.075,-0.115
-7.6630e-02,-0.03,0.25
-7.6629e-02,0.035,-0.11
-7.6627e-02,0.11,0.25
-7.6626e-02,0,-0.085
-7.6624e-02,0.02,0.225
-7.6622e-02,0.045,-0.075
-7.6621e-02,0.01,0.22
-7.6619e-02,0.115,-0.08
-7.6618e-02,0.1,0.225
-7.6616e-02,0.04,-0.08
-7.6614e-02,0.08,0.22
-7.6613e-02,0.055,-0.105
-7.6611e-02,0.105,0.24
-7.6610e-02,0.035,-0.095
-7.6608e-02,0.01,0.23
-7.6606e-02,-0.045,-0.115
-7.6605e-02,0.11,0.255
-7.6603e-02,-0.005,-0.09
-7.6602e-02,0.085,0.225
-7.6600e-02,-0.02,-0.095
-7.6598e-02,0.03,0.225
-7.6597e-02,0.085,-0.08
-7.6595e-02,0.085,0.22
-7.6594e-02,0.055,-0.095
-7.6592e-02,0.025,0.225
-7.6590e-02,0.085,-0.09
-7.6589e-02,0.045,0.23
-7.6587e-02,0.02,-0.08
-7.6586e-02,0.105,0.205
-7.6584e-02,0.01,-0.13
-7.6582e-02,0.01,0.26
-7.6581e-02,0.04,-0.115
-7.6579e-02,0.07,0.245
-7.6578e-02,0.035,-0.14
-7.6576e-02,0.045,0.265
-7.6574e-02,-0.005,-0.1
-7.6573e-02,0.08,0.245
-7.6571e-02,0.115,-0.11
-7.6570e-02,0.055,0.245
-7.6568e-02,0.065,-0.085
-7.6566e-02,0.14,0.215
-7.6565e-02,0.13,-0.1
-7.6563e-02,0.11,0.235
-7.6562e-02,0.16,-0.085
-7.6560e-02,0.055,0.215
-7.6558e-02,0.14,-0.09
-7.6557e-02,0.065,0.215
-7.6555e-02,0.035,-0.075
-7.6554e-02,0.04,0.21
-7.6552e-02,0.025,-0.085
-7.6550e-02,0.015,0.215
-7.6549e-02,0.085,-0.08
-7.6547e-02,-0.005,0.215
-7.6546e-02,-0.01,-0.1
-7.6544e-02,0.07,0.23
-7.6542e-02,0.025,-0.115
-7.6541e-02,0.08,0.245
-7.6539e-02,0.04,-0.08
-7.6538e-02,0.01,0.215
-7.6536e-02,0.06,-0.085
-7.6534e-02,0.155,0.21
-7.6533e-02,0.025,-0.08
-7.6531e-02,0.07,0.21
-7.6530e-02,0.055,-0.085
-7.6528e-02,0.095,0.215
-7.6526e-02,0.085,-0.07
-7.6525e-02,0.145,0.2
-7.6523e-02,0.04,-0.09
-7.6522e-02,0.15,0.215
-7.6520e-02,0.1,-0.08
-7.6518e-02,0.1,0.205
-7.6517e-02,0.06,-0.095
-7.6515e-02,0.035,0.23
-7.6514e-02,-0.03,-0.085
-7.6512e-02,0.07,0.21
-7.6510e-02,0.07,-0.105
-7.6509e-02,0.085,0.235
-7.6507e-02,0.095,-0.08
-7.6506e-02,0.14,0.21
-7.6504e-02,0.16,-0.105
-7.6502e-02,0.03,0.23
-7.6501e-02,0.03,-0.1
-7.6499e-02,0.055,0.225
-7.6498e-02,0.005,-0.08
-7.6496e-02,0.045,0.205
-7.6494e-02,-0.03,-0.1
-7.6493e-02,0.005,0.23
-7.6491e-02,0.035,-0.11
-7.6490e-02,0.04,0.23
-7.6488e-02,-0.015,-0.155
-7.6486e-02,0.1,0.285
-7.6485e-02,-0.025,-0.1
-7.6483e-02,0.055,0.23
-7.6482e-02,0.045,-0.1
-7.6480e-02,0.03,0.225
-7.6478e-02,-0.01,-0.085
-7.6477e-02,-0.005,0.21
-7.6475e-02,-0.025,-0.115
-7.6474e-02,0.06,0.24
-7.6472e-02,0.075,-0.105
-7.6470e-02,-0.075,0.23
-7.6469e-02,0.025,-0.1
-7.6467e-02,0.02,0.215
-7.6466e-02,0.07,-0.1
-7.6464e-02,0.055,0.225
-7.6462e-02,-0.015,-0.09
-7.6461e-02,0.05,0.22
-7.6459e-02,0.025,-0.08
-7.6458e-02,0.09,0.205
-7.6456e-02,0.045,-0.1
-7.6454e-02,0.05,0.22
-7.6453e-02,0.09,-0.085
-7.6451e-02,0.03,0.21
-7.6450e-02,0.13,-0.1
-7.6448e-02,0.02,0.22
-7.6446e-02,0.04,-0.1
-7.6445e-02,0.105,0.22
-7.6443e-02,0.12,-0.09
-7.6442e-02,0.105,0.215
-7.6440e-02,0.07,-0.085
-7.6438e-02,-0.04,0.205
-7.6437e-02,0.07,-0.095
-7.6435e-02,0.09,0.22
-7.6434e-02,0.075,-0.08
-7.6432e-02,0.105,0.2
-7.6430e-02,0.035,-0.125
-7.6429e-02,0.115,0.25
-7.6427e-02,0,-0.095
-7.6426e-02,0.06,0.22
-7.6424e-02,-0.055,-0.105
-7.6422e-02,0.07,0.23
-7.6421e-02,0,-0.095
-7.6419e-02,0.07,0.215
-7.6418e-02,0.14,-0.07
-7.6416e-02,0.105,0.19
-7.6414e-02,0.11,-0.085
-7.6413e-02,-0.005,0.205
-7.6411e-02,0.175,-0.105
-7.6410e-02,0.02,0.225
-7.6408e-02,0.03,-0.115
-7.6406e-02,-0.01,0.225
-7.6405e-02,-0.015,-0.085
-7.6403e-02,0.065,0.2
-7.6402e-02,0.035,-0.095
-7.6400e-02,0.08,0.21
-7.6398e-02,0.1,-0.095
-7.6397e-02,0.115,0.2
-7.6395e-02,0.095,-0.09
-7.6394e-02,0.165,0.205
-7.6392e-02,0.1,-0.095
-7.6390e-02,0.075,0.22
-7.6389e-02,0.11,-0.08
-7.6387e-02,0.08,0.205
-7.6386e-02,0.13,-0.095
-7.6384e-02,0.08,0.21
-7.6382e-02,-0.005,-0.095
-7.6381e-02,0.09,0.21
-7.6379e-02,0.055,-0.135
-7.6378e-02,0.105,0.25
-7.6376e-02,0.055,-0.105
-7.6374e-02,0.075,0.215
-7.6373e-02,0.02,-0.095
-7.6371e-02,0.045,0.205
-7.6370e-02,0.055,-0.105
-7.6368e-02,0.06,0.21
-7.6366e-02,0.03,-0.095
-7.6365e-02,0.01,0.2
-7.6363e-02,0.055,-0.075
-7.6362e-02,0.06,0.185
-7.6360e-02,0.05,-0.095
-7.6358e-02,-0.005,0.2
-7.6357e-02,0.045,-0.115
-7.6355e-02,0.025,0.225
-7.6354e-02,0.06,-0.115
-7.6352e-02,-0.025,0.22
-7.6350e-02,-0.005,-0.12
-7.6349e-02,0.055,0.235
-7.6347e-02,0.035,-0.08
-7.6346e-02,0.015,0.195
-7.6344e-02,0.065,-0.155
-7.6342e-02,-0.08,0.265
-7.6341e-02,0.05,-0.12
-7.6339e-02,0,0.22
-7.6338e-02,0.13,-0.105
-7.6336e-02,0.07,0.215
-7.6334e-02,-0.03,-0.105
-7.6333e-02,-0.005,0.21
-7.6331e-02,-0.005,-0.07
-7.6330e-02,0.025,0.185
-7.6328e-02,0.05,-0.095
-7.6326e-02,-0.01,0.2
-7.6325e-02,-0.01,-0.095
-7.6323e-02,0.07,0.21
-7.6322e-02,-0.02,-0.09
-7.6320e-02,0.105,0.205
-7.6318e-02,0.04,-0.09
-7.6317e-02,0.07,0.205
-7.6315e-02,0.07,-0.085
-7.6314e-02,0.07,0.2
-7.6312e-02,0.055,-0.105
-7.6310e-02,-0.09,0.215
-7.6309e-02,0.01,-0.12
-7.6307e-02,-0.04,0.23
-7.6306e-02,0.03,-0.12
-7.6304e-02,-0.015,0.225
-7.6302e-02,-0.025,-0.105
-7.6301e-02,0,0.22
-7.6299e-02,0.125,-0.12
-7.6298e-02,-0.07,0.225
-7.6296e-02,0.08,-0.115
-7.6294e-02,-0.02,0.21
-7.6293e-02,0.095,-0.175
-7.6291e-02,0.045,0.285
-7.6290e-02,0.02,-0.1
-7.6288e-02,0.02,0.21
-7.6286e-02,0.125,-0.105
-7.6285e-02,0.04,0.215
-7.6283e-02,0.085,-0.11
-7.6282e-02,0.14,0.22
-7.6280e-02,0.055,-0.115
-7.6278e-02,0.11,0.225
-7.6277e-02,0.065,-0.1
-7.6275e-02,0.105,0.21
-7.6274e-02,0.04,-0.13
-7.6272e-02,0,0.24
-7.6270e-02,0.01,-0.095
-7.6269e-02,0.12,0.205
-7.6267e-02,0.05,-0.145
-7.6266e-02,0.025,0.245
-7.6264e-02,-0.005,-0.105
-7.6262e-02,0.055,0.205
-7.6261e-02,0.055,-0.125
-7.6259e-02,0,0.23
-7.6258e-02,-0.045,-0.105
-7.6256e-02,0.06,0.205
-7.6254e-02,0.07,-0.105
-7.6253e-02,0.07,0.205
-7.6251e-02,0.115,-0.115
-7.6250e-02,0.02,0.215
-7.6248e-02,0.085,-0.1
-7.6246e-02,0.02,0.205
-7.6245e-02,0.07,-0.12
-7.6243e-02,0.01,0.22
-7.6242e-02,0.01,-0.09
-7.6240e-02,0.06,0.19
-7.6238e-02,0.025,-0.11
-7.6237e-02,0.05,0.215
-7.6235e-02,-0.01,-0.12
-7.6234e-02,0.06,0.22
-7.6232e-02,0.065,-0.09
-7.6230e-02,0.14,0.19
-7.6229e-02,0.075,-0.115
-7.6227e-02,0.07,0.215
-7.6226e-02,0.105,-0.105
-7.6224e-02,0.09,0.205
-7.6222e-02,0.125,-0.09
-7.6221e-02,0.02,0.19
-7.6219e-02,0.07,-0.115
-7.6218e-02,0.02,0.21
-7.6216e-02,0.085,-0.135
-7.6214e-02,0.07,0.23
-7.6213e-02,0.05,-0.125
-7.6211e-02,0.02,0.225
-7.6210e-02,0.045,-0.16
-7.6208e-02,0.025,0.25
-7.6206e-02,0.105,-0.13
-7.6205e-02,0.095,0.23
-7.6203e-02,0.02,-0.1
-7.6202e-02,0.045,0.195
-7.6200e-02,0.07,-0.115
-7.6198e-02,0.08,0.205
-7.6197e-02,-0.005,-0.115
-7.6195e-02,0.035,0.21
-7.6194e-02,0.095,-0.115
-7.6192e-02,0.085,0.21
-7.6190e-02,0.085,-0.12
-7.6189e-02,0.06,0.22
-7.6187e-02,0.075,-0.165
-7.6186e-02,0.075,0.255
-7.6184e-02,0.08,-0.15
-7.6182e-02,0.025,0.24
-7.6181e-02,0.06,-0.15
-7.6179e-02,-0.06,0.235
-7.6178e-02,0.055,-0.115
-7.6176e-02,0.045,0.21
-7.6174e-02,0.09,-0.115
-7.6173e-02,0,0.2
-7.6171e-02,0.085,-0.11
-7.6170e-02,0.145,0.205
-7.6168e-02,0.125,-0.105
-7.6166e-02,0.065,0.19
-7.6165e-02,0.06,-0.115
-7.6163e-02,0.07,0.205
-7.6162e-02,0.075,-0.115
-7.6160e-02,0.045,0.215
-7.6158e-02,0.03,-0.115
-7.6157e-02,0.01,0.205
-7.6155e-02,0.015,-0.12
-7.6154e-02,0.095,0.205
-7.6152e-02,0.05,-0.11
-7.6150e-02,0.12,0.195
-7.6149e-02,0.015,-0.115
-7.6147e-02,0.05,0.21
-7.6146e-02,0.06,-0.12
-7.6144e-02,0.06,0.21
-7.6142e-02,-0.01,-0.115
-7.6141e-02,-0.035,0.205
-7.6139e-02,0.06,-0.13
-7.6138e-02,0.015,0.21
-7.6136e-02,0.03,-0.095
-7.6134e-02,0.04,0.185
-7.6133e-02,0.115,-0.11
-7.6131e-02,0.115,0.195
-7.6130e-02,0.09,-0.095
-7.6128e-02,0.005,0.185
-7.6126e-02,0.03,-0.105
-7.6125e-02,0.01,0.195
-7.6123e-02,0.015,-0.145
-7.6122e-02,0.005,0.235
-7.6120e-02,-0.005,-0.12
-7.6118e-02,0.02,0.21
-7.6117e-02,0.04,-0.16
-7.6115e-02,0.095,0.24
-7.6114e-02,0.025,-0.105
-7.6112e-02,0.065,0.2
-7.6110e-02,0.055,-0.15
-7.6109e-02,0.095,0.235
-7.6107e-02,0.105,-0.11
-7.6106e-02,0,0.2
-7.6104e-02,0.07,-0.125
-7.6102e-02,0.035,0.205
-7.6101e-02,0.13,-0.1
-7.6099e-02,0.02,0.19
-7.6098e-02,0,-0.11
-7.6096e-02,0.04,0.19
-7.6094e-02,0.045,-0.135
-7.6093e-02,0.005,0.22
-7.6091e-02,-0.01,-0.1
-7.6090e-02,0.01,0.195
-7.6088e-02,0.1,-0.12
-7.6086e-02,0.05,0.205
-7.6085e-02,-0.04,-0.105
-7.6083e-02,0.1,0.195
-7.6082e-02,0.05,-0.095
-7.6080e-02,0.155,0.185
-7.6078e-02,0.03,-0.1
-7.6077e-02,0.08,0.19
-7.6075e-02,0.09,-0.115
-7.6074e-02,0.05,0.195
-7.6072e-02,0.035,-0.12
-7.6070e-02,0.045,0.21
-7.6069e-02,-0.01,-0.105
-7.6067e-02,0.06,0.205
-7.6066e-02,0.005,-0.12
-7.6064e-02,0.05,0.21
-7.6062e-02,0.02,-0.125
-7.6061e-02,-0.005,0.21
-7.6059e-02,0.115,-0.115
-7.6058e-02,0.045,0.195
-7.6056e-02,0.09,-0.11
-7.6054e-02,0.03,0.19
-7.6053e-02,0.03,-0.13
-7.6051e-02,0.055,0.215
-7.6050e-02,0.025,-0.105
-7.6048e-02,-0.06,0.19
-7.6046e-02,-0.045,-0.13
-7.6045e-02,0.04,0.215
-7.6043e-02,-0.015,-0.15
-7.6042e-02,0.045,0.23
-7.6040e-02,-0.005,-0.11
-7.6038e-02,0.085,0.19
-7.6037e-02,0.105,-0.13
-7.6035e-02,0.105,0.205
-7.6034e-02,0.05,-0.12
-7.6032e-02,0.095,0.195
-7.6030e-02,0.005,-0.105
-7.6029e-02,0.03,0.185
-7.6027e-02,-0.005,-0.135
-7.6026e-02,-0.08,0.215
-7.6024e-02,-0.02,-0.135
-7.6022e-02,-0.045,0.215
-7.6021e-02,0.065,-0.115
-7.6019e-02,0.07,0.195
-7.6018e-02,0.02,-0.135
-7.6016e-02,0.105,0.21
-7.6014e-02,0.185,-0.11
-7.6013e-02,0.085,0.185
-7.6011e-02,0.13,-0.11
-7.6010e-02,-0.035,0.19
-7.6008e-02,0.015,-0.13
-7.6006e-02,0.03,0.21
-7.6005e-02,-0.055,-0.12
-7.6003e-02,0.005,0.2
-7.6002e-02,-0.075,-0.135
-7.6000e-02,0.085,0.215
-7.5998e-02,0.06,-0.125
-7.5997e-02,0.075,0.2
-7.5995e-02,0.05,-0.125
-7.5994e-02,0.045,0.21
-7.5992e-02,-0.005,-0.12
-7.5990e-02,0.055,0.195
-7.5989e-02,0.03,-0.135
-7.5987e-02,0.045,0.215
-7.5986e-02,0.05,-0.12
-7.5984e-02,0.06,0.2
-7.5982e-02,0.12,-0.13
-7.5981e-02,0.08,0.21
-7.5979e-02,-0.03,-0.11
-7.5978e-02,0.005,0.18
-7.5976e-02,-0.02,-0.115
-7.5974e-02,0.015,0.19
-7.5973e-02,-0.04,-0.12
-7.5971e-02,-0.075,0.195
-7.5970e-02,0.035,-0.155
-7.5968e-02,0.01,0.235
-7.5966e-02,0.02,-0.115
-7.5965e-02,0.075,0.18
-7.5963e-02,-0.06,-0.12
-7.5962e-02,0.075,0.19
-7.5960e-02,0.005,-0.14
-7.5958e-02,0.04,0.215
-7.5957e-02,0.035,-0.13
-7.5955e-02,-0.045,0.205
-7.5954e-02,-0.025,-0.12
-7.5952e-02,-0.005,0.19
-7.5950e-02,0.005,-0.13
-7.5949e-02,-0.055,0.2
-7.5947e-02,-0.02,-0.105
-7.5946e-02,-0.1,0.175
-7.5944e-02,0.02,-0.135
-7.5942e-02,0.02,0.21
-7.5941e-02,-0.06,-0.135
-7.5939e-02,-0.015,0.21
-7.5938e-02,0.02,-0.125
-7.5936e-02,0.005,0.2
-7.5934e-02,0.045,-0.135
-7.5933e-02,0.025,0.2
-7.5931e-02,0.02,-0.115
-7.5930e-02,0.055,0.19
-7.5928e-02,0.08,-0.135
-7.5926e-02,0.065,0.2
-7.5925e-02,0.01,-0.145
-7.5923e-02,0.04,0.215
-7.5922e-02,0.055,-0.11
-7.5920e-02,0.025,0.18
-7.5918e-02,0.08,-0.125
-7.5917e-02,-0.035,0.195
-7.5915e-02,0.01,-0.13
-7.5914e-02,0.075,0.205
-7.5912e-02,-0.005,-0.1
-7.5910e-02,-0.025,0.18
-7.5909e-02,0.035,-0.125
-7.5907e-02,0.05,0.195
-7.5906e-02,0.12,-0.12
-7.5904e-02,0.07,0.195
-7.5902e-02,0.12,-0.115
-7.5901e-02,0.015,0.19
-7.5899e-02,0.1,-0.1
-7.5898e-02,0.04,0.175
-7.5896e-02,0.01,-0.115
-7.5894e-02,0.005,0.185
-7.5893e-02,-0.055,-0.17
-7.5891e-02,0.005,0.24
-7.5890e-02,0.005,-0.14
-7.5888e-02,0.08,0.21
-7.5886e-02,-0.06,-0.17
-7.5885e-02,0.11,0.24
-7.5883e-02,-0.005,-0.12
-7.5882e-02,0.115,0.185
-7.5880e-02,0.04,-0.125
-7.5878e-02,-0.015,0.2
-7.5877e-02,0.06,-0.135
-7.5875e-02,0.1,0.2
-7.5874e-02,-0.015,-0.125
-7.5872e-02,0.055,0.185
-7.5870e-02,0.01,-0.11
-7.5869e-02,0.135,0.175
-7.5867e-02,0.075,-0.14
-7.5866e-02,0.05,0.205
-7.5864e-02,-0.03,-0.14
-7.5862e-02,0.12,0.21
-7.5861e-02,-0.04,-0.15
-7.5859e-02,-0.03,0.21
-7.5858e-02,0.025,-0.14
-7.5856e-02,-0.065,0.205
-7.5854e-02,-0.075,-0.15
-7.5853e-02,-0.02,0.21
-7.5851e-02,0.01,-0.13
-7.5850e-02,-0.02,0.2
-7.5848e-02,0.02,-0.125
-7.5846e-02,0.015,0.19
-7.5845e-02,0.04,-0.145
-7.5843e-02,0.135,0.21
-7.5842e-02,0.02,-0.145
-7.5840e-02,-0.07,0.205
-7.5838e-02,0.13,-0.135
-7.5837e-02,-0.01,0.19
-7.5835e-02,0.075,-0.105
-7.5834e-02,0.055,0.16
-7.5832e-02,0.085,-0.125
-7.5830e-02,0.09,0.18
-7.5829e-02,0.095,-0.145
-7.5827e-02,0.045,0.205
-7.5826e-02,0.04,-0.115
-7.5824e-02,-0.04,0.175
-7.5822e-02,-0.01,-0.115
-7.5821e-02,-0.045,0.175
-7.5819e-02,-0.025,-0.15
-7.5818e-02,-0.025,0.21
-7.5816e-02,-0.075,-0.145
-7.5814e-02,-0.025,0.205
-7.5813e-02,0.11,-0.13
-7.5811e-02,0.02,0.195
-7.5810e-02,0.01,-0.16
-7.5808e-02,0.075,0.215
-7.5806e-02,-0.015,-0.18
-7.5805e-02,0.065,0.23
-7.5803e-02,-0.015,-0.11
-7.5802e-02,-0.015,0.165
-7.5800e-02,-0.08,-0.14
-7.5798e-02,-0.095,0.195
-7.5797e-02,-0.015,-0.16
-7.5795e-02,-0.045,0.22
-7.5794e-02,-0.015,-0.145
-7.5792e-02,0.01,0.205
-7.5790e-02,0,-0.15
-7.5789e-02,0.03,0.205
-7.5787e-02,0.125,-0.1
-7.5786e-02,0.135,0.165
-7.5784e-02,0.045,-0.135
-7.5782e-02,0.085,0.19
-7.5781e-02,0.1,-0.175
-7.5779e-02,0.07,0.23
-7.5778e-02,0.04,-0.13
-7.5776e-02,0.085,0.18
-7.5774e-02,-0.025,-0.16
-7.5773e-02,0.05,0.21
-7.5771e-02,0.125,-0.125
-7.5770e-02,0.07,0.18
-7.5768e-02,0.045,-0.145
-7.5766e-02,0.1,0.195
-7.5765e-02,-0.02,-0.125
-7.5763e-02,0.045,0.18
-7.5762e-02,0.05,-0.125
-7.5760e-02,0.025,0.175
-7.5758e-02,0.045,-0.135
-7.5757e-02,0.01,0.19
-7.5755e-02,0.16,-0.13
-7.5754e-02,0.03,0.19
-7.5752e-02,0.08,-0.145
-7.5750e-02,0.03,0.2
-7.5749e-02,0.03,-0.12
-7.5747e-02,-0.035,0.18
-7.5746e-02,0.03,-0.115
-7.5744e-02,-0.025,0.17
-7.5742e-02,-0.075,-0.115
-7.5741e-02,-0.075,0.175
-7.5739e-02,0.005,-0.13
-7.5738e-02,0,0.175
-7.5736e-02,0.05,-0.115
-7.5734e-02,0.05,0.175
-7.5733e-02,-0.01,-0.13
-7.5731e-02,0.07,0.185
-7.5730e-02,0.135,-0.125
-7.5728e-02,0.085,0.175
-7.5726e-02,0.095,-0.145
-7.5725e-02,0.055,0.195
-7.5723e-02,0.045,-0.13
-7.5722e-02,0.045,0.18
-7.5720e-02,0.005,-0.15
-7.5718e-02,0.07,0.205
-7.5717e-02,-0.085,-0.125
-7.5715e-02,0.02,0.18
-7.5714e-02,0.045,-0.145
-7.5712e-02,0.06,0.19
-7.5710e-02,0.015,-0.14
-7.5709e-02,-0.01,0.195
-7.5707e-02,0.025,-0.145
-7.5706e-02,0.075,0.195
-7.5704e-02,0.045,-0.12
-7.5702e-02,-0.045,0.17
-7.5701e-02,0.08,-0.14
-7.5699e-02,0.09,0.195
-7.5698e-02,0.035,-0.145
-7.5696e-02,0.035,0.2
-7.5694e-02,0,-0.175
-7.5693e-02,-0.03,0.225
-7.5691e-02,-0.015,-0.135
-7.5690e-02,0.015,0.19
-7.5688e-02,-0.085,-0.14
-7.5686e-02,-0.015,0.195
-7.5685e-02,-0.03,-0.14
-7.5683e-02,-0.11,0.185
-7.5682e-02,0.06,-0.17
-7.5680e-02,0.085,0.21
-7.5678e-02,0.01,-0.135
-7.5677e-02,0.045,0.195
-7.5675e-02,0.14,-0.14
-7.5674e-02,0.1,0.19
-7.5672e-02,0.085,-0.13
-7.5670e-02,0.045,0.18
-7.5669e-02,0.04,-0.195
-7.5667e-02,0.13,0.24
-7.5666e-02,0.03,-0.18
-7.5664e-02,0.05,0.225
-7.5662e-02,-0.015,-0.15
-7.5661e-02,0.09,0.205
-7.5659e-02,-0.005,-0.15
-7.5658e-02,0.07,0.195
-7.5656e-02,-0.035,-0.125
-7.5654e-02,0.01,0.17
-7.5653e-02,-0.06,-0.16
-7.5651e-02,0.045,0.205
-7.5650e-02,0.02,-0.15
-7.5648e-02,0.005,0.2
-7.5646e-02,-0.015,-0.145
-7.5645e-02,0.07,0.195
-7.5643e-02,0.01,-0.125
-7.5642e-02,0.07,0.175
-7.5640e-02,0.04,-0.145
-7.5638e-02,-0.005,0.18
-7.5637e-02,0.155,-0.145
-7.5635e-02,0.075,0.19
-7.5634e-02,0.1,-0.145
-7.5632e-02,0.01,0.19
-7.5630e-02,-0.01,-0.13
-7.5629e-02,-0.01,0.175
-7.5627e-02,0.025,-0.14
-7.5626e-02,0.005,0.185
-7.5624e-02,0.04,-0.155
-7.5622e-02,-0.015,0.19
-7.5621e-02,0.055,-0.125
-7.5619e-02,0.075,0.165
-7.5618e-02,0.135,-0.135
-7.5616e-02,0,0.175
-7.5614e-02,0.095,-0.15
-7.5613e-02,0.02,0.195
-7.5611e-02,0.09,-0.14
-7.5610e-02,0.06,0.18
-7.5608e-02,0.07,-0.18
-7.5606e-02,0.01,0.215
-7.5605e-02,0.115,-0.135
-7.5603e-02,0.045,0.18
-7.5602e-02,0.09,-0.14
-7.5600e-02,-0.025,0.175
-7.5598e-02,0.055,-0.14
-7.5597e-02,-0.035,0.18
-7.5595e-02,0.005,-0.155
-7.5594e-02,-0.035,0.195
-7.5592e-02,-0.005,-0.145
-7.5590e-02,-0.05,0.19
-7.5589e-02,-0.005,-0.145
-7.5587e-02,0.035,0.19
-7.5586e-02,0.095,-0.14
-7.5584e-02,0.115,0.18
-7.5582e-02,0.07,-0.135
-7.5581e-02,0.03,0.185
-7.5579e-02,0.09,-0.155
-7.5578e-02,0.05,0.19
-7.5576e-02,0.02,-0.14
-7.5574e-02,-0.045,0.185
-7.5573e-02,0.03,-0.13
-7.5571e-02,-0.01,0.17
-7.5570e-02,-0.005,-0.15
-7.5568e-02,0.015,0.19
-7.5566e-02,0,-0.145
-7.5565e-02,0.04,0.19
-7.5563e-02,-0.005,-0.125
-7.5562e-02,0.15,0.165
-7.5560e-02,-0.055,-0.135
-7.5558e-02,0.065,0.175
-7.5557e-02,-0.115,-0.135
-7.5555e-02,0.03,0.175
-7.5554e-02,0.01,-0.145
-7.5552e-02,0.055,0.175
-7.5550e-02,0.005,-0.15
-7.5549e-02,0.115,0.19
-7.5547e-02,-0.07,-0.14
-7.5546e-02,0.09,0.185
-7.5544e-02,-0.005,-0.15
-7.5542e-02,0.06,0.195
-7.5541e-02,-0.05,-0.14
-7.5539e-02,-0.02,0.175
-7.5538e-02,-0.095,-0.13
-7.5536e-02,0.025,0.16
-7.5534e-02,0.015,-0.145
-7.5533e-02,-0.055,0.185
-7.5531e-02,0.055,-0.175
-7.5530e-02,-0.015,0.205
-7.5528e-02,0.04,-0.155
-7.5526e-02,0.105,0.19
-7.5525e-02,0.03,-0.145
-7.5523e-02,0.05,0.185
-7.5522e-02,0.03,-0.135
-7.5520e-02,-0.06,0.165
-7.5518e-02,0.005,-0.15
-7.5517e-02,0.03,0.18
-7.5515e-02,-0.065,-0.115
-7.5514e-02,-0.015,0.145
-7.5512e-02,-0.045,-0.145
-7.5510e-02,-0.055,0.18
-7.5509e-02,0.075,-0.135
-7.5507e-02,0,0.17
-7.5506e-02,-0.035,-0.13
-7.5504e-02,0.04,0.165
-7.5502e-02,-0.045,-0.135
-7.5501e-02,0.01,0.17
-7.5499e-02,-0.09,-0.145
-7.5498e-02,0.025,0.175
-7.5496e-02,-0.075,-0.15
-7.5494e-02,0.05,0.18
-7.5493e-02,-0.02,-0.17
-7.5491e-02,0.145,0.2
-7.5490e-02,0.025,-0.175
-7.5488e-02,0.005,0.21
-7.5486e-02,-0.025,-0.14
-7.5485e-02,0.065,0.17
-7.5483e-02,0.035,-0.155
-7.5482e-02,0.105,0.19
-7.5480e-02,-0.06,-0.145
-7.5478e-02,0.07,0.17
-7.5477e-02,-0.07,-0.175
-7.5475e-02,0.005,0.195
-7.5474e-02,-0.085,-0.17
-7.5472e-02,0.045,0.195
-7.5470e-02,-0.02,-0.14
-7.5469e-02,-0.065,0.165
-7.5467e-02,0.01,-0.135
-7.5466e-02,0,0.165
-7.5464e-02,0.1,-0.165
-7.5462e-02,-0.045,0.19
-7.5461e-02,0,-0.14
-7.5459e-02,-0.05,0.165
-7.5458e-02,0.05,-0.165
-7.5456e-02,-0.025,0.19
-7.5454e-02,0.055,-0.15
-7.5453e-02,-0.01,0.175
-7.5451e-02,0.05,-0.17
-7.5450e-02,-0.04,0.195
-7.5448e-02,0.05,-0.145
-7.5446e-02,0.025,0.165
-7.5445e-02,-0.07,-0.2
-7.5443e-02,-0.015,0.21
-7.5442e-02,-0.13,-0.14
-7.5440e-02,0.03,0.16
-7.5438e-02,-0.015,-0.15
-7.5437e-02,-0.025,0.175
-7.5435e-02,0.06,-0.155
-7.5434e-02,0,0.175
-7.5432e-02,-0.02,-0.165
-7.5430e-02,0,0.185
-7.5429e-02,0,-0.145
-7.5427e-02,-0.05,0.17
-7.5426e-02,0.005,-0.15
-7.5424e-02,-0.075,0.175
-7.5422e-02,-0.005,-0.15
-7.5421e-02,0.005,0.17
-7.5419e-02,0.035,-0.135
-7.5418e-02,-0.01,0.16
-7.5416e-02,-0.035,-0.16
-7.5414e-02,0.015,0.175
-7.5413e-02,0.015,-0.17
-7.5411e-02,0.055,0.195
-7.5410e-02,0.05,-0.13
-7.5408e-02,0.08,0.15
-7.5406e-02,-0.01,-0.165
-7.5405e-02,0.01,0.185
-7.5403e-02,0.015,-0.17
-7.5402e-02,0.06,0.19
-7.5400e-02,0.035,-0.14
-7.5398e-02,0.01,0.16
-7.5397e-02,0,-0.145
-7.5395e-02,0.075,0.175
-7.5394e-02,-0.005,-0.14
-7.5392e-02,0.035,0.165
-7.5390e-02,0.005,-0.15
-7.5389e-02,-0.005,0.175
-7.5387e-02,-0.09,-0.155
-7.5386e-02,0.04,0.175
-7.5384e-02,-0.035,-0.14
-7.5382e-02,0.115,0.16
-7.5381e-02,-0.065,-0.17
-7.5379e-02,-0.025,0.19
-7.5378e-02,-0.01,-0.15
-7.5376e-02,-0.01,0.185
-7.5374e-02,-0.055,-0.18
-7.5373e-02,0.045,0.205
-7.5371e-02,0.015,-0.155
-7.5370e-02,-0.065,0.175
-7.5368e-02,-0.04,-0.155
-7.5366e-02,-0.075,0.17
-7.5365e-02,0.025,-0.145
-7.5363e-02,0.005,0.175
-7.5362e-02,0.03,-0.17
-7.5360e-02,0.025,0.19
-7.5358e-02,0.04,-0.175
-7.5357e-02,0.06,0.19
-7.5355e-02,-0.05,-0.145
-7.5354e-02,-0.04,0.165
-7.5352e-02,-0.005,-0.15
-7.5350e-02,-0.125,0.16
-7.5349e-02,0.005,-0.16
-7.5347e-02,-0.045,0.18
-7.5346e-02,0.035,-0.135
-7.5344e-02,-0.045,0.145
-7.5342e-02,-0.035,-0.15
-7.5341e-02,0.03,0.165
-7.5339e-02,-0.025,-0.175
-7.5338e-02,0.08,0.185
-7.5336e-02,-0.01,-0.165
-7.5334e-02,0.085,0.18
-7.5333e-02,0.01,-0.15
-7.5331e-02,-0.01,0.16
-7.5330e-02,0.025,-0.165
-7.5328e-02,0.05,0.18
-7.5326e-02,0.12,-0.155
-7.5325e-02,0.04,0.165
-7.5323e-02,0.04,-0.15
-7.5322e-02,0.025,0.16
-7.5320e-02,0.015,-0.165
-7.5318e-02,0.01,0.18
-7.5317e-02,-0.035,-0.17
-7.5315e-02,0,0.175
-7.5314e-02,0.03,-0.17
-7.5312e-02,-0.105,0.18
-7.5310e-02,-0.01,-0.175
-7.5309e-02,-0.02,0.175
-7.5307e-02,0.1,-0.2
-7.5306e-02,-0.04,0.21
-7.5304e-02,0.055,-0.18
-7.5302e-02,-0.035,0.19
-7.5301e-02,-0.025,-0.175
-7.5299e-02,0.02,0.185
-7.5298e-02,-0.02,-0.16
-7.5296e-02,0.105,0.16
-7.5294e-02,0.005,-0.15
-7.5293e-02,-0.03,0.16
-7.5291e-02,-0.015,-0.145
-7.5290e-02,0.09,0.155
-7.5288e-02,0.025,-0.165
-7.5286e-02,0.1,0.17
-7.5285e-02,-0.01,-0.15
-7.5283e-02,0.025,0.16
-7.5282e-02,0.015,-0.165
-7.5280e-02,-0.04,0.17
-7.5278e-02,0.08,-0.16
-7.5277e-02,0.035,0.165
-7.5275e-02,0.01,-0.145
-7.5274e-02,0.02,0.16
-7.5272e-02,-0.05,-0.135
-7.5270e-02,0.045,0.15
-7.5269e-02,0.065,-0.145
-7.5267e-02,0.025,0.145
-7.5266e-02,0.005,-0.17
-7.5264e-02,0.06,0.18
-7.5262e-02,-0.06,-0.17
-7.5261e-02,0.07,0.185
-7.5259e-02,-0.035,-0.16
-7.5258e-02,0,0.175
-7.5256e-02,0.005,-0.17
-7.5254e-02,-0.035,0.18
-7.5253e-02,0.05,-0.165
-7.5251e-02,0.06,0.18
-7.5250e-02,0.065,-0.155
-7.5248e-02,-0.015,0.165
-7.5246e-02,0.03,-0.135
-7.5245e-02,0.03,0.145
-7.5243e-02,0.045,-0.145
-7.5242e-02,-0.06,0.16
-7.5240e-02,0.01,-0.145
-7.5238e-02,-0.07,0.155
-7.5237e-02,-0.035,-0.16
-7.5235e-02,0.055,0.17
-7.5234e-02,-0.045,-0.155
-7.5232e-02,0.08,0.165
-7.5230e-02,-0.05,-0.15
-7.5229e-02,0.045,0.16
-7.5227e-02,0.05,-0.205
-7.5226e-02,0.005,0.215
-7.5224e-02,0.04,-0.145
-7.5222e-02,-0.07,0.165
-7.5221e-02,-0.05,-0.155
-7.5219e-02,-0.005,0.17
-7.5218e-02,-0.015,-0.15
-7.5216e-02,0,0.16
-7.5214e-02,0.055,-0.175
-7.5213e-02,0.05,0.185
-7.5211e-02,0.015,-0.17
-7.5210e-02,0.015,0.175
-7.5208e-02,0.095,-0.185
-7.5206e-02,-0.055,0.19
-7.5205e-02,0.035,-0.14
-7.5203e-02,-0.035,0.15
-7.5202e-02,0.005,-0.15
-7.5200e-02,0.015,0.145
-7.5198e-02,-0.13,-0.15
-7.5197e-02,-0.03,0.16
-7.5195e-02,-0.045,-0.155
-7.5194e-02,0.035,0.16
-7.5192e-02,0.04,-0.145
-7.5190e-02,-0.065,0.14
-7.5189e-02,-0.03,-0.155
-7.5187e-02,0.005,0.165
-7.5186e-02,-0.025,-0.155
-7.5184e-02,0.11,0.165
-7.5182e-02,0.055,-0.155
-7.5181e-02,-0.035,0.16
-7.5179e-02,0.065,-0.185
-7.5178e-02,0.03,0.19
-7.5176e-02,0.1,-0.155
-7.5174e-02,0.025,0.16
-7.5173e-02,0.01,-0.15
-7.5171e-02,-0.01,0.15
-7.5170e-02,0.035,-0.17
-7.5168e-02,-0.055,0.17
-7.5166e-02,-0.025,-0.165
-7.5165e-02,-0.005,0.16
-7.5163e-02,-0.075,-0.14
-7.5162e-02,-0.015,0.14
-7.5160e-02,-0.14,-0.165
-7.5158e-02,0.015,0.16
-7.5157e-02,0,-0.155
-7.5155e-02,0.025,0.145
-7.5154e-02,0.02,-0.165
-7.5152e-02,0.02,0.16
-7.5150e-02,0.065,-0.16
-7.5149e-02,0.045,0.155
-7.5147e-02,0.07,-0.145
-7.5146e-02,-0.02,0.145
-7.5144e-02,-0.015,-0.175
-7.5142e-02,-0.055,0.165
-7.5141e-02,-0.04,-0.15
-7.5139e-02,-0.02,0.15
-7.5138e-02,-0.015,-0.155
-7.5136e-02,-0.1,0.15
-7.5134e-02,0.02,-0.165
-7.5133e-02,-0.01,0.16
-7.5131e-02,0,-0.18
-7.5130e-02,-0.03,0.175
-7.5128e-02,-0.07,-0.15
-7.5126e-02,-0.03,0.15
-7.5125e-02,-0.07,-0.145
-7.5123e-02,-0.01,0.145
-7.5122e-02,0.015,-0.145
-7.5120e-02,0.13,0.14
-7.5118e-02,0.01,-0.18
-7.5117e-02,0.045,0.175
-7.5115e-02,-0.045,-0.165
-7.5114e-02,0.04,0.155
-7.5112e-02,0.015,-0.15
-7.5110e-02,0.02,0.145
-7.5109e-02,0.02,-0.16
-7.5107e-02,0.03,0.155
-7.5106e-02,-0.06,-0.165
-7.5104e-02,-0.025,0.165
-7.5102e-02,-0.015,-0.15
-7.5101e-02,-0.015,0.145
-7.5099e-02,-0.02,-0.155
-7.5098e-02,-0.105,0.15
-7.5096e-02,-0.04,-0.135
-7.5094e-02,0.005,0.125
-7.5093e-02,-0.01,-0.155
-7.5091e-02,0.05,0.15
-7.5090e-02,-0.03,-0.17
-7.5088e-02,0.05,0.155
-7.5086e-02,0.065,-0.17
-7.5085e-02,0.005,0.165
-7.5083e-02,0.13,-0.17
-7.5082e-02,0.075,0.16
-7.5080e-02,0.04,-0.16
-7.5078e-02,0.06,0.145
-7.5077e-02,0.01,-0.16
-7.5075e-02,0.02,0.155
-7.5074e-02,0.085,-0.16
-7.5072e-02,-0.035,0.155
-7.5070e-02,0.08,-0.18
-7.5069e-02,-0.02,0.17
-7.5067e-02,0.06,-0.16
-7.5066e-02,-0.02,0.15
-7.5064e-02,0.115,-0.14
-7.5062e-02,0.045,0.135
-7.5061e-02,0.02,-0.155
-7.5059e-02,-0.035,0.145
-7.5058e-02,-0.075,-0.15
-7.5056e-02,0,0.14
-7.5054e-02,-0.03,-0.15
-7.5053e-02,-0.04,0.145
-7.5051e-02,-0.055,-0.15
-7.5050e-02,-0.025,0.135
-7.5048e-02,-0.045,-0.155
-7.5046e-02,0.04,0.145
-7.5045e-02,-0.02,-0.17
-7.5043e-02,0.035,0.165
-7.5042e-02,-0.035,-0.18
-7.5040e-02,-0.07,0.165
-7.5038e-02,-0.045,-0.175
-7.5037e-02,0.01,0.17
-7.5035e-02,-0.005,-0.145
-7.5034e-02,0,0.14
-7.5032e-02,-0.025,-0.16
-7.5030e-02,-0.025,0.15
-7.5029e-02,-0.02,-0.15
-7.5027e-02,-0.02,0.145
-7.5026e-02,0.055,-0.17
-7.5024e-02,-0.06,0.16
-7.5022e-02,0,-0.165
-7.5021e-02,-0.03,0.145
-7.5019e-02,0.035,-0.155
-7.5018e-02,-0.055,0.14
-7.5016e-02,-0.06,-0.165
-7.5014e-02,-0.135,0.155
-7.5013e-02,-0.045,-0.15
-7.5011e-02,-0.03,0.135
-7.5010e-02,-0.02,-0.15
-7.5008e-02,-0.005,0.14
-7.5006e-02,0.035,-0.16
-7.5005e-02,-0.005,0.145
-7.5003e-02,0.035,-0.16
-7.5002e-02,0.005,0.145
-7.5000e-02,0.055,-0.175
-7.4998e-02,0.015,0.16
-7.4997e-02,-0.025,-0.155
-7.4995e-02,0,0.15
-7.4994e-02,-0.085,-0.15
-7.4992e-02,0.035,0.14
-7.4990e-02,-0.01,-0.165
-7.4989e-02,0.01,0.15
-7.4987e-02,-0.075,-0.155
-7.4986e-02,-0.005,0.14
-7.4984e-02,-0.05,-0.145
-7.4982e-02,0.015,0.13
-7.4981e-02,0.045,-0.17
-7.4979e-02,-0.07,0.155
-7.4978e-02,-0.045,-0.175
-7.4976e-02,0.025,0.165
-7.4974e-02,-0.03,-0.18
-7.4973e-02,0.04,0.16
-7.4971e-02,-0.01,-0.19
-7.4970e-02,0.015,0.18
-7.4968e-02,-0.03,-0.17
-7.4966e-02,0.045,0.16
-7.4965e-02,-0.06,-0.2
-7.4963e-02,0.01,0.195
-7.4962e-02,-0.035,-0.17
-7.4960e-02,-0.03,0.155
-7.4958e-02,-0.135,-0.16
-7.4957e-02,-0.055,0.145
-7.4955e-02,-0.055,-0.16
-7.4954e-02,0,0.145
-7.4952e-02,-0.02,-0.16
-7.4950e-02,-0.01,0.155
-7.4949e-02,0.015,-0.17
-7.4947e-02,0,0.155
-7.4946e-02,0.035,-0.16
-7.4944e-02,-0.01,0.14
-7.4942e-02,0.03,-0.165
-7.4941e-02,-0.075,0.135
-7.4939e-02,-0.06,-0.15
-7.4938e-02,-0.075,0.125
-7.4936e-02,0.025,-0.135
-7.4934e-02,-0.07,0.115
-7.4933e-02,-0.05,-0.17
-7.4931e-02,-0.01,0.145
-7.4930e-02,-0.065,-0.18
-7.4928e-02,0.005,0.15
-7.4926e-02,0.08,-0.165
-7.4925e-02,0,0.15
-7.4923e-02,0.05,-0.155
-7.4922e-02,-0.11,0.135
-7.4920e-02,-0.04,-0.165
-7.4918e-02,0.005,0.135
-7.4917e-02,0.015,-0.18
-7.4915e-02,0.015,0.155
-7.4914e-02,0.065,-0.17
-7.4912e-02,0.01,0.145
-7.4910e-02,0.05,-0.175
-7.4909e-02,-0.065,0.15
-7.4907e-02,0.02,-0.155
-7.4906e-02,-0.01,0.125
-7.4904e-02,0.05,-0.16
-7.4902e-02,0,0.14
-7.4901e-02,-0.025,-0.185
-7.4899e-02,0.025,0.16
-7.4898e-02,0.015,-0.19
-7.4896e-02,0.01,0.165
-7.4894e-02,0.03,-0.165
-7.4893e-02,-0.035,0.14
-7.4891e-02,0.03,-0.18
-7.4890e-02,-0.04,0.15
-7.4888e-02,-0.045,-0.165
-7.4886e-02,0.075,0.135
-7.4885e-02,-0.05,-0.175
-7.4883e-02,0.09,0.155
-7.4882e-02,-0.015,-0.165
-7.4880e-02,-0.04,0.14
-7.4878e-02,0,-0.175
-7.4877e-02,-0.015,0.15
-7.4875e-02,-0.035,-0.165
-7.4874e-02,0.08,0.135
-7.4872e-02,-0.09,-0.175
-7.4870e-02,-0.025,0.15
-7.4869e-02,-0.085,-0.165
-7.4867e-02,-0.03,0.14
-7.4866e-02,-0.045,-0.2
-7.4864e-02,-0.025,0.17
-7.4862e-02,-0.055,-0.17
-7.4861e-02,-0.03,0.14
-7.4859e-02,-0.045,-0.185
-7.4858e-02,-0.015,0.15
-7.4856e-02,-0.035,-0.155
-7.4854e-02,-0.025,0.125
-7.4853e-02,-0.045,-0.15
-7.4851e-02,-0.12,0.12
-7.4850e-02,-0.02,-0.155
-7.4848e-02,-0.035,0.125
-7.4846e-02,-0.005,-0.165
-7.4845e-02,-0.09,0.14
-7.4843e-02,-0.03,-0.15
-7.4842e-02,-0.005,0.125
-7.4840e-02,-0.04,-0.155
-7.4838e-02,0,0.13
-7.4837e-02,0.065,-0.155
-7.4835e-02,0.015,0.13
-7.4834e-02,0.035,-0.175
-7.4832e-02,0.035,0.14
-7.4830e-02,-0.015,-0.16
-7.4829e-02,-0.02,0.135
-7.4827e-02,-0.035,-0.145
-7.4826e-02,-0.09,0.12
-7.4824e-02,-0.025,-0.16
-7.4822e-02,-0.045,0.13
-7.4821e-02,-0.085,-0.175
-7.4819e-02,0.035,0.155
-7.4818e-02,-0.04,-0.2
-7.4816e-02,0.1,0.17
-7.4814e-02,-0.05,-0.16
-7.4813e-02,-0.025,0.13
-7.4811e-02,0.035,-0.17
-7.4810e-02,-0.055,0.15
-7.4808e-02,-0.05,-0.16
-7.4806e-02,-0.08,0.135
-7.4805e-02,-0.135,-0.18
-7.4803e-02,-0.06,0.16
-7.4802e-02,-0.07,-0.155
-7.4800e-02,-0.1,0.13
-7.4798e-02,-0.005,-0.155
-7.4797e-02,-0.05,0.13
-7.4795e-02,-0.055,-0.21
-7.4794e-02,-0.13,0.18
-7.4792e-02,-0.005,-0.175
-7.4790e-02,-0.045,0.16
-7.4789e-02,0,-0.23
-7.4787e-02,-0.085,0.2
-7.4786e-02,-0.02,-0.165
-7.4784e-02,-0.035,0.14
-7.4782e-02,0.025,-0.155
-7.4781e-02,-0.04,0.125
-7.4779e-02,0,-0.185
-7.4778e-02,-0.01,0.155
-7.4776e-02,0.005,-0.16
-7.4774e-02,0,0.135
-7.4773e-02,-0.015,-0.165
-7.4771e-02,-0.055,0.14
-7.4770e-02,-0.015,-0.175
-7.4768e-02,-0.11,0.145
-7.4766e-02,0.01,-0.14
-7.4765e-02,-0.035,0.11
-7.4763e-02,-0.08,-0.165
-7.4762e-02,-0.005,0.13
-7.4760e-02,0.005,-0.165
-7.4758e-02,0.02,0.135
-7.4757e-02,0.085,-0.155
-7.4755e-02,0.035,0.125
-7.4754e-02,-0.06,-0.17
-7.4752e-02,0.01,0.14
-7.4750e-02,-0.13,-0.18
-7.4749e-02,0.055,0.14
-7.4747e-02,0.03,-0.16
-7.4746e-02,-0.025,0.125
-7.4744e-02,0.005,-0.155
-7.4742e-02,-0.015,0.125
-7.4741e-02,-0.035,-0.17
-7.4739e-02,0.055,0.13
-7.4738e-02,-0.055,-0.16
-7.4736e-02,-0.055,0.13
-7.4734e-02,-0.06,-0.175
-7.4733e-02,-0.085,0.13
-7.4731e-02,-0.055,-0.16
-7.4730e-02,0,0.125
-7.4728e-02,0,-0.185
-7.4726e-02,-0.005,0.14
-7.4725e-02,0,-0.2
-7.4723e-02,0.03,0.16
-7.4722e-02,0.055,-0.18
-7.4720e-02,0.015,0.145
-7.4718e-02,-0.045,-0.185
-7.4717e-02,-0.075,0.145
-7.4715e-02,-0.055,-0.16
-7.4714e-02,-0.03,0.115
-7.4712e-02,-0.03,-0.19
-7.4710e-02,0,0.15
-7.4709e-02,-0.06,-0.185
-7.4707e-02,0.045,0.145
-7.4706e-02,-0.09,-0.18
-7.4704e-02,0.06,0.14
-7.4702e-02,0.04,-0.21
-7.4701e-02,-0.015,0.165
-7.4699e-02,0.02,-0.18
-7.4698e-02,-0.035,0.135
-7.4696e-02,0.025,-0.185
-7.4694e-02,0.025,0.14
-7.4693e-02,0,-0.16
-7.4691e-02,-0.035,0.115
-7.4690e-02,0.02,-0.195
-7.4688e-02,-0.1,0.15
-7.4686e-02,0.015,-0.145
-7.4685e-02,0.035,0.1
-7.4683e-02,0,-0.17
-7.4682e-02,0.035,0.135
-7.4680e-02,-0.01,-0.16
-7.4678e-02,-0.05,0.12
-7.4677e-02,0.075,-0.19
-7.4675e-02,-0.095,0.145
-7.4674e-02,-0.015,-0.15
-7.4672e-02,-0.035,0.11
-7.4670e-02,-0.095,-0.205
-7.4669e-02,-0.045,0.16
-7.4667e-02,-0.005,-0.185
-7.4666e-02,-0.03,0.145
-7.4664e-02,0.035,-0.165
-7.4662e-02,-0.09,0.125
-7.4661e-02,-0.035,-0.155
-7.4659e-02,0.015,0.11
-7.4658e-02,0.01,-0.195
-7.4656e-02,-0.035,0.16
-7.4654e-02,0.05,-0.17
-7.4653e-02,-0.075,0.115
-7.4651e-02,0.025,-0.165
-7.4650e-02,-0.02,0.125
-7.4648e-02,0,-0.175
-7.4646e-02,0.045,0.135
-7.4645e-02,-0.015,-0.17
-7.4643e-02,-0.005,0.13
-7.4642e-02,0.015,-0.165
-7.4640e-02,-0.005,0.125
-7.4638e-02,0.075,-0.19
-7.4637e-02,0.06,0.15
-7.4635e-02,-0.09,-0.155
-7.4634e-02,-0.01,0.11
-7.4632e-02,-0.055,-0.19
-7.4630e-02,0.01,0.15
-7.4629e-02,-0.01,-0.18
-7.4627e-02,0.08,0.14
-7.4626e-02,0.045,-0.155
-7.4624e-02,0.01,0.115
-7.4622e-02,-0.02,-0.15
-7.4621e-02,-0.01,0.115
-7.4619e-02,-0.02,-0.155
-7.4618e-02,-0.025,0.115
-7.4616e-02,-0.095,-0.15
-7.4614e-02,-0.04,0.11
-7.4613e-02,0.035,-0.155
-7.4611e-02,0,0.12
-7.4610e-02,0.09,-0.165
-7.4608e-02,-0.025,0.12
-7.4606e-02,0,-0.16
-7.4605e-02,-0.025,0.115
-7.4603e-02,-0.065,-0.19
-7.4602e-02,-0.03,0.14
-7.4600e-02,-0.05,-0.175
-7.4598e-02,-0.175,0.125
-7.4597e-02,-0.02,-0.18
-7.4595e-02,-0.095,0.135
-7.4594e-02,0.03,-0.175
-7.4592e-02,0.025,0.135
-7.4590e-02,0.03,-0.17
-7.4589e-02,0.02,0.12
-7.4587e-02,-0.015,-0.18
-7.4586e-02,-0.045,0.13
-7.4584e-02,0.01,-0.225
-7.4582e-02,-0.015,0.175
-7.4581e-02,-0.03,-0.185
-7.4579e-02,-0.12,0.135
-7.4578e-02,-0.045,-0.165
-7.4576e-02,-0.03,0.12
-7.4574e-02,0.075,-0.185
-7.4573e-02,0,0.135
-7.4571e-02,-0.015,-0.16
-7.4570e-02,0.005,0.115
-7.4568e-02,-0.005,-0.17
-7.4566e-02,0.04,0.115
-7.4565e-02,0,-0.16
-7.4563e-02,0.03,0.115
-7.4562e-02,-0.065,-0.17
-7.4560e-02,-0.06,0.12
-7.4558e-02,-0.06,-0.175
-7.4557e-02,0,0.125
-7.4555e-02,-0.02,-0.2
-7.4554e-02,0.05,0.155
-7.4552e-02,-0.06,-0.165
-7.4550e-02,0.09,0.115
-7.4549e-02,0.06,-0.185
-7.4547e-02,-0.045,0.13
-7.4546e-02,0.005,-0.155
-7.4544e-02,-0.07,0.11
-7.4542e-02,-0.095,-0.175
-7.4541e-02,-0.09,0.12
-7.4539e-02,-0.04,-0.18
-7.4538e-02,-0.105,0.125
-7.4536e-02,-0.015,-0.16
-7.4534e-02,-0.12,0.11
-7.4533e-02,-0.02,-0.18
-7.4531e-02,0.02,0.12
-7.4530e-02,0.05,-0.165
-7.4528e-02,0.04,0.115
-7.4526e-02,0.025,-0.165
-7.4525e-02,-0.02,0.11
-7.4523e-02,0.02,-0.195
-7.4522e-02,0.04,0.135
-7.4520e-02,-0.03,-0.155
-7.4518e-02,0.025,0.105
-7.4517e-02,-0.03,-0.23
-7.4515e-02,-0.025,0.175
-7.4514e-02,0.03,-0.19
-7.4512e-02,0.015,0.14
-7.4510e-02,0.04,-0.175
-7.4509e-02,-0.01,0.12
-7.4507e-02,-0.115,-0.165
-7.4506e-02,-0.025,0.115
-7.4504e-02,-0.015,-0.19
-7.4502e-02,-0.085,0.14
-7.4501e-02,-0.06,-0.18
-7.4499e-02,-0.035,0.12
-7.4498e-02,-0.13,-0.195
-7.4496e-02,0.01,0.145
-7.4494e-02,-0.065,-0.18
-7.4493e-02,0.095,0.125
-7.4491e-02,0.04,-0.17
-7.4490e-02,-0.035,0.12
-7.4488e-02,-0.01,-0.195
-7.4486e-02,-0.055,0.14
-7.4485e-02,-0.06,-0.165
-7.4483e-02,-0.025,0.115
-7.4482e-02,-0.09,-0.175
-7.4480e-02,0.005,0.12
-7.4478e-02,-0.03,-0.145
-7.4477e-02,0,0.09
-7.4475e-02,0.015,-0.17
-7.4474e-02,-0.015,0.12
-7.4472e-02,0.005,-0.175
-7.4470e-02,-0.035,0.125
-7.4469e-02,-0.13,-0.185
-7.4467e-02,-0.08,0.135
-7.4466e-02,-0.045,-0.19
-7.4464e-02,-0.09,0.145
-7.4462e-02,-0.085,-0.18
-7.4461e-02,-0.155,0.125
-7.4459e-02,-0.025,-0.175
-7.4458e-02,-0.085,0.115
-7.4456e-02,-0.035,-0.155
-7.4454e-02,0.045,0.1
-7.4453e-02,-0.02,-0.175
-7.4451e-02,-0.005,0.12
-7.4450e-02,-0.005,-0.19
-7.4448e-02,-0.005,0.13
-7.4446e-02,-0.005,-0.195
-7.4445e-02,-0.055,0.135
-7.4443e-02,-0.095,-0.19
-7.4442e-02,-0.09,0.13
-7.4440e-02,-0.085,-0.165
-7.4438e-02,-0.025,0.11
-7.4437e-02,-0.085,-0.18
-7.4435e-02,0.01,0.12
-7.4434e-02,-0.13,-0.155
-7.4432e-02,-0.055,0.1
-7.4430e-02,-0.11,-0.175
-7.4429e-02,-0.015,0.115
-7.4427e-02,0.03,-0.17
-7.4426e-02,0.01,0.115
-7.4424e-02,-0.035,-0.165
-7.4422e-02,-0.03,0.105
-7.4421e-02,-0.03,-0.18
-7.4419e-02,-0.015,0.11
-7.4418e-02,-0.045,-0.17
-7.4416e-02,0.005,0.105
-7.4414e-02,-0.015,-0.17
-7.4413e-02,-0.015,0.1
-7.4411e-02,-0.065,-0.18
-7.4410e-02,0.01,0.125
-7.4408e-02,-0.03,-0.175
-7.4406e-02,-0.075,0.11
-7.4405e-02,-0.08,-0.175
-7.4403e-02,-0.025,0.11
-7.4402e-02,0.045,-0.175
-7.4400e-02,0.02,0.11
-7.4398e-02,0.01,-0.18
-7.4397e-02,0.055,0.11
-7.4395e-02,-0.055,-0.17
-7.4394e-02,0.01,0.105
-7.4392e-02,-0.03,-0.195
-7.4390e-02,-0.01,0.13
-7.4389e-02,-0.065,-0.19
-7.4387e-02,-0.025,0.125
-7.4386e-02,-0.05,-0.205
-7.4384e-02,-0.025,0.14
-7.4382e-02,-0.05,-0.2
-7.4381e-02,-0.025,0.14
-7.4379e-02,-0.07,-0.18
-7.4378e-02,0.035,0.115
-7.4376e-02,-0.04,-0.18
-7.4374e-02,0.07,0.115
-7.4373e-02,0.005,-0.19
-7.4371e-02,0.02,0.125
-7.4370e-02,0.055,-0.175
-7.4368e-02,-0.035,0.1
-7.4366e-02,0.03,-0.16
-7.4365e-02,-0.04,0.09
-7.4363e-02,-0.035,-0.17
-7.4362e-02,-0.095,0.11
-7.4360e-02,-0.025,-0.205
-7.4358e-02,-0.05,0.135
-7.4357e-02,0.085,-0.225
-7.4355e-02,-0.115,0.15
-7.4354e-02,0.025,-0.19
-7.4352e-02,-0.065,0.115
-7.4350e-02,-0.035,-0.185
-7.4349e-02,-0.1,0.115
-7.4347e-02,-0.155,-0.22
-7.4346e-02,-0.02,0.145
-7.4344e-02,-0.045,-0.2
-7.4342e-02,-0.05,0.12
-7.4341e-02,-0.01,-0.175
-7.4339e-02,-0.035,0.11
-7.4338e-02,0.025,-0.175
-7.4336e-02,0.045,0.1
-7.4334e-02,0.05,-0.17
-7.4333e-02,0.005,0.095
-7.4331e-02,-0.055,-0.17
-7.4330e-02,-0.075,0.095
-7.4328e-02,-0.11,-0.175
-7.4326e-02,0,0.095
-7.4325e-02,-0.15,-0.185
-7.4323e-02,-0.07,0.115
-7.4322e-02,-0.085,-0.185
-7.4320e-02,-0.035,0.11
-7.4318e-02,-0.075,-0.185
-7.4317e-02,-0.03,0.12
-7.4315e-02,-0.145,-0.185
-7.4314e-02,0,0.11
-7.4312e-02,0,-0.185
-7.4310e-02,-0.04,0.115
-7.4309e-02,-0.015,-0.175
-7.4307e-02,-0.085,0.1
-7.4306e-02,-0.075,-0.18
-7.4304e-02,-0.065,0.105
-7.4302e-02,0.035,-0.22
-7.4301e-02,-0.05,0.14
-7.4299e-02,0.035,-0.205
-7.4298e-02,0.03,0.135
-7.4296e-02,0.015,-0.195
-7.4294e-02,0.05,0.125
-7.4293e-02,-0.03,-0.2
-7.4291e-02,-0.1,0.12
-7.4290e-02,-0.01,-0.195
-7.4288e-02,-0.02,0.13
-7.4286e-02,-0.02,-0.185
-7.4285e-02,-0.065,0.115
-7.4283e-02,-0.125,-0.205
-7.4282e-02,-0.015,0.14
-7.4280e-02,-0.07,-0.2
-7.4278e-02,-0.015,0.135
-7.4277e-02,-0.035,-0.2
-7.4275e-02,-0.07,0.12
-7.4274e-02,-0.04,-0.195
-7.4272e-02,-0.125,0.12
-7.4270e-02,0.025,-0.21
-7.4269e-02,-0.07,0.14
-7.4267e-02,-0.055,-0.17
-7.4266e-02,-0.07,0.105
-7.4264e-02,-0.03,-0.21
-7.4262e-02,0.025,0.13
-7.4261e-02,0.065,-0.185
-7.4259e-02,0.015,0.11
-7.4258e-02,-0.015,-0.18
-7.4256e-02,0.035,0.105
-7.4254e-02,-0.055,-0.2
-7.4253e-02,0.025,0.125
-7.4251e-02,-0.09,-0.21
-7.4250e-02,-0.04,0.14
-7.4248e-02,-0.045,-0.17
-7.4246e-02,-0.075,0.095
-7.4245e-02,-0.055,-0.18
-7.4243e-02,-0.06,0.105
-7.4242e-02,-0.09,-0.18
-7.4240e-02,-0.03,0.11
-7.4238e-02,-0.09,-0.17
-7.4237e-02,0.04,0.1
-7.4235e-02,-0.02,-0.225
-7.4234e-02,-0.035,0.15
-7.4232e-02,-0.05,-0.205
-7.4230e-02,-0.055,0.125
-7.4229e-02,-0.075,-0.18
-7.4227e-02,-0.085,0.105
-7.4226e-02,-0.075,-0.18
-7.4224e-02,-0.045,0.095
-7.4222e-02,0.03,-0.17
-7.4221e-02,-0.065,0.095
-7.4219e-02,0.02,-0.175
-7.4218e-02,-0.055,0.1
-7.4216e-02,-0.02,-0.175
-7.4214e-02,-0.14,0.1
-7.4213e-02,-0.06,-0.185
-7.4211e-02,-0.06,0.11
-7.4210e-02,0.005,-0.185
-7.4208e-02,-0.075,0.1
-7.4206e-02,-0.085,-0.18
-7.4205e-02,-0.115,0.1
-7.4203e-02,-0.035,-0.205
-7.4202e-02,-0.055,0.125
-7.4200e-02,-0.07,-0.22
-7.4198e-02,-0.03,0.14
-7.4197e-02,-0.12,-0.19
-7.4195e-02,-0.075,0.11
-7.4194e-02,-0.045,-0.205
-7.4192e-02,-0.08,0.125
-7.4190e-02,-0.04,-0.2
-7.4189e-02,-0.115,0.11
-7.4187e-02,-0.095,-0.18
-7.4186e-02,0.015,0.09
-7.4184e-02,-0.01,-0.205
-7.4182e-02,-0.075,0.125
-7.4181e-02,-0.025,-0.195
-7.4179e-02,-0.02,0.115
-7.4178e-02,-0.045,-0.205
-7.4176e-02,-0.005,0.11
-7.4174e-02,-0.1,-0.185
-7.4173e-02,-0.06,0.095
-7.4171e-02,-0.07,-0.23
-7.4170e-02,-0.08,0.145
-7.4168e-02,0.07,-0.195
-7.4166e-02,0.025,0.105
-7.4165e-02,-0.025,-0.2
-7.4163e-02,-0.025,0.105
-7.4162e-02,-0.06,-0.195
-7.4160e-02,0.035,0.1
-7.4158e-02,0.05,-0.2
-7.4157e-02,-0.035,0.105
-7.4155e-02,-0.005,-0.17
-7.4154e-02,-0.025,0.08
-7.4152e-02,-0.1,-0.175
-7.4150e-02,-0.04,0.09
-7.4149e-02,-0.1,-0.175
-7.4147e-02,-0.075,0.08
-7.4146e-02,-0.01,-0.175
-7.4144e-02,-0.06,0.085
-7.4142e-02,0.01,-0.195
-7.4141e-02,-0.04,0.105
-7.4139e-02,-0.045,-0.205
-7.4138e-02,-0.065,0.12
-7.4136e-02,-0.03,-0.185
-7.4134e-02,-0.09,0.1
-7.4133e-02,-0.05,-0.2
-7.4131e-02,-0.11,0.11
-7.4130e-02,-0.06,-0.19
-7.4128e-02,0.005,0.1
-7.4126e-02,-0.055,-0.2
-7.4125e-02,-0.05,0.125
-7.4123e-02,0.025,-0.185
-7.4122e-02,0,0.1
-7.4120e-02,0.055,-0.185
-7.4118e-02,0,0.1
-7.4117e-02,-0.025,-0.2
-7.4115e-02,-0.02,0.12
-7.4114e-02,0.025,-0.22
-7.4112e-02,-0.12,0.135
-7.4110e-02,-0.015,-0.215
-7.4109e-02,-0.09,0.125
-7.4107e-02,-0.07,-0.21
-7.4106e-02,-0.045,0.13
-7.4104e-02,-0.03,-0.21
-7.4102e-02,0.005,0.125
-7.4101e-02,-0.035,-0.185
-7.4099e-02,-0.065,0.105
-7.4098e-02,0,-0.185
-7.4096e-02,0.03,0.105
-7.4094e-02,-0.04,-0.17
-7.4093e-02,0.01,0.085
-7.4091e-02,-0.08,-0.19
-7.4090e-02,-0.06,0.11
-7.4088e-02,-0.02,-0.165
-7.4086e-02,-0.135,0.075
-7.4085e-02,-0.005,-0.185
-7.4083e-02,-0.035,0.095
-7.4082e-02,0.035,-0.185
-7.4080e-02,-0.015,0.1
-7.4078e-02,-0.03,-0.185
-7.4077e-02,-0.025,0.1
-7.4075e-02,-0.04,-0.215
-7.4074e-02,-0.01,0.12
-7.4072e-02,-0.015,-0.2
-7.4070e-02,-0.05,0.12
-7.4069e-02,-0.105,-0.19
-7.4067e-02,-0.07,0.1
-7.4066e-02,-0.055,-0.205
-7.4064e-02,0.065,0.115
-7.4062e-02,-0.045,-0.195
-7.4061e-02,0.01,0.1
-7.4059e-02,-0.005,-0.2
-7.4058e-02,0.025,0.115
-7.4056e-02,0.04,-0.205
-7.4054e-02,-0.085,0.12
-7.4053e-02,-0.035,-0.195
-7.4051e-02,-0.115,0.1
-7.4050e-02,-0.065,-0.19
-7.4048e-02,-0.12,0.095
-7.4046e-02,-0.065,-0.205
-7.4045e-02,-0.08,0.115
-7.4043e-02,-0.13,-0.21
-7.4042e-02,-0.055,0.125
-7.4040e-02,-0.05,-0.2
-7.4038e-02,-0.06,0.11
-7.4037e-02,-0.01,-0.19
-7.4035e-02,-0.11,0.09
-7.4034e-02,-0.035,-0.195
-7.4032e-02,-0.015,0.1
-7.4030e-02,-0.09,-0.185
-7.4029e-02,-0.065,0.09
-7.4027e-02,-0.145,-0.215
-7.4026e-02,-0.055,0.115
-7.4024e-02,-0.1,-0.195
-7.4022e-02,-0.055,0.1
-7.4021e-02,-0.045,-0.185
-7.4019e-02,-0.015,0.085
-7.4018e-02,-0.065,-0.195
-7.4016e-02,0.01,0.095
-7.4014e-02,0.02,-0.2
-7.4013e-02,0.01,0.095
-7.4011e-02,-0.08,-0.185
-7.4010e-02,-0.16,0.085
-7.4008e-02,-0.085,-0.18
-7.4006e-02,-0.07,0.075
-7.4005e-02,-0.05,-0.21
-7.4003e-02,-0.075,0.105
-7.4002e-02,-0.015,-0.2
-7.4000e-02,-0.005,0.1
-7.3998e-02,0.005,-0.235
-7.3997e-02,0.005,0.135
-7.3995e-02,-0.055,-0.18
-7.3994e-02,-0.045,0.085
-7.3992e-02,-0.045,-0.215
-7.3990e-02,-0.09,0.105
-7.3989e-02,-0.045,-0.18
-7.3987e-02,-0.075,0.075
-7.3986e-02,-0.135,-0.21
-7.3984e-02,-0.07,0.11
-7.3982e-02,-0.035,-0.18
-7.3981e-02,-0.025,0.07
-7.3979e-02,-0.045,-0.18
-7.3978e-02,-0.13,0.075
-7.3976e-02,-0.055,-0.195
-7.3974e-02,-0.05,0.085
-7.3973e-02,-0.07,-0.195
-7.3971e-02,-0.07,0.095
-7.3970e-02,-0.095,-0.2
-7.3968e-02,-0.12,0.095
-7.3966e-02,-0.125,-0.205
-7.3965e-02,-0.1,0.1
-7.3963e-02,-0.065,-0.19
-7.3962e-02,-0.05,0.095
-7.3960e-02,-0.15,-0.185
-7.3958e-02,-0.1,0.08
-7.3957e-02,-0.055,-0.2
-7.3955e-02,-0.09,0.105
-7.3954e-02,-0.08,-0.19
-7.3952e-02,-0.08,0.085
-7.3950e-02,-0.17,-0.2
-7.3949e-02,0.005,0.105
-7.3947e-02,-0.125,-0.205
-7.3946e-02,-0.07,0.1
-7.3944e-02,-0.07,-0.17
-7.3942e-02,-0.095,0.08
-7.3941e-02,0,-0.185
-7.3939e-02,-0.03,0.085
-7.3938e-02,-0.005,-0.18
-7.3936e-02,-0.06,0.085
-7.3934e-02,-0.005,-0.175
-7.3933e-02,-0.08,0.085
-7.3931e-02,0.025,-0.18
-7.3930e-02,-0.07,0.085
-7.3928e-02,-0.055,-0.225
-7.3926e-02,-0.06,0.125
-7.3925e-02,0.055,-0.195
-7.3923e-02,-0.03,0.095
-7.3922e-02,0.04,-0.205
-7.3920e-02,-0.005,0.105
-7.3918e-02,0.005,-0.215
-7.3917e-02,0.04,0.115
-7.3915e-02,-0.045,-0.19
-7.3914e-02,-0.09,0.1
-7.3912e-02,-0.165,-0.19
-7.3910e-02,-0.11,0.09
-7.3909e-02,-0.04,-0.2
-7.3907e-02,-0.065,0.105
-7.3906e-02,-0.01,-0.205
-7.3904e-02,-0.01,0.115
-7.3902e-02,-0.095,-0.185
-7.3901e-02,-0.015,0.085
-7.3899e-02,-0.09,-0.225
-7.3898e-02,-0.02,0.13
-7.3896e-02,-0.055,-0.2
-7.3894e-02,-0.025,0.095
-7.3893e-02,0.035,-0.185
-7.3891e-02,-0.015,0.085
-7.3890e-02,-0.115,-0.185
-7.3888e-02,-0.14,0.09
-7.3886e-02,-0.08,-0.19
-7.3885e-02,-0.06,0.085
-7.3883e-02,0.03,-0.225
-7.3882e-02,-0.04,0.12
-7.3880e-02,-0.005,-0.215
-7.3878e-02,-0.07,0.11
-7.3877e-02,-0.05,-0.21
-7.3875e-02,-0.085,0.1
-7.3874e-02,-0.12,-0.205
-7.3872e-02,-0.125,0.095
-7.3870e-02,0.005,-0.2
-7.3869e-02,-0.025,0.09
-7.3867e-02,0,-0.19
-7.3866e-02,-0.02,0.08
-7.3864e-02,-0.055,-0.18
-7.3862e-02,0,0.07
-7.3861e-02,0.02,-0.21
-7.3859e-02,-0.06,0.105
-7.3858e-02,-0.055,-0.19
-7.3856e-02,-0.02,0.09
-7.3854e-02,-0.08,-0.2
-7.3853e-02,0.055,0.095
-7.3851e-02,0.005,-0.23
-7.3850e-02,-0.035,0.12
-7.3848e-02,-0.095,-0.195
-7.3846e-02,0,0.09
-7.3845e-02,-0.065,-0.185
-7.3843e-02,-0.07,0.08
-7.3842e-02,-0.13,-0.195
-7.3840e-02,-0.075,0.08
-7.3838e-02,-0.1,-0.22
-7.3837e-02,-0.04,0.11
-7.3835e-02,0.045,-0.195
-7.3834e-02,-0.055,0.09
-7.3832e-02,0.02,-0.215
-7.3830e-02,-0.065,0.095
-7.3829e-02,0,-0.2
-7.3827e-02,0.01,0.09
-7.3826e-02,-0.07,-0.21
-7.3824e-02,-0.13,0.09
-7.3822e-02,-0.005,-0.185
-7.3821e-02,-0.02,0.075
-7.3819e-02,-0.055,-0.185
-7.3818e-02,-0.055,0.075
-7.3816e-02,-0.01,-0.22
-7.3814e-02,-0.075,0.105
-7.3813e-02,-0.03,-0.205
-7.3811e-02,-0.04,0.085
-7.3810e-02,-0.07,-0.215
-7.3808e-02,-0.14,0.105
-7.3806e-02,-0.095,-0.24
-7.3805e-02,-0.105,0.12
-7.3803e-02,0,-0.255
-7.3802e-02,0.08,0.14
-7.3800e-02,-0.095,-0.205
-7.3798e-02,0.065,0.09
-7.3797e-02,-0.065,-0.23
-7.3795e-02,-0.005,0.12
-7.3794e-02,-0.11,-0.215
-7.3792e-02,-0.095,0.105
-7.3790e-02,-0.045,-0.215
-7.3789e-02,-0.055,0.1
-7.3787e-02,-0.075,-0.235
-7.3786e-02,-0.035,0.135
-7.3784e-02,-0.045,-0.21
-7.3782e-02,-0.145,0.09
-7.3781e-02,-0.03,-0.2
-7.3779e-02,-0.105,0.085
-7.3778e-02,0.01,-0.205
-7.3776e-02,0,0.09
-7.3774e-02,-0.08,-0.195
-7.3773e-02,0,0.085
-7.3771e-02,-0.065,-0.225
-7.3770e-02,-0.045,0.105
-7.3768e-02,-0.12,-0.195
-7.3766e-02,-0.125,0.085
-7.3765e-02,-0.105,-0.24
-7.3763e-02,-0.075,0.115
-7.3762e-02,-0.07,-0.2
-7.3760e-02,-0.025,0.095
-7.3758e-02,-0.08,-0.22
-7.3757e-02,-0.035,0.105
-7.3755e-02,-0.115,-0.19
-7.3754e-02,-0.03,0.075
-7.3752e-02,-0.05,-0.205
-7.3750e-02,-0.05,0.09
-7.3749e-02,-0.125,-0.21
-7.3747e-02,-0.095,0.095
-7.3746e-02,-0.045,-0.185
-7.3744e-02,-0.035,0.07
-7.3742e-02,0.055,-0.195
-7.3741e-02,-0.09,0.08
-7.3739e-02,-0.025,-0.205
-7.3738e-02,-0.005,0.09
-7.3736e-02,-0.07,-0.205
-7.3734e-02,0,0.09
-7.3733e-02,0.025,-0.205
-7.3731e-02,-0.035,0.085
-7.3730e-02,-0.03,-0.205
-7.3728e-02,-0.065,0.085
-7.3726e-02,-0.025,-0.195
-7.3725e-02,0.01,0.07
-7.3723e-02,-0.11,-0.195
-7.3722e-02,-0.09,0.08
-7.3720e-02,-0.09,-0.205
-7.3718e-02,-0.04,0.085
-7.3717e-02,-0.055,-0.2
-7.3715e-02,-0.075,0.085
-7.3714e-02,-0.07,-0.215
-7.3712e-02,-0.06,0.095
-7.3710e-02,-0.07,-0.19
-7.3709e-02,-0.055,0.075
-7.3707e-02,-0.03,-0.205
-7.3706e-02,-0.045,0.085
-7.3704e-02,-0.08,-0.2
-7.3702e-02,-0.085,0.085
-7.3701e-02,-0.055,-0.245
-7.3699e-02,-0.025,0.115
-7.3698e-02,-0.075,-0.2
-7.3696e-02,-0.04,0.08
-7.3694e-02,-0.045,-0.21
-7.3693e-02,-0.08,0.09
-7.3691e-02,-0.07,-0.21
-7.3690e-02,-0.12,0.09
-7.3688e-02,-0.07,-0.22
-7.3686e-02,-0.06,0.1
-7.3685e-02,0.02,-0.235
-7.3683e-02,-0.115,0.1
-7.3682e-02,-0.07,-0.19
-7.3680e-02,-0.09,0.075
-7.3678e-02,-0.125,-0.205
-7.3677e-02,-0.05,0.08
-7.3675e-02,-0.03,-0.225
-7.3674e-02,-0.03,0.095
-7.3672e-02,-0.06,-0.21
-7.3670e-02,-0.03,0.09
-7.3669e-02,-0.085,-0.205
-7.3667e-02,-0.005,0.08
-7.3666e-02,-0.135,-0.22
-7.3664e-02,-0.125,0.095
-7.3662e-02,-0.09,-0.215
-7.3661e-02,-0.075,0.095
-7.3659e-02,-0.03,-0.21
-7.3658e-02,-0.09,0.09
-7.3656e-02,-0.01,-0.21
-7.3654e-02,-0.1,0.09
-7.3653e-02,-0.075,-0.205
-7.3651e-02,-0.08,0.085
-7.3650e-02,-0.075,-0.22
-7.3648e-02,-0.165,0.1
-7.3646e-02,-0.115,-0.215
-7.3645e-02,-0.105,0.085
-7.3643e-02,-0.045,-0.225
-7.3642e-02,-0.07,0.11
-7.3640e-02,-0.075,-0.23
-7.3638e-02,-0.14,0.105
-7.3637e-02,-0.105,-0.22
-7.3635e-02,0.015,0.1
-7.3634e-02,-0.005,-0.195
-7.3632e-02,-0.03,0.075
-7.3630e-02,-0.05,-0.225
-7.3629e-02,0.03,0.1
-7.3627e-02,-0.065,-0.18
-7.3626e-02,-0.02,0.06
-7.3624e-02,-0.07,-0.195
-7.3622e-02,-0.105,0.075
-7.3621e-02,-0.115,-0.22
-7.3619e-02,0.035,0.095
-7.3618e-02,-0.015,-0.22
-7.3616e-02,-0.005,0.105
-7.3614e-02,0,-0.21
-7.3613e-02,-0.03,0.08
-7.3611e-02,-0.03,-0.225
-7.3610e-02,-0.015,0.1
-7.3608e-02,-0.135,-0.205
-7.3606e-02,-0.11,0.08
-7.3605e-02,-0.13,-0.2
-7.3603e-02,-0.13,0.08
-7.3602e-02,-0.03,-0.21
-7.3600e-02,-0.045,0.075
-7.3598e-02,-0.07,-0.215
-7.3597e-02,-0.115,0.085
-7.3595e-02,-0.04,-0.2
-7.3594e-02,-0.08,0.08
-7.3592e-02,-0.03,-0.23
-7.3590e-02,-0.035,0.105
-7.3589e-02,-0.1,-0.21
-7.3587e-02,-0.145,0.085
-7.3586e-02,-0.13,-0.195
-7.3584e-02,-0.075,0.065
-7.3582e-02,-0.05,-0.205
-7.3581e-02,-0.13,0.07
-7.3579e-02,-0.03,-0.22
-7.3578e-02,-0.12,0.08
-7.3576e-02,-0.035,-0.205
-7.3574e-02,-0.095,0.075
-7.3573e-02,-0.09,-0.225
-7.3571e-02,-0.045,0.085
-7.3570e-02,-0.145,-0.205
-7.3568e-02,-0.035,0.075
-7.3566e-02,-0.065,-0.205
-7.3565e-02,-0.1,0.075
-7.3563e-02,-0.115,-0.205
-7.3562e-02,-0.11,0.08
-7.3560e-02,-0.105,-0.215
-7.3558e-02,-0.1,0.085
-7.3557e-02,-0.055,-0.23
-7.3555e-02,-0.085,0.095
-7.3554e-02,-0.09,-0.205
-7.3552e-02,-0.09,0.075
-7.3550e-02,-0.08,-0.205
-7.3549e-02,-0.03,0.075
-7.3547e-02,-0.185,-0.21
-7.3546e-02,-0.075,0.08
-7.3544e-02,-0.175,-0.2
-7.3542e-02,-0.07,0.065
-7.3541e-02,0.005,-0.225
-7.3539e-02,-0.02,0.09
-7.3538e-02,-0.07,-0.2
-7.3536e-02,-0.04,0.07
-7.3534e-02,0.01,-0.215
-7.3533e-02,-0.045,0.08
-7.3531e-02,-0.02,-0.2
-7.3530e-02,-0.095,0.06
-7.3528e-02,-0.05,-0.215
-7.3526e-02,-0.035,0.075
-7.3525e-02,-0.09,-0.215
-7.3523e-02,-0.06,0.07
-7.3522e-02,-0.11,-0.205
-7.3520e-02,-0.11,0.065
-7.3518e-02,-0.08,-0.225
-7.3517e-02,-0.03,0.085
-7.3515e-02,-0.035,-0.22
-7.3514e-02,0.005,0.085
-7.3512e-02,-0.06,-0.215
-7.3510e-02,-0.095,0.08
-7.3509e-02,0,-0.23
-7.3507e-02,0.045,0.08
-7.3506e-02,-0.13,-0.24
-7.3504e-02,-0.115,0.095
-7.3502e-02,-0.1,-0.235
-7.3501e-02,-0.1,0.09
-7.3499e-02,-0.05,-0.23
-7.3498e-02,-0.055,0.095
-7.3496e-02,0.02,-0.21
-7.3494e-02,-0.085,0.08
-7.3493e-02,-0.01,-0.205
-7.3491e-02,-0.055,0.075
-7.3490e-02,-0.07,-0.195
-7.3488e-02,-0.025,0.06
-7.3486e-02,-0.075,-0.2
-7.3485e-02,-0.11,0.06
-7.3483e-02,-0.015,-0.215
-7.3482e-02,-0.075,0.085
-7.3480e-02,-0.15,-0.215
-7.3478e-02,-0.115,0.085
-7.3477e-02,0.01,-0.205
-7.3475e-02,-0.04,0.07
-7.3474e-02,-0.015,-0.225
-7.3472e-02,-0.07,0.08
-7.3470e-02,-0.065,-0.215
-7.3469e-02,-0.105,0.08
-7.3467e-02,-0.07,-0.205
-7.3466e-02,-0.055,0.07
-7.3464e-02,-0.18,-0.225
-7.3462e-02,-0.03,0.09
-7.3461e-02,-0.125,-0.22
-7.3459e-02,-0.035,0.08
-7.3458e-02,-0.04,-0.22
-7.3456e-02,-0.06,0.085
-7.3454e-02,-0.08,-0.225
-7.3453e-02,0.005,0.09
-7.3451e-02,-0.055,-0.215
-7.3450e-02,-0.1,0.08
-7.3448e-02,-0.09,-0.23
-7.3446e-02,-0.1,0.09
-7.3445e-02,-0.045,-0.215
-7.3443e-02,0,0.08
-7.3442e-02,-0.075,-0.23
-7.3440e-02,-0.075,0.09
-7.3438e-02,-0.025,-0.195
-7.3437e-02,-0.04,0.06
-7.3435e-02,-0.015,-0.2
-7.3434e-02,-0.14,0.065
-7.3432e-02,-0.12,-0.21
-7.3430e-02,-0.1,0.075
-7.3429e-02,-0.125,-0.255
-7.3427e-02,-0.1,0.105
-7.3426e-02,-0.065,-0.245
-7.3424e-02,-0.075,0.1
-7.3422e-02,-0.045,-0.225
-7.3421e-02,0.005,0.085
-7.3419e-02,-0.035,-0.22
-7.3418e-02,-0.03,0.08
-7.3416e-02,-0.03,-0.225
-7.3414e-02,-0.125,0.07
-7.3413e-02,-0.015,-0.235
-7.3411e-02,0.03,0.09
-7.3410e-02,-0.075,-0.21
-7.3408e-02,-0.025,0.07
-7.3406e-02,-0.075,-0.195
-7.3405e-02,-0.015,0.05
-7.3403e-02,-0.08,-0.2
-7.3402e-02,-0.13,0.06
-7.3400e-02,-0.08,-0.25
-7.3398e-02,-0.035,0.1
-7.3397e-02,-0.105,-0.225
-7.3395e-02,0.025,0.075
-7.3394e-02,-0.115,-0.21
-7.3392e-02,-0.085,0.065
-7.3390e-02,-0.015,-0.225
-7.3389e-02,-0.09,0.08
-7.3387e-02,-0.04,-0.215
-7.3386e-02,-0.075,0.07
-7.3384e-02,-0.105,-0.19
-7.3382e-02,-0.105,0.045
-7.3381e-02,-0.04,-0.23
-7.3379e-02,-0.05,0.08
-7.3378e-02,-0.01,-0.21
-7.3376e-02,-0.105,0.06
-7.3374e-02,-0.115,-0.235
-7.3373e-02,-0.055,0.085
-7.3371e-02,-0.045,-0.215
-7.3370e-02,-0.08,0.07
-7.3368e-02,-0.11,-0.25
-7.3366e-02,-0.09,0.1
-7.3365e-02,-0.06,-0.21
-7.3363e-02,-0.05,0.06
-7.3362e-02,-0.06,-0.215
-7.3360e-02,-0.065,0.075
-7.3358e-02,-0.075,-0.235
-7.3357e-02,-0.08,0.08
-7.3355e-02,-0.135,-0.21
-7.3354e-02,-0.045,0.06
-7.3352e-02,-0.14,-0.22
-7.3350e-02,-0.18,0.075
-7.3349e-02,-0.135,-0.215
-7.3347e-02,-0.135,0.075
-7.3346e-02,-0.15,-0.215
-7.3344e-02,-0.08,0.065
-7.3342e-02,-0.165,-0.24
-7.3341e-02,-0.13,0.09
-7.3339e-02,-0.08,-0.22
-7.3338e-02,-0.09,0.07
-7.3336e-02,-0.065,-0.23
-7.3334e-02,-0.09,0.075
-7.3333e-02,-0.13,-0.255
-7.3331e-02,-0.035,0.105
-7.3330e-02,-0.06,-0.225
-7.3328e-02,-0.055,0.08
-7.3326e-02,-0.01,-0.21
-7.3325e-02,-0.105,0.06
-7.3323e-02,-0.08,-0.225
-7.3322e-02,-0.045,0.075
-7.3320e-02,-0.01,-0.205
-7.3318e-02,-0.03,0.06
-7.3317e-02,-0.06,-0.235
-7.3315e-02,-0.105,0.09
-7.3314e-02,-0.09,-0.205
-7.3312e-02,-0.035,0.06
-7.3310e-02,-0.1,-0.2
-7.3309e-02,-0.025,0.06
-7.3307e-02,-0.11,-0.205
-7.3306e-02,-0.07,0.06
-7.3304e-02,-0.09,-0.19
-7.3302e-02,-0.01,0.045
-7.3301e-02,0.005,-0.21
-7.3299e-02,-0.105,0.065
-7.3298e-02,-0.12,-0.21
-7.3296e-02,-0.035,0.065
-7.3294e-02,-0.14,-0.22
-7.3293e-02,-0.095,0.07
-7.3291e-02,-0.08,-0.225
-7.3290e-02,-0.085,0.07
-7.3288e-02,-0.055,-0.23
-7.3286e-02,-0.08,0.085
-7.3285e-02,-0.09,-0.225
-7.3283e-02,-0.145,0.08
-7.3282e-02,-0.035,-0.22
-7.3280e-02,-0.075,0.07
-7.3278e-02,-0.025,-0.245
-7.3277e-02,-0.02,0.09
-7.3275e-02,-0.015,-0.24
-7.3274e-02,-0.035,0.095
-7.3272e-02,-0.095,-0.26
-7.3270e-02,0.04,0.1
-7.3269e-02,-0.025,-0.24
-7.3267e-02,-0.125,0.09
-7.3266e-02,-0.075,-0.23
-7.3264e-02,-0.065,0.075
-7.3262e-02,-0.065,-0.22
-7.3261e-02,-0.04,0.065
-7.3259e-02,-0.09,-0.215
-7.3258e-02,-0.1,0.065
-7.3256e-02,-0.075,-0.225
-7.3254e-02,-0.015,0.07
-7.3253e-02,-0.115,-0.225
-7.3251e-02,-0.085,0.07
-7.3250e-02,-0.07,-0.24
-7.3248e-02,-0.165,0.085
-7.3246e-02,-0.05,-0.21
-7.3245e-02,-0.105,0.05
-7.3243e-02,-0.095,-0.22
-7.3242e-02,-0.105,0.06
-7.3240e-02,0,-0.205
-7.3238e-02,-0.02,0.05
-7.3237e-02,-0.035,-0.24
-7.3235e-02,-0.1,0.08
-7.3234e-02,-0.105,-0.235
-7.3232e-02,-0.08,0.07
-7.3230e-02,0,-0.22
-7.3229e-02,-0.095,0.07
-7.3227e-02,-0.18,-0.215
-7.3226e-02,-0.145,0.06
-7.3224e-02,-0.065,-0.22
-7.3222e-02,-0.135,0.06
-7.3221e-02,0.015,-0.225
-7.3219e-02,-0.045,0.065
-7.3218e-02,-0.05,-0.235
-7.3216e-02,-0.055,0.075
-7.3214e-02,-0.1,-0.205
-7.3213e-02,-0.12,0.05
-7.3211e-02,-0.055,-0.23
-7.3210e-02,-0.105,0.075
-7.3208e-02,-0.125,-0.225
-7.3206e-02,-0.04,0.07
-7.3205e-02,-0.09,-0.22
-7.3203e-02,-0.085,0.065
-7.3202e-02,-0.125,-0.22
-7.3200e-02,-0.07,0.06
-7.3198e-02,0.025,-0.225
-7.3197e-02,-0.015,0.065
-7.3195e-02,-0.015,-0.2
-7.3194e-02,-0.065,0.05
-7.3192e-02,-0.095,-0.22
-7.3190e-02,-0.075,0.06
-7.3189e-02,-0.105,-0.215
-7.3187e-02,-0.1,0.055
-7.3186e-02,-0.095,-0.23
-7.3184e-02,-0.12,0.07
-7.3182e-02,-0.05,-0.235
-7.3181e-02,-0.005,0.075
-7.3179e-02,-0.08,-0.215
-7.3178e-02,-0.045,0.055
-7.3176e-02,-0.08,-0.225
-7.3174e-02,-0.085,0.065
-7.3173e-02,-0.05,-0.21
-7.3171e-02,-0.045,0.055
-7.3170e-02,-0.005,-0.22
-7.3168e-02,-0.135,0.07
-7.3166e-02,-0.01,-0.205
-7.3165e-02,-0.005,0.045
-7.3163e-02,-0.04,-0.22
-7.3162e-02,-0.04,0.06
-7.3160e-02,-0.035,-0.22
-7.3158e-02,-0.08,0.055
-7.3157e-02,-0.09,-0.23
-7.3155e-02,-0.035,0.07
-7.3154e-02,0,-0.21
-7.3152e-02,0.015,0.055
-7.3150e-02,-0.09,-0.21
-7.3149e-02,-0.1,0.045
-7.3147e-02,-0.09,-0.22
-7.3146e-02,-0.055,0.065
-7.3144e-02,-0.045,-0.215
-7.3142e-02,-0.005,0.055
-7.3141e-02,-0.08,-0.225
-7.3139e-02,-0.02,0.06
-7.3138e-02,-0.115,-0.215
-7.3136e-02,-0.04,0.06
-7.3134e-02,-0.14,-0.215
-7.3133e-02,-0.095,0.055
-7.3131e-02,-0.105,-0.215
-7.3130e-02,-0.11,0.055
-7.3128e-02,-0.02,-0.235
-7.3126e-02,-0.015,0.07
-7.3125e-02,-0.1,-0.225
-7.3123e-02,-0.005,0.06
-7.3122e-02,-0.08,-0.21
-7.3120e-02,-0.02,0.05
-7.3118e-02,-0.03,-0.21
-7.3117e-02,-0.04,0.05
-7.3115e-02,-0.045,-0.255
-7.3114e-02,-0.055,0.095
-7.3112e-02,-0.135,-0.245
-7.3110e-02,-0.025,0.085
-7.3109e-02,-0.095,-0.25
-7.3107e-02,0.015,0.075
-7.3106e-02,-0.07,-0.23
-7.3104e-02,-0.095,0.07
-7.3102e-02,-0.045,-0.23
-7.3101e-02,-0.035,0.065
-7.3099e-02,-0.105,-0.235
-7.3098e-02,-0.045,0.065
-7.3096e-02,-0.095,-0.22
-7.3094e-02,-0.11,0.05
-7.3093e-02,-0.12,-0.22
-7.3091e-02,-0.075,0.055
-7.3090e-02,-0.07,-0.245
-7.3088e-02,-0.115,0.07
-7.3086e-02,-0.12,-0.225
-7.3085e-02,-0.115,0.065
-7.3083e-02,-0.12,-0.21
-7.3082e-02,0,0.05
-7.3080e-02,-0.095,-0.225
-7.3078e-02,-0.125,0.065
-7.3077e-02,-0.045,-0.26
-7.3075e-02,-0.075,0.085
-7.3074e-02,-0.03,-0.255
-7.3072e-02,-0.07,0.09
-7.3070e-02,-0.005,-0.235
-7.3069e-02,-0.15,0.07
-7.3067e-02,-0.165,-0.24
-7.3066e-02,-0.05,0.08
-7.3064e-02,-0.08,-0.245
-7.3062e-02,-0.02,0.075
-7.3061e-02,-0.035,-0.255
-7.3059e-02,-0.105,0.09
-7.3058e-02,-0.09,-0.215
-7.3056e-02,-0.1,0.05
-7.3054e-02,-0.155,-0.255
-7.3053e-02,-0.075,0.085
-7.3051e-02,-0.05,-0.235
-7.3050e-02,-0.095,0.065
-7.3048e-02,-0.065,-0.24
-7.3046e-02,-0.035,0.07
-7.3045e-02,-0.02,-0.25
-7.3043e-02,-0.12,0.07
-7.3042e-02,-0.125,-0.25
-7.3040e-02,-0.09,0.08
-7.3038e-02,-0.12,-0.23
-7.3037e-02,-0.05,0.06
-7.3035e-02,-0.025,-0.205
-7.3034e-02,-0.14,0.045
-7.3032e-02,-0.005,-0.225
-7.3030e-02,-0.09,0.05
-7.3029e-02,-0.065,-0.24
-7.3027e-02,-0.08,0.065
-7.3026e-02,-0.065,-0.255
-7.3024e-02,-0.08,0.08
-7.3022e-02,-0.01,-0.24
-7.3021e-02,-0.02,0.07
-7.3019e-02,-0.055,-0.275
-7.3018e-02,-0.1,0.1
-7.3016e-02,-0.145,-0.265
-7.3014e-02,-0.16,0.095
-7.3013e-02,-0.135,-0.245
-7.3011e-02,-0.075,0.07
-7.3010e-02,-0.185,-0.235
-7.3008e-02,-0.155,0.065
-7.3006e-02,-0.065,-0.23
-7.3005e-02,-0.055,0.05
-7.3003e-02,-0.09,-0.22
-7.3002e-02,-0.045,0.045
-7.3000e-02,-0.035,-0.22
-7.2998e-02,-0.08,0.055
-7.2997e-02,-0.07,-0.205
-7.2995e-02,-0.01,0.035
-7.2994e-02,-0.1,-0.235
-7.2992e-02,-0.08,0.05
-7.2990e-02,-0.1,-0.22
-7.2989e-02,-0.055,0.05
-7.2987e-02,-0.05,-0.25
-7.2986e-02,-0.025,0.07
-7.2984e-02,-0.035,-0.235
-7.2982e-02,-0.12,0.06
-7.2981e-02,-0.035,-0.225
-7.2979e-02,-0.1,0.05
-7.2978e-02,-0.12,-0.235
-7.2976e-02,-0.175,0.05
-7.2974e-02,-0.07,-0.25
-7.2973e-02,-0.14,0.08
-7.2971e-02,-0.055,-0.25
-7.2970e-02,-0.015,0.075
-7.2968e-02,-0.07,-0.22
-7.2966e-02,0.005,0.045
-7.2965e-02,-0.055,-0.23
-7.2963e-02,-0.025,0.06
-7.2962e-02,-0.01,-0.22
-7.2960e-02,-0.075,0.05
-7.2958e-02,-0.055,-0.23
-7.2957e-02,-0.165,0.055
-7.2955e-02,-0.075,-0.2
-7.2954e-02,-0.01,0.035
-7.2952e-02,-0.115,-0.24
-7.2950e-02,-0.065,0.065
-7.2949e-02,-0.075,-0.22
-7.2947e-02,-0.095,0.035
-7.2946e-02,-0.035,-0.25
-7.2944e-02,-0.015,0.075
-7.2942e-02,-0.09,-0.255
-7.2941e-02,-0.02,0.08
-7.2939e-02,-0.03,-0.215
-7.2938e-02,-0.08,0.04
-7.2936e-02,-0.045,-0.255
-7.2934e-02,-0.045,0.075
-7.2933e-02,-0.13,-0.225
-7.2931e-02,-0.12,0.05
-7.2930e-02,-0.05,-0.27
-7.2928e-02,0.005,0.1
-7.2926e-02,-0.07,-0.24
-7.2925e-02,0,0.06
-7.2923e-02,-0.01,-0.25
-7.2922e-02,-0.015,0.075
-7.2920e-02,-0.03,-0.23
-7.2918e-02,-0.08,0.06
-7.2917e-02,-0.075,-0.235
-7.2915e-02,-0.09,0.055
-7.2914e-02,-0.055,-0.275
-7.2912e-02,-0.005,0.09
-7.2910e-02,-0.05,-0.225
-7.2909e-02,-0.085,0.05
-7.2907e-02,-0.135,-0.21
-7.2906e-02,-0.11,0.04
-7.2904e-02,-0.04,-0.21
-7.2902e-02,-0.03,0.035
-7.2901e-02,-0.09,-0.245
-7.2899e-02,-0.105,0.07
-7.2898e-02,-0.105,-0.265
-7.2896e-02,-0.13,0.08
-7.2894e-02,-0.06,-0.23
-7.2893e-02,-0.05,0.055
-7.2891e-02,-0.06,-0.22
-7.2890e-02,-0.11,0.04
-7.2888e-02,-0.03,-0.24
-7.2886e-02,-0.055,0.06
-7.2885e-02,-0.07,-0.215
-7.2883e-02,-0.045,0.045
-7.2882e-02,-0.07,-0.24
-7.2880e-02,-0.075,0.065
-7.2878e-02,-0.105,-0.245
-7.2877e-02,-0.09,0.06
-7.2875e-02,-0.155,-0.205
-7.2874e-02,-0.24,0.035
-7.2872e-02,-0.05,-0.24
-7.2870e-02,-0.18,0.055
-7.2869e-02,-0.145,-0.25
-7.2867e-02,-0.15,0.07
-7.2866e-02,-0.185,-0.23
-7.2864e-02,-0.07,0.055
-7.2862e-02,-0.165,-0.23
-7.2861e-02,-0.12,0.05
-7.2859e-02,-0.185,-0.245
-7.2858e-02,-0.14,0.065
-7.2856e-02,-0.12,-0.23
-7.2854e-02,-0.17,0.05
-7.2853e-02,-0.115,-0.225
-7.2851e-02,-0.14,0.04
-7.2850e-02,-0.13,-0.235
-7.2848e-02,-0.11,0.05
-7.2846e-02,-0.09,-0.24
-7.2845e-02,-0.03,0.055
-7.2843e-02,-0.15,-0.25
-7.2842e-02,-0.085,0.065
-7.2840e-02,-0.055,-0.25
-7.2838e-02,-0.09,0.06
-7.2837e-02,-0.06,-0.225
-7.2835e-02,-0.17,0.035
-7.2834e-02,-0.09,-0.275
-7.2832e-02,-0.075,0.08
-7.2830e-02,-0.135,-0.285
-7.2829e-02,-0.085,0.09
-7.2827e-02,-0.125,-0.22
-7.2826e-02,-0.06,0.025
-7.2824e-02,-0.075,-0.26
-7.2822e-02,-0.085,0.065
-7.2821e-02,-0.12,-0.225
-7.2819e-02,-0.105,0.035
-7.2818e-02,-0.085,-0.25
-7.2816e-02,-0.145,0.055
-7.2814e-02,-0.1,-0.225
-7.2813e-02,-0.12,0.03
-7.2811e-02,-0.08,-0.265
-7.2810e-02,-0.055,0.065
-7.2808e-02,-0.035,-0.24
-7.2806e-02,-0.11,0.045
-7.2805e-02,-0.16,-0.23
-7.2803e-02,-0.11,0.035
-7.2802e-02,0,-0.24
-7.2800e-02,-0.055,0.045
-7.2798e-02,-0.08,-0.23
-7.2797e-02,-0.12,0.04
-7.2795e-02,-0.145,-0.26
-7.2794e-02,-0.165,0.065
-7.2792e-02,-0.14,-0.215
-7.2790e-02,-0.105,0.02
-7.2789e-02,-0.105,-0.225
-7.2787e-02,-0.045,0.035
-7.2786e-02,-0.06,-0.245
-7.2784e-02,-0.09,0.055
-7.2782e-02,-0.195,-0.22
-7.2781e-02,-0.12,0.035
-7.2779e-02,-0.08,-0.245
-7.2778e-02,-0.115,0.055
-7.2776e-02,-0.07,-0.255
-7.2774e-02,-0.08,0.065
-7.2773e-02,-0.05,-0.255
-7.2771e-02,-0.135,0.06
-7.2770e-02,-0.065,-0.255
-7.2768e-02,-0.1,0.055
-7.2766e-02,-0.12,-0.24
-7.2765e-02,-0.085,0.06
-7.2763e-02,-0.08,-0.225
-7.2762e-02,-0.07,0.04
-7.2760e-02,-0.185,-0.23
-7.2758e-02,-0.18,0.045
-7.2757e-02,-0.1,-0.245
-7.2755e-02,-0.115,0.055
-7.2754e-02,-0.135,-0.245
-7.2752e-02,-0.11,0.06
-7.2750e-02,-0.095,-0.225
-7.2749e-02,-0.1,0.04
-7.2747e-02,-0.05,-0.23
-7.2746e-02,-0.095,0.045
-7.2744e-02,-0.115,-0.23
-7.2742e-02,-0.09,0.05
-7.2741e-02,-0.12,-0.23
-7.2739e-02,-0.08,0.05
-7.2738e-02,-0.105,-0.245
-7.2736e-02,-0.135,0.055
-7.2734e-02,-0.11,-0.25
-7.2733e-02,-0.135,0.055
-7.2731e-02,-0.095,-0.265
-7.2730e-02,0,0.08
-7.2728e-02,-0.11,-0.235
-7.2726e-02,-0.09,0.05
-7.2725e-02,-0.055,-0.25
-7.2723e-02,0.005,0.06
-7.2722e-02,-0.09,-0.24
-7.2720e-02,-0.095,0.055
-7.2718e-02,-0.125,-0.21
-7.2717e-02,-0.1,0.025
-7.2715e-02,-0.1,-0.25
-7.2714e-02,-0.155,0.065
-7.2712e-02,-0.1,-0.245
-7.2710e-02,-0.15,0.06
-7.2709e-02,-0.1,-0.22
-7.2707e-02,-0.045,0.035
-7.2706e-02,-0.055,-0.245
-7.2704e-02,-0.115,0.06
-7.2702e-02,-0.1,-0.22
-7.2701e-02,-0.155,0.03
-7.2699e-02,-0.05,-0.275
-7.2698e-02,-0.065,0.08
-7.2696e-02,-0.035,-0.23
-7.2694e-02,-0.125,0.045
-7.2693e-02,-0.12,-0.26
-7.2691e-02,-0.07,0.065
-7.2690e-02,-0.1,-0.215
-7.2688e-02,-0.06,0.025
-7.2686e-02,-0.1,-0.23
-7.2685e-02,-0.03,0.03
-7.2683e-02,-0.1,-0.245
-7.2682e-02,-0.135,0.055
-7.2680e-02,-0.105,-0.23
-7.2678e-02,-0.115,0.045
-7.2677e-02,-0.14,-0.235
-7.2675e-02,-0.175,0.045
-7.2674e-02,-0.085,-0.235
-7.2672e-02,-0.055,0.04
-7.2670e-02,-0.145,-0.24
-7.2669e-02,-0.03,0.055
-7.2667e-02,-0.025,-0.235
-7.2666e-02,-0.07,0.04
-7.2664e-02,-0.06,-0.27
-7.2662e-02,-0.14,0.08
-7.2661e-02,-0.17,-0.245
-7.2659e-02,-0.11,0.04
-7.2658e-02,-0.17,-0.245
-7.2656e-02,-0.155,0.04
-7.2654e-02,-0.145,-0.24
-7.2653e-02,-0.1,0.04
-7.2651e-02,-0.21,-0.255
-7.2650e-02,-0.04,0.06
-7.2648e-02,-0.125,-0.255
-7.2646e-02,-0.12,0.055
-7.2645e-02,-0.15,-0.235
-7.2643e-02,-0.07,0.04
-7.2642e-02,-0.1,-0.245
-7.2640e-02,-0.025,0.04
-7.2638e-02,-0.105,-0.225
-7.2637e-02,-0.07,0.03
-7.2635e-02,-0.07,-0.25
-7.2634e-02,-0.045,0.04
-7.2632e-02,0,-0.24
-7.2630e-02,-0.085,0.045
-7.2629e-02,-0.005,-0.235
-7.2627e-02,-0.055,0.03
-7.2626e-02,-0.07,-0.25
-7.2624e-02,0.045,0.05
-7.2622e-02,-0.125,-0.26
-7.2621e-02,-0.065,0.055
-7.2619e-02,-0.11,-0.25
-7.2618e-02,-0.135,0.045
-7.2616e-02,-0.095,-0.24
-7.2614e-02,-0.14,0.04
-7.2613e-02,-0.12,-0.255
-7.2611e-02,-0.09,0.055
-7.2610e-02,-0.08,-0.255
-7.2608e-02,0.02,0.055
-7.2606e-02,-0.14,-0.26
-7.2605e-02,-0.13,0.055
-7.2603e-02,-0.075,-0.25
-7.2602e-02,-0.17,0.05
-7.2600e-02,-0.1,-0.25
-7.2598e-02,-0.17,0.045
-7.2597e-02,-0.09,-0.275
-7.2595e-02,-0.065,0.08
-7.2594e-02,-0.035,-0.285
-7.2592e-02,-0.115,0.075
-7.2590e-02,-0.15,-0.24
-7.2589e-02,-0.13,0.04
-7.2587e-02,-0.075,-0.25
-7.2586e-02,-0.075,0.06
-7.2584e-02,-0.03,-0.23
-7.2582e-02,-0.125,0.035
-7.2581e-02,-0.23,-0.25
-7.2579e-02,-0.155,0.05
-7.2578e-02,-0.1,-0.265
-7.2576e-02,-0.105,0.055
-7.2574e-02,-0.1,-0.23
-7.2573e-02,-0.115,0.04
-7.2571e-02,-0.09,-0.255
-7.2570e-02,-0.06,0.055
-7.2568e-02,-0.095,-0.25
-7.2566e-02,-0.16,0.045
-7.2565e-02,-0.075,-0.23
-7.2563e-02,-0.025,0.035
-7.2562e-02,-0.115,-0.245
-7.2560e-02,-0.15,0.035
-7.2558e-02,-0.16,-0.25
-7.2557e-02,-0.16,0.05
-7.2555e-02,-0.06,-0.245
-7.2554e-02,-0.16,0.045
-7.2552e-02,-0.095,-0.25
-7.2550e-02,-0.06,0.055
-7.2549e-02,-0.07,-0.24
-7.2547e-02,-0.01,0.04
-7.2546e-02,-0.055,-0.25
-7.2544e-02,-0.08,0.045
-7.2542e-02,-0.06,-0.245
-7.2541e-02,-0.025,0.045
-7.2539e-02,-0.08,-0.27
-7.2538e-02,-0.04,0.065
-7.2536e-02,-0.14,-0.245
-7.2534e-02,-0.105,0.04
-7.2533e-02,-0.06,-0.245
-7.2531e-02,0,0.045
-7.2530e-02,-0.1,-0.26
-7.2528e-02,-0.07,0.055
-7.2526e-02,-0.105,-0.245
-7.2525e-02,-0.075,0.04
-7.2523e-02,-0.07,-0.265
-7.2522e-02,-0.155,0.055
-7.2520e-02,-0.155,-0.255
-7.2518e-02,-0.135,0.045
-7.2517e-02,-0.07,-0.235
-7.2515e-02,-0.085,0.025
-7.2514e-02,-0.08,-0.24
-7.2512e-02,-0.14,0.03
-7.2510e-02,-0.085,-0.245
-7.2509e-02,-0.065,0.04
-7.2507e-02,-0.1,-0.24
-7.2506e-02,-0.11,0.025
-7.2504e-02,-0.15,-0.26
-7.2502e-02,-0.13,0.045
-7.2501e-02,-0.095,-0.275
-7.2499e-02,-0.08,0.07
-7.2498e-02,-0.095,-0.245
-7.2496e-02,-0.03,0.04
-7.2494e-02,-0.125,-0.27
-7.2493e-02,0.015,0.065
-7.2491e-02,-0.195,-0.265
-7.2490e-02,-0.11,0.055
-7.2488e-02,-0.09,-0.245
-7.2486e-02,-0.02,0.045
-7.2485e-02,-0.05,-0.26
-7.2483e-02,-0.105,0.05
-7.2482e-02,-0.175,-0.25
-7.2480e-02,-0.135,0.04
-7.2478e-02,-0.2,-0.3
-7.2477e-02,-0.075,0.09
-7.2475e-02,-0.085,-0.25
-7.2474e-02,-0.075,0.035
-7.2472e-02,-0.06,-0.245
-7.2470e-02,-0.135,0.03
-7.2469e-02,-0.03,-0.26
-7.2467e-02,-0.05,0.05
-7.2466e-02,-0.14,-0.26
-7.2464e-02,-0.03,0.055
-7.2462e-02,-0.085,-0.28
-7.2461e-02,-0.02,0.07
-7.2459e-02,-0.1,-0.245
-7.2458e-02,-0.18,0.03
-7.2456e-02,-0.05,-0.265
-7.2454e-02,-0.125,0.055
-7.2453e-02,-0.025,-0.295
-7.2451e-02,-0.04,0.08
-7.2450e-02,-0.07,-0.27
-7.2448e-02,-0.005,0.055
-7.2446e-02,-0.05,-0.255
-7.2445e-02,-0.025,0.045
-7.2443e-02,-0.125,-0.255
-7.2442e-02,-0.13,0.04
-7.2440e-02,-0.11,-0.28
-7.2438e-02,-0.11,0.07
-7.2437e-02,-0.11,-0.255
-7.2435e-02,-0.13,0.04
-7.2434e-02,-0.16,-0.26
-7.2432e-02,-0.125,0.055
-7.2430e-02,-0.135,-0.27
-7.2429e-02,-0.08,0.055
-7.2427e-02,-0.125,-0.26
-7.2426e-02,-0.155,0.05
-7.2424e-02,-0.055,-0.255
-7.2422e-02,-0.05,0.045
-7.2421e-02,-0.05,-0.255
-7.2419e-02,-0.14,0.04
-7.2418e-02,-0.125,-0.245
-7.2416e-02,-0.035,0.045
-7.2414e-02,-0.085,-0.29
-7.2413e-02,-0.04,0.085
-7.2411e-02,-0.05,-0.24
-7.2410e-02,-0.095,0.025
-7.2408e-02,-0.04,-0.225
-7.2406e-02,-0.16,0.01
-7.2405e-02,-0.035,-0.245
-7.2403e-02,-0.18,0.035
-7.2402e-02,-0.12,-0.25
-7.2400e-02,-0.15,0.035
-7.2398e-02,-0.075,-0.24
-7.2397e-02,-0.125,0.03
-7.2395e-02,-0.05,-0.245
-7.2394e-02,-0.07,0.035
-7.2392e-02,0.01,-0.25
-7.2390e-02,-0.13,0.04
-7.2389e-02,-0.135,-0.25
-7.2387e-02,-0.17,0.03
-7.2386e-02,-0.05,-0.275
-7.2384e-02,-0.075,0.055
-7.2382e-02,-0.05,-0.27
-7.2381e-02,-0.145,0.05
-7.2379e-02,-0.145,-0.265
-7.2378e-02,-0.065,0.045
-7.2376e-02,-0.105,-0.25
-7.2374e-02,-0.02,0.03
-7.2373e-02,-0.095,-0.25
-7.2371e-02,-0.06,0.035
-7.2370e-02,-0.06,-0.265
-7.2368e-02,-0.105,0.05
-7.2366e-02,-0.095,-0.25
-7.2365e-02,-0.08,0.04
-7.2363e-02,-0.065,-0.26
-7.2362e-02,-0.07,0.045
-7.2360e-02,-0.08,-0.255
-7.2358e-02,-0.055,0.04
-7.2357e-02,-0.165,-0.255
-7.2355e-02,-0.09,0.04
-7.2354e-02,-0.1,-0.26
-7.2352e-02,-0.045,0.045
-7.2350e-02,-0.14,-0.255
-7.2349e-02,-0.08,0.035
-7.2347e-02,-0.085,-0.255
-7.2346e-02,-0.03,0.04
-7.2344e-02,-0.055,-0.26
-7.2342e-02,-0.115,0.035
-7.2341e-02,-0.085,-0.245
-7.2339e-02,-0.01,0.03
-7.2338e-02,-0.075,-0.25
-7.2336e-02,-0.035,0.03
-7.2334e-02,-0.075,-0.245
-7.2333e-02,-0.115,0.02
-7.2331e-02,-0.085,-0.255
-7.2330e-02,-0.075,0.03
-7.2328e-02,-0.115,-0.255
-7.2326e-02,-0.17,0.04
-7.2325e-02,-0.16,-0.24
-7.2323e-02,-0.17,0.02
-7.2322e-02,-0.105,-0.265
-7.2320e-02,-0.12,0.04
-7.2318e-02,-0.17,-0.26
-7.2317e-02,-0.165,0.035
-7.2315e-02,-0.225,-0.275
-7.2314e-02,-0.065,0.06
-7.2312e-02,-0.075,-0.27
-7.2310e-02,-0.095,0.045
-7.2309e-02,-0.145,-0.255
-7.2307e-02,-0.17,0.035
-7.2306e-02,-0.03,-0.265
-7.2304e-02,-0.13,0.045
-7.2302e-02,-0.03,-0.265
-7.2301e-02,-0.155,0.04
-7.2299e-02,-0.105,-0.235
-7.2298e-02,-0.135,0.015
-7.2296e-02,-0.115,-0.265
-7.2294e-02,-0.095,0.04
-7.2293e-02,-0.11,-0.24
-7.2291e-02,-0.125,0.015
-7.2290e-02,-0.015,-0.265
-7.2288e-02,-0.045,0.04
-7.2286e-02,0.01,-0.255
-7.2285e-02,-0.15,0.03
-7.2283e-02,-0.14,-0.25
-7.2282e-02,-0.105,0.03
-7.2280e-02,-0.12,-0.255
-7.2278e-02,-0.035,0.035
-7.2277e-02,-0.11,-0.265
-7.2275e-02,-0.055,0.035
-7.2274e-02,-0.11,-0.265
-7.2272e-02,-0.1,0.035
-7.2270e-02,-0.13,-0.265
-7.2269e-02,0.03,0.045
-7.2267e-02,-0.095,-0.255
-7.2266e-02,-0.035,0.03
-7.2264e-02,-0.16,-0.255
-7.2262e-02,-0.06,0.035
-7.2261e-02,-0.125,-0.265
-7.2259e-02,-0.085,0.045
-7.2258e-02,-0.13,-0.245
-7.2256e-02,-0.07,0.025
-7.2254e-02,-0.055,-0.275
-7.2253e-02,-0.01,0.05
-7.2251e-02,-0.12,-0.245
-7.2250e-02,-0.125,0.025
-7.2248e-02,-0.155,-0.26
-7.2246e-02,-0.185,0.04
-7.2245e-02,-0.11,-0.255
-7.2243e-02,-0.125,0.035
-7.2242e-02,-0.125,-0.265
-7.2240e-02,-0.075,0.035
-7.2238e-02,-0.12,-0.265
-7.2237e-02,-0.03,0.045
-7.2235e-02,-0.135,-0.275
-7.2234e-02,-0.115,0.05
-7.2232e-02,-0.145,-0.295
-7.2230e-02,-0.155,0.075
-7.2229e-02,-0.06,-0.26
-7.2227e-02,-0.095,0.04
-7.2226e-02,-0.13,-0.265
-7.2224e-02,-0.145,0.04
-7.2222e-02,-0.09,-0.24
-7.2221e-02,-0.14,0.015
-7.2219e-02,-0.085,-0.265
-7.2218e-02,-0.11,0.035
-7.2216e-02,-0.065,-0.255
-7.2214e-02,-0.105,0.03
-7.2213e-02,-0.115,-0.27
-7.2211e-02,-0.03,0.045
-7.2210e-02,-0.005,-0.255
-7.2208e-02,-0.075,0.035
-7.2206e-02,-0.065,-0.25
-7.2205e-02,-0.105,0.03
-7.2203e-02,0.03,-0.255
-7.2202e-02,-0.06,0.04
-7.2200e-02,-0.12,-0.26
-7.2198e-02,-0.06,0.04
-7.2197e-02,-0.105,-0.255
-7.2195e-02,-0.035,0.03
-7.2194e-02,-0.16,-0.255
-7.2192e-02,-0.125,0.035
-7.2190e-02,-0.125,-0.24
-7.2189e-02,-0.16,0.02
-7.2187e-02,-0.12,-0.265
-7.2186e-02,-0.085,0.04
-7.2184e-02,-0.08,-0.27
-7.2182e-02,-0.085,0.05
-7.2181e-02,-0.1,-0.28
-7.2179e-02,-0.06,0.055
-7.2178e-02,-0.1,-0.27
-7.2176e-02,-0.13,0.05
-7.2174e-02,-0.095,-0.255
-7.2173e-02,-0.055,0.035
-7.2171e-02,-0.015,-0.26
-7.2170e-02,-0.13,0.035
-7.2168e-02,-0.185,-0.275
-7.2166e-02,-0.135,0.05
-7.2165e-02,-0.11,-0.255
-7.2163e-02,-0.03,0.035
-7.2162e-02,-0.13,-0.255
-7.2160e-02,-0.08,0.025
-7.2158e-02,-0.17,-0.27
-7.2157e-02,-0.14,0.05
-7.2155e-02,-0.145,-0.245
-7.2154e-02,-0.18,0.015
-7.2152e-02,-0.08,-0.255
-7.2150e-02,-0.13,0.03
-7.2149e-02,-0.08,-0.285
-7.2147e-02,-0.065,0.06
-7.2146e-02,-0.145,-0.29
-7.2144e-02,-0.125,0.06
-7.2142e-02,-0.175,-0.27
-7.2141e-02,-0.08,0.04
-7.2139e-02,-0.06,-0.255
-7.2138e-02,-0.115,0.03
-7.2136e-02,-0.055,-0.28
-7.2134e-02,-0.045,0.05
-7.2133e-02,-0.015,-0.265
-7.2131e-02,-0.1,0.035
-7.2130e-02,-0.11,-0.28
-7.2128e-02,-0.065,0.05
-7.2126e-02,-0.11,-0.265
-7.2125e-02,-0.13,0.04
-7.2123e-02,-0.185,-0.265
-7.2122e-02,-0.15,0.03
-7.2120e-02,-0.105,-0.245
-7.2118e-02,-0.135,0.015
-7.2117e-02,-0.085,-0.255
-7.2115e-02,-0.105,0.02
-7.2114e-02,-0.12,-0.24
-7.2112e-02,-0.11,0.005
-7.2110e-02,-0.03,-0.28
-7.2109e-02,-0.065,0.04
-7.2107e-02,0,-0.265
-7.2106e-02,-0.11,0.035
-7.2104e-02,-0.09,-0.25
-7.2102e-02,-0.075,0.015
-7.2101e-02,-0.135,-0.27
-7.2099e-02,-0.07,0.035
-7.2098e-02,-0.135,-0.26
-7.2096e-02,-0.085,0.02
-7.2094e-02,-0.06,-0.275
-7.2093e-02,-0.165,0.035
-7.2091e-02,-0.155,-0.265
-7.2090e-02,-0.13,0.025
-7.2088e-02,-0.1,-0.26
-7.2086e-02,-0.11,0.02
-7.2085e-02,-0.16,-0.275
-7.2083e-02,-0.13,0.03
-7.2082e-02,-0.12,-0.265
-7.2080e-02,-0.105,0.025
-7.2078e-02,-0.12,-0.275
-7.2077e-02,-0.12,0.035
-7.2075e-02,-0.19,-0.27
-7.2074e-02,-0.115,0.025
-7.2072e-02,-0.13,-0.275
-7.2070e-02,-0.025,0.035
-7.2069e-02,-0.11,-0.28
-7.2067e-02,-0.08,0.045
-7.2066e-02,-0.085,-0.27
-7.2064e-02,-0.155,0.03
-7.2062e-02,-0.065,-0.265
-7.2061e-02,-0.135,0.025
-7.2059e-02,-0.1,-0.25
-7.2058e-02,-0.09,0.01
-7.2056e-02,-0.095,-0.26
-7.2054e-02,-0.045,0.025
-7.2053e-02,-0.19,-0.27
-7.2051e-02,-0.08,0.035
-7.2050e-02,-0.105,-0.265
-7.2048e-02,-0.025,0.02
-7.2046e-02,-0.02,-0.275
-7.2045e-02,-0.165,0.03
-7.2043e-02,-0.09,-0.25
-7.2042e-02,-0.195,0.02
-7.2040e-02,-0.17,-0.255
-7.2038e-02,-0.145,0.015
-7.2037e-02,-0.12,-0.26
-7.2035e-02,-0.085,0.02
-7.2034e-02,-0.1,-0.26
-7.2032e-02,-0.01,0.02
-7.2030e-02,-0.055,-0.24
-7.2029e-02,-0.165,0.01
-7.2027e-02,-0.195,-0.265
-7.2026e-02,-0.165,0.025
-7.2024e-02,-0.09,-0.26
-7.2022e-02,-0.15,0.015
-7.2021e-02,-0.19,-0.265
-7.2019e-02,-0.19,0.025
-7.2018e-02,-0.08,-0.25
-7.2016e-02,-0.12,0.01
-7.2014e-02,-0.06,-0.255
-7.2013e-02,-0.09,0.015
-7.2011e-02,-0.05,-0.265
-7.2010e-02,-0.07,0.02
-7.2008e-02,-0.08,-0.27
-7.2006e-02,-0.11,0.03
-7.2005e-02,-0.105,-0.275
-7.2003e-02,-0.135,0.035
-7.2002e-02,-0.095,-0.25
-7.2000e-02,-0.09,0.02
-7.1998e-02,-0.05,-0.26
-7.1997e-02,-0.095,0.02
-7.1995e-02,-0.11,-0.26
-7.1994e-02,-0.01,0.02
-7.1992e-02,-0.07,-0.255
-7.1990e-02,-0.025,0.02
-7.1989e-02,-0.105,-0.26
-7.1987e-02,-0.115,0.03
-7.1986e-02,-0.02,-0.28
-7.1984e-02,-0.095,0.05
-7.1982e-02,-0.135,-0.27
-7.1981e-02,-0.155,0.03
-7.1979e-02,-0.085,-0.265
-7.1978e-02,-0.095,0.03
-7.1976e-02,-0.13,-0.27
-7.1974e-02,-0.14,0.03
-7.1973e-02,-0.045,-0.245
-7.1971e-02,-0.07,0.015
-7.1970e-02,-0.06,-0.275
-7.1968e-02,-0.14,0.035
-7.1966e-02,-0.09,-0.27
-7.1965e-02,-0.22,0.035
-7.1963e-02,-0.15,-0.265
-7.1962e-02,-0.135,0.03
-7.1960e-02,-0.11,-0.27
-7.1958e-02,-0.145,0.025
-7.1957e-02,-0.095,-0.26
-7.1955e-02,-0.115,0.03
-7.1954e-02,-0.06,-0.275
-7.1952e-02,-0.1,0.035
-7.1950e-02,-0.1,-0.27
-7.1949e-02,-0.025,0.035
-7.1947e-02,-0.08,-0.26
-7.1946e-02,-0.06,0.015
-7.1944e-02,-0.225,-0.29
-7.1942e-02,-0.19,0.05
-7.1941e-02,-0.13,-0.27
-7.1939e-02,-0.1,0.02
-7.1938e-02,-0.07,-0.245
-7.1936e-02,-0.105,0
-7.1934e-02,-0.105,-0.25
-7.1933e-02,-0.075,0.01
-7.1931e-02,-0.14,-0.26
-7.1930e-02,-0.155,0.015
-7.1928e-02,-0.12,-0.25
-7.1926e-02,-0.175,0.01
-7.1925e-02,-0.07,-0.27
-7.1923e-02,-0.27,0.025
-7.1922e-02,-0.115,-0.27
-7.1920e-02,-0.22,0.025
-7.1918e-02,-0.02,-0.26
-7.1917e-02,-0.09,0.015
-7.1915e-02,-0.08,-0.255
-7.1914e-02,-0.05,0.01
-7.1912e-02,-0.105,-0.275
-7.1910e-02,-0.045,0.02
-7.1909e-02,-0.1,-0.275
-7.1907e-02,-0.135,0.025
-7.1906e-02,-0.17,-0.28
-7.1904e-02,-0.225,0.03
-7.1902e-02,-0.155,-0.28
-7.1901e-02,-0.15,0.03
-7.1899e-02,-0.22,-0.28
-7.1898e-02,-0.17,0.025
-7.1896e-02,-0.17,-0.275
-7.1894e-02,-0.08,0.03
-7.1893e-02,-0.11,-0.29
-7.1891e-02,-0.12,0.035
-7.1890e-02,-0.135,-0.27
-7.1888e-02,-0.155,0.02
-7.1886e-02,-0.165,-0.28
-7.1885e-02,-0.165,0.02
-7.1883e-02,-0.155,-0.28
-7.1882e-02,-0.155,0.025
-7.1880e-02,-0.15,-0.255
-7.1878e-02,-0.115,0
-7.1877e-02,-0.08,-0.27
-7.1875e-02,-0.105,0.015
-7.1874e-02,-0.17,-0.3
-7.1872e-02,-0.085,0.045
-7.1870e-02,-0.075,-0.295
-7.1869e-02,-0.075,0.04
-7.1867e-02,-0.14,-0.255
-7.1866e-02,-0.21,0
-7.1864e-02,-0.18,-0.275
-7.1862e-02,-0.165,0.02
-7.1861e-02,-0.18,-0.28
-7.1859e-02,-0.095,0.025
-7.1858e-02,-0.09,-0.275
-7.1856e-02,-0.02,0.025
-7.1854e-02,-0.13,-0.25
-7.1853e-02,-0.035,0.005
-7.1851e-02,-0.115,-0.31
-7.1850e-02,-0.17,0.05
-7.1848e-02,-0.125,-0.27
-7.1846e-02,-0.17,0.02
-7.1845e-02,-0.08,-0.26
-7.1843e-02,-0.195,0.005
-7.1842e-02,-0.215,-0.25
-7.1840e-02,-0.19,0.005
-7.1838e-02,-0.205,-0.26
-7.1837e-02,-0.105,0.005
-7.1835e-02,-0.16,-0.245
-7.1834e-02,-0.19,-0.005
-7.1832e-02,-0.17,-0.285
-7.1830e-02,-0.175,0.035
-7.1829e-02,-0.095,-0.275
-7.1827e-02,-0.155,0.025
-7.1826e-02,-0.08,-0.29
-7.1824e-02,-0.185,0.045
-7.1822e-02,-0.185,-0.27
-7.1821e-02,-0.135,0.03
-7.1819e-02,-0.155,-0.265
-7.1818e-02,-0.07,0.015
-7.1816e-02,-0.17,-0.275
-7.1814e-02,-0.025,0.025
-7.1813e-02,-0.06,-0.29
-7.1811e-02,-0.03,0.04
-7.1810e-02,-0.065,-0.29
-7.1808e-02,-0.175,0.035
-7.1806e-02,-0.08,-0.27
-7.1805e-02,-0.19,0.015
-7.1803e-02,-0.02,-0.275
-7.1802e-02,-0.15,0.03
-7.1800e-02,-0.065,-0.26
-7.1798e-02,-0.135,0.01
-7.1797e-02,-0.185,-0.28
-7.1795e-02,-0.14,0.03
-7.1794e-02,-0.15,-0.275
-7.1792e-02,-0.025,0.025
-7.1790e-02,-0.16,-0.275
-7.1789e-02,-0.075,0.025
-7.1787e-02,-0.1,-0.265
-7.1786e-02,-0.035,0.01
-7.1784e-02,-0.135,-0.28
-7.1782e-02,-0.205,0.03
-7.1781e-02,-0.075,-0.275
-7.1779e-02,-0.165,0.03
-7.1778e-02,-0.065,-0.265
-7.1776e-02,-0.145,0.015
-7.1774e-02,-0.105,-0.27
-7.1773e-02,-0.14,0.015
-7.1771e-02,-0.135,-0.275
-7.1770e-02,-0.13,0.025
-7.1768e-02,-0.175,-0.31
-7.1766e-02,-0.165,0.055
-7.1765e-02,-0.125,-0.265
-7.1763e-02,-0.07,0.015
-7.1762e-02,-0.095,-0.27
-7.1760e-02,-0.05,0.015
-7.1758e-02,-0.215,-0.29
-7.1757e-02,-0.145,0.035
-7.1755e-02,-0.12,-0.275
-7.1754e-02,-0.135,0.02
-7.1752e-02,-0.155,-0.305
-7.1750e-02,-0.165,0.05
-7.1749e-02,-0.135,-0.27
-7.1747e-02,-0.095,0.015
-7.1746e-02,-0.185,-0.265
-7.1744e-02,-0.12,0.005
-7.1742e-02,-0.205,-0.29
-7.1741e-02,-0.16,0.03
-7.1739e-02,-0.15,-0.285
-7.1738e-02,-0.07,0.02
-7.1736e-02,-0.035,-0.285
-7.1734e-02,-0.095,0.02
-7.1733e-02,-0.15,-0.285
-7.1731e-02,-0.095,0.025
-7.1730e-02,-0.14,-0.285
-7.1728e-02,-0.155,0.03
-7.1726e-02,-0.14,-0.29
-7.1725e-02,-0.195,0.025
-7.1723e-02,-0.11,-0.295
-7.1722e-02,-0.195,0.03
-7.1720e-02,-0.195,-0.275
-7.1718e-02,-0.195,0.02
-7.1717e-02,-0.09,-0.29
-7.1715e-02,-0.045,0.03
-7.1714e-02,-0.095,-0.29
-7.1712e-02,-0.095,0.02
-7.1710e-02,-0.13,-0.28
-7.1709e-02,-0.135,0.02
-7.1707e-02,-0.19,-0.285
-7.1706e-02,-0.255,0.025
-7.1704e-02,-0.16,-0.315
-7.1702e-02,-0.2,0.045
-7.1701e-02,-0.12,-0.28
-7.1699e-02,-0.155,0.015
-7.1698e-02,-0.08,-0.27
-7.1696e-02,-0.12,0.01
-7.1694e-02,-0.055,-0.27
-7.1693e-02,-0.015,0.005
-7.1691e-02,-0.085,-0.275
-7.1690e-02,-0.04,0.015
-7.1688e-02,-0.1,-0.275
-7.1686e-02,-0.025,0.015
-7.1685e-02,-0.035,-0.285
-7.1683e-02,-0.1,0.035
-7.1682e-02,-0.075,-0.275
-7.1680e-02,-0.095,0.01
-7.1678e-02,-0.04,-0.29
-7.1677e-02,-0.05,0.03
-7.1675e-02,-0.1,-0.265
-7.1674e-02,-0.075,0.005
-7.1672e-02,-0.075,-0.28
-7.1670e-02,-0.05,0.025
-7.1669e-02,-0.135,-0.27
-7.1667e-02,-0.145,0.01
-7.1666e-02,-0.12,-0.275
-7.1664e-02,-0.07,0.015
-7.1662e-02,-0.12,-0.305
-7.1661e-02,-0.16,0.05
-7.1659e-02,-0.095,-0.295
-7.1658e-02,-0.17,0.04
-7.1656e-02,-0.11,-0.325
-7.1654e-02,-0.205,0.06
-7.1653e-02,-0.065,-0.27
-7.1651e-02,-0.13,0.01
-7.1650e-02,-0.05,-0.28
-7.1648e-02,-0.14,0.025
-7.1646e-02,-0.14,-0.315
-7.1645e-02,-0.145,0.055
-7.1643e-02,-0.13,-0.285
-7.1642e-02,-0.145,0.02
-7.1640e-02,-0.08,-0.29
-7.1638e-02,-0.175,0.04
-7.1637e-02,-0.13,-0.295
-7.1635e-02,-0.09,0.04
-7.1634e-02,-0.1,-0.28
-7.1632e-02,-0.09,0.02
-7.1630e-02,-0.225,-0.29
-7.1629e-02,-0.145,0.035
-7.1627e-02,-0.09,-0.28
-7.1626e-02,-0.125,0.025
-7.1624e-02,-0.15,-0.275
-7.1622e-02,-0.215,0.025
-7.1621e-02,-0.135,-0.265
-7.1619e-02,-0.115,0.01
-7.1618e-02,-0.18,-0.28
-7.1616e-02,-0.03,0.025
-7.1614e-02,-0.06,-0.275
-7.1613e-02,-0.03,0.02
-7.1611e-02,-0.07,-0.305
-7.1610e-02,-0.175,0.04
-7.1608e-02,-0.09,-0.295
-7.1606e-02,-0.1,0.03
-7.1605e-02,-0.05,-0.265
-7.1603e-02,-0.085,0
-7.1602e-02,-0.095,-0.325
-7.1600e-02,-0.11,0.065
-7.1598e-02,-0.095,-0.295
-7.1597e-02,-0.12,0.035
-7.1595e-02,-0.145,-0.295
-7.1594e-02,-0.11,0.03
-7.1592e-02,-0.165,-0.275
-7.1590e-02,-0.04,0.01
-7.1589e-02,-0.07,-0.295
-7.1587e-02,-0.135,0.03
-7.1586e-02,-0.165,-0.3
-7.1584e-02,-0.14,0.04
-7.1582e-02,-0.15,-0.29
-7.1581e-02,-0.085,0.025
-7.1579e-02,-0.21,-0.33
-7.1578e-02,-0.185,0.055
-7.1576e-02,-0.12,-0.285
-7.1574e-02,-0.17,0.02
-7.1573e-02,-0.145,-0.305
-7.1571e-02,-0.23,0.035
-7.1570e-02,-0.195,-0.29
-7.1568e-02,-0.18,0.015
-7.1566e-02,-0.18,-0.285
-7.1565e-02,-0.17,0.02
-7.1563e-02,-0.17,-0.28
-7.1562e-02,-0.16,0.015
-7.1560e-02,-0.14,-0.29
-7.1558e-02,-0.14,0.025
-7.1557e-02,-0.145,-0.285
-7.1555e-02,-0.205,0.015
-7.1554e-02,-0.135,-0.275
-7.1552e-02,-0.135,0
-7.1550e-02,-0.035,-0.285
-7.1549e-02,-0.185,0.005
-7.1547e-02,-0.09,-0.28
-7.1546e-02,-0.155,0.02
-7.1544e-02,-0.02,-0.305
-7.1542e-02,-0.155,0.025
-7.1541e-02,-0.085,-0.3
-7.1539e-02,-0.17,0.025
-7.1538e-02,-0.095,-0.295
-7.1536e-02,-0.13,0.02
-7.1534e-02,-0.095,-0.285
-7.1533e-02,-0.17,0.015
-7.1531e-02,-0.09,-0.275
-7.1530e-02,-0.115,0.005
-7.1528e-02,-0.145,-0.29
-7.1526e-02,-0.13,0.015
-7.1525e-02,-0.19,-0.285
-7.1523e-02,-0.135,0.01
-7.1522e-02,-0.18,-0.305
-7.1520e-02,-0.025,0.04
-7.1518e-02,-0.055,-0.3
-7.1517e-02,-0.14,0.04
-7.1515e-02,-0.15,-0.3
-7.1514e-02,-0.165,0.035
-7.1512e-02,-0.09,-0.275
-7.1510e-02,-0.145,0
-7.1509e-02,-0.155,-0.325
-7.1507e-02,-0.1,0.05
-7.1506e-02,-0.09,-0.295
-7.1504e-02,-0.14,0.02
-7.1502e-02,-0.21,-0.295
-7.1501e-02,-0.175,0.03
-7.1499e-02,-0.18,-0.295
-7.1498e-02,-0.135,0.035
-7.1496e-02,-0.135,-0.31
-7.1494e-02,-0.14,0.04
-7.1493e-02,-0.145,-0.32
-7.1491e-02,-0.165,0.045
-7.1490e-02,-0.165,-0.3
-7.1488e-02,-0.17,0.025
-7.1486e-02,-0.23,-0.315
-7.1485e-02,-0.23,0.045
-7.1483e-02,-0.245,-0.275
-7.1482e-02,-0.13,0.005
-7.1480e-02,-0.12,-0.28
-7.1478e-02,-0.19,0.01
-7.1477e-02,-0.105,-0.31
-7.1475e-02,-0.155,0.05
-7.1474e-02,-0.015,-0.3
-7.1472e-02,-0.115,0.025
-7.1470e-02,-0.11,-0.3
-7.1469e-02,-0.12,0.03
-7.1467e-02,-0.075,-0.305
-7.1466e-02,-0.14,0.03
-7.1464e-02,-0.105,-0.31
-7.1462e-02,-0.2,0.035
-7.1461e-02,-0.11,-0.295
-7.1459e-02,-0.155,0.02
-7.1458e-02,-0.065,-0.285
-7.1456e-02,-0.1,0.01
-7.1454e-02,-0.115,-0.32
-7.1453e-02,-0.085,0.05
-7.1451e-02,-0.2,-0.305
-7.1450e-02,-0.115,0.03
-7.1448e-02,-0.255,-0.295
-7.1446e-02,-0.2,0.025
-7.1445e-02,-0.21,-0.31
-7.1443e-02,-0.05,0.035
-7.1442e-02,-0.115,-0.275
-7.1440e-02,-0.115,0
-7.1438e-02,-0.175,-0.31
-7.1437e-02,-0.165,0.03
-7.1435e-02,-0.13,-0.28
-7.1434e-02,-0.095,0.005
-7.1432e-02,-0.105,-0.29
-7.1430e-02,-0.085,0.01
-7.1429e-02,-0.09,-0.3
-7.1427e-02,-0.14,0.02
-7.1426e-02,-0.15,-0.275
-7.1424e-02,-0.155,-0.005
-7.1422e-02,-0.13,-0.3
-7.1421e-02,-0.19,0.02
-7.1419e-02,-0.095,-0.285
-7.1418e-02,-0.14,0.005
-7.1416e-02,-0.065,-0.275
-7.1414e-02,-0.2,0
-7.1413e-02,-0.2,-0.3
-7.1411e-02,-0.155,0.015
-7.1410e-02,-0.135,-0.285
-7.1408e-02,-0.15,0.015
-7.1406e-02,-0.165,-0.275
-7.1405e-02,-0.15,0.005
-7.1403e-02,-0.085,-0.29
-7.1402e-02,-0.13,0.01
-7.1400e-02,-0.055,-0.29
-7.1398e-02,-0.185,0.015
-7.1397e-02,-0.105,-0.295
-7.1395e-02,-0.12,0.01
-7.1394e-02,-0.155,-0.305
-7.1392e-02,-0.08,0.035
-7.1390e-02,-0.2,-0.28
-7.1389e-02,-0.19,0
-7.1387e-02,-0.225,-0.285
-7.1386e-02,-0.175,0.01
-7.1384e-02,-0.185,-0.295
-7.1382e-02,-0.235,0.02
-7.1381e-02,-0.225,-0.28
-7.1379e-02,-0.175,0
-7.1378e-02,-0.075,-0.275
-7.1376e-02,-0.085,0
-7.1374e-02,-0.125,-0.31
-7.1373e-02,-0.095,0.04
-7.1371e-02,-0.135,-0.325
-7.1370e-02,-0.105,0.04
-7.1368e-02,-0.145,-0.29
-7.1366e-02,-0.12,0.005
-7.1365e-02,-0.1,-0.3
-7.1363e-02,-0.17,0.025
-7.1362e-02,-0.07,-0.305
-7.1360e-02,-0.09,0.02
-7.1358e-02,0,-0.3
-7.1357e-02,-0.135,0.025
-7.1355e-02,-0.14,-0.32
-7.1354e-02,-0.16,0.045
-7.1352e-02,-0.11,-0.305
-7.1350e-02,-0.205,0.02
-7.1349e-02,-0.165,-0.335
-7.1347e-02,-0.22,0.06
-7.1346e-02,-0.145,-0.285
-7.1344e-02,-0.135,0.005
-7.1342e-02,-0.055,-0.31
-7.1341e-02,-0.12,0.03
-7.1339e-02,-0.13,-0.31
-7.1338e-02,-0.155,0.03
-7.1336e-02,-0.09,-0.285
-7.1334e-02,-0.03,0.01
-7.1333e-02,-0.065,-0.305
-7.1331e-02,-0.11,0.015
-7.1330e-02,-0.16,-0.315
-7.1328e-02,-0.145,0.035
-7.1326e-02,-0.075,-0.31
-7.1325e-02,-0.13,0.025
-7.1323e-02,-0.105,-0.31
-7.1322e-02,-0.155,0.015
-7.1320e-02,-0.17,-0.305
-7.1318e-02,-0.145,0.025
-7.1317e-02,-0.24,-0.3
-7.1315e-02,-0.125,0.01
-7.1314e-02,-0.155,-0.28
-7.1312e-02,-0.185,0
-7.1310e-02,-0.065,-0.31
-7.1309e-02,-0.17,0.03
-7.1307e-02,-0.09,-0.31
-7.1306e-02,-0.23,0.025
-7.1304e-02,-0.155,-0.285
-7.1302e-02,-0.105,0
-7.1301e-02,-0.135,-0.295
-7.1299e-02,-0.085,0
-7.1298e-02,-0.15,-0.305
-7.1296e-02,-0.05,0.005
-7.1294e-02,-0.095,-0.29
-7.1293e-02,-0.11,0.01
-7.1291e-02,-0.23,-0.33
-7.1290e-02,-0.165,0.04
-7.1288e-02,-0.205,-0.31
-7.1286e-02,-0.18,0.025
-7.1285e-02,-0.21,-0.305
-7.1283e-02,-0.24,0.03
-7.1282e-02,-0.09,-0.325
-7.1280e-02,-0.21,0.04
-7.1278e-02,-0.055,-0.285
-7.1277e-02,-0.15,0.005
-7.1275e-02,-0.05,-0.28
-7.1274e-02,-0.12,-0.005
-7.1272e-02,-0.1,-0.325
-7.1270e-02,-0.015,0.035
-7.1269e-02,-0.19,-0.31
-7.1267e-02,-0.13,0.02
-7.1266e-02,-0.28,-0.315
-7.1264e-02,-0.105,0.025
-7.1262e-02,-0.215,-0.3
-7.1261e-02,-0.14,0.02
-7.1259e-02,-0.19,-0.285
-7.1258e-02,-0.095,-0.005
-7.1256e-02,-0.01,-0.3
-7.1254e-02,-0.11,0.015
-7.1253e-02,-0.055,-0.29
-7.1251e-02,-0.235,0.005
-7.1250e-02,-0.115,-0.305
-7.1248e-02,-0.175,0.025
-7.1246e-02,-0.125,-0.29
-7.1245e-02,-0.18,0.01
-7.1243e-02,-0.095,-0.29
-7.1242e-02,-0.125,0.015
-7.1240e-02,-0.1,-0.315
-7.1238e-02,-0.08,0.03
-7.1237e-02,-0.185,-0.275
-7.1235e-02,-0.17,-0.01
-7.1234e-02,-0.13,-0.31
-7.1232e-02,-0.16,0.02
-7.1230e-02,-0.13,-0.29
-7.1229e-02,-0.3,0.01
-7.1227e-02,-0.18,-0.3
-7.1226e-02,-0.21,0.015
-7.1224e-02,-0.115,-0.305
-7.1222e-02,-0.14,0.02
-7.1221e-02,-0.11,-0.31
-7.1219e-02,-0.145,0.03
-7.1218e-02,-0.03,-0.295
-7.1216e-02,-0.165,0.01
-7.1214e-02,-0.12,-0.305
-7.1213e-02,-0.185,0.02
-7.1211e-02,-0.115,-0.29
-7.1210e-02,-0.075,0
-7.1208e-02,-0.155,-0.29
-7.1206e-02,-0.09,0
-7.1205e-02,-0.135,-0.305
-7.1203e-02,-0.135,0.015
-7.1202e-02,-0.115,-0.31
-7.1200e-02,-0.115,0.02
-7.1198e-02,-0.08,-0.345
-7.1197e-02,-0.165,0.045
-7.1195e-02,-0.165,-0.32
-7.1194e-02,-0.085,0.025
-7.1192e-02,-0.115,-0.355
-7.1190e-02,-0.135,0.055
-7.1189e-02,-0.165,-0.315
-7.1187e-02,-0.1,0.02
-7.1186e-02,-0.105,-0.305
-7.1184e-02,-0.08,0.01
-7.1182e-02,-0.11,-0.295
-7.1181e-02,-0.175,0
-7.1179e-02,-0.05,-0.29
-7.1178e-02,-0.18,0.005
-7.1176e-02,-0.065,-0.29
-7.1174e-02,-0.17,0
-7.1173e-02,-0.16,-0.29
-7.1171e-02,-0.155,0
-7.1170e-02,-0.22,-0.305
-7.1168e-02,-0.075,0.01
-7.1166e-02,-0.18,-0.295
-7.1165e-02,-0.12,0
-7.1163e-02,-0.2,-0.29
-7.1162e-02,-0.125,0
-7.1160e-02,-0.1,-0.305
-7.1158e-02,-0.115,0.015
-7.1157e-02,-0.23,-0.305
-7.1155e-02,-0.205,0.01
-7.1154e-02,-0.155,-0.29
-7.1152e-02,-0.185,-0.01
-7.1150e-02,-0.125,-0.295
-7.1149e-02,-0.165,0.01
-7.1147e-02,-0.13,-0.315
-7.1146e-02,-0.16,0.025
-7.1144e-02,-0.145,-0.3
-7.1142e-02,-0.14,0.005
-7.1141e-02,-0.2,-0.3
-7.1139e-02,-0.07,0.005
-7.1138e-02,-0.16,-0.335
-7.1136e-02,-0.07,0.04
-7.1134e-02,-0.185,-0.305
-7.1133e-02,-0.205,0.005
-7.1131e-02,-0.185,-0.31
-7.1130e-02,-0.13,0.025
-7.1128e-02,-0.06,-0.29
-7.1126e-02,-0.11,0
-7.1125e-02,-0.15,-0.305
-7.1123e-02,-0.13,0.01
-7.1122e-02,-0.075,-0.295
-7.1120e-02,-0.045,0.005
-7.1118e-02,-0.15,-0.29
-7.1117e-02,-0.09,-0.005
-7.1115e-02,-0.14,-0.295
-7.1114e-02,-0.11,0
-7.1112e-02,-0.2,-0.3
-7.1110e-02,-0.22,0.005
-7.1109e-02,-0.165,-0.315
-7.1107e-02,-0.15,0.02
-7.1106e-02,-0.15,-0.33
-7.1104e-02,-0.06,0.03
-7.1102e-02,-0.19,-0.305
-7.1101e-02,-0.07,0.02
-7.1099e-02,-0.205,-0.3
-7.1098e-02,-0.08,0
-7.1096e-02,-0.16,-0.28
-7.1094e-02,-0.165,-0.01
-7.1093e-02,-0.24,-0.305
-7.1091e-02,-0.165,0.02
-7.1090e-02,-0.115,-0.31
-7.1088e-02,-0.18,0.015
-7.1086e-02,-0.065,-0.28
-7.1085e-02,-0.15,-0.01
-7.1083e-02,-0.04,-0.3
-7.1082e-02,-0.17,0.01
-7.1080e-02,-0.115,-0.295
-7.1078e-02,-0.125,0.005
-7.1077e-02,-0.055,-0.31
-7.1075e-02,-0.125,0.02
-7.1074e-02,-0.18,-0.29
-7.1072e-02,-0.23,0
-7.1070e-02,-0.145,-0.29
-7.1069e-02,-0.15,0
-7.1067e-02,-0.105,-0.29
-7.1066e-02,-0.225,-0.01
-7.1064e-02,-0.17,-0.3
-7.1062e-02,-0.175,0.005
-7.1061e-02,-0.13,-0.315
-7.1059e-02,-0.13,0.015
-7.1058e-02,-0.11,-0.29
-7.1056e-02,-0.18,-0.01
-7.1054e-02,-0.115,-0.285
-7.1053e-02,-0.17,-0.015
-7.1051e-02,-0.095,-0.31
-7.1050e-02,-0.13,0.02
-7.1048e-02,-0.14,-0.3
-7.1046e-02,-0.095,0
-7.1045e-02,-0.155,-0.28
-7.1043e-02,-0.175,-0.015
-7.1042e-02,-0.185,-0.315
-7.1040e-02,-0.125,0.02
-7.1038e-02,-0.09,-0.3
-7.1037e-02,-0.16,0
-7.1035e-02,-0.145,-0.325
-7.1034e-02,-0.185,0.035
-7.1032e-02,-0.11,-0.295
-7.1030e-02,-0.205,-0.005
-7.1029e-02,-0.19,-0.295
-7.1027e-02,-0.165,-0.005
-7.1026e-02,-0.075,-0.31
-7.1024e-02,-0.05,0.01
-7.1022e-02,-0.105,-0.315
-7.1021e-02,-0.135,0.01
-7.1019e-02,-0.08,-0.3
-7.1018e-02,-0.155,0
-7.1016e-02,-0.11,-0.315
-7.1014e-02,-0.2,0.015
-7.1013e-02,-0.12,-0.33
-7.1011e-02,-0.145,0.02
-7.1010e-02,-0.215,-0.305
-7.1008e-02,-0.165,-0.005
-7.1006e-02,-0.26,-0.3
-7.1005e-02,-0.195,-0.005
-7.1003e-02,-0.135,-0.295
-7.1002e-02,-0.18,-0.005
-7.1000e-02,-0.07,-0.31
-7.0998e-02,-0.245,0.015
-7.0997e-02,-0.19,-0.31
-7.0995e-02,-0.24,0.01
-7.0994e-02,-0.17,-0.32
-7.0992e-02,-0.225,0.015
-7.0990e-02,-0.21,-0.3
-7.0989e-02,-0.17,-0.005
-7.0987e-02,-0.09,-0.325
-7.0986e-02,-0.09,0.01
-7.0984e-02,-0.07,-0.32
-7.0982e-02,-0.135,0.005
-7.0981e-02,-0.015,-0.31
-7.0979e-02,-0.1,0.005
-7.0978e-02,-0.18,-0.295
-7.0976e-02,-0.165,-0.005
-7.0974e-02,-0.275,-0.3
-7.0973e-02,-0.145,-0.005
-7.0971e-02,-0.195,-0.305
-7.0970e-02,-0.235,0
-7.0968e-02,-0.165,-0.32
-7.0966e-02,-0.215,0.015
-7.0965e-02,-0.09,-0.335
-7.0963e-02,-0.145,0.03
-7.0962e-02,-0.075,-0.315
-7.0960e-02,-0.145,0.005
-7.0958e-02,-0.165,-0.295
-7.0957e-02,-0.115,-0.015
-7.0955e-02,-0.11,-0.34
-7.0954e-02,-0.155,0.03
-7.0952e-02,-0.17,-0.355
-7.0950e-02,-0.125,0.055
-7.0949e-02,-0.205,-0.34
-7.0947e-02,-0.095,0.035
-7.0946e-02,-0.22,-0.35
-7.0944e-02,-0.22,0.04
-7.0942e-02,-0.085,-0.305
-7.0941e-02,-0.115,0
-7.0939e-02,-0.125,-0.29
-7.0938e-02,-0.17,-0.015
-7.0936e-02,-0.135,-0.305
-7.0934e-02,-0.085,0
-7.0933e-02,-0.165,-0.28
-7.0931e-02,-0.145,-0.015
-7.0930e-02,-0.255,-0.315
-7.0928e-02,-0.115,0.005
-7.0926e-02,-0.09,-0.315
-7.0925e-02,-0.06,0.02
-7.0923e-02,-0.12,-0.325
-7.0922e-02,-0.165,0.02
-7.0920e-02,-0.245,-0.32
-7.0918e-02,-0.155,0.015
-7.0917e-02,-0.1,-0.32
-7.0915e-02,-0.155,0.015
-7.0914e-02,-0.1,-0.31
-7.0912e-02,-0.15,0.015
-7.0910e-02,-0.125,-0.32
-7.0909e-02,-0.14,0.02
-7.0907e-02,-0.215,-0.315
-7.0906e-02,-0.17,0.01
-7.0904e-02,-0.135,-0.295
-7.0902e-02,-0.135,-0.005
-7.0901e-02,-0.125,-0.325
-7.0899e-02,-0.28,0.02
-7.0898e-02,-0.25,-0.33
-7.0896e-02,-0.165,0.025
-7.0894e-02,-0.195,-0.305
-7.0893e-02,-0.22,0.005
-7.0891e-02,-0.155,-0.325
-7.0890e-02,-0.185,0.025
-7.0888e-02,-0.13,-0.35
-7.0886e-02,-0.11,0.05
-7.0885e-02,-0.185,-0.325
-7.0883e-02,-0.16,0.02
-7.0882e-02,-0.22,-0.33
-7.0880e-02,-0.175,0.025
-7.0878e-02,-0.185,-0.3
-7.0877e-02,-0.255,-0.005
-7.0875e-02,-0.18,-0.33
-7.0874e-02,-0.24,0.02
-7.0872e-02,-0.13,-0.31
-7.0870e-02,-0.155,0.005
-7.0869e-02,-0.205,-0.325
-7.0867e-02,-0.255,0.015
-7.0866e-02,-0.07,-0.35
-7.0864e-02,-0.18,0.04
-7.0862e-02,-0.12,-0.34
-7.0861e-02,-0.195,0.03
-7.0859e-02,-0.125,-0.335
-7.0858e-02,-0.105,0.025
-7.0856e-02,-0.115,-0.315
-7.0854e-02,-0.185,0.005
-7.0853e-02,-0.12,-0.31
-7.0851e-02,-0.165,-0.01
-7.0850e-02,-0.06,-0.305
-7.0848e-02,-0.105,-0.01
-7.0846e-02,-0.22,-0.305
-7.0845e-02,-0.125,-0.01
-7.0843e-02,-0.21,-0.29
-7.0842e-02,-0.16,-0.025
-7.0840e-02,-0.13,-0.3
-7.0838e-02,-0.145,-0.01
-7.0837e-02,-0.195,-0.31
-7.0835e-02,-0.205,0
-7.0834e-02,-0.18,-0.33
-7.0832e-02,-0.16,0.015
-7.0830e-02,-0.18,-0.325
-7.0829e-02,-0.22,0.005
-7.0827e-02,-0.17,-0.3
-7.0826e-02,-0.085,-0.005
-7.0824e-02,-0.13,-0.3
-7.0822e-02,-0.13,-0.015
-7.0821e-02,-0.165,-0.315
-7.0819e-02,-0.115,0.005
-7.0818e-02,-0.16,-0.31
-7.0816e-02,-0.235,-0.005
-7.0814e-02,-0.115,-0.32
-7.0813e-02,-0.15,0.01
-7.0811e-02,-0.09,-0.31
-7.0810e-02,-0.1,-0.005
-7.0808e-02,-0.135,-0.34
-7.0806e-02,-0.14,0.015
-7.0805e-02,-0.16,-0.33
-7.0803e-02,-0.12,0.01
-7.0802e-02,-0.065,-0.335
-7.0800e-02,-0.13,0.02
-7.0798e-02,-0.175,-0.305
-7.0797e-02,-0.17,-0.01
-7.0795e-02,-0.185,-0.31
-7.0794e-02,-0.12,-0.005
-7.0792e-02,-0.085,-0.3
-7.0790e-02,-0.11,-0.015
-7.0789e-02,-0.15,-0.305
-7.0787e-02,-0.005,-0.005
-7.0786e-02,-0.14,-0.33
-7.0784e-02,-0.14,0.01
-7.0782e-02,-0.235,-0.315
-7.0781e-02,-0.24,0.005
-7.0779e-02,-0.16,-0.3
-7.0778e-02,-0.155,-0.01
-7.0776e-02,-0.185,-0.315
-7.0774e-02,-0.2,0
-7.0773e-02,-0.17,-0.335
-7.0771e-02,-0.125,0.025
-7.0770e-02,-0.055,-0.355
-7.0768e-02,-0.125,0.045
-7.0766e-02,-0.105,-0.34
-7.0765e-02,-0.175,0.02
-7.0763e-02,-0.15,-0.33
-7.0762e-02,-0.185,0.02
-7.0760e-02,-0.17,-0.315
-7.0758e-02,-0.275,0
-7.0757e-02,-0.145,-0.34
-7.0755e-02,-0.135,0.03
-7.0754e-02,-0.165,-0.33
-7.0752e-02,-0.195,0.015
-7.0750e-02,-0.18,-0.335
-7.0749e-02,-0.13,0.02
-7.0747e-02,-0.085,-0.3
-7.0746e-02,-0.165,-0.005
-7.0744e-02,-0.11,-0.315
-7.0742e-02,-0.115,0
-7.0741e-02,-0.14,-0.33
-7.0739e-02,-0.175,0.02
-7.0738e-02,-0.11,-0.345
-7.0736e-02,-0.255,0.035
-7.0734e-02,-0.205,-0.335
-7.0733e-02,-0.225,0.02
-7.0731e-02,-0.145,-0.29
-7.0730e-02,-0.085,-0.015
-7.0728e-02,-0.13,-0.315
-7.0726e-02,-0.195,0
-7.0725e-02,-0.135,-0.305
-7.0723e-02,-0.18,-0.01
-7.0722e-02,-0.155,-0.325
-7.0720e-02,-0.225,0.005
-7.0718e-02,-0.165,-0.32
-7.0717e-02,-0.145,0.005
-7.0715e-02,-0.09,-0.31
-7.0714e-02,-0.135,-0.01
-7.0712e-02,-0.16,-0.325
-7.0710e-02,-0.155,0.01
-7.0709e-02,-0.2,-0.315
-7.0707e-02,-0.09,0.005
-7.0706e-02,-0.2,-0.295
-7.0704e-02,-0.09,-0.01
-7.0702e-02,-0.145,-0.39
-7.0701e-02,-0.17,0.075
-7.0699e-02,-0.09,-0.35
-7.0698e-02,-0.07,0.04
-7.0696e-02,-0.175,-0.34
-7.0694e-02,-0.195,0.015
-7.0693e-02,-0.195,-0.32
-7.0691e-02,-0.175,0
-7.0690e-02,-0.105,-0.305
-7.0688e-02,-0.165,-0.005
-7.0686e-02,-0.185,-0.305
-7.0685e-02,-0.16,-0.005
-7.0683e-02,-0.12,-0.315
-7.0682e-02,-0.205,-0.005
-7.0680e-02,-0.175,-0.3
-7.0678e-02,-0.21,-0.015
-7.0677e-02,-0.18,-0.31
-7.0675e-02,-0.105,-0.005
-7.0674e-02,-0.095,-0.325
-7.0672e-02,-0.1,0.005
-7.0670e-02,-0.085,-0.32
-7.0669e-02,-0.145,-0.005
-7.0667e-02,-0.095,-0.31
-7.0666e-02,-0.075,-0.01
-7.0664e-02,-0.205,-0.32
-7.0662e-02,-0.245,-0.005
-7.0661e-02,-0.165,-0.32
-7.0659e-02,-0.215,0
-7.0658e-02,-0.115,-0.315
-7.0656e-02,-0.17,-0.02
-7.0654e-02,-0.185,-0.305
-7.0653e-02,-0.145,-0.015
-7.0651e-02,-0.135,-0.325
-7.0650e-02,-0.17,0
-7.0648e-02,-0.135,-0.315
-7.0646e-02,-0.115,-0.015
-7.0645e-02,-0.14,-0.33
-7.0643e-02,-0.07,0
-7.0642e-02,-0.105,-0.3
-7.0640e-02,-0.2,-0.02
-7.0638e-02,-0.155,-0.32
-7.0637e-02,-0.12,-0.01
-7.0635e-02,-0.09,-0.325
-7.0634e-02,-0.11,0.005
-7.0632e-02,-0.08,-0.335
-7.0630e-02,-0.235,0
-7.0629e-02,-0.115,-0.355
-7.0627e-02,-0.16,0.02
-7.0626e-02,-0.095,-0.335
-7.0624e-02,-0.19,0.015
-7.0622e-02,-0.17,-0.33
-7.0621e-02,-0.155,-0.005
-7.0619e-02,-0.11,-0.33
-7.0618e-02,-0.135,0
-7.0616e-02,-0.23,-0.325
-7.0614e-02,-0.03,0
-7.0613e-02,-0.135,-0.32
-7.0611e-02,-0.13,-0.01
-7.0610e-02,-0.14,-0.315
-7.0608e-02,-0.09,-0.005
-7.0606e-02,-0.17,-0.32
-7.0605e-02,-0.06,-0.005
-7.0603e-02,-0.17,-0.305
-7.0602e-02,-0.185,-0.015
-7.0600e-02,-0.235,-0.32
-7.0598e-02,-0.13,-0.015
-7.0597e-02,-0.185,-0.31
-7.0595e-02,-0.115,-0.02
-7.0594e-02,-0.175,-0.315
-7.0592e-02,-0.24,-0.01
-7.0590e-02,-0.14,-0.315
-7.0589e-02,-0.09,-0.01
-7.0587e-02,-0.125,-0.315
-7.0586e-02,-0.15,-0.015
-7.0584e-02,-0.115,-0.3
-7.0582e-02,-0.175,-0.02
-7.0581e-02,-0.085,-0.305
-7.0579e-02,-0.21,-0.02
-7.0578e-02,-0.165,-0.32
-7.0576e-02,-0.21,-0.005
-7.0574e-02,-0.125,-0.335
-7.0573e-02,-0.225,0.01
-7.0571e-02,-0.165,-0.325
-7.0570e-02,-0.16,0
-7.0568e-02,-0.205,-0.31
-7.0566e-02,-0.055,-0.01
-7.0565e-02,-0.155,-0.35
-7.0563e-02,-0.115,0.02
-7.0562e-02,-0.125,-0.32
-7.0560e-02,-0.1,0
-7.0558e-02,-0.15,-0.335
-7.0557e-02,-0.105,0.01
-7.0555e-02,-0.185,-0.31
-7.0554e-02,-0.195,-0.01
-7.0552e-02,-0.09,-0.335
-7.0550e-02,-0.095,0.01
-7.0549e-02,-0.07,-0.33
-7.0547e-02,-0.105,0
-7.0546e-02,-0.16,-0.33
-7.0544e-02,-0.115,0.01
-7.0542e-02,-0.215,-0.3
-7.0541e-02,-0.26,-0.025
-7.0539e-02,-0.165,-0.3
-7.0538e-02,-0.185,-0.02
-7.0536e-02,-0.085,-0.345
-7.0534e-02,-0.185,0.02
-7.0533e-02,-0.155,-0.315
-7.0531e-02,-0.2,-0.015
-7.0530e-02,-0.075,-0.31
-7.0528e-02,-0.18,-0.01
-7.0526e-02,-0.055,-0.305
-7.0525e-02,-0.17,-0.02
-7.0523e-02,-0.095,-0.305
-7.0522e-02,-0.155,-0.015
-7.0520e-02,-0.19,-0.335
-7.0518e-02,-0.2,0.01
-7.0517e-02,-0.22,-0.34
-7.0515e-02,-0.22,0.015
-7.0514e-02,-0.11,-0.34
-7.0512e-02,-0.1,0.01
-7.0510e-02,-0.11,-0.315
-7.0509e-02,-0.155,-0.005
-7.0507e-02,-0.135,-0.325
-7.0506e-02,-0.09,-0.005
-7.0504e-02,-0.12,-0.325
-7.0502e-02,-0.195,-0.005
-7.0501e-02,-0.175,-0.345
-7.0499e-02,-0.22,0.015
-7.0498e-02,-0.18,-0.36
-7.0496e-02,-0.22,0.03
-7.0494e-02,-0.245,-0.345
-7.0493e-02,-0.205,0.025
-7.0491e-02,-0.19,-0.37
-7.0490e-02,-0.205,0.04
-7.0488e-02,-0.17,-0.32
-7.0486e-02,-0.18,-0.01
-7.0485e-02,-0.25,-0.33
-7.0483e-02,-0.205,0
-7.0482e-02,-0.165,-0.355
-7.0480e-02,-0.24,0.02
-7.0478e-02,-0.21,-0.33
-7.0477e-02,-0.29,0
-7.0475e-02,-0.19,-0.35
-7.0474e-02,-0.175,0.015
-7.0472e-02,-0.215,-0.355
-7.0470e-02,-0.195,0.03
-7.0469e-02,-0.135,-0.335
-7.0467e-02,-0.11,-0.005
-7.0466e-02,-0.055,-0.32
-7.0464e-02,-0.16,-0.005
-7.0462e-02,-0.2,-0.315
-7.0461e-02,-0.105,-0.02
-7.0459e-02,-0.115,-0.34
-7.0458e-02,-0.165,0.005
-7.0456e-02,-0.16,-0.34
-7.0454e-02,-0.13,0.01
-7.0453e-02,-0.165,-0.335
-7.0451e-02,-0.17,0.005
-7.0450e-02,-0.275,-0.37
-7.0448e-02,-0.17,0.035
-7.0446e-02,-0.195,-0.3
-7.0445e-02,-0.08,-0.025
-7.0443e-02,-0.115,-0.32
-7.0442e-02,-0.19,-0.01
-7.0440e-02,-0.19,-0.33
-7.0438e-02,-0.195,-0.005
-7.0437e-02,-0.15,-0.31
-7.0435e-02,-0.13,-0.025
-7.0434e-02,-0.14,-0.33
-7.0432e-02,-0.175,-0.005
-7.0430e-02,-0.075,-0.33
-7.0429e-02,-0.125,-0.005
-7.0427e-02,-0.16,-0.37
-7.0426e-02,-0.215,0.025
-7.0424e-02,-0.175,-0.34
-7.0422e-02,-0.15,-0.005
-7.0421e-02,-0.05,-0.325
-7.0419e-02,-0.23,-0.01
-7.0418e-02,-0.115,-0.32
-7.0416e-02,-0.2,-0.02
-7.0414e-02,-0.13,-0.305
-7.0413e-02,-0.19,-0.03
-7.0411e-02,-0.17,-0.32
-7.0410e-02,-0.22,-0.02
-7.0408e-02,-0.07,-0.31
-7.0406e-02,-0.19,-0.02
-7.0405e-02,-0.175,-0.325
-7.0403e-02,-0.17,-0.015
-7.0402e-02,-0.15,-0.355
-7.0400e-02,-0.215,0.01
-7.0398e-02,-0.245,-0.34
-7.0397e-02,-0.26,-0.005
-7.0395e-02,-0.185,-0.32
-7.0394e-02,-0.26,-0.02
-7.0392e-02,-0.2,-0.325
-7.0390e-02,-0.17,-0.01
-7.0389e-02,-0.15,-0.35
-7.0387e-02,-0.085,0.01
-7.0386e-02,-0.085,-0.32
-7.0384e-02,-0.2,-0.01
-7.0382e-02,-0.115,-0.31
-7.0381e-02,-0.245,-0.025
-7.0379e-02,-0.11,-0.315
-7.0378e-02,-0.125,-0.02
-7.0376e-02,-0.195,-0.31
-7.0374e-02,-0.17,-0.025
-7.0373e-02,-0.135,-0.33
-7.0371e-02,-0.085,-0.015
-7.0370e-02,-0.21,-0.325
-7.0368e-02,-0.17,-0.015
-7.0366e-02,-0.165,-0.325
-7.0365e-02,-0.075,-0.01
-7.0363e-02,-0.13,-0.335
-7.0362e-02,-0.205,-0.005
-7.0360e-02,-0.21,-0.34
-7.0358e-02,-0.21,0
-7.0357e-02,-0.2,-0.37
-7.0355e-02,-0.325,0.035
-7.0354e-02,-0.195,-0.33
-7.0352e-02,-0.13,-0.01
-7.0350e-02,-0.165,-0.32
-7.0349e-02,-0.185,-0.005
-7.0347e-02,-0.22,-0.335
-7.0346e-02,-0.195,-0.01
-7.0344e-02,-0.19,-0.315
-7.0342e-02,-0.22,-0.02
-7.0341e-02,-0.195,-0.33
-7.0339e-02,-0.22,-0.01
-7.0338e-02,-0.135,-0.31
-7.0336e-02,-0.215,-0.03
-7.0334e-02,-0.245,-0.335
-7.0333e-02,-0.205,-0.005
-7.0331e-02,-0.175,-0.315
-7.0330e-02,-0.2,-0.02
-7.0328e-02,-0.105,-0.33
-7.0326e-02,-0.12,-0.01
-7.0325e-02,-0.205,-0.315
-7.0323e-02,-0.16,-0.015
-7.0322e-02,-0.14,-0.32
-7.0320e-02,-0.15,-0.01
-7.0318e-02,-0.155,-0.315
-7.0317e-02,-0.245,-0.015
-7.0315e-02,-0.135,-0.32
-7.0314e-02,-0.185,-0.01
-7.0312e-02,-0.125,-0.32
-7.0310e-02,-0.2,-0.015
-7.0309e-02,-0.16,-0.36
-7.0307e-02,-0.07,0.03
-7.0306e-02,-0.09,-0.345
-7.0304e-02,-0.175,0.005
-7.0302e-02,-0.15,-0.345
-7.0301e-02,-0.125,0
-7.0299e-02,-0.145,-0.325
-7.0298e-02,-0.185,-0.015
-7.0296e-02,-0.205,-0.325
-7.0294e-02,-0.155,-0.015
-7.0293e-02,-0.135,-0.34
-7.0291e-02,-0.145,-0.005
-7.0290e-02,-0.11,-0.33
-7.0288e-02,-0.095,-0.005
-7.0286e-02,-0.105,-0.315
-7.0285e-02,-0.025,-0.02
-7.0283e-02,-0.15,-0.33
-7.0282e-02,-0.13,-0.01
-7.0280e-02,-0.195,-0.33
-7.0278e-02,-0.165,-0.01
-7.0277e-02,-0.24,-0.315
-7.0275e-02,-0.16,-0.03
-7.0274e-02,-0.3,-0.33
-7.0272e-02,-0.17,-0.01
-7.0270e-02,-0.185,-0.315
-7.0269e-02,-0.185,-0.025
-7.0267e-02,-0.13,-0.335
-7.0266e-02,-0.175,-0.005
-7.0264e-02,-0.12,-0.33
-7.0262e-02,-0.07,-0.02
-7.0261e-02,-0.1,-0.325
-7.0259e-02,-0.235,-0.02
-7.0258e-02,-0.19,-0.34
-7.0256e-02,-0.23,0.005
-7.0254e-02,-0.165,-0.34
-7.0253e-02,-0.235,-0.01
-7.0251e-02,-0.225,-0.34
-7.0250e-02,-0.06,-0.005
-7.0248e-02,-0.085,-0.34
-7.0246e-02,-0.15,0.005
-7.0245e-02,-0.16,-0.335
-7.0243e-02,-0.135,-0.005
-7.0242e-02,-0.165,-0.325
-7.0240e-02,-0.13,-0.02
-7.0238e-02,-0.155,-0.325
-7.0237e-02,-0.175,-0.02
-7.0235e-02,-0.15,-0.335
-7.0234e-02,-0.155,-0.02
-7.0232e-02,-0.245,-0.335
-7.0230e-02,-0.155,-0.02
-7.0229e-02,-0.155,-0.33
-7.0227e-02,-0.105,-0.015
-7.0226e-02,-0.12,-0.32
-7.0224e-02,-0.19,-0.025
-7.0222e-02,-0.215,-0.33
-7.0221e-02,-0.135,-0.025
-7.0219e-02,-0.22,-0.35
-7.0218e-02,-0.2,0
-7.0216e-02,-0.215,-0.305
-7.0214e-02,-0.15,-0.04
-7.0213e-02,-0.17,-0.315
-7.0211e-02,-0.105,-0.03
-7.0210e-02,-0.115,-0.335
-7.0208e-02,-0.155,-0.015
-7.0206e-02,-0.115,-0.325
-7.0205e-02,-0.135,-0.02
-7.0203e-02,-0.15,-0.32
-7.0202e-02,-0.24,-0.025
-7.0200e-02,-0.15,-0.335
-7.0198e-02,-0.265,-0.01
-7.0197e-02,-0.135,-0.35
-7.0195e-02,-0.305,0
-7.0194e-02,-0.17,-0.32
-7.0192e-02,-0.145,-0.025
-7.0190e-02,-0.085,-0.335
-7.0189e-02,-0.175,-0.01
-7.0187e-02,-0.055,-0.33
-7.0186e-02,-0.045,-0.015
-7.0184e-02,-0.125,-0.33
-7.0182e-02,-0.15,-0.01
-7.0181e-02,-0.23,-0.335
-7.0179e-02,-0.135,-0.015
-7.0178e-02,-0.185,-0.36
-7.0176e-02,-0.13,0.01
-7.0174e-02,-0.255,-0.365
-7.0173e-02,-0.11,0.025
-7.0171e-02,-0.14,-0.33
-7.0170e-02,-0.205,-0.015
-7.0168e-02,-0.2,-0.375
-7.0166e-02,-0.22,0.03
-7.0165e-02,-0.19,-0.34
-7.0163e-02,-0.23,-0.005
-7.0162e-02,-0.19,-0.36
-7.0160e-02,-0.29,0.02
-7.0158e-02,-0.115,-0.345
-7.0157e-02,-0.19,-0.01
-7.0155e-02,-0.18,-0.34
-7.0154e-02,-0.22,-0.01
-7.0152e-02,-0.17,-0.37
-7.0150e-02,-0.215,0.03
-7.0149e-02,-0.155,-0.33
-7.0147e-02,-0.135,-0.01
-7.0146e-02,-0.15,-0.325
-7.0144e-02,-0.085,-0.02
-7.0142e-02,-0.145,-0.35
-7.0141e-02,-0.185,0
-7.0139e-02,-0.22,-0.355
-7.0138e-02,-0.205,0.005
-7.0136e-02,-0.205,-0.345
-7.0134e-02,-0.115,-0.005
-7.0133e-02,-0.23,-0.345
-7.0131e-02,-0.08,0
-7.0130e-02,-0.18,-0.32
-7.0128e-02,-0.155,-0.03
-7.0126e-02,-0.23,-0.33
-7.0125e-02,-0.095,-0.02
-7.0123e-02,-0.2,-0.325
-7.0122e-02,-0.075,-0.025
-7.0120e-02,-0.155,-0.355
-7.0118e-02,-0.19,0
-7.0117e-02,-0.16,-0.335
-7.0115e-02,-0.16,-0.025
-7.0114e-02,-0.24,-0.365
-7.0112e-02,-0.27,0.01
-7.0110e-02,-0.17,-0.35
-7.0109e-02,-0.195,-0.005
-7.0107e-02,-0.135,-0.355
-7.0106e-02,-0.185,0
-7.0104e-02,-0.24,-0.325
-7.0102e-02,-0.205,-0.025
-7.0101e-02,-0.18,-0.335
-7.0099e-02,-0.21,-0.01
-7.0098e-02,-0.245,-0.325
-7.0096e-02,-0.135,-0.025
-7.0094e-02,-0.25,-0.335
-7.0093e-02,-0.22,-0.01
-7.0091e-02,-0.26,-0.32
-7.0090e-02,-0.15,-0.03
-7.0088e-02,-0.18,-0.33
-7.0086e-02,-0.045,-0.02
-7.0085e-02,-0.22,-0.325
-7.0083e-02,-0.165,-0.02
-7.0082e-02,-0.165,-0.33
-7.0080e-02,-0.175,-0.025
-7.0078e-02,-0.27,-0.315
-7.0077e-02,-0.23,-0.035
-7.0075e-02,-0.255,-0.335
-7.0074e-02,-0.19,-0.015
-7.0072e-02,-0.16,-0.35
-7.0070e-02,-0.18,-0.005
-7.0069e-02,-0.175,-0.34
-7.0067e-02,-0.13,-0.01
-7.0066e-02,-0.115,-0.37
-7.0064e-02,-0.21,0.01
-7.0062e-02,-0.165,-0.355
-7.0061e-02,-0.25,-0.005
-7.0059e-02,-0.19,-0.335
-7.0058e-02,-0.24,-0.02
-7.0056e-02,-0.11,-0.335
-7.0054e-02,-0.24,-0.015
-7.0053e-02,-0.16,-0.33
-7.0051e-02,-0.165,-0.035
-7.0050e-02,-0.17,-0.33
-7.0048e-02,-0.23,-0.02
-7.0046e-02,-0.16,-0.34
-7.0045e-02,-0.14,-0.02
-7.0043e-02,-0.1,-0.33
-7.0042e-02,-0.13,-0.025
-7.0040e-02,-0.17,-0.345
-7.0038e-02,-0.265,-0.01
-7.0037e-02,-0.14,-0.32
-7.0035e-02,-0.235,-0.035
-7.0034e-02,-0.23,-0.32
-7.0032e-02,-0.25,-0.025
-7.0030e-02,-0.08,-0.33
-7.0029e-02,-0.135,-0.02
-7.0027e-02,-0.195,-0.325
-7.0026e-02,-0.21,-0.02
-7.0024e-02,-0.17,-0.325
-7.0022e-02,-0.175,-0.025
-7.0021e-02,-0.2,-0.335
-7.0019e-02,-0.18,-0.01
-7.0018e-02,-0.165,-0.345
-7.0016e-02,-0.165,-0.005
-7.0014e-02,-0.1,-0.34
-7.0013e-02,-0.19,-0.015
-7.0011e-02,-0.2,-0.35
-7.0010e-02,-0.18,-0.005
-7.0008e-02,-0.15,-0.335
-7.0006e-02,-0.145,-0.015
-7.0005e-02,-0.2,-0.35
-7.0003e-02,-0.12,0
-7.0002e-02,-0.17,-0.325
-7.0000e-02,-0.085,-0.02
-6.9998e-02,-0.255,-0.345
-6.9997e-02,-0.145,-0.01
-6.9995e-02,-0.265,-0.34
-6.9994e-02,-0.14,-0.01
-6.9992e-02,-0.245,-0.34
-6.9990e-02,-0.155,-0.015
-6.9989e-02,-0.28,-0.355
-6.9987e-02,-0.115,0
-6.9986e-02,-0.155,-0.325
-6.9984e-02,-0.165,-0.025
-6.9982e-02,-0.235,-0.325
-6.9981e-02,-0.15,-0.025
-6.9979e-02,-0.195,-0.34
-6.9978e-02,-0.23,-0.01
-6.9976e-02,-0.285,-0.34
-6.9974e-02,-0.18,-0.015
-6.9973e-02,-0.215,-0.33
-6.9971e-02,-0.165,-0.02
-6.9970e-02,-0.255,-0.355
-6.9968e-02,-0.135,-0.005
-6.9966e-02,-0.185,-0.345
-6.9965e-02,-0.075,-0.02
-6.9963e-02,-0.16,-0.34
-6.9962e-02,-0.145,-0.01
-6.9960e-02,-0.235,-0.365
-6.9958e-02,-0.11,0.01
-6.9957e-02,-0.25,-0.365
-6.9955e-02,-0.27,0
-6.9954e-02,-0.33,-0.34
-6.9952e-02,-0.17,-0.02
-6.9950e-02,-0.205,-0.33
-6.9949e-02,-0.19,-0.025
-6.9947e-02,-0.175,-0.345
-6.9946e-02,-0.115,-0.015
-6.9944e-02,-0.105,-0.35
-6.9942e-02,-0.235,-0.015
-6.9941e-02,-0.155,-0.355
-6.9939e-02,-0.195,0
-6.9938e-02,-0.14,-0.34
-6.9936e-02,-0.22,-0.015
-6.9934e-02,-0.115,-0.34
-6.9933e-02,-0.205,-0.02
-6.9931e-02,-0.19,-0.33
-6.9930e-02,-0.16,-0.035
-6.9928e-02,-0.165,-0.32
-6.9926e-02,-0.215,-0.045
-6.9925e-02,-0.225,-0.345
-6.9923e-02,-0.085,-0.015
-6.9922e-02,-0.1,-0.32
-6.9920e-02,-0.175,-0.04
-6.9918e-02,-0.225,-0.32
-6.9917e-02,-0.175,-0.035
-6.9915e-02,-0.145,-0.335
-6.9914e-02,-0.24,-0.025
-6.9912e-02,-0.21,-0.34
-6.9910e-02,-0.155,-0.025
-6.9909e-02,-0.17,-0.325
-6.9907e-02,-0.165,-0.04
-6.9906e-02,-0.215,-0.315
-6.9904e-02,-0.23,-0.05
-6.9902e-02,-0.255,-0.31
-6.9901e-02,-0.16,-0.05
-6.9899e-02,-0.225,-0.34
-6.9898e-02,-0.26,-0.025
-6.9896e-02,-0.305,-0.33
-6.9894e-02,-0.195,-0.035
-6.9893e-02,-0.245,-0.36
-6.9891e-02,-0.26,0
-6.9890e-02,-0.315,-0.335
-6.9888e-02,-0.19,-0.02
-6.9886e-02,-0.225,-0.33
-6.9885e-02,-0.225,-0.035
-6.9883e-02,-0.245,-0.345
-6.9882e-02,-0.165,-0.025
-6.9880e-02,-0.235,-0.32
-6.9878e-02,-0.165,-0.045
-6.9877e-02,-0.205,-0.33
-6.9875e-02,-0.21,-0.035
-6.9874e-02,-0.27,-0.345
-6.9872e-02,-0.16,-0.015
-6.9870e-02,-0.205,-0.34
-6.9869e-02,-0.195,-0.03
-6.9867e-02,-0.22,-0.375
-6.9866e-02,-0.105,0.01
-6.9864e-02,-0.15,-0.33
-6.9862e-02,-0.145,-0.035
-6.9861e-02,-0.215,-0.32
-6.9859e-02,-0.135,-0.045
-6.9858e-02,-0.235,-0.315
-6.9856e-02,-0.155,-0.045
-6.9854e-02,-0.275,-0.335
-6.9853e-02,-0.205,-0.03
-6.9851e-02,-0.28,-0.34
-6.9850e-02,-0.115,-0.025
-6.9848e-02,-0.14,-0.33
-6.9846e-02,-0.135,-0.03
-6.9845e-02,-0.18,-0.33
-6.9843e-02,-0.095,-0.035
-6.9842e-02,-0.125,-0.345
-6.9840e-02,-0.225,-0.015
-6.9838e-02,-0.24,-0.325
-6.9837e-02,-0.17,-0.035
-6.9835e-02,-0.135,-0.31
-6.9834e-02,-0.135,-0.05
-6.9832e-02,-0.185,-0.33
-6.9830e-02,-0.155,-0.035
-6.9829e-02,-0.28,-0.34
-6.9827e-02,-0.21,-0.025
-6.9826e-02,-0.215,-0.34
-6.9824e-02,-0.09,-0.02
-6.9822e-02,-0.22,-0.33
-6.9821e-02,-0.15,-0.035
-6.9819e-02,-0.14,-0.33
-6.9818e-02,-0.175,-0.035
-6.9816e-02,-0.265,-0.325
-6.9814e-02,-0.18,-0.035
-6.9813e-02,-0.175,-0.365
-6.9811e-02,-0.19,0.005
-6.9810e-02,-0.195,-0.335
-6.9808e-02,-0.185,-0.03
-6.9806e-02,-0.145,-0.345
-6.9805e-02,-0.19,-0.02
-6.9803e-02,-0.2,-0.35
-6.9802e-02,-0.255,-0.02
-6.9800e-02,-0.19,-0.32
-6.9798e-02,-0.155,-0.045
-6.9797e-02,-0.135,-0.335
-6.9795e-02,-0.14,-0.03
-6.9794e-02,-0.19,-0.32
-6.9792e-02,-0.155,-0.05
-6.9790e-02,-0.08,-0.35
-6.9789e-02,-0.125,-0.025
-6.9787e-02,-0.195,-0.335
-6.9786e-02,-0.165,-0.03
-6.9784e-02,-0.09,-0.345
-6.9782e-02,-0.095,-0.025
-6.9781e-02,-0.135,-0.335
-6.9779e-02,-0.125,-0.035
-6.9778e-02,-0.07,-0.36
-6.9776e-02,-0.09,-0.01
-6.9774e-02,-0.16,-0.335
-6.9773e-02,-0.155,-0.04
-6.9771e-02,-0.095,-0.35
-6.9770e-02,-0.14,-0.03
-6.9768e-02,-0.155,-0.34
-6.9766e-02,-0.15,-0.03
-6.9765e-02,-0.145,-0.34
-6.9763e-02,-0.16,-0.025
-6.9762e-02,-0.11,-0.35
-6.9760e-02,-0.165,-0.025
-6.9758e-02,-0.185,-0.345
-6.9757e-02,-0.165,-0.025
-6.9755e-02,-0.15,-0.345
-6.9754e-02,-0.21,-0.03
-6.9752e-02,-0.24,-0.365
-6.9750e-02,-0.21,-0.01
-6.9749e-02,-0.17,-0.35
-6.9747e-02,-0.185,-0.03
-6.9746e-02,-0.23,-0.325
-6.9744e-02,-0.2,-0.05
-6.9742e-02,-0.175,-0.33
-6.9741e-02,-0.15,-0.045
-6.9739e-02,-0.245,-0.34
-6.9738e-02,-0.13,-0.035
-6.9736e-02,-0.165,-0.32
-6.9734e-02,-0.055,-0.05
-6.9733e-02,-0.205,-0.315
-6.9731e-02,-0.2,-0.045
-6.9730e-02,-0.22,-0.335
-6.9728e-02,-0.2,-0.035
-6.9726e-02,-0.16,-0.335
-6.9725e-02,-0.22,-0.035
-6.9723e-02,-0.15,-0.33
-6.9722e-02,-0.19,-0.035
-6.9720e-02,-0.165,-0.345
-6.9718e-02,-0.19,-0.02
-6.9717e-02,-0.16,-0.34
-6.9715e-02,-0.1,-0.025
-6.9714e-02,-0.155,-0.315
-6.9712e-02,-0.145,-0.05
-6.9710e-02,-0.17,-0.35
-6.9709e-02,-0.165,-0.015
-6.9707e-02,-0.19,-0.335
-6.9706e-02,-0.275,-0.04
-6.9704e-02,-0.215,-0.355
-6.9702e-02,-0.255,-0.02
-6.9701e-02,-0.19,-0.37
-6.9699e-02,-0.265,0.005
-6.9698e-02,-0.205,-0.35
-6.9696e-02,-0.235,-0.015
-6.9694e-02,-0.115,-0.34
-6.9693e-02,-0.22,-0.025
-6.9691e-02,-0.17,-0.345
-6.9690e-02,-0.22,-0.025
-6.9688e-02,-0.115,-0.335
-6.9686e-02,-0.175,-0.03
-6.9685e-02,-0.19,-0.35
-6.9683e-02,-0.23,-0.015
-6.9682e-02,-0.165,-0.335
-6.9680e-02,-0.09,-0.035
-6.9678e-02,-0.165,-0.355
-6.9677e-02,-0.17,-0.005
-6.9675e-02,-0.165,-0.36
-6.9674e-02,-0.03,-0.01
-6.9672e-02,-0.165,-0.355
-6.9670e-02,-0.17,-0.01
-6.9669e-02,-0.275,-0.335
-6.9667e-02,-0.135,-0.02
-6.9666e-02,-0.265,-0.335
-6.9664e-02,-0.22,-0.03
-6.9662e-02,-0.22,-0.35
-6.9661e-02,-0.11,-0.02
-6.9659e-02,-0.12,-0.335
-6.9658e-02,-0.215,-0.03
-6.9656e-02,-0.125,-0.355
-6.9654e-02,-0.11,-0.015
-6.9653e-02,-0.095,-0.325
-6.9651e-02,-0.21,-0.045
-6.9650e-02,-0.245,-0.325
-6.9648e-02,-0.21,-0.045
-6.9646e-02,-0.165,-0.345
-6.9645e-02,-0.14,-0.03
-6.9643e-02,-0.175,-0.33
-6.9642e-02,-0.18,-0.04
-6.9640e-02,-0.2,-0.34
-6.9638e-02,-0.235,-0.035
-6.9637e-02,-0.18,-0.37
-6.9635e-02,-0.17,0
-6.9634e-02,-0.125,-0.375
-6.9632e-02,-0.18,0
-6.9630e-02,-0.07,-0.35
-6.9629e-02,-0.175,-0.03
-6.9627e-02,-0.15,-0.35
-6.9626e-02,-0.31,-0.025
-6.9624e-02,-0.155,-0.345
-6.9622e-02,-0.23,-0.035
-6.9621e-02,-0.165,-0.36
-6.9619e-02,-0.27,-0.015
-6.9618e-02,-0.16,-0.365
-6.9616e-02,-0.105,-0.015
-6.9614e-02,-0.125,-0.375
-6.9613e-02,-0.23,-0.015
-6.9611e-02,-0.195,-0.34
-6.9610e-02,-0.13,-0.035
-6.9608e-02,-0.2,-0.335
-6.9606e-02,-0.28,-0.045
-6.9605e-02,-0.245,-0.36
-6.9603e-02,-0.17,-0.025
-6.9602e-02,-0.175,-0.35
-6.9600e-02,-0.245,-0.025
-6.9598e-02,-0.24,-0.33
-6.9597e-02,-0.16,-0.055
-6.9595e-02,-0.155,-0.36
-6.9594e-02,-0.18,-0.015
-6.9592e-02,-0.205,-0.35
-6.9590e-02,-0.165,-0.03
-6.9589e-02,-0.225,-0.33
-6.9587e-02,-0.205,-0.05
-6.9586e-02,-0.3,-0.355
-6.9584e-02,-0.21,-0.025
-6.9582e-02,-0.28,-0.35
-6.9581e-02,-0.175,-0.035
-6.9579e-02,-0.26,-0.34
-6.9578e-02,-0.17,-0.045
-6.9576e-02,-0.255,-0.34
-6.9574e-02,-0.21,-0.04
-6.9573e-02,-0.245,-0.36
-6.9571e-02,-0.125,-0.03
-6.9570e-02,-0.25,-0.335
-6.9568e-02,-0.255,-0.045
-6.9566e-02,-0.31,-0.355
-6.9565e-02,-0.135,-0.02
-6.9563e-02,-0.195,-0.36
-6.9562e-02,-0.215,-0.02
-6.9560e-02,-0.265,-0.35
-6.9558e-02,-0.085,-0.03
-6.9557e-02,-0.12,-0.34
-6.9555e-02,-0.15,-0.04
-6.9554e-02,-0.24,-0.345
-6.9552e-02,-0.155,-0.03
-6.9550e-02,-0.255,-0.35
-6.9549e-02,-0.245,-0.025
-6.9547e-02,-0.24,-0.345
-6.9546e-02,-0.195,-0.03
-6.9544e-02,-0.195,-0.34
-6.9542e-02,-0.2,-0.045
-6.9541e-02,-0.2,-0.355
-6.9539e-02,-0.22,-0.02
-6.9538e-02,-0.185,-0.35
-6.9536e-02,-0.18,-0.03
-6.9534e-02,-0.1,-0.36
-6.9533e-02,-0.155,-0.015
-6.9531e-02,-0.16,-0.355
-6.9530e-02,-0.23,-0.03
-6.9528e-02,-0.185,-0.365
-6.9526e-02,-0.195,-0.005
-6.9525e-02,-0.26,-0.36
-6.9523e-02,-0.265,-0.01
-6.9522e-02,-0.255,-0.38
-6.9520e-02,-0.155,0
-6.9518e-02,-0.275,-0.36
-6.9517e-02,-0.2,-0.01
-6.9515e-02,-0.21,-0.325
-6.9514e-02,-0.13,-0.05
-6.9512e-02,-0.19,-0.36
-6.9510e-02,-0.135,-0.02
-6.9509e-02,-0.17,-0.365
-6.9507e-02,-0.145,-0.01
-6.9506e-02,-0.14,-0.35
-6.9504e-02,-0.165,-0.035
-6.9502e-02,-0.2,-0.36
-6.9501e-02,-0.2,-0.025
-6.9499e-02,-0.115,-0.33
-6.9498e-02,-0.175,-0.05
-6.9496e-02,-0.21,-0.355
-6.9494e-02,-0.275,-0.02
-6.9493e-02,-0.155,-0.355
-6.9491e-02,-0.215,-0.025
-6.9490e-02,-0.255,-0.32
-6.9488e-02,-0.24,-0.06
-6.9486e-02,-0.2,-0.335
-6.9485e-02,-0.18,-0.04
-6.9483e-02,-0.13,-0.33
-6.9482e-02,-0.135,-0.045
-6.9480e-02,-0.165,-0.34
-6.9478e-02,-0.185,-0.035
-6.9477e-02,-0.135,-0.33
-6.9475e-02,-0.16,-0.045
-6.9474e-02,-0.265,-0.365
-6.9472e-02,-0.225,-0.015
-6.9470e-02,-0.23,-0.35
-6.9469e-02,-0.165,-0.035
-6.9467e-02,-0.2,-0.37
-6.9466e-02,-0.15,-0.01
-6.9464e-02,-0.24,-0.345
-6.9462e-02,-0.17,-0.03
-6.9461e-02,-0.16,-0.38
-6.9459e-02,-0.26,-0.005
-6.9458e-02,-0.26,-0.345
-6.9456e-02,-0.17,-0.035
-6.9454e-02,-0.195,-0.335
-6.9453e-02,-0.205,-0.05
-6.9451e-02,-0.195,-0.32
-6.9450e-02,-0.185,-0.065
-6.9448e-02,-0.175,-0.33
-6.9446e-02,-0.11,-0.055
-6.9445e-02,-0.175,-0.325
-6.9443e-02,-0.255,-0.06
-6.9442e-02,-0.205,-0.34
-6.9440e-02,-0.16,-0.045
-6.9438e-02,-0.2,-0.35
-6.9437e-02,-0.135,-0.04
-6.9435e-02,-0.3,-0.36
-6.9434e-02,-0.22,-0.025
-6.9432e-02,-0.24,-0.325
-6.9430e-02,-0.105,-0.06
-6.9429e-02,-0.21,-0.36
-6.9427e-02,-0.17,-0.03
-6.9426e-02,-0.28,-0.335
-6.9424e-02,-0.21,-0.05
-6.9422e-02,-0.21,-0.34
-6.9421e-02,-0.135,-0.05
-6.9419e-02,-0.285,-0.355
-6.9418e-02,-0.155,-0.025
-6.9416e-02,-0.145,-0.345
-6.9414e-02,-0.16,-0.055
-6.9413e-02,-0.24,-0.34
-6.9411e-02,-0.205,-0.045
-6.9410e-02,-0.195,-0.355
-6.9408e-02,-0.175,-0.035
-6.9406e-02,-0.18,-0.345
-6.9405e-02,-0.275,-0.035
-6.9403e-02,-0.125,-0.385
-6.9402e-02,-0.27,-0.01
-6.9400e-02,-0.165,-0.375
-6.9398e-02,-0.275,-0.005
-6.9397e-02,-0.21,-0.355
-6.9395e-02,-0.3,-0.025
-6.9394e-02,-0.17,-0.355
-6.9392e-02,-0.2,-0.04
-6.9390e-02,-0.115,-0.34
-6.9389e-02,-0.19,-0.055
-6.9387e-02,-0.18,-0.325
-6.9386e-02,-0.175,-0.065
-6.9384e-02,-0.17,-0.345
-6.9382e-02,-0.22,-0.04
-6.9381e-02,-0.195,-0.33
-6.9379e-02,-0.165,-0.055
-6.9378e-02,-0.13,-0.335
-6.9376e-02,-0.15,-0.055
-6.9374e-02,-0.255,-0.355
-6.9373e-02,-0.255,-0.04
-6.9371e-02,-0.105,-0.36
-6.9370e-02,-0.135,-0.03
-6.9368e-02,-0.165,-0.36
-6.9366e-02,-0.215,-0.03
-6.9365e-02,-0.19,-0.345
-6.9363e-02,-0.155,-0.045
-6.9362e-02,-0.205,-0.385
-6.9360e-02,-0.21,0
-6.9358e-02,-0.31,-0.35
-6.9357e-02,-0.175,-0.05
-6.9355e-02,-0.22,-0.355
-6.9354e-02,-0.14,-0.035
-6.9352e-02,-0.165,-0.34
-6.9350e-02,-0.185,-0.05
-6.9349e-02,-0.18,-0.375
-6.9347e-02,-0.215,-0.015
-6.9346e-02,-0.2,-0.385
-6.9344e-02,-0.205,-0.01
-6.9342e-02,-0.21,-0.345
-6.9341e-02,-0.275,-0.045
-6.9339e-02,-0.175,-0.365
-6.9338e-02,-0.29,-0.03
-6.9336e-02,-0.2,-0.34
-6.9334e-02,-0.22,-0.055
-6.9333e-02,-0.115,-0.36
-6.9331e-02,-0.275,-0.035
-6.9330e-02,-0.165,-0.35
-6.9328e-02,-0.27,-0.04
-6.9326e-02,-0.185,-0.36
-6.9325e-02,-0.18,-0.03
-6.9323e-02,-0.245,-0.385
-6.9322e-02,-0.24,-0.005
-6.9320e-02,-0.145,-0.35
-6.9318e-02,-0.21,-0.05
-6.9317e-02,-0.245,-0.375
-6.9315e-02,-0.28,-0.025
-6.9314e-02,-0.18,-0.365
-6.9312e-02,-0.25,-0.025
-6.9310e-02,-0.11,-0.345
-6.9309e-02,-0.28,-0.05
-6.9307e-02,-0.155,-0.365
-6.9306e-02,-0.15,-0.035
-6.9304e-02,-0.135,-0.365
-6.9302e-02,-0.235,-0.03
-6.9301e-02,-0.13,-0.345
-6.9299e-02,-0.16,-0.055
-6.9298e-02,-0.195,-0.36
-6.9296e-02,-0.25,-0.035
-6.9294e-02,-0.15,-0.365
-6.9293e-02,-0.22,-0.035
-6.9291e-02,-0.135,-0.375
-6.9290e-02,-0.29,-0.01
-6.9288e-02,-0.24,-0.36
-6.9286e-02,-0.25,-0.025
-6.9285e-02,-0.175,-0.355
-6.9283e-02,-0.245,-0.03
-6.9282e-02,-0.165,-0.365
-6.9280e-02,-0.12,-0.025
-6.9278e-02,-0.155,-0.33
-6.9277e-02,-0.205,-0.065
-6.9275e-02,-0.235,-0.37
-6.9274e-02,-0.245,-0.015
-6.9272e-02,-0.195,-0.35
-6.9270e-02,-0.13,-0.04
-6.9269e-02,-0.135,-0.355
-6.9267e-02,-0.165,-0.045
-6.9266e-02,-0.18,-0.345
-6.9264e-02,-0.17,-0.05
-6.9262e-02,-0.22,-0.35
-6.9261e-02,-0.205,-0.035
-6.9259e-02,-0.155,-0.335
-6.9258e-02,-0.16,-0.06
-6.9256e-02,-0.115,-0.355
-6.9254e-02,-0.14,-0.03
-6.9253e-02,-0.165,-0.345
-6.9251e-02,-0.285,-0.045
-6.9250e-02,-0.16,-0.33
-6.9248e-02,-0.185,-0.06
-6.9246e-02,-0.19,-0.35
-6.9245e-02,-0.225,-0.045
-6.9243e-02,-0.055,-0.365
-6.9242e-02,-0.205,-0.03
-6.9240e-02,-0.25,-0.345
-6.9238e-02,-0.31,-0.05
-6.9237e-02,-0.205,-0.36
-6.9235e-02,-0.19,-0.035
-6.9234e-02,-0.255,-0.365
-6.9232e-02,-0.17,-0.03
-6.9230e-02,-0.18,-0.355
-6.9229e-02,-0.125,-0.035
-6.9227e-02,-0.145,-0.36
-6.9226e-02,-0.16,-0.035
-6.9224e-02,-0.2,-0.335
-6.9222e-02,-0.18,-0.055
-6.9221e-02,-0.175,-0.38
-6.9219e-02,-0.145,-0.01
-6.9218e-02,-0.215,-0.355
-6.9216e-02,-0.165,-0.05
-6.9214e-02,-0.23,-0.36
-6.9213e-02,-0.14,-0.025
-6.9211e-02,-0.215,-0.35
-6.9210e-02,-0.165,-0.04
-6.9208e-02,-0.165,-0.365
-6.9206e-02,-0.14,-0.03
-6.9205e-02,-0.15,-0.345
-6.9203e-02,-0.115,-0.055
-6.9202e-02,-0.195,-0.335
-6.9200e-02,-0.2,-0.065
-6.9198e-02,-0.23,-0.345
-6.9197e-02,-0.105,-0.04
-6.9195e-02,-0.175,-0.35
-6.9194e-02,-0.145,-0.05
-6.9192e-02,-0.155,-0.355
-6.9190e-02,-0.035,-0.045
-6.9189e-02,-0.15,-0.38
-6.9187e-02,-0.185,0
-6.9186e-02,-0.255,-0.395
-6.9184e-02,-0.175,-0.015
-6.9182e-02,-0.185,-0.365
-6.9181e-02,-0.19,-0.04
-6.9179e-02,-0.19,-0.36
-6.9178e-02,-0.16,-0.04
-6.9176e-02,-0.16,-0.375
-6.9174e-02,-0.225,-0.02
-6.9173e-02,-0.135,-0.355
-6.9171e-02,-0.245,-0.045
-6.9170e-02,-0.21,-0.34
-6.9168e-02,-0.225,-0.055
-6.9166e-02,-0.115,-0.375
-6.9165e-02,-0.21,-0.02
-6.9163e-02,-0.115,-0.355
-6.9162e-02,-0.28,-0.05
-6.9160e-02,-0.22,-0.345
-6.9158e-02,-0.265,-0.055
-6.9157e-02,-0.105,-0.35
-6.9155e-02,-0.215,-0.045
-6.9154e-02,-0.23,-0.355
-6.9152e-02,-0.23,-0.045
-6.9150e-02,-0.09,-0.34
-6.9149e-02,-0.155,-0.06
-6.9147e-02,-0.17,-0.35
-6.9146e-02,-0.175,-0.055
-6.9144e-02,-0.225,-0.36
-6.9142e-02,-0.27,-0.04
-6.9141e-02,-0.175,-0.365
-6.9139e-02,-0.17,-0.035
-6.9138e-02,-0.195,-0.35
-6.9136e-02,-0.23,-0.055
-6.9134e-02,-0.16,-0.36
-6.9133e-02,-0.25,-0.045
-6.9131e-02,-0.2,-0.36
-6.9130e-02,-0.27,-0.045
-6.9128e-02,-0.255,-0.36
-6.9126e-02,-0.14,-0.04
-6.9125e-02,-0.09,-0.345
-6.9123e-02,-0.15,-0.055
-6.9122e-02,-0.195,-0.38
-6.9120e-02,-0.155,-0.02
-6.9118e-02,-0.2,-0.395
-6.9117e-02,-0.21,-0.005
-6.9115e-02,-0.18,-0.345
-6.9114e-02,-0.175,-0.05
-6.9112e-02,-0.24,-0.37
-6.9110e-02,-0.22,-0.04
-6.9109e-02,-0.19,-0.36
-6.9107e-02,-0.205,-0.035
-6.9106e-02,-0.2,-0.355
-6.9104e-02,-0.185,-0.04
-6.9102e-02,-0.245,-0.355
-6.9101e-02,-0.09,-0.045
-6.9099e-02,-0.115,-0.355
-6.9098e-02,-0.175,-0.045
-6.9096e-02,-0.2,-0.36
-6.9094e-02,-0.215,-0.03
-6.9093e-02,-0.23,-0.365
-6.9091e-02,-0.27,-0.035
-6.9090e-02,-0.21,-0.36
-6.9088e-02,-0.315,-0.035
-6.9086e-02,-0.135,-0.365
-6.9085e-02,-0.215,-0.035
-6.9083e-02,-0.195,-0.35
-6.9082e-02,-0.285,-0.05
-6.9080e-02,-0.23,-0.39
-6.9078e-02,-0.32,-0.015
-6.9077e-02,-0.135,-0.345
-6.9075e-02,-0.21,-0.055
-6.9074e-02,-0.095,-0.365
-6.9072e-02,-0.17,-0.035
-6.9070e-02,-0.135,-0.35
-6.9069e-02,-0.14,-0.055
-6.9067e-02,-0.105,-0.355
-6.9066e-02,-0.3,-0.055
-6.9064e-02,-0.28,-0.37
-6.9062e-02,-0.28,-0.025
-6.9061e-02,-0.255,-0.37
-6.9059e-02,-0.285,-0.04
-6.9058e-02,-0.265,-0.365
-6.9056e-02,-0.31,-0.045
-6.9054e-02,-0.285,-0.355
-6.9053e-02,-0.175,-0.055
-6.9051e-02,-0.22,-0.365
-6.9050e-02,-0.17,-0.045
-6.9048e-02,-0.23,-0.36
-6.9046e-02,-0.235,-0.045
-6.9045e-02,-0.265,-0.36
-6.9043e-02,-0.21,-0.04
-6.9042e-02,-0.235,-0.345
-6.9040e-02,-0.235,-0.06
-6.9038e-02,-0.2,-0.34
-6.9037e-02,-0.21,-0.06
-6.9035e-02,-0.165,-0.375
-6.9034e-02,-0.19,-0.025
-6.9032e-02,-0.27,-0.375
-6.9030e-02,-0.235,-0.035
-6.9029e-02,-0.145,-0.38
-6.9027e-02,-0.24,-0.025
-6.9026e-02,-0.245,-0.355
-6.9024e-02,-0.24,-0.055
-6.9022e-02,-0.245,-0.355
-6.9021e-02,-0.19,-0.05
-6.9019e-02,-0.19,-0.35
-6.9018e-02,-0.195,-0.055
-6.9016e-02,-0.22,-0.35
-6.9014e-02,-0.155,-0.065
-6.9013e-02,-0.16,-0.345
-6.9011e-02,-0.15,-0.055
-6.9010e-02,-0.12,-0.36
-6.9008e-02,-0.235,-0.045
-6.9006e-02,-0.3,-0.36
-6.9005e-02,-0.305,-0.04
-6.9003e-02,-0.225,-0.35
-6.9002e-02,-0.21,-0.05
-6.9000e-02,-0.14,-0.355
-6.8998e-02,-0.21,-0.045
-6.8997e-02,-0.21,-0.375
-6.8995e-02,-0.185,-0.025
-6.8994e-02,-0.175,-0.365
-6.8992e-02,-0.25,-0.045
-6.8990e-02,-0.17,-0.35
-6.8989e-02,-0.175,-0.06
-6.8987e-02,-0.225,-0.39
-6.8986e-02,-0.205,-0.02
-6.8984e-02,-0.14,-0.385
-6.8982e-02,-0.25,-0.02
-6.8981e-02,-0.235,-0.36
-6.8979e-02,-0.24,-0.05
-6.8978e-02,-0.195,-0.345
-6.8976e-02,-0.22,-0.05
-6.8974e-02,-0.18,-0.36
-6.8973e-02,-0.28,-0.04
-6.8971e-02,-0.255,-0.36
-6.8970e-02,-0.13,-0.05
-6.8968e-02,-0.21,-0.37
-6.8966e-02,-0.205,-0.035
-6.8965e-02,-0.275,-0.38
-6.8963e-02,-0.14,-0.025
-6.8962e-02,-0.3,-0.345
-6.8960e-02,-0.19,-0.06
-6.8958e-02,-0.205,-0.37
-6.8957e-02,-0.14,-0.035
-6.8955e-02,-0.28,-0.36
-6.8954e-02,-0.185,-0.045
-6.8952e-02,-0.165,-0.37
-6.8950e-02,-0.09,-0.04
-6.8949e-02,-0.17,-0.36
-6.8947e-02,-0.165,-0.05
-6.8946e-02,-0.215,-0.38
-6.8944e-02,-0.235,-0.035
-6.8942e-02,-0.11,-0.375
-6.8941e-02,-0.14,-0.03
-6.8939e-02,-0.215,-0.34
-6.8938e-02,-0.26,-0.065
-6.8936e-02,-0.245,-0.38
-6.8934e-02,-0.17,-0.025
-6.8933e-02,-0.2,-0.34
-6.8931e-02,-0.14,-0.06
-6.8930e-02,-0.22,-0.355
-6.8928e-02,-0.295,-0.05
-6.8926e-02,-0.13,-0.37
-6.8925e-02,-0.145,-0.04
-6.8923e-02,-0.155,-0.38
-6.8922e-02,-0.255,-0.03
-6.8920e-02,-0.175,-0.365
-6.8918e-02,-0.19,-0.045
-6.8917e-02,-0.22,-0.345
-6.8915e-02,-0.18,-0.055
-6.8914e-02,-0.305,-0.355
-6.8912e-02,-0.24,-0.055
-6.8910e-02,-0.225,-0.38
-6.8909e-02,-0.19,-0.03
-6.8907e-02,-0.235,-0.345
-6.8906e-02,-0.19,-0.06
-6.8904e-02,-0.23,-0.395
-6.8902e-02,-0.205,-0.02
-6.8901e-02,-0.155,-0.36
-6.8899e-02,-0.06,-0.05
-6.8898e-02,-0.145,-0.35
-6.8896e-02,-0.105,-0.055
-6.8894e-02,-0.245,-0.355
-6.8893e-02,-0.2,-0.06
-6.8891e-02,-0.225,-0.37
-6.8890e-02,-0.185,-0.04
-6.8888e-02,-0.345,-0.36
-6.8886e-02,-0.29,-0.05
-6.8885e-02,-0.225,-0.365
-6.8883e-02,-0.255,-0.045
-6.8882e-02,-0.235,-0.38
-6.8880e-02,-0.26,-0.04
-6.8878e-02,-0.24,-0.385
-6.8877e-02,-0.215,-0.025
-6.8875e-02,-0.185,-0.355
-6.8874e-02,-0.25,-0.06
-6.8872e-02,-0.235,-0.375
-6.8870e-02,-0.28,-0.035
-6.8869e-02,-0.275,-0.365
-6.8867e-02,-0.24,-0.05
-6.8866e-02,-0.21,-0.365
-6.8864e-02,-0.34,-0.05
-6.8862e-02,-0.2,-0.35
-6.8861e-02,-0.2,-0.065
-6.8859e-02,-0.13,-0.355
-6.8858e-02,-0.18,-0.055
-6.8856e-02,-0.165,-0.37
-6.8854e-02,-0.28,-0.045
-6.8853e-02,-0.205,-0.37
-6.8851e-02,-0.215,-0.045
-6.8850e-02,-0.24,-0.385
-6.8848e-02,-0.205,-0.03
-6.8846e-02,-0.21,-0.365
-6.8845e-02,-0.26,-0.06
-6.8843e-02,-0.23,-0.405
-6.8842e-02,-0.225,-0.01
-6.8840e-02,-0.205,-0.375
-6.8838e-02,-0.22,-0.045
-6.8837e-02,-0.195,-0.355
-6.8835e-02,-0.315,-0.055
-6.8834e-02,-0.155,-0.375
-6.8832e-02,-0.2,-0.04
-6.8830e-02,-0.225,-0.365
-6.8829e-02,-0.24,-0.045
-6.8827e-02,-0.185,-0.375
-6.8826e-02,-0.19,-0.055
-6.8824e-02,-0.22,-0.4
-6.8822e-02,-0.2,-0.015
-6.8821e-02,-0.27,-0.39
-6.8819e-02,-0.155,-0.025
-6.8818e-02,-0.225,-0.36
-6.8816e-02,-0.155,-0.06
-6.8814e-02,-0.165,-0.36
-6.8813e-02,-0.15,-0.06
-6.8811e-02,-0.195,-0.355
-6.8810e-02,-0.165,-0.06
-6.8808e-02,-0.225,-0.355
-6.8806e-02,-0.255,-0.065
-6.8805e-02,-0.205,-0.35
-6.8803e-02,-0.28,-0.065
-6.8802e-02,-0.255,-0.365
-6.8800e-02,-0.235,-0.05
-6.8798e-02,-0.24,-0.375
-6.8797e-02,-0.265,-0.045
-6.8795e-02,-0.195,-0.365
-6.8794e-02,-0.105,-0.055
-6.8792e-02,-0.23,-0.365
-6.8790e-02,-0.18,-0.05
-6.8789e-02,-0.29,-0.375
-6.8787e-02,-0.225,-0.04
-6.8786e-02,-0.295,-0.37
-6.8784e-02,-0.22,-0.05
-6.8782e-02,-0.26,-0.385
-6.8781e-02,-0.205,-0.035
-6.8779e-02,-0.215,-0.395
-6.8778e-02,-0.19,-0.025
-6.8776e-02,-0.14,-0.375
-6.8774e-02,-0.115,-0.05
-6.8773e-02,-0.195,-0.37
-6.8771e-02,-0.175,-0.05
-6.8770e-02,-0.155,-0.355
-6.8768e-02,-0.135,-0.065
-6.8766e-02,-0.145,-0.385
-6.8765e-02,-0.18,-0.04
-6.8763e-02,-0.205,-0.35
-6.8762e-02,-0.2,-0.065
-6.8760e-02,-0.155,-0.375
-6.8758e-02,-0.195,-0.04
-6.8757e-02,-0.185,-0.42
-6.8755e-02,-0.23,0
-6.8754e-02,-0.14,-0.375
-6.8752e-02,-0.22,-0.04
-6.8750e-02,-0.115,-0.405
-6.8749e-02,-0.14,-0.02
-6.8747e-02,-0.2,-0.41
-6.8746e-02,-0.235,-0.01
-6.8744e-02,-0.185,-0.355
-6.8742e-02,-0.2,-0.055
-6.8741e-02,-0.09,-0.345
-6.8739e-02,-0.185,-0.075
-6.8738e-02,-0.14,-0.36
-6.8736e-02,-0.24,-0.06
-6.8734e-02,-0.17,-0.335
-6.8733e-02,-0.17,-0.07
-6.8731e-02,-0.155,-0.39
-6.8730e-02,-0.265,-0.025
-6.8728e-02,-0.235,-0.39
-6.8726e-02,-0.28,-0.03
-6.8725e-02,-0.22,-0.415
-6.8723e-02,-0.16,-0.01
-6.8722e-02,-0.18,-0.37
-6.8720e-02,-0.205,-0.05
-6.8718e-02,-0.24,-0.365
-6.8717e-02,-0.165,-0.05
-6.8715e-02,-0.145,-0.365
-6.8714e-02,-0.17,-0.05
-6.8712e-02,-0.215,-0.39
-6.8710e-02,-0.28,-0.025
-6.8709e-02,-0.28,-0.355
-6.8707e-02,-0.18,-0.055
-6.8706e-02,-0.245,-0.405
-6.8704e-02,-0.19,-0.015
-6.8702e-02,-0.18,-0.4
-6.8701e-02,-0.155,-0.025
-6.8699e-02,-0.24,-0.385
-6.8698e-02,-0.18,-0.035
-6.8696e-02,-0.18,-0.37
-6.8694e-02,-0.17,-0.05
-6.8693e-02,-0.215,-0.355
-6.8691e-02,-0.165,-0.065
-6.8690e-02,-0.3,-0.365
-6.8688e-02,-0.145,-0.06
-6.8686e-02,-0.265,-0.36
-6.8685e-02,-0.225,-0.055
-6.8683e-02,-0.27,-0.35
-6.8682e-02,-0.07,-0.06
-6.8680e-02,-0.215,-0.365
-6.8678e-02,-0.1,-0.06
-6.8677e-02,-0.185,-0.36
-6.8675e-02,-0.255,-0.06
-6.8674e-02,-0.2,-0.38
-6.8672e-02,-0.23,-0.05
-6.8670e-02,-0.115,-0.37
-6.8669e-02,-0.245,-0.05
-6.8667e-02,-0.17,-0.355
-6.8666e-02,-0.32,-0.065
-6.8664e-02,-0.175,-0.35
-6.8662e-02,-0.19,-0.07
-6.8661e-02,-0.23,-0.365
-6.8659e-02,-0.255,-0.055
-6.8658e-02,-0.22,-0.38
-6.8656e-02,-0.235,-0.05
-6.8654e-02,-0.24,-0.38
-6.8653e-02,-0.205,-0.045
-6.8651e-02,-0.305,-0.39
-6.8650e-02,-0.265,-0.035
-6.8648e-02,-0.27,-0.365
-6.8646e-02,-0.255,-0.055
-6.8645e-02,-0.21,-0.38
-6.8643e-02,-0.21,-0.045
-6.8642e-02,-0.21,-0.37
-6.8640e-02,-0.235,-0.05
-6.8638e-02,-0.135,-0.375
-6.8637e-02,-0.205,-0.05
-6.8635e-02,-0.14,-0.365
-6.8634e-02,-0.23,-0.05
-6.8632e-02,-0.215,-0.345
-6.8630e-02,-0.225,-0.085
-6.8629e-02,-0.155,-0.355
-6.8627e-02,-0.27,-0.075
-6.8626e-02,-0.285,-0.355
-6.8624e-02,-0.32,-0.065
-6.8622e-02,-0.23,-0.38
-6.8621e-02,-0.23,-0.055
-6.8619e-02,-0.175,-0.365
-6.8618e-02,-0.195,-0.065
-6.8616e-02,-0.24,-0.375
-6.8614e-02,-0.175,-0.055
-6.8613e-02,-0.32,-0.36
-6.8611e-02,-0.175,-0.06
-6.8610e-02,-0.29,-0.39
-6.8608e-02,-0.29,-0.045
-6.8606e-02,-0.24,-0.38
-6.8605e-02,-0.16,-0.05
-6.8603e-02,-0.225,-0.365
-6.8602e-02,-0.24,-0.06
-6.8600e-02,-0.24,-0.37
-6.8598e-02,-0.24,-0.06
-6.8597e-02,-0.16,-0.4
-6.8595e-02,-0.185,-0.04
-6.8594e-02,-0.26,-0.37
-6.8592e-02,-0.2,-0.06
-6.8590e-02,-0.235,-0.37
-6.8589e-02,-0.265,-0.06
-6.8587e-02,-0.205,-0.37
-6.8586e-02,-0.19,-0.05
-6.8584e-02,-0.145,-0.375
-6.8582e-02,-0.27,-0.055
-6.8581e-02,-0.105,-0.355
-6.8579e-02,-0.235,-0.065
-6.8578e-02,-0.18,-0.355
-6.8576e-02,-0.215,-0.06
-6.8574e-02,-0.25,-0.36
-6.8573e-02,-0.205,-0.06
-6.8571e-02,-0.105,-0.355
-6.8570e-02,-0.165,-0.07
-6.8568e-02,-0.27,-0.36
-6.8566e-02,-0.195,-0.065
-6.8565e-02,-0.28,-0.355
-6.8563e-02,-0.17,-0.07
-6.8562e-02,-0.22,-0.345
-6.8560e-02,-0.2,-0.075
-6.8558e-02,-0.22,-0.39
-6.8557e-02,-0.175,-0.045
-6.8555e-02,-0.16,-0.38
-6.8554e-02,-0.26,-0.05
-6.8552e-02,-0.165,-0.375
-6.8550e-02,-0.27,-0.055
-6.8549e-02,-0.23,-0.355
-6.8547e-02,-0.235,-0.06
-6.8546e-02,-0.18,-0.375
-6.8544e-02,-0.26,-0.045
-6.8542e-02,-0.285,-0.365
-6.8541e-02,-0.22,-0.06
-6.8539e-02,-0.225,-0.38
-6.8538e-02,-0.155,-0.045
-6.8536e-02,-0.22,-0.365
-6.8534e-02,-0.255,-0.065
-6.8533e-02,-0.24,-0.35
-6.8531e-02,-0.185,-0.065
-6.8530e-02,-0.22,-0.37
-6.8528e-02,-0.26,-0.05
-6.8526e-02,-0.22,-0.37
-6.8525e-02,-0.235,-0.06
-6.8523e-02,-0.28,-0.37
-6.8522e-02,-0.255,-0.06
-6.8520e-02,-0.21,-0.34
-6.8518e-02,-0.27,-0.085
-6.8517e-02,-0.225,-0.36
-6.8515e-02,-0.215,-0.065
-6.8514e-02,-0.165,-0.365
-6.8512e-02,-0.185,-0.07
-6.8510e-02,-0.29,-0.37
-6.8509e-02,-0.26,-0.06
-6.8507e-02,-0.26,-0.35
-6.8506e-02,-0.205,-0.08
-6.8504e-02,-0.24,-0.375
-6.8502e-02,-0.205,-0.055
-6.8501e-02,-0.225,-0.355
-6.8499e-02,-0.17,-0.07
-6.8498e-02,-0.145,-0.37
-6.8496e-02,-0.165,-0.06
-6.8494e-02,-0.24,-0.385
-6.8493e-02,-0.275,-0.04
-6.8491e-02,-0.29,-0.37
-6.8490e-02,-0.25,-0.065
-6.8488e-02,-0.165,-0.365
-6.8486e-02,-0.22,-0.065
-6.8485e-02,-0.145,-0.39
-6.8483e-02,-0.3,-0.045
-6.8482e-02,-0.305,-0.36
-6.8480e-02,-0.27,-0.08
-6.8478e-02,-0.165,-0.375
-6.8477e-02,-0.255,-0.065
-6.8475e-02,-0.215,-0.38
-6.8474e-02,-0.27,-0.06
-6.8472e-02,-0.2,-0.375
-6.8470e-02,-0.275,-0.065
-6.8469e-02,-0.28,-0.37
-6.8467e-02,-0.28,-0.075
-6.8466e-02,-0.335,-0.4
-6.8464e-02,-0.265,-0.035
-6.8462e-02,-0.295,-0.405
-6.8461e-02,-0.175,-0.03
-6.8459e-02,-0.22,-0.405
-6.8458e-02,-0.22,-0.035
-6.8456e-02,-0.195,-0.385
-6.8454e-02,-0.125,-0.055
-6.8453e-02,-0.22,-0.38
-6.8451e-02,-0.19,-0.055
-6.8450e-02,-0.225,-0.355
-6.8448e-02,-0.19,-0.085
-6.8446e-02,-0.225,-0.395
-6.8445e-02,-0.155,-0.045
-6.8443e-02,-0.195,-0.36
-6.8442e-02,-0.175,-0.075
-6.8440e-02,-0.17,-0.36
-6.8438e-02,-0.105,-0.075
-6.8437e-02,-0.23,-0.385
-6.8435e-02,-0.07,-0.05
-6.8434e-02,-0.27,-0.375
-6.8432e-02,-0.2,-0.055
-6.8430e-02,-0.29,-0.375
-6.8429e-02,-0.23,-0.055
-6.8427e-02,-0.18,-0.37
-6.8426e-02,-0.24,-0.065
-6.8424e-02,-0.295,-0.38
-6.8422e-02,-0.3,-0.055
-6.8421e-02,-0.215,-0.35
-6.8419e-02,-0.17,-0.085
-6.8418e-02,-0.255,-0.36
-6.8416e-02,-0.28,-0.08
-6.8414e-02,-0.24,-0.365
-6.8413e-02,-0.255,-0.065
-6.8411e-02,-0.18,-0.37
-6.8410e-02,-0.28,-0.06
-6.8408e-02,-0.22,-0.395
-6.8406e-02,-0.26,-0.04
-6.8405e-02,-0.22,-0.395
-6.8403e-02,-0.225,-0.035
-6.8402e-02,-0.25,-0.36
-6.8400e-02,-0.275,-0.07
-6.8398e-02,-0.19,-0.36
-6.8397e-02,-0.18,-0.07
-6.8395e-02,-0.125,-0.365
-6.8394e-02,-0.165,-0.07
-6.8392e-02,-0.215,-0.375
-6.8390e-02,-0.27,-0.06
-6.8389e-02,-0.21,-0.355
-6.8387e-02,-0.145,-0.075
-6.8386e-02,-0.255,-0.385
-6.8384e-02,-0.19,-0.055
-6.8382e-02,-0.255,-0.375
-6.8381e-02,-0.15,-0.05
-6.8379e-02,-0.25,-0.39
-6.8378e-02,-0.2,-0.035
-6.8376e-02,-0.21,-0.375
-6.8374e-02,-0.165,-0.05
-6.8373e-02,-0.225,-0.4
-6.8371e-02,-0.07,-0.035
-6.8370e-02,-0.15,-0.365
-6.8368e-02,-0.105,-0.065
-6.8366e-02,-0.19,-0.36
-6.8365e-02,-0.23,-0.075
-6.8363e-02,-0.25,-0.365
-6.8362e-02,-0.165,-0.065
-6.8360e-02,-0.21,-0.37
-6.8358e-02,-0.22,-0.06
-6.8357e-02,-0.27,-0.405
-6.8355e-02,-0.185,-0.035
-6.8354e-02,-0.14,-0.41
-6.8352e-02,-0.21,-0.03
-6.8350e-02,-0.19,-0.425
-6.8349e-02,-0.255,-0.02
-6.8347e-02,-0.26,-0.38
-6.8346e-02,-0.24,-0.06
-6.8344e-02,-0.185,-0.37
-6.8342e-02,-0.21,-0.06
-6.8341e-02,-0.215,-0.37
-6.8339e-02,-0.25,-0.07
-6.8338e-02,-0.205,-0.375
-6.8336e-02,-0.16,-0.06
-6.8334e-02,-0.17,-0.36
-6.8333e-02,-0.225,-0.08
-6.8331e-02,-0.24,-0.37
-6.8330e-02,-0.22,-0.075
-6.8328e-02,-0.22,-0.405
-6.8326e-02,-0.185,-0.04
-6.8325e-02,-0.27,-0.375
-6.8323e-02,-0.225,-0.07
-6.8322e-02,-0.235,-0.39
-6.8320e-02,-0.265,-0.05
-6.8318e-02,-0.245,-0.375
-6.8317e-02,-0.23,-0.065
-6.8315e-02,-0.23,-0.355
-6.8314e-02,-0.315,-0.08
-6.8312e-02,-0.24,-0.36
-6.8310e-02,-0.285,-0.08
-6.8309e-02,-0.18,-0.37
-6.8307e-02,-0.19,-0.07
-6.8306e-02,-0.27,-0.355
-6.8304e-02,-0.195,-0.085
-6.8302e-02,-0.17,-0.375
-6.8301e-02,-0.155,-0.07
-6.8299e-02,-0.105,-0.38
-6.8298e-02,-0.2,-0.065
-6.8296e-02,-0.125,-0.375
-6.8294e-02,-0.21,-0.06
-6.8293e-02,-0.17,-0.4
-6.8291e-02,-0.26,-0.045
-6.8290e-02,-0.2,-0.375
-6.8288e-02,-0.34,-0.07
-6.8286e-02,-0.25,-0.375
-6.8285e-02,-0.21,-0.07
-6.8283e-02,-0.185,-0.395
-6.8282e-02,-0.135,-0.045
-6.8280e-02,-0.24,-0.385
-6.8278e-02,-0.215,-0.06
-6.8277e-02,-0.2,-0.38
-6.8275e-02,-0.22,-0.06
-6.8274e-02,-0.17,-0.365
-6.8272e-02,-0.125,-0.08
-6.8270e-02,-0.185,-0.39
-6.8269e-02,-0.165,-0.055
-6.8267e-02,-0.245,-0.39
-6.8266e-02,-0.275,-0.055
-6.8264e-02,-0.235,-0.39
-6.8262e-02,-0.21,-0.06
-6.8261e-02,-0.305,-0.365
-6.8259e-02,-0.21,-0.07
-6.8258e-02,-0.165,-0.365
-6.8256e-02,-0.15,-0.08
-6.8254e-02,-0.15,-0.365
-6.8253e-02,-0.2,-0.075
-6.8251e-02,-0.22,-0.37
-6.8250e-02,-0.165,-0.075
-6.8248e-02,-0.245,-0.41
-6.8246e-02,-0.22,-0.035
-6.8245e-02,-0.27,-0.385
-6.8243e-02,-0.25,-0.06
-6.8242e-02,-0.24,-0.365
-6.8240e-02,-0.195,-0.07
-6.8238e-02,-0.195,-0.375
-6.8237e-02,-0.18,-0.07
-6.8235e-02,-0.165,-0.375
-6.8234e-02,-0.215,-0.07
-6.8232e-02,-0.18,-0.37
-6.8230e-02,-0.135,-0.075
-6.8229e-02,-0.22,-0.38
-6.8227e-02,-0.295,-0.055
-6.8226e-02,-0.28,-0.365
-6.8224e-02,-0.34,-0.075
-6.8222e-02,-0.145,-0.38
-6.8221e-02,-0.295,-0.065
-6.8219e-02,-0.17,-0.36
-6.8218e-02,-0.25,-0.075
-6.8216e-02,-0.225,-0.365
-6.8214e-02,-0.32,-0.08
-6.8213e-02,-0.15,-0.36
-6.8211e-02,-0.165,-0.075
-6.8210e-02,-0.155,-0.37
-6.8208e-02,-0.2,-0.075
-6.8206e-02,-0.17,-0.375
-6.8205e-02,-0.25,-0.065
-6.8203e-02,-0.16,-0.395
-6.8202e-02,-0.255,-0.055
-6.8200e-02,-0.175,-0.385
-6.8198e-02,-0.2,-0.05
-6.8197e-02,-0.185,-0.38
-6.8195e-02,-0.19,-0.05
-6.8194e-02,-0.18,-0.4
-6.8192e-02,-0.285,-0.04
-6.8190e-02,-0.21,-0.39
-6.8189e-02,-0.235,-0.055
-6.8187e-02,-0.225,-0.37
-6.8186e-02,-0.16,-0.07
-6.8184e-02,-0.175,-0.38
-6.8182e-02,-0.255,-0.055
-6.8181e-02,-0.165,-0.37
-6.8179e-02,-0.14,-0.07
-6.8178e-02,-0.17,-0.375
-6.8176e-02,-0.215,-0.06
-6.8174e-02,-0.26,-0.39
-6.8173e-02,-0.285,-0.055
-6.8171e-02,-0.18,-0.39
-6.8170e-02,-0.23,-0.06
-6.8168e-02,-0.235,-0.36
-6.8166e-02,-0.21,-0.075
-6.8165e-02,-0.295,-0.395
-6.8163e-02,-0.27,-0.05
-6.8162e-02,-0.225,-0.355
-6.8160e-02,-0.165,-0.085
-6.8158e-02,-0.26,-0.37
-6.8157e-02,-0.2,-0.07
-6.8155e-02,-0.335,-0.39
-6.8154e-02,-0.22,-0.055
-6.8152e-02,-0.15,-0.37
-6.8150e-02,-0.24,-0.075
-6.8149e-02,-0.245,-0.385
-6.8147e-02,-0.28,-0.065
-6.8146e-02,-0.205,-0.36
-6.8144e-02,-0.205,-0.09
-6.8142e-02,-0.225,-0.37
-6.8141e-02,-0.27,-0.075
-6.8139e-02,-0.215,-0.375
-6.8138e-02,-0.275,-0.07
-6.8136e-02,-0.215,-0.385
-6.8134e-02,-0.295,-0.06
-6.8133e-02,-0.235,-0.385
-6.8131e-02,-0.23,-0.065
-6.8130e-02,-0.26,-0.395
-6.8128e-02,-0.22,-0.05
-6.8126e-02,-0.22,-0.415
-6.8125e-02,-0.295,-0.04
-6.8123e-02,-0.255,-0.37
-6.8122e-02,-0.245,-0.075
-6.8120e-02,-0.17,-0.395
-6.8118e-02,-0.165,-0.06
-6.8117e-02,-0.29,-0.375
-6.8115e-02,-0.28,-0.07
-6.8114e-02,-0.31,-0.36
-6.8112e-02,-0.225,-0.08
-6.8110e-02,-0.23,-0.39
-6.8109e-02,-0.22,-0.055
-6.8107e-02,-0.325,-0.37
-6.8106e-02,-0.25,-0.08
-6.8104e-02,-0.29,-0.37
-6.8102e-02,-0.255,-0.08
-6.8101e-02,-0.18,-0.365
-6.8099e-02,-0.22,-0.08
-6.8098e-02,-0.18,-0.39
-6.8096e-02,-0.24,-0.06
-6.8094e-02,-0.19,-0.375
-6.8093e-02,-0.245,-0.07
-6.8091e-02,-0.285,-0.38
-6.8090e-02,-0.27,-0.075
-6.8088e-02,-0.22,-0.39
-6.8086e-02,-0.21,-0.06
-6.8085e-02,-0.22,-0.4
-6.8083e-02,-0.295,-0.055
-6.8082e-02,-0.225,-0.38
-6.8080e-02,-0.19,-0.065
-6.8078e-02,-0.205,-0.38
-6.8077e-02,-0.275,-0.07
-6.8075e-02,-0.26,-0.37
-6.8074e-02,-0.25,-0.08
-6.8072e-02,-0.21,-0.375
-6.8070e-02,-0.23,-0.075
-6.8069e-02,-0.22,-0.375
-6.8067e-02,-0.295,-0.08
-6.8066e-02,-0.2,-0.37
-6.8064e-02,-0.27,-0.085
-6.8062e-02,-0.18,-0.375
-6.8061e-02,-0.19,-0.075
-6.8059e-02,-0.21,-0.375
-6.8058e-02,-0.32,-0.08
-6.8056e-02,-0.195,-0.375
-6.8054e-02,-0.28,-0.08
-6.8053e-02,-0.085,-0.38
-6.8051e-02,-0.255,-0.07
-6.8050e-02,-0.18,-0.375
-6.8048e-02,-0.24,-0.085
-6.8046e-02,-0.21,-0.375
-6.8045e-02,-0.265,-0.07
-6.8043e-02,-0.28,-0.375
-6.8042e-02,-0.37,-0.075
-6.8040e-02,-0.21,-0.39
-6.8038e-02,-0.275,-0.06
-6.8037e-02,-0.21,-0.39
-6.8035e-02,-0.205,-0.07
-6.8034e-02,-0.21,-0.405
-6.8032e-02,-0.19,-0.05
-6.8030e-02,-0.155,-0.39
-6.8029e-02,-0.18,-0.06
-6.8027e-02,-0.17,-0.39
-6.8026e-02,-0.25,-0.07
-6.8024e-02,-0.2,-0.385
-6.8022e-02,-0.17,-0.075
-6.8021e-02,-0.225,-0.36
-6.8019e-02,-0.215,-0.09
-6.8018e-02,-0.295,-0.38
-6.8016e-02,-0.23,-0.065
-6.8014e-02,-0.175,-0.385
-6.8013e-02,-0.105,-0.07
-6.8011e-02,-0.245,-0.365
-6.8010e-02,-0.195,-0.085
-6.8008e-02,-0.23,-0.375
-6.8006e-02,-0.24,-0.085
-6.8005e-02,-0.265,-0.355
-6.8003e-02,-0.255,-0.105
-6.8002e-02,-0.255,-0.39
-6.8000e-02,-0.22,-0.06
-6.7998e-02,-0.255,-0.355
-6.7997e-02,-0.155,-0.095
-6.7995e-02,-0.235,-0.385
-6.7994e-02,-0.245,-0.07
-6.7992e-02,-0.21,-0.37
-6.7990e-02,-0.22,-0.075
-6.7989e-02,-0.185,-0.375
-6.7987e-02,-0.15,-0.07
-6.7986e-02,-0.36,-0.375
-6.7984e-02,-0.27,-0.08
-6.7982e-02,-0.27,-0.37
-6.7981e-02,-0.19,-0.085
-6.7979e-02,-0.26,-0.41
-6.7978e-02,-0.185,-0.04
-6.7976e-02,-0.22,-0.4
-6.7974e-02,-0.135,-0.05
-6.7973e-02,-0.225,-0.385
-6.7971e-02,-0.175,-0.07
-6.7970e-02,-0.225,-0.38
-6.7968e-02,-0.13,-0.07
-6.7966e-02,-0.18,-0.38
-6.7965e-02,-0.31,-0.07
-6.7963e-02,-0.225,-0.395
-6.7962e-02,-0.31,-0.06
-6.7960e-02,-0.26,-0.405
-6.7958e-02,-0.28,-0.045
-6.7957e-02,-0.24,-0.42
-6.7955e-02,-0.31,-0.04
-6.7954e-02,-0.21,-0.395
-6.7952e-02,-0.34,-0.065
-6.7950e-02,-0.145,-0.395
-6.7949e-02,-0.3,-0.06
-6.7947e-02,-0.21,-0.38
-6.7946e-02,-0.295,-0.065
-6.7944e-02,-0.235,-0.37
-6.7942e-02,-0.23,-0.08
-6.7941e-02,-0.225,-0.39
-6.7939e-02,-0.36,-0.065
-6.7938e-02,-0.235,-0.39
-6.7936e-02,-0.31,-0.06
-6.7934e-02,-0.205,-0.39
-6.7933e-02,-0.34,-0.075
-6.7931e-02,-0.285,-0.385
-6.7930e-02,-0.28,-0.07
-6.7928e-02,-0.14,-0.39
-6.7926e-02,-0.23,-0.07
-6.7925e-02,-0.14,-0.37
-6.7923e-02,-0.255,-0.09
-6.7922e-02,-0.1,-0.38
-6.7920e-02,-0.235,-0.08
-6.7918e-02,-0.2,-0.38
-6.7917e-02,-0.29,-0.08
-6.7915e-02,-0.315,-0.405
-6.7914e-02,-0.26,-0.055
-6.7912e-02,-0.315,-0.37
-6.7910e-02,-0.185,-0.085
-6.7909e-02,-0.205,-0.435
-6.7907e-02,-0.19,-0.04
-6.7906e-02,-0.23,-0.375
-6.7904e-02,-0.22,-0.08
-6.7902e-02,-0.29,-0.4
-6.7901e-02,-0.175,-0.065
-6.7899e-02,-0.245,-0.38
-6.7898e-02,-0.165,-0.09
-6.7896e-02,-0.145,-0.39
-6.7894e-02,-0.245,-0.08
-6.7893e-02,-0.325,-0.4
-6.7891e-02,-0.24,-0.055
-6.7890e-02,-0.335,-0.39
-6.7888e-02,-0.15,-0.07
-6.7886e-02,-0.29,-0.4
-6.7885e-02,-0.19,-0.06
-6.7883e-02,-0.19,-0.365
-6.7882e-02,-0.11,-0.09
-6.7880e-02,-0.17,-0.375
-6.7878e-02,-0.265,-0.08
-6.7877e-02,-0.24,-0.36
-6.7875e-02,-0.275,-0.1
-6.7874e-02,-0.24,-0.405
-6.7872e-02,-0.21,-0.06
-6.7870e-02,-0.26,-0.375
-6.7869e-02,-0.175,-0.09
-6.7867e-02,-0.19,-0.375
-6.7866e-02,-0.115,-0.08
-6.7864e-02,-0.125,-0.375
-6.7862e-02,-0.15,-0.08
-6.7861e-02,-0.245,-0.37
-6.7859e-02,-0.245,-0.085
-6.7858e-02,-0.265,-0.41
-6.7856e-02,-0.225,-0.05
-6.7854e-02,-0.325,-0.42
-6.7853e-02,-0.255,-0.035
-6.7851e-02,-0.325,-0.415
-6.7850e-02,-0.16,-0.05
-6.7848e-02,-0.27,-0.405
-6.7846e-02,-0.22,-0.06
-6.7845e-02,-0.305,-0.395
-6.7843e-02,-0.215,-0.06
-6.7842e-02,-0.205,-0.395
-6.7840e-02,-0.205,-0.065
-6.7838e-02,-0.245,-0.37
-6.7837e-02,-0.245,-0.085
-6.7835e-02,-0.27,-0.38
-6.7834e-02,-0.245,-0.075
-6.7832e-02,-0.32,-0.39
-6.7830e-02,-0.27,-0.07
-6.7829e-02,-0.24,-0.42
-6.7827e-02,-0.215,-0.035
-6.7826e-02,-0.105,-0.405
-6.7824e-02,-0.145,-0.05
-6.7822e-02,-0.175,-0.385
-6.7821e-02,-0.295,-0.07
-6.7819e-02,-0.21,-0.38
-6.7818e-02,-0.27,-0.075
-6.7816e-02,-0.185,-0.375
-6.7814e-02,-0.305,-0.08
-6.7813e-02,-0.245,-0.4
-6.7811e-02,-0.255,-0.06
-6.7810e-02,-0.16,-0.375
-6.7808e-02,-0.165,-0.08
-6.7806e-02,-0.185,-0.395
-6.7805e-02,-0.2,-0.06
-6.7803e-02,-0.16,-0.395
-6.7802e-02,-0.25,-0.07
-6.7800e-02,-0.22,-0.375
-6.7798e-02,-0.325,-0.08
-6.7797e-02,-0.265,-0.375
-6.7795e-02,-0.265,-0.075
-6.7794e-02,-0.215,-0.385
-6.7792e-02,-0.245,-0.07
-6.7790e-02,-0.19,-0.385
-6.7789e-02,-0.23,-0.065
-6.7787e-02,-0.25,-0.4
-6.7786e-02,-0.195,-0.065
-6.7784e-02,-0.195,-0.42
-6.7782e-02,-0.17,-0.045
-6.7781e-02,-0.255,-0.4
-6.7779e-02,-0.13,-0.06
-6.7778e-02,-0.185,-0.405
-6.7776e-02,-0.125,-0.05
-6.7774e-02,-0.235,-0.365
-6.7773e-02,-0.25,-0.095
-6.7771e-02,-0.21,-0.395
-6.7770e-02,-0.185,-0.07
-6.7768e-02,-0.205,-0.41
-6.7766e-02,-0.255,-0.055
-6.7765e-02,-0.18,-0.42
-6.7763e-02,-0.18,-0.05
-6.7762e-02,-0.18,-0.395
-6.7760e-02,-0.17,-0.065
-6.7758e-02,-0.28,-0.395
-6.7757e-02,-0.16,-0.07
-6.7755e-02,-0.295,-0.39
-6.7754e-02,-0.2,-0.08
-6.7752e-02,-0.28,-0.385
-6.7750e-02,-0.235,-0.075
-6.7749e-02,-0.21,-0.4
-6.7747e-02,-0.265,-0.065
-6.7746e-02,-0.175,-0.39
-6.7744e-02,-0.24,-0.085
-6.7742e-02,-0.325,-0.385
-6.7741e-02,-0.28,-0.08
-6.7739e-02,-0.295,-0.41
-6.7738e-02,-0.155,-0.055
-6.7736e-02,-0.21,-0.42
-6.7734e-02,-0.25,-0.05
-6.7733e-02,-0.275,-0.4
-6.7731e-02,-0.285,-0.065
-6.7730e-02,-0.195,-0.38
-6.7728e-02,-0.21,-0.085
-6.7726e-02,-0.28,-0.4
-6.7725e-02,-0.21,-0.065
-6.7723e-02,-0.275,-0.4
-6.7722e-02,-0.15,-0.07
-6.7720e-02,-0.28,-0.375
-6.7718e-02,-0.185,-0.085
-6.7717e-02,-0.265,-0.43
-6.7715e-02,-0.245,-0.035
-6.7714e-02,-0.22,-0.41
-6.7712e-02,-0.245,-0.055
-6.7710e-02,-0.265,-0.4
-6.7709e-02,-0.245,-0.065
-6.7707e-02,-0.325,-0.415
-6.7706e-02,-0.23,-0.045
-6.7704e-02,-0.27,-0.405
-6.7702e-02,-0.22,-0.055
-6.7701e-02,-0.265,-0.39
-6.7699e-02,-0.17,-0.075
-6.7698e-02,-0.21,-0.395
-6.7696e-02,-0.205,-0.07
-6.7694e-02,-0.265,-0.415
-6.7693e-02,-0.205,-0.045
-6.7691e-02,-0.165,-0.385
-6.7690e-02,-0.19,-0.085
-6.7688e-02,-0.195,-0.39
-6.7686e-02,-0.27,-0.075
-6.7685e-02,-0.175,-0.425
-6.7683e-02,-0.16,-0.04
-6.7682e-02,-0.185,-0.38
-6.7680e-02,-0.19,-0.08
-6.7678e-02,-0.195,-0.415
-6.7677e-02,-0.17,-0.045
-6.7675e-02,-0.14,-0.38
-6.7674e-02,-0.225,-0.08
-6.7672e-02,-0.185,-0.43
-6.7670e-02,-0.275,-0.03
-6.7669e-02,-0.255,-0.435
-6.7667e-02,-0.205,-0.035
-6.7666e-02,-0.3,-0.4
-6.7664e-02,-0.22,-0.07
-6.7662e-02,-0.26,-0.395
-6.7661e-02,-0.195,-0.065
-6.7659e-02,-0.175,-0.38
-6.7658e-02,-0.165,-0.085
-6.7656e-02,-0.23,-0.39
-6.7654e-02,-0.235,-0.085
-6.7653e-02,-0.245,-0.4
-6.7651e-02,-0.21,-0.065
-6.7650e-02,-0.275,-0.42
-6.7648e-02,-0.3,-0.055
-6.7646e-02,-0.19,-0.39
-6.7645e-02,-0.2,-0.075
-6.7643e-02,-0.155,-0.375
-6.7642e-02,-0.255,-0.09
-6.7640e-02,-0.31,-0.39
-6.7638e-02,-0.315,-0.08
-6.7637e-02,-0.175,-0.395
-6.7635e-02,-0.245,-0.075
-6.7634e-02,-0.12,-0.395
-6.7632e-02,-0.26,-0.065
-6.7630e-02,-0.24,-0.395
-6.7629e-02,-0.305,-0.07
-6.7627e-02,-0.285,-0.405
-6.7626e-02,-0.2,-0.06
-6.7624e-02,-0.24,-0.41
-6.7622e-02,-0.28,-0.065
-6.7621e-02,-0.245,-0.37
-6.7619e-02,-0.17,-0.1
-6.7618e-02,-0.265,-0.385
-6.7616e-02,-0.215,-0.085
-6.7614e-02,-0.335,-0.39
-6.7613e-02,-0.21,-0.085
-6.7611e-02,-0.235,-0.43
-6.7610e-02,-0.225,-0.04
-6.7608e-02,-0.26,-0.38
-6.7606e-02,-0.235,-0.085
-6.7605e-02,-0.185,-0.4
-6.7603e-02,-0.185,-0.065
-6.7602e-02,-0.26,-0.425
-6.7600e-02,-0.26,-0.05
-6.7598e-02,-0.25,-0.44
-6.7597e-02,-0.3,-0.035
-6.7595e-02,-0.235,-0.39
-6.7594e-02,-0.325,-0.09
-6.7592e-02,-0.255,-0.4
-6.7590e-02,-0.29,-0.07
-6.7589e-02,-0.21,-0.41
-6.7587e-02,-0.295,-0.06
-6.7586e-02,-0.185,-0.44
-6.7584e-02,-0.35,-0.035
-6.7582e-02,-0.23,-0.375
-6.7581e-02,-0.275,-0.095
-6.7579e-02,-0.265,-0.405
-6.7578e-02,-0.22,-0.065
-6.7576e-02,-0.29,-0.41
-6.7574e-02,-0.255,-0.07
-6.7573e-02,-0.205,-0.395
-6.7571e-02,-0.105,-0.08
-6.7570e-02,-0.225,-0.415
-6.7568e-02,-0.205,-0.06
-6.7566e-02,-0.275,-0.39
-6.7565e-02,-0.225,-0.075
-6.7563e-02,-0.21,-0.42
-6.7562e-02,-0.325,-0.055
-6.7560e-02,-0.2,-0.38
-6.7558e-02,-0.245,-0.095
-6.7557e-02,-0.12,-0.395
-6.7555e-02,-0.2,-0.07
-6.7554e-02,-0.215,-0.4
-6.7552e-02,-0.19,-0.075
-6.7550e-02,-0.23,-0.395
-6.7549e-02,-0.13,-0.07
-6.7547e-02,-0.215,-0.41
-6.7546e-02,-0.225,-0.055
-6.7544e-02,-0.26,-0.4
-6.7542e-02,-0.29,-0.065
-6.7541e-02,-0.23,-0.435
-6.7539e-02,-0.235,-0.04
-6.7538e-02,-0.28,-0.365
-6.7536e-02,-0.27,-0.105
-6.7534e-02,-0.3,-0.395
-6.7533e-02,-0.165,-0.07
-6.7531e-02,-0.22,-0.39
-6.7530e-02,-0.215,-0.085
-6.7528e-02,-0.29,-0.39
-6.7526e-02,-0.21,-0.08
-6.7525e-02,-0.26,-0.385
-6.7523e-02,-0.205,-0.09
-6.7522e-02,-0.255,-0.385
-6.7520e-02,-0.295,-0.085
-6.7518e-02,-0.15,-0.38
-6.7517e-02,-0.325,-0.095
-6.7515e-02,-0.21,-0.415
-6.7514e-02,-0.345,-0.055
-6.7512e-02,-0.22,-0.39
-6.7510e-02,-0.24,-0.085
-6.7509e-02,-0.21,-0.375
-6.7507e-02,-0.28,-0.095
-6.7506e-02,-0.27,-0.39
-6.7504e-02,-0.285,-0.08
-6.7502e-02,-0.22,-0.39
-6.7501e-02,-0.27,-0.08
-6.7499e-02,-0.155,-0.385
-6.7498e-02,-0.29,-0.085
-6.7496e-02,-0.285,-0.4
-6.7494e-02,-0.255,-0.075
-6.7493e-02,-0.3,-0.4
-6.7491e-02,-0.245,-0.075
-6.7490e-02,-0.33,-0.45
-6.7488e-02,-0.18,-0.025
-6.7486e-02,-0.175,-0.41
-6.7485e-02,-0.18,-0.07
-6.7483e-02,-0.165,-0.39
-6.7482e-02,-0.255,-0.085
-6.7480e-02,-0.11,-0.405
-6.7478e-02,-0.17,-0.07
-6.7477e-02,-0.085,-0.395
-6.7475e-02,-0.27,-0.075
-6.7474e-02,-0.235,-0.405
-6.7472e-02,-0.3,-0.065
-6.7470e-02,-0.25,-0.41
-6.7469e-02,-0.285,-0.065
-6.7467e-02,-0.275,-0.37
-6.7466e-02,-0.25,-0.105
-6.7464e-02,-0.26,-0.395
-6.7462e-02,-0.27,-0.085
-6.7461e-02,-0.28,-0.4
-6.7459e-02,-0.255,-0.08
-6.7458e-02,-0.21,-0.405
-6.7456e-02,-0.255,-0.075
-6.7454e-02,-0.175,-0.39
-6.7453e-02,-0.26,-0.09
-6.7451e-02,-0.285,-0.415
-6.7450e-02,-0.23,-0.055
-6.7448e-02,-0.235,-0.4
-6.7446e-02,-0.155,-0.085
-6.7445e-02,-0.275,-0.445
-6.7443e-02,-0.215,-0.035
-6.7442e-02,-0.315,-0.405
-6.7440e-02,-0.14,-0.07
-6.7438e-02,-0.225,-0.39
-6.7437e-02,-0.195,-0.085
-6.7435e-02,-0.29,-0.425
-6.7434e-02,-0.215,-0.055
-6.7432e-02,-0.235,-0.4
-6.7430e-02,-0.195,-0.08
-6.7429e-02,-0.355,-0.405
-6.7427e-02,-0.235,-0.065
-6.7426e-02,-0.345,-0.38
-6.7424e-02,-0.2,-0.095
-6.7422e-02,-0.32,-0.405
-6.7421e-02,-0.22,-0.07
-6.7419e-02,-0.29,-0.42
-6.7418e-02,-0.215,-0.06
-6.7416e-02,-0.2,-0.435
-6.7414e-02,-0.075,-0.045
-6.7413e-02,-0.185,-0.41
-6.7411e-02,-0.17,-0.07
-6.7410e-02,-0.29,-0.405
-6.7408e-02,-0.22,-0.075
-6.7406e-02,-0.295,-0.42
-6.7405e-02,-0.25,-0.055
-6.7403e-02,-0.365,-0.4
-6.7402e-02,-0.29,-0.075
-6.7400e-02,-0.21,-0.435
-6.7398e-02,-0.205,-0.045
-6.7397e-02,-0.225,-0.415
-6.7395e-02,-0.275,-0.065
-6.7394e-02,-0.23,-0.385
-6.7392e-02,-0.19,-0.085
-6.7390e-02,-0.25,-0.4
-6.7389e-02,-0.21,-0.08
-6.7387e-02,-0.32,-0.385
-6.7386e-02,-0.25,-0.09
-6.7384e-02,-0.295,-0.415
-6.7382e-02,-0.22,-0.065
-6.7381e-02,-0.23,-0.38
-6.7379e-02,-0.295,-0.095
-6.7378e-02,-0.27,-0.395
-6.7376e-02,-0.255,-0.09
-6.7374e-02,-0.185,-0.385
-6.7373e-02,-0.135,-0.095
-6.7371e-02,-0.25,-0.395
-6.7370e-02,-0.285,-0.075
-6.7368e-02,-0.31,-0.385
-6.7366e-02,-0.265,-0.09
-6.7365e-02,-0.2,-0.395
-6.7363e-02,-0.315,-0.085
-6.7362e-02,-0.3,-0.39
-6.7360e-02,-0.3,-0.095
-6.7358e-02,-0.195,-0.39
-6.7357e-02,-0.2,-0.085
-6.7355e-02,-0.25,-0.41
-6.7354e-02,-0.25,-0.07
-6.7352e-02,-0.26,-0.445
-6.7350e-02,-0.31,-0.035
-6.7349e-02,-0.25,-0.435
-6.7347e-02,-0.3,-0.055
-6.7346e-02,-0.23,-0.435
-6.7344e-02,-0.295,-0.045
-6.7342e-02,-0.195,-0.39
-6.7341e-02,-0.205,-0.095
-6.7339e-02,-0.265,-0.405
-6.7338e-02,-0.35,-0.08
-6.7336e-02,-0.26,-0.39
-6.7334e-02,-0.305,-0.095
-6.7333e-02,-0.2,-0.42
-6.7331e-02,-0.27,-0.06
-6.7330e-02,-0.34,-0.38
-6.7328e-02,-0.22,-0.105
-6.7326e-02,-0.285,-0.41
-6.7325e-02,-0.205,-0.08
-6.7323e-02,-0.22,-0.4
-6.7322e-02,-0.19,-0.085
-6.7320e-02,-0.265,-0.395
-6.7318e-02,-0.185,-0.09
-6.7317e-02,-0.245,-0.4
-6.7315e-02,-0.195,-0.075
-6.7314e-02,-0.28,-0.41
-6.7312e-02,-0.255,-0.075
-6.7310e-02,-0.325,-0.39
-6.7309e-02,-0.24,-0.105
-6.7307e-02,-0.24,-0.375
-6.7306e-02,-0.135,-0.105
-6.7304e-02,-0.295,-0.375
-6.7302e-02,-0.275,-0.105
-6.7301e-02,-0.26,-0.375
-6.7299e-02,-0.27,-0.11
-6.7298e-02,-0.24,-0.385
-6.7296e-02,-0.285,-0.095
-6.7294e-02,-0.23,-0.405
-6.7293e-02,-0.215,-0.085
-6.7291e-02,-0.245,-0.41
-6.7290e-02,-0.19,-0.075
-6.7288e-02,-0.23,-0.4
-6.7286e-02,-0.225,-0.085
-6.7285e-02,-0.25,-0.39
-6.7283e-02,-0.225,-0.09
-6.7282e-02,-0.25,-0.37
-6.7280e-02,-0.205,-0.115
-6.7278e-02,-0.29,-0.4
-6.7277e-02,-0.2,-0.085
-6.7275e-02,-0.26,-0.39
-6.7274e-02,-0.215,-0.095
-6.7272e-02,-0.275,-0.43
-6.7270e-02,-0.19,-0.055
-6.7269e-02,-0.22,-0.405
-6.7267e-02,-0.115,-0.075
-6.7266e-02,-0.15,-0.44
-6.7264e-02,-0.28,-0.05
-6.7262e-02,-0.215,-0.395
-6.7261e-02,-0.2,-0.08
-6.7259e-02,-0.205,-0.425
-6.7258e-02,-0.195,-0.06
-6.7256e-02,-0.355,-0.395
-6.7254e-02,-0.2,-0.09
-6.7253e-02,-0.26,-0.405
-6.7251e-02,-0.175,-0.085
-6.7250e-02,-0.205,-0.385
-6.7248e-02,-0.195,-0.1
-6.7246e-02,-0.23,-0.415
-6.7245e-02,-0.175,-0.07
-6.7243e-02,-0.22,-0.435
-6.7242e-02,-0.27,-0.045
-6.7240e-02,-0.195,-0.4
-6.7238e-02,-0.32,-0.09
-6.7237e-02,-0.255,-0.415
-6.7235e-02,-0.3,-0.055
-6.7234e-02,-0.3,-0.41
-6.7232e-02,-0.275,-0.075
-6.7230e-02,-0.25,-0.39
-6.7229e-02,-0.17,-0.09
-6.7227e-02,-0.24,-0.42
-6.7226e-02,-0.215,-0.065
-6.7224e-02,-0.33,-0.38
-6.7222e-02,-0.15,-0.095
-6.7221e-02,-0.2,-0.375
-6.7219e-02,-0.18,-0.1
-6.7218e-02,-0.35,-0.405
-6.7216e-02,-0.23,-0.07
-6.7214e-02,-0.33,-0.405
-6.7213e-02,-0.18,-0.07
-6.7211e-02,-0.255,-0.385
-6.7210e-02,-0.255,-0.095
-6.7208e-02,-0.34,-0.405
-6.7206e-02,-0.225,-0.07
-6.7205e-02,-0.255,-0.39
-6.7203e-02,-0.16,-0.09
-6.7202e-02,-0.23,-0.39
-6.7200e-02,-0.265,-0.085
-6.7198e-02,-0.235,-0.4
-6.7197e-02,-0.22,-0.08
-6.7195e-02,-0.255,-0.42
-6.7194e-02,-0.225,-0.06
-6.7192e-02,-0.3,-0.395
-6.7190e-02,-0.29,-0.085
-6.7189e-02,-0.2,-0.41
-6.7187e-02,-0.26,-0.065
-6.7186e-02,-0.21,-0.39
-6.7184e-02,-0.24,-0.09
-6.7182e-02,-0.205,-0.42
-6.7181e-02,-0.165,-0.06
-6.7179e-02,-0.31,-0.39
-6.7178e-02,-0.23,-0.095
-6.7176e-02,-0.195,-0.39
-6.7174e-02,-0.115,-0.09
-6.7173e-02,-0.19,-0.4
-6.7171e-02,-0.2,-0.08
-6.7170e-02,-0.32,-0.415
-6.7168e-02,-0.21,-0.06
-6.7166e-02,-0.285,-0.4
-6.7165e-02,-0.165,-0.075
-6.7163e-02,-0.25,-0.43
-6.7162e-02,-0.14,-0.06
-6.7160e-02,-0.27,-0.43
-6.7158e-02,-0.155,-0.065
-6.7157e-02,-0.275,-0.41
-6.7155e-02,-0.2,-0.085
-6.7154e-02,-0.285,-0.42
-6.7152e-02,-0.32,-0.065
-6.7150e-02,-0.275,-0.395
-6.7149e-02,-0.315,-0.095
-6.7147e-02,-0.21,-0.41
-6.7146e-02,-0.285,-0.085
-6.7144e-02,-0.24,-0.425
-6.7142e-02,-0.215,-0.07
-6.7141e-02,-0.16,-0.42
-6.7139e-02,-0.205,-0.07
-6.7138e-02,-0.245,-0.41
-6.7136e-02,-0.29,-0.09
-6.7134e-02,-0.245,-0.44
-6.7133e-02,-0.31,-0.06
-6.7131e-02,-0.28,-0.415
-6.7130e-02,-0.26,-0.075
-6.7128e-02,-0.305,-0.385
-6.7126e-02,-0.19,-0.11
-6.7125e-02,-0.3,-0.395
-6.7123e-02,-0.2,-0.1
-6.7122e-02,-0.305,-0.4
-6.7120e-02,-0.24,-0.1
-6.7118e-02,-0.295,-0.425
-6.7117e-02,-0.205,-0.07
-6.7115e-02,-0.28,-0.4
-6.7114e-02,-0.28,-0.095
-6.7112e-02,-0.32,-0.405
-6.7110e-02,-0.315,-0.095
-6.7109e-02,-0.235,-0.425
-6.7107e-02,-0.21,-0.07
-6.7106e-02,-0.13,-0.43
-6.7104e-02,-0.27,-0.06
-6.7102e-02,-0.215,-0.4
-6.7101e-02,-0.265,-0.09
-6.7099e-02,-0.25,-0.42
-6.7098e-02,-0.215,-0.07
-6.7096e-02,-0.23,-0.415
-6.7094e-02,-0.305,-0.075
-6.7093e-02,-0.285,-0.405
-6.7091e-02,-0.33,-0.09
-6.7090e-02,-0.21,-0.42
-6.7088e-02,-0.235,-0.075
-6.7086e-02,-0.26,-0.39
-6.7085e-02,-0.205,-0.1
-6.7083e-02,-0.205,-0.405
-6.7082e-02,-0.19,-0.08
-6.7080e-02,-0.295,-0.39
-6.7078e-02,-0.23,-0.1
-6.7077e-02,-0.26,-0.435
-6.7075e-02,-0.15,-0.055
-6.7074e-02,-0.275,-0.41
-6.7072e-02,-0.31,-0.075
-6.7070e-02,-0.32,-0.405
-6.7069e-02,-0.28,-0.08
-6.7067e-02,-0.22,-0.385
-6.7066e-02,-0.19,-0.105
-6.7064e-02,-0.275,-0.4
-6.7062e-02,-0.18,-0.09
-6.7061e-02,-0.24,-0.4
-6.7059e-02,-0.235,-0.095
-6.7058e-02,-0.205,-0.425
-6.7056e-02,-0.29,-0.06
-6.7054e-02,-0.2,-0.405
-6.7053e-02,-0.375,-0.08
-6.7051e-02,-0.19,-0.41
-6.7050e-02,-0.27,-0.075
-6.7048e-02,-0.115,-0.41
-6.7046e-02,-0.325,-0.07
-6.7045e-02,-0.255,-0.415
-6.7043e-02,-0.25,-0.07
-6.7042e-02,-0.22,-0.45
-6.7040e-02,-0.165,-0.045
-6.7038e-02,-0.26,-0.39
-6.7037e-02,-0.18,-0.105
-6.7035e-02,-0.28,-0.435
-6.7034e-02,-0.165,-0.05
-6.7032e-02,-0.305,-0.41
-6.7030e-02,-0.28,-0.08
-6.7029e-02,-0.305,-0.39
-6.7027e-02,-0.305,-0.105
-6.7026e-02,-0.325,-0.395
-6.7024e-02,-0.245,-0.095
-6.7022e-02,-0.31,-0.4
-6.7021e-02,-0.26,-0.095
-6.7019e-02,-0.3,-0.41
-6.7018e-02,-0.17,-0.075
-6.7016e-02,-0.17,-0.41
-6.7014e-02,-0.22,-0.085
-6.7013e-02,-0.285,-0.39
-6.7011e-02,-0.285,-0.1
-6.7010e-02,-0.215,-0.38
-6.7008e-02,-0.245,-0.115
-6.7006e-02,-0.215,-0.435
-6.7005e-02,-0.265,-0.06
-6.7003e-02,-0.2,-0.42
-6.7002e-02,-0.28,-0.08
-6.7000e-02,-0.22,-0.405
-6.6998e-02,-0.33,-0.095
-6.6997e-02,-0.23,-0.4
-6.6995e-02,-0.315,-0.1
-6.6994e-02,-0.19,-0.41
-6.6992e-02,-0.215,-0.09
-6.6990e-02,-0.155,-0.39
-6.6989e-02,-0.215,-0.11
-6.6987e-02,-0.245,-0.415
-6.6986e-02,-0.26,-0.075
-6.6984e-02,-0.2,-0.4
-6.6982e-02,-0.24,-0.095
-6.6981e-02,-0.24,-0.415
-6.6979e-02,-0.29,-0.085
-6.6978e-02,-0.22,-0.43
-6.6976e-02,-0.175,-0.065
-6.6974e-02,-0.235,-0.42
-6.6973e-02,-0.175,-0.075
-6.6971e-02,-0.3,-0.39
-6.6970e-02,-0.155,-0.1
-6.6968e-02,-0.27,-0.41
-6.6966e-02,-0.19,-0.085
-6.6965e-02,-0.295,-0.39
-6.6963e-02,-0.23,-0.105
-6.6962e-02,-0.275,-0.395
-6.6960e-02,-0.225,-0.1
-6.6958e-02,-0.24,-0.43
-6.6957e-02,-0.18,-0.06
-6.6955e-02,-0.2,-0.405
-6.6954e-02,-0.255,-0.09
-6.6952e-02,-0.29,-0.42
-6.6950e-02,-0.27,-0.075
-6.6949e-02,-0.185,-0.4
-6.6947e-02,-0.27,-0.095
-6.6946e-02,-0.235,-0.395
-6.6944e-02,-0.315,-0.1
-6.6942e-02,-0.28,-0.425
-6.6941e-02,-0.31,-0.075
-6.6939e-02,-0.245,-0.42
-6.6938e-02,-0.245,-0.075
-6.6936e-02,-0.22,-0.385
-6.6934e-02,-0.295,-0.115
-6.6933e-02,-0.255,-0.41
-6.6931e-02,-0.21,-0.085
-6.6930e-02,-0.2,-0.395
-6.6928e-02,-0.235,-0.095
-6.6926e-02,-0.235,-0.41
-6.6925e-02,-0.17,-0.08
-6.6923e-02,-0.2,-0.42
-6.6922e-02,-0.19,-0.085
-6.6920e-02,-0.33,-0.45
-6.6918e-02,-0.34,-0.045
-6.6917e-02,-0.295,-0.395
-6.6915e-02,-0.22,-0.105
-6.6914e-02,-0.255,-0.4
-6.6912e-02,-0.185,-0.1
-6.6910e-02,-0.34,-0.415
-6.6909e-02,-0.21,-0.075
-6.6907e-02,-0.37,-0.4
-6.6906e-02,-0.2,-0.1
-6.6904e-02,-0.215,-0.39
-6.6902e-02,-0.22,-0.105
-6.6901e-02,-0.195,-0.4
-6.6899e-02,-0.345,-0.105
-6.6898e-02,-0.195,-0.385
-6.6896e-02,-0.245,-0.11
-6.6894e-02,-0.245,-0.38
-6.6893e-02,-0.33,-0.115
-6.6891e-02,-0.265,-0.39
-6.6890e-02,-0.26,-0.11
-6.6888e-02,-0.175,-0.41
-6.6886e-02,-0.275,-0.09
-6.6885e-02,-0.26,-0.395
-6.6883e-02,-0.32,-0.105
-6.6882e-02,-0.29,-0.42
-6.6880e-02,-0.225,-0.085
-6.6878e-02,-0.3,-0.395
-6.6877e-02,-0.19,-0.105
-6.6875e-02,-0.255,-0.435
-6.6874e-02,-0.215,-0.07
-6.6872e-02,-0.21,-0.42
-6.6870e-02,-0.26,-0.08
-6.6869e-02,-0.285,-0.405
-6.6867e-02,-0.265,-0.095
-6.6866e-02,-0.25,-0.41
-6.6864e-02,-0.21,-0.085
-6.6862e-02,-0.195,-0.39
-6.6861e-02,-0.33,-0.11
-6.6859e-02,-0.245,-0.43
-6.6858e-02,-0.26,-0.065
-6.6856e-02,-0.16,-0.39
-6.6854e-02,-0.275,-0.11
-6.6853e-02,-0.245,-0.4
-6.6851e-02,-0.235,-0.095
-6.6850e-02,-0.2,-0.405
-6.6848e-02,-0.19,-0.09
-6.6846e-02,-0.195,-0.415
-6.6845e-02,-0.25,-0.09
-6.6843e-02,-0.19,-0.42
-6.6842e-02,-0.27,-0.08
-6.6840e-02,-0.22,-0.405
-6.6838e-02,-0.21,-0.1
-6.6837e-02,-0.235,-0.41
-6.6835e-02,-0.285,-0.085
-6.6834e-02,-0.255,-0.405
-6.6832e-02,-0.265,-0.095
-6.6830e-02,-0.175,-0.395
-6.6829e-02,-0.21,-0.1
-6.6827e-02,-0.25,-0.415
-6.6826e-02,-0.29,-0.085
-6.6824e-02,-0.275,-0.39
-6.6822e-02,-0.335,-0.11
-6.6821e-02,-0.265,-0.415
-6.6819e-02,-0.35,-0.08
-6.6818e-02,-0.26,-0.415
-6.6816e-02,-0.27,-0.08
-6.6814e-02,-0.255,-0.39
-6.6813e-02,-0.265,-0.105
-6.6811e-02,-0.315,-0.39
-6.6810e-02,-0.255,-0.11
-6.6808e-02,-0.235,-0.395
-6.6806e-02,-0.235,-0.105
-6.6805e-02,-0.175,-0.435
-6.6803e-02,-0.295,-0.07
-6.6802e-02,-0.19,-0.405
-6.6800e-02,-0.325,-0.095
-6.6798e-02,-0.16,-0.4
-6.6797e-02,-0.27,-0.1
-6.6795e-02,-0.2,-0.39
-6.6794e-02,-0.335,-0.115
-6.6792e-02,-0.32,-0.39
-6.6790e-02,-0.275,-0.1
-6.6789e-02,-0.16,-0.405
-6.6787e-02,-0.19,-0.09
-6.6786e-02,-0.17,-0.4
-6.6784e-02,-0.245,-0.095
-6.6782e-02,-0.275,-0.385
-6.6781e-02,-0.3,-0.115
-6.6779e-02,-0.265,-0.385
-6.6778e-02,-0.165,-0.11
-6.6776e-02,-0.28,-0.395
-6.6774e-02,-0.2,-0.11
-6.6773e-02,-0.31,-0.39
-6.6771e-02,-0.15,-0.11
-6.6770e-02,-0.295,-0.4
-6.6768e-02,-0.255,-0.09
-6.6766e-02,-0.29,-0.425
-6.6765e-02,-0.195,-0.075
-6.6763e-02,-0.15,-0.41
-6.6762e-02,-0.22,-0.09
-6.6760e-02,-0.175,-0.41
-6.6758e-02,-0.275,-0.085
-6.6757e-02,-0.22,-0.39
-6.6755e-02,-0.27,-0.105
-6.6754e-02,-0.255,-0.405
-6.6752e-02,-0.27,-0.09
-6.6750e-02,-0.295,-0.425
-6.6749e-02,-0.255,-0.075
-6.6747e-02,-0.27,-0.405
-6.6746e-02,-0.215,-0.1
-6.6744e-02,-0.225,-0.425
-6.6742e-02,-0.225,-0.075
-6.6741e-02,-0.22,-0.425
-6.6739e-02,-0.285,-0.07
-6.6738e-02,-0.13,-0.41
-6.6736e-02,-0.255,-0.085
-6.6734e-02,-0.165,-0.41
-6.6733e-02,-0.33,-0.095
-6.6731e-02,-0.255,-0.41
-6.6730e-02,-0.3,-0.095
-6.6728e-02,-0.325,-0.395
-6.6726e-02,-0.28,-0.105
-6.6725e-02,-0.28,-0.395
-6.6723e-02,-0.275,-0.11
-6.6722e-02,-0.24,-0.375
-6.6720e-02,-0.28,-0.125
-6.6718e-02,-0.17,-0.405
-6.6717e-02,-0.21,-0.105
-6.6715e-02,-0.24,-0.395
-6.6714e-02,-0.23,-0.12
-6.6712e-02,-0.225,-0.41
-6.6710e-02,-0.24,-0.09
-6.6709e-02,-0.265,-0.4
-6.6707e-02,-0.275,-0.1
-6.6706e-02,-0.22,-0.415
-6.6704e-02,-0.255,-0.09
-6.6702e-02,-0.22,-0.415
-6.6701e-02,-0.28,-0.09
-6.6699e-02,-0.22,-0.41
-6.6698e-02,-0.22,-0.1
-6.6696e-02,-0.19,-0.405
-6.6694e-02,-0.135,-0.105
-6.6693e-02,-0.19,-0.395
-6.6691e-02,-0.165,-0.115
-6.6690e-02,-0.26,-0.4
-6.6688e-02,-0.27,-0.105
-6.6686e-02,-0.27,-0.39
-6.6685e-02,-0.295,-0.12
-6.6683e-02,-0.24,-0.405
-6.6682e-02,-0.28,-0.1
-6.6680e-02,-0.28,-0.41
-6.6678e-02,-0.22,-0.105
-6.6677e-02,-0.21,-0.395
-6.6675e-02,-0.175,-0.11
-6.6674e-02,-0.255,-0.405
-6.6672e-02,-0.315,-0.1
-6.6670e-02,-0.23,-0.39
-6.6669e-02,-0.285,-0.115
-6.6667e-02,-0.23,-0.415
-6.6666e-02,-0.26,-0.095
-6.6664e-02,-0.225,-0.4
-6.6662e-02,-0.24,-0.1
-6.6661e-02,-0.28,-0.425
-6.6659e-02,-0.215,-0.08
-6.6658e-02,-0.275,-0.405
-6.6656e-02,-0.295,-0.1
-6.6654e-02,-0.315,-0.405
-6.6653e-02,-0.25,-0.105
-6.6651e-02,-0.135,-0.405
-6.6650e-02,-0.2,-0.1
-6.6648e-02,-0.19,-0.38
-6.6646e-02,-0.21,-0.125
-6.6645e-02,-0.265,-0.425
-6.6643e-02,-0.245,-0.085
-6.6642e-02,-0.225,-0.41
-6.6640e-02,-0.25,-0.095
-6.6638e-02,-0.19,-0.375
-6.6637e-02,-0.245,-0.13
-6.6635e-02,-0.195,-0.42
-6.6634e-02,-0.23,-0.085
-6.6632e-02,-0.205,-0.38
-6.6630e-02,-0.18,-0.115
-6.6629e-02,-0.235,-0.38
-6.6627e-02,-0.235,-0.125
-6.6626e-02,-0.26,-0.425
-6.6624e-02,-0.28,-0.085
-6.6622e-02,-0.22,-0.385
-6.6621e-02,-0.325,-0.12
-6.6619e-02,-0.34,-0.415
-6.6618e-02,-0.235,-0.09
-6.6616e-02,-0.275,-0.405
-6.6614e-02,-0.26,-0.1
-6.6613e-02,-0.31,-0.395
-6.6611e-02,-0.28,-0.105
-6.6610e-02,-0.225,-0.415
-6.6608e-02,-0.305,-0.09
-6.6606e-02,-0.21,-0.41
-6.6605e-02,-0.29,-0.095
-6.6603e-02,-0.27,-0.39
-6.6602e-02,-0.305,-0.115
-6.6600e-02,-0.295,-0.39
-6.6598e-02,-0.225,-0.11
-6.6597e-02,-0.28,-0.4
-6.6595e-02,-0.285,-0.105
-6.6594e-02,-0.255,-0.415
-6.6592e-02,-0.265,-0.09
-6.6590e-02,-0.21,-0.39
-6.6589e-02,-0.19,-0.11
-6.6587e-02,-0.245,-0.38
-6.6586e-02,-0.25,-0.12
-6.6584e-02,-0.24,-0.415
-6.6582e-02,-0.2,-0.095
-6.6581e-02,-0.21,-0.435
-6.6579e-02,-0.21,-0.075
-6.6578e-02,-0.195,-0.39
-6.6576e-02,-0.285,-0.12
-6.6574e-02,-0.315,-0.4
-6.6573e-02,-0.3,-0.105
-6.6571e-02,-0.29,-0.39
-6.6570e-02,-0.25,-0.12
-6.6568e-02,-0.275,-0.39
-6.6566e-02,-0.31,-0.12
-6.6565e-02,-0.22,-0.42
-6.6563e-02,-0.215,-0.105
-6.6562e-02,-0.24,-0.425
-6.6560e-02,-0.245,-0.085
-6.6558e-02,-0.345,-0.405
-6.6557e-02,-0.24,-0.105
-6.6555e-02,-0.315,-0.425
-6.6554e-02,-0.26,-0.08
-6.6552e-02,-0.27,-0.395
-6.6550e-02,-0.24,-0.125
-6.6549e-02,-0.22,-0.41
-6.6547e-02,-0.265,-0.105
-6.6546e-02,-0.18,-0.385
-6.6544e-02,-0.29,-0.125
-6.6542e-02,-0.325,-0.39
-6.6541e-02,-0.35,-0.125
-6.6539e-02,-0.32,-0.395
-6.6538e-02,-0.295,-0.115
-6.6536e-02,-0.215,-0.415
-6.6534e-02,-0.275,-0.11
-6.6533e-02,-0.28,-0.41
-6.6531e-02,-0.22,-0.095
-6.6530e-02,-0.25,-0.43
-6.6528e-02,-0.15,-0.075
-6.6526e-02,-0.28,-0.42
-6.6525e-02,-0.13,-0.09
-6.6523e-02,-0.35,-0.4
-6.6522e-02,-0.2,-0.11
-6.6520e-02,-0.31,-0.39
-6.6518e-02,-0.195,-0.13
-6.6517e-02,-0.235,-0.385
-6.6515e-02,-0.265,-0.125
-6.6514e-02,-0.35,-0.415
-6.6512e-02,-0.24,-0.1
-6.6510e-02,-0.28,-0.395
-6.6509e-02,-0.19,-0.115
-6.6507e-02,-0.36,-0.38
-6.6506e-02,-0.3,-0.125
-6.6504e-02,-0.36,-0.395
-6.6502e-02,-0.28,-0.115
-6.6501e-02,-0.22,-0.375
-6.6499e-02,-0.275,-0.13
-6.6498e-02,-0.16,-0.405
-6.6496e-02,-0.29,-0.11
-6.6494e-02,-0.22,-0.395
-6.6493e-02,-0.24,-0.115
-6.6491e-02,-0.21,-0.41
-6.6490e-02,-0.23,-0.105
-6.6488e-02,-0.27,-0.39
-6.6486e-02,-0.27,-0.12
-6.6485e-02,-0.17,-0.39
-6.6483e-02,-0.225,-0.125
-6.6482e-02,-0.23,-0.4
-6.6480e-02,-0.265,-0.11
-6.6478e-02,-0.255,-0.4
-6.6477e-02,-0.22,-0.11
-6.6475e-02,-0.205,-0.42
-6.6474e-02,-0.165,-0.095
-6.6472e-02,-0.195,-0.39
-6.6470e-02,-0.205,-0.12
-6.6469e-02,-0.29,-0.425
-6.6467e-02,-0.33,-0.09
-6.6466e-02,-0.28,-0.395
-6.6464e-02,-0.26,-0.12
-6.6462e-02,-0.27,-0.42
-6.6461e-02,-0.28,-0.095
-6.6459e-02,-0.285,-0.39
-6.6458e-02,-0.225,-0.115
-6.6456e-02,-0.185,-0.4
-6.6454e-02,-0.23,-0.11
-6.6453e-02,-0.265,-0.43
-6.6451e-02,-0.29,-0.08
-6.6450e-02,-0.265,-0.415
-6.6448e-02,-0.265,-0.1
-6.6446e-02,-0.26,-0.405
-6.6445e-02,-0.27,-0.105
-6.6443e-02,-0.25,-0.39
-6.6442e-02,-0.325,-0.125
-6.6440e-02,-0.17,-0.395
-6.6438e-02,-0.255,-0.12
-6.6437e-02,-0.17,-0.38
-6.6435e-02,-0.265,-0.12
-6.6434e-02,-0.24,-0.385
-6.6432e-02,-0.27,-0.13
-6.6430e-02,-0.24,-0.38
-6.6429e-02,-0.27,-0.135
-6.6427e-02,-0.265,-0.45
-6.6426e-02,-0.275,-0.06
-6.6424e-02,-0.25,-0.41
-6.6422e-02,-0.27,-0.105
-6.6421e-02,-0.32,-0.39
-6.6419e-02,-0.265,-0.12
-6.6418e-02,-0.3,-0.39
-6.6416e-02,-0.26,-0.125
-6.6414e-02,-0.25,-0.4
-6.6413e-02,-0.22,-0.115
-6.6411e-02,-0.175,-0.41
-6.6410e-02,-0.245,-0.11
-6.6408e-02,-0.255,-0.42
-6.6406e-02,-0.27,-0.105
-6.6405e-02,-0.255,-0.41
-6.6403e-02,-0.205,-0.115
-6.6402e-02,-0.285,-0.405
-6.6400e-02,-0.34,-0.11
-6.6398e-02,-0.265,-0.39
-6.6397e-02,-0.275,-0.13
-6.6395e-02,-0.28,-0.385
-6.6394e-02,-0.33,-0.14
-6.6392e-02,-0.305,-0.44
-6.6390e-02,-0.34,-0.085
-6.6389e-02,-0.32,-0.43
-6.6387e-02,-0.29,-0.09
-6.6386e-02,-0.345,-0.415
-6.6384e-02,-0.3,-0.1
-6.6382e-02,-0.325,-0.4
-6.6381e-02,-0.315,-0.12
-6.6379e-02,-0.24,-0.39
-6.6378e-02,-0.3,-0.135
-6.6376e-02,-0.25,-0.425
-6.6374e-02,-0.355,-0.1
-6.6373e-02,-0.29,-0.39
-6.6371e-02,-0.22,-0.13
-6.6370e-02,-0.23,-0.41
-6.6368e-02,-0.265,-0.115
-6.6366e-02,-0.26,-0.415
-6.6365e-02,-0.285,-0.11
-6.6363e-02,-0.25,-0.405
-6.6362e-02,-0.26,-0.12
-6.6360e-02,-0.32,-0.41
-6.6358e-02,-0.275,-0.11
-6.6357e-02,-0.22,-0.39
-6.6355e-02,-0.265,-0.125
-6.6354e-02,-0.265,-0.435
-6.6352e-02,-0.245,-0.075
-6.6350e-02,-0.21,-0.405
-6.6349e-02,-0.19,-0.11
-6.6347e-02,-0.255,-0.395
-6.6346e-02,-0.255,-0.12
-6.6344e-02,-0.33,-0.425
-6.6342e-02,-0.275,-0.09
-6.6341e-02,-0.28,-0.385
-6.6339e-02,-0.22,-0.135
-6.6338e-02,-0.265,-0.405
-6.6336e-02,-0.26,-0.11
-6.6334e-02,-0.25,-0.41
-6.6333e-02,-0.2,-0.105
-6.6331e-02,-0.155,-0.405
-6.6330e-02,-0.235,-0.11
-6.6328e-02,-0.255,-0.42
-6.6326e-02,-0.335,-0.09
-6.6325e-02,-0.205,-0.395
-6.6323e-02,-0.28,-0.12
-6.6322e-02,-0.21,-0.435
-6.6320e-02,-0.295,-0.065
-6.6318e-02,-0.155,-0.415
-6.6317e-02,-0.22,-0.1
-6.6315e-02,-0.165,-0.415
-6.6314e-02,-0.245,-0.1
-6.6312e-02,-0.21,-0.405
-6.6310e-02,-0.27,-0.11
-6.6309e-02,-0.265,-0.425
-6.6307e-02,-0.275,-0.09
-6.6306e-02,-0.24,-0.42
-6.6304e-02,-0.31,-0.085
-6.6302e-02,-0.3,-0.42
-6.6301e-02,-0.305,-0.09
-6.6299e-02,-0.265,-0.425
-6.6298e-02,-0.21,-0.1
-6.6296e-02,-0.24,-0.405
-6.6294e-02,-0.265,-0.11
-6.6293e-02,-0.245,-0.42
-6.6291e-02,-0.195,-0.09
-6.6290e-02,-0.21,-0.395
-6.6288e-02,-0.305,-0.12
-6.6286e-02,-0.235,-0.395
-6.6285e-02,-0.275,-0.115
-6.6283e-02,-0.18,-0.4
-6.6282e-02,-0.22,-0.115
-6.6280e-02,-0.225,-0.435
-6.6278e-02,-0.235,-0.085
-6.6277e-02,-0.255,-0.41
-6.6275e-02,-0.23,-0.11
-6.6274e-02,-0.25,-0.42
-6.6272e-02,-0.28,-0.095
-6.6270e-02,-0.2,-0.4
-6.6269e-02,-0.295,-0.12
-6.6267e-02,-0.235,-0.4
-6.6266e-02,-0.32,-0.11
-6.6264e-02,-0.24,-0.4
-6.6262e-02,-0.3,-0.11
-6.6261e-02,-0.31,-0.39
-6.6259e-02,-0.255,-0.13
-6.6258e-02,-0.25,-0.39
-6.6256e-02,-0.255,-0.125
-6.6254e-02,-0.275,-0.41
-6.6253e-02,-0.35,-0.11
-6.6251e-02,-0.23,-0.41
-6.6250e-02,-0.26,-0.12
-6.6248e-02,-0.25,-0.41
-6.6246e-02,-0.275,-0.11
-6.6245e-02,-0.285,-0.41
-6.6243e-02,-0.295,-0.115
-6.6242e-02,-0.24,-0.405
-6.6240e-02,-0.2,-0.12
-6.6238e-02,-0.2,-0.41
-6.6237e-02,-0.245,-0.115
-6.6235e-02,-0.295,-0.405
-6.6234e-02,-0.295,-0.11
-6.6232e-02,-0.22,-0.41
-6.6230e-02,-0.35,-0.12
-6.6229e-02,-0.285,-0.425
-6.6227e-02,-0.37,-0.1
-6.6226e-02,-0.31,-0.41
-6.6224e-02,-0.27,-0.11
-6.6222e-02,-0.27,-0.42
-6.6221e-02,-0.335,-0.11
-6.6219e-02,-0.31,-0.405
-6.6218e-02,-0.295,-0.125
-6.6216e-02,-0.29,-0.42
-6.6214e-02,-0.255,-0.105
-6.6213e-02,-0.275,-0.41
-6.6211e-02,-0.275,-0.12
-6.6210e-02,-0.305,-0.405
-6.6208e-02,-0.315,-0.12
-6.6206e-02,-0.25,-0.41
-6.6205e-02,-0.275,-0.11
-6.6203e-02,-0.195,-0.43
-6.6202e-02,-0.3,-0.09
-6.6200e-02,-0.245,-0.39
-6.6198e-02,-0.225,-0.13
-6.6197e-02,-0.225,-0.43
-6.6195e-02,-0.275,-0.1
-6.6194e-02,-0.29,-0.395
-6.6192e-02,-0.28,-0.125
-6.6190e-02,-0.225,-0.42
-6.6189e-02,-0.315,-0.1
-6.6187e-02,-0.23,-0.395
-6.6186e-02,-0.305,-0.125
-6.6184e-02,-0.21,-0.415
-6.6182e-02,-0.27,-0.105
-6.6181e-02,-0.27,-0.43
-6.6179e-02,-0.27,-0.1
-6.6178e-02,-0.27,-0.4
-6.6176e-02,-0.245,-0.125
-6.6174e-02,-0.3,-0.415
-6.6173e-02,-0.175,-0.11
-6.6171e-02,-0.325,-0.42
-6.6170e-02,-0.22,-0.105
-6.6168e-02,-0.33,-0.4
-6.6166e-02,-0.175,-0.125
-6.6165e-02,-0.19,-0.405
-6.6163e-02,-0.155,-0.115
-6.6162e-02,-0.22,-0.39
-6.6160e-02,-0.27,-0.125
-6.6158e-02,-0.255,-0.405
-6.6157e-02,-0.2,-0.12
-6.6155e-02,-0.3,-0.42
-6.6154e-02,-0.23,-0.1
-6.6152e-02,-0.325,-0.41
-6.6150e-02,-0.265,-0.115
-6.6149e-02,-0.275,-0.43
-6.6147e-02,-0.185,-0.095
-6.6146e-02,-0.195,-0.425
-6.6144e-02,-0.18,-0.1
-6.6142e-02,-0.225,-0.435
-6.6141e-02,-0.22,-0.09
-6.6139e-02,-0.23,-0.405
-6.6138e-02,-0.235,-0.12
-6.6136e-02,-0.335,-0.405
-6.6134e-02,-0.3,-0.115
-6.6133e-02,-0.25,-0.41
-6.6131e-02,-0.26,-0.115
-6.6130e-02,-0.26,-0.42
-6.6128e-02,-0.28,-0.1
-6.6126e-02,-0.295,-0.42
-6.6125e-02,-0.23,-0.105
-6.6123e-02,-0.23,-0.46
-6.6122e-02,-0.275,-0.075
-6.6120e-02,-0.24,-0.42
-6.6118e-02,-0.225,-0.11
-6.6117e-02,-0.225,-0.415
-6.6115e-02,-0.26,-0.115
-6.6114e-02,-0.225,-0.4
-6.6112e-02,-0.285,-0.12
-6.6110e-02,-0.235,-0.415
-6.6109e-02,-0.31,-0.115
-6.6107e-02,-0.19,-0.415
-6.6106e-02,-0.17,-0.115
-6.6104e-02,-0.21,-0.41
-6.6102e-02,-0.19,-0.115
-6.6101e-02,-0.285,-0.41
-6.6099e-02,-0.235,-0.12
-6.6098e-02,-0.18,-0.41
-6.6096e-02,-0.29,-0.115
-6.6094e-02,-0.215,-0.395
-6.6093e-02,-0.33,-0.13
-6.6091e-02,-0.2,-0.4
-6.6090e-02,-0.275,-0.12
-6.6088e-02,-0.245,-0.44
-6.6086e-02,-0.28,-0.09
-6.6085e-02,-0.26,-0.435
-6.6083e-02,-0.245,-0.09
-6.6082e-02,-0.21,-0.43
-6.6080e-02,-0.225,-0.1
-6.6078e-02,-0.25,-0.41
-6.6077e-02,-0.27,-0.115
-6.6075e-02,-0.245,-0.41
-6.6074e-02,-0.205,-0.115
-6.6072e-02,-0.19,-0.4
-6.6070e-02,-0.245,-0.13
-6.6069e-02,-0.205,-0.4
-6.6067e-02,-0.215,-0.13
-6.6066e-02,-0.16,-0.415
-6.6064e-02,-0.145,-0.11
-6.6062e-02,-0.29,-0.415
-6.6061e-02,-0.215,-0.11
-6.6059e-02,-0.295,-0.415
-6.6058e-02,-0.235,-0.11
-6.6056e-02,-0.28,-0.415
-6.6054e-02,-0.3,-0.115
-6.6053e-02,-0.315,-0.4
-6.6051e-02,-0.3,-0.13
-6.6050e-02,-0.22,-0.465
-6.6048e-02,-0.285,-0.055
-6.6046e-02,-0.165,-0.415
-6.6045e-02,-0.3,-0.11
-6.6043e-02,-0.265,-0.39
-6.6042e-02,-0.23,-0.135
-6.6040e-02,-0.205,-0.395
-6.6038e-02,-0.245,-0.135
-6.6037e-02,-0.275,-0.41
-6.6035e-02,-0.34,-0.11
-6.6034e-02,-0.17,-0.425
-6.6032e-02,-0.19,-0.1
-6.6030e-02,-0.18,-0.44
-6.6029e-02,-0.33,-0.09
-6.6027e-02,-0.235,-0.405
-6.6026e-02,-0.27,-0.125
-6.6024e-02,-0.175,-0.405
-6.6022e-02,-0.25,-0.125
-6.6021e-02,-0.245,-0.395
-6.6019e-02,-0.28,-0.125
-6.6018e-02,-0.25,-0.405
-6.6016e-02,-0.265,-0.125
-6.6014e-02,-0.225,-0.395
-6.6013e-02,-0.185,-0.13
-6.6011e-02,-0.25,-0.42
-6.6010e-02,-0.225,-0.105
-6.6008e-02,-0.24,-0.43
-6.6006e-02,-0.205,-0.1
-6.6005e-02,-0.295,-0.42
-6.6003e-02,-0.285,-0.1
-6.6002e-02,-0.35,-0.395
-6.6000e-02,-0.26,-0.13
-6.5998e-02,-0.26,-0.42
-6.5997e-02,-0.195,-0.11
-6.5995e-02,-0.335,-0.42
-6.5994e-02,-0.19,-0.105
-6.5992e-02,-0.305,-0.41
-6.5990e-02,-0.205,-0.12
-6.5989e-02,-0.32,-0.415
-6.5987e-02,-0.275,-0.11
-6.5986e-02,-0.335,-0.425
-6.5984e-02,-0.285,-0.1
-6.5982e-02,-0.23,-0.405
-6.5981e-02,-0.295,-0.125
-6.5979e-02,-0.21,-0.42
-6.5978e-02,-0.255,-0.105
-6.5976e-02,-0.235,-0.405
-6.5974e-02,-0.19,-0.125
-6.5973e-02,-0.22,-0.425
-6.5971e-02,-0.305,-0.105
-6.5970e-02,-0.325,-0.4
-6.5968e-02,-0.29,-0.13
-6.5966e-02,-0.295,-0.395
-6.5965e-02,-0.31,-0.135
-6.5963e-02,-0.25,-0.405
-6.5962e-02,-0.275,-0.125
-6.5960e-02,-0.18,-0.41
-6.5958e-02,-0.16,-0.13
-6.5957e-02,-0.245,-0.42
-6.5955e-02,-0.235,-0.12
-6.5954e-02,-0.25,-0.4
-6.5952e-02,-0.31,-0.135
-6.5950e-02,-0.255,-0.435
-6.5949e-02,-0.3,-0.1
-6.5947e-02,-0.275,-0.405
-6.5946e-02,-0.28,-0.125
-6.5944e-02,-0.3,-0.43
-6.5942e-02,-0.23,-0.1
-6.5941e-02,-0.245,-0.4
-6.5939e-02,-0.215,-0.135
-6.5938e-02,-0.34,-0.4
-6.5936e-02,-0.27,-0.135
-6.5934e-02,-0.32,-0.45
-6.5933e-02,-0.23,-0.095
-6.5931e-02,-0.4,-0.42
-6.5930e-02,-0.275,-0.12
-6.5928e-02,-0.365,-0.42
-6.5926e-02,-0.175,-0.115
-6.5925e-02,-0.32,-0.43
-6.5923e-02,-0.26,-0.105
-6.5922e-02,-0.3,-0.4
-6.5920e-02,-0.18,-0.13
-6.5918e-02,-0.275,-0.415
-6.5917e-02,-0.25,-0.13
-6.5915e-02,-0.265,-0.415
-6.5914e-02,-0.29,-0.12
-6.5912e-02,-0.225,-0.425
-6.5910e-02,-0.24,-0.105
-6.5909e-02,-0.265,-0.42
-6.5907e-02,-0.26,-0.115
-6.5906e-02,-0.265,-0.42
-6.5904e-02,-0.3,-0.115
-6.5902e-02,-0.26,-0.4
-6.5901e-02,-0.305,-0.135
-6.5899e-02,-0.335,-0.4
-6.5898e-02,-0.315,-0.135
-6.5896e-02,-0.31,-0.415
-6.5894e-02,-0.28,-0.12
-6.5893e-02,-0.275,-0.405
-6.5891e-02,-0.35,-0.125
-6.5890e-02,-0.38,-0.43
-6.5888e-02,-0.23,-0.1
-6.5886e-02,-0.27,-0.42
-6.5885e-02,-0.28,-0.115
-6.5883e-02,-0.35,-0.42
-6.5882e-02,-0.355,-0.11
-6.5880e-02,-0.31,-0.405
-6.5878e-02,-0.27,-0.12
-6.5877e-02,-0.32,-0.425
-6.5875e-02,-0.295,-0.11
-6.5874e-02,-0.27,-0.42
-6.5872e-02,-0.24,-0.11
-6.5870e-02,-0.265,-0.4
-6.5869e-02,-0.23,-0.13
-6.5867e-02,-0.27,-0.385
-6.5866e-02,-0.26,-0.14
-6.5864e-02,-0.25,-0.43
-6.5862e-02,-0.225,-0.095
-6.5861e-02,-0.295,-0.42
-6.5859e-02,-0.265,-0.105
-6.5858e-02,-0.28,-0.42
-6.5856e-02,-0.24,-0.11
-6.5854e-02,-0.19,-0.405
-6.5853e-02,-0.28,-0.125
-6.5851e-02,-0.265,-0.41
-6.5850e-02,-0.32,-0.125
-6.5848e-02,-0.25,-0.405
-6.5846e-02,-0.265,-0.13
-6.5845e-02,-0.315,-0.405
-6.5843e-02,-0.335,-0.13
-6.5842e-02,-0.33,-0.41
-6.5840e-02,-0.245,-0.125
-6.5838e-02,-0.315,-0.415
-6.5837e-02,-0.28,-0.11
-6.5835e-02,-0.315,-0.44
-6.5834e-02,-0.305,-0.1
-6.5832e-02,-0.3,-0.425
-6.5830e-02,-0.3,-0.115
-6.5829e-02,-0.32,-0.4
-6.5827e-02,-0.25,-0.13
-6.5826e-02,-0.33,-0.4
-6.5824e-02,-0.165,-0.13
-6.5822e-02,-0.21,-0.415
-6.5821e-02,-0.17,-0.12
-6.5819e-02,-0.24,-0.41
-6.5818e-02,-0.245,-0.125
-6.5816e-02,-0.255,-0.43
-6.5814e-02,-0.27,-0.11
-6.5813e-02,-0.305,-0.39
-6.5811e-02,-0.35,-0.14
-6.5810e-02,-0.305,-0.42
-6.5808e-02,-0.24,-0.11
-6.5806e-02,-0.22,-0.415
-6.5805e-02,-0.24,-0.115
-6.5803e-02,-0.26,-0.435
-6.5802e-02,-0.26,-0.105
-6.5800e-02,-0.32,-0.43
-6.5798e-02,-0.25,-0.11
-6.5797e-02,-0.305,-0.405
-6.5795e-02,-0.185,-0.125
-6.5794e-02,-0.29,-0.4
-6.5792e-02,-0.21,-0.135
-6.5790e-02,-0.245,-0.41
-6.5789e-02,-0.195,-0.13
-6.5787e-02,-0.21,-0.43
-6.5786e-02,-0.27,-0.105
-6.5784e-02,-0.315,-0.42
-6.5782e-02,-0.205,-0.12
-6.5781e-02,-0.26,-0.425
-6.5779e-02,-0.18,-0.105
-6.5778e-02,-0.26,-0.425
-6.5776e-02,-0.22,-0.115
-6.5774e-02,-0.16,-0.42
-6.5773e-02,-0.24,-0.12
-6.5771e-02,-0.185,-0.43
-6.5770e-02,-0.28,-0.115
-6.5768e-02,-0.27,-0.435
-6.5766e-02,-0.35,-0.1
-6.5765e-02,-0.315,-0.415
-6.5763e-02,-0.32,-0.12
-6.5762e-02,-0.33,-0.405
-6.5760e-02,-0.32,-0.135
-6.5758e-02,-0.315,-0.415
-6.5757e-02,-0.235,-0.125
-6.5755e-02,-0.21,-0.41
-6.5754e-02,-0.2,-0.13
-6.5752e-02,-0.275,-0.415
-6.5750e-02,-0.23,-0.115
-6.5749e-02,-0.215,-0.41
-6.5747e-02,-0.17,-0.13
-6.5746e-02,-0.245,-0.415
-6.5744e-02,-0.275,-0.125
-6.5742e-02,-0.245,-0.435
-6.5741e-02,-0.255,-0.095
-6.5739e-02,-0.25,-0.41
-6.5738e-02,-0.19,-0.125
-6.5736e-02,-0.24,-0.44
-6.5734e-02,-0.175,-0.1
-6.5733e-02,-0.335,-0.43
-6.5731e-02,-0.225,-0.105
-6.5730e-02,-0.25,-0.42
-6.5728e-02,-0.275,-0.115
-6.5726e-02,-0.325,-0.445
-6.5725e-02,-0.285,-0.095
-6.5723e-02,-0.305,-0.425
-6.5722e-02,-0.195,-0.105
-6.5720e-02,-0.28,-0.415
-6.5718e-02,-0.31,-0.115
-6.5717e-02,-0.285,-0.435
-6.5715e-02,-0.3,-0.105
-6.5714e-02,-0.25,-0.42
-6.5712e-02,-0.34,-0.12
-6.5710e-02,-0.325,-0.425
-6.5709e-02,-0.25,-0.12
-6.5707e-02,-0.305,-0.41
-6.5706e-02,-0.275,-0.125
-6.5704e-02,-0.235,-0.4
-6.5702e-02,-0.315,-0.135
-6.5701e-02,-0.3,-0.435
-6.5699e-02,-0.285,-0.105
-6.5698e-02,-0.225,-0.42
-6.5696e-02,-0.305,-0.115
-6.5694e-02,-0.21,-0.415
-6.5693e-02,-0.355,-0.125
-6.5691e-02,-0.22,-0.425
-6.5690e-02,-0.275,-0.105
-6.5688e-02,-0.23,-0.42
-6.5686e-02,-0.29,-0.12
-6.5685e-02,-0.34,-0.41
-6.5683e-02,-0.295,-0.125
-6.5682e-02,-0.295,-0.4
-6.5680e-02,-0.265,-0.13
-6.5678e-02,-0.33,-0.405
-6.5677e-02,-0.28,-0.135
-6.5675e-02,-0.245,-0.41
-6.5674e-02,-0.245,-0.13
-6.5672e-02,-0.185,-0.445
-6.5670e-02,-0.28,-0.095
-6.5669e-02,-0.27,-0.44
-6.5667e-02,-0.28,-0.11
-6.5666e-02,-0.225,-0.43
-6.5664e-02,-0.195,-0.115
-6.5662e-02,-0.26,-0.415
-6.5661e-02,-0.275,-0.125
-6.5659e-02,-0.315,-0.415
-6.5658e-02,-0.24,-0.125
-6.5656e-02,-0.26,-0.425
-6.5654e-02,-0.28,-0.115
-6.5653e-02,-0.305,-0.435
-6.5651e-02,-0.275,-0.115
-6.5650e-02,-0.245,-0.405
-6.5648e-02,-0.305,-0.135
-6.5646e-02,-0.325,-0.41
-6.5645e-02,-0.34,-0.125
-6.5643e-02,-0.24,-0.425
-6.5642e-02,-0.285,-0.125
-6.5640e-02,-0.18,-0.415
-6.5638e-02,-0.255,-0.13
-6.5637e-02,-0.29,-0.42
-6.5635e-02,-0.255,-0.12
-6.5634e-02,-0.305,-0.43
-6.5632e-02,-0.29,-0.115
-6.5630e-02,-0.31,-0.445
-6.5629e-02,-0.31,-0.095
-6.5627e-02,-0.33,-0.455
-6.5626e-02,-0.27,-0.085
-6.5624e-02,-0.255,-0.425
-6.5622e-02,-0.255,-0.11
-6.5621e-02,-0.33,-0.415
-6.5619e-02,-0.32,-0.135
-6.5618e-02,-0.245,-0.415
-6.5616e-02,-0.25,-0.13
-6.5614e-02,-0.28,-0.43
-6.5613e-02,-0.275,-0.105
-6.5611e-02,-0.26,-0.445
-6.5610e-02,-0.215,-0.1
-6.5608e-02,-0.2,-0.43
-6.5606e-02,-0.295,-0.12
-6.5605e-02,-0.24,-0.43
-6.5603e-02,-0.255,-0.115
-6.5602e-02,-0.2,-0.405
-6.5600e-02,-0.235,-0.13
-6.5598e-02,-0.245,-0.445
-6.5597e-02,-0.28,-0.095
-6.5595e-02,-0.21,-0.44
-6.5594e-02,-0.3,-0.09
-6.5592e-02,-0.24,-0.43
-6.5590e-02,-0.215,-0.12
-6.5589e-02,-0.295,-0.425
-6.5587e-02,-0.29,-0.12
-6.5586e-02,-0.21,-0.43
-6.5584e-02,-0.23,-0.115
-6.5582e-02,-0.245,-0.4
-6.5581e-02,-0.34,-0.135
-6.5579e-02,-0.345,-0.44
-6.5578e-02,-0.33,-0.095
-6.5576e-02,-0.31,-0.41
-6.5574e-02,-0.29,-0.13
-6.5573e-02,-0.265,-0.42
-6.5571e-02,-0.275,-0.12
-6.5570e-02,-0.145,-0.425
-6.5568e-02,-0.175,-0.11
-6.5566e-02,-0.31,-0.415
-6.5565e-02,-0.205,-0.12
-6.5563e-02,-0.335,-0.41
-6.5562e-02,-0.25,-0.135
-6.5560e-02,-0.285,-0.43
-6.5558e-02,-0.33,-0.11
-6.5557e-02,-0.295,-0.415
-6.5555e-02,-0.345,-0.12
-6.5554e-02,-0.28,-0.42
-6.5552e-02,-0.285,-0.12
-6.5550e-02,-0.36,-0.4
-6.5549e-02,-0.26,-0.135
-6.5547e-02,-0.35,-0.425
-6.5546e-02,-0.225,-0.115
-6.5544e-02,-0.245,-0.41
-6.5542e-02,-0.295,-0.13
-6.5541e-02,-0.31,-0.44
-6.5539e-02,-0.28,-0.11
-6.5538e-02,-0.19,-0.43
-6.5536e-02,-0.25,-0.105
-6.5534e-02,-0.25,-0.43
-6.5533e-02,-0.325,-0.115
-6.5531e-02,-0.23,-0.42
-6.5530e-02,-0.28,-0.12
-6.5528e-02,-0.28,-0.43
-6.5526e-02,-0.3,-0.115
-6.5525e-02,-0.305,-0.43
-6.5523e-02,-0.28,-0.12
-6.5522e-02,-0.27,-0.42
-6.5520e-02,-0.235,-0.12
-6.5518e-02,-0.32,-0.43
-6.5517e-02,-0.26,-0.115
-6.5515e-02,-0.28,-0.41
-6.5514e-02,-0.26,-0.135
-6.5512e-02,-0.2,-0.42
-6.5510e-02,-0.295,-0.125
-6.5509e-02,-0.28,-0.415
-6.5507e-02,-0.265,-0.13
-6.5506e-02,-0.255,-0.435
-6.5504e-02,-0.25,-0.11
-6.5502e-02,-0.29,-0.44
-6.5501e-02,-0.355,-0.105
-6.5499e-02,-0.285,-0.465
-6.5498e-02,-0.31,-0.085
-6.5496e-02,-0.29,-0.425
-6.5494e-02,-0.31,-0.115
-6.5493e-02,-0.27,-0.41
-6.5491e-02,-0.23,-0.135
-6.5490e-02,-0.28,-0.425
-6.5488e-02,-0.28,-0.13
-6.5486e-02,-0.345,-0.45
-6.5485e-02,-0.26,-0.11
-6.5483e-02,-0.185,-0.42
-6.5482e-02,-0.265,-0.135
-6.5480e-02,-0.19,-0.415
-6.5478e-02,-0.33,-0.145
-6.5477e-02,-0.23,-0.415
-6.5475e-02,-0.28,-0.135
-6.5474e-02,-0.21,-0.415
-6.5472e-02,-0.28,-0.135
-6.5470e-02,-0.22,-0.405
-6.5469e-02,-0.285,-0.14
-6.5467e-02,-0.225,-0.425
-6.5466e-02,-0.255,-0.125
-6.5464e-02,-0.225,-0.42
-6.5462e-02,-0.3,-0.135
-6.5461e-02,-0.295,-0.42
-6.5459e-02,-0.245,-0.135
-6.5458e-02,-0.275,-0.405
-6.5456e-02,-0.26,-0.135
-6.5454e-02,-0.315,-0.415
-6.5453e-02,-0.255,-0.135
-6.5451e-02,-0.25,-0.425
-6.5450e-02,-0.32,-0.13
-6.5448e-02,-0.32,-0.42
-6.5446e-02,-0.26,-0.125
-6.5445e-02,-0.26,-0.42
-6.5443e-02,-0.25,-0.125
-6.5442e-02,-0.33,-0.415
-6.5440e-02,-0.28,-0.14
-6.5438e-02,-0.24,-0.43
-6.5437e-02,-0.285,-0.125
-6.5435e-02,-0.26,-0.42
-6.5434e-02,-0.345,-0.135
-6.5432e-02,-0.26,-0.405
-6.5430e-02,-0.31,-0.145
-6.5429e-02,-0.31,-0.435
-6.5427e-02,-0.32,-0.11
-6.5426e-02,-0.345,-0.42
-6.5424e-02,-0.27,-0.12
-6.5422e-02,-0.29,-0.42
-6.5421e-02,-0.24,-0.13
-6.5419e-02,-0.26,-0.4
-6.5418e-02,-0.275,-0.14
-6.5416e-02,-0.295,-0.41
-6.5414e-02,-0.295,-0.12
-6.5413e-02,-0.26,-0.445
-6.5411e-02,-0.245,-0.1
-6.5410e-02,-0.305,-0.435
-6.5408e-02,-0.225,-0.105
-6.5406e-02,-0.3,-0.43
-6.5405e-02,-0.24,-0.125
-6.5403e-02,-0.285,-0.43
-6.5402e-02,-0.3,-0.115
-6.5400e-02,-0.25,-0.42
-6.5398e-02,-0.215,-0.125
-6.5397e-02,-0.31,-0.41
-6.5395e-02,-0.355,-0.14
-6.5394e-02,-0.285,-0.395
-6.5392e-02,-0.29,-0.145
-6.5390e-02,-0.165,-0.415
-6.5389e-02,-0.29,-0.125
-6.5387e-02,-0.24,-0.42
-6.5386e-02,-0.295,-0.13
-6.5384e-02,-0.235,-0.415
-6.5382e-02,-0.32,-0.125
-6.5381e-02,-0.325,-0.425
-6.5379e-02,-0.32,-0.115
-6.5378e-02,-0.29,-0.405
-6.5376e-02,-0.25,-0.14
-6.5374e-02,-0.23,-0.44
-6.5373e-02,-0.3,-0.11
-6.5371e-02,-0.24,-0.41
-6.5370e-02,-0.29,-0.13
-6.5368e-02,-0.31,-0.44
-6.5366e-02,-0.255,-0.105
-6.5365e-02,-0.265,-0.47
-6.5363e-02,-0.29,-0.07
-6.5362e-02,-0.315,-0.41
-6.5360e-02,-0.305,-0.135
-6.5358e-02,-0.25,-0.435
-6.5357e-02,-0.28,-0.11
-6.5355e-02,-0.35,-0.415
-6.5354e-02,-0.245,-0.13
-6.5352e-02,-0.275,-0.425
-6.5350e-02,-0.225,-0.13
-6.5349e-02,-0.285,-0.42
-6.5347e-02,-0.29,-0.13
-6.5346e-02,-0.265,-0.42
-6.5344e-02,-0.21,-0.135
-6.5342e-02,-0.295,-0.425
-6.5341e-02,-0.305,-0.135
-6.5339e-02,-0.37,-0.425
-6.5338e-02,-0.245,-0.13
-6.5336e-02,-0.37,-0.425
-6.5334e-02,-0.305,-0.13
-6.5333e-02,-0.3,-0.435
-6.5331e-02,-0.315,-0.115
-6.5330e-02,-0.275,-0.445
-6.5328e-02,-0.245,-0.11
-6.5326e-02,-0.24,-0.405
-6.5325e-02,-0.285,-0.15
-6.5323e-02,-0.26,-0.43
-6.5322e-02,-0.4,-0.125
-6.5320e-02,-0.245,-0.48
-6.5318e-02,-0.28,-0.08
-6.5317e-02,-0.235,-0.445
-6.5315e-02,-0.34,-0.115
-6.5314e-02,-0.265,-0.415
-6.5312e-02,-0.305,-0.14
-6.5310e-02,-0.165,-0.415
-6.5309e-02,-0.275,-0.14
-6.5307e-02,-0.245,-0.435
-6.5306e-02,-0.255,-0.125
-6.5304e-02,-0.27,-0.42
-6.5302e-02,-0.275,-0.13
-6.5301e-02,-0.36,-0.45
-6.5299e-02,-0.28,-0.105
-6.5298e-02,-0.285,-0.435
-6.5296e-02,-0.28,-0.115
-6.5294e-02,-0.32,-0.41
-6.5293e-02,-0.245,-0.135
-6.5291e-02,-0.365,-0.41
-6.5290e-02,-0.225,-0.14
-6.5288e-02,-0.255,-0.44
-6.5286e-02,-0.225,-0.11
-6.5285e-02,-0.26,-0.41
-6.5283e-02,-0.235,-0.135
-6.5282e-02,-0.29,-0.42
-6.5280e-02,-0.2,-0.13
-6.5278e-02,-0.25,-0.43
-6.5277e-02,-0.3,-0.125
-6.5275e-02,-0.33,-0.43
-6.5274e-02,-0.295,-0.115
-6.5272e-02,-0.22,-0.41
-6.5270e-02,-0.275,-0.14
-6.5269e-02,-0.29,-0.42
-6.5267e-02,-0.21,-0.13
-6.5266e-02,-0.25,-0.42
-6.5264e-02,-0.17,-0.125
-6.5262e-02,-0.2,-0.43
-6.5261e-02,-0.24,-0.11
-6.5259e-02,-0.295,-0.43
-6.5258e-02,-0.24,-0.12
-6.5256e-02,-0.325,-0.415
-6.5254e-02,-0.26,-0.13
-6.5253e-02,-0.385,-0.43
-6.5251e-02,-0.29,-0.115
-6.5250e-02,-0.28,-0.395
-6.5248e-02,-0.245,-0.145
-6.5246e-02,-0.18,-0.43
-6.5245e-02,-0.26,-0.115
-6.5243e-02,-0.275,-0.41
-6.5242e-02,-0.24,-0.135
-6.5240e-02,-0.23,-0.39
-6.5238e-02,-0.225,-0.15
-6.5237e-02,-0.24,-0.45
-6.5235e-02,-0.27,-0.09
-6.5234e-02,-0.22,-0.445
-6.5232e-02,-0.235,-0.105
-6.5230e-02,-0.32,-0.44
-6.5229e-02,-0.25,-0.105
-6.5227e-02,-0.27,-0.405
-6.5226e-02,-0.235,-0.135
-6.5224e-02,-0.255,-0.405
-6.5222e-02,-0.35,-0.135
-6.5221e-02,-0.325,-0.41
-6.5219e-02,-0.32,-0.135
-6.5218e-02,-0.265,-0.415
-6.5216e-02,-0.235,-0.135
-6.5214e-02,-0.27,-0.405
-6.5213e-02,-0.3,-0.145
-6.5211e-02,-0.23,-0.4
-6.5210e-02,-0.22,-0.15
-6.5208e-02,-0.24,-0.425
-6.5206e-02,-0.17,-0.13
-6.5205e-02,-0.205,-0.435
-6.5203e-02,-0.325,-0.115
-6.5202e-02,-0.215,-0.415
-6.5200e-02,-0.28,-0.14
-6.5198e-02,-0.275,-0.44
-6.5197e-02,-0.365,-0.115
-6.5195e-02,-0.29,-0.43
-6.5194e-02,-0.27,-0.125
-6.5192e-02,-0.305,-0.425
-6.5190e-02,-0.275,-0.135
-6.5189e-02,-0.375,-0.42
-6.5187e-02,-0.315,-0.14
-6.5186e-02,-0.28,-0.41
-6.5184e-02,-0.28,-0.15
-6.5182e-02,-0.345,-0.415
-6.5181e-02,-0.275,-0.15
-6.5179e-02,-0.31,-0.425
-6.5178e-02,-0.3,-0.135
-6.5176e-02,-0.29,-0.415
-6.5174e-02,-0.355,-0.145
-6.5173e-02,-0.315,-0.45
-6.5171e-02,-0.33,-0.115
-6.5170e-02,-0.275,-0.415
-6.5168e-02,-0.29,-0.145
-6.5166e-02,-0.265,-0.43
-6.5165e-02,-0.295,-0.125
-6.5163e-02,-0.285,-0.445
-6.5162e-02,-0.26,-0.11
-6.5160e-02,-0.25,-0.435
-6.5158e-02,-0.165,-0.125
-6.5157e-02,-0.27,-0.425
-6.5155e-02,-0.255,-0.135
-6.5154e-02,-0.22,-0.42
-6.5152e-02,-0.245,-0.14
-6.5150e-02,-0.215,-0.445
-6.5149e-02,-0.31,-0.12
-6.5147e-02,-0.31,-0.43
-6.5146e-02,-0.255,-0.135
-6.5144e-02,-0.265,-0.41
-6.5142e-02,-0.3,-0.15
-6.5141e-02,-0.285,-0.445
-6.5139e-02,-0.285,-0.115
-6.5138e-02,-0.26,-0.42
-6.5136e-02,-0.33,-0.135
-6.5134e-02,-0.255,-0.425
-6.5133e-02,-0.28,-0.13
-6.5131e-02,-0.235,-0.41
-6.5130e-02,-0.24,-0.155
-6.5128e-02,-0.24,-0.44
-6.5126e-02,-0.27,-0.12
-6.5125e-02,-0.27,-0.435
-6.5123e-02,-0.385,-0.125
-6.5122e-02,-0.23,-0.435
-6.5120e-02,-0.265,-0.125
-6.5118e-02,-0.225,-0.435
-6.5117e-02,-0.265,-0.125
-6.5115e-02,-0.31,-0.435
-6.5114e-02,-0.21,-0.12
-6.5112e-02,-0.25,-0.415
-6.5110e-02,-0.24,-0.14
-6.5109e-02,-0.26,-0.405
-6.5107e-02,-0.26,-0.145
-6.5106e-02,-0.24,-0.405
-6.5104e-02,-0.255,-0.15
-6.5102e-02,-0.29,-0.415
-6.5101e-02,-0.265,-0.14
-6.5099e-02,-0.31,-0.42
-6.5098e-02,-0.285,-0.13
-6.5096e-02,-0.26,-0.41
-6.5094e-02,-0.28,-0.135
-6.5093e-02,-0.205,-0.425
-6.5091e-02,-0.33,-0.13
-6.5090e-02,-0.2,-0.4
-6.5088e-02,-0.19,-0.145
-6.5086e-02,-0.175,-0.41
-6.5085e-02,-0.27,-0.135
-6.5083e-02,-0.27,-0.4
-6.5082e-02,-0.275,-0.155
-6.5080e-02,-0.23,-0.41
-6.5078e-02,-0.335,-0.135
-6.5077e-02,-0.35,-0.45
-6.5075e-02,-0.355,-0.105
-6.5074e-02,-0.28,-0.43
-6.5072e-02,-0.31,-0.115
-6.5070e-02,-0.32,-0.435
-6.5069e-02,-0.32,-0.115
-6.5067e-02,-0.34,-0.445
-6.5066e-02,-0.3,-0.115
-6.5064e-02,-0.27,-0.435
-6.5062e-02,-0.305,-0.115
-6.5061e-02,-0.25,-0.435
-6.5059e-02,-0.355,-0.12
-6.5058e-02,-0.265,-0.405
-6.5056e-02,-0.255,-0.15
-6.5054e-02,-0.255,-0.43
-6.5053e-02,-0.215,-0.125
-6.5051e-02,-0.365,-0.41
-6.5050e-02,-0.25,-0.14
-6.5048e-02,-0.3,-0.45
-6.5046e-02,-0.22,-0.11
-6.5045e-02,-0.28,-0.415
-6.5043e-02,-0.265,-0.145
-6.5042e-02,-0.3,-0.46
-6.5040e-02,-0.265,-0.11
-6.5038e-02,-0.28,-0.435
-6.5037e-02,-0.32,-0.125
-6.5035e-02,-0.31,-0.45
-6.5034e-02,-0.24,-0.11
-6.5032e-02,-0.325,-0.43
-6.5030e-02,-0.28,-0.125
-6.5029e-02,-0.375,-0.415
-6.5027e-02,-0.27,-0.15
-6.5026e-02,-0.315,-0.415
-6.5024e-02,-0.295,-0.14
-6.5022e-02,-0.335,-0.44
-6.5021e-02,-0.33,-0.125
-6.5019e-02,-0.36,-0.45
-6.5018e-02,-0.305,-0.115
-6.5016e-02,-0.335,-0.445
-6.5014e-02,-0.305,-0.125
-6.5013e-02,-0.315,-0.42
-6.5011e-02,-0.33,-0.145
-6.5010e-02,-0.26,-0.415
-6.5008e-02,-0.225,-0.145
-6.5006e-02,-0.255,-0.43
-6.5005e-02,-0.33,-0.135
-6.5003e-02,-0.315,-0.425
-6.5002e-02,-0.355,-0.135
-6.5000e-02,-0.26,-0.42
-6.4998e-02,-0.365,-0.14
-6.4997e-02,-0.4,-0.42
-6.4995e-02,-0.35,-0.145
-6.4994e-02,-0.375,-0.435
-6.4992e-02,-0.325,-0.125
-6.4990e-02,-0.35,-0.455
-6.4989e-02,-0.335,-0.11
-6.4987e-02,-0.305,-0.43
-6.4986e-02,-0.225,-0.13
-6.4984e-02,-0.285,-0.445
-6.4982e-02,-0.225,-0.115
-6.4981e-02,-0.19,-0.44
-6.4979e-02,-0.275,-0.125
-6.4978e-02,-0.185,-0.46
-6.4976e-02,-0.22,-0.105
-6.4974e-02,-0.24,-0.44
-6.4973e-02,-0.29,-0.125
-6.4971e-02,-0.28,-0.42
-6.4970e-02,-0.28,-0.135
-6.4968e-02,-0.225,-0.44
-6.4966e-02,-0.315,-0.125
-6.4965e-02,-0.36,-0.41
-6.4963e-02,-0.285,-0.145
-6.4962e-02,-0.26,-0.44
-6.4960e-02,-0.275,-0.12
-6.4958e-02,-0.29,-0.43
-6.4957e-02,-0.275,-0.13
-6.4955e-02,-0.28,-0.45
-6.4954e-02,-0.215,-0.11
-6.4952e-02,-0.285,-0.425
-6.4950e-02,-0.32,-0.13
-6.4949e-02,-0.32,-0.4
-6.4947e-02,-0.365,-0.155
-6.4946e-02,-0.325,-0.415
-6.4944e-02,-0.3,-0.14
-6.4942e-02,-0.285,-0.425
-6.4941e-02,-0.345,-0.135
-6.4939e-02,-0.235,-0.425
-6.4938e-02,-0.295,-0.135
-6.4936e-02,-0.17,-0.435
-6.4934e-02,-0.23,-0.12
-6.4933e-02,-0.25,-0.425
-6.4931e-02,-0.24,-0.13
-6.4930e-02,-0.175,-0.44
-6.4928e-02,-0.285,-0.12
-6.4926e-02,-0.275,-0.42
-6.4925e-02,-0.315,-0.14
-6.4923e-02,-0.285,-0.425
-6.4922e-02,-0.225,-0.125
-6.4920e-02,-0.245,-0.435
-6.4918e-02,-0.27,-0.12
-6.4917e-02,-0.265,-0.415
-6.4915e-02,-0.285,-0.135
-6.4914e-02,-0.265,-0.405
-6.4912e-02,-0.235,-0.155
-6.4910e-02,-0.225,-0.415
-6.4909e-02,-0.285,-0.15
-6.4907e-02,-0.245,-0.41
-6.4906e-02,-0.275,-0.155
-6.4904e-02,-0.325,-0.43
-6.4902e-02,-0.28,-0.135
-6.4901e-02,-0.38,-0.415
-6.4899e-02,-0.345,-0.145
-6.4898e-02,-0.315,-0.425
-6.4896e-02,-0.295,-0.14
-6.4894e-02,-0.27,-0.415
-6.4893e-02,-0.305,-0.15
-6.4891e-02,-0.31,-0.425
-6.4890e-02,-0.315,-0.145
-6.4888e-02,-0.295,-0.405
-6.4886e-02,-0.285,-0.16
-6.4885e-02,-0.26,-0.43
-6.4883e-02,-0.32,-0.135
-6.4882e-02,-0.27,-0.435
-6.4880e-02,-0.275,-0.13
-6.4878e-02,-0.235,-0.43
-6.4877e-02,-0.295,-0.14
-6.4875e-02,-0.26,-0.43
-6.4874e-02,-0.325,-0.14
-6.4872e-02,-0.245,-0.42
-6.4870e-02,-0.29,-0.15
-6.4869e-02,-0.205,-0.43
-6.4867e-02,-0.345,-0.14
-6.4866e-02,-0.22,-0.425
-6.4864e-02,-0.275,-0.145
-6.4862e-02,-0.22,-0.435
-6.4861e-02,-0.22,-0.135
-6.4859e-02,-0.305,-0.415
-6.4858e-02,-0.275,-0.155
-6.4856e-02,-0.23,-0.425
-6.4854e-02,-0.22,-0.145
-6.4853e-02,-0.24,-0.415
-6.4851e-02,-0.29,-0.15
-6.4850e-02,-0.24,-0.445
-6.4848e-02,-0.275,-0.125
-6.4846e-02,-0.205,-0.44
-6.4845e-02,-0.31,-0.125
-6.4843e-02,-0.24,-0.415
-6.4842e-02,-0.38,-0.145
-6.4840e-02,-0.26,-0.415
-6.4838e-02,-0.26,-0.145
-6.4837e-02,-0.265,-0.405
-6.4835e-02,-0.18,-0.155
-6.4834e-02,-0.305,-0.435
-6.4832e-02,-0.31,-0.125
-6.4830e-02,-0.255,-0.41
-6.4829e-02,-0.19,-0.145
-6.4827e-02,-0.245,-0.41
-6.4826e-02,-0.31,-0.145
-6.4824e-02,-0.305,-0.45
-6.4822e-02,-0.25,-0.115
-6.4821e-02,-0.24,-0.42
-6.4819e-02,-0.32,-0.135
-6.4818e-02,-0.255,-0.43
-6.4816e-02,-0.345,-0.135
-6.4814e-02,-0.245,-0.42
-6.4813e-02,-0.325,-0.14
-6.4811e-02,-0.3,-0.44
-6.4810e-02,-0.265,-0.125
-6.4808e-02,-0.325,-0.445
-6.4806e-02,-0.245,-0.115
-6.4805e-02,-0.27,-0.435
-6.4803e-02,-0.335,-0.115
-6.4802e-02,-0.295,-0.435
-6.4800e-02,-0.335,-0.125
-6.4798e-02,-0.35,-0.435
-6.4797e-02,-0.275,-0.115
-6.4795e-02,-0.34,-0.42
-6.4794e-02,-0.29,-0.135
-6.4792e-02,-0.4,-0.41
-6.4790e-02,-0.255,-0.15
-6.4789e-02,-0.33,-0.445
-6.4787e-02,-0.29,-0.115
-6.4786e-02,-0.34,-0.41
-6.4784e-02,-0.355,-0.15
-6.4782e-02,-0.205,-0.42
-6.4781e-02,-0.335,-0.14
-6.4779e-02,-0.3,-0.43
-6.4778e-02,-0.29,-0.13
-6.4776e-02,-0.255,-0.43
-6.4774e-02,-0.265,-0.14
-6.4773e-02,-0.29,-0.43
-6.4771e-02,-0.28,-0.13
-6.4770e-02,-0.27,-0.43
-6.4768e-02,-0.275,-0.13
-6.4766e-02,-0.305,-0.43
-6.4765e-02,-0.305,-0.135
-6.4763e-02,-0.325,-0.435
-6.4762e-02,-0.31,-0.13
-6.4760e-02,-0.32,-0.46
-6.4758e-02,-0.34,-0.1
-6.4757e-02,-0.245,-0.45
-6.4755e-02,-0.355,-0.12
-6.4754e-02,-0.25,-0.42
-6.4752e-02,-0.29,-0.15
-6.4750e-02,-0.3,-0.42
-6.4749e-02,-0.32,-0.145
-6.4747e-02,-0.34,-0.43
-6.4746e-02,-0.28,-0.14
-6.4744e-02,-0.26,-0.435
-6.4742e-02,-0.25,-0.14
-6.4741e-02,-0.235,-0.445
-6.4739e-02,-0.24,-0.125
-6.4738e-02,-0.25,-0.415
-6.4736e-02,-0.245,-0.155
-6.4734e-02,-0.295,-0.425
-6.4733e-02,-0.29,-0.15
-6.4731e-02,-0.315,-0.435
-6.4730e-02,-0.245,-0.13
-6.4728e-02,-0.31,-0.415
-6.4726e-02,-0.35,-0.16
-6.4725e-02,-0.245,-0.435
-6.4723e-02,-0.23,-0.14
-6.4722e-02,-0.195,-0.44
-6.4720e-02,-0.29,-0.14
-6.4718e-02,-0.375,-0.435
-6.4717e-02,-0.305,-0.14
-6.4715e-02,-0.26,-0.43
-6.4714e-02,-0.32,-0.14
-6.4712e-02,-0.27,-0.425
-6.4710e-02,-0.29,-0.145
-6.4709e-02,-0.355,-0.425
-6.4707e-02,-0.2,-0.145
-6.4706e-02,-0.295,-0.445
-6.4704e-02,-0.24,-0.125
-6.4702e-02,-0.245,-0.41
-6.4701e-02,-0.235,-0.155
-6.4699e-02,-0.225,-0.445
-6.4698e-02,-0.185,-0.125
-6.4696e-02,-0.185,-0.435
-6.4694e-02,-0.32,-0.135
-6.4693e-02,-0.255,-0.46
-6.4691e-02,-0.29,-0.115
-6.4690e-02,-0.26,-0.42
-6.4688e-02,-0.235,-0.14
-6.4686e-02,-0.325,-0.44
-6.4685e-02,-0.31,-0.125
-6.4683e-02,-0.265,-0.45
-6.4682e-02,-0.275,-0.105
-6.4680e-02,-0.33,-0.43
-6.4678e-02,-0.28,-0.14
-6.4677e-02,-0.335,-0.42
-6.4675e-02,-0.295,-0.14
-6.4674e-02,-0.27,-0.43
-6.4672e-02,-0.245,-0.135
-6.4670e-02,-0.29,-0.44
-6.4669e-02,-0.22,-0.12
-6.4667e-02,-0.255,-0.435
-6.4666e-02,-0.23,-0.135
-6.4664e-02,-0.25,-0.42
-6.4662e-02,-0.25,-0.15
-6.4661e-02,-0.29,-0.425
-6.4659e-02,-0.26,-0.135
-6.4658e-02,-0.255,-0.42
-6.4656e-02,-0.235,-0.14
-6.4654e-02,-0.275,-0.42
-6.4653e-02,-0.275,-0.145
-6.4651e-02,-0.265,-0.445
-6.4650e-02,-0.245,-0.115
-6.4648e-02,-0.22,-0.43
-6.4646e-02,-0.315,-0.14
-6.4645e-02,-0.315,-0.415
-6.4643e-02,-0.265,-0.145
-6.4642e-02,-0.27,-0.45
-6.4640e-02,-0.315,-0.11
-6.4638e-02,-0.29,-0.46
-6.4637e-02,-0.305,-0.1
-6.4635e-02,-0.325,-0.45
-6.4634e-02,-0.35,-0.115
-6.4632e-02,-0.23,-0.425
-6.4630e-02,-0.275,-0.14
-6.4629e-02,-0.195,-0.41
-6.4627e-02,-0.21,-0.15
-6.4626e-02,-0.25,-0.425
-6.4624e-02,-0.265,-0.145
-6.4622e-02,-0.235,-0.425
-6.4621e-02,-0.315,-0.14
-6.4619e-02,-0.33,-0.43
-6.4618e-02,-0.435,-0.135
-6.4616e-02,-0.255,-0.445
-6.4614e-02,-0.31,-0.125
-6.4613e-02,-0.265,-0.465
-6.4611e-02,-0.235,-0.105
-6.4610e-02,-0.23,-0.455
-6.4608e-02,-0.235,-0.115
-6.4606e-02,-0.24,-0.465
-6.4605e-02,-0.245,-0.1
-6.4603e-02,-0.375,-0.455
-6.4602e-02,-0.285,-0.115
-6.4600e-02,-0.39,-0.42
-6.4598e-02,-0.33,-0.15
-6.4597e-02,-0.3,-0.43
-6.4595e-02,-0.29,-0.14
-6.4594e-02,-0.325,-0.44
-6.4592e-02,-0.345,-0.13
-6.4590e-02,-0.2,-0.415
-6.4589e-02,-0.285,-0.165
-6.4587e-02,-0.23,-0.43
-6.4586e-02,-0.325,-0.145
-6.4584e-02,-0.265,-0.425
-6.4582e-02,-0.275,-0.145
-6.4581e-02,-0.21,-0.45
-6.4579e-02,-0.255,-0.13
-6.4578e-02,-0.26,-0.42
-6.4576e-02,-0.265,-0.15
-6.4574e-02,-0.235,-0.43
-6.4573e-02,-0.28,-0.145
-6.4571e-02,-0.24,-0.445
-6.4570e-02,-0.245,-0.13
-6.4568e-02,-0.315,-0.435
-6.4566e-02,-0.36,-0.14
-6.4565e-02,-0.32,-0.44
-6.4563e-02,-0.28,-0.13
-6.4562e-02,-0.315,-0.43
-6.4560e-02,-0.24,-0.14
-6.4558e-02,-0.285,-0.425
-6.4557e-02,-0.19,-0.15
-6.4555e-02,-0.285,-0.455
-6.4554e-02,-0.225,-0.125
-6.4552e-02,-0.33,-0.44
-6.4550e-02,-0.225,-0.135
-6.4549e-02,-0.245,-0.41
-6.4547e-02,-0.29,-0.16
-6.4546e-02,-0.26,-0.455
-6.4544e-02,-0.28,-0.115
-6.4542e-02,-0.335,-0.43
-6.4541e-02,-0.33,-0.135
-6.4539e-02,-0.295,-0.44
-6.4538e-02,-0.29,-0.13
-6.4536e-02,-0.225,-0.455
-6.4534e-02,-0.265,-0.115
-6.4533e-02,-0.265,-0.445
-6.4531e-02,-0.255,-0.125
-6.4530e-02,-0.2,-0.415
-6.4528e-02,-0.235,-0.145
-6.4526e-02,-0.33,-0.445
-6.4525e-02,-0.355,-0.125
-6.4523e-02,-0.22,-0.435
-6.4522e-02,-0.33,-0.13
-6.4520e-02,-0.25,-0.435
-6.4518e-02,-0.38,-0.135
-6.4517e-02,-0.29,-0.435
-6.4515e-02,-0.29,-0.13
-6.4514e-02,-0.25,-0.42
-6.4512e-02,-0.295,-0.145
-6.4510e-02,-0.325,-0.435
-6.4509e-02,-0.25,-0.135
-6.4507e-02,-0.34,-0.445
-6.4506e-02,-0.265,-0.12
-6.4504e-02,-0.27,-0.415
-6.4502e-02,-0.295,-0.15
-6.4501e-02,-0.23,-0.425
-6.4499e-02,-0.21,-0.145
-6.4498e-02,-0.24,-0.44
-6.4496e-02,-0.23,-0.125
-6.4494e-02,-0.26,-0.45
-6.4493e-02,-0.37,-0.12
-6.4491e-02,-0.26,-0.45
-6.4490e-02,-0.3,-0.12
-6.4488e-02,-0.255,-0.44
-6.4486e-02,-0.3,-0.13
-6.4485e-02,-0.3,-0.46
-6.4483e-02,-0.295,-0.105
-6.4482e-02,-0.19,-0.43
-6.4480e-02,-0.275,-0.14
-6.4478e-02,-0.28,-0.445
-6.4477e-02,-0.335,-0.125
-6.4475e-02,-0.265,-0.44
-6.4474e-02,-0.315,-0.135
-6.4472e-02,-0.225,-0.455
-6.4470e-02,-0.295,-0.125
-6.4469e-02,-0.29,-0.42
-6.4467e-02,-0.29,-0.15
-6.4466e-02,-0.33,-0.45
-6.4464e-02,-0.315,-0.125
-6.4462e-02,-0.36,-0.44
-6.4461e-02,-0.32,-0.14
-6.4459e-02,-0.34,-0.455
-6.4458e-02,-0.245,-0.115
-6.4456e-02,-0.235,-0.435
-6.4454e-02,-0.215,-0.14
-6.4453e-02,-0.35,-0.435
-6.4451e-02,-0.24,-0.15
-6.4450e-02,-0.2,-0.415
-6.4448e-02,-0.265,-0.16
-6.4446e-02,-0.33,-0.455
-6.4445e-02,-0.305,-0.125
-6.4443e-02,-0.33,-0.44
-6.4442e-02,-0.33,-0.135
-6.4440e-02,-0.335,-0.435
-6.4438e-02,-0.365,-0.14
-6.4437e-02,-0.37,-0.45
-6.4435e-02,-0.275,-0.125
-6.4434e-02,-0.33,-0.425
-6.4432e-02,-0.245,-0.155
-6.4430e-02,-0.335,-0.465
-6.4429e-02,-0.28,-0.115
-6.4427e-02,-0.255,-0.42
-6.4426e-02,-0.31,-0.15
-6.4424e-02,-0.28,-0.43
-6.4422e-02,-0.3,-0.15
-6.4421e-02,-0.36,-0.425
-6.4419e-02,-0.315,-0.155
-6.4418e-02,-0.345,-0.44
-6.4416e-02,-0.26,-0.13
-6.4414e-02,-0.29,-0.48
-6.4413e-02,-0.31,-0.105
-6.4411e-02,-0.3,-0.465
-6.4410e-02,-0.285,-0.115
-6.4408e-02,-0.26,-0.42
-6.4406e-02,-0.35,-0.155
-6.4405e-02,-0.33,-0.485
-6.4403e-02,-0.28,-0.095
-6.4402e-02,-0.2,-0.45
-6.4400e-02,-0.315,-0.125
-6.4398e-02,-0.27,-0.445
-6.4397e-02,-0.36,-0.135
-6.4395e-02,-0.25,-0.45
-6.4394e-02,-0.24,-0.12
-6.4392e-02,-0.245,-0.425
-6.4390e-02,-0.25,-0.14
-6.4389e-02,-0.275,-0.465
-6.4387e-02,-0.29,-0.105
-6.4386e-02,-0.295,-0.45
-6.4384e-02,-0.315,-0.135
-6.4382e-02,-0.365,-0.42
-6.4381e-02,-0.33,-0.155
-6.4379e-02,-0.365,-0.43
-6.4378e-02,-0.245,-0.14
-6.4376e-02,-0.3,-0.44
-6.4374e-02,-0.23,-0.135
-6.4373e-02,-0.32,-0.45
-6.4371e-02,-0.31,-0.13
-6.4370e-02,-0.29,-0.44
-6.4368e-02,-0.19,-0.125
-6.4366e-02,-0.305,-0.45
-6.4365e-02,-0.285,-0.13
-6.4363e-02,-0.35,-0.455
-6.4362e-02,-0.25,-0.12
-6.4360e-02,-0.27,-0.44
-6.4358e-02,-0.26,-0.135
-6.4357e-02,-0.28,-0.44
-6.4355e-02,-0.305,-0.13
-6.4354e-02,-0.24,-0.445
-6.4352e-02,-0.22,-0.13
-6.4350e-02,-0.235,-0.445
-6.4349e-02,-0.255,-0.135
-6.4347e-02,-0.24,-0.43
-6.4346e-02,-0.29,-0.145
-6.4344e-02,-0.21,-0.475
-6.4342e-02,-0.34,-0.11
-6.4341e-02,-0.28,-0.445
-6.4339e-02,-0.38,-0.135
-6.4338e-02,-0.355,-0.455
-6.4336e-02,-0.3,-0.12
-6.4334e-02,-0.34,-0.425
-6.4333e-02,-0.365,-0.15
-6.4331e-02,-0.375,-0.44
-6.4330e-02,-0.31,-0.135
-6.4328e-02,-0.285,-0.44
-6.4326e-02,-0.24,-0.135
-6.4325e-02,-0.335,-0.455
-6.4323e-02,-0.31,-0.125
-6.4322e-02,-0.345,-0.43
-6.4320e-02,-0.335,-0.145
-6.4318e-02,-0.31,-0.465
-6.4317e-02,-0.27,-0.125
-6.4315e-02,-0.35,-0.44
-6.4314e-02,-0.285,-0.14
-6.4312e-02,-0.335,-0.425
-6.4310e-02,-0.26,-0.155
-6.4309e-02,-0.33,-0.45
-6.4307e-02,-0.225,-0.13
-6.4306e-02,-0.35,-0.445
-6.4304e-02,-0.235,-0.14
-6.4302e-02,-0.295,-0.43
-6.4301e-02,-0.235,-0.155
-6.4299e-02,-0.3,-0.43
-6.4298e-02,-0.37,-0.145
-6.4296e-02,-0.295,-0.435
-6.4294e-02,-0.26,-0.15
-6.4293e-02,-0.325,-0.48
-6.4291e-02,-0.28,-0.095
-6.4290e-02,-0.365,-0.44
-6.4288e-02,-0.26,-0.14
-6.4286e-02,-0.33,-0.43
-6.4285e-02,-0.31,-0.145
-6.4283e-02,-0.29,-0.445
-6.4282e-02,-0.295,-0.135
-6.4280e-02,-0.265,-0.465
-6.4278e-02,-0.25,-0.12
-6.4277e-02,-0.315,-0.445
-6.4275e-02,-0.28,-0.14
-6.4274e-02,-0.39,-0.43
-6.4272e-02,-0.34,-0.155
-6.4270e-02,-0.385,-0.43
-6.4269e-02,-0.22,-0.155
-6.4267e-02,-0.32,-0.425
-6.4266e-02,-0.205,-0.15
-6.4264e-02,-0.285,-0.42
-6.4262e-02,-0.275,-0.155
-6.4261e-02,-0.225,-0.43
-6.4259e-02,-0.21,-0.15
-6.4258e-02,-0.32,-0.42
-6.4256e-02,-0.255,-0.155
-6.4254e-02,-0.35,-0.43
-6.4253e-02,-0.23,-0.15
-6.4251e-02,-0.345,-0.43
-6.4250e-02,-0.3,-0.145
-6.4248e-02,-0.355,-0.455
-6.4246e-02,-0.335,-0.125
-6.4245e-02,-0.22,-0.44
-6.4243e-02,-0.27,-0.14
-6.4242e-02,-0.18,-0.44
-6.4240e-02,-0.255,-0.135
-6.4238e-02,-0.215,-0.445
-6.4237e-02,-0.355,-0.135
-6.4235e-02,-0.22,-0.445
-6.4234e-02,-0.3,-0.135
-6.4232e-02,-0.315,-0.44
-6.4230e-02,-0.34,-0.135
-6.4229e-02,-0.365,-0.44
-6.4227e-02,-0.255,-0.135
-6.4226e-02,-0.31,-0.43
-6.4224e-02,-0.285,-0.145
-6.4222e-02,-0.36,-0.435
-6.4221e-02,-0.28,-0.145
-6.4219e-02,-0.325,-0.45
-6.4218e-02,-0.26,-0.125
-6.4216e-02,-0.36,-0.425
-6.4214e-02,-0.255,-0.15
-6.4213e-02,-0.33,-0.44
-6.4211e-02,-0.36,-0.135
-6.4210e-02,-0.33,-0.445
-6.4208e-02,-0.3,-0.13
-6.4206e-02,-0.325,-0.435
-6.4205e-02,-0.315,-0.135
-6.4203e-02,-0.4,-0.45
-6.4202e-02,-0.29,-0.13
-6.4200e-02,-0.325,-0.44
-6.4198e-02,-0.25,-0.13
-6.4197e-02,-0.355,-0.455
-6.4195e-02,-0.29,-0.125
-6.4194e-02,-0.295,-0.43
-6.4192e-02,-0.235,-0.145
-6.4190e-02,-0.275,-0.42
-6.4189e-02,-0.225,-0.15
-6.4187e-02,-0.335,-0.445
-6.4186e-02,-0.3,-0.13
-6.4184e-02,-0.28,-0.43
-6.4182e-02,-0.245,-0.15
-6.4181e-02,-0.25,-0.455
-6.4179e-02,-0.235,-0.125
-6.4178e-02,-0.33,-0.43
-6.4176e-02,-0.255,-0.15
-6.4174e-02,-0.34,-0.43
-6.4173e-02,-0.29,-0.15
-6.4171e-02,-0.35,-0.43
-6.4170e-02,-0.31,-0.15
-6.4168e-02,-0.28,-0.43
-6.4166e-02,-0.265,-0.15
-6.4165e-02,-0.26,-0.42
-6.4163e-02,-0.245,-0.16
-6.4162e-02,-0.335,-0.43
-6.4160e-02,-0.315,-0.15
-6.4158e-02,-0.255,-0.435
-6.4157e-02,-0.285,-0.145
-6.4155e-02,-0.28,-0.415
-6.4154e-02,-0.3,-0.165
-6.4152e-02,-0.35,-0.435
-6.4150e-02,-0.375,-0.145
-6.4149e-02,-0.345,-0.45
-6.4147e-02,-0.32,-0.135
-6.4146e-02,-0.275,-0.43
-6.4144e-02,-0.34,-0.155
-6.4142e-02,-0.275,-0.45
-6.4141e-02,-0.31,-0.13
-6.4139e-02,-0.155,-0.44
-6.4138e-02,-0.345,-0.15
-6.4136e-02,-0.275,-0.465
-6.4134e-02,-0.355,-0.12
-6.4133e-02,-0.24,-0.45
-6.4131e-02,-0.35,-0.135
-6.4130e-02,-0.3,-0.425
-6.4128e-02,-0.365,-0.16
-6.4126e-02,-0.355,-0.46
-6.4125e-02,-0.34,-0.13
-6.4123e-02,-0.36,-0.45
-6.4122e-02,-0.29,-0.145
-6.4120e-02,-0.36,-0.43
-6.4118e-02,-0.305,-0.155
-6.4117e-02,-0.36,-0.43
-6.4115e-02,-0.28,-0.15
-6.4114e-02,-0.26,-0.44
-6.4112e-02,-0.265,-0.14
-6.4110e-02,-0.335,-0.42
-6.4109e-02,-0.315,-0.16
-6.4107e-02,-0.355,-0.455
-6.4106e-02,-0.235,-0.13
-6.4104e-02,-0.35,-0.425
-6.4102e-02,-0.3,-0.15
-6.4101e-02,-0.38,-0.415
-6.4099e-02,-0.315,-0.165
-6.4098e-02,-0.32,-0.435
-6.4096e-02,-0.3,-0.15
-6.4094e-02,-0.365,-0.43
-6.4093e-02,-0.32,-0.15
-6.4091e-02,-0.365,-0.44
-6.4090e-02,-0.275,-0.145
-6.4088e-02,-0.29,-0.43
-6.4086e-02,-0.295,-0.15
-6.4085e-02,-0.285,-0.445
-6.4083e-02,-0.36,-0.145
-6.4082e-02,-0.255,-0.455
-6.4080e-02,-0.325,-0.13
-6.4078e-02,-0.245,-0.465
-6.4077e-02,-0.32,-0.115
-6.4075e-02,-0.29,-0.46
-6.4074e-02,-0.235,-0.105
-6.4072e-02,-0.185,-0.44
-6.4070e-02,-0.285,-0.135
-6.4069e-02,-0.28,-0.45
-6.4067e-02,-0.335,-0.13
-6.4066e-02,-0.25,-0.44
-6.4064e-02,-0.315,-0.135
-6.4062e-02,-0.285,-0.43
-6.4061e-02,-0.39,-0.155
-6.4059e-02,-0.265,-0.45
-6.4058e-02,-0.27,-0.14
-6.4056e-02,-0.235,-0.425
-6.4054e-02,-0.27,-0.15
-6.4053e-02,-0.295,-0.435
-6.4051e-02,-0.26,-0.135
-6.4050e-02,-0.305,-0.445
-6.4048e-02,-0.28,-0.135
-6.4046e-02,-0.315,-0.425
-6.4045e-02,-0.35,-0.155
-6.4043e-02,-0.34,-0.44
-6.4042e-02,-0.29,-0.145
-6.4040e-02,-0.245,-0.44
-6.4038e-02,-0.265,-0.14
-6.4037e-02,-0.285,-0.445
-6.4035e-02,-0.28,-0.125
-6.4034e-02,-0.21,-0.445
-6.4032e-02,-0.255,-0.145
-6.4030e-02,-0.27,-0.455
-6.4029e-02,-0.36,-0.13
-6.4027e-02,-0.355,-0.43
-6.4026e-02,-0.305,-0.155
-6.4024e-02,-0.355,-0.44
-6.4022e-02,-0.295,-0.14
-6.4021e-02,-0.29,-0.44
-6.4019e-02,-0.28,-0.14
-6.4018e-02,-0.195,-0.45
-6.4016e-02,-0.21,-0.135
-6.4014e-02,-0.29,-0.45
-6.4013e-02,-0.28,-0.135
-6.4011e-02,-0.28,-0.44
-6.4010e-02,-0.265,-0.15
-6.4008e-02,-0.23,-0.445
-6.4006e-02,-0.255,-0.145
-6.4005e-02,-0.35,-0.42
-6.4003e-02,-0.27,-0.165
-6.4002e-02,-0.355,-0.435
-6.4000e-02,-0.24,-0.16
-6.3998e-02,-0.29,-0.46
-6.3997e-02,-0.235,-0.135
-6.3995e-02,-0.28,-0.46
-6.3994e-02,-0.245,-0.13
-6.3992e-02,-0.225,-0.455
-6.3990e-02,-0.2,-0.14
-6.3989e-02,-0.295,-0.455
-6.3987e-02,-0.325,-0.135
-6.3986e-02,-0.28,-0.44
-6.3984e-02,-0.26,-0.15
-6.3982e-02,-0.265,-0.445
-6.3981e-02,-0.355,-0.145
-6.3979e-02,-0.175,-0.49
-6.3978e-02,-0.285,-0.1
-6.3976e-02,-0.125,-0.435
-6.3974e-02,-0.25,-0.155
-6.3973e-02,-0.25,-0.475
-6.3971e-02,-0.28,-0.125
-6.3970e-02,-0.295,-0.44
-6.3968e-02,-0.31,-0.15
-6.3966e-02,-0.315,-0.455
-6.3965e-02,-0.25,-0.14
-6.3963e-02,-0.355,-0.435
-6.3962e-02,-0.21,-0.145
-6.3960e-02,-0.26,-0.45
-6.3958e-02,-0.205,-0.145
-6.3957e-02,-0.27,-0.47
-6.3955e-02,-0.27,-0.125
-6.3954e-02,-0.36,-0.455
-6.3952e-02,-0.26,-0.14
-6.3950e-02,-0.33,-0.435
-6.3949e-02,-0.345,-0.15
-6.3947e-02,-0.33,-0.435
-6.3946e-02,-0.32,-0.155
-6.3944e-02,-0.295,-0.44
-6.3942e-02,-0.255,-0.14
-6.3941e-02,-0.31,-0.445
-6.3939e-02,-0.31,-0.145
-6.3938e-02,-0.305,-0.425
-6.3936e-02,-0.265,-0.155
-6.3934e-02,-0.315,-0.435
-6.3933e-02,-0.27,-0.145
-6.3931e-02,-0.285,-0.44
-6.3930e-02,-0.255,-0.15
-6.3928e-02,-0.245,-0.41
-6.3926e-02,-0.32,-0.165
-6.3925e-02,-0.285,-0.42
-6.3923e-02,-0.31,-0.16
-6.3922e-02,-0.345,-0.45
-6.3920e-02,-0.285,-0.125
-6.3918e-02,-0.27,-0.445
-6.3917e-02,-0.325,-0.145
-6.3915e-02,-0.3,-0.455
-6.3914e-02,-0.34,-0.12
-6.3912e-02,-0.275,-0.43
-6.3910e-02,-0.265,-0.145
-6.3909e-02,-0.285,-0.455
-6.3907e-02,-0.34,-0.125
-6.3906e-02,-0.195,-0.435
-6.3904e-02,-0.28,-0.15
-6.3902e-02,-0.155,-0.43
-6.3901e-02,-0.235,-0.15
-6.3899e-02,-0.21,-0.435
-6.3898e-02,-0.22,-0.15
-6.3896e-02,-0.215,-0.415
-6.3894e-02,-0.255,-0.16
-6.3893e-02,-0.235,-0.425
-6.3891e-02,-0.28,-0.155
-6.3890e-02,-0.295,-0.445
-6.3888e-02,-0.315,-0.14
-6.3886e-02,-0.26,-0.44
-6.3885e-02,-0.275,-0.145
-6.3883e-02,-0.265,-0.45
-6.3882e-02,-0.315,-0.135
-6.3880e-02,-0.295,-0.445
-6.3878e-02,-0.235,-0.14
-6.3877e-02,-0.28,-0.465
-6.3875e-02,-0.3,-0.12
-6.3874e-02,-0.325,-0.465
-6.3872e-02,-0.325,-0.12
-6.3870e-02,-0.265,-0.445
-6.3869e-02,-0.36,-0.135
-6.3867e-02,-0.325,-0.44
-6.3866e-02,-0.305,-0.15
-6.3864e-02,-0.275,-0.435
-6.3862e-02,-0.205,-0.155
-6.3861e-02,-0.32,-0.465
-6.3859e-02,-0.3,-0.13
-6.3858e-02,-0.345,-0.47
-6.3856e-02,-0.32,-0.125
-6.3854e-02,-0.36,-0.44
-6.3853e-02,-0.23,-0.15
-6.3851e-02,-0.3,-0.445
-6.3850e-02,-0.27,-0.145
-6.3848e-02,-0.25,-0.425
-6.3846e-02,-0.255,-0.165
-6.3845e-02,-0.22,-0.435
-6.3843e-02,-0.22,-0.165
-6.3842e-02,-0.3,-0.435
-6.3840e-02,-0.32,-0.165
-6.3838e-02,-0.255,-0.445
-6.3837e-02,-0.345,-0.145
-6.3835e-02,-0.235,-0.46
-6.3834e-02,-0.34,-0.145
-6.3832e-02,-0.34,-0.465
-6.3830e-02,-0.28,-0.14
-6.3829e-02,-0.295,-0.465
-6.3827e-02,-0.205,-0.13
-6.3826e-02,-0.315,-0.455
-6.3824e-02,-0.215,-0.135
-6.3822e-02,-0.35,-0.46
-6.3821e-02,-0.225,-0.135
-6.3819e-02,-0.295,-0.455
-6.3818e-02,-0.28,-0.135
-6.3816e-02,-0.265,-0.465
-6.3814e-02,-0.32,-0.135
-6.3813e-02,-0.25,-0.425
-6.3811e-02,-0.255,-0.17
-6.3810e-02,-0.26,-0.465
-6.3808e-02,-0.305,-0.125
-6.3806e-02,-0.325,-0.455
-6.3805e-02,-0.35,-0.145
-6.3803e-02,-0.345,-0.425
-6.3802e-02,-0.305,-0.165
-6.3800e-02,-0.39,-0.445
-6.3798e-02,-0.34,-0.145
-6.3797e-02,-0.23,-0.445
-6.3795e-02,-0.305,-0.145
-6.3794e-02,-0.23,-0.45
-6.3792e-02,-0.28,-0.14
-6.3790e-02,-0.255,-0.445
-6.3789e-02,-0.305,-0.15
-6.3787e-02,-0.25,-0.435
-6.3786e-02,-0.295,-0.16
-6.3784e-02,-0.265,-0.435
-6.3782e-02,-0.25,-0.155
-6.3781e-02,-0.385,-0.465
-6.3779e-02,-0.315,-0.12
-6.3778e-02,-0.33,-0.415
-6.3776e-02,-0.32,-0.165
-6.3774e-02,-0.305,-0.435
-6.3773e-02,-0.365,-0.15
-6.3771e-02,-0.365,-0.43
-6.3770e-02,-0.32,-0.155
-6.3768e-02,-0.305,-0.455
-6.3766e-02,-0.29,-0.135
-6.3765e-02,-0.33,-0.435
-6.3763e-02,-0.26,-0.135
-6.3762e-02,-0.27,-0.45
-6.3760e-02,-0.265,-0.135
-6.3758e-02,-0.225,-0.435
-6.3757e-02,-0.225,-0.15
-6.3755e-02,-0.335,-0.435
-6.3754e-02,-0.3,-0.15
-6.3752e-02,-0.345,-0.435
-6.3750e-02,-0.245,-0.145
-6.3749e-02,-0.275,-0.45
-6.3747e-02,-0.275,-0.13
-6.3746e-02,-0.345,-0.45
-6.3744e-02,-0.32,-0.135
-6.3742e-02,-0.28,-0.43
-6.3741e-02,-0.285,-0.15
-6.3739e-02,-0.27,-0.435
-6.3738e-02,-0.29,-0.15
-6.3736e-02,-0.295,-0.445
-6.3734e-02,-0.325,-0.145
-6.3733e-02,-0.345,-0.43
-6.3731e-02,-0.24,-0.16
-6.3730e-02,-0.385,-0.425
-6.3728e-02,-0.275,-0.16
-6.3726e-02,-0.31,-0.44
-6.3725e-02,-0.275,-0.145
-6.3723e-02,-0.23,-0.445
-6.3722e-02,-0.205,-0.145
-6.3720e-02,-0.35,-0.44
-6.3718e-02,-0.3,-0.15
-6.3717e-02,-0.26,-0.44
-6.3715e-02,-0.215,-0.145
-6.3714e-02,-0.34,-0.47
-6.3712e-02,-0.36,-0.115
-6.3710e-02,-0.305,-0.465
-6.3709e-02,-0.35,-0.13
-6.3707e-02,-0.29,-0.43
-6.3706e-02,-0.255,-0.16
-6.3704e-02,-0.315,-0.455
-6.3702e-02,-0.29,-0.135
-6.3701e-02,-0.28,-0.465
-6.3699e-02,-0.26,-0.135
-6.3698e-02,-0.265,-0.455
-6.3696e-02,-0.26,-0.135
-6.3694e-02,-0.255,-0.46
-6.3693e-02,-0.285,-0.14
-6.3691e-02,-0.3,-0.43
-6.3690e-02,-0.17,-0.165
-6.3688e-02,-0.25,-0.47
-6.3686e-02,-0.235,-0.13
-6.3685e-02,-0.39,-0.455
-6.3683e-02,-0.28,-0.14
-6.3682e-02,-0.275,-0.45
-6.3680e-02,-0.315,-0.155
-6.3678e-02,-0.33,-0.45
-6.3677e-02,-0.325,-0.145
-6.3675e-02,-0.25,-0.445
-6.3674e-02,-0.29,-0.145
-6.3672e-02,-0.21,-0.47
-6.3670e-02,-0.245,-0.13
-6.3669e-02,-0.295,-0.44
-6.3667e-02,-0.21,-0.165
-6.3666e-02,-0.28,-0.465
-6.3664e-02,-0.235,-0.135
-6.3662e-02,-0.31,-0.435
-6.3661e-02,-0.24,-0.165
-6.3659e-02,-0.285,-0.44
-6.3658e-02,-0.225,-0.155
-6.3656e-02,-0.195,-0.455
-6.3654e-02,-0.23,-0.145
-6.3653e-02,-0.26,-0.44
-6.3651e-02,-0.27,-0.155
-6.3650e-02,-0.215,-0.46
-6.3648e-02,-0.215,-0.135
-6.3646e-02,-0.36,-0.46
-6.3645e-02,-0.29,-0.14
-6.3643e-02,-0.315,-0.44
-6.3642e-02,-0.28,-0.155
-6.3640e-02,-0.315,-0.455
-6.3638e-02,-0.32,-0.14
-6.3637e-02,-0.335,-0.46
-6.3635e-02,-0.27,-0.135
-6.3634e-02,-0.29,-0.44
-6.3632e-02,-0.205,-0.155
-6.3630e-02,-0.28,-0.435
-6.3629e-02,-0.27,-0.16
-6.3627e-02,-0.31,-0.41
-6.3626e-02,-0.29,-0.175
-6.3624e-02,-0.28,-0.425
-6.3622e-02,-0.36,-0.16
-6.3621e-02,-0.27,-0.445
-6.3619e-02,-0.31,-0.145
-6.3618e-02,-0.27,-0.445
-6.3616e-02,-0.275,-0.145
-6.3614e-02,-0.33,-0.445
-6.3613e-02,-0.34,-0.145
-6.3611e-02,-0.335,-0.455
-6.3610e-02,-0.215,-0.13
-6.3608e-02,-0.33,-0.45
-6.3606e-02,-0.35,-0.14
-6.3605e-02,-0.38,-0.485
-6.3603e-02,-0.28,-0.105
-6.3602e-02,-0.26,-0.475
-6.3600e-02,-0.335,-0.125
-6.3598e-02,-0.325,-0.445
-6.3597e-02,-0.275,-0.145
-6.3595e-02,-0.285,-0.43
-6.3594e-02,-0.25,-0.16
-6.3592e-02,-0.24,-0.47
-6.3590e-02,-0.3,-0.125
-6.3589e-02,-0.2,-0.445
-6.3587e-02,-0.19,-0.14
-6.3586e-02,-0.185,-0.42
-6.3584e-02,-0.31,-0.165
-6.3582e-02,-0.28,-0.465
-6.3581e-02,-0.33,-0.135
-6.3579e-02,-0.315,-0.44
-6.3578e-02,-0.35,-0.155
-6.3576e-02,-0.325,-0.445
-6.3574e-02,-0.315,-0.14
-6.3573e-02,-0.31,-0.46
-6.3571e-02,-0.265,-0.125
-6.3570e-02,-0.27,-0.435
-6.3568e-02,-0.275,-0.155
-6.3566e-02,-0.26,-0.44
-6.3565e-02,-0.32,-0.15
-6.3563e-02,-0.28,-0.445
-6.3562e-02,-0.255,-0.15
-6.3560e-02,-0.35,-0.46
-6.3558e-02,-0.305,-0.14
-6.3557e-02,-0.21,-0.475
-6.3555e-02,-0.27,-0.115
-6.3554e-02,-0.225,-0.45
-6.3552e-02,-0.3,-0.145
-6.3550e-02,-0.23,-0.475
-6.3549e-02,-0.295,-0.125
-6.3547e-02,-0.195,-0.45
-6.3546e-02,-0.345,-0.15
-6.3544e-02,-0.315,-0.46
-6.3542e-02,-0.325,-0.135
-6.3541e-02,-0.215,-0.44
-6.3539e-02,-0.315,-0.16
-6.3538e-02,-0.27,-0.475
-6.3536e-02,-0.39,-0.125
-6.3534e-02,-0.225,-0.445
-6.3533e-02,-0.28,-0.155
-6.3531e-02,-0.25,-0.455
-6.3530e-02,-0.275,-0.14
-6.3528e-02,-0.245,-0.465
-6.3526e-02,-0.275,-0.13
-6.3525e-02,-0.31,-0.45
-6.3523e-02,-0.265,-0.145
-6.3522e-02,-0.35,-0.46
-6.3520e-02,-0.29,-0.135
-6.3518e-02,-0.33,-0.455
-6.3517e-02,-0.32,-0.14
-6.3515e-02,-0.29,-0.455
-6.3514e-02,-0.39,-0.145
-6.3512e-02,-0.345,-0.46
-6.3510e-02,-0.355,-0.135
-6.3509e-02,-0.335,-0.445
-6.3507e-02,-0.3,-0.15
-6.3506e-02,-0.315,-0.445
-6.3504e-02,-0.32,-0.15
-6.3502e-02,-0.32,-0.45
-6.3501e-02,-0.19,-0.15
-6.3499e-02,-0.32,-0.445
-6.3498e-02,-0.38,-0.155
-6.3496e-02,-0.28,-0.46
-6.3494e-02,-0.31,-0.13
-6.3493e-02,-0.275,-0.455
-6.3491e-02,-0.25,-0.14
-6.3490e-02,-0.37,-0.435
-6.3488e-02,-0.21,-0.155
-6.3486e-02,-0.295,-0.45
-6.3485e-02,-0.265,-0.135
-6.3483e-02,-0.265,-0.455
-6.3482e-02,-0.345,-0.15
-6.3480e-02,-0.305,-0.49
-6.3478e-02,-0.255,-0.11
-6.3477e-02,-0.32,-0.465
-6.3475e-02,-0.315,-0.135
-6.3474e-02,-0.265,-0.45
-6.3472e-02,-0.33,-0.145
-6.3470e-02,-0.335,-0.465
-6.3469e-02,-0.27,-0.135
-6.3467e-02,-0.295,-0.45
-6.3466e-02,-0.295,-0.145
-6.3464e-02,-0.295,-0.46
-6.3462e-02,-0.32,-0.135
-6.3461e-02,-0.165,-0.47
-6.3459e-02,-0.275,-0.125
-6.3458e-02,-0.23,-0.47
-6.3456e-02,-0.285,-0.12
-6.3454e-02,-0.25,-0.485
-6.3453e-02,-0.24,-0.11
-6.3451e-02,-0.3,-0.45
-6.3450e-02,-0.395,-0.14
-6.3448e-02,-0.32,-0.455
-6.3446e-02,-0.27,-0.14
-6.3445e-02,-0.31,-0.465
-6.3443e-02,-0.24,-0.135
-6.3442e-02,-0.355,-0.465
-6.3440e-02,-0.26,-0.135
-6.3438e-02,-0.31,-0.475
-6.3437e-02,-0.285,-0.125
-6.3435e-02,-0.31,-0.495
-6.3434e-02,-0.335,-0.1
-6.3432e-02,-0.385,-0.47
-6.3430e-02,-0.315,-0.13
-6.3429e-02,-0.375,-0.45
-6.3427e-02,-0.285,-0.155
-6.3426e-02,-0.35,-0.475
-6.3424e-02,-0.32,-0.125
-6.3422e-02,-0.435,-0.45
-6.3421e-02,-0.26,-0.15
-6.3419e-02,-0.3,-0.495
-6.3418e-02,-0.27,-0.11
-6.3416e-02,-0.355,-0.485
-6.3414e-02,-0.315,-0.125
-6.3413e-02,-0.28,-0.47
-6.3411e-02,-0.26,-0.13
-6.3410e-02,-0.275,-0.475
-6.3408e-02,-0.31,-0.13
-6.3406e-02,-0.34,-0.465
-6.3405e-02,-0.29,-0.145
-6.3403e-02,-0.31,-0.44
-6.3402e-02,-0.31,-0.165
-6.3400e-02,-0.31,-0.475
-6.3398e-02,-0.33,-0.125
-6.3397e-02,-0.35,-0.455
-6.3395e-02,-0.315,-0.145
-6.3394e-02,-0.35,-0.46
-6.3392e-02,-0.25,-0.145
-6.3390e-02,-0.335,-0.465
-6.3389e-02,-0.31,-0.14
-6.3387e-02,-0.26,-0.455
-6.3386e-02,-0.4,-0.145
-6.3384e-02,-0.315,-0.445
-6.3382e-02,-0.445,-0.155
-6.3381e-02,-0.34,-0.465
-6.3379e-02,-0.255,-0.14
-6.3378e-02,-0.28,-0.47
-6.3376e-02,-0.215,-0.13
-6.3374e-02,-0.3,-0.44
-6.3373e-02,-0.255,-0.15
-6.3371e-02,-0.215,-0.465
-6.3370e-02,-0.245,-0.13
-6.3368e-02,-0.345,-0.47
-6.3366e-02,-0.34,-0.13
-6.3365e-02,-0.375,-0.47
-6.3363e-02,-0.31,-0.135
-6.3362e-02,-0.355,-0.455
-6.3360e-02,-0.285,-0.145
-6.3358e-02,-0.315,-0.48
-6.3357e-02,-0.25,-0.12
-6.3355e-02,-0.28,-0.48
-6.3354e-02,-0.25,-0.125
-6.3352e-02,-0.245,-0.455
-6.3350e-02,-0.29,-0.145
-6.3349e-02,-0.28,-0.465
-6.3347e-02,-0.305,-0.14
-6.3346e-02,-0.21,-0.455
-6.3344e-02,-0.245,-0.15
-6.3342e-02,-0.3,-0.465
-6.3341e-02,-0.275,-0.135
-6.3339e-02,-0.355,-0.47
-6.3338e-02,-0.245,-0.135
-6.3336e-02,-0.315,-0.45
-6.3334e-02,-0.305,-0.145
-6.3333e-02,-0.355,-0.45
-6.3331e-02,-0.235,-0.145
-6.3330e-02,-0.28,-0.455
-6.3328e-02,-0.23,-0.145
-6.3326e-02,-0.29,-0.47
-6.3325e-02,-0.25,-0.125
-6.3323e-02,-0.305,-0.465
-6.3322e-02,-0.3,-0.13
-6.3320e-02,-0.295,-0.45
-6.3318e-02,-0.245,-0.14
-6.3317e-02,-0.355,-0.455
-6.3315e-02,-0.23,-0.14
-6.3314e-02,-0.37,-0.455
-6.3312e-02,-0.24,-0.14
-6.3310e-02,-0.275,-0.44
-6.3309e-02,-0.305,-0.15
-6.3307e-02,-0.3,-0.45
-6.3306e-02,-0.38,-0.145
-6.3304e-02,-0.3,-0.465
-6.3302e-02,-0.265,-0.135
-6.3301e-02,-0.35,-0.46
-6.3299e-02,-0.315,-0.14
-6.3298e-02,-0.365,-0.45
-6.3296e-02,-0.245,-0.15
-6.3294e-02,-0.21,-0.45
-6.3293e-02,-0.31,-0.15
-6.3291e-02,-0.21,-0.45
-6.3290e-02,-0.305,-0.145
-6.3288e-02,-0.27,-0.485
-6.3286e-02,-0.235,-0.12
-6.3285e-02,-0.225,-0.465
-6.3283e-02,-0.305,-0.14
-6.3282e-02,-0.23,-0.485
-6.3280e-02,-0.265,-0.13
-6.3278e-02,-0.2,-0.475
-6.3277e-02,-0.18,-0.14
-6.3275e-02,-0.305,-0.465
-6.3274e-02,-0.225,-0.14
-6.3272e-02,-0.365,-0.5
-6.3270e-02,-0.29,-0.115
-6.3269e-02,-0.27,-0.46
-6.3267e-02,-0.355,-0.145
-6.3266e-02,-0.36,-0.485
-6.3264e-02,-0.415,-0.13
-6.3262e-02,-0.31,-0.45
-6.3261e-02,-0.25,-0.16
-6.3259e-02,-0.275,-0.495
-6.3258e-02,-0.315,-0.11
-6.3256e-02,-0.25,-0.475
-6.3254e-02,-0.29,-0.135
-6.3253e-02,-0.29,-0.48
-6.3251e-02,-0.275,-0.13
-6.3250e-02,-0.345,-0.45
-6.3248e-02,-0.305,-0.16
-6.3246e-02,-0.375,-0.465
-6.3245e-02,-0.28,-0.155
-6.3243e-02,-0.28,-0.48
-6.3242e-02,-0.37,-0.135
-6.3240e-02,-0.28,-0.465
-6.3238e-02,-0.355,-0.155
-6.3237e-02,-0.28,-0.48
-6.3235e-02,-0.25,-0.135
-6.3234e-02,-0.345,-0.46
-6.3232e-02,-0.365,-0.15
-6.3230e-02,-0.275,-0.47
-6.3229e-02,-0.41,-0.14
-6.3227e-02,-0.23,-0.48
-6.3226e-02,-0.43,-0.135
-6.3224e-02,-0.27,-0.475
-6.3222e-02,-0.31,-0.14
-6.3221e-02,-0.305,-0.5
-6.3219e-02,-0.34,-0.105
-6.3218e-02,-0.39,-0.47
-6.3216e-02,-0.41,-0.135
-6.3214e-02,-0.34,-0.49
-6.3213e-02,-0.28,-0.12
-6.3211e-02,-0.34,-0.48
-6.3210e-02,-0.31,-0.125
-6.3208e-02,-0.215,-0.455
-6.3206e-02,-0.29,-0.15
-6.3205e-02,-0.23,-0.485
-6.3203e-02,-0.27,-0.115
-6.3202e-02,-0.305,-0.51
-6.3200e-02,-0.285,-0.095
-6.3198e-02,-0.34,-0.445
-6.3197e-02,-0.22,-0.155
-6.3195e-02,-0.325,-0.47
-6.3194e-02,-0.26,-0.13
-6.3192e-02,-0.345,-0.455
-6.3190e-02,-0.23,-0.14
-6.3189e-02,-0.31,-0.465
-6.3187e-02,-0.23,-0.135
-6.3186e-02,-0.345,-0.48
-6.3184e-02,-0.35,-0.11
-6.3182e-02,-0.235,-0.475
-6.3181e-02,-0.36,-0.125
-6.3179e-02,-0.335,-0.45
-6.3178e-02,-0.41,-0.145
-6.3176e-02,-0.34,-0.45
-6.3174e-02,-0.335,-0.145
-6.3173e-02,-0.275,-0.445
-6.3171e-02,-0.355,-0.15
-6.3170e-02,-0.315,-0.465
-6.3168e-02,-0.285,-0.13
-6.3166e-02,-0.25,-0.46
-6.3165e-02,-0.23,-0.14
-6.3163e-02,-0.305,-0.45
-6.3162e-02,-0.315,-0.14
-6.3160e-02,-0.25,-0.455
-6.3158e-02,-0.27,-0.14
-6.3157e-02,-0.31,-0.48
-6.3155e-02,-0.245,-0.13
-6.3154e-02,-0.41,-0.465
-6.3152e-02,-0.26,-0.13
-6.3150e-02,-0.33,-0.45
-6.3149e-02,-0.33,-0.15
-6.3147e-02,-0.33,-0.46
-6.3146e-02,-0.335,-0.14
-6.3144e-02,-0.345,-0.455
-6.3142e-02,-0.21,-0.145
-6.3141e-02,-0.365,-0.5
-6.3139e-02,-0.175,-0.115
-6.3138e-02,-0.31,-0.48
-6.3136e-02,-0.19,-0.12
-6.3134e-02,-0.22,-0.45
-6.3133e-02,-0.255,-0.15
-6.3131e-02,-0.32,-0.445
-6.3130e-02,-0.285,-0.15
-6.3128e-02,-0.39,-0.465
-6.3126e-02,-0.275,-0.14
-6.3125e-02,-0.375,-0.49
-6.3123e-02,-0.405,-0.125
-6.3122e-02,-0.29,-0.505
-6.3120e-02,-0.315,-0.105
-6.3118e-02,-0.245,-0.47
-6.3117e-02,-0.32,-0.14
-6.3115e-02,-0.34,-0.475
-6.3114e-02,-0.305,-0.135
-6.3112e-02,-0.26,-0.46
-6.3110e-02,-0.325,-0.15
-6.3109e-02,-0.305,-0.475
-6.3107e-02,-0.365,-0.13
-6.3106e-02,-0.285,-0.47
-6.3104e-02,-0.275,-0.145
-6.3102e-02,-0.28,-0.485
-6.3101e-02,-0.265,-0.13
-6.3099e-02,-0.285,-0.465
-6.3098e-02,-0.23,-0.145
-6.3096e-02,-0.3,-0.46
-6.3094e-02,-0.24,-0.15
-6.3093e-02,-0.29,-0.46
-6.3091e-02,-0.345,-0.145
-6.3090e-02,-0.27,-0.475
-6.3088e-02,-0.345,-0.135
-6.3086e-02,-0.25,-0.48
-6.3085e-02,-0.295,-0.145
-6.3083e-02,-0.34,-0.465
-6.3082e-02,-0.28,-0.15
-6.3080e-02,-0.315,-0.465
-6.3078e-02,-0.3,-0.15
-6.3077e-02,-0.285,-0.495
-6.3075e-02,-0.435,-0.125
-6.3074e-02,-0.28,-0.5
-6.3072e-02,-0.37,-0.11
-6.3070e-02,-0.245,-0.48
-6.3069e-02,-0.33,-0.135
-6.3067e-02,-0.285,-0.485
-6.3066e-02,-0.255,-0.125
-6.3064e-02,-0.19,-0.45
-6.3062e-02,-0.175,-0.15
-6.3061e-02,-0.285,-0.5
-6.3059e-02,-0.26,-0.115
-6.3058e-02,-0.27,-0.465
-6.3056e-02,-0.28,-0.14
-6.3054e-02,-0.29,-0.45
-6.3053e-02,-0.33,-0.155
-6.3051e-02,-0.345,-0.445
-6.3050e-02,-0.34,-0.16
-6.3048e-02,-0.35,-0.485
-6.3046e-02,-0.35,-0.12
-6.3045e-02,-0.255,-0.46
-6.3043e-02,-0.28,-0.14
-6.3042e-02,-0.33,-0.45
-6.3040e-02,-0.21,-0.15
-6.3038e-02,-0.245,-0.455
-6.3037e-02,-0.285,-0.14
-6.3035e-02,-0.265,-0.44
-6.3034e-02,-0.395,-0.16
-6.3032e-02,-0.25,-0.47
-6.3030e-02,-0.27,-0.125
-6.3029e-02,-0.245,-0.46
-6.3027e-02,-0.375,-0.145
-6.3026e-02,-0.265,-0.47
-6.3024e-02,-0.305,-0.125
-6.3022e-02,-0.275,-0.48
-6.3021e-02,-0.345,-0.12
-6.3019e-02,-0.325,-0.46
-6.3018e-02,-0.415,-0.14
-6.3016e-02,-0.27,-0.465
-6.3014e-02,-0.34,-0.14
-6.3013e-02,-0.33,-0.455
-6.3011e-02,-0.35,-0.145
-6.3010e-02,-0.315,-0.435
-6.3008e-02,-0.33,-0.16
-6.3006e-02,-0.35,-0.45
-6.3005e-02,-0.3,-0.16
-6.3003e-02,-0.335,-0.46
-6.3002e-02,-0.38,-0.135
-6.3000e-02,-0.405,-0.455
-6.2998e-02,-0.3,-0.14
-6.2997e-02,-0.4,-0.47
-6.2995e-02,-0.31,-0.14
-6.2994e-02,-0.385,-0.47
-6.2992e-02,-0.375,-0.135
-6.2990e-02,-0.325,-0.505
-6.2989e-02,-0.21,-0.105
-6.2987e-02,-0.405,-0.465
-6.2986e-02,-0.285,-0.135
-6.2984e-02,-0.31,-0.445
-6.2982e-02,-0.275,-0.16
-6.2981e-02,-0.32,-0.48
-6.2979e-02,-0.31,-0.135
-6.2978e-02,-0.36,-0.465
-6.2976e-02,-0.27,-0.135
-6.2974e-02,-0.295,-0.465
-6.2973e-02,-0.235,-0.14
-6.2971e-02,-0.305,-0.47
-6.2970e-02,-0.22,-0.13
-6.2968e-02,-0.29,-0.45
-6.2966e-02,-0.155,-0.16
-6.2965e-02,-0.335,-0.47
-6.2963e-02,-0.27,-0.14
-6.2962e-02,-0.35,-0.49
-6.2960e-02,-0.35,-0.12
-6.2958e-02,-0.375,-0.435
-6.2957e-02,-0.325,-0.175
-6.2955e-02,-0.395,-0.45
-6.2954e-02,-0.36,-0.155
-6.2952e-02,-0.4,-0.475
-6.2950e-02,-0.29,-0.145
-6.2949e-02,-0.27,-0.48
-6.2947e-02,-0.31,-0.135
-6.2946e-02,-0.24,-0.465
-6.2944e-02,-0.27,-0.155
-6.2942e-02,-0.235,-0.51
-6.2941e-02,-0.275,-0.11
-6.2939e-02,-0.295,-0.475
-6.2938e-02,-0.42,-0.135
-6.2936e-02,-0.34,-0.45
-6.2934e-02,-0.275,-0.165
-6.2933e-02,-0.27,-0.485
-6.2931e-02,-0.365,-0.125
-6.2930e-02,-0.3,-0.48
-6.2928e-02,-0.28,-0.145
-6.2926e-02,-0.32,-0.465
-6.2925e-02,-0.29,-0.145
-6.2923e-02,-0.32,-0.465
-6.2922e-02,-0.38,-0.15
-6.2920e-02,-0.32,-0.455
-6.2918e-02,-0.255,-0.16
-6.2917e-02,-0.405,-0.465
-6.2915e-02,-0.285,-0.155
-6.2914e-02,-0.315,-0.445
-6.2912e-02,-0.3,-0.165
-6.2910e-02,-0.34,-0.49
-6.2909e-02,-0.26,-0.125
-6.2907e-02,-0.29,-0.485
-6.2906e-02,-0.355,-0.14
-6.2904e-02,-0.31,-0.475
-6.2902e-02,-0.285,-0.135
-6.2901e-02,-0.29,-0.47
-6.2899e-02,-0.315,-0.14
-6.2898e-02,-0.35,-0.45
-6.2896e-02,-0.345,-0.16
-6.2894e-02,-0.335,-0.45
-6.2893e-02,-0.245,-0.165
-6.2891e-02,-0.305,-0.46
-6.2890e-02,-0.375,-0.15
-6.2888e-02,-0.305,-0.475
-6.2886e-02,-0.27,-0.14
-6.2885e-02,-0.305,-0.48
-6.2883e-02,-0.355,-0.13
-6.2882e-02,-0.355,-0.5
-6.2880e-02,-0.355,-0.105
-6.2878e-02,-0.315,-0.49
-6.2877e-02,-0.34,-0.12
-6.2875e-02,-0.375,-0.445
-6.2874e-02,-0.29,-0.165
-6.2872e-02,-0.285,-0.47
-6.2870e-02,-0.29,-0.14
-6.2869e-02,-0.305,-0.47
-6.2867e-02,-0.295,-0.145
-6.2866e-02,-0.315,-0.45
-6.2864e-02,-0.335,-0.155
-6.2862e-02,-0.295,-0.47
-6.2861e-02,-0.355,-0.135
-6.2859e-02,-0.335,-0.46
-6.2858e-02,-0.285,-0.15
-6.2856e-02,-0.3,-0.455
-6.2854e-02,-0.25,-0.155
-6.2853e-02,-0.22,-0.465
-6.2851e-02,-0.28,-0.15
-6.2850e-02,-0.34,-0.475
-6.2848e-02,-0.255,-0.13
-6.2846e-02,-0.24,-0.49
-6.2845e-02,-0.3,-0.125
-6.2843e-02,-0.335,-0.475
-6.2842e-02,-0.38,-0.14
-6.2840e-02,-0.35,-0.485
-6.2838e-02,-0.325,-0.13
-6.2837e-02,-0.34,-0.47
-6.2835e-02,-0.415,-0.145
-6.2834e-02,-0.395,-0.465
-6.2832e-02,-0.27,-0.15
-6.2830e-02,-0.355,-0.47
-6.2829e-02,-0.26,-0.145
-6.2827e-02,-0.4,-0.455
-6.2826e-02,-0.34,-0.15
-6.2824e-02,-0.255,-0.45
-6.2822e-02,-0.33,-0.16
-6.2821e-02,-0.39,-0.46
-6.2819e-02,-0.35,-0.155
-6.2818e-02,-0.295,-0.475
-6.2816e-02,-0.32,-0.14
-6.2814e-02,-0.3,-0.465
-6.2813e-02,-0.27,-0.15
-6.2811e-02,-0.325,-0.48
-6.2810e-02,-0.25,-0.135
-6.2808e-02,-0.24,-0.47
-6.2806e-02,-0.29,-0.145
-6.2805e-02,-0.28,-0.46
-6.2803e-02,-0.32,-0.145
-6.2802e-02,-0.28,-0.465
-6.2800e-02,-0.355,-0.155
-6.2798e-02,-0.215,-0.48
-6.2797e-02,-0.33,-0.145
-6.2795e-02,-0.355,-0.49
-6.2794e-02,-0.37,-0.125
-6.2792e-02,-0.235,-0.485
-6.2790e-02,-0.295,-0.13
-6.2789e-02,-0.28,-0.465
-6.2787e-02,-0.295,-0.155
-6.2786e-02,-0.275,-0.46
-6.2784e-02,-0.245,-0.155
-6.2782e-02,-0.18,-0.47
-6.2781e-02,-0.37,-0.14
-6.2779e-02,-0.295,-0.495
-6.2778e-02,-0.315,-0.13
-6.2776e-02,-0.235,-0.46
-6.2774e-02,-0.385,-0.155
-6.2773e-02,-0.305,-0.455
-6.2771e-02,-0.355,-0.15
-6.2770e-02,-0.315,-0.45
-6.2768e-02,-0.33,-0.16
-6.2766e-02,-0.34,-0.475
-6.2765e-02,-0.365,-0.145
-6.2763e-02,-0.31,-0.495
-6.2762e-02,-0.285,-0.13
-6.2760e-02,-0.285,-0.475
-6.2758e-02,-0.34,-0.14
-6.2757e-02,-0.24,-0.495
-6.2755e-02,-0.285,-0.11
-6.2754e-02,-0.235,-0.475
-6.2752e-02,-0.275,-0.135
-6.2750e-02,-0.23,-0.46
-6.2749e-02,-0.295,-0.155
-6.2747e-02,-0.235,-0.455
-6.2746e-02,-0.21,-0.16
-6.2744e-02,-0.29,-0.45
-6.2742e-02,-0.31,-0.16
-6.2741e-02,-0.32,-0.46
-6.2739e-02,-0.3,-0.15
-6.2738e-02,-0.31,-0.46
-6.2736e-02,-0.33,-0.155
-6.2734e-02,-0.31,-0.47
-6.2733e-02,-0.355,-0.14
-6.2731e-02,-0.365,-0.46
-6.2730e-02,-0.28,-0.15
-6.2728e-02,-0.285,-0.445
-6.2726e-02,-0.39,-0.165
-6.2725e-02,-0.325,-0.455
-6.2723e-02,-0.305,-0.15
-6.2722e-02,-0.255,-0.475
-6.2720e-02,-0.45,-0.14
-6.2718e-02,-0.325,-0.47
-6.2717e-02,-0.365,-0.14
-6.2715e-02,-0.34,-0.44
-6.2714e-02,-0.355,-0.16
-6.2712e-02,-0.395,-0.475
-6.2710e-02,-0.335,-0.135
-6.2709e-02,-0.33,-0.465
-6.2707e-02,-0.275,-0.145
-6.2706e-02,-0.315,-0.465
-6.2704e-02,-0.345,-0.15
-6.2702e-02,-0.3,-0.465
-6.2701e-02,-0.275,-0.145
-6.2699e-02,-0.285,-0.475
-6.2698e-02,-0.375,-0.15
-6.2696e-02,-0.33,-0.455
-6.2694e-02,-0.315,-0.16
-6.2693e-02,-0.34,-0.475
-6.2691e-02,-0.34,-0.14
-6.2690e-02,-0.38,-0.445
-6.2688e-02,-0.31,-0.165
-6.2686e-02,-0.33,-0.465
-6.2685e-02,-0.31,-0.15
-6.2683e-02,-0.315,-0.45
-6.2682e-02,-0.275,-0.165
-6.2680e-02,-0.275,-0.495
-6.2678e-02,-0.345,-0.115
-6.2677e-02,-0.305,-0.485
-6.2675e-02,-0.275,-0.135
-6.2674e-02,-0.345,-0.465
-6.2672e-02,-0.37,-0.15
-6.2670e-02,-0.33,-0.48
-6.2669e-02,-0.28,-0.135
-6.2667e-02,-0.325,-0.455
-6.2666e-02,-0.395,-0.15
-6.2664e-02,-0.325,-0.485
-6.2662e-02,-0.225,-0.135
-6.2661e-02,-0.31,-0.475
-6.2659e-02,-0.295,-0.14
-6.2658e-02,-0.39,-0.485
-6.2656e-02,-0.215,-0.14
-6.2654e-02,-0.32,-0.475
-6.2653e-02,-0.31,-0.145
-6.2651e-02,-0.4,-0.49
-6.2650e-02,-0.315,-0.125
-6.2648e-02,-0.345,-0.475
-6.2646e-02,-0.315,-0.14
-6.2645e-02,-0.315,-0.475
-6.2643e-02,-0.36,-0.15
-6.2642e-02,-0.36,-0.475
-6.2640e-02,-0.37,-0.145
-6.2638e-02,-0.28,-0.49
-6.2637e-02,-0.355,-0.135
-6.2635e-02,-0.34,-0.475
-6.2634e-02,-0.425,-0.145
-6.2632e-02,-0.3,-0.465
-6.2630e-02,-0.305,-0.145
-6.2629e-02,-0.31,-0.45
-6.2627e-02,-0.34,-0.165
-6.2626e-02,-0.27,-0.485
-6.2624e-02,-0.28,-0.125
-6.2622e-02,-0.265,-0.455
-6.2621e-02,-0.27,-0.16
-6.2619e-02,-0.235,-0.465
-6.2618e-02,-0.34,-0.15
-6.2616e-02,-0.32,-0.46
-6.2614e-02,-0.26,-0.165
-6.2613e-02,-0.32,-0.47
-6.2611e-02,-0.33,-0.15
-6.2610e-02,-0.45,-0.495
-6.2608e-02,-0.295,-0.125
-6.2606e-02,-0.335,-0.495
-6.2605e-02,-0.33,-0.13
-6.2603e-02,-0.38,-0.465
-6.2602e-02,-0.36,-0.155
-6.2600e-02,-0.28,-0.47
-6.2598e-02,-0.32,-0.145
-6.2597e-02,-0.325,-0.495
-6.2595e-02,-0.365,-0.13
-6.2594e-02,-0.31,-0.47
-6.2592e-02,-0.33,-0.145
-6.2590e-02,-0.345,-0.5
-6.2589e-02,-0.24,-0.125
-6.2587e-02,-0.355,-0.48
-6.2586e-02,-0.275,-0.14
-6.2584e-02,-0.39,-0.495
-6.2582e-02,-0.265,-0.11
-6.2581e-02,-0.34,-0.475
-6.2579e-02,-0.285,-0.14
-6.2578e-02,-0.37,-0.47
-6.2576e-02,-0.325,-0.15
-6.2574e-02,-0.31,-0.46
-6.2573e-02,-0.32,-0.155
-6.2571e-02,-0.3,-0.465
-6.2570e-02,-0.325,-0.145
-6.2568e-02,-0.38,-0.455
-6.2566e-02,-0.305,-0.155
-6.2565e-02,-0.235,-0.475
-6.2563e-02,-0.36,-0.14
-6.2562e-02,-0.33,-0.455
-6.2560e-02,-0.325,-0.15
-6.2558e-02,-0.255,-0.49
-6.2557e-02,-0.325,-0.125
-6.2555e-02,-0.36,-0.505
-6.2554e-02,-0.26,-0.105
-6.2552e-02,-0.38,-0.505
-6.2550e-02,-0.275,-0.12
-6.2549e-02,-0.375,-0.47
-6.2547e-02,-0.29,-0.155
-6.2546e-02,-0.38,-0.48
-6.2544e-02,-0.245,-0.145
-6.2542e-02,-0.28,-0.485
-6.2541e-02,-0.315,-0.14
-6.2539e-02,-0.28,-0.47
-6.2538e-02,-0.255,-0.145
-6.2536e-02,-0.34,-0.48
-6.2534e-02,-0.245,-0.14
-6.2533e-02,-0.3,-0.475
-6.2531e-02,-0.24,-0.145
-6.2530e-02,-0.38,-0.47
-6.2528e-02,-0.325,-0.15
-6.2526e-02,-0.27,-0.47
-6.2525e-02,-0.325,-0.15
-6.2523e-02,-0.32,-0.445
-6.2522e-02,-0.43,-0.165
-6.2520e-02,-0.305,-0.505
-6.2518e-02,-0.335,-0.125
-6.2517e-02,-0.285,-0.475
-6.2515e-02,-0.29,-0.15
-6.2514e-02,-0.35,-0.465
-6.2512e-02,-0.285,-0.15
-6.2510e-02,-0.245,-0.465
-6.2509e-02,-0.285,-0.155
-6.2507e-02,-0.36,-0.465
-6.2506e-02,-0.29,-0.155
-6.2504e-02,-0.305,-0.525
-6.2502e-02,-0.27,-0.09
-6.2501e-02,-0.315,-0.49
-6.2499e-02,-0.26,-0.135
-6.2498e-02,-0.3,-0.495
-6.2496e-02,-0.18,-0.13
-6.2494e-02,-0.27,-0.465
-6.2493e-02,-0.26,-0.155
-6.2491e-02,-0.315,-0.47
-6.2490e-02,-0.285,-0.15
-6.2488e-02,-0.305,-0.515
-6.2486e-02,-0.34,-0.11
-6.2485e-02,-0.28,-0.465
-6.2483e-02,-0.385,-0.155
-6.2482e-02,-0.35,-0.485
-6.2480e-02,-0.35,-0.135
-6.2478e-02,-0.305,-0.485
-6.2477e-02,-0.3,-0.13
-6.2475e-02,-0.365,-0.47
-6.2474e-02,-0.24,-0.15
-6.2472e-02,-0.235,-0.505
-6.2470e-02,-0.21,-0.125
-6.2469e-02,-0.215,-0.48
-6.2467e-02,-0.285,-0.14
-6.2466e-02,-0.435,-0.505
-6.2464e-02,-0.225,-0.105
-6.2462e-02,-0.39,-0.47
-6.2461e-02,-0.325,-0.145
-6.2459e-02,-0.375,-0.455
-6.2458e-02,-0.25,-0.16
-6.2456e-02,-0.3,-0.475
-6.2454e-02,-0.3,-0.14
-6.2453e-02,-0.3,-0.46
-6.2451e-02,-0.31,-0.15
-6.2450e-02,-0.28,-0.46
-6.2448e-02,-0.23,-0.15
-6.2446e-02,-0.285,-0.465
-6.2445e-02,-0.34,-0.15
-6.2443e-02,-0.25,-0.465
-6.2442e-02,-0.255,-0.15
-6.2440e-02,-0.275,-0.48
-6.2438e-02,-0.31,-0.14
-6.2437e-02,-0.26,-0.47
-6.2435e-02,-0.29,-0.15
-6.2434e-02,-0.285,-0.485
-6.2432e-02,-0.21,-0.125
-6.2430e-02,-0.285,-0.475
-6.2429e-02,-0.27,-0.14
-6.2427e-02,-0.235,-0.48
-6.2426e-02,-0.205,-0.15
-6.2424e-02,-0.29,-0.48
-6.2422e-02,-0.245,-0.135
-6.2421e-02,-0.285,-0.475
-6.2419e-02,-0.335,-0.14
-6.2418e-02,-0.28,-0.475
-6.2416e-02,-0.235,-0.15
-6.2414e-02,-0.31,-0.495
-6.2413e-02,-0.33,-0.12
-6.2411e-02,-0.27,-0.46
-6.2410e-02,-0.295,-0.165
-6.2408e-02,-0.32,-0.48
-6.2406e-02,-0.325,-0.14
-6.2405e-02,-0.38,-0.475
-6.2403e-02,-0.315,-0.14
-6.2402e-02,-0.37,-0.47
-6.2400e-02,-0.395,-0.155
-6.2398e-02,-0.455,-0.5
-6.2397e-02,-0.32,-0.13
-6.2395e-02,-0.395,-0.475
-6.2394e-02,-0.25,-0.155
-6.2392e-02,-0.385,-0.5
-6.2390e-02,-0.29,-0.125
-6.2389e-02,-0.295,-0.46
-6.2387e-02,-0.185,-0.17
-6.2386e-02,-0.3,-0.495
-6.2384e-02,-0.295,-0.135
-6.2382e-02,-0.25,-0.475
-6.2381e-02,-0.255,-0.155
-6.2379e-02,-0.315,-0.465
-6.2378e-02,-0.29,-0.16
-6.2376e-02,-0.385,-0.495
-6.2374e-02,-0.305,-0.135
-6.2373e-02,-0.285,-0.475
-6.2371e-02,-0.405,-0.15
-6.2370e-02,-0.285,-0.5
-6.2368e-02,-0.36,-0.125
-6.2366e-02,-0.295,-0.495
-6.2365e-02,-0.28,-0.135
-6.2363e-02,-0.295,-0.455
-6.2362e-02,-0.305,-0.175
-6.2360e-02,-0.3,-0.495
-6.2358e-02,-0.3,-0.14
-6.2357e-02,-0.33,-0.48
-6.2355e-02,-0.305,-0.145
-6.2354e-02,-0.39,-0.455
-6.2352e-02,-0.42,-0.17
-6.2350e-02,-0.365,-0.495
-6.2349e-02,-0.34,-0.13
-6.2347e-02,-0.39,-0.465
-6.2346e-02,-0.33,-0.155
-6.2344e-02,-0.345,-0.475
-6.2342e-02,-0.24,-0.15
-6.2341e-02,-0.235,-0.48
-6.2339e-02,-0.275,-0.145
-6.2338e-02,-0.27,-0.465
-6.2336e-02,-0.21,-0.16
-6.2334e-02,-0.265,-0.445
-6.2333e-02,-0.23,-0.175
-6.2331e-02,-0.325,-0.475
-6.2330e-02,-0.265,-0.145
-6.2328e-02,-0.28,-0.495
-6.2326e-02,-0.255,-0.13
-6.2325e-02,-0.355,-0.505
-6.2323e-02,-0.33,-0.125
-6.2322e-02,-0.28,-0.46
-6.2320e-02,-0.305,-0.16
-6.2318e-02,-0.28,-0.495
-6.2317e-02,-0.345,-0.125
-6.2315e-02,-0.36,-0.49
-6.2314e-02,-0.315,-0.135
-6.2312e-02,-0.275,-0.48
-6.2310e-02,-0.355,-0.14
-6.2309e-02,-0.35,-0.47
-6.2307e-02,-0.335,-0.16
-6.2306e-02,-0.28,-0.46
-6.2304e-02,-0.285,-0.16
-6.2302e-02,-0.3,-0.455
-6.2301e-02,-0.29,-0.165
-6.2299e-02,-0.185,-0.49
-6.2298e-02,-0.21,-0.13
-6.2296e-02,-0.32,-0.47
-6.2294e-02,-0.275,-0.145
-6.2293e-02,-0.29,-0.495
-6.2291e-02,-0.315,-0.125
-6.2290e-02,-0.275,-0.495
-6.2288e-02,-0.405,-0.12
-6.2286e-02,-0.295,-0.46
-6.2285e-02,-0.275,-0.16
-6.2283e-02,-0.28,-0.505
-6.2282e-02,-0.3,-0.115
-6.2280e-02,-0.305,-0.49
-6.2278e-02,-0.215,-0.14
-6.2277e-02,-0.28,-0.45
-6.2275e-02,-0.24,-0.165
-6.2274e-02,-0.325,-0.485
-6.2272e-02,-0.35,-0.14
-6.2270e-02,-0.28,-0.48
-6.2269e-02,-0.38,-0.14
-6.2267e-02,-0.34,-0.48
-6.2266e-02,-0.335,-0.14
-6.2264e-02,-0.255,-0.48
-6.2262e-02,-0.28,-0.14
-6.2261e-02,-0.275,-0.49
-6.2259e-02,-0.275,-0.13
-6.2258e-02,-0.325,-0.455
-6.2256e-02,-0.28,-0.165
-6.2254e-02,-0.285,-0.455
-6.2253e-02,-0.39,-0.165
-6.2251e-02,-0.31,-0.465
-6.2250e-02,-0.31,-0.15
-6.2248e-02,-0.29,-0.47
-6.2246e-02,-0.31,-0.14
-6.2245e-02,-0.29,-0.49
-6.2243e-02,-0.335,-0.135
-6.2242e-02,-0.225,-0.47
-6.2240e-02,-0.24,-0.15
-6.2238e-02,-0.29,-0.465
-6.2237e-02,-0.235,-0.155
-6.2235e-02,-0.25,-0.485
-6.2234e-02,-0.215,-0.135
-6.2232e-02,-0.24,-0.46
-6.2230e-02,-0.215,-0.16
-6.2229e-02,-0.285,-0.475
-6.2227e-02,-0.245,-0.155
-6.2226e-02,-0.26,-0.48
-6.2224e-02,-0.305,-0.155
-6.2222e-02,-0.345,-0.455
-6.2221e-02,-0.265,-0.17
-6.2219e-02,-0.355,-0.485
-6.2218e-02,-0.29,-0.145
-6.2216e-02,-0.34,-0.465
-6.2214e-02,-0.35,-0.155
-6.2213e-02,-0.355,-0.475
-6.2211e-02,-0.245,-0.155
-6.2210e-02,-0.32,-0.495
-6.2208e-02,-0.33,-0.13
-6.2206e-02,-0.315,-0.46
-6.2205e-02,-0.29,-0.165
-6.2203e-02,-0.28,-0.475
-6.2202e-02,-0.275,-0.155
-6.2200e-02,-0.375,-0.465
-6.2198e-02,-0.29,-0.17
-6.2197e-02,-0.28,-0.48
-6.2195e-02,-0.245,-0.145
-6.2194e-02,-0.3,-0.505
-6.2192e-02,-0.25,-0.125
-6.2190e-02,-0.275,-0.49
-6.2189e-02,-0.245,-0.14
-6.2187e-02,-0.27,-0.455
-6.2186e-02,-0.39,-0.165
-6.2184e-02,-0.21,-0.47
-6.2182e-02,-0.275,-0.16
-6.2181e-02,-0.27,-0.475
-6.2179e-02,-0.345,-0.15
-6.2178e-02,-0.39,-0.495
-6.2176e-02,-0.355,-0.135
-6.2174e-02,-0.345,-0.485
-6.2173e-02,-0.385,-0.14
-6.2171e-02,-0.435,-0.445
-6.2170e-02,-0.33,-0.18
-6.2168e-02,-0.305,-0.495
-6.2166e-02,-0.24,-0.135
-6.2165e-02,-0.265,-0.49
-6.2163e-02,-0.325,-0.13
-6.2162e-02,-0.33,-0.465
-6.2160e-02,-0.225,-0.16
-6.2158e-02,-0.305,-0.46
-6.2157e-02,-0.38,-0.17
-6.2155e-02,-0.305,-0.455
-6.2154e-02,-0.41,-0.165
-6.2152e-02,-0.33,-0.465
-6.2150e-02,-0.31,-0.155
-6.2149e-02,-0.365,-0.46
-6.2147e-02,-0.29,-0.155
-6.2146e-02,-0.27,-0.48
-6.2144e-02,-0.205,-0.145
-6.2142e-02,-0.275,-0.465
-6.2141e-02,-0.205,-0.165
-6.2139e-02,-0.33,-0.465
-6.2138e-02,-0.2,-0.155
-6.2136e-02,-0.3,-0.5
-6.2134e-02,-0.22,-0.13
-6.2133e-02,-0.29,-0.5
-6.2131e-02,-0.265,-0.13
-6.2130e-02,-0.255,-0.485
-6.2128e-02,-0.185,-0.14
-6.2126e-02,-0.25,-0.465
-6.2125e-02,-0.28,-0.16
-6.2123e-02,-0.275,-0.5
-6.2122e-02,-0.225,-0.125
-6.2120e-02,-0.29,-0.45
-6.2118e-02,-0.24,-0.17
-6.2117e-02,-0.335,-0.5
-6.2115e-02,-0.385,-0.12
-6.2114e-02,-0.27,-0.525
-6.2112e-02,-0.32,-0.105
-6.2110e-02,-0.345,-0.48
-6.2109e-02,-0.335,-0.145
-6.2107e-02,-0.405,-0.48
-6.2106e-02,-0.265,-0.15
-6.2104e-02,-0.325,-0.465
-6.2102e-02,-0.31,-0.165
-6.2101e-02,-0.38,-0.47
-6.2099e-02,-0.26,-0.155
-6.2098e-02,-0.345,-0.47
-6.2096e-02,-0.185,-0.155
-6.2094e-02,-0.35,-0.47
-6.2093e-02,-0.35,-0.16
-6.2091e-02,-0.32,-0.46
-6.2090e-02,-0.27,-0.165
-6.2088e-02,-0.37,-0.485
-6.2086e-02,-0.265,-0.15
-6.2085e-02,-0.335,-0.47
-6.2083e-02,-0.27,-0.16
-6.2082e-02,-0.26,-0.47
-6.2080e-02,-0.26,-0.17
-6.2078e-02,-0.26,-0.475
-6.2077e-02,-0.285,-0.165
-6.2075e-02,-0.33,-0.505
-6.2074e-02,-0.295,-0.125
-6.2072e-02,-0.325,-0.455
-6.2070e-02,-0.43,-0.17
-6.2069e-02,-0.365,-0.495
-6.2067e-02,-0.41,-0.14
-6.2066e-02,-0.305,-0.485
-6.2064e-02,-0.43,-0.15
-6.2062e-02,-0.24,-0.48
-6.2061e-02,-0.37,-0.15
-6.2059e-02,-0.23,-0.465
-6.2058e-02,-0.235,-0.165
-6.2056e-02,-0.24,-0.485
-6.2054e-02,-0.325,-0.15
-6.2053e-02,-0.29,-0.46
-6.2051e-02,-0.38,-0.175
-6.2050e-02,-0.22,-0.495
-6.2048e-02,-0.365,-0.145
-6.2046e-02,-0.36,-0.5
-6.2045e-02,-0.395,-0.14
-6.2043e-02,-0.3,-0.465
-6.2042e-02,-0.365,-0.16
-6.2040e-02,-0.365,-0.5
-6.2038e-02,-0.38,-0.135
-6.2037e-02,-0.25,-0.465
-6.2035e-02,-0.255,-0.17
-6.2034e-02,-0.2,-0.49
-6.2032e-02,-0.395,-0.145
-6.2030e-02,-0.23,-0.485
-6.2029e-02,-0.285,-0.15
-6.2027e-02,-0.255,-0.48
-6.2026e-02,-0.24,-0.155
-6.2024e-02,-0.385,-0.47
-6.2022e-02,-0.25,-0.165
-6.2021e-02,-0.34,-0.47
-6.2019e-02,-0.31,-0.165
-6.2018e-02,-0.32,-0.45
-6.2016e-02,-0.34,-0.175
-6.2014e-02,-0.3,-0.475
-6.2013e-02,-0.285,-0.155
-6.2011e-02,-0.2,-0.475
-6.2010e-02,-0.3,-0.16
-6.2008e-02,-0.26,-0.47
-6.2006e-02,-0.26,-0.16
-6.2005e-02,-0.335,-0.495
-6.2003e-02,-0.25,-0.135
-6.2002e-02,-0.33,-0.47
-6.2000e-02,-0.315,-0.16
-6.1998e-02,-0.31,-0.5
-6.1997e-02,-0.295,-0.13
-6.1995e-02,-0.275,-0.47
-6.1994e-02,-0.28,-0.155
-6.1992e-02,-0.305,-0.49
-6.1990e-02,-0.33,-0.13
-6.1989e-02,-0.235,-0.485
-6.1987e-02,-0.27,-0.135
-6.1986e-02,-0.375,-0.485
-6.1984e-02,-0.335,-0.13
-6.1982e-02,-0.315,-0.455
-6.1981e-02,-0.31,-0.17
-6.1979e-02,-0.325,-0.455
-6.1978e-02,-0.355,-0.165
-6.1976e-02,-0.34,-0.475
-6.1974e-02,-0.235,-0.155
-6.1973e-02,-0.245,-0.47
-6.1971e-02,-0.335,-0.155
-6.1970e-02,-0.28,-0.485
-6.1968e-02,-0.2,-0.14
-6.1966e-02,-0.2,-0.47
-6.1965e-02,-0.28,-0.155
-6.1963e-02,-0.27,-0.5
-6.1962e-02,-0.34,-0.125
-6.1960e-02,-0.24,-0.48
-6.1958e-02,-0.3,-0.15
-6.1957e-02,-0.315,-0.47
-6.1955e-02,-0.375,-0.16
-6.1954e-02,-0.315,-0.455
-6.1952e-02,-0.29,-0.165
-6.1950e-02,-0.345,-0.465
-6.1949e-02,-0.24,-0.155
-6.1947e-02,-0.35,-0.465
-6.1946e-02,-0.27,-0.16
-6.1944e-02,-0.24,-0.485
-6.1942e-02,-0.34,-0.135
-6.1941e-02,-0.28,-0.465
-6.1939e-02,-0.36,-0.165
-6.1938e-02,-0.285,-0.49
-6.1936e-02,-0.365,-0.15
-6.1934e-02,-0.285,-0.47
-6.1933e-02,-0.335,-0.16
-6.1931e-02,-0.4,-0.49
-6.1930e-02,-0.28,-0.145
-6.1928e-02,-0.37,-0.51
-6.1926e-02,-0.29,-0.125
-6.1925e-02,-0.3,-0.49
-6.1923e-02,-0.28,-0.135
-6.1922e-02,-0.29,-0.49
-6.1920e-02,-0.21,-0.15
-6.1918e-02,-0.33,-0.46
-6.1917e-02,-0.27,-0.17
-6.1915e-02,-0.395,-0.495
-6.1914e-02,-0.32,-0.145
-6.1912e-02,-0.3,-0.45
-6.1910e-02,-0.265,-0.18
-6.1909e-02,-0.375,-0.47
-6.1907e-02,-0.275,-0.17
-6.1906e-02,-0.24,-0.49
-6.1904e-02,-0.3,-0.145
-6.1902e-02,-0.24,-0.465
-6.1901e-02,-0.395,-0.17
-6.1899e-02,-0.34,-0.465
-6.1898e-02,-0.33,-0.165
-6.1896e-02,-0.35,-0.47
-6.1894e-02,-0.32,-0.16
-6.1893e-02,-0.42,-0.475
-6.1891e-02,-0.32,-0.16
-6.1890e-02,-0.31,-0.475
-6.1888e-02,-0.31,-0.155
-6.1886e-02,-0.34,-0.485
-6.1885e-02,-0.315,-0.15
-6.1883e-02,-0.305,-0.465
-6.1882e-02,-0.29,-0.175
-6.1880e-02,-0.295,-0.505
-6.1878e-02,-0.34,-0.13
-6.1877e-02,-0.325,-0.485
-6.1875e-02,-0.255,-0.15
-6.1874e-02,-0.35,-0.48
-6.1872e-02,-0.285,-0.155
-6.1870e-02,-0.3,-0.495
-6.1869e-02,-0.305,-0.145
-6.1867e-02,-0.23,-0.47
-6.1866e-02,-0.31,-0.165
-6.1864e-02,-0.235,-0.475
-6.1862e-02,-0.325,-0.15
-6.1861e-02,-0.255,-0.48
-6.1859e-02,-0.275,-0.15
-6.1858e-02,-0.315,-0.48
-6.1856e-02,-0.355,-0.155
-6.1854e-02,-0.335,-0.49
-6.1853e-02,-0.33,-0.145
-6.1851e-02,-0.425,-0.48
-6.1850e-02,-0.335,-0.16
-6.1848e-02,-0.365,-0.47
-6.1846e-02,-0.445,-0.165
-6.1845e-02,-0.305,-0.495
-6.1843e-02,-0.385,-0.145
-6.1842e-02,-0.27,-0.485
-6.1840e-02,-0.33,-0.155
-6.1838e-02,-0.29,-0.47
-6.1837e-02,-0.265,-0.16
-6.1835e-02,-0.21,-0.465
-6.1834e-02,-0.315,-0.165
-6.1832e-02,-0.33,-0.46
-6.1830e-02,-0.3,-0.165
-6.1829e-02,-0.385,-0.48
-6.1827e-02,-0.325,-0.15
-6.1826e-02,-0.45,-0.465
-6.1824e-02,-0.405,-0.16
-6.1822e-02,-0.295,-0.465
-6.1821e-02,-0.235,-0.165
-6.1819e-02,-0.355,-0.455
-6.1818e-02,-0.33,-0.18
-6.1816e-02,-0.39,-0.465
-6.1814e-02,-0.245,-0.165
-6.1813e-02,-0.33,-0.465
-6.1811e-02,-0.325,-0.165
-6.1810e-02,-0.29,-0.49
-6.1808e-02,-0.33,-0.15
-6.1806e-02,-0.255,-0.47
-6.1805e-02,-0.35,-0.16
-6.1803e-02,-0.305,-0.51
-6.1802e-02,-0.39,-0.13
-6.1800e-02,-0.195,-0.49
-6.1798e-02,-0.34,-0.145
-6.1797e-02,-0.3,-0.475
-6.1795e-02,-0.36,-0.16
-6.1794e-02,-0.32,-0.485
-6.1792e-02,-0.34,-0.16
-6.1790e-02,-0.335,-0.49
-6.1789e-02,-0.42,-0.14
-6.1787e-02,-0.355,-0.475
-6.1786e-02,-0.38,-0.155
-6.1784e-02,-0.25,-0.45
-6.1782e-02,-0.335,-0.18
-6.1781e-02,-0.36,-0.485
-6.1779e-02,-0.365,-0.145
-6.1778e-02,-0.26,-0.475
-6.1776e-02,-0.36,-0.155
-6.1774e-02,-0.31,-0.47
-6.1773e-02,-0.365,-0.165
-6.1771e-02,-0.35,-0.47
-6.1770e-02,-0.305,-0.165
-6.1768e-02,-0.38,-0.485
-6.1766e-02,-0.35,-0.16
-6.1765e-02,-0.315,-0.47
-6.1763e-02,-0.33,-0.16
-6.1762e-02,-0.32,-0.52
-6.1760e-02,-0.3,-0.115
-6.1758e-02,-0.37,-0.49
-6.1757e-02,-0.275,-0.155
-6.1755e-02,-0.3,-0.47
-6.1754e-02,-0.285,-0.16
-6.1752e-02,-0.225,-0.46
-6.1750e-02,-0.3,-0.175
-6.1749e-02,-0.31,-0.465
-6.1747e-02,-0.305,-0.175
-6.1746e-02,-0.245,-0.48
-6.1744e-02,-0.385,-0.15
-6.1742e-02,-0.325,-0.48
-6.1741e-02,-0.355,-0.16
-6.1739e-02,-0.305,-0.485
-6.1738e-02,-0.305,-0.155
-6.1736e-02,-0.305,-0.495
-6.1734e-02,-0.4,-0.14
-6.1733e-02,-0.275,-0.47
-6.1731e-02,-0.26,-0.16
-6.1730e-02,-0.315,-0.475
-6.1728e-02,-0.315,-0.155
-6.1726e-02,-0.325,-0.48
-6.1725e-02,-0.3,-0.155
-6.1723e-02,-0.265,-0.48
-6.1722e-02,-0.29,-0.145
-6.1720e-02,-0.36,-0.485
-6.1718e-02,-0.26,-0.15
-6.1717e-02,-0.27,-0.49
-6.1715e-02,-0.33,-0.145
-6.1714e-02,-0.345,-0.505
-6.1712e-02,-0.37,-0.135
-6.1710e-02,-0.355,-0.48
-6.1709e-02,-0.305,-0.16
-6.1707e-02,-0.39,-0.48
-6.1706e-02,-0.41,-0.16
-6.1704e-02,-0.33,-0.485
-6.1702e-02,-0.285,-0.15
-6.1701e-02,-0.3,-0.48
-6.1699e-02,-0.315,-0.15
-6.1698e-02,-0.27,-0.495
-6.1696e-02,-0.325,-0.15
-6.1694e-02,-0.215,-0.455
-6.1693e-02,-0.325,-0.175
-6.1691e-02,-0.34,-0.465
-6.1690e-02,-0.365,-0.165
-6.1688e-02,-0.26,-0.45
-6.1686e-02,-0.375,-0.175
-6.1685e-02,-0.275,-0.465
-6.1683e-02,-0.38,-0.17
-6.1682e-02,-0.275,-0.445
-6.1680e-02,-0.29,-0.185
-6.1678e-02,-0.26,-0.475
-6.1677e-02,-0.24,-0.16
-6.1675e-02,-0.275,-0.48
-6.1674e-02,-0.28,-0.155
-6.1672e-02,-0.37,-0.475
-6.1670e-02,-0.245,-0.155
-6.1669e-02,-0.365,-0.475
-6.1667e-02,-0.38,-0.155
-6.1666e-02,-0.345,-0.45
-6.1664e-02,-0.34,-0.175
-6.1662e-02,-0.3,-0.51
-6.1661e-02,-0.32,-0.12
-6.1659e-02,-0.3,-0.485
-6.1658e-02,-0.375,-0.14
-6.1656e-02,-0.215,-0.515
-6.1654e-02,-0.385,-0.115
-6.1653e-02,-0.28,-0.46
-6.1651e-02,-0.375,-0.165
-6.1650e-02,-0.28,-0.465
-6.1648e-02,-0.345,-0.17
-6.1646e-02,-0.24,-0.49
-6.1645e-02,-0.335,-0.15
-6.1643e-02,-0.35,-0.525
-6.1642e-02,-0.31,-0.105
-6.1640e-02,-0.26,-0.49
-6.1638e-02,-0.315,-0.155
-6.1637e-02,-0.345,-0.48
-6.1635e-02,-0.33,-0.15
-6.1634e-02,-0.355,-0.475
-6.1632e-02,-0.26,-0.155
-6.1630e-02,-0.31,-0.475
-6.1629e-02,-0.435,-0.155
-6.1627e-02,-0.345,-0.47
-6.1626e-02,-0.335,-0.165
-6.1624e-02,-0.285,-0.515
-6.1622e-02,-0.345,-0.12
-6.1621e-02,-0.275,-0.465
-6.1619e-02,-0.26,-0.17
-6.1618e-02,-0.255,-0.47
-6.1616e-02,-0.24,-0.16
-6.1614e-02,-0.315,-0.5
-6.1613e-02,-0.325,-0.135
-6.1611e-02,-0.285,-0.465
-6.1610e-02,-0.315,-0.17
-6.1608e-02,-0.24,-0.46
-6.1606e-02,-0.27,-0.17
-6.1605e-02,-0.27,-0.485
-6.1603e-02,-0.275,-0.15
-6.1602e-02,-0.275,-0.47
-6.1600e-02,-0.35,-0.17
-6.1598e-02,-0.33,-0.51
-6.1597e-02,-0.325,-0.13
-6.1595e-02,-0.365,-0.505
-6.1594e-02,-0.31,-0.125
-6.1592e-02,-0.31,-0.485
-6.1590e-02,-0.345,-0.16
-6.1589e-02,-0.36,-0.49
-6.1587e-02,-0.33,-0.155
-6.1586e-02,-0.26,-0.525
-6.1584e-02,-0.32,-0.125
-6.1582e-02,-0.265,-0.5
-6.1581e-02,-0.35,-0.135
-6.1579e-02,-0.335,-0.475
-6.1578e-02,-0.2,-0.165
-6.1576e-02,-0.355,-0.48
-6.1574e-02,-0.32,-0.17
-6.1573e-02,-0.38,-0.465
-6.1571e-02,-0.25,-0.175
-6.1570e-02,-0.335,-0.48
-6.1568e-02,-0.28,-0.165
-6.1566e-02,-0.355,-0.47
-6.1565e-02,-0.34,-0.175
-6.1563e-02,-0.315,-0.47
-6.1562e-02,-0.285,-0.175
-6.1560e-02,-0.42,-0.465
-6.1558e-02,-0.335,-0.17
-6.1557e-02,-0.395,-0.465
-6.1555e-02,-0.305,-0.18
-6.1554e-02,-0.36,-0.49
-6.1552e-02,-0.33,-0.15
-6.1550e-02,-0.335,-0.475
-6.1549e-02,-0.24,-0.155
-6.1547e-02,-0.395,-0.46
-6.1546e-02,-0.305,-0.18
-6.1544e-02,-0.36,-0.46
-6.1542e-02,-0.355,-0.18
-6.1541e-02,-0.325,-0.475
-6.1539e-02,-0.325,-0.165
-6.1538e-02,-0.335,-0.465
-6.1536e-02,-0.38,-0.17
-6.1534e-02,-0.315,-0.455
-6.1533e-02,-0.33,-0.185
-6.1531e-02,-0.26,-0.485
-6.1530e-02,-0.23,-0.155
-6.1528e-02,-0.29,-0.525
-6.1526e-02,-0.195,-0.125
-6.1525e-02,-0.35,-0.475
-6.1523e-02,-0.205,-0.16
-6.1522e-02,-0.34,-0.48
-6.1520e-02,-0.36,-0.16
-6.1518e-02,-0.36,-0.485
-6.1517e-02,-0.36,-0.16
-6.1515e-02,-0.31,-0.5
-6.1514e-02,-0.31,-0.14
-6.1512e-02,-0.36,-0.49
-6.1510e-02,-0.3,-0.155
-6.1509e-02,-0.275,-0.525
-6.1507e-02,-0.28,-0.12
-6.1506e-02,-0.35,-0.52
-6.1504e-02,-0.335,-0.13
-6.1502e-02,-0.365,-0.47
-6.1501e-02,-0.275,-0.17
-6.1499e-02,-0.345,-0.48
-6.1498e-02,-0.39,-0.155
-6.1496e-02,-0.32,-0.49
-6.1494e-02,-0.31,-0.145
-6.1493e-02,-0.21,-0.505
-6.1491e-02,-0.325,-0.13
-6.1490e-02,-0.32,-0.485
-6.1488e-02,-0.275,-0.15
-6.1486e-02,-0.31,-0.52
-6.1485e-02,-0.24,-0.13
-6.1483e-02,-0.305,-0.485
-6.1482e-02,-0.3,-0.155
-6.1480e-02,-0.355,-0.48
-6.1478e-02,-0.31,-0.165
-6.1477e-02,-0.35,-0.475
-6.1475e-02,-0.28,-0.165
-6.1474e-02,-0.32,-0.475
-6.1472e-02,-0.36,-0.165
-6.1470e-02,-0.25,-0.47
-6.1469e-02,-0.395,-0.17
-6.1467e-02,-0.21,-0.485
-6.1466e-02,-0.395,-0.15
-6.1464e-02,-0.31,-0.455
-6.1462e-02,-0.405,-0.185
-6.1461e-02,-0.305,-0.485
-6.1459e-02,-0.26,-0.155
-6.1458e-02,-0.275,-0.475
-6.1456e-02,-0.305,-0.165
-6.1454e-02,-0.25,-0.475
-6.1453e-02,-0.2,-0.165
-6.1451e-02,-0.245,-0.485
-6.1450e-02,-0.26,-0.16
-6.1448e-02,-0.325,-0.47
-6.1446e-02,-0.265,-0.17
-6.1445e-02,-0.245,-0.47
-6.1443e-02,-0.275,-0.17
-6.1442e-02,-0.295,-0.47
-6.1440e-02,-0.265,-0.165
-6.1438e-02,-0.27,-0.505
-6.1437e-02,-0.2,-0.14
-6.1435e-02,-0.325,-0.505
-6.1434e-02,-0.245,-0.145
-6.1432e-02,-0.32,-0.5
-6.1430e-02,-0.34,-0.145
-6.1429e-02,-0.33,-0.475
-6.1427e-02,-0.36,-0.165
-6.1426e-02,-0.38,-0.47
-6.1424e-02,-0.37,-0.17
-6.1422e-02,-0.39,-0.465
-6.1421e-02,-0.39,-0.18
-6.1419e-02,-0.29,-0.48
-6.1418e-02,-0.34,-0.16
-6.1416e-02,-0.29,-0.485
-6.1414e-02,-0.37,-0.15
-6.1413e-02,-0.325,-0.475
-6.1411e-02,-0.265,-0.165
-6.1410e-02,-0.29,-0.475
-6.1408e-02,-0.35,-0.165
-6.1406e-02,-0.27,-0.485
-6.1405e-02,-0.28,-0.145
-6.1403e-02,-0.215,-0.475
-6.1402e-02,-0.285,-0.155
-6.1400e-02,-0.355,-0.48
-6.1398e-02,-0.29,-0.16
-6.1397e-02,-0.32,-0.48
-6.1395e-02,-0.27,-0.15
-6.1394e-02,-0.35,-0.47
-6.1392e-02,-0.355,-0.165
-6.1390e-02,-0.3,-0.475
-6.1389e-02,-0.245,-0.165
-6.1387e-02,-0.35,-0.485
-6.1386e-02,-0.315,-0.15
-6.1384e-02,-0.315,-0.47
-6.1382e-02,-0.275,-0.17
-6.1381e-02,-0.25,-0.46
-6.1379e-02,-0.33,-0.175
-6.1378e-02,-0.35,-0.5
-6.1376e-02,-0.36,-0.145
-6.1374e-02,-0.395,-0.485
-6.1373e-02,-0.355,-0.16
-6.1371e-02,-0.305,-0.475
-6.1370e-02,-0.35,-0.16
-6.1368e-02,-0.26,-0.46
-6.1366e-02,-0.31,-0.18
-6.1365e-02,-0.255,-0.49
-6.1363e-02,-0.27,-0.15
-6.1362e-02,-0.235,-0.475
-6.1360e-02,-0.365,-0.16
-6.1358e-02,-0.29,-0.475
-6.1357e-02,-0.4,-0.16
-6.1355e-02,-0.29,-0.47
-6.1354e-02,-0.42,-0.175
-6.1352e-02,-0.41,-0.475
-6.1350e-02,-0.385,-0.17
-6.1349e-02,-0.305,-0.49
-6.1347e-02,-0.365,-0.15
-6.1346e-02,-0.32,-0.5
-6.1344e-02,-0.39,-0.145
-6.1342e-02,-0.225,-0.505
-6.1341e-02,-0.3,-0.135
-6.1339e-02,-0.265,-0.495
-6.1338e-02,-0.29,-0.155
-6.1336e-02,-0.295,-0.51
-6.1334e-02,-0.28,-0.145
-6.1333e-02,-0.27,-0.5
-6.1331e-02,-0.31,-0.15
-6.1330e-02,-0.355,-0.485
-6.1328e-02,-0.27,-0.16
-6.1326e-02,-0.35,-0.495
-6.1325e-02,-0.21,-0.155
-6.1323e-02,-0.31,-0.51
-6.1322e-02,-0.33,-0.14
-6.1320e-02,-0.295,-0.505
-6.1318e-02,-0.32,-0.145
-6.1317e-02,-0.3,-0.485
-6.1315e-02,-0.305,-0.175
-6.1314e-02,-0.365,-0.47
-6.1312e-02,-0.275,-0.175
-6.1310e-02,-0.355,-0.485
-6.1309e-02,-0.27,-0.165
-6.1307e-02,-0.29,-0.48
-6.1306e-02,-0.335,-0.165
-6.1304e-02,-0.39,-0.475
-6.1302e-02,-0.295,-0.165
-6.1301e-02,-0.335,-0.455
-6.1299e-02,-0.285,-0.19
-6.1298e-02,-0.395,-0.48
-6.1296e-02,-0.335,-0.17
-6.1294e-02,-0.235,-0.48
-6.1293e-02,-0.295,-0.17
-6.1291e-02,-0.26,-0.495
-6.1290e-02,-0.34,-0.15
-6.1288e-02,-0.295,-0.475
-6.1286e-02,-0.26,-0.175
-6.1285e-02,-0.3,-0.465
-6.1283e-02,-0.325,-0.185
-6.1282e-02,-0.37,-0.475
-6.1280e-02,-0.355,-0.17
-6.1278e-02,-0.29,-0.49
-6.1277e-02,-0.305,-0.16
-6.1275e-02,-0.37,-0.51
-6.1274e-02,-0.335,-0.135
-6.1272e-02,-0.37,-0.475
-6.1270e-02,-0.31,-0.17
-6.1269e-02,-0.29,-0.465
-6.1267e-02,-0.345,-0.185
-6.1266e-02,-0.305,-0.48
-6.1264e-02,-0.28,-0.165
-6.1262e-02,-0.31,-0.475
-6.1261e-02,-0.235,-0.165
-6.1259e-02,-0.305,-0.515
-6.1258e-02,-0.235,-0.125
-6.1256e-02,-0.325,-0.49
-6.1254e-02,-0.3,-0.15
-6.1253e-02,-0.315,-0.48
-6.1251e-02,-0.24,-0.16
-6.1250e-02,-0.3,-0.475
-6.1248e-02,-0.305,-0.17
-6.1246e-02,-0.325,-0.505
-6.1245e-02,-0.265,-0.13
-6.1243e-02,-0.235,-0.505
-6.1242e-02,-0.345,-0.135
-6.1240e-02,-0.3,-0.465
-6.1238e-02,-0.305,-0.17
-6.1237e-02,-0.225,-0.475
-6.1235e-02,-0.26,-0.165
-6.1234e-02,-0.355,-0.48
-6.1232e-02,-0.3,-0.165
-6.1230e-02,-0.34,-0.465
-6.1229e-02,-0.315,-0.175
-6.1227e-02,-0.35,-0.46
-6.1226e-02,-0.42,-0.175
-6.1224e-02,-0.305,-0.47
-6.1222e-02,-0.405,-0.17
-6.1221e-02,-0.29,-0.495
-6.1219e-02,-0.345,-0.145
-6.1218e-02,-0.285,-0.47
-6.1216e-02,-0.295,-0.165
-6.1214e-02,-0.4,-0.5
-6.1213e-02,-0.345,-0.145
-6.1211e-02,-0.4,-0.465
-6.1210e-02,-0.27,-0.17
-6.1208e-02,-0.385,-0.49
-6.1206e-02,-0.385,-0.15
-6.1205e-02,-0.335,-0.49
-6.1203e-02,-0.335,-0.16
-6.1202e-02,-0.255,-0.485
-6.1200e-02,-0.385,-0.155
-6.1198e-02,-0.34,-0.495
-6.1197e-02,-0.375,-0.155
-6.1195e-02,-0.32,-0.465
-6.1194e-02,-0.325,-0.18
-6.1192e-02,-0.355,-0.48
-6.1190e-02,-0.37,-0.155
-6.1189e-02,-0.315,-0.49
-6.1187e-02,-0.295,-0.155
-6.1186e-02,-0.28,-0.475
-6.1184e-02,-0.37,-0.17
-6.1182e-02,-0.305,-0.5
-6.1181e-02,-0.365,-0.15
-6.1179e-02,-0.29,-0.47
-6.1178e-02,-0.36,-0.175
-6.1176e-02,-0.325,-0.475
-6.1174e-02,-0.35,-0.165
-6.1173e-02,-0.34,-0.47
-6.1171e-02,-0.295,-0.175
-6.1170e-02,-0.295,-0.5
-6.1168e-02,-0.29,-0.145
-6.1166e-02,-0.255,-0.5
-6.1165e-02,-0.33,-0.15
-6.1163e-02,-0.28,-0.505
-6.1162e-02,-0.35,-0.15
-6.1160e-02,-0.3,-0.49
-6.1158e-02,-0.405,-0.16
-6.1157e-02,-0.42,-0.48
-6.1155e-02,-0.34,-0.165
-6.1154e-02,-0.315,-0.485
-6.1152e-02,-0.195,-0.16
-6.1150e-02,-0.35,-0.505
-6.1149e-02,-0.32,-0.15
-6.1147e-02,-0.325,-0.48
-6.1146e-02,-0.21,-0.17
-6.1144e-02,-0.315,-0.49
-6.1142e-02,-0.325,-0.16
-6.1141e-02,-0.33,-0.505
-6.1139e-02,-0.295,-0.135
-6.1138e-02,-0.27,-0.475
-6.1136e-02,-0.36,-0.175
-6.1134e-02,-0.325,-0.485
-6.1133e-02,-0.37,-0.16
-6.1131e-02,-0.275,-0.5
-6.1130e-02,-0.365,-0.155
-6.1128e-02,-0.33,-0.51
-6.1126e-02,-0.36,-0.15
-6.1125e-02,-0.37,-0.5
-6.1123e-02,-0.31,-0.15
-6.1122e-02,-0.33,-0.485
-6.1120e-02,-0.28,-0.16
-6.1118e-02,-0.28,-0.475
-6.1117e-02,-0.28,-0.17
-6.1115e-02,-0.23,-0.49
-6.1114e-02,-0.335,-0.155
-6.1112e-02,-0.27,-0.475
-6.1110e-02,-0.405,-0.17
-6.1109e-02,-0.345,-0.48
-6.1107e-02,-0.45,-0.17
-6.1106e-02,-0.38,-0.475
-6.1104e-02,-0.38,-0.16
-6.1102e-02,-0.365,-0.49
-6.1101e-02,-0.34,-0.165
-6.1099e-02,-0.39,-0.5
-6.1098e-02,-0.215,-0.15
-6.1096e-02,-0.39,-0.5
-6.1094e-02,-0.255,-0.155
-6.1093e-02,-0.5,-0.49
-6.1091e-02,-0.28,-0.155
-6.1090e-02,-0.38,-0.535
-6.1088e-02,-0.245,-0.12
-6.1086e-02,-0.41,-0.485
-6.1085e-02,-0.285,-0.16
-6.1083e-02,-0.32,-0.53
-6.1082e-02,-0.3,-0.12
-6.1080e-02,-0.4,-0.485
-6.1078e-02,-0.35,-0.16
-6.1077e-02,-0.37,-0.505
-6.1075e-02,-0.285,-0.145
-6.1074e-02,-0.32,-0.475
-6.1072e-02,-0.27,-0.175
-6.1070e-02,-0.34,-0.5
-6.1069e-02,-0.275,-0.15
-6.1067e-02,-0.29,-0.475
-6.1066e-02,-0.295,-0.165
-6.1064e-02,-0.285,-0.495
-6.1062e-02,-0.365,-0.15
-6.1061e-02,-0.34,-0.465
-6.1059e-02,-0.335,-0.18
-6.1058e-02,-0.37,-0.495
-6.1056e-02,-0.34,-0.15
-6.1054e-02,-0.415,-0.48
-6.1053e-02,-0.335,-0.165
-6.1051e-02,-0.415,-0.475
-6.1050e-02,-0.315,-0.17
-6.1048e-02,-0.335,-0.465
-6.1046e-02,-0.355,-0.185
-6.1045e-02,-0.305,-0.49
-6.1043e-02,-0.43,-0.165
-6.1042e-02,-0.265,-0.49
-6.1040e-02,-0.37,-0.155
-6.1038e-02,-0.325,-0.495
-6.1037e-02,-0.44,-0.155
-6.1035e-02,-0.305,-0.48
-6.1034e-02,-0.295,-0.175
-6.1032e-02,-0.275,-0.495
-6.1030e-02,-0.34,-0.15
-6.1029e-02,-0.345,-0.475
-6.1027e-02,-0.28,-0.17
-6.1026e-02,-0.33,-0.47
-6.1024e-02,-0.37,-0.175
-6.1022e-02,-0.425,-0.475
-6.1021e-02,-0.355,-0.175
-6.1019e-02,-0.29,-0.49
-6.1018e-02,-0.31,-0.16
-6.1016e-02,-0.285,-0.495
-6.1014e-02,-0.265,-0.16
-6.1013e-02,-0.345,-0.47
-6.1011e-02,-0.295,-0.175
-6.1010e-02,-0.41,-0.485
-6.1008e-02,-0.28,-0.16
-6.1006e-02,-0.36,-0.46
-6.1005e-02,-0.295,-0.19
-6.1003e-02,-0.385,-0.465
-6.1002e-02,-0.33,-0.19
-6.1000e-02,-0.345,-0.47
-6.0998e-02,-0.335,-0.185
-6.0997e-02,-0.35,-0.5
-6.0995e-02,-0.35,-0.15
-6.0994e-02,-0.345,-0.47
-6.0992e-02,-0.26,-0.175
-6.0990e-02,-0.29,-0.475
-6.0989e-02,-0.32,-0.17
-6.0987e-02,-0.395,-0.51
-6.0986e-02,-0.375,-0.15
-6.0984e-02,-0.29,-0.495
-6.0982e-02,-0.355,-0.155
-6.0981e-02,-0.33,-0.485
-6.0979e-02,-0.365,-0.16
-6.0978e-02,-0.26,-0.48
-6.0976e-02,-0.295,-0.17
-6.0974e-02,-0.265,-0.485
-6.0973e-02,-0.36,-0.17
-6.0971e-02,-0.355,-0.5
-6.0970e-02,-0.305,-0.155
-6.0968e-02,-0.35,-0.485
-6.0966e-02,-0.305,-0.17
-6.0965e-02,-0.42,-0.475
-6.0963e-02,-0.255,-0.17
-6.0962e-02,-0.365,-0.485
-6.0960e-02,-0.28,-0.165
-6.0958e-02,-0.33,-0.495
-6.0957e-02,-0.3,-0.16
-6.0955e-02,-0.31,-0.465
-6.0954e-02,-0.385,-0.185
-6.0952e-02,-0.34,-0.48
-6.0950e-02,-0.35,-0.16
-6.0949e-02,-0.255,-0.485
-6.0947e-02,-0.375,-0.16
-6.0946e-02,-0.34,-0.505
-6.0944e-02,-0.33,-0.145
-6.0942e-02,-0.295,-0.48
-6.0941e-02,-0.265,-0.175
-6.0939e-02,-0.375,-0.5
-6.0938e-02,-0.355,-0.15
-6.0936e-02,-0.4,-0.475
-6.0934e-02,-0.24,-0.16
-6.0933e-02,-0.3,-0.465
-6.0931e-02,-0.28,-0.185
-6.0930e-02,-0.355,-0.475
-6.0928e-02,-0.23,-0.175
-6.0926e-02,-0.345,-0.495
-6.0925e-02,-0.32,-0.16
-6.0923e-02,-0.42,-0.5
-6.0922e-02,-0.3,-0.155
-6.0920e-02,-0.325,-0.485
-6.0918e-02,-0.25,-0.165
-6.0917e-02,-0.3,-0.49
-6.0915e-02,-0.31,-0.16
-6.0914e-02,-0.345,-0.465
-6.0912e-02,-0.345,-0.18
-6.0910e-02,-0.33,-0.48
-6.0909e-02,-0.335,-0.165
-6.0907e-02,-0.345,-0.455
-6.0906e-02,-0.28,-0.195
-6.0904e-02,-0.32,-0.485
-6.0902e-02,-0.27,-0.165
-6.0901e-02,-0.335,-0.5
-6.0899e-02,-0.265,-0.155
-6.0898e-02,-0.385,-0.485
-6.0896e-02,-0.33,-0.165
-6.0894e-02,-0.43,-0.46
-6.0893e-02,-0.3,-0.19
-6.0891e-02,-0.405,-0.475
-6.0890e-02,-0.34,-0.175
-6.0888e-02,-0.375,-0.48
-6.0886e-02,-0.27,-0.17
-6.0885e-02,-0.275,-0.485
-6.0883e-02,-0.335,-0.165
-6.0882e-02,-0.31,-0.465
-6.0880e-02,-0.3,-0.19
-6.0878e-02,-0.225,-0.47
-6.0877e-02,-0.3,-0.185
-6.0875e-02,-0.31,-0.465
-6.0874e-02,-0.36,-0.19
-6.0872e-02,-0.265,-0.47
-6.0870e-02,-0.32,-0.19
-6.0869e-02,-0.315,-0.5
-6.0867e-02,-0.435,-0.155
-6.0866e-02,-0.325,-0.48
-6.0864e-02,-0.385,-0.175
-6.0862e-02,-0.23,-0.47
-6.0861e-02,-0.39,-0.185
-6.0859e-02,-0.325,-0.48
-6.0858e-02,-0.39,-0.17
-6.0856e-02,-0.3,-0.47
-6.0854e-02,-0.31,-0.18
-6.0853e-02,-0.385,-0.49
-6.0851e-02,-0.3,-0.16
-6.0850e-02,-0.355,-0.49
-6.0848e-02,-0.27,-0.165
-6.0846e-02,-0.35,-0.48
-6.0845e-02,-0.33,-0.175
-6.0843e-02,-0.37,-0.475
-6.0842e-02,-0.375,-0.185
-6.0840e-02,-0.36,-0.46
-6.0838e-02,-0.305,-0.195
-6.0837e-02,-0.275,-0.475
-6.0835e-02,-0.32,-0.175
-6.0834e-02,-0.315,-0.48
-6.0832e-02,-0.34,-0.17
-6.0830e-02,-0.255,-0.465
-6.0829e-02,-0.335,-0.185
-6.0827e-02,-0.38,-0.52
-6.0826e-02,-0.435,-0.14
-6.0824e-02,-0.355,-0.465
-6.0822e-02,-0.3,-0.19
-6.0821e-02,-0.285,-0.48
-6.0819e-02,-0.32,-0.175
-6.0818e-02,-0.315,-0.495
-6.0816e-02,-0.285,-0.16
-6.0814e-02,-0.285,-0.495
-6.0813e-02,-0.31,-0.165
-6.0811e-02,-0.415,-0.49
-6.0810e-02,-0.4,-0.17
-6.0808e-02,-0.39,-0.49
-6.0806e-02,-0.305,-0.16
-6.0805e-02,-0.29,-0.485
-6.0803e-02,-0.345,-0.17
-6.0802e-02,-0.33,-0.485
-6.0800e-02,-0.31,-0.165
-6.0798e-02,-0.23,-0.505
-6.0797e-02,-0.25,-0.155
-6.0795e-02,-0.275,-0.465
-6.0794e-02,-0.28,-0.19
-6.0792e-02,-0.305,-0.48
-6.0790e-02,-0.295,-0.17
-6.0789e-02,-0.345,-0.485
-6.0787e-02,-0.295,-0.175
-6.0786e-02,-0.305,-0.505
-6.0784e-02,-0.3,-0.155
-6.0782e-02,-0.33,-0.475
-6.0781e-02,-0.32,-0.185
-6.0779e-02,-0.285,-0.505
-6.0778e-02,-0.375,-0.15
-6.0776e-02,-0.36,-0.47
-6.0774e-02,-0.465,-0.18
-6.0773e-02,-0.285,-0.47
-6.0771e-02,-0.305,-0.185
-6.0770e-02,-0.325,-0.485
-6.0768e-02,-0.31,-0.165
-6.0766e-02,-0.305,-0.475
-6.0765e-02,-0.18,-0.185
-6.0763e-02,-0.295,-0.51
-6.0762e-02,-0.245,-0.145
-6.0760e-02,-0.38,-0.5
-6.0758e-02,-0.285,-0.155
-6.0757e-02,-0.365,-0.51
-6.0755e-02,-0.36,-0.15
-6.0754e-02,-0.37,-0.475
-6.0752e-02,-0.415,-0.185
-6.0750e-02,-0.375,-0.495
-6.0749e-02,-0.365,-0.165
-6.0747e-02,-0.34,-0.495
-6.0746e-02,-0.315,-0.165
-6.0744e-02,-0.35,-0.5
-6.0742e-02,-0.295,-0.16
-6.0741e-02,-0.335,-0.48
-6.0739e-02,-0.33,-0.175
-6.0738e-02,-0.27,-0.485
-6.0736e-02,-0.35,-0.165
-6.0734e-02,-0.29,-0.47
-6.0733e-02,-0.345,-0.185
-6.0731e-02,-0.235,-0.49
-6.0730e-02,-0.215,-0.16
-6.0728e-02,-0.25,-0.49
-6.0726e-02,-0.27,-0.17
-6.0725e-02,-0.31,-0.485
-6.0723e-02,-0.275,-0.17
-6.0722e-02,-0.28,-0.49
-6.0720e-02,-0.38,-0.165
-6.0718e-02,-0.325,-0.495
-6.0717e-02,-0.335,-0.155
-6.0715e-02,-0.21,-0.495
-6.0714e-02,-0.27,-0.165
-6.0712e-02,-0.275,-0.48
-6.0710e-02,-0.35,-0.17
-6.0709e-02,-0.33,-0.49
-6.0707e-02,-0.3,-0.165
-6.0706e-02,-0.345,-0.48
-6.0704e-02,-0.365,-0.165
-6.0702e-02,-0.37,-0.475
-6.0701e-02,-0.33,-0.18
-6.0699e-02,-0.26,-0.495
-6.0698e-02,-0.34,-0.16
-6.0696e-02,-0.31,-0.47
-6.0694e-02,-0.38,-0.185
-6.0693e-02,-0.375,-0.52
-6.0691e-02,-0.325,-0.135
-6.0690e-02,-0.325,-0.515
-6.0688e-02,-0.39,-0.145
-6.0686e-02,-0.355,-0.505
-6.0685e-02,-0.41,-0.155
-6.0683e-02,-0.36,-0.475
-6.0682e-02,-0.345,-0.175
-6.0680e-02,-0.405,-0.495
-6.0678e-02,-0.34,-0.15
-6.0677e-02,-0.355,-0.5
-6.0675e-02,-0.33,-0.155
-6.0674e-02,-0.295,-0.5
-6.0672e-02,-0.36,-0.15
-6.0670e-02,-0.315,-0.46
-6.0669e-02,-0.38,-0.185
-6.0667e-02,-0.34,-0.49
-6.0666e-02,-0.32,-0.16
-6.0664e-02,-0.35,-0.47
-6.0662e-02,-0.34,-0.18
-6.0661e-02,-0.29,-0.475
-6.0659e-02,-0.27,-0.17
-6.0658e-02,-0.19,-0.475
-6.0656e-02,-0.295,-0.175
-6.0654e-02,-0.33,-0.47
-6.0653e-02,-0.29,-0.185
-6.0651e-02,-0.285,-0.475
-6.0650e-02,-0.28,-0.17
-6.0648e-02,-0.34,-0.48
-6.0646e-02,-0.39,-0.17
-6.0645e-02,-0.285,-0.495
-6.0643e-02,-0.325,-0.165
-6.0642e-02,-0.275,-0.49
-6.0640e-02,-0.35,-0.165
-6.0638e-02,-0.37,-0.49
-6.0637e-02,-0.3,-0.17
-6.0635e-02,-0.34,-0.48
-6.0634e-02,-0.355,-0.185
-6.0632e-02,-0.36,-0.495
-6.0630e-02,-0.385,-0.16
-6.0629e-02,-0.345,-0.5
-6.0627e-02,-0.3,-0.155
-6.0626e-02,-0.305,-0.495
-6.0624e-02,-0.29,-0.17
-6.0622e-02,-0.295,-0.5
-6.0621e-02,-0.255,-0.15
-6.0619e-02,-0.32,-0.48
-6.0618e-02,-0.355,-0.17
-6.0616e-02,-0.43,-0.48
-6.0614e-02,-0.305,-0.175
-6.0613e-02,-0.395,-0.505
-6.0611e-02,-0.265,-0.155
-6.0610e-02,-0.395,-0.49
-6.0608e-02,-0.315,-0.16
-6.0606e-02,-0.335,-0.47
-6.0605e-02,-0.36,-0.19
-6.0603e-02,-0.26,-0.485
-6.0602e-02,-0.295,-0.17
-6.0600e-02,-0.28,-0.525
-6.0598e-02,-0.315,-0.14
-6.0597e-02,-0.355,-0.47
-6.0595e-02,-0.315,-0.185
-6.0594e-02,-0.365,-0.475
-6.0592e-02,-0.375,-0.185
-6.0590e-02,-0.36,-0.49
-6.0589e-02,-0.29,-0.17
-6.0587e-02,-0.31,-0.505
-6.0586e-02,-0.255,-0.155
-6.0584e-02,-0.375,-0.48
-6.0582e-02,-0.305,-0.18
-6.0581e-02,-0.33,-0.525
-6.0579e-02,-0.22,-0.14
-6.0578e-02,-0.31,-0.485
-6.0576e-02,-0.385,-0.175
-6.0574e-02,-0.38,-0.505
-6.0573e-02,-0.36,-0.155
-6.0571e-02,-0.3,-0.485
-6.0570e-02,-0.345,-0.17
-6.0568e-02,-0.345,-0.52
-6.0566e-02,-0.36,-0.145
-6.0565e-02,-0.32,-0.495
-6.0563e-02,-0.33,-0.16
-6.0562e-02,-0.32,-0.53
-6.0560e-02,-0.345,-0.13
-6.0558e-02,-0.245,-0.475
-6.0557e-02,-0.28,-0.185
-6.0555e-02,-0.275,-0.495
-6.0554e-02,-0.355,-0.17
-6.0552e-02,-0.3,-0.505
-6.0550e-02,-0.28,-0.16
-6.0549e-02,-0.275,-0.485
-6.0547e-02,-0.275,-0.17
-6.0546e-02,-0.265,-0.52
-6.0544e-02,-0.315,-0.145
-6.0542e-02,-0.31,-0.485
-6.0541e-02,-0.34,-0.175
-6.0539e-02,-0.31,-0.48
-6.0538e-02,-0.33,-0.18
-6.0536e-02,-0.335,-0.485
-6.0534e-02,-0.33,-0.18
-6.0533e-02,-0.275,-0.48
-6.0531e-02,-0.35,-0.18
-6.0530e-02,-0.295,-0.485
-6.0528e-02,-0.375,-0.18
-6.0526e-02,-0.25,-0.495
-6.0525e-02,-0.325,-0.17
-6.0523e-02,-0.28,-0.47
-6.0522e-02,-0.325,-0.185
-6.0520e-02,-0.41,-0.48
-6.0518e-02,-0.315,-0.18
-6.0517e-02,-0.395,-0.475
-6.0515e-02,-0.255,-0.19
-6.0514e-02,-0.42,-0.525
-6.0512e-02,-0.305,-0.14
-6.0510e-02,-0.3,-0.495
-6.0509e-02,-0.3,-0.17
-6.0507e-02,-0.35,-0.475
-6.0506e-02,-0.435,-0.185
-6.0504e-02,-0.38,-0.505
-6.0502e-02,-0.36,-0.15
-6.0501e-02,-0.355,-0.49
-6.0499e-02,-0.29,-0.175
-6.0498e-02,-0.335,-0.485
-6.0496e-02,-0.23,-0.17
-6.0494e-02,-0.29,-0.505
-6.0493e-02,-0.27,-0.16
-6.0491e-02,-0.31,-0.47
-6.0490e-02,-0.35,-0.19
-6.0488e-02,-0.245,-0.49
-6.0486e-02,-0.355,-0.175
-6.0485e-02,-0.34,-0.48
-6.0483e-02,-0.405,-0.18
-6.0482e-02,-0.33,-0.5
-6.0480e-02,-0.22,-0.17
-6.0478e-02,-0.3,-0.495
-6.0477e-02,-0.335,-0.155
-6.0475e-02,-0.35,-0.48
-6.0474e-02,-0.29,-0.17
-6.0472e-02,-0.24,-0.475
-6.0470e-02,-0.275,-0.175
-6.0469e-02,-0.35,-0.495
-6.0467e-02,-0.365,-0.155
-6.0466e-02,-0.385,-0.495
-6.0464e-02,-0.33,-0.165
-6.0462e-02,-0.37,-0.485
-6.0461e-02,-0.345,-0.165
-6.0459e-02,-0.295,-0.47
-6.0458e-02,-0.325,-0.195
-6.0456e-02,-0.315,-0.505
-6.0454e-02,-0.395,-0.155
-6.0453e-02,-0.38,-0.47
-6.0451e-02,-0.34,-0.185
-6.0450e-02,-0.41,-0.495
-6.0448e-02,-0.385,-0.165
-6.0446e-02,-0.44,-0.495
-6.0445e-02,-0.32,-0.17
-6.0443e-02,-0.275,-0.49
-6.0442e-02,-0.29,-0.175
-6.0440e-02,-0.295,-0.49
-6.0438e-02,-0.29,-0.18
-6.0437e-02,-0.27,-0.51
-6.0435e-02,-0.31,-0.155
-6.0434e-02,-0.395,-0.51
-6.0432e-02,-0.395,-0.15
-6.0430e-02,-0.35,-0.485
-6.0429e-02,-0.31,-0.175
-6.0427e-02,-0.285,-0.495
-6.0426e-02,-0.315,-0.165
-6.0424e-02,-0.3,-0.48
-6.0422e-02,-0.285,-0.175
-6.0421e-02,-0.365,-0.485
-6.0419e-02,-0.32,-0.18
-6.0418e-02,-0.395,-0.475
-6.0416e-02,-0.275,-0.185
-6.0414e-02,-0.305,-0.495
-6.0413e-02,-0.31,-0.165
-6.0411e-02,-0.33,-0.48
-6.0410e-02,-0.37,-0.18
-6.0408e-02,-0.35,-0.5
-6.0406e-02,-0.31,-0.16
-6.0405e-02,-0.325,-0.465
-6.0403e-02,-0.34,-0.2
-6.0402e-02,-0.39,-0.51
-6.0400e-02,-0.3,-0.155
-6.0398e-02,-0.315,-0.515
-6.0397e-02,-0.3,-0.155
-6.0395e-02,-0.385,-0.5
-6.0394e-02,-0.38,-0.165
-6.0392e-02,-0.315,-0.495
-6.0390e-02,-0.32,-0.17
-6.0389e-02,-0.27,-0.495
-6.0387e-02,-0.365,-0.17
-6.0386e-02,-0.285,-0.5
-6.0384e-02,-0.42,-0.165
-6.0382e-02,-0.325,-0.49
-6.0381e-02,-0.415,-0.175
-6.0379e-02,-0.4,-0.54
-6.0378e-02,-0.37,-0.13
-6.0376e-02,-0.38,-0.53
-6.0374e-02,-0.285,-0.135
-6.0373e-02,-0.34,-0.5
-6.0371e-02,-0.3,-0.155
-6.0370e-02,-0.275,-0.515
-6.0368e-02,-0.25,-0.15
-6.0366e-02,-0.215,-0.5
-6.0365e-02,-0.31,-0.17
-6.0363e-02,-0.275,-0.495
-6.0362e-02,-0.255,-0.165
-6.0360e-02,-0.3,-0.495
-6.0358e-02,-0.265,-0.165
-6.0357e-02,-0.36,-0.475
-6.0355e-02,-0.2,-0.185
-6.0354e-02,-0.32,-0.48
-6.0352e-02,-0.22,-0.17
-6.0350e-02,-0.34,-0.505
-6.0349e-02,-0.295,-0.16
-6.0347e-02,-0.305,-0.505
-6.0346e-02,-0.32,-0.155
-6.0344e-02,-0.37,-0.495
-6.0342e-02,-0.405,-0.165
-6.0341e-02,-0.345,-0.49
-6.0339e-02,-0.26,-0.175
-6.0338e-02,-0.34,-0.475
-6.0336e-02,-0.285,-0.185
-6.0334e-02,-0.415,-0.495
-6.0333e-02,-0.24,-0.165
-6.0331e-02,-0.365,-0.5
-6.0330e-02,-0.25,-0.16
-6.0328e-02,-0.355,-0.48
-6.0326e-02,-0.255,-0.18
-6.0325e-02,-0.3,-0.48
-6.0323e-02,-0.27,-0.18
-6.0322e-02,-0.37,-0.485
-6.0320e-02,-0.3,-0.17
-6.0318e-02,-0.395,-0.505
-6.0317e-02,-0.23,-0.16
-6.0315e-02,-0.3,-0.5
-6.0314e-02,-0.31,-0.165
-6.0312e-02,-0.36,-0.48
-6.0310e-02,-0.35,-0.18
-6.0309e-02,-0.3,-0.525
-6.0307e-02,-0.35,-0.14
-6.0306e-02,-0.385,-0.5
-6.0304e-02,-0.385,-0.16
-6.0302e-02,-0.325,-0.46
-6.0301e-02,-0.245,-0.205
-6.0299e-02,-0.295,-0.48
-6.0298e-02,-0.31,-0.185
-6.0296e-02,-0.285,-0.495
-6.0294e-02,-0.385,-0.17
-6.0293e-02,-0.28,-0.495
-6.0291e-02,-0.42,-0.17
-6.0290e-02,-0.325,-0.475
-6.0288e-02,-0.34,-0.185
-6.0286e-02,-0.365,-0.505
-6.0285e-02,-0.345,-0.16
-6.0283e-02,-0.355,-0.5
-6.0282e-02,-0.345,-0.17
-6.0280e-02,-0.32,-0.47
-6.0278e-02,-0.285,-0.19
-6.0277e-02,-0.22,-0.475
-6.0275e-02,-0.255,-0.185
-6.0274e-02,-0.3,-0.475
-6.0272e-02,-0.26,-0.19
-6.0270e-02,-0.32,-0.49
-6.0269e-02,-0.235,-0.18
-6.0267e-02,-0.305,-0.485
-6.0266e-02,-0.33,-0.185
-6.0264e-02,-0.32,-0.495
-6.0262e-02,-0.285,-0.17
-6.0261e-02,-0.265,-0.505
-6.0259e-02,-0.295,-0.16
-6.0258e-02,-0.3,-0.5
-6.0256e-02,-0.33,-0.165
-6.0254e-02,-0.205,-0.515
-6.0253e-02,-0.305,-0.155
-6.0251e-02,-0.295,-0.49
-6.0250e-02,-0.355,-0.18
-6.0248e-02,-0.265,-0.485
-6.0246e-02,-0.28,-0.185
-6.0245e-02,-0.33,-0.495
-6.0243e-02,-0.27,-0.17
-6.0242e-02,-0.32,-0.485
-6.0240e-02,-0.245,-0.18
-6.0238e-02,-0.24,-0.495
-6.0237e-02,-0.3,-0.165
-6.0235e-02,-0.365,-0.495
-6.0234e-02,-0.265,-0.17
-6.0232e-02,-0.33,-0.515
-6.0230e-02,-0.33,-0.16
-6.0229e-02,-0.425,-0.495
-6.0227e-02,-0.33,-0.175
-6.0226e-02,-0.295,-0.5
-6.0224e-02,-0.255,-0.165
-6.0222e-02,-0.315,-0.495
-6.0221e-02,-0.31,-0.175
-6.0219e-02,-0.31,-0.475
-6.0218e-02,-0.295,-0.185
-6.0216e-02,-0.425,-0.495
-6.0214e-02,-0.385,-0.17
-6.0213e-02,-0.405,-0.525
-6.0211e-02,-0.375,-0.135
-6.0210e-02,-0.31,-0.505
-6.0208e-02,-0.3,-0.165
-6.0206e-02,-0.325,-0.51
-6.0205e-02,-0.33,-0.155
-6.0203e-02,-0.35,-0.49
-6.0202e-02,-0.31,-0.175
-6.0200e-02,-0.365,-0.48
-6.0198e-02,-0.365,-0.18
-6.0197e-02,-0.33,-0.505
-6.0195e-02,-0.26,-0.155
-6.0194e-02,-0.3,-0.525
-6.0192e-02,-0.305,-0.135
-6.0190e-02,-0.305,-0.505
-6.0189e-02,-0.265,-0.16
-6.0187e-02,-0.33,-0.525
-6.0186e-02,-0.24,-0.145
-6.0184e-02,-0.365,-0.495
-6.0182e-02,-0.28,-0.17
-6.0181e-02,-0.385,-0.5
-6.0179e-02,-0.305,-0.16
-6.0178e-02,-0.335,-0.505
-6.0176e-02,-0.34,-0.16
-6.0174e-02,-0.375,-0.5
-6.0173e-02,-0.305,-0.16
-6.0171e-02,-0.35,-0.515
-6.0170e-02,-0.245,-0.15
-6.0168e-02,-0.405,-0.49
-6.0166e-02,-0.26,-0.165
-6.0165e-02,-0.36,-0.53
-6.0163e-02,-0.29,-0.13
-6.0162e-02,-0.3,-0.515
-6.0160e-02,-0.375,-0.15
-6.0158e-02,-0.365,-0.515
-6.0157e-02,-0.385,-0.145
-6.0155e-02,-0.33,-0.485
-6.0154e-02,-0.315,-0.18
-6.0152e-02,-0.35,-0.505
-6.0150e-02,-0.375,-0.16
-6.0149e-02,-0.305,-0.49
-6.0147e-02,-0.3,-0.165
-6.0146e-02,-0.32,-0.47
-6.0144e-02,-0.41,-0.195
-6.0142e-02,-0.37,-0.52
-6.0141e-02,-0.295,-0.14
-6.0139e-02,-0.34,-0.505
-6.0138e-02,-0.32,-0.145
-6.0136e-02,-0.33,-0.515
-6.0134e-02,-0.28,-0.16
-6.0133e-02,-0.235,-0.48
-6.0131e-02,-0.405,-0.19
-6.0130e-02,-0.32,-0.48
-6.0128e-02,-0.42,-0.195
-6.0126e-02,-0.285,-0.49
-6.0125e-02,-0.3,-0.175
-6.0123e-02,-0.3,-0.48
-6.0122e-02,-0.285,-0.185
-6.0120e-02,-0.345,-0.495
-6.0118e-02,-0.315,-0.17
-6.0117e-02,-0.345,-0.46
-6.0115e-02,-0.425,-0.205
-6.0114e-02,-0.36,-0.465
-6.0112e-02,-0.415,-0.205
-6.0110e-02,-0.32,-0.495
-6.0109e-02,-0.33,-0.18
-6.0107e-02,-0.33,-0.49
-6.0106e-02,-0.41,-0.185
-6.0104e-02,-0.345,-0.48
-6.0102e-02,-0.35,-0.19
-6.0101e-02,-0.365,-0.485
-6.0099e-02,-0.35,-0.195
-6.0098e-02,-0.385,-0.49
-6.0096e-02,-0.335,-0.175
-6.0094e-02,-0.355,-0.505
-6.0093e-02,-0.39,-0.165
-6.0091e-02,-0.345,-0.485
-6.0090e-02,-0.33,-0.175
-6.0088e-02,-0.31,-0.485
-6.0086e-02,-0.365,-0.18
-6.0085e-02,-0.395,-0.49
-6.0083e-02,-0.325,-0.175
-6.0082e-02,-0.33,-0.51
-6.0080e-02,-0.31,-0.165
-6.0078e-02,-0.33,-0.485
-6.0077e-02,-0.36,-0.18
-6.0075e-02,-0.315,-0.505
-6.0074e-02,-0.335,-0.165
-6.0072e-02,-0.325,-0.495
-6.0070e-02,-0.275,-0.175
-6.0069e-02,-0.415,-0.52
-6.0067e-02,-0.355,-0.145
-6.0066e-02,-0.4,-0.5
-6.0064e-02,-0.35,-0.16
-6.0062e-02,-0.335,-0.48
-6.0061e-02,-0.34,-0.18
-6.0059e-02,-0.35,-0.49
-6.0058e-02,-0.295,-0.17
-6.0056e-02,-0.325,-0.49
-6.0054e-02,-0.3,-0.17
-6.0053e-02,-0.285,-0.49
-6.0051e-02,-0.365,-0.18
-6.0050e-02,-0.32,-0.495
-6.0048e-02,-0.43,-0.175
-6.0046e-02,-0.315,-0.49
-6.0045e-02,-0.32,-0.17
-6.0043e-02,-0.3,-0.465
-6.0042e-02,-0.35,-0.195
-6.0040e-02,-0.31,-0.49
-6.0038e-02,-0.37,-0.175
-6.0037e-02,-0.29,-0.485
-6.0035e-02,-0.38,-0.18
-6.0034e-02,-0.385,-0.505
-6.0032e-02,-0.305,-0.16
-6.0030e-02,-0.335,-0.47
-6.0029e-02,-0.24,-0.185
-6.0027e-02,-0.325,-0.485
-6.0026e-02,-0.395,-0.185
-6.0024e-02,-0.335,-0.5
-6.0022e-02,-0.36,-0.165
-6.0021e-02,-0.31,-0.475
-6.0019e-02,-0.345,-0.19
-6.0018e-02,-0.325,-0.485
-6.0016e-02,-0.305,-0.175
-6.0014e-02,-0.3,-0.47
-6.0013e-02,-0.33,-0.19
-6.0011e-02,-0.375,-0.495
-6.0010e-02,-0.335,-0.165
-6.0008e-02,-0.37,-0.475
-6.0006e-02,-0.425,-0.18
-6.0005e-02,-0.315,-0.47
-6.0003e-02,-0.365,-0.185
-6.0002e-02,-0.33,-0.465
-6.0000e-02,-0.32,-0.2
-5.9998e-02,-0.37,-0.485
-5.9997e-02,-0.31,-0.175
-5.9995e-02,-0.255,-0.495
-5.9994e-02,-0.355,-0.18
-5.9992e-02,-0.335,-0.505
-5.9990e-02,-0.355,-0.165
-5.9989e-02,-0.325,-0.485
-5.9987e-02,-0.305,-0.18
-5.9986e-02,-0.43,-0.47
-5.9984e-02,-0.405,-0.2
-5.9982e-02,-0.32,-0.495
-5.9981e-02,-0.3,-0.18
-5.9979e-02,-0.365,-0.49
-5.9978e-02,-0.305,-0.185
-5.9976e-02,-0.41,-0.48
-5.9974e-02,-0.275,-0.185
-5.9973e-02,-0.405,-0.5
-5.9971e-02,-0.34,-0.17
-5.9970e-02,-0.48,-0.5
-5.9968e-02,-0.31,-0.175
-5.9966e-02,-0.415,-0.505
-5.9965e-02,-0.365,-0.165
-5.9963e-02,-0.31,-0.505
-5.9962e-02,-0.365,-0.17
-5.9960e-02,-0.335,-0.48
-5.9958e-02,-0.4,-0.19
-5.9957e-02,-0.375,-0.505
-5.9955e-02,-0.335,-0.165
-5.9954e-02,-0.285,-0.515
-5.9952e-02,-0.385,-0.16
-5.9950e-02,-0.44,-0.505
-5.9949e-02,-0.33,-0.16
-5.9947e-02,-0.245,-0.51
-5.9946e-02,-0.3,-0.175
-5.9944e-02,-0.36,-0.475
-5.9942e-02,-0.415,-0.205
-5.9941e-02,-0.34,-0.485
-5.9939e-02,-0.33,-0.19
-5.9938e-02,-0.26,-0.485
-5.9936e-02,-0.41,-0.185
-5.9934e-02,-0.305,-0.495
-5.9933e-02,-0.31,-0.18
-5.9931e-02,-0.33,-0.48
-5.9930e-02,-0.37,-0.195
-5.9928e-02,-0.41,-0.48
-5.9926e-02,-0.31,-0.19
-5.9925e-02,-0.305,-0.495
-5.9923e-02,-0.31,-0.175
-5.9922e-02,-0.36,-0.525
-5.9920e-02,-0.325,-0.15
-5.9918e-02,-0.375,-0.485
-5.9917e-02,-0.3,-0.19
-5.9915e-02,-0.325,-0.465
-5.9914e-02,-0.31,-0.2
-5.9912e-02,-0.28,-0.475
-5.9910e-02,-0.275,-0.2
-5.9909e-02,-0.36,-0.485
-5.9907e-02,-0.295,-0.19
-5.9906e-02,-0.315,-0.48
-5.9904e-02,-0.32,-0.19
-5.9902e-02,-0.32,-0.49
-5.9901e-02,-0.36,-0.17
-5.9899e-02,-0.34,-0.505
-5.9898e-02,-0.195,-0.165
-5.9896e-02,-0.355,-0.49
-5.9894e-02,-0.24,-0.17
-5.9893e-02,-0.405,-0.48
-5.9891e-02,-0.28,-0.18
-5.9890e-02,-0.28,-0.48
-5.9888e-02,-0.3,-0.185
-5.9886e-02,-0.35,-0.49
-5.9885e-02,-0.33,-0.18
-5.9883e-02,-0.31,-0.475
-5.9882e-02,-0.21,-0.19
-5.9880e-02,-0.29,-0.495
-5.9878e-02,-0.355,-0.16
-5.9877e-02,-0.33,-0.515
-5.9875e-02,-0.34,-0.15
-5.9874e-02,-0.33,-0.485
-5.9872e-02,-0.35,-0.175
-5.9870e-02,-0.405,-0.48
-5.9869e-02,-0.375,-0.185
-5.9867e-02,-0.335,-0.49
-5.9866e-02,-0.385,-0.17
-5.9864e-02,-0.34,-0.495
-5.9862e-02,-0.325,-0.17
-5.9861e-02,-0.35,-0.485
-5.9859e-02,-0.31,-0.18
-5.9858e-02,-0.32,-0.5
-5.9856e-02,-0.335,-0.16
-5.9854e-02,-0.25,-0.505
-5.9853e-02,-0.31,-0.165
-5.9851e-02,-0.28,-0.475
-5.9850e-02,-0.345,-0.19
-5.9848e-02,-0.33,-0.47
-5.9846e-02,-0.375,-0.195
-5.9845e-02,-0.295,-0.505
-5.9843e-02,-0.36,-0.16
-5.9842e-02,-0.38,-0.485
-5.9840e-02,-0.35,-0.18
-5.9838e-02,-0.335,-0.52
-5.9837e-02,-0.24,-0.155
-5.9835e-02,-0.275,-0.505
-5.9834e-02,-0.33,-0.165
-5.9832e-02,-0.405,-0.505
-5.9830e-02,-0.375,-0.17
-5.9829e-02,-0.355,-0.52
-5.9827e-02,-0.29,-0.15
-5.9826e-02,-0.27,-0.5
-5.9824e-02,-0.325,-0.17
-5.9822e-02,-0.26,-0.47
-5.9821e-02,-0.38,-0.205
-5.9819e-02,-0.355,-0.475
-5.9818e-02,-0.33,-0.195
-5.9816e-02,-0.275,-0.48
-5.9814e-02,-0.265,-0.185
-5.9813e-02,-0.295,-0.485
-5.9811e-02,-0.435,-0.185
-5.9810e-02,-0.415,-0.475
-5.9808e-02,-0.39,-0.195
-5.9806e-02,-0.385,-0.485
-5.9805e-02,-0.325,-0.195
-5.9803e-02,-0.31,-0.485
-5.9802e-02,-0.37,-0.19
-5.9800e-02,-0.25,-0.49
-5.9798e-02,-0.28,-0.19
-5.9797e-02,-0.315,-0.475
-5.9795e-02,-0.355,-0.2
-5.9794e-02,-0.33,-0.49
-5.9792e-02,-0.26,-0.185
-5.9790e-02,-0.315,-0.475
-5.9789e-02,-0.26,-0.205
-5.9787e-02,-0.36,-0.505
-5.9786e-02,-0.305,-0.17
-5.9784e-02,-0.31,-0.48
-5.9782e-02,-0.28,-0.2
-5.9781e-02,-0.4,-0.49
-5.9779e-02,-0.255,-0.18
-5.9778e-02,-0.32,-0.5
-5.9776e-02,-0.325,-0.175
-5.9774e-02,-0.435,-0.48
-5.9773e-02,-0.385,-0.195
-5.9771e-02,-0.4,-0.485
-5.9770e-02,-0.34,-0.19
-5.9768e-02,-0.37,-0.505
-5.9766e-02,-0.375,-0.17
-5.9765e-02,-0.385,-0.48
-5.9763e-02,-0.255,-0.195
-5.9762e-02,-0.41,-0.53
-5.9760e-02,-0.31,-0.15
-5.9758e-02,-0.305,-0.515
-5.9757e-02,-0.265,-0.16
-5.9755e-02,-0.34,-0.52
-5.9754e-02,-0.31,-0.155
-5.9752e-02,-0.395,-0.51
-5.9750e-02,-0.365,-0.165
-5.9749e-02,-0.355,-0.495
-5.9747e-02,-0.285,-0.17
-5.9746e-02,-0.38,-0.54
-5.9744e-02,-0.39,-0.135
-5.9742e-02,-0.355,-0.475
-5.9741e-02,-0.3,-0.19
-5.9739e-02,-0.3,-0.505
-5.9738e-02,-0.27,-0.16
-5.9736e-02,-0.255,-0.52
-5.9734e-02,-0.31,-0.14
-5.9733e-02,-0.265,-0.52
-5.9731e-02,-0.35,-0.145
-5.9730e-02,-0.39,-0.485
-5.9728e-02,-0.43,-0.18
-5.9726e-02,-0.22,-0.485
-5.9725e-02,-0.29,-0.185
-5.9723e-02,-0.31,-0.48
-5.9722e-02,-0.405,-0.18
-5.9720e-02,-0.265,-0.505
-5.9718e-02,-0.32,-0.16
-5.9717e-02,-0.345,-0.475
-5.9715e-02,-0.36,-0.18
-5.9714e-02,-0.28,-0.5
-5.9712e-02,-0.275,-0.16
-5.9710e-02,-0.355,-0.49
-5.9709e-02,-0.44,-0.165
-5.9707e-02,-0.335,-0.5
-5.9706e-02,-0.385,-0.17
-5.9704e-02,-0.26,-0.49
-5.9702e-02,-0.3,-0.175
-5.9701e-02,-0.235,-0.485
-5.9699e-02,-0.35,-0.18
-5.9698e-02,-0.23,-0.47
-5.9696e-02,-0.255,-0.19
-5.9694e-02,-0.26,-0.49
-5.9693e-02,-0.425,-0.17
-5.9691e-02,-0.33,-0.505
-5.9690e-02,-0.295,-0.165
-5.9688e-02,-0.3,-0.54
-5.9686e-02,-0.41,-0.14
-5.9685e-02,-0.415,-0.47
-5.9683e-02,-0.37,-0.195
-5.9682e-02,-0.28,-0.485
-5.9680e-02,-0.415,-0.18
-5.9678e-02,-0.335,-0.49
-5.9677e-02,-0.365,-0.185
-5.9675e-02,-0.22,-0.5
-5.9674e-02,-0.325,-0.17
-5.9672e-02,-0.23,-0.48
-5.9670e-02,-0.335,-0.19
-5.9669e-02,-0.26,-0.535
-5.9667e-02,-0.305,-0.14
-5.9666e-02,-0.3,-0.51
-5.9664e-02,-0.405,-0.165
-5.9662e-02,-0.37,-0.505
-5.9661e-02,-0.34,-0.17
-5.9659e-02,-0.37,-0.505
-5.9658e-02,-0.38,-0.17
-5.9656e-02,-0.395,-0.495
-5.9654e-02,-0.315,-0.175
-5.9653e-02,-0.265,-0.545
-5.9651e-02,-0.305,-0.14
-5.9650e-02,-0.28,-0.485
-5.9648e-02,-0.33,-0.18
-5.9646e-02,-0.29,-0.51
-5.9645e-02,-0.36,-0.165
-5.9643e-02,-0.32,-0.52
-5.9642e-02,-0.505,-0.155
-5.9640e-02,-0.38,-0.51
-5.9638e-02,-0.42,-0.175
-5.9637e-02,-0.245,-0.515
-5.9635e-02,-0.4,-0.16
-5.9634e-02,-0.27,-0.49
-5.9632e-02,-0.355,-0.19
-5.9630e-02,-0.18,-0.49
-5.9629e-02,-0.375,-0.19
-5.9627e-02,-0.335,-0.505
-5.9626e-02,-0.435,-0.17
-5.9624e-02,-0.26,-0.525
-5.9622e-02,-0.34,-0.16
-5.9621e-02,-0.335,-0.48
-5.9619e-02,-0.42,-0.2
-5.9618e-02,-0.375,-0.5
-5.9616e-02,-0.405,-0.175
-5.9614e-02,-0.345,-0.48
-5.9613e-02,-0.375,-0.19
-5.9611e-02,-0.355,-0.49
-5.9610e-02,-0.3,-0.19
-5.9608e-02,-0.305,-0.495
-5.9606e-02,-0.365,-0.185
-5.9605e-02,-0.43,-0.49
-5.9603e-02,-0.375,-0.18
-5.9602e-02,-0.37,-0.505
-5.9600e-02,-0.39,-0.17
-5.9598e-02,-0.335,-0.495
-5.9597e-02,-0.405,-0.18
-5.9595e-02,-0.305,-0.495
-5.9594e-02,-0.27,-0.175
-5.9592e-02,-0.24,-0.505
-5.9590e-02,-0.33,-0.17
-5.9589e-02,-0.32,-0.535
-5.9587e-02,-0.215,-0.15
-5.9586e-02,-0.28,-0.5
-5.9584e-02,-0.37,-0.175
-5.9582e-02,-0.35,-0.495
-5.9581e-02,-0.345,-0.175
-5.9579e-02,-0.325,-0.515
-5.9578e-02,-0.34,-0.16
-5.9576e-02,-0.335,-0.49
-5.9574e-02,-0.395,-0.18
-5.9573e-02,-0.28,-0.505
-5.9571e-02,-0.32,-0.165
-5.9570e-02,-0.28,-0.515
-5.9568e-02,-0.43,-0.16
-5.9566e-02,-0.26,-0.5
-5.9565e-02,-0.36,-0.17
-5.9563e-02,-0.29,-0.495
-5.9562e-02,-0.41,-0.18
-5.9560e-02,-0.355,-0.505
-5.9558e-02,-0.405,-0.165
-5.9557e-02,-0.345,-0.505
-5.9555e-02,-0.36,-0.17
-5.9554e-02,-0.42,-0.5
-5.9552e-02,-0.375,-0.165
-5.9550e-02,-0.305,-0.52
-5.9549e-02,-0.32,-0.15
-5.9547e-02,-0.3,-0.515
-5.9546e-02,-0.325,-0.15
-5.9544e-02,-0.245,-0.525
-5.9542e-02,-0.345,-0.14
-5.9541e-02,-0.27,-0.485
-5.9539e-02,-0.355,-0.18
-5.9538e-02,-0.37,-0.485
-5.9536e-02,-0.44,-0.19
-5.9534e-02,-0.285,-0.53
-5.9533e-02,-0.34,-0.14
-5.9531e-02,-0.265,-0.51
-5.9530e-02,-0.35,-0.165
-5.9528e-02,-0.335,-0.5
-5.9526e-02,-0.38,-0.175
-5.9525e-02,-0.305,-0.49
-5.9523e-02,-0.225,-0.18
-5.9522e-02,-0.355,-0.505
-5.9520e-02,-0.29,-0.16
-5.9518e-02,-0.29,-0.485
-5.9517e-02,-0.325,-0.19
-5.9515e-02,-0.335,-0.49
-5.9514e-02,-0.375,-0.18
-5.9512e-02,-0.43,-0.505
-5.9510e-02,-0.265,-0.16
-5.9509e-02,-0.225,-0.5
-5.9507e-02,-0.325,-0.175
-5.9506e-02,-0.245,-0.495
-5.9504e-02,-0.29,-0.175
-5.9502e-02,-0.22,-0.495
-5.9501e-02,-0.295,-0.18
-5.9499e-02,-0.29,-0.51
-5.9498e-02,-0.4,-0.17
-5.9496e-02,-0.275,-0.49
-5.9494e-02,-0.335,-0.18
-5.9493e-02,-0.385,-0.49
-5.9491e-02,-0.405,-0.185
-5.9490e-02,-0.39,-0.47
-5.9488e-02,-0.37,-0.2
-5.9486e-02,-0.35,-0.515
-5.9485e-02,-0.365,-0.16
-5.9483e-02,-0.425,-0.49
-5.9482e-02,-0.42,-0.185
-5.9480e-02,-0.305,-0.505
-5.9478e-02,-0.325,-0.165
-5.9477e-02,-0.375,-0.495
-5.9475e-02,-0.37,-0.175
-5.9474e-02,-0.35,-0.48
-5.9472e-02,-0.34,-0.195
-5.9470e-02,-0.35,-0.5
-5.9469e-02,-0.335,-0.18
-5.9467e-02,-0.41,-0.52
-5.9466e-02,-0.315,-0.16
-5.9464e-02,-0.295,-0.5
-5.9462e-02,-0.335,-0.185
-5.9461e-02,-0.355,-0.49
-5.9459e-02,-0.325,-0.175
-5.9458e-02,-0.285,-0.51
-5.9456e-02,-0.295,-0.165
-5.9454e-02,-0.365,-0.505
-5.9453e-02,-0.34,-0.17
-5.9451e-02,-0.435,-0.495
-5.9450e-02,-0.285,-0.185
-5.9448e-02,-0.395,-0.515
-5.9446e-02,-0.28,-0.165
-5.9445e-02,-0.33,-0.51
-5.9443e-02,-0.21,-0.165
-5.9442e-02,-0.385,-0.515
-5.9440e-02,-0.24,-0.16
-5.9438e-02,-0.39,-0.495
-5.9437e-02,-0.32,-0.185
-5.9435e-02,-0.37,-0.48
-5.9434e-02,-0.21,-0.19
-5.9432e-02,-0.31,-0.5
-5.9430e-02,-0.26,-0.175
-5.9429e-02,-0.405,-0.49
-5.9427e-02,-0.37,-0.18
-5.9426e-02,-0.445,-0.51
-5.9424e-02,-0.275,-0.17
-5.9422e-02,-0.335,-0.485
-5.9421e-02,-0.29,-0.2
-5.9419e-02,-0.33,-0.485
-5.9418e-02,-0.315,-0.19
-5.9416e-02,-0.34,-0.51
-5.9414e-02,-0.35,-0.165
-5.9413e-02,-0.365,-0.5
-5.9411e-02,-0.395,-0.18
-5.9410e-02,-0.265,-0.505
-5.9408e-02,-0.275,-0.175
-5.9406e-02,-0.365,-0.475
-5.9405e-02,-0.37,-0.2
-5.9403e-02,-0.31,-0.505
-5.9402e-02,-0.345,-0.175
-5.9400e-02,-0.305,-0.505
-5.9398e-02,-0.32,-0.185
-5.9397e-02,-0.33,-0.495
-5.9395e-02,-0.335,-0.18
-5.9394e-02,-0.255,-0.49
-5.9392e-02,-0.405,-0.19
-5.9390e-02,-0.37,-0.505
-5.9389e-02,-0.36,-0.165
-5.9387e-02,-0.295,-0.495
-5.9386e-02,-0.43,-0.185
-5.9384e-02,-0.31,-0.545
-5.9382e-02,-0.47,-0.13
-5.9381e-02,-0.34,-0.515
-5.9379e-02,-0.375,-0.16
-5.9378e-02,-0.25,-0.495
-5.9376e-02,-0.395,-0.165
-5.9374e-02,-0.32,-0.51
-5.9373e-02,-0.32,-0.165
-5.9371e-02,-0.26,-0.505
-5.9370e-02,-0.29,-0.175
-5.9368e-02,-0.32,-0.515
-5.9366e-02,-0.33,-0.165
-5.9365e-02,-0.345,-0.475
-5.9363e-02,-0.295,-0.2
-5.9362e-02,-0.32,-0.505
-5.9360e-02,-0.39,-0.17
-5.9358e-02,-0.39,-0.505
-5.9357e-02,-0.3,-0.175
-5.9355e-02,-0.38,-0.52
-5.9354e-02,-0.375,-0.16
-5.9352e-02,-0.38,-0.5
-5.9350e-02,-0.33,-0.175
-5.9349e-02,-0.305,-0.51
-5.9347e-02,-0.29,-0.165
-5.9346e-02,-0.41,-0.52
-5.9344e-02,-0.33,-0.16
-5.9342e-02,-0.365,-0.49
-5.9341e-02,-0.365,-0.19
-5.9339e-02,-0.45,-0.495
-5.9338e-02,-0.355,-0.18
-5.9336e-02,-0.375,-0.485
-5.9334e-02,-0.305,-0.19
-5.9333e-02,-0.33,-0.49
-5.9331e-02,-0.325,-0.185
-5.9330e-02,-0.44,-0.51
-5.9328e-02,-0.295,-0.16
-5.9326e-02,-0.32,-0.495
-5.9325e-02,-0.315,-0.175
-5.9323e-02,-0.405,-0.49
-5.9322e-02,-0.32,-0.185
-5.9320e-02,-0.39,-0.475
-5.9318e-02,-0.35,-0.19
-5.9317e-02,-0.3,-0.505
-5.9315e-02,-0.385,-0.17
-5.9314e-02,-0.28,-0.52
-5.9312e-02,-0.355,-0.155
-5.9310e-02,-0.285,-0.5
-5.9309e-02,-0.365,-0.175
-5.9307e-02,-0.255,-0.49
-5.9306e-02,-0.42,-0.185
-5.9304e-02,-0.305,-0.5
-5.9302e-02,-0.315,-0.17
-5.9301e-02,-0.375,-0.495
-5.9299e-02,-0.35,-0.18
-5.9298e-02,-0.39,-0.505
-5.9296e-02,-0.375,-0.17
-5.9294e-02,-0.365,-0.505
-5.9293e-02,-0.3,-0.165
-5.9291e-02,-0.375,-0.495
-5.9290e-02,-0.31,-0.18
-5.9288e-02,-0.345,-0.495
-5.9286e-02,-0.31,-0.17
-5.9285e-02,-0.355,-0.56
-5.9283e-02,-0.26,-0.12
-5.9282e-02,-0.375,-0.505
-5.9280e-02,-0.26,-0.165
-5.9278e-02,-0.36,-0.545
-5.9277e-02,-0.335,-0.14
-5.9275e-02,-0.37,-0.515
-5.9274e-02,-0.355,-0.16
-5.9272e-02,-0.345,-0.54
-5.9270e-02,-0.305,-0.14
-5.9269e-02,-0.31,-0.505
-5.9267e-02,-0.415,-0.165
-5.9266e-02,-0.285,-0.505
-5.9264e-02,-0.27,-0.175
-5.9262e-02,-0.225,-0.48
-5.9261e-02,-0.395,-0.195
-5.9259e-02,-0.355,-0.485
-5.9258e-02,-0.335,-0.185
-5.9256e-02,-0.305,-0.48
-5.9254e-02,-0.255,-0.2
-5.9253e-02,-0.37,-0.49
-5.9251e-02,-0.355,-0.185
-5.9250e-02,-0.295,-0.505
-5.9248e-02,-0.325,-0.175
-5.9246e-02,-0.265,-0.49
-5.9245e-02,-0.375,-0.185
-5.9243e-02,-0.385,-0.505
-5.9242e-02,-0.35,-0.175
-5.9240e-02,-0.33,-0.51
-5.9238e-02,-0.345,-0.16
-5.9237e-02,-0.36,-0.5
-5.9235e-02,-0.28,-0.185
-5.9234e-02,-0.275,-0.49
-5.9232e-02,-0.32,-0.19
-5.9230e-02,-0.395,-0.495
-5.9229e-02,-0.355,-0.185
-5.9227e-02,-0.485,-0.495
-5.9226e-02,-0.28,-0.185
-5.9224e-02,-0.38,-0.51
-5.9222e-02,-0.235,-0.165
-5.9221e-02,-0.38,-0.505
-5.9219e-02,-0.255,-0.175
-5.9218e-02,-0.42,-0.495
-5.9216e-02,-0.275,-0.18
-5.9214e-02,-0.385,-0.475
-5.9213e-02,-0.315,-0.205
-5.9211e-02,-0.295,-0.485
-5.9210e-02,-0.325,-0.195
-5.9208e-02,-0.305,-0.495
-5.9206e-02,-0.395,-0.185
-5.9205e-02,-0.34,-0.475
-5.9203e-02,-0.455,-0.2
-5.9202e-02,-0.395,-0.485
-5.9200e-02,-0.29,-0.195
-5.9198e-02,-0.29,-0.475
-5.9197e-02,-0.31,-0.195
-5.9195e-02,-0.28,-0.485
-5.9194e-02,-0.345,-0.195
-5.9192e-02,-0.285,-0.51
-5.9190e-02,-0.325,-0.165
-5.9189e-02,-0.375,-0.485
-5.9187e-02,-0.355,-0.19
-5.9186e-02,-0.325,-0.51
-5.9184e-02,-0.35,-0.165
-5.9182e-02,-0.45,-0.485
-5.9181e-02,-0.39,-0.205
-5.9179e-02,-0.33,-0.48
-5.9178e-02,-0.335,-0.195
-5.9176e-02,-0.335,-0.5
-5.9174e-02,-0.37,-0.18
-5.9173e-02,-0.44,-0.545
-5.9171e-02,-0.35,-0.14
-5.9170e-02,-0.27,-0.5
-5.9168e-02,-0.325,-0.17
-5.9166e-02,-0.44,-0.495
-5.9165e-02,-0.405,-0.175
-5.9163e-02,-0.415,-0.485
-5.9162e-02,-0.335,-0.19
-5.9160e-02,-0.42,-0.515
-5.9158e-02,-0.35,-0.165
-5.9157e-02,-0.485,-0.49
-5.9155e-02,-0.35,-0.185
-5.9154e-02,-0.33,-0.515
-5.9152e-02,-0.285,-0.165
-5.9150e-02,-0.305,-0.525
-5.9149e-02,-0.385,-0.15
-5.9147e-02,-0.3,-0.48
-5.9146e-02,-0.355,-0.195
-5.9144e-02,-0.345,-0.515
-5.9142e-02,-0.3,-0.165
-5.9141e-02,-0.32,-0.51
-5.9139e-02,-0.355,-0.16
-5.9138e-02,-0.38,-0.485
-5.9136e-02,-0.32,-0.19
-5.9134e-02,-0.375,-0.49
-5.9133e-02,-0.345,-0.175
-5.9131e-02,-0.245,-0.5
-5.9130e-02,-0.3,-0.17
-5.9128e-02,-0.28,-0.515
-5.9126e-02,-0.38,-0.16
-5.9125e-02,-0.345,-0.475
-5.9123e-02,-0.495,-0.195
-5.9122e-02,-0.345,-0.495
-5.9120e-02,-0.37,-0.175
-5.9118e-02,-0.305,-0.5
-5.9117e-02,-0.405,-0.175
-5.9115e-02,-0.395,-0.5
-5.9114e-02,-0.33,-0.17
-5.9112e-02,-0.295,-0.505
-5.9110e-02,-0.33,-0.165
-5.9109e-02,-0.345,-0.495
-5.9107e-02,-0.34,-0.18
-5.9106e-02,-0.265,-0.485
-5.9104e-02,-0.24,-0.195
-5.9102e-02,-0.27,-0.49
-5.9101e-02,-0.36,-0.19
-5.9099e-02,-0.415,-0.48
-5.9098e-02,-0.37,-0.19
-5.9096e-02,-0.36,-0.505
-5.9094e-02,-0.43,-0.17
-5.9093e-02,-0.42,-0.53
-5.9091e-02,-0.37,-0.155
-5.9090e-02,-0.33,-0.505
-5.9088e-02,-0.33,-0.165
-5.9086e-02,-0.37,-0.49
-5.9085e-02,-0.365,-0.185
-5.9083e-02,-0.365,-0.48
-5.9082e-02,-0.355,-0.19
-5.9080e-02,-0.315,-0.49
-5.9078e-02,-0.36,-0.185
-5.9077e-02,-0.365,-0.495
-5.9075e-02,-0.435,-0.18
-5.9074e-02,-0.345,-0.49
-5.9072e-02,-0.29,-0.185
-5.9070e-02,-0.285,-0.505
-5.9069e-02,-0.32,-0.17
-5.9067e-02,-0.385,-0.5
-5.9066e-02,-0.28,-0.175
-5.9064e-02,-0.315,-0.49
-5.9062e-02,-0.225,-0.19
-5.9061e-02,-0.28,-0.495
-5.9059e-02,-0.275,-0.185
-5.9058e-02,-0.375,-0.475
-5.9056e-02,-0.37,-0.2
-5.9054e-02,-0.28,-0.495
-5.9053e-02,-0.295,-0.185
-5.9051e-02,-0.375,-0.49
-5.9050e-02,-0.455,-0.195
-5.9048e-02,-0.38,-0.5
-5.9046e-02,-0.29,-0.18
-5.9045e-02,-0.28,-0.485
-5.9043e-02,-0.325,-0.195
-5.9042e-02,-0.305,-0.49
-5.9040e-02,-0.325,-0.18
-5.9038e-02,-0.34,-0.51
-5.9037e-02,-0.325,-0.17
-5.9035e-02,-0.3,-0.515
-5.9034e-02,-0.4,-0.17
-5.9032e-02,-0.41,-0.515
-5.9030e-02,-0.3,-0.165
-5.9029e-02,-0.28,-0.57
-5.9027e-02,-0.33,-0.115
-5.9026e-02,-0.355,-0.51
-5.9024e-02,-0.37,-0.16
-5.9022e-02,-0.375,-0.495
-5.9021e-02,-0.28,-0.19
-5.9019e-02,-0.165,-0.505
-5.9018e-02,-0.35,-0.17
-5.9016e-02,-0.385,-0.505
-5.9014e-02,-0.495,-0.165
-5.9013e-02,-0.28,-0.5
-5.9011e-02,-0.3,-0.175
-5.9010e-02,-0.315,-0.555
-5.9008e-02,-0.355,-0.13
-5.9006e-02,-0.38,-0.485
-5.9005e-02,-0.35,-0.195
-5.9003e-02,-0.385,-0.49
-5.9002e-02,-0.31,-0.18
-5.9000e-02,-0.31,-0.5
-5.8998e-02,-0.39,-0.17
-5.8997e-02,-0.355,-0.505
-5.8995e-02,-0.33,-0.165
-5.8994e-02,-0.295,-0.495
-5.8992e-02,-0.325,-0.18
-5.8990e-02,-0.38,-0.485
-5.8989e-02,-0.29,-0.185
-5.8987e-02,-0.42,-0.49
-5.8986e-02,-0.245,-0.185
-5.8984e-02,-0.29,-0.5
-5.8982e-02,-0.21,-0.175
-5.8981e-02,-0.395,-0.485
-5.8979e-02,-0.255,-0.185
-5.8978e-02,-0.255,-0.47
-5.8976e-02,-0.235,-0.2
-5.8974e-02,-0.37,-0.48
-5.8973e-02,-0.315,-0.2
-5.8971e-02,-0.405,-0.49
-5.8970e-02,-0.275,-0.18
-5.8968e-02,-0.32,-0.51
-5.8966e-02,-0.245,-0.16
-5.8965e-02,-0.4,-0.535
-5.8963e-02,-0.37,-0.145
-5.8962e-02,-0.33,-0.49
-5.8960e-02,-0.275,-0.185
-5.8958e-02,-0.3,-0.495
-5.8957e-02,-0.325,-0.175
-5.8955e-02,-0.32,-0.48
-5.8954e-02,-0.39,-0.19
-5.8952e-02,-0.395,-0.485
-5.8950e-02,-0.385,-0.18
-5.8949e-02,-0.345,-0.485
-5.8947e-02,-0.35,-0.185
-5.8946e-02,-0.355,-0.51
-5.8944e-02,-0.345,-0.165
-5.8942e-02,-0.36,-0.49
-5.8941e-02,-0.31,-0.175
-5.8939e-02,-0.265,-0.47
-5.8938e-02,-0.375,-0.2
-5.8936e-02,-0.34,-0.525
-5.8934e-02,-0.345,-0.145
-5.8933e-02,-0.285,-0.5
-5.8931e-02,-0.39,-0.17
-5.8930e-02,-0.32,-0.515
-5.8928e-02,-0.37,-0.155
-5.8926e-02,-0.33,-0.505
-5.8925e-02,-0.26,-0.175
-5.8923e-02,-0.295,-0.535
-5.8922e-02,-0.415,-0.14
-5.8920e-02,-0.4,-0.5
-5.8918e-02,-0.33,-0.17
-5.8917e-02,-0.245,-0.54
-5.8915e-02,-0.32,-0.13
-5.8914e-02,-0.305,-0.495
-5.8912e-02,-0.31,-0.175
-5.8910e-02,-0.405,-0.485
-5.8909e-02,-0.355,-0.19
-5.8907e-02,-0.305,-0.49
-5.8906e-02,-0.29,-0.18
-5.8904e-02,-0.33,-0.485
-5.8902e-02,-0.36,-0.19
-5.8901e-02,-0.45,-0.5
-5.8899e-02,-0.405,-0.18
-5.8898e-02,-0.37,-0.48
-5.8896e-02,-0.315,-0.195
-5.8894e-02,-0.26,-0.495
-5.8893e-02,-0.405,-0.185
-5.8891e-02,-0.26,-0.525
-5.8890e-02,-0.29,-0.145
-5.8888e-02,-0.215,-0.505
-5.8886e-02,-0.315,-0.17
-5.8885e-02,-0.39,-0.515
-5.8883e-02,-0.355,-0.165
-5.8882e-02,-0.43,-0.505
-5.8880e-02,-0.37,-0.18
-5.8878e-02,-0.36,-0.505
-5.8877e-02,-0.385,-0.175
-5.8875e-02,-0.34,-0.51
-5.8874e-02,-0.365,-0.175
-5.8872e-02,-0.32,-0.485
-5.8870e-02,-0.355,-0.19
-5.8869e-02,-0.435,-0.49
-5.8867e-02,-0.285,-0.19
-5.8866e-02,-0.34,-0.495
-5.8864e-02,-0.295,-0.185
-5.8862e-02,-0.34,-0.51
-5.8861e-02,-0.335,-0.17
-5.8859e-02,-0.365,-0.53
-5.8858e-02,-0.395,-0.155
-5.8856e-02,-0.415,-0.48
-5.8854e-02,-0.32,-0.195
-5.8853e-02,-0.32,-0.495
-5.8851e-02,-0.35,-0.185
-5.8850e-02,-0.3,-0.54
-5.8848e-02,-0.305,-0.145
-5.8846e-02,-0.26,-0.525
-5.8845e-02,-0.25,-0.155
-5.8843e-02,-0.245,-0.5
-5.8842e-02,-0.375,-0.18
-5.8840e-02,-0.395,-0.48
-5.8838e-02,-0.34,-0.2
-5.8837e-02,-0.3,-0.51
-5.8835e-02,-0.32,-0.175
-5.8834e-02,-0.385,-0.485
-5.8832e-02,-0.32,-0.195
-5.8830e-02,-0.345,-0.48
-5.8829e-02,-0.335,-0.2
-5.8827e-02,-0.365,-0.51
-5.8826e-02,-0.265,-0.165
-5.8824e-02,-0.315,-0.49
-5.8822e-02,-0.36,-0.18
-5.8821e-02,-0.36,-0.49
-5.8819e-02,-0.34,-0.19
-5.8818e-02,-0.465,-0.5
-5.8816e-02,-0.32,-0.175
-5.8814e-02,-0.35,-0.485
-5.8813e-02,-0.33,-0.195
-5.8811e-02,-0.35,-0.5
-5.8810e-02,-0.255,-0.185
-5.8808e-02,-0.31,-0.495
-5.8806e-02,-0.315,-0.185
-5.8805e-02,-0.34,-0.485
-5.8803e-02,-0.23,-0.19
-5.8802e-02,-0.28,-0.51
-5.8800e-02,-0.27,-0.17
-5.8798e-02,-0.425,-0.5
-5.8797e-02,-0.36,-0.18
-5.8795e-02,-0.365,-0.475
-5.8794e-02,-0.295,-0.195
-5.8792e-02,-0.325,-0.48
-5.8790e-02,-0.255,-0.21
-5.8789e-02,-0.265,-0.51
-5.8787e-02,-0.32,-0.17
-5.8786e-02,-0.365,-0.525
-5.8784e-02,-0.3,-0.16
-5.8782e-02,-0.34,-0.49
-5.8781e-02,-0.355,-0.19
-5.8779e-02,-0.415,-0.495
-5.8778e-02,-0.395,-0.185
-5.8776e-02,-0.38,-0.49
-5.8774e-02,-0.38,-0.195
-5.8773e-02,-0.27,-0.49
-5.8771e-02,-0.32,-0.185
-5.8770e-02,-0.365,-0.52
-5.8768e-02,-0.365,-0.165
-5.8766e-02,-0.25,-0.5
-5.8765e-02,-0.21,-0.175
-5.8763e-02,-0.28,-0.5
-5.8762e-02,-0.37,-0.175
-5.8760e-02,-0.29,-0.47
-5.8758e-02,-0.29,-0.205
-5.8757e-02,-0.275,-0.505
-5.8755e-02,-0.38,-0.17
-5.8754e-02,-0.33,-0.515
-5.8752e-02,-0.425,-0.16
-5.8750e-02,-0.38,-0.495
-5.8749e-02,-0.395,-0.175
-5.8747e-02,-0.325,-0.47
-5.8746e-02,-0.29,-0.2
-5.8744e-02,-0.355,-0.48
-5.8742e-02,-0.29,-0.19
-5.8741e-02,-0.35,-0.495
-5.8739e-02,-0.275,-0.175
-5.8738e-02,-0.325,-0.485
-5.8736e-02,-0.355,-0.195
-5.8734e-02,-0.39,-0.495
-5.8733e-02,-0.37,-0.175
-5.8731e-02,-0.395,-0.495
-5.8730e-02,-0.3,-0.18
-5.8728e-02,-0.385,-0.49
-5.8726e-02,-0.235,-0.185
-5.8725e-02,-0.345,-0.49
-5.8723e-02,-0.25,-0.18
-5.8722e-02,-0.315,-0.48
-5.8720e-02,-0.27,-0.19
-5.8718e-02,-0.355,-0.49
-5.8717e-02,-0.395,-0.185
-5.8715e-02,-0.32,-0.485
-5.8714e-02,-0.29,-0.175
-5.8712e-02,-0.265,-0.49
-5.8710e-02,-0.31,-0.18
-5.8709e-02,-0.325,-0.49
-5.8707e-02,-0.35,-0.18
-5.8706e-02,-0.35,-0.525
-5.8704e-02,-0.375,-0.145
-5.8702e-02,-0.29,-0.48
-5.8701e-02,-0.27,-0.185
-5.8699e-02,-0.29,-0.49
-5.8698e-02,-0.38,-0.18
-5.8696e-02,-0.375,-0.49
-5.8694e-02,-0.375,-0.185
-5.8693e-02,-0.27,-0.495
-5.8691e-02,-0.335,-0.17
-5.8690e-02,-0.34,-0.485
-5.8688e-02,-0.33,-0.185
-5.8686e-02,-0.265,-0.495
-5.8685e-02,-0.37,-0.185
-5.8683e-02,-0.33,-0.49
-5.8682e-02,-0.4,-0.185
-5.8680e-02,-0.345,-0.49
-5.8678e-02,-0.395,-0.18
-5.8677e-02,-0.375,-0.495
-5.8675e-02,-0.32,-0.185
-5.8674e-02,-0.27,-0.475
-5.8672e-02,-0.265,-0.195
-5.8670e-02,-0.355,-0.49
-5.8669e-02,-0.385,-0.175
-5.8667e-02,-0.36,-0.49
-5.8666e-02,-0.31,-0.185
-5.8664e-02,-0.3,-0.485
-5.8662e-02,-0.275,-0.19
-5.8661e-02,-0.33,-0.515
-5.8659e-02,-0.265,-0.16
-5.8658e-02,-0.315,-0.49
-5.8656e-02,-0.24,-0.185
-5.8654e-02,-0.27,-0.51
-5.8653e-02,-0.32,-0.165
-5.8651e-02,-0.37,-0.5
-5.8650e-02,-0.33,-0.18
-5.8648e-02,-0.325,-0.525
-5.8646e-02,-0.38,-0.16
-5.8645e-02,-0.345,-0.515
-5.8643e-02,-0.36,-0.17
-5.8642e-02,-0.325,-0.51
-5.8640e-02,-0.305,-0.175
-5.8638e-02,-0.325,-0.52
-5.8637e-02,-0.29,-0.15
-5.8635e-02,-0.215,-0.49
-5.8634e-02,-0.28,-0.19
-5.8632e-02,-0.27,-0.505
-5.8630e-02,-0.34,-0.18
-5.8629e-02,-0.325,-0.48
-5.8627e-02,-0.26,-0.2
-5.8626e-02,-0.33,-0.51
-5.8624e-02,-0.33,-0.17
-5.8622e-02,-0.35,-0.525
-5.8621e-02,-0.29,-0.16
-5.8619e-02,-0.35,-0.535
-5.8618e-02,-0.335,-0.14
-5.8616e-02,-0.285,-0.51
-5.8614e-02,-0.295,-0.17
-5.8613e-02,-0.38,-0.5
-5.8611e-02,-0.335,-0.175
-5.8610e-02,-0.395,-0.49
-5.8608e-02,-0.25,-0.18
-5.8606e-02,-0.3,-0.495
-5.8605e-02,-0.305,-0.185
-5.8603e-02,-0.35,-0.475
-5.8602e-02,-0.39,-0.205
-5.8600e-02,-0.28,-0.495
-5.8598e-02,-0.39,-0.18
-5.8597e-02,-0.24,-0.485
-5.8595e-02,-0.37,-0.19
-5.8594e-02,-0.285,-0.495
-5.8592e-02,-0.385,-0.185
-5.8590e-02,-0.265,-0.48
-5.8589e-02,-0.33,-0.19
-5.8587e-02,-0.295,-0.48
-5.8586e-02,-0.345,-0.19
-5.8584e-02,-0.31,-0.485
-5.8582e-02,-0.335,-0.195
-5.8581e-02,-0.355,-0.49
-5.8579e-02,-0.335,-0.19
-5.8578e-02,-0.305,-0.505
-5.8576e-02,-0.355,-0.17
-5.8574e-02,-0.375,-0.48
-5.8573e-02,-0.41,-0.2
-5.8571e-02,-0.3,-0.49
-5.8570e-02,-0.255,-0.19
-5.8568e-02,-0.265,-0.485
-5.8566e-02,-0.32,-0.185
-5.8565e-02,-0.355,-0.475
-5.8563e-02,-0.3,-0.195
-5.8562e-02,-0.375,-0.465
-5.8560e-02,-0.36,-0.2
-5.8558e-02,-0.38,-0.485
-5.8557e-02,-0.35,-0.18
-5.8555e-02,-0.365,-0.52
-5.8554e-02,-0.345,-0.16
-5.8552e-02,-0.36,-0.51
-5.8550e-02,-0.375,-0.16
-5.8549e-02,-0.39,-0.515
-5.8547e-02,-0.375,-0.155
-5.8546e-02,-0.28,-0.48
-5.8544e-02,-0.365,-0.185
-5.8542e-02,-0.32,-0.485
-5.8541e-02,-0.29,-0.175
-5.8539e-02,-0.365,-0.48
-5.8538e-02,-0.4,-0.19
-5.8536e-02,-0.345,-0.48
-5.8534e-02,-0.25,-0.185
-5.8533e-02,-0.255,-0.515
-5.8531e-02,-0.31,-0.15
-5.8530e-02,-0.295,-0.495
-5.8528e-02,-0.295,-0.16
-5.8526e-02,-0.315,-0.485
-5.8525e-02,-0.31,-0.185
-5.8523e-02,-0.26,-0.49
-5.8522e-02,-0.32,-0.175
-5.8520e-02,-0.355,-0.475
-5.8518e-02,-0.265,-0.185
-5.8517e-02,-0.39,-0.46
-5.8515e-02,-0.29,-0.205
-5.8514e-02,-0.38,-0.485
-5.8512e-02,-0.3,-0.18
-5.8510e-02,-0.35,-0.49
-5.8509e-02,-0.385,-0.17
-5.8507e-02,-0.23,-0.495
-5.8506e-02,-0.33,-0.18
-5.8504e-02,-0.305,-0.5
-5.8502e-02,-0.34,-0.17
-5.8501e-02,-0.43,-0.485
-5.8499e-02,-0.385,-0.19
-5.8498e-02,-0.32,-0.5
-5.8496e-02,-0.305,-0.18
-5.8494e-02,-0.36,-0.51
-5.8493e-02,-0.43,-0.16
-5.8491e-02,-0.385,-0.505
-5.8490e-02,-0.445,-0.17
-5.8488e-02,-0.385,-0.48
-5.8486e-02,-0.29,-0.195
-5.8485e-02,-0.35,-0.505
-5.8483e-02,-0.295,-0.165
-5.8482e-02,-0.385,-0.475
-5.8480e-02,-0.325,-0.195
-5.8478e-02,-0.37,-0.485
-5.8477e-02,-0.34,-0.195
-5.8475e-02,-0.25,-0.49
-5.8474e-02,-0.35,-0.185
-5.8472e-02,-0.345,-0.51
-5.8470e-02,-0.315,-0.17
-5.8469e-02,-0.345,-0.505
-5.8467e-02,-0.29,-0.175
-5.8466e-02,-0.385,-0.48
-5.8464e-02,-0.375,-0.195
-5.8462e-02,-0.48,-0.485
-5.8461e-02,-0.35,-0.185
-5.8459e-02,-0.355,-0.495
-5.8458e-02,-0.3,-0.19
-5.8456e-02,-0.33,-0.505
-5.8454e-02,-0.375,-0.17
-5.8453e-02,-0.33,-0.475
-5.8451e-02,-0.325,-0.2
-5.8450e-02,-0.275,-0.495
-5.8448e-02,-0.28,-0.185
-5.8446e-02,-0.36,-0.48
-5.8445e-02,-0.375,-0.185
-5.8443e-02,-0.35,-0.49
-5.8442e-02,-0.43,-0.18
-5.8440e-02,-0.305,-0.52
-5.8438e-02,-0.295,-0.15
-5.8437e-02,-0.3,-0.485
-5.8435e-02,-0.355,-0.185
-5.8434e-02,-0.28,-0.5
-5.8432e-02,-0.305,-0.18
-5.8430e-02,-0.235,-0.515
-5.8429e-02,-0.3,-0.165
-5.8427e-02,-0.225,-0.48
-5.8426e-02,-0.305,-0.195
-5.8424e-02,-0.36,-0.515
-5.8422e-02,-0.315,-0.165
-5.8421e-02,-0.35,-0.515
-5.8419e-02,-0.345,-0.155
-5.8418e-02,-0.28,-0.49
-5.8416e-02,-0.355,-0.185
-5.8414e-02,-0.355,-0.48
-5.8413e-02,-0.335,-0.195
-5.8411e-02,-0.29,-0.48
-5.8410e-02,-0.26,-0.195
-5.8408e-02,-0.285,-0.505
-5.8406e-02,-0.295,-0.165
-5.8405e-02,-0.4,-0.495
-5.8403e-02,-0.29,-0.18
-5.8402e-02,-0.33,-0.51
-5.8400e-02,-0.255,-0.16
-5.8398e-02,-0.335,-0.495
-5.8397e-02,-0.345,-0.175
-5.8395e-02,-0.315,-0.505
-5.8394e-02,-0.435,-0.16
-5.8392e-02,-0.345,-0.51
-5.8390e-02,-0.29,-0.16
-5.8389e-02,-0.325,-0.505
-5.8387e-02,-0.32,-0.165
-5.8386e-02,-0.32,-0.49
-5.8384e-02,-0.4,-0.18
-5.8382e-02,-0.38,-0.49
-5.8381e-02,-0.315,-0.18
-5.8379e-02,-0.245,-0.51
-5.8378e-02,-0.335,-0.165
-5.8376e-02,-0.255,-0.48
-5.8374e-02,-0.35,-0.185
-5.8373e-02,-0.28,-0.475
-5.8371e-02,-0.41,-0.195
-5.8370e-02,-0.32,-0.5
-5.8368e-02,-0.31,-0.165
-5.8366e-02,-0.34,-0.48
-5.8365e-02,-0.325,-0.185
-5.8363e-02,-0.38,-0.495
-5.8362e-02,-0.415,-0.175
-5.8360e-02,-0.33,-0.495
-5.8358e-02,-0.35,-0.16
-5.8357e-02,-0.38,-0.48
-5.8355e-02,-0.395,-0.175
-5.8354e-02,-0.385,-0.515
-5.8352e-02,-0.335,-0.155
-5.8350e-02,-0.36,-0.52
-5.8349e-02,-0.265,-0.15
-5.8347e-02,-0.32,-0.51
-5.8346e-02,-0.29,-0.165
-5.8344e-02,-0.305,-0.485
-5.8342e-02,-0.345,-0.185
-5.8341e-02,-0.37,-0.48
-5.8339e-02,-0.26,-0.19
-5.8338e-02,-0.35,-0.49
-5.8336e-02,-0.275,-0.18
-5.8334e-02,-0.345,-0.475
-5.8333e-02,-0.335,-0.19
-5.8331e-02,-0.37,-0.48
-5.8330e-02,-0.255,-0.195
-5.8328e-02,-0.35,-0.48
-5.8326e-02,-0.35,-0.19
-5.8325e-02,-0.375,-0.505
-5.8323e-02,-0.31,-0.17
-5.8322e-02,-0.425,-0.485
-5.8320e-02,-0.34,-0.195
-5.8318e-02,-0.37,-0.49
-5.8317e-02,-0.325,-0.18
-5.8315e-02,-0.25,-0.5
-5.8314e-02,-0.365,-0.175
-5.8312e-02,-0.395,-0.5
-5.8310e-02,-0.37,-0.175
-5.8309e-02,-0.37,-0.51
-5.8307e-02,-0.325,-0.16
-5.8306e-02,-0.32,-0.48
-5.8304e-02,-0.3,-0.19
-5.8302e-02,-0.355,-0.5
-5.8301e-02,-0.295,-0.17
-5.8299e-02,-0.285,-0.495
-5.8298e-02,-0.36,-0.185
-5.8296e-02,-0.31,-0.515
-5.8294e-02,-0.33,-0.155
-5.8293e-02,-0.3,-0.525
-5.8291e-02,-0.28,-0.16
-5.8290e-02,-0.355,-0.47
-5.8288e-02,-0.285,-0.2
-5.8286e-02,-0.285,-0.505
-5.8285e-02,-0.39,-0.17
-5.8283e-02,-0.305,-0.515
-5.8282e-02,-0.365,-0.16
-5.8280e-02,-0.245,-0.5
-5.8278e-02,-0.315,-0.185
-5.8277e-02,-0.235,-0.49
-5.8275e-02,-0.355,-0.19
-5.8274e-02,-0.33,-0.525
-5.8272e-02,-0.355,-0.15
-5.8270e-02,-0.39,-0.485
-5.8269e-02,-0.34,-0.19
-5.8267e-02,-0.335,-0.49
-5.8266e-02,-0.31,-0.18
-5.8264e-02,-0.395,-0.5
-5.8262e-02,-0.345,-0.18
-5.8261e-02,-0.465,-0.505
-5.8259e-02,-0.305,-0.175
-5.8258e-02,-0.41,-0.53
-5.8256e-02,-0.36,-0.15
-5.8254e-02,-0.41,-0.52
-5.8253e-02,-0.43,-0.16
-5.8251e-02,-0.415,-0.5
-5.8250e-02,-0.345,-0.175
-5.8248e-02,-0.31,-0.475
-5.8246e-02,-0.395,-0.2
-5.8245e-02,-0.33,-0.48
-5.8243e-02,-0.32,-0.195
-5.8242e-02,-0.4,-0.495
-5.8240e-02,-0.28,-0.175
-5.8238e-02,-0.385,-0.485
-5.8237e-02,-0.265,-0.19
-5.8235e-02,-0.36,-0.49
-5.8234e-02,-0.36,-0.18
-5.8232e-02,-0.415,-0.515
-5.8230e-02,-0.295,-0.155
-5.8229e-02,-0.32,-0.51
-5.8227e-02,-0.375,-0.16
-5.8226e-02,-0.38,-0.485
-5.8224e-02,-0.375,-0.18
-5.8222e-02,-0.375,-0.505
-5.8221e-02,-0.3,-0.165
-5.8219e-02,-0.285,-0.485
-5.8218e-02,-0.32,-0.19
-5.8216e-02,-0.305,-0.485
-5.8214e-02,-0.355,-0.18
-5.8213e-02,-0.41,-0.51
-5.8211e-02,-0.35,-0.155
-5.8210e-02,-0.3,-0.49
-5.8208e-02,-0.325,-0.185
-5.8206e-02,-0.31,-0.48
-5.8205e-02,-0.305,-0.175
-5.8203e-02,-0.43,-0.49
-5.8202e-02,-0.355,-0.175
-5.8200e-02,-0.305,-0.52
-5.8198e-02,-0.255,-0.145
-5.8197e-02,-0.265,-0.485
-5.8195e-02,-0.28,-0.185
-5.8194e-02,-0.35,-0.475
-5.8192e-02,-0.315,-0.19
-5.8190e-02,-0.28,-0.49
-5.8189e-02,-0.285,-0.175
-5.8187e-02,-0.285,-0.495
-5.8186e-02,-0.255,-0.165
-5.8184e-02,-0.315,-0.48
-5.8182e-02,-0.315,-0.18
-5.8181e-02,-0.31,-0.515
-5.8179e-02,-0.35,-0.15
-5.8178e-02,-0.325,-0.515
-5.8176e-02,-0.32,-0.15
-5.8174e-02,-0.375,-0.495
-5.8173e-02,-0.37,-0.17
-5.8171e-02,-0.23,-0.475
-5.8170e-02,-0.29,-0.195
-5.8168e-02,-0.29,-0.485
-5.8166e-02,-0.345,-0.19
-5.8165e-02,-0.325,-0.485
-5.8163e-02,-0.45,-0.185
-5.8162e-02,-0.31,-0.46
-5.8160e-02,-0.405,-0.205
-5.8158e-02,-0.36,-0.49
-5.8157e-02,-0.42,-0.185
-5.8155e-02,-0.355,-0.495
-5.8154e-02,-0.39,-0.165
-5.8152e-02,-0.43,-0.49
-5.8150e-02,-0.35,-0.17
-5.8149e-02,-0.32,-0.475
-5.8147e-02,-0.34,-0.185
-5.8146e-02,-0.375,-0.47
-5.8144e-02,-0.365,-0.2
-5.8142e-02,-0.42,-0.52
-5.8141e-02,-0.265,-0.145
-5.8139e-02,-0.34,-0.505
-5.8138e-02,-0.32,-0.165
-5.8136e-02,-0.34,-0.49
-5.8134e-02,-0.38,-0.175
-5.8133e-02,-0.35,-0.505
-5.8131e-02,-0.325,-0.165
-5.8130e-02,-0.35,-0.495
-5.8128e-02,-0.305,-0.175
-5.8126e-02,-0.375,-0.5
-5.8125e-02,-0.395,-0.18
-5.8123e-02,-0.405,-0.525
-5.8122e-02,-0.3,-0.14
-5.8120e-02,-0.38,-0.485
-5.8118e-02,-0.35,-0.19
-5.8117e-02,-0.335,-0.52
-5.8115e-02,-0.355,-0.16
-5.8114e-02,-0.295,-0.465
-5.8112e-02,-0.255,-0.195
-5.8110e-02,-0.325,-0.49
-5.8109e-02,-0.385,-0.17
-5.8107e-02,-0.37,-0.48
-5.8106e-02,-0.35,-0.195
-5.8104e-02,-0.315,-0.535
-5.8102e-02,-0.345,-0.145
-5.8101e-02,-0.325,-0.495
-5.8099e-02,-0.405,-0.17
-5.8098e-02,-0.375,-0.485
-5.8096e-02,-0.41,-0.18
-5.8094e-02,-0.425,-0.48
-5.8093e-02,-0.3,-0.19
-5.8091e-02,-0.29,-0.465
-5.8090e-02,-0.345,-0.205
-5.8088e-02,-0.33,-0.475
-5.8086e-02,-0.395,-0.19
-5.8085e-02,-0.34,-0.475
-5.8083e-02,-0.3,-0.185
-5.8082e-02,-0.265,-0.49
-5.8080e-02,-0.395,-0.175
-5.8078e-02,-0.285,-0.495
-5.8077e-02,-0.35,-0.17
-5.8075e-02,-0.34,-0.48
-5.8074e-02,-0.405,-0.175
-5.8072e-02,-0.28,-0.515
-5.8070e-02,-0.395,-0.15
-5.8069e-02,-0.285,-0.475
-5.8067e-02,-0.335,-0.19
-5.8066e-02,-0.285,-0.465
-5.8064e-02,-0.24,-0.19
-5.8062e-02,-0.28,-0.495
-5.8061e-02,-0.285,-0.165
-5.8059e-02,-0.33,-0.47
-5.8058e-02,-0.335,-0.195
-5.8056e-02,-0.355,-0.495
-5.8054e-02,-0.29,-0.165
-5.8053e-02,-0.31,-0.47
-5.8051e-02,-0.385,-0.185
-5.8050e-02,-0.38,-0.47
-5.8048e-02,-0.35,-0.19
-5.8046e-02,-0.355,-0.49
-5.8045e-02,-0.325,-0.17
-5.8043e-02,-0.37,-0.46
-5.8042e-02,-0.36,-0.2
-5.8040e-02,-0.355,-0.485
-5.8038e-02,-0.36,-0.18
-5.8037e-02,-0.34,-0.48
-5.8035e-02,-0.33,-0.18
-5.8034e-02,-0.345,-0.49
-5.8032e-02,-0.33,-0.17
-5.8030e-02,-0.37,-0.505
-5.8029e-02,-0.385,-0.165
-5.8027e-02,-0.315,-0.49
-5.8026e-02,-0.335,-0.175
-5.8024e-02,-0.37,-0.475
-5.8022e-02,-0.415,-0.195
-5.8021e-02,-0.325,-0.48
-5.8019e-02,-0.365,-0.185
-5.8018e-02,-0.345,-0.49
-5.8016e-02,-0.335,-0.175
-5.8014e-02,-0.42,-0.48
-5.8013e-02,-0.325,-0.19
-5.8011e-02,-0.415,-0.485
-5.8010e-02,-0.27,-0.18
-5.8008e-02,-0.325,-0.495
-5.8006e-02,-0.22,-0.17
-5.8005e-02,-0.28,-0.5
-5.8003e-02,-0.26,-0.165
-5.8002e-02,-0.345,-0.47
-5.8000e-02,-0.335,-0.19
-5.7998e-02,-0.325,-0.48
-5.7997e-02,-0.21,-0.185
-5.7995e-02,-0.235,-0.485
-5.7994e-02,-0.37,-0.18
-5.7992e-02,-0.345,-0.475
-5.7990e-02,-0.415,-0.185
-5.7989e-02,-0.335,-0.48
-5.7987e-02,-0.305,-0.185
-5.7986e-02,-0.345,-0.48
-5.7984e-02,-0.335,-0.19
-5.7982e-02,-0.34,-0.47
-5.7981e-02,-0.375,-0.195
-5.7979e-02,-0.345,-0.48
-5.7978e-02,-0.34,-0.18
-5.7976e-02,-0.37,-0.485
-5.7974e-02,-0.32,-0.185
-5.7973e-02,-0.335,-0.515
-5.7971e-02,-0.315,-0.155
-5.7970e-02,-0.275,-0.475
-5.7968e-02,-0.325,-0.195
-5.7966e-02,-0.345,-0.47
-5.7965e-02,-0.495,-0.195
-5.7963e-02,-0.375,-0.495
-5.7962e-02,-0.37,-0.18
-5.7960e-02,-0.315,-0.49
-5.7958e-02,-0.28,-0.17
-5.7957e-02,-0.29,-0.465
-5.7955e-02,-0.295,-0.19
-5.7954e-02,-0.29,-0.47
-5.7952e-02,-0.325,-0.19
-5.7950e-02,-0.275,-0.465
-5.7949e-02,-0.27,-0.2
-5.7947e-02,-0.26,-0.495
-5.7946e-02,-0.29,-0.175
-5.7944e-02,-0.345,-0.485
-5.7942e-02,-0.385,-0.18
-5.7941e-02,-0.315,-0.475
-5.7939e-02,-0.295,-0.185
-5.7938e-02,-0.375,-0.475
-5.7936e-02,-0.325,-0.18
-5.7934e-02,-0.41,-0.495
-5.7933e-02,-0.335,-0.165
-5.7931e-02,-0.33,-0.485
-5.7930e-02,-0.33,-0.175
-5.7928e-02,-0.3,-0.47
-5.7926e-02,-0.305,-0.185
-5.7925e-02,-0.265,-0.46
-5.7923e-02,-0.29,-0.2
-5.7922e-02,-0.325,-0.485
-5.7920e-02,-0.315,-0.18
-5.7918e-02,-0.315,-0.46
-5.7917e-02,-0.36,-0.2
-5.7915e-02,-0.38,-0.465
-5.7914e-02,-0.405,-0.2
-5.7912e-02,-0.335,-0.485
-5.7910e-02,-0.275,-0.17
-5.7909e-02,-0.295,-0.485
-5.7907e-02,-0.34,-0.185
-5.7906e-02,-0.33,-0.47
-5.7904e-02,-0.385,-0.185
-5.7902e-02,-0.325,-0.49
-5.7901e-02,-0.345,-0.175
-5.7899e-02,-0.245,-0.48
-5.7898e-02,-0.27,-0.175
-5.7896e-02,-0.275,-0.485
-5.7894e-02,-0.32,-0.18
-5.7893e-02,-0.375,-0.47
-5.7891e-02,-0.335,-0.19
-5.7890e-02,-0.355,-0.47
-5.7888e-02,-0.22,-0.19
-5.7886e-02,-0.35,-0.46
-5.7885e-02,-0.325,-0.2
-5.7883e-02,-0.44,-0.49
-5.7882e-02,-0.275,-0.175
-5.7880e-02,-0.36,-0.485
-5.7878e-02,-0.245,-0.18
-5.7877e-02,-0.34,-0.49
-5.7875e-02,-0.305,-0.175
-5.7874e-02,-0.34,-0.48
-5.7872e-02,-0.345,-0.185
-5.7870e-02,-0.345,-0.47
-5.7869e-02,-0.345,-0.19
-5.7867e-02,-0.415,-0.485
-5.7866e-02,-0.32,-0.175
-5.7864e-02,-0.385,-0.49
-5.7862e-02,-0.3,-0.17
-5.7861e-02,-0.255,-0.515
-5.7859e-02,-0.265,-0.155
-5.7858e-02,-0.265,-0.5
-5.7856e-02,-0.34,-0.155
-5.7854e-02,-0.31,-0.5
-5.7853e-02,-0.295,-0.17
-5.7851e-02,-0.26,-0.48
-5.7850e-02,-0.325,-0.19
-5.7848e-02,-0.315,-0.475
-5.7846e-02,-0.31,-0.195
-5.7845e-02,-0.395,-0.495
-5.7843e-02,-0.31,-0.17
-5.7842e-02,-0.39,-0.49
-5.7840e-02,-0.34,-0.17
-5.7838e-02,-0.35,-0.475
-5.7837e-02,-0.41,-0.19
-5.7835e-02,-0.35,-0.495
-5.7834e-02,-0.48,-0.17
-5.7832e-02,-0.315,-0.49
-5.7830e-02,-0.345,-0.17
-5.7829e-02,-0.33,-0.48
-5.7827e-02,-0.355,-0.185
-5.7826e-02,-0.365,-0.495
-5.7824e-02,-0.3,-0.17
-5.7822e-02,-0.29,-0.46
-5.7821e-02,-0.35,-0.205
-5.7819e-02,-0.365,-0.48
-5.7818e-02,-0.415,-0.18
-5.7816e-02,-0.435,-0.47
-5.7814e-02,-0.405,-0.19
-5.7813e-02,-0.385,-0.5
-5.7811e-02,-0.375,-0.16
-5.7810e-02,-0.275,-0.51
-5.7808e-02,-0.365,-0.15
-5.7806e-02,-0.355,-0.47
-5.7805e-02,-0.355,-0.19
-5.7803e-02,-0.335,-0.48
-5.7802e-02,-0.29,-0.18
-5.7800e-02,-0.265,-0.49
-5.7798e-02,-0.355,-0.17
-5.7797e-02,-0.265,-0.48
-5.7795e-02,-0.35,-0.18
-5.7794e-02,-0.305,-0.48
-5.7792e-02,-0.375,-0.185
-5.7790e-02,-0.255,-0.47
-5.7789e-02,-0.385,-0.185
-5.7787e-02,-0.26,-0.48
-5.7786e-02,-0.33,-0.17
-5.7784e-02,-0.305,-0.505
-5.7782e-02,-0.32,-0.155
-5.7781e-02,-0.375,-0.525
-5.7779e-02,-0.3,-0.135
-5.7778e-02,-0.39,-0.46
-5.7776e-02,-0.34,-0.2
-5.7774e-02,-0.275,-0.535
-5.7773e-02,-0.25,-0.13
-5.7771e-02,-0.335,-0.49
-5.7770e-02,-0.355,-0.165
-5.7768e-02,-0.3,-0.495
-5.7766e-02,-0.365,-0.155
-5.7765e-02,-0.28,-0.47
-5.7763e-02,-0.35,-0.185
-5.7762e-02,-0.335,-0.475
-5.7760e-02,-0.42,-0.175
-5.7758e-02,-0.3,-0.49
-5.7757e-02,-0.35,-0.165
-5.7755e-02,-0.325,-0.47
-5.7754e-02,-0.305,-0.185
-5.7752e-02,-0.315,-0.47
-5.7750e-02,-0.36,-0.185
-5.7749e-02,-0.325,-0.495
-5.7747e-02,-0.355,-0.16
-5.7746e-02,-0.26,-0.48
-5.7744e-02,-0.25,-0.18
-5.7742e-02,-0.295,-0.49
-5.7741e-02,-0.31,-0.16
-5.7739e-02,-0.305,-0.475
-5.7738e-02,-0.27,-0.185
-5.7736e-02,-0.28,-0.475
-5.7734e-02,-0.235,-0.185
-5.7733e-02,-0.325,-0.46
-5.7731e-02,-0.31,-0.195
-5.7730e-02,-0.385,-0.475
-5.7728e-02,-0.285,-0.185
-5.7726e-02,-0.315,-0.495
-5.7725e-02,-0.29,-0.16
-5.7723e-02,-0.215,-0.455
-5.7722e-02,-0.39,-0.2
-5.7720e-02,-0.29,-0.47
-5.7718e-02,-0.365,-0.19
-5.7717e-02,-0.31,-0.475
-5.7715e-02,-0.315,-0.185
-5.7714e-02,-0.225,-0.47
-5.7712e-02,-0.305,-0.185
-5.7710e-02,-0.31,-0.465
-5.7709e-02,-0.3,-0.19
-5.7707e-02,-0.235,-0.46
-5.7706e-02,-0.365,-0.2
-5.7704e-02,-0.31,-0.47
-5.7702e-02,-0.275,-0.18
-5.7701e-02,-0.34,-0.475
-5.7699e-02,-0.285,-0.185
-5.7698e-02,-0.32,-0.48
-5.7696e-02,-0.37,-0.18
-5.7694e-02,-0.395,-0.495
-5.7693e-02,-0.325,-0.165
-5.7691e-02,-0.335,-0.5
-5.7690e-02,-0.325,-0.16
-5.7688e-02,-0.29,-0.5
-5.7686e-02,-0.275,-0.155
-5.7685e-02,-0.3,-0.495
-5.7683e-02,-0.33,-0.17
-5.7682e-02,-0.355,-0.485
-5.7680e-02,-0.35,-0.175
-5.7678e-02,-0.365,-0.49
-5.7677e-02,-0.34,-0.175
-5.7675e-02,-0.335,-0.485
-5.7674e-02,-0.35,-0.18
-5.7672e-02,-0.26,-0.485
-5.7670e-02,-0.275,-0.18
-5.7669e-02,-0.33,-0.47
-5.7667e-02,-0.355,-0.19
-5.7666e-02,-0.345,-0.5
-5.7664e-02,-0.32,-0.17
-5.7662e-02,-0.29,-0.455
-5.7661e-02,-0.295,-0.2
-5.7659e-02,-0.39,-0.505
-5.7658e-02,-0.35,-0.16
-5.7656e-02,-0.33,-0.48
-5.7654e-02,-0.37,-0.18
-5.7653e-02,-0.27,-0.465
-5.7651e-02,-0.31,-0.195
-5.7650e-02,-0.29,-0.49
-5.7648e-02,-0.375,-0.165
-5.7646e-02,-0.365,-0.47
-5.7645e-02,-0.34,-0.19
-5.7643e-02,-0.315,-0.49
-5.7642e-02,-0.22,-0.17
-5.7640e-02,-0.275,-0.48
-5.7638e-02,-0.34,-0.175
-5.7637e-02,-0.345,-0.46
-5.7635e-02,-0.3,-0.19
-5.7634e-02,-0.33,-0.475
-5.7632e-02,-0.35,-0.175
-5.7630e-02,-0.32,-0.455
-5.7629e-02,-0.4,-0.195
-5.7627e-02,-0.285,-0.47
-5.7626e-02,-0.295,-0.18
-5.7624e-02,-0.285,-0.46
-5.7622e-02,-0.365,-0.195
-5.7621e-02,-0.33,-0.485
-5.7619e-02,-0.385,-0.165
-5.7618e-02,-0.38,-0.475
-5.7616e-02,-0.31,-0.18
-5.7614e-02,-0.335,-0.465
-5.7613e-02,-0.33,-0.19
-5.7611e-02,-0.395,-0.46
-5.7610e-02,-0.355,-0.19
-5.7608e-02,-0.445,-0.52
-5.7606e-02,-0.34,-0.14
-5.7605e-02,-0.335,-0.49
-5.7603e-02,-0.365,-0.165
-5.7602e-02,-0.36,-0.455
-5.7600e-02,-0.265,-0.19
-5.7598e-02,-0.355,-0.465
-5.7597e-02,-0.325,-0.18
-5.7595e-02,-0.3,-0.5
-5.7594e-02,-0.37,-0.15
-5.7592e-02,-0.265,-0.525
-5.7590e-02,-0.31,-0.13
-5.7589e-02,-0.34,-0.46
-5.7587e-02,-0.33,-0.18
-5.7586e-02,-0.325,-0.495
-5.7584e-02,-0.345,-0.16
-5.7582e-02,-0.285,-0.46
-5.7581e-02,-0.33,-0.19
-5.7579e-02,-0.28,-0.48
-5.7578e-02,-0.3,-0.165
-5.7576e-02,-0.335,-0.475
-5.7574e-02,-0.35,-0.175
-5.7573e-02,-0.39,-0.475
-5.7571e-02,-0.245,-0.175
-5.7570e-02,-0.33,-0.47
-5.7568e-02,-0.245,-0.18
-5.7566e-02,-0.35,-0.485
-5.7565e-02,-0.37,-0.17
-5.7563e-02,-0.295,-0.47
-5.7562e-02,-0.325,-0.18
-5.7560e-02,-0.42,-0.47
-5.7558e-02,-0.315,-0.18
-5.7557e-02,-0.41,-0.475
-5.7555e-02,-0.375,-0.18
-5.7554e-02,-0.32,-0.465
-5.7552e-02,-0.355,-0.18
-5.7550e-02,-0.4,-0.475
-5.7549e-02,-0.325,-0.175
-5.7547e-02,-0.34,-0.465
-5.7546e-02,-0.385,-0.185
-5.7544e-02,-0.285,-0.495
-5.7542e-02,-0.35,-0.155
-5.7541e-02,-0.305,-0.495
-5.7539e-02,-0.335,-0.16
-5.7538e-02,-0.36,-0.475
-5.7536e-02,-0.325,-0.185
-5.7534e-02,-0.33,-0.48
-5.7533e-02,-0.27,-0.18
-5.7531e-02,-0.34,-0.495
-5.7530e-02,-0.335,-0.16
-5.7528e-02,-0.365,-0.47
-5.7526e-02,-0.29,-0.185
-5.7525e-02,-0.27,-0.49
-5.7523e-02,-0.275,-0.165
-5.7522e-02,-0.23,-0.495
-5.7520e-02,-0.295,-0.165
-5.7518e-02,-0.345,-0.47
-5.7517e-02,-0.305,-0.19
-5.7515e-02,-0.41,-0.49
-5.7514e-02,-0.31,-0.165
-5.7512e-02,-0.375,-0.46
-5.7510e-02,-0.305,-0.19
-5.7509e-02,-0.35,-0.47
-5.7507e-02,-0.3,-0.185
-5.7506e-02,-0.345,-0.465
-5.7504e-02,-0.29,-0.19
-5.7502e-02,-0.36,-0.47
-5.7501e-02,-0.36,-0.185
-5.7499e-02,-0.275,-0.48
-5.7498e-02,-0.3,-0.175
-5.7496e-02,-0.29,-0.505
-5.7494e-02,-0.365,-0.145
-5.7493e-02,-0.425,-0.465
-5.7491e-02,-0.31,-0.18
-5.7490e-02,-0.26,-0.475
-5.7488e-02,-0.29,-0.18
-5.7486e-02,-0.265,-0.475
-5.7485e-02,-0.375,-0.175
-5.7483e-02,-0.32,-0.49
-5.7482e-02,-0.355,-0.165
-5.7480e-02,-0.31,-0.49
-5.7478e-02,-0.33,-0.155
-5.7477e-02,-0.25,-0.475
-5.7475e-02,-0.285,-0.17
-5.7474e-02,-0.34,-0.48
-5.7472e-02,-0.29,-0.165
-5.7470e-02,-0.365,-0.48
-5.7469e-02,-0.27,-0.17
-5.7467e-02,-0.32,-0.47
-5.7466e-02,-0.385,-0.175
-5.7464e-02,-0.385,-0.465
-5.7462e-02,-0.34,-0.185
-5.7461e-02,-0.33,-0.46
-5.7459e-02,-0.325,-0.185
-5.7458e-02,-0.385,-0.475
-5.7456e-02,-0.385,-0.17
-5.7454e-02,-0.32,-0.49
-5.7453e-02,-0.315,-0.16
-5.7451e-02,-0.28,-0.48
-5.7450e-02,-0.325,-0.165
-5.7448e-02,-0.295,-0.455
-5.7446e-02,-0.3,-0.19
-5.7445e-02,-0.255,-0.465
-5.7443e-02,-0.335,-0.18
-5.7442e-02,-0.265,-0.46
-5.7440e-02,-0.315,-0.195
-5.7438e-02,-0.33,-0.48
-5.7437e-02,-0.235,-0.17
-5.7435e-02,-0.285,-0.465
-5.7434e-02,-0.29,-0.18
-5.7432e-02,-0.26,-0.46
-5.7430e-02,-0.415,-0.19
-5.7429e-02,-0.335,-0.52
-5.7427e-02,-0.345,-0.13
-5.7426e-02,-0.305,-0.475
-5.7424e-02,-0.265,-0.17
-5.7422e-02,-0.3,-0.455
-5.7421e-02,-0.375,-0.195
-5.7419e-02,-0.39,-0.475
-5.7418e-02,-0.33,-0.17
-5.7416e-02,-0.32,-0.475
-5.7414e-02,-0.27,-0.18
-5.7413e-02,-0.345,-0.51
-5.7411e-02,-0.305,-0.145
-5.7410e-02,-0.335,-0.48
-5.7408e-02,-0.315,-0.17
-5.7406e-02,-0.35,-0.495
-5.7405e-02,-0.33,-0.155
-5.7403e-02,-0.38,-0.455
-5.7402e-02,-0.28,-0.195
-5.7400e-02,-0.325,-0.495
-5.7398e-02,-0.225,-0.16
-5.7397e-02,-0.34,-0.46
-5.7395e-02,-0.315,-0.19
-5.7394e-02,-0.39,-0.475
-5.7392e-02,-0.385,-0.18
-5.7390e-02,-0.315,-0.48
-5.7389e-02,-0.27,-0.17
-5.7387e-02,-0.31,-0.46
-5.7386e-02,-0.325,-0.19
-5.7384e-02,-0.415,-0.47
-5.7382e-02,-0.295,-0.18
-5.7381e-02,-0.34,-0.47
-5.7379e-02,-0.31,-0.17
-5.7378e-02,-0.405,-0.49
-5.7376e-02,-0.405,-0.16
-5.7374e-02,-0.365,-0.47
-5.7373e-02,-0.355,-0.18
-5.7371e-02,-0.235,-0.475
-5.7370e-02,-0.27,-0.17
-5.7368e-02,-0.275,-0.47
-5.7366e-02,-0.32,-0.18
-5.7365e-02,-0.295,-0.455
-5.7363e-02,-0.33,-0.19
-5.7362e-02,-0.27,-0.46
-5.7360e-02,-0.34,-0.18
-5.7358e-02,-0.31,-0.47
-5.7357e-02,-0.32,-0.175
-5.7355e-02,-0.32,-0.475
-5.7354e-02,-0.25,-0.17
-5.7352e-02,-0.245,-0.495
-5.7350e-02,-0.315,-0.155
-5.7349e-02,-0.31,-0.455
-5.7347e-02,-0.4,-0.19
-5.7346e-02,-0.27,-0.47
-5.7344e-02,-0.345,-0.17
-5.7342e-02,-0.355,-0.49
-5.7341e-02,-0.34,-0.155
-5.7339e-02,-0.34,-0.485
-5.7338e-02,-0.305,-0.155
-5.7336e-02,-0.345,-0.475
-5.7334e-02,-0.375,-0.175
-5.7333e-02,-0.355,-0.465
-5.7331e-02,-0.365,-0.175
-5.7330e-02,-0.275,-0.465
-5.7328e-02,-0.3,-0.18
-5.7326e-02,-0.32,-0.47
-5.7325e-02,-0.295,-0.175
-5.7323e-02,-0.37,-0.465
-5.7322e-02,-0.33,-0.175
-5.7320e-02,-0.35,-0.46
-5.7318e-02,-0.28,-0.185
-5.7317e-02,-0.24,-0.465
-5.7315e-02,-0.305,-0.175
-5.7314e-02,-0.355,-0.51
-5.7312e-02,-0.375,-0.145
-5.7310e-02,-0.33,-0.475
-5.7309e-02,-0.26,-0.165
-5.7307e-02,-0.195,-0.485
-5.7306e-02,-0.295,-0.165
-5.7304e-02,-0.255,-0.5
-5.7302e-02,-0.275,-0.145
-5.7301e-02,-0.235,-0.47
-5.7299e-02,-0.3,-0.18
-5.7298e-02,-0.33,-0.475
-5.7296e-02,-0.355,-0.165
-5.7294e-02,-0.29,-0.465
-5.7293e-02,-0.295,-0.185
-5.7291e-02,-0.275,-0.475
-5.7290e-02,-0.305,-0.175
-5.7288e-02,-0.37,-0.47
-5.7286e-02,-0.36,-0.17
-5.7285e-02,-0.325,-0.485
-5.7283e-02,-0.31,-0.16
-5.7282e-02,-0.31,-0.5
-5.7280e-02,-0.305,-0.14
-5.7278e-02,-0.345,-0.47
-5.7277e-02,-0.345,-0.175
-5.7275e-02,-0.395,-0.49
-5.7274e-02,-0.35,-0.15
-5.7272e-02,-0.35,-0.465
-5.7270e-02,-0.44,-0.18
-5.7269e-02,-0.325,-0.465
-5.7267e-02,-0.42,-0.175
-5.7266e-02,-0.27,-0.45
-5.7264e-02,-0.245,-0.18
-5.7262e-02,-0.39,-0.475
-5.7261e-02,-0.3,-0.175
-5.7259e-02,-0.365,-0.47
-5.7258e-02,-0.345,-0.18
-5.7256e-02,-0.315,-0.51
-5.7254e-02,-0.345,-0.15
-5.7253e-02,-0.32,-0.49
-5.7251e-02,-0.305,-0.16
-5.7250e-02,-0.31,-0.5
-5.7248e-02,-0.265,-0.15
-5.7246e-02,-0.28,-0.5
-5.7245e-02,-0.325,-0.15
-5.7243e-02,-0.36,-0.485
-5.7242e-02,-0.355,-0.165
-5.7240e-02,-0.36,-0.48
-5.7238e-02,-0.355,-0.165
-5.7237e-02,-0.335,-0.485
-5.7235e-02,-0.385,-0.165
-5.7234e-02,-0.29,-0.49
-5.7232e-02,-0.28,-0.155
-5.7230e-02,-0.26,-0.485
-5.7229e-02,-0.26,-0.15
-5.7227e-02,-0.315,-0.48
-5.7226e-02,-0.34,-0.165
-5.7224e-02,-0.315,-0.485
-5.7222e-02,-0.3,-0.165
-5.7221e-02,-0.34,-0.48
-5.7219e-02,-0.345,-0.165
-5.7218e-02,-0.375,-0.46
-5.7216e-02,-0.325,-0.185
-5.7214e-02,-0.315,-0.46
-5.7213e-02,-0.29,-0.175
-5.7211e-02,-0.33,-0.49
-5.7210e-02,-0.34,-0.15
-5.7208e-02,-0.37,-0.465
-5.7206e-02,-0.365,-0.18
-5.7205e-02,-0.31,-0.46
-5.7203e-02,-0.395,-0.18
-5.7202e-02,-0.305,-0.5
-5.7200e-02,-0.365,-0.145
-5.7198e-02,-0.325,-0.49
-5.7197e-02,-0.3,-0.145
-5.7195e-02,-0.32,-0.495
-5.7194e-02,-0.29,-0.145
-5.7192e-02,-0.375,-0.485
-5.7190e-02,-0.36,-0.155
-5.7189e-02,-0.33,-0.47
-5.7187e-02,-0.355,-0.17
-5.7186e-02,-0.35,-0.475
-5.7184e-02,-0.295,-0.155
-5.7182e-02,-0.385,-0.47
-5.7181e-02,-0.21,-0.165
-5.7179e-02,-0.295,-0.465
-5.7178e-02,-0.33,-0.175
-5.7176e-02,-0.325,-0.455
-5.7174e-02,-0.415,-0.18
-5.7173e-02,-0.19,-0.47
-5.7171e-02,-0.305,-0.165
-5.7170e-02,-0.23,-0.51
-5.7168e-02,-0.325,-0.13
-5.7166e-02,-0.37,-0.475
-5.7165e-02,-0.34,-0.16
-5.7163e-02,-0.325,-0.455
-5.7162e-02,-0.265,-0.175
-5.7160e-02,-0.295,-0.49
-5.7158e-02,-0.375,-0.14
-5.7157e-02,-0.35,-0.475
-5.7155e-02,-0.32,-0.165
-5.7154e-02,-0.385,-0.46
-5.7152e-02,-0.27,-0.165
-5.7150e-02,-0.34,-0.455
-5.7149e-02,-0.235,-0.18
-5.7147e-02,-0.295,-0.485
-5.7146e-02,-0.345,-0.155
-5.7144e-02,-0.25,-0.46
-5.7142e-02,-0.385,-0.175
-5.7141e-02,-0.285,-0.455
-5.7139e-02,-0.395,-0.19
-5.7138e-02,-0.29,-0.455
-5.7136e-02,-0.325,-0.185
-5.7134e-02,-0.36,-0.47
-5.7133e-02,-0.275,-0.175
-5.7131e-02,-0.33,-0.475
-5.7130e-02,-0.19,-0.165
-5.7128e-02,-0.29,-0.475
-5.7126e-02,-0.275,-0.17
-5.7125e-02,-0.335,-0.465
-5.7123e-02,-0.36,-0.175
-5.7122e-02,-0.275,-0.475
-5.7120e-02,-0.32,-0.175
-5.7118e-02,-0.32,-0.45
-5.7117e-02,-0.425,-0.195
-5.7115e-02,-0.4,-0.455
-5.7114e-02,-0.365,-0.19
-5.7112e-02,-0.335,-0.47
-5.7110e-02,-0.31,-0.175
-5.7109e-02,-0.395,-0.465
-5.7107e-02,-0.335,-0.18
-5.7106e-02,-0.4,-0.455
-5.7104e-02,-0.23,-0.18
-5.7102e-02,-0.285,-0.46
-5.7101e-02,-0.24,-0.185
-5.7099e-02,-0.265,-0.47
-5.7098e-02,-0.31,-0.165
-5.7096e-02,-0.265,-0.48
-5.7094e-02,-0.34,-0.17
-5.7093e-02,-0.28,-0.47
-5.7091e-02,-0.36,-0.17
-5.7090e-02,-0.385,-0.47
-5.7088e-02,-0.305,-0.17
-5.7086e-02,-0.37,-0.475
-5.7085e-02,-0.24,-0.16
-5.7083e-02,-0.325,-0.465
-5.7082e-02,-0.32,-0.175
-5.7080e-02,-0.315,-0.455
-5.7078e-02,-0.34,-0.18
-5.7077e-02,-0.27,-0.44
-5.7075e-02,-0.355,-0.195
-5.7074e-02,-0.275,-0.45
-5.7072e-02,-0.31,-0.185
-5.7070e-02,-0.28,-0.455
-5.7069e-02,-0.31,-0.185
-5.7067e-02,-0.425,-0.465
-5.7066e-02,-0.31,-0.17
-5.7064e-02,-0.35,-0.455
-5.7062e-02,-0.295,-0.185
-5.7061e-02,-0.325,-0.47
-5.7059e-02,-0.37,-0.17
-5.7058e-02,-0.315,-0.465
-5.7056e-02,-0.375,-0.17
-5.7054e-02,-0.295,-0.445
-5.7053e-02,-0.325,-0.19
-5.7051e-02,-0.31,-0.455
-5.7050e-02,-0.26,-0.165
-5.7048e-02,-0.265,-0.48
-5.7046e-02,-0.26,-0.16
-5.7045e-02,-0.295,-0.48
-5.7043e-02,-0.28,-0.16
-5.7042e-02,-0.285,-0.455
-5.7040e-02,-0.34,-0.17
-5.7038e-02,-0.39,-0.455
-5.7037e-02,-0.33,-0.18
-5.7035e-02,-0.35,-0.445
-5.7034e-02,-0.31,-0.185
-5.7032e-02,-0.395,-0.455
-5.7030e-02,-0.385,-0.175
-5.7029e-02,-0.33,-0.46
-5.7027e-02,-0.31,-0.165
-5.7026e-02,-0.24,-0.455
-5.7024e-02,-0.32,-0.17
-5.7022e-02,-0.315,-0.44
-5.7021e-02,-0.31,-0.185
-5.7019e-02,-0.235,-0.475
-5.7018e-02,-0.295,-0.16
-5.7016e-02,-0.305,-0.465
-5.7014e-02,-0.42,-0.155
-5.7013e-02,-0.315,-0.465
-5.7011e-02,-0.37,-0.16
-5.7010e-02,-0.305,-0.44
-5.7008e-02,-0.27,-0.185
-5.7006e-02,-0.33,-0.44
-5.7005e-02,-0.265,-0.185
-5.7003e-02,-0.33,-0.455
-5.7002e-02,-0.33,-0.165
-5.7000e-02,-0.33,-0.47
-5.6998e-02,-0.315,-0.16
-5.6997e-02,-0.36,-0.455
-5.6995e-02,-0.34,-0.175
-5.6994e-02,-0.285,-0.455
-5.6992e-02,-0.255,-0.18
-5.6990e-02,-0.245,-0.455
-5.6989e-02,-0.35,-0.175
-5.6987e-02,-0.405,-0.445
-5.6986e-02,-0.345,-0.185
-5.6984e-02,-0.275,-0.455
-5.6982e-02,-0.335,-0.17
-5.6981e-02,-0.375,-0.44
-5.6979e-02,-0.35,-0.19
-5.6978e-02,-0.28,-0.475
-5.6976e-02,-0.265,-0.16
-5.6974e-02,-0.37,-0.47
-5.6973e-02,-0.37,-0.155
-5.6971e-02,-0.31,-0.49
-5.6970e-02,-0.32,-0.14
-5.6968e-02,-0.21,-0.46
-5.6966e-02,-0.265,-0.17
-5.6965e-02,-0.29,-0.47
-5.6963e-02,-0.295,-0.16
-5.6962e-02,-0.305,-0.47
-5.6960e-02,-0.245,-0.17
-5.6958e-02,-0.31,-0.47
-5.6957e-02,-0.335,-0.165
-5.6955e-02,-0.345,-0.455
-5.6954e-02,-0.34,-0.18
-5.6952e-02,-0.365,-0.47
-5.6950e-02,-0.28,-0.16
-5.6949e-02,-0.33,-0.485
-5.6947e-02,-0.38,-0.15
-5.6946e-02,-0.315,-0.465
-5.6944e-02,-0.395,-0.18
-5.6942e-02,-0.285,-0.455
-5.6941e-02,-0.32,-0.175
-5.6939e-02,-0.26,-0.46
-5.6938e-02,-0.39,-0.175
-5.6936e-02,-0.295,-0.465
-5.6934e-02,-0.275,-0.165
-5.6933e-02,-0.265,-0.44
-5.6931e-02,-0.28,-0.195
-5.6930e-02,-0.39,-0.475
-5.6928e-02,-0.33,-0.165
-5.6926e-02,-0.345,-0.48
-5.6925e-02,-0.285,-0.155
-5.6923e-02,-0.32,-0.455
-5.6922e-02,-0.315,-0.185
-5.6920e-02,-0.265,-0.47
-5.6918e-02,-0.33,-0.16
-5.6917e-02,-0.23,-0.47
-5.6915e-02,-0.335,-0.155
-5.6914e-02,-0.24,-0.465
-5.6912e-02,-0.3,-0.16
-5.6910e-02,-0.21,-0.465
-5.6909e-02,-0.25,-0.17
-5.6907e-02,-0.23,-0.46
-5.6906e-02,-0.27,-0.175
-5.6904e-02,-0.34,-0.47
-5.6902e-02,-0.315,-0.16
-5.6901e-02,-0.325,-0.46
-5.6899e-02,-0.285,-0.165
-5.6898e-02,-0.26,-0.455
-5.6896e-02,-0.3,-0.17
-5.6894e-02,-0.38,-0.485
-5.6893e-02,-0.415,-0.14
-5.6891e-02,-0.36,-0.48
-5.6890e-02,-0.315,-0.15
-5.6888e-02,-0.365,-0.445
-5.6886e-02,-0.315,-0.175
-5.6885e-02,-0.315,-0.465
-5.6883e-02,-0.205,-0.16
-5.6882e-02,-0.25,-0.465
-5.6880e-02,-0.29,-0.165
-5.6878e-02,-0.275,-0.465
-5.6877e-02,-0.355,-0.17
-5.6875e-02,-0.29,-0.45
-5.6874e-02,-0.405,-0.17
-5.6872e-02,-0.27,-0.455
-5.6870e-02,-0.36,-0.17
-5.6869e-02,-0.255,-0.49
-5.6867e-02,-0.25,-0.14
-5.6866e-02,-0.285,-0.455
-5.6864e-02,-0.31,-0.17
-5.6862e-02,-0.37,-0.47
-5.6861e-02,-0.335,-0.16
-5.6859e-02,-0.29,-0.515
-5.6858e-02,-0.325,-0.12
-5.6856e-02,-0.26,-0.48
-5.6854e-02,-0.3,-0.15
-5.6853e-02,-0.38,-0.455
-5.6851e-02,-0.35,-0.175
-5.6850e-02,-0.29,-0.435
-5.6848e-02,-0.28,-0.19
-5.6846e-02,-0.29,-0.445
-5.6845e-02,-0.415,-0.185
-5.6843e-02,-0.37,-0.465
-5.6842e-02,-0.32,-0.16
-5.6840e-02,-0.325,-0.435
-5.6838e-02,-0.25,-0.19
-5.6837e-02,-0.335,-0.465
-5.6835e-02,-0.31,-0.16
-5.6834e-02,-0.245,-0.47
-5.6832e-02,-0.22,-0.155
-5.6830e-02,-0.25,-0.455
-5.6829e-02,-0.305,-0.175
-5.6827e-02,-0.305,-0.455
-5.6826e-02,-0.24,-0.17
-5.6824e-02,-0.26,-0.455
-5.6822e-02,-0.28,-0.17
-5.6821e-02,-0.305,-0.48
-5.6819e-02,-0.32,-0.15
-5.6818e-02,-0.405,-0.46
-5.6816e-02,-0.34,-0.165
-5.6814e-02,-0.36,-0.465
-5.6813e-02,-0.31,-0.16
-5.6811e-02,-0.3,-0.455
-5.6810e-02,-0.3,-0.165
-5.6808e-02,-0.3,-0.455
-5.6806e-02,-0.355,-0.17
-5.6805e-02,-0.3,-0.44
-5.6803e-02,-0.37,-0.185
-5.6802e-02,-0.275,-0.45
-5.6800e-02,-0.255,-0.17
-5.6798e-02,-0.34,-0.455
-5.6797e-02,-0.35,-0.175
-5.6795e-02,-0.36,-0.445
-5.6794e-02,-0.415,-0.175
-5.6792e-02,-0.26,-0.465
-5.6790e-02,-0.33,-0.16
-5.6789e-02,-0.3,-0.45
-5.6787e-02,-0.355,-0.175
-5.6786e-02,-0.36,-0.475
-5.6784e-02,-0.375,-0.15
-5.6782e-02,-0.33,-0.455
-5.6781e-02,-0.36,-0.17
-5.6779e-02,-0.355,-0.485
-5.6778e-02,-0.305,-0.15
-5.6776e-02,-0.265,-0.45
-5.6774e-02,-0.265,-0.175
-5.6773e-02,-0.35,-0.45
-5.6771e-02,-0.295,-0.175
-5.6770e-02,-0.35,-0.46
-5.6768e-02,-0.275,-0.165
-5.6766e-02,-0.385,-0.47
-5.6765e-02,-0.35,-0.16
-5.6763e-02,-0.385,-0.465
-5.6762e-02,-0.315,-0.155
-5.6760e-02,-0.295,-0.46
-5.6758e-02,-0.3,-0.165
-5.6757e-02,-0.305,-0.46
-5.6755e-02,-0.345,-0.165
-5.6754e-02,-0.22,-0.46
-5.6752e-02,-0.27,-0.165
-5.6750e-02,-0.285,-0.455
-5.6749e-02,-0.21,-0.17
-5.6747e-02,-0.335,-0.445
-5.6746e-02,-0.245,-0.175
-5.6744e-02,-0.285,-0.46
-5.6742e-02,-0.3,-0.15
-5.6741e-02,-0.315,-0.445
-5.6739e-02,-0.325,-0.18
-5.6738e-02,-0.355,-0.465
-5.6736e-02,-0.385,-0.15
-5.6734e-02,-0.33,-0.45
-5.6733e-02,-0.34,-0.165
-5.6731e-02,-0.425,-0.455
-5.6730e-02,-0.305,-0.16
-5.6728e-02,-0.395,-0.445
-5.6726e-02,-0.29,-0.17
-5.6725e-02,-0.26,-0.48
-5.6723e-02,-0.355,-0.145
-5.6722e-02,-0.325,-0.45
-5.6720e-02,-0.325,-0.17
-5.6718e-02,-0.35,-0.465
-5.6717e-02,-0.245,-0.155
-5.6715e-02,-0.385,-0.47
-5.6714e-02,-0.305,-0.155
-5.6712e-02,-0.265,-0.45
-5.6710e-02,-0.27,-0.17
-5.6709e-02,-0.33,-0.445
-5.6707e-02,-0.355,-0.165
-5.6706e-02,-0.325,-0.45
-5.6704e-02,-0.33,-0.16
-5.6702e-02,-0.23,-0.47
-5.6701e-02,-0.315,-0.155
-5.6699e-02,-0.315,-0.46
-5.6698e-02,-0.32,-0.16
-5.6696e-02,-0.29,-0.45
-5.6694e-02,-0.27,-0.165
-5.6693e-02,-0.285,-0.44
-5.6691e-02,-0.31,-0.17
-5.6690e-02,-0.36,-0.46
-5.6688e-02,-0.335,-0.155
-5.6686e-02,-0.32,-0.45
-5.6685e-02,-0.34,-0.17
-5.6683e-02,-0.265,-0.475
-5.6682e-02,-0.35,-0.14
-5.6680e-02,-0.33,-0.445
-5.6678e-02,-0.27,-0.175
-5.6677e-02,-0.3,-0.45
-5.6675e-02,-0.245,-0.16
-5.6674e-02,-0.345,-0.46
-5.6672e-02,-0.32,-0.155
-5.6670e-02,-0.365,-0.48
-5.6669e-02,-0.195,-0.135
-5.6667e-02,-0.285,-0.46
-5.6666e-02,-0.35,-0.155
-5.6664e-02,-0.355,-0.465
-5.6662e-02,-0.315,-0.155
-5.6661e-02,-0.24,-0.465
-5.6659e-02,-0.255,-0.155
-5.6658e-02,-0.32,-0.44
-5.6656e-02,-0.37,-0.17
-5.6654e-02,-0.235,-0.45
-5.6653e-02,-0.29,-0.165
-5.6651e-02,-0.25,-0.455
-5.6650e-02,-0.33,-0.16
-5.6648e-02,-0.34,-0.44
-5.6646e-02,-0.34,-0.17
-5.6645e-02,-0.3,-0.495
-5.6643e-02,-0.35,-0.125
-5.6642e-02,-0.32,-0.465
-5.6640e-02,-0.3,-0.155
-5.6638e-02,-0.395,-0.44
-5.6637e-02,-0.35,-0.18
-5.6635e-02,-0.355,-0.455
-5.6634e-02,-0.325,-0.15
-5.6632e-02,-0.33,-0.425
-5.6630e-02,-0.27,-0.185
-5.6629e-02,-0.355,-0.46
-5.6627e-02,-0.3,-0.155
-5.6626e-02,-0.315,-0.445
-5.6624e-02,-0.335,-0.165
-5.6622e-02,-0.245,-0.445
-5.6621e-02,-0.325,-0.165
-5.6619e-02,-0.295,-0.455
-5.6618e-02,-0.25,-0.16
-5.6616e-02,-0.37,-0.465
-5.6614e-02,-0.28,-0.15
-5.6613e-02,-0.22,-0.44
-5.6611e-02,-0.24,-0.17
-5.6610e-02,-0.26,-0.45
-5.6608e-02,-0.385,-0.16
-5.6606e-02,-0.325,-0.44
-5.6605e-02,-0.29,-0.17
-5.6603e-02,-0.245,-0.45
-5.6602e-02,-0.335,-0.155
-5.6600e-02,-0.3,-0.46
-5.6598e-02,-0.385,-0.15
-5.6597e-02,-0.34,-0.43
-5.6595e-02,-0.29,-0.185
-5.6594e-02,-0.355,-0.445
-5.6592e-02,-0.305,-0.17
-5.6590e-02,-0.33,-0.47
-5.6589e-02,-0.32,-0.14
-5.6587e-02,-0.28,-0.435
-5.6586e-02,-0.285,-0.175
-5.6584e-02,-0.33,-0.445
-5.6582e-02,-0.32,-0.165
-5.6581e-02,-0.32,-0.44
-5.6579e-02,-0.28,-0.18
-5.6578e-02,-0.245,-0.47
-5.6576e-02,-0.28,-0.14
-5.6574e-02,-0.355,-0.475
-5.6573e-02,-0.4,-0.14
-5.6571e-02,-0.32,-0.455
-5.6570e-02,-0.36,-0.155
-5.6568e-02,-0.275,-0.435
-5.6566e-02,-0.335,-0.17
-5.6565e-02,-0.365,-0.44
-5.6563e-02,-0.23,-0.17
-5.6562e-02,-0.3,-0.445
-5.6560e-02,-0.21,-0.16
-5.6558e-02,-0.355,-0.44
-5.6557e-02,-0.375,-0.17
-5.6555e-02,-0.285,-0.465
-5.6554e-02,-0.275,-0.15
-5.6552e-02,-0.26,-0.455
-5.6550e-02,-0.325,-0.17
-5.6549e-02,-0.335,-0.45
-5.6547e-02,-0.25,-0.16
-5.6546e-02,-0.25,-0.465
-5.6544e-02,-0.245,-0.15
-5.6542e-02,-0.29,-0.47
-5.6541e-02,-0.32,-0.145
-5.6539e-02,-0.255,-0.475
-5.6538e-02,-0.235,-0.135
-5.6536e-02,-0.285,-0.475
-5.6534e-02,-0.285,-0.135
-5.6533e-02,-0.365,-0.47
-5.6531e-02,-0.275,-0.14
-5.6530e-02,-0.24,-0.44
-5.6528e-02,-0.31,-0.165
-5.6526e-02,-0.265,-0.465
-5.6525e-02,-0.305,-0.145
-5.6523e-02,-0.29,-0.43
-5.6522e-02,-0.22,-0.18
-5.6520e-02,-0.285,-0.43
-5.6518e-02,-0.315,-0.175
-5.6517e-02,-0.325,-0.435
-5.6515e-02,-0.305,-0.17
-5.6514e-02,-0.34,-0.45
-5.6512e-02,-0.345,-0.16
-5.6510e-02,-0.33,-0.44
-5.6509e-02,-0.385,-0.16
-5.6507e-02,-0.295,-0.45
-5.6506e-02,-0.28,-0.15
-5.6504e-02,-0.225,-0.445
-5.6502e-02,-0.275,-0.155
-5.6501e-02,-0.365,-0.465
-5.6499e-02,-0.28,-0.15
-5.6498e-02,-0.365,-0.46
-5.6496e-02,-0.23,-0.145
-5.6494e-02,-0.325,-0.44
-5.6493e-02,-0.345,-0.16
-5.6491e-02,-0.315,-0.44
-5.6490e-02,-0.29,-0.155
-5.6488e-02,-0.305,-0.435
-5.6486e-02,-0.265,-0.165
-5.6485e-02,-0.325,-0.45
-5.6483e-02,-0.315,-0.155
-5.6482e-02,-0.225,-0.44
-5.6480e-02,-0.245,-0.17
-5.6478e-02,-0.28,-0.44
-5.6477e-02,-0.425,-0.17
-5.6475e-02,-0.32,-0.445
-5.6474e-02,-0.33,-0.16
-5.6472e-02,-0.28,-0.43
-5.6470e-02,-0.26,-0.17
-5.6469e-02,-0.37,-0.44
-5.6467e-02,-0.225,-0.17
-5.6466e-02,-0.26,-0.45
-5.6464e-02,-0.255,-0.15
-5.6462e-02,-0.215,-0.47
-5.6461e-02,-0.335,-0.145
-5.6459e-02,-0.285,-0.455
-5.6458e-02,-0.245,-0.14
-5.6456e-02,-0.275,-0.495
-5.6454e-02,-0.3,-0.12
-5.6453e-02,-0.26,-0.45
-5.6451e-02,-0.29,-0.155
-5.6450e-02,-0.27,-0.465
-5.6448e-02,-0.21,-0.14
-5.6446e-02,-0.29,-0.45
-5.6445e-02,-0.295,-0.16
-5.6443e-02,-0.3,-0.435
-5.6442e-02,-0.32,-0.17
-5.6440e-02,-0.235,-0.45
-5.6438e-02,-0.255,-0.15
-5.6437e-02,-0.36,-0.43
-5.6435e-02,-0.295,-0.175
-5.6434e-02,-0.3,-0.47
-5.6432e-02,-0.285,-0.135
-5.6430e-02,-0.265,-0.435
-5.6429e-02,-0.28,-0.17
-5.6427e-02,-0.295,-0.44
-5.6426e-02,-0.33,-0.17
-5.6424e-02,-0.23,-0.43
-5.6422e-02,-0.255,-0.175
-5.6421e-02,-0.31,-0.44
-5.6419e-02,-0.29,-0.165
-5.6418e-02,-0.345,-0.435
-5.6416e-02,-0.225,-0.165
-5.6414e-02,-0.23,-0.445
-5.6413e-02,-0.36,-0.16
-5.6411e-02,-0.32,-0.47
-5.6410e-02,-0.345,-0.135
-5.6408e-02,-0.28,-0.455
-5.6406e-02,-0.29,-0.155
-5.6405e-02,-0.325,-0.435
-5.6403e-02,-0.3,-0.165
-5.6402e-02,-0.285,-0.45
-5.6400e-02,-0.255,-0.145
-5.6398e-02,-0.325,-0.48
-5.6397e-02,-0.32,-0.13
-5.6395e-02,-0.295,-0.46
-5.6394e-02,-0.255,-0.14
-5.6392e-02,-0.255,-0.435
-5.6390e-02,-0.27,-0.16
-5.6389e-02,-0.335,-0.445
-5.6387e-02,-0.355,-0.15
-5.6386e-02,-0.29,-0.435
-5.6384e-02,-0.31,-0.17
-5.6382e-02,-0.3,-0.445
-5.6381e-02,-0.19,-0.15
-5.6379e-02,-0.36,-0.435
-5.6378e-02,-0.29,-0.16
-5.6376e-02,-0.26,-0.435
-5.6374e-02,-0.36,-0.165
-5.6373e-02,-0.275,-0.445
-5.6371e-02,-0.285,-0.16
-5.6370e-02,-0.325,-0.435
-5.6368e-02,-0.31,-0.155
-5.6366e-02,-0.23,-0.435
-5.6365e-02,-0.285,-0.165
-5.6363e-02,-0.245,-0.445
-5.6362e-02,-0.305,-0.15
-5.6360e-02,-0.22,-0.44
-5.6358e-02,-0.25,-0.16
-5.6357e-02,-0.275,-0.435
-5.6355e-02,-0.255,-0.17
-5.6354e-02,-0.335,-0.44
-5.6352e-02,-0.25,-0.155
-5.6350e-02,-0.285,-0.43
-5.6349e-02,-0.29,-0.165
-5.6347e-02,-0.24,-0.44
-5.6346e-02,-0.26,-0.155
-5.6344e-02,-0.23,-0.455
-5.6342e-02,-0.305,-0.145
-5.6341e-02,-0.28,-0.445
-5.6339e-02,-0.26,-0.155
-5.6338e-02,-0.275,-0.445
-5.6336e-02,-0.29,-0.155
-5.6334e-02,-0.355,-0.435
-5.6333e-02,-0.235,-0.16
-5.6331e-02,-0.235,-0.425
-5.6330e-02,-0.255,-0.17
-5.6328e-02,-0.27,-0.445
-5.6326e-02,-0.275,-0.145
-5.6325e-02,-0.31,-0.425
-5.6323e-02,-0.185,-0.165
-5.6322e-02,-0.28,-0.43
-5.6320e-02,-0.32,-0.165
-5.6318e-02,-0.345,-0.44
-5.6317e-02,-0.295,-0.155
-5.6315e-02,-0.265,-0.435
-5.6314e-02,-0.26,-0.16
-5.6312e-02,-0.365,-0.43
-5.6310e-02,-0.355,-0.16
-5.6309e-02,-0.255,-0.44
-5.6307e-02,-0.295,-0.155
-5.6306e-02,-0.3,-0.42
-5.6304e-02,-0.265,-0.175
-5.6302e-02,-0.36,-0.42
-5.6301e-02,-0.22,-0.175
-5.6299e-02,-0.28,-0.43
-5.6298e-02,-0.335,-0.165
-5.6296e-02,-0.29,-0.455
-5.6294e-02,-0.305,-0.145
-5.6293e-02,-0.18,-0.455
-5.6291e-02,-0.32,-0.14
-5.6290e-02,-0.35,-0.42
-5.6288e-02,-0.33,-0.17
-5.6286e-02,-0.365,-0.46
-5.6285e-02,-0.21,-0.135
-5.6283e-02,-0.265,-0.44
-5.6282e-02,-0.315,-0.155
-5.6280e-02,-0.3,-0.46
-5.6278e-02,-0.35,-0.135
-5.6277e-02,-0.3,-0.465
-5.6275e-02,-0.3,-0.12
-5.6274e-02,-0.335,-0.445
-5.6272e-02,-0.31,-0.145
-5.6270e-02,-0.27,-0.43
-5.6269e-02,-0.27,-0.165
-5.6267e-02,-0.18,-0.44
-5.6266e-02,-0.26,-0.155
-5.6264e-02,-0.265,-0.465
-5.6262e-02,-0.27,-0.135
-5.6261e-02,-0.305,-0.435
-5.6259e-02,-0.2,-0.15
-5.6258e-02,-0.255,-0.46
-5.6256e-02,-0.31,-0.14
-5.6254e-02,-0.31,-0.45
-5.6253e-02,-0.235,-0.15
-5.6251e-02,-0.205,-0.45
-5.6250e-02,-0.265,-0.14
-5.6248e-02,-0.315,-0.44
-5.6246e-02,-0.285,-0.15
-5.6245e-02,-0.25,-0.425
-5.6243e-02,-0.225,-0.165
-5.6242e-02,-0.335,-0.43
-5.6240e-02,-0.32,-0.165
-5.6238e-02,-0.31,-0.435
-5.6237e-02,-0.19,-0.155
-5.6235e-02,-0.255,-0.425
-5.6234e-02,-0.38,-0.165
-5.6232e-02,-0.245,-0.44
-5.6230e-02,-0.355,-0.155
-5.6229e-02,-0.24,-0.435
-5.6227e-02,-0.205,-0.155
-5.6226e-02,-0.345,-0.44
-5.6224e-02,-0.23,-0.155
-5.6222e-02,-0.285,-0.435
-5.6221e-02,-0.255,-0.16
-5.6219e-02,-0.275,-0.44
-5.6218e-02,-0.33,-0.15
-5.6216e-02,-0.365,-0.46
-5.6214e-02,-0.325,-0.135
-5.6213e-02,-0.305,-0.445
-5.6211e-02,-0.23,-0.15
-5.6210e-02,-0.285,-0.44
-5.6208e-02,-0.265,-0.15
-5.6206e-02,-0.27,-0.445
-5.6205e-02,-0.31,-0.155
-5.6203e-02,-0.3,-0.445
-5.6202e-02,-0.315,-0.15
-5.6200e-02,-0.36,-0.44
-5.6198e-02,-0.23,-0.15
-5.6197e-02,-0.295,-0.43
-5.6195e-02,-0.255,-0.16
-5.6194e-02,-0.28,-0.435
-5.6192e-02,-0.34,-0.15
-5.6190e-02,-0.295,-0.435
-5.6189e-02,-0.275,-0.16
-5.6187e-02,-0.31,-0.43
-5.6186e-02,-0.23,-0.155
-5.6184e-02,-0.325,-0.47
-5.6182e-02,-0.245,-0.125
-5.6181e-02,-0.295,-0.435
-5.6179e-02,-0.29,-0.15
-5.6178e-02,-0.3,-0.445
-5.6176e-02,-0.37,-0.15
-5.6174e-02,-0.265,-0.435
-5.6173e-02,-0.315,-0.155
-5.6171e-02,-0.29,-0.425
-5.6170e-02,-0.24,-0.165
-5.6168e-02,-0.3,-0.42
-5.6166e-02,-0.2,-0.17
-5.6165e-02,-0.245,-0.415
-5.6163e-02,-0.265,-0.165
-5.6162e-02,-0.26,-0.455
-5.6160e-02,-0.24,-0.14
-5.6158e-02,-0.31,-0.435
-5.6157e-02,-0.23,-0.15
-5.6155e-02,-0.275,-0.435
-5.6154e-02,-0.305,-0.155
-5.6152e-02,-0.2,-0.445
-5.6150e-02,-0.27,-0.145
-5.6149e-02,-0.2,-0.42
-5.6147e-02,-0.305,-0.165
-5.6146e-02,-0.28,-0.425
-5.6144e-02,-0.25,-0.16
-5.6142e-02,-0.3,-0.445
-5.6141e-02,-0.225,-0.14
-5.6139e-02,-0.325,-0.425
-5.6138e-02,-0.21,-0.155
-5.6136e-02,-0.245,-0.425
-5.6134e-02,-0.26,-0.16
-5.6133e-02,-0.325,-0.44
-5.6131e-02,-0.265,-0.145
-5.6130e-02,-0.19,-0.465
-5.6128e-02,-0.25,-0.13
-5.6126e-02,-0.23,-0.43
-5.6125e-02,-0.28,-0.155
-5.6123e-02,-0.28,-0.45
-5.6122e-02,-0.27,-0.14
-5.6120e-02,-0.27,-0.435
-5.6118e-02,-0.35,-0.15
-5.6117e-02,-0.41,-0.435
-5.6115e-02,-0.31,-0.145
-5.6114e-02,-0.27,-0.425
-5.6112e-02,-0.25,-0.16
-5.6110e-02,-0.245,-0.44
-5.6109e-02,-0.305,-0.135
-5.6107e-02,-0.355,-0.435
-5.6106e-02,-0.275,-0.145
-5.6104e-02,-0.345,-0.425
-5.6102e-02,-0.3,-0.155
-5.6101e-02,-0.345,-0.42
-5.6099e-02,-0.315,-0.16
-5.6098e-02,-0.21,-0.43
-5.6096e-02,-0.245,-0.145
-5.6094e-02,-0.21,-0.43
-5.6093e-02,-0.395,-0.15
-5.6091e-02,-0.325,-0.42
-5.6090e-02,-0.37,-0.16
-5.6088e-02,-0.245,-0.445
-5.6086e-02,-0.31,-0.135
-5.6085e-02,-0.28,-0.425
-5.6083e-02,-0.295,-0.155
-5.6082e-02,-0.26,-0.435
-5.6080e-02,-0.165,-0.145
-5.6078e-02,-0.33,-0.455
-5.6077e-02,-0.26,-0.12
-5.6075e-02,-0.305,-0.43
-5.6074e-02,-0.235,-0.145
-5.6072e-02,-0.185,-0.425
-5.6070e-02,-0.305,-0.155
-5.6069e-02,-0.32,-0.43
-5.6067e-02,-0.325,-0.145
-5.6066e-02,-0.32,-0.43
-5.6064e-02,-0.24,-0.145
-5.6062e-02,-0.28,-0.45
-5.6061e-02,-0.405,-0.13
-5.6059e-02,-0.285,-0.445
-5.6058e-02,-0.295,-0.14
-5.6056e-02,-0.25,-0.435
-5.6054e-02,-0.24,-0.145
-5.6053e-02,-0.445,-0.43
-5.6051e-02,-0.32,-0.145
-5.6050e-02,-0.31,-0.455
-5.6048e-02,-0.29,-0.125
-5.6046e-02,-0.205,-0.42
-5.6045e-02,-0.345,-0.16
-5.6043e-02,-0.295,-0.42
-5.6042e-02,-0.205,-0.155
-5.6040e-02,-0.285,-0.415
-5.6038e-02,-0.27,-0.165
-5.6037e-02,-0.3,-0.42
-5.6035e-02,-0.335,-0.16
-5.6034e-02,-0.245,-0.425
-5.6032e-02,-0.285,-0.15
-5.6030e-02,-0.28,-0.465
-5.6029e-02,-0.31,-0.12
-5.6027e-02,-0.365,-0.435
-5.6026e-02,-0.21,-0.145
-5.6024e-02,-0.26,-0.43
-5.6022e-02,-0.24,-0.145
-5.6021e-02,-0.29,-0.425
-5.6019e-02,-0.315,-0.155
-5.6018e-02,-0.335,-0.435
-5.6016e-02,-0.23,-0.15
-5.6014e-02,-0.295,-0.43
-5.6013e-02,-0.22,-0.145
-5.6011e-02,-0.33,-0.45
-5.6010e-02,-0.335,-0.125
-5.6008e-02,-0.25,-0.44
-5.6006e-02,-0.275,-0.14
-5.6005e-02,-0.26,-0.43
-5.6003e-02,-0.33,-0.145
-5.6002e-02,-0.275,-0.43
-5.6000e-02,-0.275,-0.145
-5.5998e-02,-0.25,-0.415
-5.5997e-02,-0.26,-0.165
-5.5995e-02,-0.265,-0.42
-5.5994e-02,-0.175,-0.15
-5.5992e-02,-0.3,-0.415
-5.5990e-02,-0.25,-0.16
-5.5989e-02,-0.32,-0.415
-5.5987e-02,-0.255,-0.15
-5.5986e-02,-0.25,-0.425
-5.5984e-02,-0.265,-0.15
-5.5982e-02,-0.365,-0.43
-5.5981e-02,-0.255,-0.135
-5.5979e-02,-0.31,-0.425
-5.5978e-02,-0.185,-0.15
-5.5976e-02,-0.335,-0.43
-5.5974e-02,-0.345,-0.14
-5.5973e-02,-0.255,-0.445
-5.5971e-02,-0.32,-0.13
-5.5970e-02,-0.235,-0.43
-5.5968e-02,-0.34,-0.14
-5.5966e-02,-0.3,-0.42
-5.5965e-02,-0.205,-0.145
-5.5963e-02,-0.3,-0.435
-5.5962e-02,-0.235,-0.13
-5.5960e-02,-0.305,-0.435
-5.5958e-02,-0.38,-0.145
-5.5957e-02,-0.2,-0.42
-5.5955e-02,-0.325,-0.15
-5.5954e-02,-0.32,-0.415
-5.5952e-02,-0.305,-0.15
-5.5950e-02,-0.34,-0.445
-5.5949e-02,-0.27,-0.12
-5.5947e-02,-0.235,-0.46
-5.5946e-02,-0.29,-0.105
-5.5944e-02,-0.245,-0.43
-5.5942e-02,-0.255,-0.14
-5.5941e-02,-0.23,-0.445
-5.5939e-02,-0.27,-0.125
-5.5938e-02,-0.365,-0.42
-5.5936e-02,-0.25,-0.145
-5.5934e-02,-0.295,-0.435
-5.5933e-02,-0.27,-0.13
-5.5931e-02,-0.255,-0.42
-5.5930e-02,-0.255,-0.145
-5.5928e-02,-0.275,-0.43
-5.5926e-02,-0.225,-0.135
-5.5925e-02,-0.375,-0.435
-5.5923e-02,-0.26,-0.13
-5.5922e-02,-0.34,-0.42
-5.5920e-02,-0.185,-0.145
-5.5918e-02,-0.32,-0.435
-5.5917e-02,-0.28,-0.12
-5.5915e-02,-0.31,-0.43
-5.5914e-02,-0.345,-0.13
-5.5912e-02,-0.33,-0.425
-5.5910e-02,-0.3,-0.14
-5.5909e-02,-0.31,-0.42
-5.5907e-02,-0.195,-0.145
-5.5906e-02,-0.26,-0.415
-5.5904e-02,-0.26,-0.15
-5.5902e-02,-0.33,-0.445
-5.5901e-02,-0.35,-0.115
-5.5899e-02,-0.335,-0.445
-5.5898e-02,-0.275,-0.115
-5.5896e-02,-0.365,-0.43
-5.5894e-02,-0.275,-0.14
-5.5893e-02,-0.395,-0.45
-5.5891e-02,-0.26,-0.12
-5.5890e-02,-0.3,-0.425
-5.5888e-02,-0.31,-0.135
-5.5886e-02,-0.325,-0.42
-5.5885e-02,-0.385,-0.15
-5.5883e-02,-0.28,-0.46
-5.5882e-02,-0.28,-0.11
-5.5880e-02,-0.325,-0.415
-5.5878e-02,-0.305,-0.15
-5.5877e-02,-0.36,-0.43
-5.5875e-02,-0.305,-0.135
-5.5874e-02,-0.31,-0.44
-5.5872e-02,-0.33,-0.135
-5.5870e-02,-0.31,-0.435
-5.5869e-02,-0.31,-0.135
-5.5867e-02,-0.285,-0.42
-5.5866e-02,-0.285,-0.15
-5.5864e-02,-0.31,-0.45
-5.5862e-02,-0.27,-0.115
-5.5861e-02,-0.35,-0.425
-5.5859e-02,-0.225,-0.15
-5.5858e-02,-0.34,-0.45
-5.5856e-02,-0.29,-0.125
-5.5854e-02,-0.28,-0.425
-5.5853e-02,-0.315,-0.135
-5.5851e-02,-0.235,-0.42
-5.5850e-02,-0.325,-0.15
-5.5848e-02,-0.295,-0.415
-5.5846e-02,-0.315,-0.155
-5.5845e-02,-0.225,-0.42
-5.5843e-02,-0.275,-0.145
-5.5842e-02,-0.255,-0.435
-5.5840e-02,-0.29,-0.135
-5.5838e-02,-0.34,-0.44
-5.5837e-02,-0.265,-0.135
-5.5835e-02,-0.325,-0.43
-5.5834e-02,-0.26,-0.145
-5.5832e-02,-0.265,-0.43
-5.5830e-02,-0.175,-0.14
-5.5829e-02,-0.195,-0.425
-5.5827e-02,-0.375,-0.14
-5.5826e-02,-0.28,-0.42
-5.5824e-02,-0.335,-0.145
-5.5822e-02,-0.25,-0.445
-5.5821e-02,-0.19,-0.125
-5.5819e-02,-0.315,-0.43
-5.5818e-02,-0.275,-0.14
-5.5816e-02,-0.22,-0.425
-5.5814e-02,-0.27,-0.14
-5.5813e-02,-0.235,-0.42
-5.5811e-02,-0.285,-0.145
-5.5810e-02,-0.195,-0.425
-5.5808e-02,-0.21,-0.145
-5.5806e-02,-0.205,-0.42
-5.5805e-02,-0.27,-0.145
-5.5803e-02,-0.35,-0.43
-5.5802e-02,-0.34,-0.13
-5.5800e-02,-0.23,-0.44
-5.5798e-02,-0.37,-0.13
-5.5797e-02,-0.28,-0.435
-5.5795e-02,-0.35,-0.125
-5.5794e-02,-0.205,-0.42
-5.5792e-02,-0.205,-0.14
-5.5790e-02,-0.285,-0.475
-5.5789e-02,-0.265,-0.09
-5.5787e-02,-0.33,-0.43
-5.5786e-02,-0.23,-0.13
-5.5784e-02,-0.295,-0.445
-5.5782e-02,-0.305,-0.115
-5.5781e-02,-0.33,-0.45
-5.5779e-02,-0.29,-0.11
-5.5778e-02,-0.325,-0.425
-5.5776e-02,-0.33,-0.13
-5.5774e-02,-0.38,-0.455
-5.5773e-02,-0.375,-0.105
-5.5771e-02,-0.29,-0.425
-5.5770e-02,-0.29,-0.13
-5.5768e-02,-0.355,-0.425
-5.5766e-02,-0.32,-0.13
-5.5765e-02,-0.275,-0.415
-5.5763e-02,-0.265,-0.145
-5.5762e-02,-0.325,-0.425
-5.5760e-02,-0.27,-0.13
-5.5758e-02,-0.315,-0.425
-5.5757e-02,-0.265,-0.125
-5.5755e-02,-0.345,-0.43
-5.5754e-02,-0.275,-0.125
-5.5752e-02,-0.355,-0.43
-5.5750e-02,-0.22,-0.13
-5.5749e-02,-0.255,-0.415
-5.5747e-02,-0.29,-0.14
-5.5746e-02,-0.32,-0.43
-5.5744e-02,-0.325,-0.12
-5.5742e-02,-0.3,-0.415
-5.5741e-02,-0.31,-0.135
-5.5739e-02,-0.28,-0.44
-5.5738e-02,-0.295,-0.11
-5.5736e-02,-0.24,-0.42
-5.5734e-02,-0.265,-0.13
-5.5733e-02,-0.23,-0.425
-5.5731e-02,-0.355,-0.125
-5.5730e-02,-0.31,-0.4
-5.5728e-02,-0.225,-0.15
-5.5726e-02,-0.245,-0.405
-5.5725e-02,-0.285,-0.145
-5.5723e-02,-0.335,-0.425
-5.5722e-02,-0.24,-0.125
-5.5720e-02,-0.355,-0.395
-5.5718e-02,-0.275,-0.155
-5.5717e-02,-0.36,-0.41
-5.5715e-02,-0.275,-0.135
-5.5714e-02,-0.265,-0.41
-5.5712e-02,-0.24,-0.14
-5.5710e-02,-0.28,-0.435
-5.5709e-02,-0.26,-0.12
-5.5707e-02,-0.205,-0.435
-5.5706e-02,-0.26,-0.125
-5.5704e-02,-0.27,-0.435
-5.5702e-02,-0.33,-0.115
-5.5701e-02,-0.305,-0.44
-5.5699e-02,-0.25,-0.115
-5.5698e-02,-0.315,-0.415
-5.5696e-02,-0.315,-0.135
-5.5694e-02,-0.235,-0.41
-5.5693e-02,-0.255,-0.145
-5.5691e-02,-0.28,-0.41
-5.5690e-02,-0.245,-0.14
-5.5688e-02,-0.295,-0.415
-5.5686e-02,-0.305,-0.135
-5.5685e-02,-0.245,-0.42
-5.5683e-02,-0.305,-0.125
-5.5682e-02,-0.29,-0.415
-5.5680e-02,-0.295,-0.14
-5.5678e-02,-0.29,-0.42
-5.5677e-02,-0.345,-0.135
-5.5675e-02,-0.38,-0.43
-5.5674e-02,-0.315,-0.125
-5.5672e-02,-0.365,-0.435
-5.5670e-02,-0.27,-0.11
-5.5669e-02,-0.35,-0.435
-5.5667e-02,-0.37,-0.12
-5.5666e-02,-0.33,-0.45
-5.5664e-02,-0.32,-0.1
-5.5662e-02,-0.34,-0.42
-5.5661e-02,-0.345,-0.13
-5.5659e-02,-0.315,-0.435
-5.5658e-02,-0.32,-0.115
-5.5656e-02,-0.275,-0.43
-5.5654e-02,-0.36,-0.12
-5.5653e-02,-0.33,-0.425
-5.5651e-02,-0.285,-0.125
-5.5650e-02,-0.28,-0.43
-5.5648e-02,-0.3,-0.125
-5.5646e-02,-0.23,-0.455
-5.5645e-02,-0.325,-0.1
-5.5643e-02,-0.29,-0.415
-5.5642e-02,-0.305,-0.135
-5.5640e-02,-0.305,-0.41
-5.5638e-02,-0.265,-0.145
-5.5637e-02,-0.255,-0.44
-5.5635e-02,-0.24,-0.11
-5.5634e-02,-0.23,-0.405
-5.5632e-02,-0.275,-0.14
-5.5630e-02,-0.28,-0.425
-5.5629e-02,-0.29,-0.125
-5.5627e-02,-0.245,-0.445
-5.5626e-02,-0.285,-0.105
-5.5624e-02,-0.29,-0.425
-5.5622e-02,-0.225,-0.12
-5.5621e-02,-0.28,-0.435
-5.5619e-02,-0.275,-0.115
-5.5618e-02,-0.31,-0.405
-5.5616e-02,-0.29,-0.14
-5.5614e-02,-0.27,-0.425
-5.5613e-02,-0.23,-0.125
-5.5611e-02,-0.32,-0.41
-5.5610e-02,-0.225,-0.14
-5.5608e-02,-0.27,-0.415
-5.5606e-02,-0.255,-0.13
-5.5605e-02,-0.31,-0.435
-5.5603e-02,-0.34,-0.11
-5.5602e-02,-0.3,-0.42
-5.5600e-02,-0.295,-0.13
-5.5598e-02,-0.345,-0.425
-5.5597e-02,-0.285,-0.115
-5.5595e-02,-0.265,-0.41
-5.5594e-02,-0.215,-0.135
-5.5592e-02,-0.22,-0.425
-5.5590e-02,-0.28,-0.12
-5.5589e-02,-0.3,-0.425
-5.5587e-02,-0.255,-0.12
-5.5586e-02,-0.23,-0.425
-5.5584e-02,-0.22,-0.12
-5.5582e-02,-0.2,-0.425
-5.5581e-02,-0.25,-0.125
-5.5579e-02,-0.255,-0.42
-5.5578e-02,-0.27,-0.125
-5.5576e-02,-0.285,-0.415
-5.5574e-02,-0.22,-0.135
-5.5573e-02,-0.23,-0.43
-5.5571e-02,-0.24,-0.12
-5.5570e-02,-0.23,-0.44
-5.5568e-02,-0.255,-0.11
-5.5566e-02,-0.3,-0.425
-5.5565e-02,-0.175,-0.115
-5.5563e-02,-0.28,-0.425
-5.5562e-02,-0.255,-0.12
-5.5560e-02,-0.225,-0.42
-5.5558e-02,-0.21,-0.13
-5.5557e-02,-0.225,-0.435
-5.5555e-02,-0.29,-0.105
-5.5554e-02,-0.27,-0.39
-5.5552e-02,-0.24,-0.145
-5.5550e-02,-0.265,-0.42
-5.5549e-02,-0.215,-0.125
-5.5547e-02,-0.265,-0.41
-5.5546e-02,-0.26,-0.125
-5.5544e-02,-0.235,-0.41
-5.5542e-02,-0.27,-0.135
-5.5541e-02,-0.34,-0.425
-5.5539e-02,-0.27,-0.115
-5.5538e-02,-0.25,-0.405
-5.5536e-02,-0.21,-0.135
-5.5534e-02,-0.255,-0.405
-5.5533e-02,-0.35,-0.135
-5.5531e-02,-0.285,-0.44
-5.5530e-02,-0.235,-0.1
-5.5528e-02,-0.365,-0.425
-5.5526e-02,-0.26,-0.105
-5.5525e-02,-0.305,-0.415
-5.5523e-02,-0.22,-0.12
-5.5522e-02,-0.205,-0.435
-5.5520e-02,-0.31,-0.1
-5.5518e-02,-0.285,-0.41
-5.5517e-02,-0.275,-0.13
-5.5515e-02,-0.32,-0.435
-5.5514e-02,-0.3,-0.11
-5.5512e-02,-0.26,-0.43
-5.5510e-02,-0.27,-0.11
-5.5509e-02,-0.175,-0.455
-5.5507e-02,-0.26,-0.09
-5.5506e-02,-0.27,-0.42
-5.5504e-02,-0.225,-0.115
-5.5502e-02,-0.235,-0.425
-5.5501e-02,-0.3,-0.115
-5.5499e-02,-0.3,-0.415
-5.5498e-02,-0.3,-0.125
-5.5496e-02,-0.14,-0.425
-5.5494e-02,-0.27,-0.115
-5.5493e-02,-0.265,-0.415
-5.5491e-02,-0.225,-0.115
-5.5490e-02,-0.27,-0.41
-5.5488e-02,-0.21,-0.125
-5.5486e-02,-0.265,-0.42
-5.5485e-02,-0.28,-0.115
-5.5483e-02,-0.205,-0.415
-5.5482e-02,-0.205,-0.12
-5.5480e-02,-0.245,-0.445
-5.5478e-02,-0.285,-0.105
-5.5477e-02,-0.315,-0.43
-5.5475e-02,-0.27,-0.115
-5.5474e-02,-0.185,-0.405
-5.5472e-02,-0.34,-0.13
-5.5470e-02,-0.235,-0.4
-5.5469e-02,-0.22,-0.135
-5.5467e-02,-0.275,-0.43
-5.5466e-02,-0.22,-0.105
-5.5464e-02,-0.285,-0.43
-5.5462e-02,-0.25,-0.11
-5.5461e-02,-0.195,-0.445
-5.5459e-02,-0.29,-0.095
-5.5458e-02,-0.22,-0.435
-5.5456e-02,-0.22,-0.11
-5.5454e-02,-0.29,-0.415
-5.5453e-02,-0.255,-0.12
-5.5451e-02,-0.365,-0.44
-5.5450e-02,-0.31,-0.1
-5.5448e-02,-0.22,-0.4
-5.5446e-02,-0.275,-0.135
-5.5445e-02,-0.27,-0.41
-5.5443e-02,-0.215,-0.12
-5.5442e-02,-0.26,-0.41
-5.5440e-02,-0.235,-0.125
-5.5438e-02,-0.31,-0.415
-5.5437e-02,-0.34,-0.115
-5.5435e-02,-0.24,-0.41
-5.5434e-02,-0.365,-0.12
-5.5432e-02,-0.26,-0.4
-5.5430e-02,-0.3,-0.135
-5.5429e-02,-0.24,-0.43
-5.5427e-02,-0.265,-0.11
-5.5426e-02,-0.29,-0.445
-5.5424e-02,-0.34,-0.09
-5.5422e-02,-0.25,-0.435
-5.5421e-02,-0.26,-0.11
-5.5419e-02,-0.285,-0.41
-5.5418e-02,-0.315,-0.12
-5.5416e-02,-0.295,-0.42
-5.5414e-02,-0.28,-0.115
-5.5413e-02,-0.345,-0.395
-5.5411e-02,-0.285,-0.135
-5.5410e-02,-0.23,-0.425
-5.5408e-02,-0.255,-0.105
-5.5406e-02,-0.195,-0.415
-5.5405e-02,-0.26,-0.115
-5.5403e-02,-0.25,-0.425
-5.5402e-02,-0.195,-0.11
-5.5400e-02,-0.32,-0.415
-5.5398e-02,-0.235,-0.12
-5.5397e-02,-0.17,-0.445
-5.5395e-02,-0.21,-0.075
-5.5394e-02,-0.14,-0.415
-5.5392e-02,-0.29,-0.11
-5.5390e-02,-0.21,-0.435
-5.5389e-02,-0.215,-0.1
-5.5387e-02,-0.305,-0.42
-5.5386e-02,-0.265,-0.115
-5.5384e-02,-0.295,-0.405
-5.5382e-02,-0.21,-0.13
-5.5381e-02,-0.22,-0.435
-5.5379e-02,-0.285,-0.095
-5.5378e-02,-0.285,-0.41
-5.5376e-02,-0.255,-0.12
-5.5374e-02,-0.275,-0.425
-5.5373e-02,-0.295,-0.105
-5.5371e-02,-0.315,-0.415
-5.5370e-02,-0.295,-0.11
-5.5368e-02,-0.2,-0.41
-5.5366e-02,-0.26,-0.12
-5.5365e-02,-0.29,-0.405
-5.5363e-02,-0.31,-0.115
-5.5362e-02,-0.275,-0.41
-5.5360e-02,-0.26,-0.12
-5.5358e-02,-0.335,-0.42
-5.5357e-02,-0.245,-0.1
-5.5355e-02,-0.24,-0.41
-5.5354e-02,-0.165,-0.115
-5.5352e-02,-0.25,-0.405
-5.5350e-02,-0.295,-0.12
-5.5349e-02,-0.17,-0.395
-5.5347e-02,-0.3,-0.125
-5.5346e-02,-0.24,-0.45
-5.5344e-02,-0.31,-0.075
-5.5342e-02,-0.295,-0.415
-5.5341e-02,-0.235,-0.115
-5.5339e-02,-0.35,-0.42
-5.5338e-02,-0.31,-0.1
-5.5336e-02,-0.29,-0.415
-5.5334e-02,-0.26,-0.11
-5.5333e-02,-0.265,-0.39
-5.5331e-02,-0.29,-0.135
-5.5330e-02,-0.355,-0.405
-5.5328e-02,-0.26,-0.115
-5.5326e-02,-0.3,-0.405
-5.5325e-02,-0.24,-0.115
-5.5323e-02,-0.3,-0.395
-5.5322e-02,-0.27,-0.13
-5.5320e-02,-0.19,-0.45
-5.5318e-02,-0.31,-0.07
-5.5317e-02,-0.26,-0.42
-5.5315e-02,-0.25,-0.11
-5.5314e-02,-0.285,-0.41
-5.5312e-02,-0.21,-0.105
-5.5310e-02,-0.29,-0.405
-5.5309e-02,-0.325,-0.115
-5.5307e-02,-0.205,-0.43
-5.5306e-02,-0.285,-0.095
-5.5304e-02,-0.26,-0.395
-5.5302e-02,-0.245,-0.125
-5.5301e-02,-0.23,-0.405
-5.5299e-02,-0.165,-0.12
-5.5298e-02,-0.25,-0.415
-5.5296e-02,-0.195,-0.105
-5.5294e-02,-0.27,-0.4
-5.5293e-02,-0.205,-0.12
-5.5291e-02,-0.26,-0.435
-5.5290e-02,-0.25,-0.09
-5.5288e-02,-0.2,-0.405
-5.5286e-02,-0.225,-0.115
-5.5285e-02,-0.24,-0.41
-5.5283e-02,-0.23,-0.115
-5.5282e-02,-0.27,-0.415
-5.5280e-02,-0.195,-0.1
-5.5278e-02,-0.26,-0.42
-5.5277e-02,-0.205,-0.105
-5.5275e-02,-0.24,-0.405
-5.5274e-02,-0.205,-0.115
-5.5272e-02,-0.21,-0.415
-5.5270e-02,-0.22,-0.105
-5.5269e-02,-0.28,-0.43
-5.5267e-02,-0.18,-0.095
-5.5266e-02,-0.33,-0.395
-5.5264e-02,-0.27,-0.13
-5.5262e-02,-0.3,-0.395
-5.5261e-02,-0.305,-0.125
-5.5259e-02,-0.275,-0.395
-5.5258e-02,-0.31,-0.13
-5.5256e-02,-0.275,-0.41
-5.5254e-02,-0.295,-0.11
-5.5253e-02,-0.27,-0.405
-5.5251e-02,-0.29,-0.105
-5.5250e-02,-0.315,-0.4
-5.5248e-02,-0.245,-0.12
-5.5246e-02,-0.2,-0.415
-5.5245e-02,-0.275,-0.105
-5.5243e-02,-0.225,-0.41
-5.5242e-02,-0.29,-0.105
-5.5240e-02,-0.24,-0.4
-5.5238e-02,-0.22,-0.12
-5.5237e-02,-0.33,-0.39
-5.5235e-02,-0.165,-0.125
-5.5234e-02,-0.17,-0.43
-5.5232e-02,-0.24,-0.085
-5.5230e-02,-0.25,-0.415
-5.5229e-02,-0.27,-0.105
-5.5227e-02,-0.28,-0.405
-5.5226e-02,-0.265,-0.115
-5.5224e-02,-0.345,-0.385
-5.5222e-02,-0.23,-0.13
-5.5221e-02,-0.285,-0.41
-5.5219e-02,-0.205,-0.105
-5.5218e-02,-0.245,-0.435
-5.5216e-02,-0.295,-0.08
-5.5214e-02,-0.29,-0.41
-5.5213e-02,-0.24,-0.1
-5.5211e-02,-0.28,-0.4
-5.5210e-02,-0.29,-0.105
-5.5208e-02,-0.345,-0.425
-5.5206e-02,-0.215,-0.09
-5.5205e-02,-0.21,-0.395
-5.5203e-02,-0.27,-0.11
-5.5202e-02,-0.285,-0.41
-5.5200e-02,-0.195,-0.105
-5.5198e-02,-0.245,-0.4
-5.5197e-02,-0.245,-0.105
-5.5195e-02,-0.325,-0.4
-5.5194e-02,-0.205,-0.105
-5.5192e-02,-0.205,-0.46
-5.5190e-02,-0.25,-0.055
-5.5189e-02,-0.235,-0.4
-5.5187e-02,-0.26,-0.115
-5.5186e-02,-0.255,-0.415
-5.5184e-02,-0.215,-0.1
-5.5182e-02,-0.32,-0.415
-5.5181e-02,-0.275,-0.09
-5.5179e-02,-0.17,-0.42
-5.5178e-02,-0.24,-0.085
-5.5176e-02,-0.185,-0.415
-5.5174e-02,-0.345,-0.095
-5.5173e-02,-0.2,-0.4
-5.5171e-02,-0.195,-0.105
-5.5170e-02,-0.245,-0.425
-5.5168e-02,-0.25,-0.085
-5.5166e-02,-0.26,-0.425
-5.5165e-02,-0.185,-0.08
-5.5163e-02,-0.16,-0.395
-5.5162e-02,-0.25,-0.11
-5.5160e-02,-0.24,-0.395
-5.5158e-02,-0.24,-0.11
-5.5157e-02,-0.23,-0.41
-5.5155e-02,-0.27,-0.1
-5.5154e-02,-0.325,-0.41
-5.5152e-02,-0.28,-0.09
-5.5150e-02,-0.235,-0.4
-5.5149e-02,-0.235,-0.11
-5.5147e-02,-0.23,-0.395
-5.5146e-02,-0.23,-0.105
-5.5144e-02,-0.17,-0.415
-5.5142e-02,-0.185,-0.1
-5.5141e-02,-0.3,-0.415
-5.5139e-02,-0.275,-0.1
-5.5138e-02,-0.3,-0.41
-5.5136e-02,-0.21,-0.105
-5.5134e-02,-0.295,-0.395
-5.5133e-02,-0.27,-0.115
-5.5131e-02,-0.21,-0.4
-5.5130e-02,-0.255,-0.11
-5.5128e-02,-0.24,-0.42
-5.5126e-02,-0.315,-0.085
-5.5125e-02,-0.26,-0.415
-5.5123e-02,-0.15,-0.09
-5.5122e-02,-0.24,-0.41
-5.5120e-02,-0.205,-0.105
-5.5118e-02,-0.245,-0.41
-5.5117e-02,-0.23,-0.095
-5.5115e-02,-0.25,-0.41
-5.5114e-02,-0.255,-0.095
-5.5112e-02,-0.32,-0.42
-5.5110e-02,-0.29,-0.085
-5.5109e-02,-0.17,-0.415
-5.5107e-02,-0.31,-0.095
-5.5106e-02,-0.24,-0.41
-5.5104e-02,-0.22,-0.1
-5.5102e-02,-0.225,-0.4
-5.5101e-02,-0.17,-0.105
-5.5099e-02,-0.225,-0.4
-5.5098e-02,-0.28,-0.1
-5.5096e-02,-0.16,-0.435
-5.5094e-02,-0.26,-0.07
-5.5093e-02,-0.205,-0.415
-5.5091e-02,-0.2,-0.09
-5.5090e-02,-0.255,-0.425
-5.5088e-02,-0.225,-0.085
-5.5086e-02,-0.29,-0.405
-5.5085e-02,-0.28,-0.1
-5.5083e-02,-0.255,-0.405
-5.5082e-02,-0.245,-0.105
-5.5080e-02,-0.29,-0.395
-5.5078e-02,-0.265,-0.11
-5.5077e-02,-0.285,-0.41
-5.5075e-02,-0.21,-0.095
-5.5074e-02,-0.275,-0.415
-5.5072e-02,-0.18,-0.09
-5.5070e-02,-0.145,-0.415
-5.5069e-02,-0.225,-0.085
-5.5067e-02,-0.285,-0.42
-5.5066e-02,-0.26,-0.085
-5.5064e-02,-0.28,-0.435
-5.5062e-02,-0.275,-0.06
-5.5061e-02,-0.295,-0.4
-5.5059e-02,-0.355,-0.1
-5.5058e-02,-0.175,-0.42
-5.5056e-02,-0.225,-0.085
-5.5054e-02,-0.235,-0.405
-5.5053e-02,-0.21,-0.095
-5.5051e-02,-0.23,-0.41
-5.5050e-02,-0.15,-0.09
-5.5048e-02,-0.24,-0.415
-5.5046e-02,-0.255,-0.075
-5.5045e-02,-0.165,-0.43
-5.5043e-02,-0.21,-0.07
-5.5042e-02,-0.21,-0.39
-5.5040e-02,-0.23,-0.1
-5.5038e-02,-0.235,-0.395
-5.5037e-02,-0.21,-0.1
-5.5035e-02,-0.32,-0.395
-5.5034e-02,-0.355,-0.1
-5.5032e-02,-0.3,-0.39
-5.5030e-02,-0.285,-0.105
-5.5029e-02,-0.22,-0.44
-5.5027e-02,-0.33,-0.06
-5.5026e-02,-0.26,-0.435
-5.5024e-02,-0.245,-0.06
-5.5022e-02,-0.26,-0.41
-5.5021e-02,-0.285,-0.09
-5.5019e-02,-0.285,-0.43
-5.5018e-02,-0.24,-0.06
-5.5016e-02,-0.21,-0.43
-5.5014e-02,-0.265,-0.07
-5.5013e-02,-0.265,-0.41
-5.5011e-02,-0.19,-0.085
-5.5010e-02,-0.185,-0.42
-5.5008e-02,-0.195,-0.075
-5.5006e-02,-0.215,-0.41
-5.5005e-02,-0.22,-0.08
-5.5003e-02,-0.18,-0.4
-5.5002e-02,-0.22,-0.09
-5.5000e-02,-0.25,-0.4
-5.4998e-02,-0.175,-0.085
-5.4997e-02,-0.22,-0.41
-5.4995e-02,-0.175,-0.08
-5.4994e-02,-0.275,-0.42
-5.4992e-02,-0.235,-0.07
-5.4990e-02,-0.235,-0.4
-5.4989e-02,-0.3,-0.085
-5.4987e-02,-0.245,-0.41
-5.4986e-02,-0.28,-0.09
-5.4984e-02,-0.235,-0.4
-5.4982e-02,-0.27,-0.09
-5.4981e-02,-0.195,-0.4
-5.4979e-02,-0.24,-0.085
-5.4978e-02,-0.215,-0.415
-5.4976e-02,-0.3,-0.065
-5.4974e-02,-0.25,-0.405
-5.4973e-02,-0.22,-0.09
-5.4971e-02,-0.205,-0.4
-5.4970e-02,-0.225,-0.095
-5.4968e-02,-0.22,-0.4
-5.4966e-02,-0.29,-0.09
-5.4965e-02,-0.27,-0.395
-5.4963e-02,-0.33,-0.095
-5.4962e-02,-0.29,-0.375
-5.4960e-02,-0.225,-0.11
-5.4958e-02,-0.215,-0.405
-5.4957e-02,-0.215,-0.08
-5.4955e-02,-0.34,-0.43
-5.4954e-02,-0.265,-0.06
-5.4952e-02,-0.275,-0.405
-5.4950e-02,-0.28,-0.08
-5.4949e-02,-0.32,-0.39
-5.4947e-02,-0.285,-0.095
-5.4946e-02,-0.215,-0.405
-5.4944e-02,-0.245,-0.085
-5.4942e-02,-0.245,-0.405
-5.4941e-02,-0.31,-0.085
-5.4939e-02,-0.205,-0.44
-5.4938e-02,-0.225,-0.055
-5.4936e-02,-0.315,-0.41
-5.4934e-02,-0.235,-0.085
-5.4933e-02,-0.275,-0.405
-5.4931e-02,-0.195,-0.09
-5.4930e-02,-0.24,-0.405
-5.4928e-02,-0.235,-0.085
-5.4926e-02,-0.185,-0.4
-5.4925e-02,-0.23,-0.095
-5.4923e-02,-0.22,-0.39
-5.4922e-02,-0.29,-0.09
-5.4920e-02,-0.29,-0.4
-5.4918e-02,-0.225,-0.075
-5.4917e-02,-0.33,-0.375
-5.4915e-02,-0.305,-0.115
-5.4914e-02,-0.325,-0.375
-5.4912e-02,-0.265,-0.115
-5.4910e-02,-0.205,-0.385
-5.4909e-02,-0.335,-0.095
-5.4907e-02,-0.23,-0.39
-5.4906e-02,-0.195,-0.095
-5.4904e-02,-0.235,-0.41
-5.4902e-02,-0.235,-0.08
-5.4901e-02,-0.335,-0.395
-5.4899e-02,-0.255,-0.09
-5.4898e-02,-0.135,-0.375
-5.4896e-02,-0.295,-0.11
-5.4894e-02,-0.185,-0.405
-5.4893e-02,-0.345,-0.08
-5.4891e-02,-0.2,-0.395
-5.4890e-02,-0.27,-0.085
-5.4888e-02,-0.325,-0.41
-5.4886e-02,-0.195,-0.08
-5.4885e-02,-0.165,-0.39
-5.4883e-02,-0.245,-0.105
-5.4882e-02,-0.19,-0.385
-5.4880e-02,-0.345,-0.09
-5.4878e-02,-0.21,-0.405
-5.4877e-02,-0.29,-0.08
-5.4875e-02,-0.28,-0.395
-5.4874e-02,-0.19,-0.085
-5.4872e-02,-0.225,-0.395
-5.4870e-02,-0.25,-0.09
-5.4869e-02,-0.245,-0.41
-5.4867e-02,-0.305,-0.07
-5.4866e-02,-0.215,-0.41
-5.4864e-02,-0.295,-0.085
-5.4862e-02,-0.21,-0.395
-5.4861e-02,-0.215,-0.085
-5.4859e-02,-0.195,-0.405
-5.4858e-02,-0.15,-0.075
-5.4856e-02,-0.25,-0.395
-5.4854e-02,-0.275,-0.09
-5.4853e-02,-0.21,-0.43
-5.4851e-02,-0.38,-0.045
-5.4850e-02,-0.265,-0.44
-5.4848e-02,-0.31,-0.04
-5.4846e-02,-0.27,-0.4
-5.4845e-02,-0.155,-0.085
-5.4843e-02,-0.235,-0.38
-5.4842e-02,-0.12,-0.105
-5.4840e-02,-0.195,-0.395
-5.4838e-02,-0.225,-0.085
-5.4837e-02,-0.11,-0.4
-5.4835e-02,-0.255,-0.085
-5.4834e-02,-0.235,-0.385
-5.4832e-02,-0.175,-0.09
-5.4830e-02,-0.29,-0.405
-5.4829e-02,-0.195,-0.07
-5.4827e-02,-0.24,-0.38
-5.4826e-02,-0.275,-0.095
-5.4824e-02,-0.215,-0.395
-5.4822e-02,-0.295,-0.075
-5.4821e-02,-0.245,-0.405
-5.4819e-02,-0.235,-0.08
-5.4818e-02,-0.18,-0.395
-5.4816e-02,-0.205,-0.09
-5.4814e-02,-0.255,-0.37
-5.4813e-02,-0.225,-0.105
-5.4811e-02,-0.215,-0.39
-5.4810e-02,-0.25,-0.09
-5.4808e-02,-0.24,-0.385
-5.4806e-02,-0.205,-0.095
-5.4805e-02,-0.255,-0.385
-5.4803e-02,-0.225,-0.09
-5.4802e-02,-0.255,-0.385
-5.4800e-02,-0.29,-0.095
-5.4798e-02,-0.155,-0.41
-5.4797e-02,-0.215,-0.07
-5.4795e-02,-0.26,-0.41
-5.4794e-02,-0.23,-0.08
-5.4792e-02,-0.35,-0.405
-5.4790e-02,-0.24,-0.065
-5.4789e-02,-0.295,-0.395
-5.4787e-02,-0.33,-0.085
-5.4786e-02,-0.235,-0.4
-5.4784e-02,-0.335,-0.075
-5.4782e-02,-0.205,-0.41
-5.4781e-02,-0.165,-0.07
-5.4779e-02,-0.225,-0.39
-5.4778e-02,-0.155,-0.08
-5.4776e-02,-0.155,-0.415
-5.4774e-02,-0.215,-0.065
-5.4773e-02,-0.125,-0.405
-5.4771e-02,-0.305,-0.065
-5.4770e-02,-0.2,-0.4
-5.4768e-02,-0.275,-0.07
-5.4766e-02,-0.265,-0.38
-5.4765e-02,-0.2,-0.09
-5.4763e-02,-0.24,-0.395
-5.4762e-02,-0.17,-0.085
-5.4760e-02,-0.145,-0.405
-5.4758e-02,-0.165,-0.075
-5.4757e-02,-0.18,-0.385
-5.4755e-02,-0.2,-0.085
-5.4754e-02,-0.155,-0.4
-5.4752e-02,-0.24,-0.07
-5.4750e-02,-0.205,-0.41
-5.4749e-02,-0.275,-0.065
-5.4747e-02,-0.265,-0.38
-5.4746e-02,-0.26,-0.09
-5.4744e-02,-0.19,-0.38
-5.4742e-02,-0.32,-0.09
-5.4741e-02,-0.165,-0.38
-5.4739e-02,-0.215,-0.09
-5.4738e-02,-0.18,-0.39
-5.4736e-02,-0.105,-0.075
-5.4734e-02,-0.235,-0.385
-5.4733e-02,-0.19,-0.08
-5.4731e-02,-0.16,-0.395
-5.4730e-02,-0.215,-0.07
-5.4728e-02,-0.235,-0.375
-5.4726e-02,-0.25,-0.095
-5.4725e-02,-0.195,-0.39
-5.4723e-02,-0.255,-0.075
-5.4722e-02,-0.22,-0.385
-5.4720e-02,-0.29,-0.08
-5.4718e-02,-0.26,-0.4
-5.4717e-02,-0.18,-0.065
-5.4715e-02,-0.235,-0.4
-5.4714e-02,-0.21,-0.055
-5.4712e-02,-0.205,-0.405
-5.4710e-02,-0.14,-0.065
-5.4709e-02,-0.21,-0.39
-5.4707e-02,-0.23,-0.08
-5.4706e-02,-0.23,-0.385
-5.4704e-02,-0.27,-0.075
-5.4702e-02,-0.2,-0.39
-5.4701e-02,-0.22,-0.07
-5.4699e-02,-0.28,-0.375
-5.4698e-02,-0.28,-0.09
-5.4696e-02,-0.19,-0.4
-5.4694e-02,-0.26,-0.06
-5.4693e-02,-0.295,-0.395
-5.4691e-02,-0.3,-0.07
-5.4690e-02,-0.27,-0.38
-5.4688e-02,-0.175,-0.085
-5.4686e-02,-0.22,-0.395
-5.4685e-02,-0.21,-0.075
-5.4683e-02,-0.215,-0.395
-5.4682e-02,-0.175,-0.075
-5.4680e-02,-0.21,-0.4
-5.4678e-02,-0.15,-0.065
-5.4677e-02,-0.315,-0.4
-5.4675e-02,-0.225,-0.06
-5.4674e-02,-0.17,-0.44
-5.4672e-02,-0.3,-0.04
-5.4670e-02,-0.35,-0.415
-5.4669e-02,-0.21,-0.05
-5.4667e-02,-0.23,-0.385
-5.4666e-02,-0.215,-0.075
-5.4664e-02,-0.235,-0.36
-5.4662e-02,-0.23,-0.105
-5.4661e-02,-0.155,-0.38
-5.4659e-02,-0.225,-0.085
-5.4658e-02,-0.2,-0.38
-5.4656e-02,-0.29,-0.09
-5.4654e-02,-0.33,-0.375
-5.4653e-02,-0.195,-0.085
-5.4651e-02,-0.34,-0.37
-5.4650e-02,-0.245,-0.095
-5.4648e-02,-0.205,-0.395
-5.4646e-02,-0.18,-0.075
-5.4645e-02,-0.23,-0.42
-5.4643e-02,-0.3,-0.045
-5.4642e-02,-0.225,-0.41
-5.4640e-02,-0.245,-0.06
-5.4638e-02,-0.19,-0.38
-5.4637e-02,-0.215,-0.085
-5.4635e-02,-0.3,-0.375
-5.4634e-02,-0.17,-0.08
-5.4632e-02,-0.08,-0.39
-5.4630e-02,-0.215,-0.07
-5.4629e-02,-0.18,-0.42
-5.4627e-02,-0.285,-0.04
-5.4626e-02,-0.15,-0.415
-5.4624e-02,-0.285,-0.04
-5.4622e-02,-0.255,-0.42
-5.4621e-02,-0.33,-0.045
-5.4619e-02,-0.295,-0.4
-5.4618e-02,-0.185,-0.06
-5.4616e-02,-0.26,-0.37
-5.4614e-02,-0.32,-0.09
-5.4613e-02,-0.16,-0.4
-5.4611e-02,-0.195,-0.055
-5.4610e-02,-0.225,-0.385
-5.4608e-02,-0.26,-0.07
-5.4606e-02,-0.185,-0.385
-5.4605e-02,-0.245,-0.07
-5.4603e-02,-0.22,-0.4
-5.4602e-02,-0.295,-0.065
-5.4600e-02,-0.28,-0.375
-5.4598e-02,-0.17,-0.08
-5.4597e-02,-0.245,-0.395
-5.4595e-02,-0.305,-0.06
-5.4594e-02,-0.245,-0.405
-5.4592e-02,-0.17,-0.055
-5.4590e-02,-0.235,-0.375
-5.4589e-02,-0.19,-0.075
-5.4587e-02,-0.305,-0.39
-5.4586e-02,-0.225,-0.07
-5.4584e-02,-0.24,-0.41
-5.4582e-02,-0.18,-0.05
-5.4581e-02,-0.22,-0.375
-5.4579e-02,-0.245,-0.08
-5.4578e-02,-0.19,-0.37
-5.4576e-02,-0.16,-0.085
-5.4574e-02,-0.27,-0.385
-5.4573e-02,-0.225,-0.06
-5.4571e-02,-0.205,-0.38
-5.4570e-02,-0.255,-0.07
-5.4568e-02,-0.205,-0.385
-5.4566e-02,-0.31,-0.06
-5.4565e-02,-0.225,-0.385
-5.4563e-02,-0.1,-0.065
-5.4562e-02,-0.165,-0.365
-5.4560e-02,-0.245,-0.085
-5.4558e-02,-0.17,-0.4
-5.4557e-02,-0.28,-0.045
-5.4555e-02,-0.165,-0.38
-5.4554e-02,-0.325,-0.07
-5.4552e-02,-0.285,-0.4
-5.4550e-02,-0.125,-0.055
-5.4549e-02,-0.27,-0.4
-5.4547e-02,-0.25,-0.05
-5.4546e-02,-0.345,-0.42
-5.4544e-02,-0.315,-0.025
-5.4542e-02,-0.165,-0.395
-5.4541e-02,-0.25,-0.06
-5.4539e-02,-0.24,-0.395
-5.4538e-02,-0.21,-0.045
-5.4536e-02,-0.225,-0.405
-5.4534e-02,-0.18,-0.05
-5.4533e-02,-0.24,-0.395
-5.4531e-02,-0.245,-0.05
-5.4530e-02,-0.165,-0.375
-5.4528e-02,-0.135,-0.075
-5.4526e-02,-0.13,-0.395
-5.4525e-02,-0.195,-0.055
-5.4523e-02,-0.175,-0.375
-5.4522e-02,-0.21,-0.075
-5.4520e-02,-0.13,-0.39
-5.4518e-02,-0.26,-0.06
-5.4517e-02,-0.265,-0.375
-5.4515e-02,-0.27,-0.07
-5.4514e-02,-0.21,-0.385
-5.4512e-02,-0.22,-0.07
-5.4510e-02,-0.255,-0.39
-5.4509e-02,-0.285,-0.065
-5.4507e-02,-0.12,-0.37
-5.4506e-02,-0.22,-0.08
-5.4504e-02,-0.22,-0.38
-5.4502e-02,-0.25,-0.07
-5.4501e-02,-0.185,-0.405
-5.4499e-02,-0.155,-0.04
-5.4498e-02,-0.225,-0.375
-5.4496e-02,-0.22,-0.07
-5.4494e-02,-0.225,-0.395
-5.4493e-02,-0.21,-0.05
-5.4491e-02,-0.29,-0.43
-5.4490e-02,-0.3,-0.02
-5.4488e-02,-0.295,-0.4
-5.4486e-02,-0.27,-0.045
-5.4485e-02,-0.14,-0.375
-5.4483e-02,-0.24,-0.07
-5.4482e-02,-0.205,-0.36
-5.4480e-02,-0.245,-0.095
-5.4478e-02,-0.225,-0.405
-5.4477e-02,-0.24,-0.04
-5.4475e-02,-0.185,-0.385
-5.4474e-02,-0.26,-0.06
-5.4472e-02,-0.235,-0.385
-5.4470e-02,-0.18,-0.07
-5.4469e-02,-0.19,-0.38
-5.4467e-02,-0.16,-0.06
-5.4466e-02,-0.18,-0.375
-5.4464e-02,-0.225,-0.06
-5.4462e-02,-0.225,-0.375
-5.4461e-02,-0.26,-0.075
-5.4459e-02,-0.19,-0.38
-5.4458e-02,-0.165,-0.06
-5.4456e-02,-0.15,-0.375
-5.4454e-02,-0.255,-0.06
-5.4453e-02,-0.22,-0.375
-5.4451e-02,-0.335,-0.065
-5.4450e-02,-0.25,-0.365
-5.4448e-02,-0.18,-0.075
-5.4446e-02,-0.195,-0.375
-5.4445e-02,-0.195,-0.065
-5.4443e-02,-0.235,-0.38
-5.4442e-02,-0.22,-0.055
-5.4440e-02,-0.24,-0.4
-5.4438e-02,-0.225,-0.035
-5.4437e-02,-0.23,-0.365
-5.4435e-02,-0.18,-0.065
-5.4434e-02,-0.105,-0.375
-5.4432e-02,-0.16,-0.06
-5.4430e-02,-0.195,-0.435
-5.4429e-02,-0.23,-0.005
-5.4427e-02,-0.27,-0.4
-5.4426e-02,-0.205,-0.045
-5.4424e-02,-0.23,-0.395
-5.4422e-02,-0.235,-0.04
-5.4421e-02,-0.265,-0.38
-5.4419e-02,-0.175,-0.06
-5.4418e-02,-0.18,-0.375
-5.4416e-02,-0.16,-0.065
-5.4414e-02,-0.225,-0.38
-5.4413e-02,-0.24,-0.055
-5.4411e-02,-0.17,-0.365
-5.4410e-02,-0.25,-0.07
-5.4408e-02,-0.19,-0.37
-5.4406e-02,-0.28,-0.06
-5.4405e-02,-0.26,-0.37
-5.4403e-02,-0.225,-0.065
-5.4402e-02,-0.23,-0.435
-5.4400e-02,-0.33,-0.01
-5.4398e-02,-0.27,-0.39
-5.4397e-02,-0.185,-0.04
-5.4395e-02,-0.215,-0.405
-5.4394e-02,-0.17,-0.03
-5.4392e-02,-0.23,-0.385
-5.4390e-02,-0.175,-0.05
-5.4389e-02,-0.185,-0.4
-5.4387e-02,-0.17,-0.035
-5.4386e-02,-0.315,-0.375
-5.4384e-02,-0.26,-0.055
-5.4382e-02,-0.25,-0.37
-5.4381e-02,-0.21,-0.065
-5.4379e-02,-0.23,-0.365
-5.4378e-02,-0.29,-0.07
-5.4376e-02,-0.245,-0.38
-5.4374e-02,-0.22,-0.06
-5.4373e-02,-0.285,-0.39
-5.4371e-02,-0.265,-0.04
-5.4370e-02,-0.275,-0.4
-5.4368e-02,-0.215,-0.04
-5.4366e-02,-0.23,-0.395
-5.4365e-02,-0.13,-0.035
-5.4363e-02,-0.19,-0.395
-5.4362e-02,-0.135,-0.035
-5.4360e-02,-0.175,-0.385
-5.4358e-02,-0.13,-0.05
-5.4357e-02,-0.115,-0.38
-5.4355e-02,-0.27,-0.05
-5.4354e-02,-0.15,-0.41
-5.4352e-02,-0.29,-0.03
-5.4350e-02,-0.165,-0.41
-5.4349e-02,-0.195,-0.025
-5.4347e-02,-0.2,-0.385
-5.4346e-02,-0.235,-0.04
-5.4344e-02,-0.19,-0.385
-5.4342e-02,-0.195,-0.05
-5.4341e-02,-0.195,-0.36
-5.4339e-02,-0.23,-0.075
-5.4338e-02,-0.34,-0.365
-5.4336e-02,-0.215,-0.075
-5.4334e-02,-0.26,-0.38
-5.4333e-02,-0.175,-0.045
-5.4331e-02,-0.24,-0.375
-5.4330e-02,-0.22,-0.065
-5.4328e-02,-0.18,-0.375
-5.4326e-02,-0.155,-0.055
-5.4325e-02,-0.21,-0.375
-5.4323e-02,-0.215,-0.055
-5.4322e-02,-0.235,-0.38
-5.4320e-02,-0.12,-0.055
-5.4318e-02,-0.11,-0.37
-5.4317e-02,-0.125,-0.06
-5.4315e-02,-0.185,-0.365
-5.4314e-02,-0.24,-0.065
-5.4312e-02,-0.175,-0.36
-5.4310e-02,-0.185,-0.06
-5.4309e-02,-0.23,-0.4
-5.4307e-02,-0.17,-0.025
-5.4306e-02,-0.245,-0.41
-5.4304e-02,-0.125,-0.015
-5.4302e-02,-0.195,-0.395
-5.4301e-02,-0.185,-0.03
-5.4299e-02,-0.255,-0.37
-5.4298e-02,-0.23,-0.055
-5.4296e-02,-0.23,-0.38
-5.4294e-02,-0.25,-0.045
-5.4293e-02,-0.17,-0.37
-5.4291e-02,-0.235,-0.055
-5.4290e-02,-0.165,-0.37
-5.4288e-02,-0.17,-0.05
-5.4286e-02,-0.16,-0.365
-5.4285e-02,-0.11,-0.06
-5.4283e-02,-0.175,-0.375
-5.4282e-02,-0.145,-0.05
-5.4280e-02,-0.145,-0.37
-5.4278e-02,-0.13,-0.05
-5.4277e-02,-0.21,-0.395
-5.4275e-02,-0.19,-0.03
-5.4274e-02,-0.28,-0.345
-5.4272e-02,-0.14,-0.075
-5.4270e-02,-0.26,-0.375
-5.4269e-02,-0.165,-0.05
-5.4267e-02,-0.245,-0.385
-5.4266e-02,-0.2,-0.03
-5.4264e-02,-0.15,-0.405
-5.4262e-02,-0.21,-0.015
-5.4261e-02,-0.2,-0.37
-5.4259e-02,-0.275,-0.045
-5.4258e-02,-0.26,-0.35
-5.4256e-02,-0.18,-0.07
-5.4254e-02,-0.23,-0.38
-5.4253e-02,-0.21,-0.03
-5.4251e-02,-0.18,-0.365
-5.4250e-02,-0.18,-0.05
-5.4248e-02,-0.17,-0.385
-5.4246e-02,-0.285,-0.025
-5.4245e-02,-0.28,-0.355
-5.4243e-02,-0.165,-0.075
-5.4242e-02,-0.115,-0.385
-5.4240e-02,-0.18,-0.03
-5.4238e-02,-0.215,-0.37
-5.4237e-02,-0.215,-0.055
-5.4235e-02,-0.2,-0.4
-5.4234e-02,-0.23,-0.025
-5.4232e-02,-0.315,-0.395
-5.4230e-02,-0.245,-0.025
-5.4229e-02,-0.205,-0.345
-5.4227e-02,-0.2,-0.075
-5.4226e-02,-0.255,-0.375
-5.4224e-02,-0.285,-0.04
-5.4222e-02,-0.225,-0.385
-5.4221e-02,-0.22,-0.045
-5.4219e-02,-0.205,-0.36
-5.4218e-02,-0.25,-0.05
-5.4216e-02,-0.21,-0.355
-5.4214e-02,-0.22,-0.065
-5.4213e-02,-0.135,-0.36
-5.4211e-02,-0.21,-0.05
-5.4210e-02,-0.24,-0.35
-5.4208e-02,-0.185,-0.07
-5.4206e-02,-0.225,-0.37
-5.4205e-02,-0.115,-0.045
-5.4203e-02,-0.2,-0.38
-5.4202e-02,-0.16,-0.035
-5.4200e-02,-0.215,-0.355
-5.4198e-02,-0.175,-0.065
-5.4197e-02,-0.265,-0.35
-5.4195e-02,-0.295,-0.065
-5.4194e-02,-0.24,-0.35
-5.4192e-02,-0.25,-0.07
-5.4190e-02,-0.16,-0.36
-5.4189e-02,-0.205,-0.055
-5.4187e-02,-0.195,-0.37
-5.4186e-02,-0.14,-0.055
-5.4184e-02,-0.19,-0.355
-5.4182e-02,-0.225,-0.055
-5.4181e-02,-0.21,-0.38
-5.4179e-02,-0.165,-0.035
-5.4178e-02,-0.245,-0.375
-5.4176e-02,-0.17,-0.04
-5.4174e-02,-0.275,-0.355
-5.4173e-02,-0.195,-0.065
-5.4171e-02,-0.185,-0.36
-5.4170e-02,-0.185,-0.06
-5.4168e-02,-0.135,-0.365
-5.4166e-02,-0.205,-0.05
-5.4165e-02,-0.23,-0.365
-5.4163e-02,-0.255,-0.045
-5.4162e-02,-0.27,-0.375
-5.4160e-02,-0.2,-0.035
-5.4158e-02,-0.16,-0.37
-5.4157e-02,-0.225,-0.05
-5.4155e-02,-0.135,-0.38
-5.4154e-02,-0.15,-0.035
-5.4152e-02,-0.225,-0.345
-5.4150e-02,-0.23,-0.065
-5.4149e-02,-0.335,-0.34
-5.4147e-02,-0.22,-0.07
-5.4146e-02,-0.165,-0.365
-5.4144e-02,-0.2,-0.04
-5.4142e-02,-0.145,-0.37
-5.4141e-02,-0.17,-0.035
-5.4139e-02,-0.105,-0.37
-5.4138e-02,-0.135,-0.04
-5.4136e-02,-0.245,-0.38
-5.4134e-02,-0.23,-0.03
-5.4133e-02,-0.115,-0.36
-5.4131e-02,-0.165,-0.04
-5.4130e-02,-0.12,-0.37
-5.4128e-02,-0.305,-0.04
-5.4126e-02,-0.205,-0.36
-5.4125e-02,-0.155,-0.05
-5.4123e-02,-0.165,-0.345
-5.4122e-02,-0.215,-0.06
-5.4120e-02,-0.185,-0.385
-5.4118e-02,-0.155,-0.025
-5.4117e-02,-0.19,-0.365
-5.4115e-02,-0.2,-0.04
-5.4114e-02,-0.22,-0.345
-5.4112e-02,-0.29,-0.06
-5.4110e-02,-0.105,-0.355
-5.4109e-02,-0.245,-0.045
-5.4107e-02,-0.17,-0.35
-5.4106e-02,-0.215,-0.055
-5.4104e-02,-0.225,-0.36
-5.4102e-02,-0.145,-0.04
-5.4101e-02,-0.21,-0.365
-5.4099e-02,-0.245,-0.035
-5.4098e-02,-0.275,-0.365
-5.4096e-02,-0.205,-0.035
-5.4094e-02,-0.28,-0.385
-5.4093e-02,-0.245,-0.015
-5.4091e-02,-0.28,-0.375
-5.4090e-02,-0.305,-0.03
-5.4088e-02,-0.235,-0.34
-5.4086e-02,-0.28,-0.055
-5.4085e-02,-0.26,-0.36
-5.4083e-02,-0.235,-0.04
-5.4082e-02,-0.24,-0.355
-5.4080e-02,-0.26,-0.045
-5.4078e-02,-0.155,-0.35
-5.4077e-02,-0.205,-0.05
-5.4075e-02,-0.175,-0.38
-5.4074e-02,-0.115,-0.035
-5.4072e-02,-0.165,-0.345
-5.4070e-02,-0.1,-0.05
-5.4069e-02,-0.095,-0.355
-5.4067e-02,-0.23,-0.045
-5.4066e-02,-0.175,-0.35
-5.4064e-02,-0.14,-0.05
-5.4062e-02,-0.19,-0.375
-5.4061e-02,-0.155,-0.03
-5.4059e-02,-0.27,-0.345
-5.4058e-02,-0.15,-0.05
-5.4056e-02,-0.17,-0.355
-5.4054e-02,-0.125,-0.05
-5.4053e-02,-0.21,-0.385
-5.4051e-02,-0.255,-0.02
-5.4050e-02,-0.2,-0.37
-5.4048e-02,-0.265,-0.035
-5.4046e-02,-0.18,-0.375
-5.4045e-02,-0.265,-0.025
-5.4043e-02,-0.215,-0.355
-5.4042e-02,-0.08,-0.05
-5.4040e-02,-0.195,-0.38
-5.4038e-02,-0.13,-0.02
-5.4037e-02,-0.26,-0.345
-5.4035e-02,-0.235,-0.05
-5.4034e-02,-0.13,-0.35
-5.4032e-02,-0.195,-0.055
-5.4030e-02,-0.21,-0.375
-5.4029e-02,-0.18,-0.02
-5.4027e-02,-0.22,-0.365
-5.4026e-02,-0.195,-0.03
-5.4024e-02,-0.28,-0.345
-5.4022e-02,-0.285,-0.05
-5.4021e-02,-0.155,-0.36
-5.4019e-02,-0.14,-0.045
-5.4018e-02,-0.175,-0.365
-5.4016e-02,-0.18,-0.035
-5.4014e-02,-0.235,-0.365
-5.4013e-02,-0.23,-0.035
-5.4011e-02,-0.105,-0.355
-5.4010e-02,-0.245,-0.04
-5.4008e-02,-0.125,-0.355
-5.4006e-02,-0.14,-0.035
-5.4005e-02,-0.135,-0.385
-5.4003e-02,-0.045,-0.01
-5.4002e-02,-0.135,-0.375
-5.4000e-02,-0.13,-0.02
-5.3998e-02,-0.135,-0.37
-5.3997e-02,-0.19,-0.025
-5.3995e-02,-0.145,-0.345
-5.3994e-02,-0.2,-0.05
-5.3992e-02,-0.29,-0.335
-5.3990e-02,-0.24,-0.055
-5.3989e-02,-0.26,-0.355
-5.3987e-02,-0.27,-0.04
-5.3986e-02,-0.225,-0.39
-5.3984e-02,-0.235,0
-5.3982e-02,-0.185,-0.385
-5.3981e-02,-0.13,-0.01
-5.3979e-02,-0.12,-0.365
-5.3978e-02,-0.135,-0.02
-5.3976e-02,-0.195,-0.34
-5.3974e-02,-0.2,-0.05
-5.3973e-02,-0.145,-0.36
-5.3971e-02,-0.245,-0.025
-5.3970e-02,-0.225,-0.335
-5.3968e-02,-0.25,-0.045
-5.3966e-02,-0.21,-0.34
-5.3965e-02,-0.115,-0.055
-5.3963e-02,-0.2,-0.35
-5.3962e-02,-0.195,-0.03
-5.3960e-02,-0.215,-0.355
-5.3958e-02,-0.245,-0.035
-5.3957e-02,-0.215,-0.335
-5.3955e-02,-0.185,-0.055
-5.3954e-02,-0.24,-0.35
-5.3952e-02,-0.195,-0.04
-5.3950e-02,-0.11,-0.375
-5.3949e-02,-0.105,-0.015
-5.3947e-02,-0.13,-0.375
-5.3946e-02,-0.185,-0.01
-5.3944e-02,-0.23,-0.345
-5.3942e-02,-0.155,-0.035
-5.3941e-02,-0.155,-0.345
-5.3939e-02,-0.215,-0.045
-5.3938e-02,-0.145,-0.355
-5.3936e-02,-0.19,-0.025
-5.3934e-02,-0.16,-0.335
-5.3933e-02,-0.15,-0.045
-5.3931e-02,-0.21,-0.36
-5.3930e-02,-0.15,-0.02
-5.3928e-02,-0.21,-0.365
-5.3926e-02,-0.12,-0.01
-5.3925e-02,-0.205,-0.365
-5.3923e-02,-0.17,-0.02
-5.3922e-02,-0.215,-0.35
-5.3920e-02,-0.12,-0.035
-5.3918e-02,-0.125,-0.355
-5.3917e-02,-0.135,-0.025
-5.3915e-02,-0.155,-0.345
-5.3914e-02,-0.28,-0.04
-5.3912e-02,-0.16,-0.355
-5.3910e-02,-0.24,-0.035
-5.3909e-02,-0.17,-0.37
-5.3907e-02,-0.175,-0.015
-5.3906e-02,-0.275,-0.345
-5.3904e-02,-0.15,-0.035
-5.3902e-02,-0.135,-0.345
-5.3901e-02,-0.125,-0.035
-5.3899e-02,-0.115,-0.34
-5.3898e-02,-0.13,-0.045
-5.3896e-02,-0.19,-0.355
-5.3894e-02,-0.045,-0.035
-5.3893e-02,-0.18,-0.375
-5.3891e-02,-0.14,-0.01
-5.3890e-02,-0.19,-0.365
-5.3888e-02,-0.215,-0.025
-5.3886e-02,-0.155,-0.34
-5.3885e-02,-0.16,-0.05
-5.3883e-02,-0.15,-0.355
-5.3882e-02,-0.23,-0.03
-5.3880e-02,-0.175,-0.35
-5.3878e-02,-0.185,-0.035
-5.3877e-02,-0.14,-0.355
-5.3875e-02,-0.125,-0.02
-5.3874e-02,-0.155,-0.36
-5.3872e-02,-0.115,-0.03
-5.3870e-02,-0.225,-0.37
-5.3869e-02,-0.15,-0.02
-5.3867e-02,-0.155,-0.35
-5.3866e-02,-0.255,-0.035
-5.3864e-02,-0.145,-0.41
-5.3862e-02,-0.12,0.025
-5.3861e-02,-0.105,-0.35
-5.3859e-02,-0.14,-0.035
-5.3858e-02,-0.245,-0.36
-5.3856e-02,-0.205,-0.025
-5.3854e-02,-0.185,-0.365
-5.3853e-02,-0.105,-0.02
-5.3851e-02,-0.21,-0.36
-5.3850e-02,-0.135,-0.015
-5.3848e-02,-0.22,-0.345
-5.3846e-02,-0.18,-0.03
-5.3845e-02,-0.15,-0.345
-5.3843e-02,-0.24,-0.035
-5.3842e-02,-0.2,-0.34
-5.3840e-02,-0.185,-0.04
-5.3838e-02,-0.16,-0.34
-5.3837e-02,-0.06,-0.035
-5.3835e-02,-0.155,-0.34
-5.3834e-02,-0.21,-0.045
-5.3832e-02,-0.15,-0.345
-5.3830e-02,-0.255,-0.04
-5.3829e-02,-0.17,-0.35
-5.3827e-02,-0.155,-0.035
-5.3826e-02,-0.185,-0.33
-5.3824e-02,-0.165,-0.045
-5.3822e-02,-0.185,-0.375
-5.3821e-02,-0.165,-0.005
-5.3819e-02,-0.145,-0.355
-5.3818e-02,-0.26,-0.015
-5.3816e-02,-0.23,-0.365
-5.3814e-02,-0.21,-0.01
-5.3813e-02,-0.075,-0.34
-5.3811e-02,-0.175,-0.03
-5.3810e-02,-0.105,-0.37
-5.3808e-02,-0.165,-0.01
-5.3806e-02,-0.12,-0.37
-5.3805e-02,-0.125,0
-5.3803e-02,-0.22,-0.345
-5.3802e-02,-0.225,-0.04
-5.3800e-02,-0.21,-0.345
-5.3798e-02,-0.23,-0.03
-5.3797e-02,-0.195,-0.34
-5.3795e-02,-0.19,-0.025
-5.3794e-02,-0.255,-0.36
-5.3792e-02,-0.24,-0.01
-5.3790e-02,-0.18,-0.33
-5.3789e-02,-0.155,-0.045
-5.3787e-02,-0.225,-0.35
-5.3786e-02,-0.11,-0.02
-5.3784e-02,-0.165,-0.345
-5.3782e-02,-0.145,-0.025
-5.3781e-02,-0.085,-0.345
-5.3779e-02,-0.115,-0.02
-5.3778e-02,-0.17,-0.325
-5.3776e-02,-0.17,-0.04
-5.3774e-02,-0.17,-0.335
-5.3773e-02,-0.175,-0.03
-5.3771e-02,-0.195,-0.325
-5.3770e-02,-0.155,-0.04
-5.3768e-02,-0.2,-0.34
-5.3766e-02,-0.125,-0.03
-5.3765e-02,-0.115,-0.34
-5.3763e-02,-0.225,-0.035
-5.3762e-02,-0.175,-0.325
-5.3760e-02,-0.22,-0.03
-5.3758e-02,-0.22,-0.37
-5.3757e-02,-0.175,-0.005
-5.3755e-02,-0.215,-0.335
-5.3754e-02,-0.275,-0.03
-5.3752e-02,-0.18,-0.355
-5.3750e-02,-0.15,-0.005
-5.3749e-02,-0.155,-0.36
-5.3747e-02,-0.195,-0.01
-5.3746e-02,-0.19,-0.35
-5.3744e-02,-0.235,-0.01
-5.3742e-02,-0.16,-0.345
-5.3741e-02,-0.195,-0.02
-5.3739e-02,-0.215,-0.32
-5.3738e-02,-0.275,-0.045
-5.3736e-02,-0.115,-0.34
-5.3734e-02,-0.16,-0.02
-5.3733e-02,-0.145,-0.34
-5.3731e-02,-0.115,-0.02
-5.3730e-02,-0.255,-0.35
-5.3728e-02,-0.145,-0.015
-5.3726e-02,-0.195,-0.33
-5.3725e-02,-0.17,-0.04
-5.3723e-02,-0.15,-0.325
-5.3722e-02,-0.11,-0.04
-5.3720e-02,-0.235,-0.37
-5.3718e-02,-0.135,0
-5.3717e-02,-0.105,-0.325
-5.3715e-02,-0.245,-0.04
-5.3714e-02,-0.065,-0.34
-5.3712e-02,-0.16,-0.03
-5.3710e-02,-0.08,-0.34
-5.3709e-02,-0.09,-0.025
-5.3707e-02,-0.16,-0.35
-5.3706e-02,-0.265,-0.015
-5.3704e-02,-0.15,-0.345
-5.3702e-02,-0.255,-0.02
-5.3701e-02,-0.175,-0.335
-5.3699e-02,-0.2,-0.02
-5.3698e-02,-0.285,-0.34
-5.3696e-02,-0.245,-0.025
-5.3694e-02,-0.135,-0.33
-5.3693e-02,-0.2,-0.03
-5.3691e-02,-0.175,-0.315
-5.3690e-02,-0.125,-0.05
-5.3688e-02,-0.2,-0.33
-5.3686e-02,-0.105,-0.03
-5.3685e-02,-0.135,-0.325
-5.3683e-02,-0.12,-0.035
-5.3682e-02,-0.105,-0.32
-5.3680e-02,-0.12,-0.035
-5.3678e-02,-0.165,-0.335
-5.3677e-02,-0.135,-0.03
-5.3675e-02,-0.115,-0.35
-5.3674e-02,-0.16,-0.01
-5.3672e-02,-0.185,-0.39
-5.3670e-02,-0.165,0.035
-5.3669e-02,-0.125,-0.365
-5.3667e-02,-0.05,0
-5.3666e-02,-0.1,-0.355
-5.3664e-02,-0.15,-0.005
-5.3662e-02,-0.115,-0.35
-5.3661e-02,-0.095,-0.01
-5.3659e-02,-0.15,-0.355
-5.3658e-02,-0.135,-0.005
-5.3656e-02,-0.2,-0.345
-5.3654e-02,-0.195,-0.01
-5.3653e-02,-0.075,-0.325
-5.3651e-02,-0.145,-0.035
-5.3650e-02,-0.1,-0.37
-5.3648e-02,-0.19,0.01
-5.3646e-02,-0.155,-0.345
-5.3645e-02,-0.195,-0.015
-5.3643e-02,-0.15,-0.32
-5.3642e-02,-0.13,-0.035
-5.3640e-02,-0.095,-0.345
-5.3638e-02,-0.095,-0.015
-5.3637e-02,-0.2,-0.35
-5.3635e-02,-0.17,0
-5.3634e-02,-0.09,-0.33
-5.3632e-02,-0.185,-0.02
-5.3630e-02,-0.205,-0.335
-5.3629e-02,-0.165,-0.015
-5.3627e-02,-0.16,-0.33
-5.3626e-02,-0.125,-0.025
-5.3624e-02,-0.165,-0.365
-5.3622e-02,-0.22,0.02
-5.3621e-02,-0.225,-0.33
-5.3619e-02,-0.175,-0.01
-5.3618e-02,-0.195,-0.345
-5.3616e-02,-0.11,-0.01
-5.3614e-02,-0.15,-0.33
-5.3613e-02,-0.175,-0.015
-5.3611e-02,-0.065,-0.355
-5.3610e-02,-0.16,0.005
-5.3608e-02,-0.09,-0.325
-5.3606e-02,-0.125,-0.02
-5.3605e-02,-0.225,-0.32
-5.3603e-02,-0.19,-0.025
-5.3602e-02,-0.175,-0.32
-5.3600e-02,-0.15,-0.02
-5.3598e-02,-0.165,-0.32
-5.3597e-02,-0.24,-0.03
-5.3595e-02,-0.175,-0.315
-5.3594e-02,-0.13,-0.03
-5.3592e-02,-0.13,-0.335
-5.3590e-02,-0.115,-0.01
-5.3589e-02,-0.22,-0.345
-5.3587e-02,-0.17,0
-5.3586e-02,-0.19,-0.345
-5.3584e-02,-0.145,0
-5.3582e-02,-0.185,-0.33
-5.3581e-02,-0.195,-0.015
-5.3579e-02,-0.265,-0.32
-5.3578e-02,-0.135,-0.025
-5.3576e-02,-0.2,-0.32
-5.3574e-02,-0.205,-0.025
-5.3573e-02,-0.14,-0.325
-5.3571e-02,-0.2,-0.02
-5.3570e-02,-0.155,-0.335
-5.3568e-02,-0.135,-0.01
-5.3566e-02,-0.13,-0.315
-5.3565e-02,-0.1,-0.03
-5.3563e-02,-0.135,-0.325
-5.3562e-02,-0.18,-0.02
-5.3560e-02,-0.055,-0.32
-5.3558e-02,-0.15,-0.02
-5.3557e-02,-0.1,-0.33
-5.3555e-02,-0.195,-0.015
-5.3554e-02,-0.235,-0.35
-5.3552e-02,-0.085,0
-5.3550e-02,-0.2,-0.33
-5.3549e-02,-0.135,-0.015
-5.3547e-02,-0.22,-0.335
-5.3546e-02,-0.15,-0.005
-5.3544e-02,-0.09,-0.33
-5.3542e-02,-0.175,-0.015
-5.3541e-02,-0.2,-0.35
-5.3539e-02,-0.215,0
-5.3538e-02,-0.215,-0.345
-5.3536e-02,-0.175,0
-5.3534e-02,-0.15,-0.33
-5.3533e-02,-0.18,-0.015
-5.3531e-02,-0.185,-0.325
-5.3530e-02,-0.275,-0.015
-5.3528e-02,-0.25,-0.335
-5.3526e-02,-0.185,-0.005
-5.3525e-02,-0.155,-0.32
-5.3523e-02,-0.14,-0.03
-5.3522e-02,-0.21,-0.345
-5.3520e-02,-0.21,0
-5.3518e-02,-0.235,-0.34
-5.3517e-02,-0.165,0.005
-5.3515e-02,-0.195,-0.345
-5.3514e-02,-0.24,0.005
-5.3512e-02,-0.2,-0.375
-5.3510e-02,-0.195,0.02
-5.3509e-02,-0.185,-0.355
-5.3507e-02,-0.1,0.015
-5.3506e-02,-0.22,-0.31
-5.3504e-02,-0.13,-0.025
-5.3502e-02,-0.06,-0.355
-5.3501e-02,-0.17,0.01
-5.3499e-02,-0.025,-0.335
-5.3498e-02,-0.185,-0.015
-5.3496e-02,-0.085,-0.325
-5.3494e-02,-0.17,-0.015
-5.3493e-02,-0.105,-0.35
-5.3491e-02,-0.105,0.01
-5.3490e-02,-0.13,-0.405
-5.3488e-02,-0.18,0.06
-5.3486e-02,-0.115,-0.345
-5.3485e-02,-0.145,0
-5.3483e-02,-0.085,-0.345
-5.3482e-02,-0.12,0.01
-5.3480e-02,-0.12,-0.325
-5.3478e-02,-0.17,-0.02
-5.3477e-02,-0.17,-0.335
-5.3475e-02,-0.06,-0.01
-5.3474e-02,-0.175,-0.315
-5.3472e-02,-0.09,-0.015
-5.3470e-02,-0.165,-0.32
-5.3469e-02,-0.145,-0.02
-5.3467e-02,-0.12,-0.325
-5.3466e-02,-0.155,-0.01
-5.3464e-02,-0.13,-0.335
-5.3462e-02,-0.15,-0.01
-5.3461e-02,-0.205,-0.33
-5.3459e-02,-0.12,-0.015
-5.3458e-02,-0.11,-0.33
-5.3456e-02,-0.11,0
-5.3454e-02,-0.045,-0.355
-5.3453e-02,-0.185,0.01
-5.3451e-02,-0.105,-0.325
-5.3450e-02,-0.12,-0.015
-5.3448e-02,-0.11,-0.315
-5.3446e-02,-0.155,-0.015
-5.3445e-02,-0.23,-0.31
-5.3443e-02,-0.055,-0.02
-5.3442e-02,-0.16,-0.32
-5.3440e-02,-0.14,-0.01
-5.3438e-02,-0.165,-0.32
-5.3437e-02,-0.24,-0.01
-5.3435e-02,-0.115,-0.335
-5.3434e-02,-0.115,-0.005
-5.3432e-02,-0.13,-0.32
-5.3430e-02,-0.07,-0.005
-5.3429e-02,-0.14,-0.32
-5.3427e-02,-0.14,-0.005
-5.3426e-02,-0.21,-0.31
-5.3424e-02,-0.16,-0.02
-5.3422e-02,-0.125,-0.32
-5.3421e-02,-0.07,-0.015
-5.3419e-02,-0.155,-0.32
-5.3418e-02,-0.21,-0.01
-5.3416e-02,-0.2,-0.315
-5.3414e-02,-0.155,-0.02
-5.3413e-02,-0.16,-0.315
-5.3411e-02,-0.18,-0.02
-5.3410e-02,-0.205,-0.35
-5.3408e-02,-0.19,0.025
-5.3406e-02,-0.145,-0.33
-5.3405e-02,-0.155,0
-5.3403e-02,-0.165,-0.35
-5.3402e-02,-0.205,0.03
-5.3400e-02,-0.16,-0.325
-5.3398e-02,-0.23,0
-5.3397e-02,-0.16,-0.335
-5.3395e-02,-0.155,0.01
-5.3394e-02,-0.165,-0.32
-5.3392e-02,-0.175,-0.005
-5.3390e-02,-0.16,-0.31
-5.3389e-02,-0.135,-0.01
-5.3387e-02,-0.1,-0.335
-5.3386e-02,-0.145,0.015
-5.3384e-02,-0.215,-0.315
-5.3382e-02,-0.25,-0.015
-5.3381e-02,-0.165,-0.335
-5.3379e-02,-0.21,0.01
-5.3378e-02,-0.24,-0.32
-5.3376e-02,-0.22,-0.015
-5.3374e-02,-0.285,-0.3
-5.3373e-02,-0.17,-0.03
-5.3371e-02,-0.23,-0.32
-5.3370e-02,-0.15,-0.005
-5.3368e-02,-0.225,-0.325
-5.3366e-02,-0.155,0
-5.3365e-02,-0.205,-0.32
-5.3363e-02,-0.18,-0.005
-5.3362e-02,-0.09,-0.33
-5.3360e-02,-0.14,0
-5.3358e-02,-0.165,-0.335
-5.3357e-02,-0.155,0
-5.3355e-02,-0.18,-0.32
-5.3354e-02,-0.125,0
-5.3352e-02,-0.13,-0.35
-5.3350e-02,-0.15,0.025
-5.3349e-02,-0.255,-0.33
-5.3347e-02,-0.085,0.01
-5.3346e-02,-0.145,-0.31
-5.3344e-02,-0.175,-0.015
-5.3342e-02,-0.17,-0.31
-5.3341e-02,-0.285,-0.02
-5.3339e-02,-0.09,-0.31
-5.3338e-02,-0.205,-0.015
-5.3336e-02,-0.055,-0.31
-5.3334e-02,-0.27,-0.005
-5.3333e-02,-0.175,-0.325
-5.3331e-02,-0.215,-0.005
-5.3330e-02,-0.235,-0.315
-5.3328e-02,-0.095,-0.01
-5.3326e-02,-0.165,-0.345
-5.3325e-02,-0.09,0.01
-5.3323e-02,-0.24,-0.32
-5.3322e-02,-0.155,-0.005
-5.3320e-02,-0.185,-0.345
-5.3318e-02,-0.18,0.015
-5.3317e-02,-0.14,-0.335
-5.3315e-02,-0.255,0.01
-5.3314e-02,-0.135,-0.345
-5.3312e-02,-0.12,0.025
-5.3310e-02,-0.05,-0.3
-5.3309e-02,-0.09,-0.025
-5.3307e-02,-0.165,-0.3
-5.3306e-02,-0.1,-0.025
-5.3304e-02,-0.115,-0.305
-5.3302e-02,-0.145,-0.015
-5.3301e-02,-0.12,-0.305
-5.3299e-02,-0.21,-0.01
-5.3298e-02,-0.22,-0.335
-5.3296e-02,-0.145,0.02
-5.3294e-02,-0.225,-0.31
-5.3293e-02,-0.175,-0.01
-5.3291e-02,-0.2,-0.32
-5.3290e-02,-0.23,-0.01
-5.3288e-02,-0.205,-0.32
-5.3286e-02,-0.215,0.005
-5.3285e-02,-0.13,-0.305
-5.3283e-02,-0.22,-0.005
-5.3282e-02,-0.235,-0.305
-5.3280e-02,-0.205,-0.01
-5.3278e-02,-0.215,-0.325
-5.3277e-02,-0.085,0.01
-5.3275e-02,-0.2,-0.305
-5.3274e-02,-0.12,-0.01
-5.3272e-02,-0.22,-0.31
-5.3270e-02,-0.16,-0.01
-5.3269e-02,-0.12,-0.32
-5.3267e-02,-0.2,0.01
-5.3266e-02,-0.115,-0.31
-5.3264e-02,-0.23,-0.005
-5.3262e-02,-0.145,-0.325
-5.3261e-02,-0.25,0.01
-5.3259e-02,-0.155,-0.3
-5.3258e-02,-0.105,-0.01
-5.3256e-02,-0.115,-0.34
-5.3254e-02,-0.09,0.025
-5.3253e-02,-0.13,-0.3
-5.3251e-02,-0.16,-0.005
-5.3250e-02,-0.065,-0.345
-5.3248e-02,-0.195,0.035
-5.3246e-02,-0.11,-0.325
-5.3245e-02,-0.245,0.015
-5.3243e-02,-0.095,-0.3
-5.3242e-02,-0.12,-0.01
-5.3240e-02,-0.06,-0.32
-5.3238e-02,-0.075,0.01
-5.3237e-02,-0.14,-0.3
-5.3235e-02,-0.11,-0.005
-5.3234e-02,-0.24,-0.345
-5.3232e-02,-0.075,0.045
-5.3230e-02,-0.165,-0.335
-5.3229e-02,-0.105,0.025
-5.3227e-02,-0.09,-0.315
-5.3226e-02,-0.195,0.01
-5.3224e-02,-0.09,-0.29
-5.3222e-02,-0.135,-0.015
-5.3221e-02,-0.105,-0.295
-5.3219e-02,-0.105,-0.005
-5.3218e-02,-0.165,-0.32
-5.3216e-02,-0.18,0.015
-5.3214e-02,-0.14,-0.285
-5.3213e-02,-0.15,-0.015
-5.3211e-02,-0.18,-0.295
-5.3210e-02,-0.115,-0.005
-5.3208e-02,-0.215,-0.3
-5.3206e-02,-0.23,0.005
-5.3205e-02,-0.22,-0.29
-5.3203e-02,-0.24,0
-5.3202e-02,-0.14,-0.32
-5.3200e-02,-0.17,0.015
-5.3198e-02,-0.23,-0.295
-5.3197e-02,-0.125,-0.01
-5.3195e-02,-0.105,-0.31
-5.3194e-02,-0.065,-0.005
-5.3192e-02,-0.05,-0.295
-5.3190e-02,-0.12,-0.005
-5.3189e-02,-0.15,-0.3
-5.3187e-02,-0.105,-0.005
-5.3186e-02,-0.185,-0.29
-5.3184e-02,-0.155,-0.015
-5.3182e-02,-0.13,-0.295
-5.3181e-02,-0.215,-0.01
-5.3179e-02,-0.15,-0.295
-5.3178e-02,-0.2,0
-5.3176e-02,-0.175,-0.31
-5.3174e-02,-0.09,0.005
-5.3173e-02,-0.08,-0.325
-5.3171e-02,-0.17,0.02
-5.3170e-02,-0.145,-0.31
-5.3168e-02,-0.11,0.005
-5.3166e-02,-0.115,-0.305
-5.3165e-02,-0.04,0
-5.3163e-02,-0.145,-0.325
-5.3162e-02,-0.18,0.025
-5.3160e-02,-0.16,-0.33
-5.3158e-02,-0.2,0.02
-5.3157e-02,-0.155,-0.315
-5.3155e-02,-0.155,0.01
-5.3154e-02,-0.15,-0.305
-5.3152e-02,-0.15,0.005
-5.3150e-02,-0.1,-0.305
-5.3149e-02,-0.17,0.01
-5.3147e-02,-0.07,-0.305
-5.3146e-02,-0.145,0.005
-5.3144e-02,-0.095,-0.315
-5.3142e-02,-0.215,0.005
-5.3141e-02,-0.16,-0.305
-5.3139e-02,-0.14,0.01
-5.3138e-02,-0.125,-0.3
-5.3136e-02,-0.155,-0.005
-5.3134e-02,-0.16,-0.33
-5.3133e-02,-0.16,0.03
-5.3131e-02,-0.13,-0.325
-5.3130e-02,-0.195,0.02
-5.3128e-02,-0.1,-0.325
-5.3126e-02,-0.15,0.015
-5.3125e-02,-0.15,-0.3
-5.3123e-02,-0.035,0.005
-5.3122e-02,-0.14,-0.295
-5.3120e-02,0.015,0
-5.3118e-02,-0.045,-0.315
-5.3117e-02,-0.1,0.03
-5.3115e-02,-0.11,-0.32
-5.3114e-02,-0.155,0.02
-5.3112e-02,-0.145,-0.305
-5.3110e-02,-0.085,0.015
-5.3109e-02,-0.185,-0.33
-5.3107e-02,-0.21,0.035
-5.3106e-02,-0.17,-0.305
-5.3104e-02,-0.19,0.015
-5.3102e-02,-0.155,-0.32
-5.3101e-02,-0.16,0.03
-5.3099e-02,-0.18,-0.285
-5.3098e-02,-0.17,-0.005
-5.3096e-02,-0.135,-0.305
-5.3094e-02,-0.175,0.01
-5.3093e-02,-0.12,-0.32
-5.3091e-02,-0.115,0.02
-5.3090e-02,-0.12,-0.295
-5.3088e-02,-0.11,0
-5.3086e-02,-0.155,-0.295
-5.3085e-02,-0.05,0.005
-5.3083e-02,-0.105,-0.295
-5.3082e-02,-0.095,0.005
-5.3080e-02,-0.185,-0.32
-5.3078e-02,-0.095,0.03
-5.3077e-02,-0.135,-0.33
-5.3075e-02,-0.11,0.035
-5.3074e-02,-0.165,-0.31
-5.3072e-02,-0.2,0.015
-5.3070e-02,-0.18,-0.3
-5.3069e-02,-0.19,0
-5.3067e-02,-0.245,-0.325
-5.3066e-02,-0.135,0.025
-5.3064e-02,-0.175,-0.325
-5.3062e-02,-0.23,0.035
-5.3061e-02,-0.13,-0.31
-5.3059e-02,-0.21,0.02
-5.3058e-02,-0.095,-0.29
-5.3056e-02,-0.1,0
-5.3054e-02,-0.1,-0.295
-5.3053e-02,-0.13,0.01
-5.3051e-02,-0.145,-0.27
-5.3050e-02,-0.11,-0.02
-5.3048e-02,-0.135,-0.31
-5.3046e-02,-0.14,0.025
-5.3045e-02,-0.25,-0.29
-5.3043e-02,-0.195,0.005
-5.3042e-02,-0.235,-0.29
-5.3040e-02,-0.265,0.005
-5.3038e-02,-0.13,-0.295
-5.3037e-02,-0.155,0.01
-5.3035e-02,-0.145,-0.33
-5.3034e-02,-0.1,0.035
-5.3032e-02,-0.16,-0.305
-5.3030e-02,-0.035,0.01
-5.3029e-02,-0.075,-0.335
-5.3027e-02,-0.19,0.055
-5.3026e-02,-0.17,-0.305
-5.3024e-02,-0.28,0.01
-5.3022e-02,-0.13,-0.295
-5.3021e-02,-0.115,0.005
-5.3019e-02,-0.15,-0.295
-5.3018e-02,-0.045,0.005
-5.3016e-02,-0.145,-0.285
-5.3014e-02,-0.075,0
-5.3013e-02,-0.12,-0.29
-5.3011e-02,-0.145,0.005
-5.3010e-02,-0.115,-0.29
-5.3008e-02,-0.1,0.005
-5.3006e-02,-0.17,-0.3
-5.3005e-02,-0.115,0.01
-5.3003e-02,-0.125,-0.31
-5.3002e-02,-0.085,0.025
-5.3000e-02,-0.18,-0.315
-5.2998e-02,-0.095,0.025
-5.2997e-02,-0.275,-0.325
-5.2995e-02,-0.14,0.035
-5.2994e-02,-0.17,-0.275
-5.2992e-02,-0.13,-0.005
-5.2990e-02,-0.125,-0.31
-5.2989e-02,-0.145,0.025
-5.2987e-02,-0.17,-0.3
-5.2986e-02,-0.055,0.015
-5.2984e-02,-0.155,-0.29
-5.2982e-02,-0.03,0.01
-5.2981e-02,-0.09,-0.3
-5.2979e-02,-0.185,0.025
-5.2978e-02,-0.175,-0.29
-5.2976e-02,-0.21,0.01
-5.2974e-02,-0.135,-0.305
-5.2973e-02,-0.075,0.02
-5.2971e-02,-0.18,-0.3
-5.2970e-02,-0.155,0.02
-5.2968e-02,-0.21,-0.31
-5.2966e-02,-0.09,0.03
-5.2965e-02,-0.235,-0.285
-5.2963e-02,-0.09,0.01
-5.2962e-02,-0.165,-0.305
-5.2960e-02,-0.16,0.025
-5.2958e-02,-0.15,-0.32
-5.2957e-02,-0.22,0.04
-5.2955e-02,-0.075,-0.295
-5.2954e-02,-0.185,0.02
-5.2952e-02,-0.07,-0.295
-5.2950e-02,-0.125,0.015
-5.2949e-02,-0.245,-0.285
-5.2947e-02,-0.1,0.01
-5.2946e-02,-0.195,-0.275
-5.2944e-02,-0.11,0.005
-5.2942e-02,-0.19,-0.31
-5.2941e-02,-0.13,0.03
-5.2939e-02,-0.115,-0.3
-5.2938e-02,-0.035,0.025
-5.2936e-02,-0.07,-0.28
-5.2934e-02,-0.05,0.005
-5.2933e-02,-0.04,-0.29
-5.2931e-02,-0.135,0.02
-5.2930e-02,-0.155,-0.29
-5.2928e-02,-0.11,0.015
-5.2926e-02,-0.14,-0.29
-5.2925e-02,-0.125,0.02
-5.2923e-02,-0.18,-0.285
-5.2922e-02,-0.18,0.005
-5.2920e-02,-0.04,-0.285
-5.2918e-02,-0.165,0.02
-5.2917e-02,-0.03,-0.285
-5.2915e-02,-0.2,0.005
-5.2914e-02,-0.175,-0.285
-5.2912e-02,-0.08,0.02
-5.2910e-02,-0.185,-0.29
-5.2909e-02,-0.03,0.025
-5.2907e-02,-0.12,-0.3
-5.2906e-02,-0.12,0.025
-5.2904e-02,-0.095,-0.305
-5.2902e-02,-0.15,0.03
-5.2901e-02,-0.185,-0.29
-5.2899e-02,-0.105,0.015
-5.2898e-02,-0.145,-0.315
-5.2896e-02,-0.185,0.045
-5.2894e-02,-0.165,-0.275
-5.2893e-02,-0.205,0.005
-5.2891e-02,-0.07,-0.29
-5.2890e-02,-0.125,0.015
-5.2888e-02,-0.115,-0.28
-5.2886e-02,-0.165,0
-5.2885e-02,-0.185,-0.265
-5.2883e-02,-0.115,-0.005
-5.2882e-02,-0.13,-0.285
-5.2880e-02,-0.08,0.005
-5.2878e-02,-0.11,-0.29
-5.2877e-02,-0.115,0.02
-5.2875e-02,-0.15,-0.3
-5.2874e-02,-0.115,0.025
-5.2872e-02,-0.15,-0.295
-5.2870e-02,-0.135,0.03
-5.2869e-02,-0.145,-0.27
-5.2867e-02,-0.18,0.005
-5.2866e-02,-0.11,-0.27
-5.2864e-02,-0.09,-0.005
-5.2862e-02,-0.115,-0.29
-5.2861e-02,-0.16,0.02
-5.2859e-02,-0.19,-0.285
-5.2858e-02,-0.165,0.02
-5.2856e-02,-0.105,-0.28
-5.2854e-02,-0.115,0.005
-5.2853e-02,-0.135,-0.29
-5.2851e-02,-0.15,0.02
-5.2850e-02,-0.165,-0.29
-5.2848e-02,-0.145,0.02
-5.2846e-02,-0.175,-0.295
-5.2845e-02,0.01,0.03
-5.2843e-02,-0.135,-0.275
-5.2842e-02,-0.07,0.01
-5.2840e-02,-0.165,-0.28
-5.2838e-02,-0.245,0.01
-5.2837e-02,-0.105,-0.29
-5.2835e-02,-0.12,0.015
-5.2834e-02,-0.105,-0.31
-5.2832e-02,-0.125,0.04
-5.2830e-02,-0.24,-0.32
-5.2829e-02,-0.14,0.05
-5.2827e-02,-0.165,-0.28
-5.2826e-02,-0.105,0.015
-5.2824e-02,-0.1,-0.3
-5.2822e-02,-0.185,0.03
-5.2821e-02,-0.05,-0.29
-5.2819e-02,-0.15,0.025
-5.2818e-02,-0.065,-0.295
-5.2816e-02,-0.11,0.03
-5.2814e-02,-0.08,-0.275
-5.2813e-02,-0.21,0.02
-5.2811e-02,-0.1,-0.265
-5.2810e-02,-0.17,0.005
-5.2808e-02,-0.065,-0.29
-5.2806e-02,-0.085,0.03
-5.2805e-02,-0.14,-0.325
-5.2803e-02,-0.145,0.07
-5.2802e-02,-0.145,-0.305
-5.2800e-02,-0.09,0.04
-5.2798e-02,-0.12,-0.305
-5.2797e-02,-0.13,0.04
-5.2795e-02,-0.13,-0.285
-5.2794e-02,-0.12,0.025
-5.2792e-02,-0.18,-0.295
-5.2790e-02,-0.175,0.045
-5.2789e-02,-0.17,-0.285
-5.2787e-02,-0.14,0.02
-5.2786e-02,-0.115,-0.28
-5.2784e-02,-0.135,0.025
-5.2782e-02,-0.135,-0.29
-5.2781e-02,-0.045,0.035
-5.2779e-02,-0.075,-0.27
-5.2778e-02,-0.04,0.02
-5.2776e-02,-0.135,-0.27
-5.2774e-02,-0.065,0.015
-5.2773e-02,-0.1,-0.28
-5.2771e-02,-0.11,0.03
-5.2770e-02,-0.03,-0.27
-5.2768e-02,-0.12,0.015
-5.2766e-02,-0.125,-0.275
-5.2765e-02,-0.135,0.02
-5.2763e-02,-0.155,-0.305
-5.2762e-02,-0.055,0.045
-5.2760e-02,-0.05,-0.29
-5.2758e-02,-0.08,0.035
-5.2757e-02,-0.125,-0.28
-5.2755e-02,-0.14,0.025
-5.2754e-02,-0.215,-0.26
-5.2752e-02,-0.115,0.01
-5.2750e-02,-0.155,-0.28
-5.2749e-02,-0.235,0.025
-5.2747e-02,-0.125,-0.27
-5.2746e-02,-0.19,0.01
-5.2744e-02,-0.125,-0.275
-5.2742e-02,-0.12,0.025
-5.2741e-02,-0.135,-0.275
-5.2739e-02,-0.015,0.025
-5.2738e-02,-0.175,-0.285
-5.2736e-02,-0.065,0.035
-5.2734e-02,-0.165,-0.305
-5.2733e-02,-0.11,0.045
-5.2731e-02,-0.115,-0.315
-5.2730e-02,-0.22,0.065
-5.2728e-02,-0.205,-0.275
-5.2726e-02,-0.165,0.03
-5.2725e-02,-0.11,-0.31
-5.2723e-02,-0.115,0.055
-5.2722e-02,-0.145,-0.26
-5.2720e-02,-0.145,0.01
-5.2718e-02,-0.075,-0.285
-5.2717e-02,-0.065,0.03
-5.2715e-02,-0.11,-0.27
-5.2714e-02,-0.07,0.02
-5.2712e-02,-0.175,-0.265
-5.2710e-02,-0.075,0.01
-5.2709e-02,-0.175,-0.27
-5.2707e-02,-0.115,0.02
-5.2706e-02,-0.12,-0.26
-5.2704e-02,-0.095,0.015
-5.2702e-02,-0.155,-0.285
-5.2701e-02,-0.125,0.04
-5.2699e-02,-0.05,-0.29
-5.2698e-02,-0.13,0.05
-5.2696e-02,-0.06,-0.3
-5.2694e-02,-0.12,0.045
-5.2693e-02,-0.15,-0.29
-5.2691e-02,-0.025,0.04
-5.2690e-02,-0.22,-0.27
-5.2688e-02,-0.13,0.025
-5.2686e-02,-0.17,-0.26
-5.2685e-02,-0.215,0.01
-5.2683e-02,-0.115,-0.285
-5.2682e-02,-0.205,0.035
-5.2680e-02,-0.165,-0.275
-5.2678e-02,-0.065,0.025
-5.2677e-02,-0.23,-0.275
-5.2675e-02,-0.09,0.03
-5.2674e-02,-0.23,-0.26
-5.2672e-02,-0.055,0.02
-5.2670e-02,-0.145,-0.26
-5.2669e-02,-0.165,0.02
-5.2667e-02,-0.205,-0.27
-5.2666e-02,-0.21,0.02
-5.2664e-02,-0.165,-0.285
-5.2662e-02,-0.1,0.04
-5.2661e-02,-0.14,-0.33
-5.2659e-02,-0.035,0.075
-5.2658e-02,-0.1,-0.305
-5.2656e-02,-0.06,0.06
-5.2654e-02,-0.12,-0.27
-5.2653e-02,-0.105,0.03
-5.2651e-02,-0.09,-0.265
-5.2650e-02,-0.155,0.025
-5.2648e-02,-0.19,-0.26
-5.2646e-02,-0.165,0.015
-5.2645e-02,-0.08,-0.285
-5.2643e-02,-0.11,0.04
-5.2642e-02,-0.125,-0.265
-5.2640e-02,-0.21,0.03
-5.2638e-02,-0.16,-0.285
-5.2637e-02,-0.155,0.04
-5.2635e-02,-0.1,-0.285
-5.2634e-02,-0.11,0.045
-5.2632e-02,-0.085,-0.285
-5.2630e-02,-0.17,0.04
-5.2629e-02,-0.135,-0.275
-5.2627e-02,-0.165,0.035
-5.2626e-02,-0.13,-0.255
-5.2624e-02,-0.07,0.01
-5.2622e-02,-0.09,-0.25
-5.2621e-02,-0.15,0.005
-5.2619e-02,-0.145,-0.275
-5.2618e-02,-0.135,0.035
-5.2616e-02,-0.085,-0.28
-5.2614e-02,-0.09,0.04
-5.2613e-02,-0.165,-0.275
-5.2611e-02,-0.17,0.03
-5.2610e-02,-0.19,-0.26
-5.2608e-02,-0.115,0.015
-5.2606e-02,-0.175,-0.255
-5.2605e-02,-0.125,0.015
-5.2603e-02,-0.155,-0.285
-5.2602e-02,-0.1,0.045
-5.2600e-02,-0.12,-0.265
-5.2598e-02,-0.09,0.025
-5.2597e-02,-0.08,-0.265
-5.2595e-02,-0.16,0.025
-5.2594e-02,-0.195,-0.275
-5.2592e-02,-0.125,0.035
-5.2590e-02,-0.115,-0.315
-5.2589e-02,-0.075,0.07
-5.2587e-02,-0.11,-0.29
-5.2586e-02,-0.2,0.04
-5.2584e-02,-0.135,-0.285
-5.2582e-02,-0.14,0.035
-5.2581e-02,-0.005,-0.26
-5.2579e-02,-0.11,0.02
-5.2578e-02,-0.165,-0.275
-5.2576e-02,-0.125,0.03
-5.2574e-02,-0.2,-0.27
-5.2573e-02,-0.055,0.03
-5.2571e-02,-0.185,-0.265
-5.2570e-02,-0.13,0.03
-5.2568e-02,-0.2,-0.28
-5.2566e-02,-0.17,0.045
-5.2565e-02,-0.125,-0.265
-5.2563e-02,-0.09,0.025
-5.2562e-02,-0.08,-0.28
-5.2560e-02,-0.095,0.045
-5.2558e-02,-0.205,-0.285
-5.2557e-02,-0.135,0.055
-5.2555e-02,-0.11,-0.26
-5.2554e-02,-0.055,0.015
-5.2552e-02,-0.095,-0.28
-5.2550e-02,-0.115,0.04
-5.2549e-02,-0.1,-0.275
-5.2547e-02,-0.095,0.04
-5.2546e-02,-0.115,-0.27
-5.2544e-02,-0.1,0.03
-5.2542e-02,-0.105,-0.275
-5.2541e-02,-0.14,0.035
-5.2539e-02,-0.115,-0.26
-5.2538e-02,-0.145,0.025
-5.2536e-02,-0.105,-0.245
-5.2534e-02,-0.065,0.01
-5.2533e-02,-0.14,-0.28
-5.2531e-02,-0.105,0.04
-5.2530e-02,-0.13,-0.27
-5.2528e-02,-0.1,0.035
-5.2526e-02,0.025,-0.265
-5.2525e-02,-0.07,0.035
-5.2523e-02,-0.115,-0.295
-5.2522e-02,-0.06,0.065
-5.2520e-02,-0.16,-0.26
-5.2518e-02,-0.03,0.03
-5.2517e-02,-0.16,-0.28
-5.2515e-02,-0.115,0.055
-5.2514e-02,-0.13,-0.27
-5.2512e-02,-0.23,0.04
-5.2510e-02,-0.11,-0.29
-5.2509e-02,-0.205,0.055
-5.2507e-02,-0.13,-0.26
-5.2506e-02,-0.165,0.03
-5.2504e-02,-0.155,-0.27
-5.2502e-02,-0.055,0.03
-5.2501e-02,-0.025,-0.27
-5.2499e-02,-0.15,0.04
-5.2498e-02,-0.075,-0.31
-5.2496e-02,-0.21,0.075
-5.2494e-02,-0.02,-0.26
-5.2493e-02,-0.05,0.035
-5.2491e-02,-0.065,-0.26
-5.2490e-02,-0.065,0.035
-5.2488e-02,-0.13,-0.28
-5.2486e-02,-0.03,0.055
-5.2485e-02,-0.035,-0.265
-5.2483e-02,-0.06,0.045
-5.2482e-02,-0.04,-0.27
-5.2480e-02,-0.09,0.05
-5.2478e-02,-0.155,-0.28
-5.2477e-02,-0.15,0.06
-5.2475e-02,-0.075,-0.265
-5.2474e-02,-0.195,0.045
-5.2472e-02,-0.15,-0.305
-5.2470e-02,-0.175,0.075
-5.2469e-02,-0.21,-0.255
-5.2467e-02,-0.04,0.035
-5.2466e-02,-0.075,-0.275
-5.2464e-02,-0.065,0.055
-5.2462e-02,-0.04,-0.255
-5.2461e-02,-0.095,0.04
-5.2459e-02,0.055,-0.24
-5.2458e-02,-0.15,0.02
-5.2456e-02,-0.07,-0.27
-5.2454e-02,-0.15,0.055
-5.2453e-02,-0.145,-0.265
-5.2451e-02,-0.145,0.045
-5.2450e-02,-0.125,-0.295
-5.2448e-02,-0.16,0.075
-5.2446e-02,-0.105,-0.275
-5.2445e-02,-0.105,0.055
-5.2443e-02,-0.08,-0.27
-5.2442e-02,-0.03,0.045
-5.2440e-02,0.005,-0.24
-5.2438e-02,-0.075,0.025
-5.2437e-02,-0.11,-0.27
-5.2435e-02,-0.095,0.05
-5.2434e-02,-0.095,-0.245
-5.2432e-02,-0.01,0.025
-5.2430e-02,-0.155,-0.265
-5.2429e-02,-0.105,0.04
-5.2427e-02,-0.21,-0.25
-5.2426e-02,-0.19,0.03
-5.2424e-02,-0.14,-0.295
-5.2422e-02,-0.105,0.075
-5.2421e-02,-0.15,-0.25
-5.2419e-02,-0.07,0.03
-5.2418e-02,-0.055,-0.255
-5.2416e-02,-0.16,0.04
-5.2414e-02,-0.06,-0.245
-5.2413e-02,-0.07,0.025
-5.2411e-02,-0.08,-0.27
-5.2410e-02,-0.105,0.045
-5.2408e-02,-0.16,-0.255
-5.2406e-02,-0.16,0.035
-5.2405e-02,-0.105,-0.26
-5.2403e-02,-0.175,0.045
-5.2402e-02,-0.115,-0.26
-5.2400e-02,-0.16,0.04
-5.2398e-02,-0.065,-0.26
-5.2397e-02,-0.06,0.04
-5.2395e-02,-0.085,-0.275
-5.2394e-02,-0.205,0.065
-5.2392e-02,-0.095,-0.255
-5.2390e-02,-0.245,0.035
-5.2389e-02,-0.155,-0.265
-5.2387e-02,-0.105,0.055
-5.2386e-02,-0.13,-0.25
-5.2384e-02,-0.11,0.035
-5.2382e-02,-0.105,-0.23
-5.2381e-02,-0.12,0.02
-5.2379e-02,-0.07,-0.27
-5.2378e-02,-0.08,0.065
-5.2376e-02,-0.145,-0.275
-5.2374e-02,-0.11,0.06
-5.2373e-02,-0.16,-0.28
-5.2371e-02,-0.105,0.06
-5.2370e-02,0,-0.24
-5.2368e-02,-0.19,0.025
-5.2366e-02,-0.05,-0.28
-5.2365e-02,-0.09,0.07
-5.2363e-02,-0.14,-0.245
-5.2362e-02,-0.055,0.04
-5.2360e-02,-0.06,-0.25
-5.2358e-02,-0.045,0.04
-5.2357e-02,-0.105,-0.275
-5.2355e-02,-0.115,0.06
-5.2354e-02,-0.08,-0.24
-5.2352e-02,-0.085,0.035
-5.2350e-02,-0.005,-0.26
-5.2349e-02,-0.1,0.05
-5.2347e-02,-0.085,-0.28
-5.2346e-02,-0.09,0.065
-5.2344e-02,-0.045,-0.27
-5.2342e-02,-0.13,0.06
-5.2341e-02,-0.125,-0.265
-5.2339e-02,-0.09,0.06
-5.2338e-02,-0.115,-0.26
-5.2336e-02,-0.05,0.055
-5.2334e-02,-0.125,-0.25
-5.2333e-02,-0.075,0.045
-5.2331e-02,-0.055,-0.255
-5.2330e-02,-0.065,0.055
-5.2328e-02,-0.06,-0.26
-5.2326e-02,-0.085,0.045
-5.2325e-02,-0.075,-0.24
-5.2323e-02,-0.06,0.03
-5.2322e-02,-0.12,-0.25
-5.2320e-02,-0.155,0.04
-5.2318e-02,-0.115,-0.27
-5.2317e-02,-0.125,0.06
-5.2315e-02,-0.13,-0.275
-5.2314e-02,-0.095,0.07
-5.2312e-02,-0.115,-0.25
-5.2310e-02,-0.105,0.045
-5.2309e-02,-0.055,-0.25
-5.2307e-02,-0.08,0.035
-5.2306e-02,-0.095,-0.24
-5.2304e-02,-0.07,0.03
-5.2302e-02,-0.11,-0.265
-5.2301e-02,-0.095,0.055
-5.2299e-02,-0.09,-0.245
-5.2298e-02,-0.17,0.04
-5.2296e-02,-0.075,-0.25
-5.2294e-02,-0.175,0.04
-5.2293e-02,-0.13,-0.245
-5.2291e-02,-0.06,0.04
-5.2290e-02,-0.175,-0.255
-5.2288e-02,-0.105,0.05
-5.2286e-02,-0.115,-0.235
-5.2285e-02,-0.115,0.03
-5.2283e-02,-0.045,-0.25
-5.2282e-02,-0.075,0.045
-5.2280e-02,-0.14,-0.27
-5.2278e-02,-0.13,0.07
-5.2277e-02,-0.03,-0.285
-5.2275e-02,-0.115,0.085
-5.2274e-02,-0.105,-0.26
-5.2272e-02,-0.145,0.05
-5.2270e-02,-0.11,-0.28
-5.2269e-02,-0.145,0.075
-5.2267e-02,-0.07,-0.23
-5.2266e-02,-0.125,0.03
-5.2264e-02,-0.075,-0.24
-5.2262e-02,-0.005,0.035
-5.2261e-02,-0.125,-0.25
-5.2259e-02,-0.05,0.05
-5.2258e-02,-0.06,-0.245
-5.2256e-02,-0.07,0.035
-5.2254e-02,-0.13,-0.25
-5.2253e-02,-0.065,0.045
-5.2251e-02,-0.175,-0.23
-5.2250e-02,-0.085,0.03
-5.2248e-02,-0.1,-0.225
-5.2246e-02,-0.1,0.02
-5.2245e-02,-0.085,-0.26
-5.2243e-02,-0.015,0.06
-5.2242e-02,-0.035,-0.25
-5.2240e-02,-0.125,0.05
-5.2238e-02,-0.08,-0.26
-5.2237e-02,0,0.065
-5.2235e-02,-0.065,-0.265
-5.2234e-02,-0.005,0.07
-5.2232e-02,-0.05,-0.24
-5.2230e-02,-0.105,0.04
-5.2229e-02,-0.055,-0.24
-5.2227e-02,-0.095,0.04
-5.2226e-02,-0.085,-0.26
-5.2224e-02,-0.16,0.06
-5.2222e-02,-0.05,-0.255
-5.2221e-02,-0.195,0.055
-5.2219e-02,-0.14,-0.235
-5.2218e-02,-0.145,0.04
-5.2216e-02,-0.135,-0.275
-5.2214e-02,-0.115,0.075
-5.2213e-02,-0.18,-0.255
-5.2211e-02,-0.02,0.055
-5.2210e-02,-0.075,-0.23
-5.2208e-02,-0.06,0.035
-5.2206e-02,-0.075,-0.25
-5.2205e-02,-0.12,0.05
-5.2203e-02,-0.025,-0.24
-5.2202e-02,0.005,0.04
-5.2200e-02,-0.03,-0.255
-5.2198e-02,-0.105,0.06
-5.2197e-02,-0.045,-0.27
-5.2195e-02,-0.03,0.07
-5.2194e-02,0.015,-0.275
-5.2192e-02,-0.115,0.075
-5.2190e-02,-0.07,-0.24
-5.2189e-02,-0.085,0.04
-5.2187e-02,-0.115,-0.26
-5.2186e-02,0.005,0.065
-5.2184e-02,-0.17,-0.23
-5.2182e-02,-0.12,0.04
-5.2181e-02,-0.145,-0.22
-5.2179e-02,-0.11,0.03
-5.2178e-02,-0.09,-0.275
-5.2176e-02,-0.085,0.07
-5.2174e-02,-0.12,-0.26
-5.2173e-02,-0.13,0.065
-5.2171e-02,-0.155,-0.25
-5.2170e-02,-0.08,0.055
-5.2168e-02,-0.02,-0.255
-5.2166e-02,-0.105,0.055
-5.2165e-02,-0.11,-0.255
-5.2163e-02,-0.165,0.055
-5.2162e-02,-0.1,-0.225
-5.2160e-02,-0.105,0.035
-5.2158e-02,-0.045,-0.26
-5.2157e-02,-0.145,0.07
-5.2155e-02,-0.14,-0.22
-5.2154e-02,-0.165,0.035
-5.2152e-02,-0.07,-0.25
-5.2150e-02,-0.075,0.06
-5.2149e-02,-0.04,-0.23
-5.2147e-02,-0.1,0.04
-5.2146e-02,-0.09,-0.24
-5.2144e-02,-0.105,0.05
-5.2142e-02,-0.045,-0.24
-5.2141e-02,0.015,0.055
-5.2139e-02,-0.145,-0.22
-5.2138e-02,-0.12,0.035
-5.2136e-02,-0.12,-0.275
-5.2134e-02,-0.045,0.08
-5.2133e-02,-0.065,-0.235
-5.2131e-02,-0.13,0.05
-5.2130e-02,-0.1,-0.235
-5.2128e-02,-0.065,0.05
-5.2126e-02,0,-0.235
-5.2125e-02,-0.05,0.05
-5.2123e-02,-0.015,-0.265
-5.2122e-02,-0.17,0.075
-5.2120e-02,-0.065,-0.24
-5.2118e-02,-0.07,0.055
-5.2117e-02,-0.085,-0.26
-5.2115e-02,-0.05,0.07
-5.2114e-02,-0.13,-0.24
-5.2112e-02,-0.095,0.055
-5.2110e-02,-0.175,-0.235
-5.2109e-02,-0.05,0.055
-5.2107e-02,-0.065,-0.235
-5.2106e-02,-0.085,0.045
-5.2104e-02,-0.155,-0.255
-5.2102e-02,-0.155,0.07
-5.2101e-02,-0.01,-0.26
-5.2099e-02,-0.07,0.075
-5.2098e-02,-0.095,-0.24
-5.2096e-02,-0.145,0.05
-5.2094e-02,-0.18,-0.245
-5.2093e-02,-0.05,0.06
-5.2091e-02,-0.05,-0.22
-5.2090e-02,-0.145,0.04
-5.2088e-02,-0.18,-0.23
-5.2086e-02,-0.155,0.055
-5.2085e-02,-0.055,-0.245
-5.2083e-02,-0.12,0.065
-5.2082e-02,-0.12,-0.255
-5.2080e-02,-0.145,0.07
-5.2078e-02,-0.155,-0.22
-5.2077e-02,-0.11,0.04
-5.2075e-02,-0.15,-0.25
-5.2074e-02,-0.03,0.07
-5.2072e-02,-0.17,-0.23
-5.2070e-02,-0.125,0.045
-5.2069e-02,-0.12,-0.255
-5.2067e-02,-0.12,0.075
-5.2066e-02,-0.06,-0.25
-5.2064e-02,-0.1,0.065
-5.2062e-02,-0.165,-0.25
-5.2061e-02,-0.125,0.07
-5.2059e-02,-0.07,-0.255
-5.2058e-02,-0.08,0.065
-5.2056e-02,-0.09,-0.235
-5.2054e-02,-0.12,0.06
-5.2053e-02,-0.08,-0.265
-5.2051e-02,-0.11,0.08
-5.2050e-02,-0.065,-0.255
-5.2048e-02,-0.055,0.065
-5.2046e-02,-0.095,-0.255
-5.2045e-02,-0.145,0.07
-5.2043e-02,0.005,-0.225
-5.2042e-02,-0.12,0.045
-5.2040e-02,-0.04,-0.255
-5.2038e-02,-0.045,0.07
-5.2037e-02,-0.1,-0.24
-5.2035e-02,-0.03,0.065
-5.2034e-02,-0.025,-0.265
-5.2032e-02,-0.035,0.085
-5.2030e-02,-0.04,-0.255
-5.2029e-02,-0.065,0.075
-5.2027e-02,-0.045,-0.24
-5.2026e-02,-0.055,0.065
-5.2024e-02,0.04,-0.24
-5.2022e-02,-0.115,0.065
-5.2021e-02,-0.045,-0.23
-5.2019e-02,-0.09,0.055
-5.2018e-02,-0.015,-0.24
-5.2016e-02,-0.025,0.065
-5.2014e-02,-0.055,-0.26
-5.2013e-02,-0.12,0.085
-5.2011e-02,-0.05,-0.24
-5.2010e-02,-0.03,0.065
-5.2008e-02,-0.075,-0.22
-5.2006e-02,-0.07,0.045
-5.2005e-02,-0.075,-0.235
-5.2003e-02,-0.12,0.06
-5.2002e-02,-0.105,-0.255
-5.2000e-02,-0.05,0.08
-5.1998e-02,-0.05,-0.22
-5.1997e-02,-0.13,0.05
-5.1995e-02,-0.095,-0.265
-5.1994e-02,-0.065,0.09
-5.1992e-02,-0.125,-0.26
-5.1990e-02,0.035,0.085
-5.1989e-02,-0.14,-0.265
-5.1987e-02,-0.095,0.085
-5.1986e-02,-0.095,-0.25
-5.1984e-02,-0.055,0.075
-5.1982e-02,-0.055,-0.225
-5.1981e-02,-0.14,0.06
-5.1979e-02,-0.145,-0.245
-5.1978e-02,-0.12,0.075
-5.1976e-02,-0.025,-0.225
-5.1974e-02,-0.09,0.05
-5.1973e-02,-0.085,-0.25
-5.1971e-02,-0.12,0.08
-5.1970e-02,-0.045,-0.225
-5.1968e-02,-0.015,0.055
-5.1966e-02,-0.025,-0.23
-5.1965e-02,-0.085,0.06
-5.1963e-02,-0.06,-0.21
-5.1962e-02,-0.105,0.045
-5.1960e-02,-0.05,-0.265
-5.1958e-02,-0.035,0.095
-5.1957e-02,-0.02,-0.23
-5.1955e-02,-0.13,0.065
-5.1954e-02,-0.065,-0.235
-5.1952e-02,-0.17,0.07
-5.1950e-02,-0.035,-0.23
-5.1949e-02,-0.105,0.055
-5.1947e-02,-0.055,-0.235
-5.1946e-02,-0.225,0.07
-5.1944e-02,-0.13,-0.225
-5.1942e-02,-0.095,0.06
-5.1941e-02,-0.04,-0.225
-5.1939e-02,-0.09,0.055
-5.1938e-02,-0.16,-0.21
-5.1936e-02,-0.075,0.05
-5.1934e-02,0.005,-0.23
-5.1933e-02,-0.06,0.07
-5.1931e-02,-0.04,-0.235
-5.1930e-02,-0.11,0.07
-5.1928e-02,-0.09,-0.26
-5.1926e-02,-0.035,0.095
-5.1925e-02,-0.025,-0.245
-5.1923e-02,-0.11,0.075
-5.1922e-02,-0.09,-0.22
-5.1920e-02,-0.105,0.06
-5.1918e-02,-0.08,-0.23
-5.1917e-02,-0.06,0.075
-5.1915e-02,-0.015,-0.235
-5.1914e-02,-0.175,0.08
-5.1912e-02,-0.095,-0.255
-5.1910e-02,-0.11,0.09
-5.1909e-02,0.015,-0.24
-5.1907e-02,-0.035,0.085
-5.1906e-02,-0.085,-0.215
-5.1904e-02,-0.08,0.055
-5.1902e-02,-0.065,-0.215
-5.1901e-02,-0.04,0.06
-5.1899e-02,0.04,-0.22
-5.1898e-02,-0.035,0.05
-5.1896e-02,-0.095,-0.22
-5.1894e-02,-0.02,0.06
-5.1893e-02,-0.045,-0.21
-5.1891e-02,0.05,0.05
-5.1890e-02,-0.045,-0.22
-5.1888e-02,-0.015,0.06
-5.1886e-02,-0.11,-0.235
-5.1885e-02,-0.04,0.065
-5.1883e-02,-0.055,-0.22
-5.1882e-02,-0.025,0.055
-5.1880e-02,-0.13,-0.235
-5.1878e-02,-0.105,0.07
-5.1877e-02,-0.155,-0.22
-5.1875e-02,-0.01,0.055
-5.1874e-02,-0.13,-0.22
-5.1872e-02,-0.07,0.055
-5.1870e-02,-0.235,-0.24
-5.1869e-02,-0.09,0.075
-5.1867e-02,-0.015,-0.235
-5.1866e-02,-0.045,0.07
-5.1864e-02,-0.115,-0.23
-5.1862e-02,-0.085,0.065
-5.1861e-02,-0.09,-0.21
-5.1859e-02,-0.025,0.05
-5.1858e-02,-0.02,-0.255
-5.1856e-02,-0.08,0.095
-5.1854e-02,-0.055,-0.225
-5.1853e-02,-0.11,0.07
-5.1851e-02,-0.06,-0.24
-5.1850e-02,-0.05,0.08
-5.1848e-02,-0.095,-0.24
-5.1846e-02,-0.015,0.08
-5.1845e-02,-0.135,-0.23
-5.1843e-02,-0.105,0.06
-5.1842e-02,-0.14,-0.23
-5.1840e-02,-0.035,0.075
-5.1838e-02,-0.095,-0.24
-5.1837e-02,-0.09,0.075
-5.1835e-02,-0.12,-0.245
-5.1834e-02,-0.105,0.085
-5.1832e-02,-0.03,-0.22
-5.1830e-02,-0.165,0.06
-5.1829e-02,-0.07,-0.23
-5.1827e-02,-0.125,0.065
-5.1826e-02,-0.045,-0.225
-5.1824e-02,-0.115,0.07
-5.1822e-02,-0.165,-0.21
-5.1821e-02,-0.13,0.05
-5.1819e-02,-0.025,-0.225
-5.1818e-02,-0.085,0.06
-5.1816e-02,-0.09,-0.23
-5.1814e-02,-0.115,0.07
-5.1813e-02,-0.155,-0.235
-5.1811e-02,-0.07,0.07
-5.1810e-02,-0.075,-0.26
-5.1808e-02,-0.09,0.115
-5.1806e-02,-0.055,-0.23
-5.1805e-02,-0.125,0.075
-5.1803e-02,-0.15,-0.24
-5.1802e-02,-0.08,0.085
-5.1800e-02,-0.07,-0.235
-5.1798e-02,-0.07,0.08
-5.1797e-02,-0.115,-0.23
-5.1795e-02,-0.165,0.08
-5.1794e-02,-0.175,-0.225
-5.1792e-02,-0.05,0.075
-5.1790e-02,-0.08,-0.22
-5.1789e-02,-0.09,0.07
-5.1787e-02,-0.115,-0.24
-5.1786e-02,-0.09,0.085
-5.1784e-02,-0.04,-0.23
-5.1782e-02,-0.005,0.075
-5.1781e-02,-0.11,-0.22
-5.1779e-02,-0.11,0.06
-5.1778e-02,-0.125,-0.22
-5.1776e-02,-0.045,0.07
-5.1774e-02,-0.135,-0.21
-5.1773e-02,-0.08,0.055
-5.1771e-02,-0.18,-0.215
-5.1770e-02,-0.115,0.065
-5.1768e-02,-0.085,-0.21
-5.1766e-02,-0.125,0.065
-5.1765e-02,-0.075,-0.25
-5.1763e-02,-0.19,0.11
-5.1762e-02,-0.11,-0.22
-5.1760e-02,-0.105,0.07
-5.1758e-02,-0.01,-0.235
-5.1757e-02,-0.085,0.085
-5.1755e-02,-0.12,-0.245
-5.1754e-02,-0.125,0.095
-5.1752e-02,-0.14,-0.21
-5.1750e-02,0.02,0.07
-5.1749e-02,-0.08,-0.205
-5.1747e-02,-0.135,0.065
-5.1746e-02,-0.14,-0.22
-5.1744e-02,-0.125,0.08
-5.1742e-02,-0.06,-0.21
-5.1741e-02,-0.13,0.065
-5.1739e-02,-0.045,-0.21
-5.1738e-02,-0.14,0.065
-5.1736e-02,-0.14,-0.23
-5.1734e-02,-0.05,0.09
-5.1733e-02,-0.1,-0.205
-5.1731e-02,-0.055,0.065
-5.1730e-02,-0.09,-0.23
-5.1728e-02,-0.125,0.095
-5.1726e-02,-0.14,-0.225
-5.1725e-02,-0.045,0.085
-5.1723e-02,-0.02,-0.23
-5.1722e-02,-0.19,0.08
-5.1720e-02,-0.075,-0.235
-5.1718e-02,-0.15,0.095
-5.1717e-02,-0.005,-0.225
-5.1715e-02,-0.03,0.085
-5.1714e-02,-0.105,-0.22
-5.1712e-02,-0.11,0.08
-5.1710e-02,-0.03,-0.215
-5.1709e-02,0.03,0.07
-5.1707e-02,-0.09,-0.23
-5.1706e-02,-0.06,0.095
-5.1704e-02,-0.09,-0.27
-5.1702e-02,-0.08,0.13
-5.1701e-02,-0.015,-0.24
-5.1699e-02,-0.01,0.095
-5.1698e-02,-0.09,-0.255
-5.1696e-02,-0.05,0.105
-5.1694e-02,-0.035,-0.23
-5.1693e-02,-0.04,0.08
-5.1691e-02,-0.03,-0.245
-5.1690e-02,-0.01,0.1
-5.1688e-02,0.02,-0.215
-5.1686e-02,-0.1,0.07
-5.1685e-02,-0.045,-0.21
-5.1683e-02,0.04,0.06
-5.1682e-02,-0.005,-0.22
-5.1680e-02,-0.05,0.075
-5.1678e-02,-0.03,-0.205
-5.1677e-02,-0.05,0.065
-5.1675e-02,-0.015,-0.2
-5.1674e-02,-0.06,0.06
-5.1672e-02,-0.015,-0.245
-5.1670e-02,-0.11,0.1
-5.1669e-02,-0.06,-0.21
-5.1667e-02,0.015,0.07
-5.1666e-02,-0.085,-0.225
-5.1664e-02,-0.095,0.08
-5.1662e-02,-0.025,-0.225
-5.1661e-02,-0.05,0.085
-5.1659e-02,-0.075,-0.23
-5.1658e-02,-0.085,0.095
-5.1656e-02,-0.025,-0.23
-5.1654e-02,-0.045,0.085
-5.1653e-02,-0.11,-0.205
-5.1651e-02,-0.05,0.07
-5.1650e-02,-0.045,-0.21
-5.1648e-02,-0.01,0.07
-5.1646e-02,-0.1,-0.215
-5.1645e-02,-0.01,0.075
-5.1643e-02,-0.055,-0.21
-5.1642e-02,-0.025,0.08
-5.1640e-02,-0.045,-0.235
-5.1638e-02,0.015,0.09
-5.1637e-02,-0.065,-0.235
-5.1635e-02,-0.075,0.1
-5.1634e-02,0.015,-0.205
-5.1632e-02,-0.045,0.07
-5.1630e-02,-0.11,-0.245
-5.1629e-02,-0.055,0.105
-5.1627e-02,-0.085,-0.235
-5.1626e-02,-0.065,0.095
-5.1624e-02,-0.145,-0.22
-5.1622e-02,-0.045,0.085
-5.1621e-02,-0.05,-0.25
-5.1619e-02,-0.065,0.12
-5.1618e-02,-0.095,-0.195
-5.1616e-02,-0.03,0.065
-5.1614e-02,-0.04,-0.24
-5.1613e-02,-0.035,0.105
-5.1611e-02,-0.085,-0.22
-5.1610e-02,-0.03,0.085
-5.1608e-02,-0.03,-0.23
-5.1606e-02,-0.045,0.1
-5.1605e-02,0.005,-0.225
-5.1603e-02,-0.06,0.09
-5.1602e-02,-0.035,-0.21
-5.1600e-02,-0.055,0.08
-5.1598e-02,-0.02,-0.21
-5.1597e-02,0,0.075
-5.1595e-02,-0.02,-0.2
-5.1594e-02,-0.05,0.07
-5.1592e-02,-0.09,-0.21
-5.1590e-02,-0.025,0.08
-5.1589e-02,-0.09,-0.23
-5.1587e-02,-0.015,0.1
-5.1586e-02,-0.08,-0.19
-5.1584e-02,-0.095,0.06
-5.1582e-02,-0.175,-0.2
-5.1581e-02,-0.09,0.07
-5.1579e-02,0.005,-0.23
-5.1578e-02,-0.125,0.1
-5.1576e-02,-0.155,-0.21
-5.1574e-02,-0.12,0.085
-5.1573e-02,-0.065,-0.205
-5.1571e-02,-0.085,0.075
-5.1570e-02,-0.085,-0.23
-5.1568e-02,-0.125,0.105
-5.1566e-02,-0.08,-0.2
-5.1565e-02,-0.12,0.07
-5.1563e-02,-0.065,-0.23
-5.1562e-02,-0.005,0.1
-5.1560e-02,-0.075,-0.225
-5.1558e-02,-0.115,0.1
-5.1557e-02,-0.1,-0.225
-5.1555e-02,0.01,0.09
-5.1554e-02,-0.04,-0.205
-5.1552e-02,-0.02,0.075
-5.1550e-02,-0.135,-0.23
-5.1549e-02,-0.06,0.1
-5.1547e-02,-0.08,-0.22
-5.1546e-02,0.055,0.095
-5.1544e-02,-0.05,-0.23
-5.1542e-02,-0.07,0.1
-5.1541e-02,-0.08,-0.24
-5.1539e-02,-0.04,0.11
-5.1538e-02,0.01,-0.21
-5.1536e-02,-0.04,0.085
-5.1534e-02,0,-0.21
-5.1533e-02,-0.05,0.08
-5.1531e-02,-0.055,-0.215
-5.1530e-02,-0.015,0.08
-5.1528e-02,0.005,-0.225
-5.1526e-02,0.065,0.1
-5.1525e-02,-0.07,-0.225
-5.1523e-02,-0.075,0.1
-5.1522e-02,-0.065,-0.22
-5.1520e-02,0.005,0.085
-5.1518e-02,-0.02,-0.205
-5.1517e-02,-0.085,0.08
-5.1515e-02,-0.175,-0.215
-5.1514e-02,-0.1,0.085
-5.1512e-02,-0.09,-0.21
-5.1510e-02,-0.075,0.095
-5.1509e-02,-0.135,-0.22
-5.1507e-02,-0.145,0.1
-5.1506e-02,-0.14,-0.255
-5.1504e-02,-0.055,0.12
-5.1502e-02,-0.005,-0.24
-5.1501e-02,-0.115,0.115
-5.1499e-02,-0.07,-0.22
-5.1498e-02,-0.08,0.1
-5.1496e-02,0.04,-0.225
-5.1494e-02,-0.015,0.105
-5.1493e-02,-0.015,-0.235
-5.1491e-02,-0.045,0.105
-5.1490e-02,-0.06,-0.245
-5.1488e-02,-0.035,0.125
-5.1486e-02,0.005,-0.205
-5.1485e-02,0,0.08
-5.1483e-02,-0.05,-0.22
-5.1482e-02,-0.13,0.095
-5.1480e-02,-0.09,-0.23
-5.1478e-02,-0.075,0.105
-5.1477e-02,0,-0.23
-5.1475e-02,-0.08,0.105
-5.1474e-02,-0.12,-0.195
-5.1472e-02,-0.085,0.075
-5.1470e-02,0,-0.205
-5.1469e-02,-0.03,0.085
-5.1467e-02,-0.04,-0.205
-5.1466e-02,-0.105,0.08
-5.1464e-02,-0.045,-0.23
-5.1462e-02,-0.045,0.115
-5.1461e-02,-0.085,-0.2
-5.1459e-02,-0.02,0.09
-5.1458e-02,-0.045,-0.225
-5.1456e-02,-0.085,0.105
-5.1454e-02,-0.085,-0.225
-5.1453e-02,0.05,0.11
-5.1451e-02,-0.05,-0.195
-5.1450e-02,-0.03,0.08
-5.1448e-02,-0.065,-0.21
-5.1446e-02,0.02,0.095
-5.1445e-02,-0.04,-0.22
-5.1443e-02,0.055,0.105
-5.1442e-02,-0.025,-0.215
-5.1440e-02,-0.035,0.1
-5.1438e-02,-0.04,-0.215
-5.1437e-02,0.04,0.1
-5.1435e-02,0,-0.21
-5.1434e-02,-0.04,0.1
-5.1432e-02,-0.07,-0.19
-5.1430e-02,-0.01,0.075
-5.1429e-02,-0.045,-0.23
-5.1427e-02,-0.055,0.115
-5.1426e-02,-0.045,-0.2
-5.1424e-02,-0.055,0.09
-5.1422e-02,-0.075,-0.21
-5.1421e-02,-0.12,0.1
-5.1419e-02,-0.05,-0.225
-5.1418e-02,-0.06,0.115
-5.1416e-02,-0.1,-0.225
-5.1414e-02,-0.05,0.115
-5.1413e-02,-0.095,-0.215
-5.1411e-02,-0.01,0.105
-5.1410e-02,-0.105,-0.2
-5.1408e-02,-0.055,0.09
-5.1406e-02,-0.025,-0.19
-5.1405e-02,-0.05,0.08
-5.1403e-02,-0.05,-0.21
-5.1402e-02,-0.045,0.1
-5.1400e-02,-0.055,-0.225
-5.1398e-02,-0.07,0.11
-5.1397e-02,0,-0.23
-5.1395e-02,-0.105,0.12
-5.1394e-02,-0.135,-0.2
-5.1392e-02,-0.095,0.085
-5.1390e-02,-0.025,-0.205
-5.1389e-02,-0.12,0.1
-5.1387e-02,-0.06,-0.195
-5.1386e-02,-0.09,0.085
-5.1384e-02,0.005,-0.195
-5.1382e-02,-0.05,0.085
-5.1381e-02,0.01,-0.22
-5.1379e-02,0,0.12
-5.1378e-02,-0.17,-0.2
-5.1376e-02,-0.09,0.09
-5.1374e-02,-0.085,-0.235
-5.1373e-02,-0.06,0.125
-5.1371e-02,-0.015,-0.205
-5.1370e-02,-0.035,0.1
-5.1368e-02,-0.07,-0.21
-5.1366e-02,-0.095,0.1
-5.1365e-02,0.055,-0.215
-5.1363e-02,0,0.1
-5.1362e-02,-0.02,-0.19
-5.1360e-02,-0.07,0.08
-5.1358e-02,-0.09,-0.185
-5.1357e-02,-0.005,0.07
-5.1355e-02,-0.02,-0.23
-5.1354e-02,-0.03,0.115
-5.1352e-02,-0.17,-0.2
-5.1350e-02,0.01,0.085
-5.1349e-02,-0.02,-0.21
-5.1347e-02,0.005,0.095
-5.1346e-02,-0.025,-0.19
-5.1344e-02,-0.015,0.08
-5.1342e-02,-0.085,-0.22
-5.1341e-02,-0.1,0.11
-5.1339e-02,0,-0.225
-5.1338e-02,0.01,0.11
-5.1336e-02,-0.13,-0.205
-5.1334e-02,-0.04,0.09
-5.1333e-02,-0.19,-0.235
-5.1331e-02,0,0.12
-5.1330e-02,-0.065,-0.23
-5.1328e-02,0.005,0.115
-5.1326e-02,-0.14,-0.205
-5.1325e-02,-0.14,0.095
-5.1323e-02,-0.075,-0.24
-5.1322e-02,-0.095,0.13
-5.1320e-02,-0.105,-0.21
-5.1318e-02,-0.03,0.1
-5.1317e-02,0.005,-0.2
-5.1315e-02,-0.07,0.095
-5.1314e-02,-0.015,-0.18
-5.1312e-02,-0.01,0.075
-5.1310e-02,-0.07,-0.2
-5.1309e-02,0.04,0.09
-5.1307e-02,-0.055,-0.195
-5.1306e-02,-0.07,0.095
-5.1304e-02,-0.06,-0.21
-5.1302e-02,-0.015,0.11
-5.1301e-02,-0.025,-0.2
-5.1299e-02,-0.085,0.105
-5.1298e-02,-0.02,-0.205
-5.1296e-02,-0.085,0.105
-5.1294e-02,-0.09,-0.19
-5.1293e-02,-0.105,0.09
-5.1291e-02,-0.095,-0.21
-5.1290e-02,-0.05,0.095
-5.1288e-02,-0.005,-0.2
-5.1286e-02,-0.04,0.095
-5.1285e-02,-0.055,-0.2
-5.1283e-02,0.065,0.1
-5.1282e-02,-0.075,-0.195
-5.1280e-02,-0.095,0.1
-5.1278e-02,-0.135,-0.195
-5.1277e-02,-0.03,0.095
-5.1275e-02,-0.085,-0.215
-5.1274e-02,-0.04,0.12
-5.1272e-02,0.025,-0.205
-5.1270e-02,-0.02,0.105
-5.1269e-02,-0.01,-0.205
-5.1267e-02,-0.015,0.105
-5.1266e-02,0.005,-0.205
-5.1264e-02,-0.09,0.11
-5.1262e-02,0.015,-0.195
-5.1261e-02,-0.11,0.095
-5.1259e-02,-0.075,-0.18
-5.1258e-02,-0.04,0.09
-5.1256e-02,-0.015,-0.205
-5.1254e-02,-0.045,0.11
-5.1253e-02,-0.17,-0.18
-5.1251e-02,-0.135,0.085
-5.1250e-02,-0.095,-0.2
-5.1248e-02,0.015,0.095
-5.1246e-02,-0.07,-0.215
-5.1245e-02,-0.14,0.115
-5.1243e-02,0,-0.22
-5.1242e-02,-0.06,0.125
-5.1240e-02,-0.015,-0.225
-5.1238e-02,-0.07,0.13
-5.1237e-02,-0.085,-0.18
-5.1235e-02,-0.05,0.09
-5.1234e-02,0.01,-0.195
-5.1232e-02,0.03,0.095
-5.1230e-02,0.02,-0.2
-5.1229e-02,0.03,0.105
-5.1227e-02,-0.105,-0.22
-5.1226e-02,-0.05,0.12
-5.1224e-02,-0.005,-0.2
-5.1222e-02,0.03,0.1
-5.1221e-02,0.025,-0.215
-5.1219e-02,-0.015,0.12
-5.1218e-02,-0.11,-0.205
-5.1216e-02,-0.015,0.105
-5.1214e-02,0.01,-0.2
-5.1213e-02,0.005,0.1
-5.1211e-02,-0.085,-0.19
-5.1210e-02,-0.055,0.085
-5.1208e-02,0.01,-0.2
-5.1206e-02,-0.065,0.1
-5.1205e-02,0.01,-0.2
-5.1203e-02,-0.055,0.11
-5.1202e-02,-0.11,-0.195
-5.1200e-02,-0.015,0.105
-5.1198e-02,-0.035,-0.23
-5.1197e-02,0.03,0.13
-5.1195e-02,0,-0.205
-5.1194e-02,-0.015,0.12
-5.1192e-02,-0.11,-0.18
-5.1190e-02,-0.04,0.095
-5.1189e-02,-0.03,-0.185
-5.1187e-02,-0.07,0.09
-5.1186e-02,-0.055,-0.235
-5.1184e-02,-0.04,0.14
-5.1182e-02,0.03,-0.235
-5.1181e-02,-0.06,0.145
-5.1179e-02,-0.015,-0.2
-5.1178e-02,-0.035,0.11
-5.1176e-02,-0.055,-0.22
-5.1174e-02,0.015,0.13
-5.1173e-02,-0.125,-0.21
-5.1171e-02,-0.065,0.115
-5.1170e-02,-0.105,-0.21
-5.1168e-02,-0.02,0.11
-5.1166e-02,-0.09,-0.19
-5.1165e-02,0.03,0.105
-5.1163e-02,-0.03,-0.19
-5.1162e-02,-0.015,0.105
-5.1160e-02,0.045,-0.265
-5.1158e-02,-0.04,0.17
-5.1157e-02,0.01,-0.215
-5.1155e-02,-0.025,0.13
-5.1154e-02,0.04,-0.215
-5.1152e-02,-0.06,0.13
-5.1150e-02,0.065,-0.205
-5.1149e-02,0.005,0.12
-5.1147e-02,-0.03,-0.23
-5.1146e-02,-0.07,0.135
-5.1144e-02,-0.025,-0.19
-5.1142e-02,0.01,0.105
-5.1141e-02,0.07,-0.195
-5.1139e-02,-0.085,0.11
-5.1138e-02,-0.12,-0.205
-5.1136e-02,-0.015,0.12
-5.1134e-02,-0.1,-0.18
-5.1133e-02,0.025,0.095
-5.1131e-02,-0.06,-0.195
-5.1130e-02,-0.075,0.12
-5.1128e-02,-0.09,-0.23
-5.1126e-02,-0.08,0.14
-5.1125e-02,-0.105,-0.22
-5.1123e-02,0.035,0.13
-5.1122e-02,-0.04,-0.215
-5.1120e-02,-0.07,0.135
-5.1118e-02,-0.095,-0.2
-5.1117e-02,-0.005,0.11
-5.1115e-02,0.01,-0.2
-5.1114e-02,-0.01,0.12
-5.1112e-02,0.065,-0.195
-5.1110e-02,-0.075,0.11
-5.1109e-02,0.005,-0.22
-5.1107e-02,-0.035,0.14
-5.1106e-02,0.02,-0.2
-5.1104e-02,-0.055,0.12
-5.1102e-02,0.02,-0.21
-5.1101e-02,-0.01,0.125
-5.1099e-02,-0.055,-0.205
-5.1098e-02,0.035,0.12
-5.1096e-02,-0.07,-0.215
-5.1094e-02,-0.05,0.135
-5.1093e-02,-0.05,-0.205
-5.1091e-02,-0.085,0.12
-5.1090e-02,0.02,-0.2
-5.1088e-02,-0.045,0.11
-5.1086e-02,-0.07,-0.205
-5.1085e-02,-0.14,0.12
-5.1083e-02,-0.045,-0.21
-5.1082e-02,0.03,0.125
-5.1080e-02,-0.08,-0.21
-5.1078e-02,-0.06,0.13
-5.1077e-02,-0.155,-0.21
-5.1075e-02,-0.05,0.13
-5.1074e-02,0.04,-0.21
-5.1072e-02,0.02,0.135
-5.1070e-02,0.005,-0.205
-5.1069e-02,-0.01,0.12
-5.1067e-02,-0.065,-0.2
-5.1066e-02,-0.01,0.12
-5.1064e-02,0.07,-0.2
-5.1062e-02,0.05,0.12
-5.1061e-02,0.045,-0.19
-5.1059e-02,-0.055,0.11
-5.1058e-02,-0.135,-0.2
-5.1056e-02,0.01,0.12
-5.1054e-02,-0.035,-0.185
-5.1053e-02,0.035,0.11
-5.1051e-02,-0.07,-0.19
-5.1050e-02,-0.11,0.115
-5.1048e-02,-0.095,-0.19
-5.1046e-02,-0.05,0.11
-5.1045e-02,-0.035,-0.21
-5.1043e-02,-0.055,0.13
-5.1042e-02,-0.045,-0.21
-5.1040e-02,-0.09,0.13
-5.1038e-02,-0.11,-0.19
-5.1037e-02,-0.005,0.115
-5.1035e-02,0.02,-0.215
-5.1034e-02,0.015,0.14
-5.1032e-02,0,-0.185
-5.1030e-02,-0.065,0.11
-5.1029e-02,0.04,-0.215
-5.1027e-02,-0.045,0.135
-5.1026e-02,0.01,-0.205
-5.1024e-02,-0.055,0.12
-5.1022e-02,-0.035,-0.21
-5.1021e-02,0.035,0.145
-5.1019e-02,0.02,-0.195
-5.1018e-02,-0.03,0.125
-5.1016e-02,-0.055,-0.2
-5.1014e-02,0.06,0.13
-5.1013e-02,-0.06,-0.18
-5.1011e-02,0.055,0.105
-5.1010e-02,0,-0.19
-5.1008e-02,-0.035,0.115
-5.1006e-02,-0.01,-0.185
-5.1005e-02,-0.045,0.115
-5.1003e-02,0.005,-0.18
-5.1002e-02,0.04,0.11
-5.1000e-02,-0.055,-0.22
-5.0998e-02,0.005,0.14
-5.0997e-02,-0.065,-0.19
-5.0995e-02,-0.02,0.115
-5.0994e-02,0.025,-0.19
-5.0992e-02,-0.05,0.125
-5.0990e-02,-0.06,-0.17
-5.0989e-02,-0.085,0.1
-5.0987e-02,0.05,-0.19
-5.0986e-02,-0.1,0.115
-5.0984e-02,-0.005,-0.185
-5.0982e-02,-0.12,0.105
-5.0981e-02,0.03,-0.165
-5.0979e-02,-0.045,0.095
-5.0978e-02,0.035,-0.18
-5.0976e-02,-0.055,0.115
-5.0974e-02,0.015,-0.2
-5.0973e-02,-0.015,0.13
-5.0971e-02,0.02,-0.195
-5.0970e-02,-0.07,0.12
-5.0968e-02,-0.02,-0.175
-5.0966e-02,-0.035,0.11
-5.0965e-02,-0.1,-0.195
-5.0963e-02,0.035,0.13
-5.0962e-02,-0.06,-0.21
-5.0960e-02,0.07,0.14
-5.0958e-02,-0.055,-0.17
-5.0957e-02,-0.04,0.1
-5.0955e-02,-0.105,-0.19
-5.0954e-02,0.035,0.125
-5.0952e-02,-0.09,-0.19
-5.0950e-02,-0.055,0.12
-5.0949e-02,-0.105,-0.18
-5.0947e-02,-0.035,0.11
-5.0946e-02,-0.02,-0.17
-5.0944e-02,-0.05,0.105
-5.0942e-02,-0.025,-0.18
-5.0941e-02,0.015,0.115
-5.0939e-02,-0.035,-0.2
-5.0938e-02,0,0.14
-5.0936e-02,-0.02,-0.175
-5.0934e-02,0.005,0.11
-5.0933e-02,-0.015,-0.19
-5.0931e-02,0.04,0.12
-5.0930e-02,0,-0.21
-5.0928e-02,-0.03,0.15
-5.0926e-02,0.07,-0.185
-5.0925e-02,-0.055,0.12
-5.0923e-02,0.035,-0.17
-5.0922e-02,-0.06,0.105
-5.0920e-02,0,-0.195
-5.0918e-02,0.005,0.135
-5.0917e-02,-0.115,-0.165
-5.0915e-02,0.005,0.1
-5.0914e-02,-0.015,-0.18
-5.0912e-02,-0.03,0.11
-5.0910e-02,-0.085,-0.19
-5.0909e-02,-0.025,0.125
-5.0907e-02,-0.055,-0.195
-5.0906e-02,0.015,0.12
-5.0904e-02,-0.065,-0.205
-5.0902e-02,-0.07,0.13
-5.0901e-02,-0.045,-0.18
-5.0899e-02,0.045,0.115
-5.0898e-02,0.035,-0.18
-5.0896e-02,0.07,0.12
-5.0894e-02,-0.005,-0.23
-5.0893e-02,-0.09,0.155
-5.0891e-02,0.07,-0.21
-5.0890e-02,-0.035,0.14
-5.0888e-02,0.075,-0.19
-5.0886e-02,0.005,0.12
-5.0885e-02,-0.06,-0.205
-5.0883e-02,-0.06,0.14
-5.0882e-02,-0.09,-0.17
-5.0880e-02,0.01,0.115
-5.0878e-02,0.005,-0.185
-5.0877e-02,-0.045,0.115
-5.0875e-02,-0.02,-0.175
-5.0874e-02,0.08,0.12
-5.0872e-02,0.045,-0.195
-5.0870e-02,-0.02,0.13
-5.0869e-02,-0.115,-0.185
-5.0867e-02,-0.105,0.13
-5.0866e-02,-0.02,-0.195
-5.0864e-02,-0.03,0.13
-5.0862e-02,0.005,-0.185
-5.0861e-02,-0.05,0.135
-5.0859e-02,-0.015,-0.19
-5.0858e-02,-0.06,0.13
-5.0856e-02,0.04,-0.195
-5.0854e-02,0.025,0.145
-5.0853e-02,0.05,-0.185
-5.0851e-02,0.06,0.12
-5.0850e-02,-0.09,-0.16
-5.0848e-02,0.025,0.1
-5.0846e-02,0.02,-0.165
-5.0845e-02,0.01,0.11
-5.0843e-02,0.015,-0.195
-5.0842e-02,-0.065,0.13
-5.0840e-02,-0.085,-0.2
-5.0838e-02,-0.035,0.135
-5.0837e-02,-0.03,-0.21
-5.0835e-02,-0.055,0.155
-5.0834e-02,-0.05,-0.185
-5.0832e-02,-0.055,0.13
-5.0830e-02,-0.045,-0.18
-5.0829e-02,0.02,0.12
-5.0827e-02,-0.01,-0.17
-5.0826e-02,-0.045,0.11
-5.0824e-02,-0.025,-0.17
-5.0822e-02,-0.06,0.11
-5.0821e-02,0.005,-0.21
-5.0819e-02,-0.02,0.14
-5.0818e-02,0.015,-0.19
-5.0816e-02,-0.075,0.13
-5.0814e-02,0.015,-0.19
-5.0813e-02,-0.03,0.14
-5.0811e-02,0.12,-0.2
-5.0810e-02,-0.085,0.15
-5.0808e-02,0.015,-0.205
-5.0806e-02,-0.09,0.145
-5.0805e-02,-0.045,-0.22
-5.0803e-02,-0.055,0.155
-5.0802e-02,0.015,-0.18
-5.0800e-02,0.025,0.13
-5.0798e-02,-0.05,-0.205
-5.0797e-02,0.01,0.155
-5.0795e-02,-0.035,-0.195
-5.0794e-02,-0.055,0.135
-5.0792e-02,0.02,-0.195
-5.0790e-02,-0.09,0.14
-5.0789e-02,-0.08,-0.18
-5.0787e-02,-0.155,0.13
-5.0786e-02,-0.01,-0.18
-5.0784e-02,-0.04,0.135
-5.0782e-02,0.055,-0.2
-5.0781e-02,-0.115,0.15
-5.0779e-02,-0.055,-0.165
-5.0778e-02,0.025,0.115
-5.0776e-02,0.01,-0.175
-5.0774e-02,0.045,0.125
-5.0773e-02,-0.055,-0.2
-5.0771e-02,-0.015,0.15
-5.0770e-02,-0.035,-0.175
-5.0768e-02,0.085,0.125
-5.0766e-02,0.015,-0.165
-5.0765e-02,-0.02,0.115
-5.0763e-02,-0.01,-0.195
-5.0762e-02,-0.085,0.14
-5.0760e-02,0.055,-0.185
-5.0758e-02,0.07,0.145
-5.0757e-02,-0.02,-0.17
-5.0755e-02,-0.105,0.125
-5.0754e-02,-0.045,-0.185
-5.0752e-02,-0.005,0.14
-5.0750e-02,0.045,-0.165
-5.0749e-02,-0.01,0.115
-5.0747e-02,-0.02,-0.19
-5.0746e-02,-0.165,0.15
-5.0744e-02,0.025,-0.215
-5.0742e-02,0,0.16
-5.0741e-02,0.03,-0.145
-5.0739e-02,-0.035,0.11
-5.0738e-02,-0.005,-0.17
-5.0736e-02,-0.1,0.12
-5.0734e-02,-0.005,-0.2
-5.0733e-02,0.03,0.155
-5.0731e-02,0.01,-0.18
-5.0730e-02,-0.035,0.135
-5.0728e-02,-0.08,-0.17
-5.0726e-02,-0.005,0.13
-5.0725e-02,0.06,-0.18
-5.0723e-02,0.06,0.145
-5.0722e-02,-0.055,-0.18
-5.0720e-02,-0.08,0.13
-5.0718e-02,0.015,-0.21
-5.0717e-02,0.065,0.17
-5.0715e-02,-0.025,-0.165
-5.0714e-02,-0.05,0.125
-5.0712e-02,-0.12,-0.175
-5.0710e-02,0.01,0.13
-5.0709e-02,-0.045,-0.165
-5.0707e-02,-0.015,0.12
-5.0706e-02,-0.055,-0.165
-5.0704e-02,-0.06,0.125
-5.0702e-02,-0.08,-0.185
-5.0701e-02,-0.025,0.135
-5.0699e-02,0.08,-0.17
-5.0698e-02,-0.015,0.125
-5.0696e-02,-0.04,-0.215
-5.0694e-02,-0.045,0.185
-5.0693e-02,-0.005,-0.165
-5.0691e-02,0.03,0.125
-5.0690e-02,0.015,-0.2
-5.0688e-02,-0.01,0.16
-5.0686e-02,-0.105,-0.185
-5.0685e-02,0.035,0.14
-5.0683e-02,-0.06,-0.18
-5.0682e-02,0.05,0.14
-5.0680e-02,-0.04,-0.18
-5.0678e-02,-0.055,0.145
-5.0677e-02,-0.04,-0.155
-5.0675e-02,0.005,0.11
-5.0674e-02,-0.02,-0.17
-5.0672e-02,-0.025,0.125
-5.0670e-02,-0.02,-0.18
-5.0669e-02,-0.085,0.145
-5.0667e-02,-0.07,-0.2
-5.0666e-02,-0.05,0.16
-5.0664e-02,-0.05,-0.16
-5.0662e-02,-0.04,0.125
-5.0661e-02,-0.07,-0.175
-5.0659e-02,-0.03,0.135
-5.0658e-02,-0.07,-0.185
-5.0656e-02,-0.03,0.145
-5.0654e-02,-0.17,-0.185
-5.0653e-02,0.02,0.135
-5.0651e-02,-0.035,-0.18
-5.0650e-02,-0.005,0.14
-5.0648e-02,-0.06,-0.165
-5.0646e-02,-0.085,0.13
-5.0645e-02,-0.01,-0.18
-5.0643e-02,-0.04,0.145
-5.0642e-02,0.1,-0.175
-5.0640e-02,-0.015,0.135
-5.0638e-02,0.06,-0.18
-5.0637e-02,-0.005,0.135
-5.0635e-02,-0.01,-0.16
-5.0634e-02,0.02,0.125
-5.0632e-02,-0.025,-0.175
-5.0630e-02,-0.015,0.135
-5.0629e-02,0,-0.16
-5.0627e-02,0.035,0.12
-5.0626e-02,-0.035,-0.175
-5.0624e-02,-0.05,0.13
-5.0622e-02,0.005,-0.225
-5.0621e-02,-0.095,0.19
-5.0619e-02,-0.055,-0.18
-5.0618e-02,0.015,0.145
-5.0616e-02,-0.06,-0.185
-5.0614e-02,-0.085,0.145
-5.0613e-02,-0.12,-0.165
-5.0611e-02,0.01,0.125
-5.0610e-02,-0.08,-0.165
-5.0608e-02,0.03,0.13
-5.0606e-02,-0.085,-0.18
-5.0605e-02,-0.065,0.14
-5.0603e-02,0.025,-0.2
-5.0602e-02,0.035,0.155
-5.0600e-02,0.025,-0.15
-5.0598e-02,0.035,0.115
-5.0597e-02,0.02,-0.195
-5.0595e-02,0.01,0.16
-5.0594e-02,0.025,-0.17
-5.0592e-02,0.085,0.135
-5.0590e-02,0.03,-0.175
-5.0589e-02,0,0.14
-5.0587e-02,-0.07,-0.18
-5.0586e-02,0.015,0.14
-5.0584e-02,-0.005,-0.185
-5.0582e-02,0.03,0.15
-5.0581e-02,-0.105,-0.2
-5.0579e-02,-0.11,0.16
-5.0578e-02,-0.05,-0.155
-5.0576e-02,-0.02,0.12
-5.0574e-02,-0.01,-0.18
-5.0573e-02,-0.05,0.15
-5.0571e-02,-0.09,-0.18
-5.0570e-02,-0.025,0.15
-5.0568e-02,0.095,-0.165
-5.0566e-02,0.015,0.135
-5.0565e-02,-0.095,-0.185
-5.0563e-02,-0.005,0.155
-5.0562e-02,-0.01,-0.2
-5.0560e-02,0.01,0.165
-5.0558e-02,0.05,-0.17
-5.0557e-02,-0.055,0.135
-5.0555e-02,-0.045,-0.185
-5.0554e-02,0.06,0.15
-5.0552e-02,0.005,-0.16
-5.0550e-02,0.1,0.13
-5.0549e-02,-0.05,-0.19
-5.0547e-02,0.015,0.165
-5.0546e-02,-0.095,-0.18
-5.0544e-02,0.14,0.15
-5.0542e-02,0,-0.205
-5.0541e-02,0.005,0.18
-5.0539e-02,-0.085,-0.17
-5.0538e-02,-0.005,0.14
-5.0536e-02,0.035,-0.18
-5.0534e-02,0.025,0.155
-5.0533e-02,0.03,-0.21
-5.0531e-02,-0.08,0.185
-5.0530e-02,-0.035,-0.22
-5.0528e-02,0.035,0.185
-5.0526e-02,0.02,-0.17
-5.0525e-02,0.04,0.14
-5.0523e-02,-0.025,-0.16
-5.0522e-02,0.02,0.14
-5.0520e-02,-0.065,-0.16
-5.0518e-02,0.12,0.135
-5.0517e-02,-0.005,-0.155
-5.0515e-02,0.05,0.13
-5.0514e-02,-0.035,-0.16
-5.0512e-02,0.05,0.135
-5.0510e-02,-0.005,-0.165
-5.0509e-02,0.085,0.15
-5.0507e-02,-0.005,-0.155
-5.0506e-02,-0.035,0.13
-5.0504e-02,0.035,-0.185
-5.0502e-02,0.02,0.155
-5.0501e-02,0.015,-0.2
-5.0499e-02,-0.015,0.175
-5.0498e-02,0,-0.175
-5.0496e-02,0.06,0.155
-5.0494e-02,0.02,-0.155
-5.0493e-02,-0.025,0.13
-5.0491e-02,-0.08,-0.2
-5.0490e-02,0.045,0.175
-5.0488e-02,0.005,-0.18
-5.0486e-02,-0.01,0.15
-5.0485e-02,0.04,-0.185
-5.0483e-02,-0.045,0.155
-5.0482e-02,-0.045,-0.165
-5.0480e-02,-0.005,0.145
-5.0478e-02,-0.045,-0.17
-5.0477e-02,0.05,0.145
-5.0475e-02,-0.045,-0.175
-5.0474e-02,-0.075,0.15
-5.0472e-02,-0.015,-0.17
-5.0470e-02,-0.015,0.145
-5.0469e-02,0.08,-0.165
-5.0467e-02,0.02,0.14
-5.0466e-02,-0.055,-0.205
-5.0464e-02,-0.02,0.175
-5.0462e-02,-0.015,-0.15
-5.0461e-02,-0.045,0.135
-5.0459e-02,-0.06,-0.165
-5.0458e-02,-0.025,0.14
-5.0456e-02,-0.04,-0.16
-5.0454e-02,-0.07,0.135
-5.0453e-02,-0.08,-0.17
-5.0451e-02,-0.105,0.15
-5.0450e-02,0.04,-0.165
-5.0448e-02,0,0.14
-5.0446e-02,-0.04,-0.17
-5.0445e-02,-0.085,0.155
-5.0443e-02,-0.07,-0.175
-5.0442e-02,-0.02,0.155
-5.0440e-02,0.055,-0.15
-5.0438e-02,0.015,0.13
-5.0437e-02,-0.035,-0.185
-5.0435e-02,0.02,0.155
-5.0434e-02,-0.115,-0.165
-5.0432e-02,0.005,0.145
-5.0430e-02,-0.005,-0.165
-5.0429e-02,0,0.15
-5.0427e-02,-0.035,-0.185
-5.0426e-02,-0.085,0.155
-5.0424e-02,-0.02,-0.205
-5.0422e-02,0.07,0.185
-5.0421e-02,-0.03,-0.19
-5.0419e-02,-0.07,0.16
-5.0418e-02,-0.115,-0.165
-5.0416e-02,-0.03,0.15
-5.0414e-02,0.005,-0.15
-5.0413e-02,0.03,0.13
-5.0411e-02,-0.015,-0.18
-5.0410e-02,-0.065,0.155
-5.0408e-02,-0.07,-0.18
-5.0406e-02,-0.02,0.155
-5.0405e-02,-0.09,-0.165
-5.0403e-02,0.005,0.145
-5.0402e-02,-0.075,-0.18
-5.0400e-02,-0.025,0.155
-5.0398e-02,-0.08,-0.18
-5.0397e-02,-0.01,0.155
-5.0395e-02,-0.095,-0.155
-5.0394e-02,-0.025,0.14
-5.0392e-02,-0.055,-0.17
-5.0390e-02,0.09,0.155
-5.0389e-02,0.025,-0.16
-5.0387e-02,-0.01,0.145
-5.0386e-02,0.03,-0.155
-5.0384e-02,-0.005,0.14
-5.0382e-02,0.05,-0.195
-5.0381e-02,-0.02,0.19
-5.0379e-02,-0.065,-0.16
-5.0378e-02,-0.045,0.155
-5.0376e-02,-0.025,-0.19
-5.0374e-02,0.035,0.17
-5.0373e-02,-0.075,-0.16
-5.0371e-02,-0.075,0.14
-5.0370e-02,-0.01,-0.2
-5.0368e-02,0.005,0.185
-5.0366e-02,0.025,-0.16
-5.0365e-02,-0.01,0.155
-5.0363e-02,0,-0.155
-5.0362e-02,-0.005,0.14
-5.0360e-02,0,-0.16
-5.0358e-02,-0.015,0.15
-5.0357e-02,0.06,-0.175
-5.0355e-02,-0.055,0.17
-5.0354e-02,0.02,-0.145
-5.0352e-02,-0.125,0.135
-5.0350e-02,-0.035,-0.175
-5.0349e-02,-0.035,0.15
-5.0347e-02,-0.02,-0.165
-5.0346e-02,-0.055,0.155
-5.0344e-02,-0.03,-0.15
-5.0342e-02,-0.08,0.145
-5.0341e-02,-0.02,-0.15
-5.0339e-02,-0.015,0.14
-5.0338e-02,0.03,-0.155
-5.0336e-02,-0.015,0.145
-5.0334e-02,-0.075,-0.155
-5.0333e-02,-0.055,0.15
-5.0331e-02,-0.01,-0.18
-5.0330e-02,0.08,0.17
-5.0328e-02,0.035,-0.175
-5.0326e-02,-0.01,0.16
-5.0325e-02,-0.085,-0.17
-5.0323e-02,-0.025,0.155
-5.0322e-02,0.065,-0.175
-5.0320e-02,0.03,0.17
-5.0318e-02,0.005,-0.185
-5.0317e-02,-0.125,0.18
-5.0315e-02,0.005,-0.17
-5.0314e-02,-0.105,0.16
-5.0312e-02,0.065,-0.16
-5.0310e-02,-0.01,0.145
-5.0309e-02,-0.01,-0.19
-5.0307e-02,-0.01,0.17
-5.0306e-02,-0.025,-0.175
-5.0304e-02,0.095,0.17
-5.0302e-02,0.015,-0.155
-5.0301e-02,0.035,0.145
-5.0299e-02,0.015,-0.165
-5.0298e-02,-0.005,0.155
-5.0296e-02,0.04,-0.195
-5.0294e-02,-0.05,0.18
-5.0293e-02,-0.02,-0.165
-5.0291e-02,-0.005,0.15
-5.0290e-02,-0.025,-0.145
-5.0288e-02,-0.09,0.13
-5.0286e-02,-0.08,-0.155
-5.0285e-02,-0.035,0.145
-5.0283e-02,0.095,-0.165
-5.0282e-02,0.02,0.155
-5.0280e-02,0.005,-0.14
-5.0278e-02,-0.08,0.135
-5.0277e-02,-0.005,-0.165
-5.0275e-02,-0.015,0.165
-5.0274e-02,0.035,-0.145
-5.0272e-02,-0.01,0.135
-5.0270e-02,-0.015,-0.17
-5.0269e-02,-0.065,0.155
-5.0267e-02,-0.02,-0.17
-5.0266e-02,-0.055,0.16
-5.0264e-02,-0.035,-0.145
-5.0262e-02,-0.06,0.145
-5.0261e-02,0.055,-0.125
-5.0259e-02,-0.03,0.12
-5.0258e-02,0.035,-0.155
-5.0256e-02,-0.105,0.15
-5.0254e-02,0.01,-0.165
-5.0253e-02,-0.055,0.155
-5.0251e-02,0.085,-0.135
-5.0250e-02,0.005,0.125
-5.0248e-02,0.075,-0.165
-5.0246e-02,-0.03,0.165
-5.0245e-02,0.045,-0.14
-5.0243e-02,0.025,0.14
-5.0242e-02,0.02,-0.17
-5.0240e-02,-0.055,0.165
-5.0238e-02,-0.025,-0.145
-5.0237e-02,-0.01,0.14
-5.0235e-02,0.045,-0.165
-5.0234e-02,0,0.155
-5.0232e-02,0.065,-0.175
-5.0230e-02,-0.005,0.17
-5.0229e-02,0.125,-0.155
-5.0227e-02,-0.015,0.155
-5.0226e-02,0.05,-0.155
-5.0224e-02,-0.085,0.155
-5.0222e-02,0.08,-0.13
-5.0221e-02,0.035,0.13
-5.0219e-02,0.065,-0.145
-5.0218e-02,0.005,0.145
-5.0216e-02,0.015,-0.14
-5.0214e-02,0.065,0.14
-5.0213e-02,-0.03,-0.155
-5.0211e-02,0.04,0.155
-5.0210e-02,-0.025,-0.15
-5.0208e-02,-0.02,0.15
-5.0206e-02,-0.02,-0.185
-5.0205e-02,0.005,0.19
-5.0203e-02,0.1,-0.125
-5.0202e-02,-0.01,0.125
-5.0200e-02,0.045,-0.145
-5.0198e-02,0,0.15
-5.0197e-02,0.125,-0.16
-5.0195e-02,0.01,0.16
-5.0194e-02,0.045,-0.15
-5.0192e-02,-0.015,0.155
-5.0190e-02,0.055,-0.19
-5.0189e-02,-0.015,0.195
-5.0187e-02,-0.04,-0.155
-5.0186e-02,-0.005,0.16
-5.0184e-02,-0.02,-0.15
-5.0182e-02,0.025,0.16
-5.0181e-02,-0.1,-0.17
-5.0179e-02,-0.005,0.175
-5.0178e-02,-0.025,-0.15
-5.0176e-02,0.11,0.16
-5.0174e-02,-0.04,-0.155
-5.0173e-02,-0.005,0.16
-5.0171e-02,-0.085,-0.16
-5.0170e-02,0.06,0.165
-5.0168e-02,0.045,-0.145
-5.0166e-02,-0.015,0.15
-5.0165e-02,-0.055,-0.16
-5.0163e-02,-0.08,0.17
-5.0162e-02,-0.025,-0.155
-5.0160e-02,-0.015,0.16
-5.0158e-02,-0.015,-0.125
-5.0157e-02,-0.02,0.14
-5.0155e-02,-0.035,-0.14
-5.0154e-02,0.035,0.145
-5.0152e-02,-0.005,-0.15
-5.0150e-02,0.09,0.165
-5.0149e-02,-0.005,-0.14
-5.0147e-02,0.005,0.15
-5.0146e-02,-0.035,-0.155
-5.0144e-02,0.055,0.16
-5.0142e-02,0.01,-0.15
-5.0141e-02,-0.02,0.16
-5.0139e-02,-0.03,-0.155
-5.0138e-02,-0.01,0.165
-5.0136e-02,-0.055,-0.13
-5.0134e-02,-0.015,0.135
-5.0133e-02,-0.025,-0.13
-5.0131e-02,0.13,0.14
-5.0130e-02,-0.005,-0.13
-5.0128e-02,0.035,0.135
-5.0126e-02,-0.105,-0.13
-5.0125e-02,0,0.14
-5.0123e-02,0.03,-0.155
-5.0122e-02,0.065,0.165
-5.0120e-02,-0.015,-0.16
-5.0118e-02,-0.02,0.165
-5.0117e-02,-0.025,-0.13
-5.0115e-02,-0.005,0.14
-5.0114e-02,-0.105,-0.13
-5.0112e-02,-0.085,0.135
-5.0110e-02,-0.035,-0.165
-5.0109e-02,0.025,0.18
-5.0107e-02,0.02,-0.165
-5.0106e-02,0,0.165
-5.0104e-02,-0.045,-0.14
-5.0102e-02,0.015,0.15
-5.0101e-02,0.03,-0.15
-5.0099e-02,0.035,0.16
-5.0098e-02,0.06,-0.135
-5.0096e-02,0.095,0.14
-5.0094e-02,0.06,-0.15
-5.0093e-02,0,0.155
-5.0091e-02,0.005,-0.16
-5.0090e-02,-0.095,0.17
-5.0088e-02,-0.005,-0.145
-5.0086e-02,-0.05,0.16
-5.0085e-02,0.07,-0.135
-5.0083e-02,-0.035,0.145
-5.0082e-02,-0.025,-0.145
-5.0080e-02,-0.035,0.15
-5.0078e-02,-0.04,-0.155
-5.0077e-02,0.005,0.16
-5.0075e-02,-0.05,-0.145
-5.0074e-02,0.02,0.155
-5.0072e-02,0.02,-0.16
-5.0070e-02,0.11,0.175
-5.0069e-02,0.02,-0.155
-5.0067e-02,0.005,0.16
-5.0066e-02,0.01,-0.15
-5.0064e-02,0.05,0.16
-5.0062e-02,0.025,-0.145
-5.0061e-02,-0.055,0.16
-5.0059e-02,-0.04,-0.17
-5.0058e-02,-0.04,0.18
-5.0056e-02,0.01,-0.13
-5.0054e-02,-0.03,0.145
-5.0053e-02,-0.05,-0.175
-5.0051e-02,-0.055,0.19
-5.0050e-02,-0.015,-0.155
-5.0048e-02,-0.01,0.17
-5.0046e-02,-0.005,-0.13
-5.0045e-02,-0.025,0.15
-5.0043e-02,0.06,-0.165
-5.0042e-02,0.02,0.175
-5.0040e-02,0.085,-0.17
-5.0038e-02,-0.095,0.185
-5.0037e-02,0.015,-0.115
-5.0035e-02,-0.05,0.135
-5.0034e-02,0.035,-0.15
-5.0032e-02,-0.035,0.165
-5.0030e-02,-0.015,-0.13
-5.0029e-02,-0.05,0.15
-5.0027e-02,-0.065,-0.15
-5.0026e-02,-0.005,0.165
-5.0024e-02,-0.03,-0.195
-5.0022e-02,0.02,0.21
-5.0021e-02,0.015,-0.14
-5.0019e-02,0.035,0.155
-5.0018e-02,-0.025,-0.17
-5.0016e-02,-0.03,0.19
-5.0014e-02,-0.06,-0.155
-5.0013e-02,-0.01,0.18
-5.0011e-02,0.01,-0.15
-5.0010e-02,0.1,0.165
-5.0008e-02,-0.065,-0.155
-5.0006e-02,0.015,0.175
-5.0005e-02,-0.1,-0.12
-5.0003e-02,0.135,0.15
-5.0002e-02,-0.065,-0.135
-5.0000e-02,0.07,0.16
-4.9998e-02,0.005,-0.155
-4.9997e-02,0.105,0.18
-4.9995e-02,0.075,-0.145
-4.9994e-02,-0.005,0.17
-4.9992e-02,-0.02,-0.13
-4.9990e-02,-0.05,0.155
-4.9989e-02,0.02,-0.12
-4.9987e-02,-0.03,0.14
-4.9986e-02,-0.045,-0.125
-4.9984e-02,-0.05,0.145
-4.9982e-02,-0.025,-0.145
-4.9981e-02,-0.03,0.17
-4.9979e-02,-0.025,-0.135
-4.9978e-02,-0.01,0.155
-4.9976e-02,-0.025,-0.14
-4.9974e-02,0.04,0.165
-4.9973e-02,-0.045,-0.135
-4.9971e-02,0.08,0.15
-4.9970e-02,-0.07,-0.12
-4.9968e-02,0.045,0.14
-4.9966e-02,0.06,-0.13
-4.9965e-02,0.085,0.16
-4.9963e-02,0.035,-0.15
-4.9962e-02,0,0.17
-4.9960e-02,-0.005,-0.14
-4.9958e-02,0.025,0.16
-4.9957e-02,-0.055,-0.13
-4.9955e-02,0,0.145
-4.9954e-02,-0.1,-0.14
-4.9952e-02,0.075,0.165
-4.9950e-02,0.02,-0.135
-4.9949e-02,0.02,0.155
-4.9947e-02,-0.035,-0.14
-4.9946e-02,-0.045,0.16
-4.9944e-02,0.07,-0.14
-4.9942e-02,0.03,0.16
-4.9941e-02,0.05,-0.145
-4.9939e-02,-0.035,0.17
-4.9938e-02,0.06,-0.135
-4.9936e-02,0.02,0.155
-4.9934e-02,-0.015,-0.14
-4.9933e-02,-0.05,0.16
-4.9931e-02,0.015,-0.125
-4.9930e-02,-0.03,0.145
-4.9928e-02,-0.06,-0.155
-4.9926e-02,-0.085,0.175
-4.9925e-02,-0.035,-0.12
-4.9923e-02,0.045,0.15
-4.9922e-02,-0.05,-0.13
-4.9920e-02,0.03,0.15
-4.9918e-02,-0.11,-0.125
-4.9917e-02,0.02,0.15
-4.9915e-02,-0.11,-0.14
-4.9914e-02,0.025,0.165
-4.9912e-02,-0.09,-0.13
-4.9910e-02,-0.01,0.155
-4.9909e-02,0.035,-0.15
-4.9907e-02,0.04,0.17
-4.9906e-02,0.05,-0.165
-4.9904e-02,-0.005,0.18
-4.9902e-02,0.045,-0.125
-4.9901e-02,0,0.15
-4.9899e-02,0.06,-0.13
-4.9898e-02,0,0.16
-4.9896e-02,0.025,-0.12
-4.9894e-02,-0.01,0.15
-4.9893e-02,-0.025,-0.14
-4.9891e-02,0,0.165
-4.9890e-02,-0.055,-0.165
-4.9888e-02,-0.06,0.185
-4.9886e-02,-0.005,-0.14
-4.9885e-02,0.01,0.165
-4.9883e-02,0.065,-0.145
-4.9882e-02,-0.095,0.17
-4.9880e-02,-0.015,-0.14
-4.9878e-02,-0.075,0.17
-4.9877e-02,0.005,-0.14
-4.9875e-02,-0.12,0.17
-4.9874e-02,-0.01,-0.145
-4.9872e-02,0.01,0.165
-4.9870e-02,0.08,-0.17
-4.9869e-02,-0.015,0.195
-4.9867e-02,-0.035,-0.13
-4.9866e-02,0.01,0.155
-4.9864e-02,-0.03,-0.15
-4.9862e-02,0,0.185
-4.9861e-02,-0.14,-0.16
-4.9859e-02,0.045,0.19
-4.9858e-02,-0.03,-0.14
-4.9856e-02,0.055,0.17
-4.9854e-02,-0.045,-0.165
-4.9853e-02,-0.005,0.19
-4.9851e-02,0.03,-0.17
-4.9850e-02,0.03,0.2
-4.9848e-02,0.055,-0.13
-4.9846e-02,-0.075,0.155
-4.9845e-02,0.06,-0.145
-4.9843e-02,-0.075,0.175
-4.9842e-02,0.11,-0.115
-4.9840e-02,-0.06,0.145
-4.9838e-02,0.085,-0.175
-4.9837e-02,-0.03,0.2
-4.9835e-02,0.07,-0.13
-4.9834e-02,0.005,0.155
-4.9832e-02,0.05,-0.135
-4.9830e-02,0.05,0.165
-4.9829e-02,0.06,-0.125
-4.9827e-02,0.08,0.155
-4.9826e-02,0.03,-0.155
-4.9824e-02,-0.01,0.18
-4.9822e-02,-0.07,-0.135
-4.9821e-02,-0.005,0.165
-4.9819e-02,-0.015,-0.14
-4.9818e-02,-0.015,0.17
-4.9816e-02,-0.015,-0.125
-4.9814e-02,-0.015,0.155
-4.9813e-02,0.04,-0.14
-4.9811e-02,0.01,0.17
-4.9810e-02,-0.045,-0.125
-4.9808e-02,-0.07,0.155
-4.9806e-02,-0.015,-0.155
-4.9805e-02,0.03,0.19
-4.9803e-02,0.03,-0.125
-4.9802e-02,-0.07,0.16
-4.9800e-02,-0.015,-0.14
-4.9798e-02,-0.08,0.17
-4.9797e-02,0.04,-0.155
-4.9795e-02,-0.07,0.185
-4.9794e-02,-0.015,-0.145
-4.9792e-02,0.035,0.18
-4.9790e-02,0.005,-0.145
-4.9789e-02,0.05,0.185
-4.9787e-02,-0.105,-0.11
-4.9786e-02,0.035,0.155
-4.9784e-02,-0.015,-0.12
-4.9782e-02,0.095,0.16
-4.9781e-02,-0.01,-0.125
-4.9779e-02,0.035,0.165
-4.9778e-02,0.015,-0.105
-4.9776e-02,0.01,0.15
-4.9774e-02,-0.03,-0.115
-4.9773e-02,-0.005,0.155
-4.9771e-02,0.005,-0.12
-4.9770e-02,0.08,0.165
-4.9768e-02,0.02,-0.135
-4.9766e-02,0.06,0.175
-4.9765e-02,0.03,-0.16
-4.9763e-02,0.05,0.205
-4.9762e-02,0.045,-0.14
-4.9760e-02,0.09,0.185
-4.9758e-02,0.035,-0.16
-4.9757e-02,0.1,0.2
-4.9755e-02,-0.015,-0.135
-4.9754e-02,0.08,0.18
-4.9752e-02,-0.015,-0.14
-4.9750e-02,0,0.19
-4.9749e-02,0.005,-0.145
-4.9747e-02,0.035,0.19
-4.9746e-02,0.085,-0.14
-4.9744e-02,0.015,0.185
-4.9742e-02,0.06,-0.11
-4.9741e-02,-0.01,0.16
-4.9739e-02,0.045,-0.12
-4.9738e-02,-0.03,0.16
-4.9736e-02,-0.005,-0.13
-4.9734e-02,-0.07,0.165
-4.9733e-02,0.05,-0.145
-4.9731e-02,0.035,0.185
-4.9730e-02,0.055,-0.125
-4.9728e-02,-0.055,0.165
-4.9726e-02,0.075,-0.1
-4.9725e-02,0.02,0.135
-4.9723e-02,0.085,-0.115
-4.9722e-02,-0.045,0.16
-4.9720e-02,0.025,-0.135
-4.9718e-02,0.055,0.17
-4.9717e-02,0.03,-0.135
-4.9715e-02,0.05,0.17
-4.9714e-02,0,-0.14
-4.9712e-02,0.05,0.175
-4.9710e-02,0.07,-0.155
-4.9709e-02,-0.01,0.195
-4.9707e-02,0.045,-0.125
-4.9706e-02,-0.06,0.16
-4.9704e-02,0.1,-0.15
-4.9702e-02,0,0.19
-4.9701e-02,0.005,-0.165
-4.9699e-02,0.015,0.205
-4.9698e-02,0.045,-0.14
-4.9696e-02,0.105,0.18
-4.9694e-02,0.06,-0.175
-4.9693e-02,0.065,0.21
-4.9691e-02,0.06,-0.13
-4.9690e-02,0.125,0.17
-4.9688e-02,0.085,-0.135
-4.9686e-02,0.08,0.17
-4.9685e-02,-0.005,-0.13
-4.9683e-02,0.05,0.165
-4.9682e-02,0,-0.16
-4.9680e-02,0,0.2
-4.9678e-02,-0.045,-0.155
-4.9677e-02,-0.02,0.195
-4.9675e-02,0.025,-0.105
-4.9674e-02,0.025,0.145
-4.9672e-02,-0.005,-0.12
-4.9670e-02,0,0.17
-4.9669e-02,-0.01,-0.13
-4.9667e-02,0.065,0.165
-4.9666e-02,0.01,-0.125
-4.9664e-02,0.005,0.17
-4.9662e-02,0.07,-0.135
-4.9661e-02,0.045,0.17
-4.9659e-02,0.12,-0.16
-4.9658e-02,0.06,0.21
-4.9656e-02,0.02,-0.14
-4.9654e-02,0.08,0.18
-4.9653e-02,0.085,-0.145
-4.9651e-02,0.03,0.185
-4.9650e-02,0.065,-0.135
-4.9648e-02,-0.015,0.18
-4.9646e-02,0.09,-0.16
-4.9645e-02,0.035,0.21
-4.9643e-02,0.02,-0.13
-4.9642e-02,-0.055,0.18
-4.9640e-02,-0.055,-0.12
-4.9638e-02,0.005,0.17
-4.9637e-02,0.02,-0.14
-4.9635e-02,-0.02,0.19
-4.9634e-02,0.02,-0.13
-4.9632e-02,0.01,0.18
-4.9630e-02,0.05,-0.12
-4.9629e-02,0.05,0.165
-4.9627e-02,-0.005,-0.115
-4.9626e-02,0.03,0.17
-4.9624e-02,0.11,-0.145
-4.9622e-02,0.07,0.19
-4.9621e-02,0.11,-0.11
-4.9619e-02,0.02,0.16
-4.9618e-02,0.05,-0.115
-4.9616e-02,0.03,0.165
-4.9614e-02,-0.015,-0.115
-4.9613e-02,0.03,0.175
-4.9611e-02,-0.04,-0.115
-4.9610e-02,0.08,0.175
-4.9608e-02,0.015,-0.135
-4.9606e-02,0.035,0.19
-4.9605e-02,-0.01,-0.12
-4.9603e-02,0.005,0.175
-4.9602e-02,0.005,-0.11
-4.9600e-02,0,0.165
-4.9598e-02,0,-0.14
-4.9597e-02,0.01,0.195
-4.9595e-02,0.065,-0.13
-4.9594e-02,-0.005,0.185
-4.9592e-02,0.105,-0.13
-4.9590e-02,-0.03,0.185
-4.9589e-02,0.07,-0.14
-4.9587e-02,-0.065,0.195
-4.9586e-02,0.04,-0.11
-4.9584e-02,0.01,0.17
-4.9582e-02,0.015,-0.115
-4.9581e-02,-0.095,0.165
-4.9579e-02,0.035,-0.13
-4.9578e-02,-0.06,0.185
-4.9576e-02,0.05,-0.12
-4.9574e-02,-0.08,0.165
-4.9573e-02,0.01,-0.095
-4.9571e-02,0.02,0.15
-4.9570e-02,0.06,-0.12
-4.9568e-02,0,0.17
-4.9566e-02,0.025,-0.125
-4.9565e-02,0.005,0.18
-4.9563e-02,0.05,-0.125
-4.9562e-02,-0.025,0.185
-4.9560e-02,-0.025,-0.13
-4.9558e-02,0,0.19
-4.9557e-02,-0.025,-0.115
-4.9555e-02,0.055,0.17
-4.9554e-02,-0.05,-0.115
-4.9552e-02,0.045,0.17
-4.9550e-02,0.055,-0.135
-4.9549e-02,0.08,0.185
-4.9547e-02,0.05,-0.14
-4.9546e-02,0.035,0.2
-4.9544e-02,0.005,-0.125
-4.9542e-02,0.115,0.175
-4.9541e-02,0.005,-0.12
-4.9539e-02,0.06,0.175
-4.9538e-02,-0.055,-0.115
-4.9536e-02,0.04,0.165
-4.9534e-02,0.005,-0.125
-4.9533e-02,0.01,0.17
-4.9531e-02,0,-0.145
-4.9530e-02,0,0.195
-4.9528e-02,-0.015,-0.135
-4.9526e-02,0.03,0.18
-4.9525e-02,-0.01,-0.12
-4.9523e-02,-0.01,0.17
-4.9522e-02,-0.015,-0.115
-4.9520e-02,-0.01,0.17
-4.9518e-02,0.02,-0.14
-4.9517e-02,-0.03,0.195
-4.9515e-02,-0.01,-0.13
-4.9514e-02,-0.04,0.185
-4.9512e-02,0.045,-0.125
-4.9510e-02,0.03,0.175
-4.9509e-02,0.01,-0.125
-4.9507e-02,0.045,0.175
-4.9506e-02,0.005,-0.12
-4.9504e-02,0.12,0.165
-4.9502e-02,0.03,-0.13
-4.9501e-02,0.02,0.18
-4.9499e-02,0.035,-0.105
-4.9498e-02,0.045,0.16
-4.9496e-02,0.075,-0.135
-4.9494e-02,-0.005,0.195
-4.9493e-02,-0.03,-0.12
-4.9491e-02,0.04,0.175
-4.9490e-02,0.01,-0.105
-4.9488e-02,0.005,0.16
-4.9486e-02,-0.06,-0.105
-4.9485e-02,-0.03,0.16
-4.9483e-02,0.015,-0.135
-4.9482e-02,0.055,0.185
-4.9480e-02,0.005,-0.12
-4.9478e-02,-0.055,0.175
-4.9477e-02,0.055,-0.125
-4.9475e-02,0.035,0.185
-4.9474e-02,-0.01,-0.1
-4.9472e-02,-0.03,0.16
-4.9470e-02,-0.04,-0.115
-4.9469e-02,0.015,0.18
-4.9467e-02,0.005,-0.1
-4.9466e-02,-0.015,0.16
-4.9464e-02,0.035,-0.11
-4.9462e-02,0.02,0.175
-4.9461e-02,0.09,-0.145
-4.9459e-02,0.01,0.21
-4.9458e-02,0.105,-0.105
-4.9456e-02,0.005,0.165
-4.9454e-02,0.075,-0.1
-4.9453e-02,0.05,0.165
-4.9451e-02,0.025,-0.115
-4.9450e-02,0.035,0.18
-4.9448e-02,0.04,-0.145
-4.9446e-02,0.045,0.215
-4.9445e-02,0.16,-0.13
-4.9443e-02,0.04,0.2
-4.9442e-02,0.11,-0.105
-4.9440e-02,0.07,0.175
-4.9438e-02,0.12,-0.125
-4.9437e-02,0.11,0.195
-4.9435e-02,0.07,-0.12
-4.9434e-02,0.1,0.195
-4.9432e-02,0.025,-0.1
-4.9430e-02,0.135,0.165
-4.9429e-02,0.06,-0.12
-4.9427e-02,0.015,0.19
-4.9426e-02,0.025,-0.09
-4.9424e-02,0.005,0.17
-4.9422e-02,0.055,-0.11
-4.9421e-02,0.005,0.18
-4.9419e-02,-0.005,-0.12
-4.9418e-02,-0.02,0.19
-4.9416e-02,0.055,-0.13
-4.9414e-02,0.02,0.2
-4.9413e-02,0.04,-0.115
-4.9411e-02,0.03,0.18
-4.9410e-02,0.065,-0.135
-4.9408e-02,0.095,0.2
-4.9406e-02,0.045,-0.125
-4.9405e-02,0.035,0.185
-4.9403e-02,0.06,-0.11
-4.9402e-02,0.015,0.185
-4.9400e-02,0.035,-0.11
-4.9398e-02,-0.04,0.18
-4.9397e-02,0.035,-0.115
-4.9395e-02,0.02,0.18
-4.9394e-02,0.075,-0.16
-4.9392e-02,-0.01,0.22
-4.9390e-02,0.035,-0.105
-4.9389e-02,0.05,0.165
-4.9387e-02,0.045,-0.105
-4.9386e-02,-0.02,0.16
-4.9384e-02,-0.01,-0.11
-4.9382e-02,-0.03,0.18
-4.9381e-02,0.005,-0.095
-4.9379e-02,-0.005,0.17
-4.9378e-02,-0.005,-0.115
-4.9376e-02,0.02,0.175
-4.9374e-02,-0.015,-0.11
-4.9373e-02,0.03,0.175
-4.9371e-02,0.035,-0.11
-4.9370e-02,0.07,0.175
-4.9368e-02,-0.025,-0.115
-4.9366e-02,0.06,0.175
-4.9365e-02,-0.005,-0.1
-4.9363e-02,0.115,0.175
-4.9362e-02,-0.025,-0.115
-4.9360e-02,-0.005,0.175
-4.9358e-02,-0.05,-0.105
-4.9357e-02,0.105,0.17
-4.9355e-02,-0.03,-0.115
-4.9354e-02,0.01,0.185
-4.9352e-02,-0.055,-0.135
-4.9350e-02,0.075,0.2
-4.9349e-02,0.03,-0.105
-4.9347e-02,-0.005,0.17
-4.9346e-02,0.005,-0.105
-4.9344e-02,0.06,0.165
-4.9342e-02,0.06,-0.135
-4.9341e-02,0.035,0.205
-4.9339e-02,-0.005,-0.11
-4.9338e-02,0.08,0.175
-4.9336e-02,0.035,-0.145
-4.9334e-02,0.105,0.21
-4.9333e-02,0,-0.12
-4.9331e-02,0.09,0.19
-4.9330e-02,0.01,-0.105
-4.9328e-02,0.085,0.17
-4.9326e-02,0.02,-0.105
-4.9325e-02,0.08,0.17
-4.9323e-02,-0.055,-0.13
-4.9322e-02,0.04,0.2
-4.9320e-02,-0.005,-0.13
-4.9318e-02,0.06,0.195
-4.9317e-02,0.025,-0.13
-4.9315e-02,-0.03,0.2
-4.9314e-02,0.055,-0.12
-4.9312e-02,0.03,0.195
-4.9310e-02,0.1,-0.11
-4.9309e-02,0.03,0.18
-4.9307e-02,0.055,-0.105
-4.9306e-02,0.055,0.18
-4.9304e-02,0.12,-0.115
-4.9302e-02,0.08,0.185
-4.9301e-02,0.055,-0.12
-4.9299e-02,0.055,0.195
-4.9298e-02,0.1,-0.105
-4.9296e-02,0.085,0.185
-4.9294e-02,0.055,-0.115
-4.9293e-02,0.015,0.19
-4.9291e-02,0.075,-0.105
-4.9290e-02,0.07,0.185
-4.9288e-02,-0.015,-0.095
-4.9286e-02,0,0.175
-4.9285e-02,-0.065,-0.09
-4.9283e-02,0.075,0.165
-4.9282e-02,-0.045,-0.1
-4.9280e-02,-0.005,0.18
-4.9278e-02,-0.04,-0.12
-4.9277e-02,0.015,0.195
-4.9275e-02,0.025,-0.09
-4.9274e-02,-0.005,0.175
-4.9272e-02,0.065,-0.125
-4.9270e-02,-0.03,0.205
-4.9269e-02,0.06,-0.12
-4.9267e-02,-0.01,0.2
-4.9266e-02,0.07,-0.1
-4.9264e-02,0.01,0.17
-4.9262e-02,0.04,-0.13
-4.9261e-02,-0.015,0.205
-4.9259e-02,0.085,-0.095
-4.9258e-02,0.02,0.17
-4.9256e-02,0.08,-0.095
-4.9254e-02,-0.035,0.175
-4.9253e-02,0.105,-0.095
-4.9251e-02,0.055,0.175
-4.9250e-02,0.13,-0.11
-4.9248e-02,0,0.19
-4.9246e-02,0.13,-0.095
-4.9245e-02,0.055,0.175
-4.9243e-02,0.085,-0.105
-4.9242e-02,-0.005,0.185
-4.9240e-02,-0.02,-0.09
-4.9238e-02,0.085,0.17
-4.9237e-02,0.025,-0.115
-4.9235e-02,0.015,0.195
-4.9234e-02,0.02,-0.095
-4.9232e-02,-0.01,0.175
-4.9230e-02,0.125,-0.11
-4.9229e-02,0.005,0.19
-4.9227e-02,0.07,-0.095
-4.9226e-02,-0.035,0.175
-4.9224e-02,0.085,-0.12
-4.9222e-02,0.015,0.195
-4.9221e-02,0.045,-0.095
-4.9219e-02,-0.025,0.175
-4.9218e-02,-0.01,-0.115
-4.9216e-02,0.07,0.195
-4.9214e-02,0.035,-0.09
-4.9213e-02,0.075,0.17
-4.9211e-02,0.055,-0.105
-4.9210e-02,0.135,0.185
-4.9208e-02,0.12,-0.11
-4.9206e-02,0.095,0.19
-4.9205e-02,0.085,-0.1
-4.9203e-02,0.08,0.185
-4.9202e-02,0.045,-0.125
-4.9200e-02,0.035,0.2
-4.9198e-02,0.005,-0.095
-4.9197e-02,-0.03,0.175
-4.9195e-02,0,-0.105
-4.9194e-02,-0.04,0.18
-4.9192e-02,0.075,-0.12
-4.9190e-02,-0.075,0.195
-4.9189e-02,0.02,-0.11
-4.9187e-02,-0.005,0.185
-4.9186e-02,0.105,-0.12
-4.9184e-02,0.01,0.195
-4.9182e-02,0.1,-0.115
-4.9181e-02,0.01,0.195
-4.9179e-02,0.13,-0.09
-4.9178e-02,0.105,0.165
-4.9176e-02,0.065,-0.1
-4.9174e-02,0.05,0.185
-4.9173e-02,0.06,-0.095
-4.9171e-02,0.09,0.17
-4.9170e-02,0.15,-0.105
-4.9168e-02,0,0.18
-4.9166e-02,0.09,-0.11
-4.9165e-02,0.075,0.195
-4.9163e-02,0.115,-0.11
-4.9162e-02,0.115,0.195
-4.9160e-02,0.03,-0.11
-4.9158e-02,0.085,0.19
-4.9157e-02,0.075,-0.105
-4.9155e-02,0.085,0.195
-4.9154e-02,0,-0.085
-4.9152e-02,0.045,0.17
-4.9150e-02,-0.015,-0.125
-4.9149e-02,0.035,0.205
-4.9147e-02,0.01,-0.115
-4.9146e-02,0,0.205
-4.9144e-02,-0.02,-0.12
-4.9142e-02,0.075,0.21
-4.9141e-02,-0.025,-0.08
-4.9139e-02,0.115,0.17
-4.9138e-02,0.015,-0.085
-4.9136e-02,0.105,0.18
-4.9134e-02,0.085,-0.125
-4.9133e-02,0.075,0.205
-4.9131e-02,0.05,-0.075
-4.9130e-02,0.06,0.165
-4.9128e-02,-0.02,-0.105
-4.9126e-02,0.07,0.195
-4.9125e-02,0.055,-0.1
-4.9123e-02,0,0.19
-4.9122e-02,-0.015,-0.095
-4.9120e-02,-0.005,0.185
-4.9118e-02,0.05,-0.095
-4.9117e-02,0,0.185
-4.9115e-02,0.03,-0.085
-4.9114e-02,-0.045,0.175
-4.9112e-02,0.06,-0.115
-4.9110e-02,0.045,0.21
-4.9109e-02,-0.02,-0.1
-4.9107e-02,-0.035,0.185
-4.9106e-02,-0.005,-0.09
-4.9104e-02,-0.005,0.18
-4.9102e-02,0.095,-0.11
-4.9101e-02,0,0.195
-4.9099e-02,0.035,-0.085
-4.9098e-02,0.05,0.18
-4.9096e-02,0.11,-0.105
-4.9094e-02,0.055,0.205
-4.9093e-02,0.075,-0.115
-4.9091e-02,0.02,0.205
-4.9090e-02,0.085,-0.105
-4.9088e-02,0.1,0.2
-4.9086e-02,0.03,-0.1
-4.9085e-02,0.08,0.19
-4.9083e-02,0.08,-0.1
-4.9082e-02,0.105,0.19
-4.9080e-02,0.16,-0.125
-4.9078e-02,0.04,0.215
-4.9077e-02,0.135,-0.1
-4.9075e-02,0.075,0.195
-4.9074e-02,0.085,-0.09
-4.9072e-02,0.14,0.18
-4.9070e-02,0.025,-0.12
-4.9069e-02,0,0.205
-4.9067e-02,0.1,-0.115
-4.9066e-02,0.03,0.205
-4.9064e-02,0.025,-0.1
-4.9062e-02,-0.01,0.19
-4.9061e-02,-0.025,-0.095
-4.9059e-02,0.01,0.19
-4.9058e-02,0.055,-0.105
-4.9056e-02,-0.01,0.2
-4.9054e-02,0.05,-0.11
-4.9053e-02,0.015,0.21
-4.9051e-02,0.115,-0.1
-4.9050e-02,0.05,0.195
-4.9048e-02,0.06,-0.105
-4.9046e-02,-0.025,0.2
-4.9045e-02,0.03,-0.08
-4.9043e-02,0.015,0.175
-4.9042e-02,-0.01,-0.11
-4.9040e-02,-0.035,0.205
-4.9038e-02,0.05,-0.1
-4.9037e-02,0.03,0.195
-4.9035e-02,0.06,-0.125
-4.9034e-02,0.035,0.22
-4.9032e-02,0.085,-0.115
-4.9030e-02,0.08,0.215
-4.9029e-02,0.125,-0.1
-4.9027e-02,0.065,0.205
-4.9026e-02,0.135,-0.11
-4.9024e-02,0.04,0.2
-4.9022e-02,0.15,-0.105
-4.9021e-02,0.11,0.195
-4.9019e-02,0.06,-0.095
-4.9018e-02,0.11,0.2
-4.9016e-02,0.06,-0.115
-4.9014e-02,0.105,0.205
-4.9013e-02,0.095,-0.095
-4.9011e-02,0.07,0.195
-4.9010e-02,0.005,-0.105
-4.9008e-02,0.085,0.2
-4.9006e-02,0.04,-0.1
-4.9005e-02,0.06,0.2
-4.9003e-02,0.045,-0.105
-4.9002e-02,-0.025,0.205
-4.9000e-02,0.02,-0.115
-4.8998e-02,0.1,0.205
-4.8997e-02,0.02,-0.085
-4.8995e-02,0,0.175
-4.8994e-02,0.085,-0.115
-4.8992e-02,0.065,0.215
-4.8990e-02,0.12,-0.08
-4.8989e-02,0.06,0.175
-4.8987e-02,0.08,-0.095
-4.8986e-02,0.135,0.195
-4.8984e-02,0.12,-0.11
-4.8982e-02,0.1,0.22
-4.8981e-02,0.05,-0.09
-4.8979e-02,0.095,0.19
-4.8978e-02,0.07,-0.09
-4.8976e-02,0.105,0.19
-4.8974e-02,0.005,-0.095
-4.8973e-02,0.075,0.2
-4.8971e-02,0.065,-0.09
-4.8970e-02,0.085,0.185
-4.8968e-02,0.065,-0.105
-4.8966e-02,0.115,0.205
-4.8965e-02,0.08,-0.085
-4.8963e-02,0.095,0.19
-4.8962e-02,0.165,-0.11
-4.8960e-02,0.075,0.215
-4.8958e-02,0.115,-0.1
-4.8957e-02,0.09,0.205
-4.8955e-02,0.065,-0.105
-4.8954e-02,0.115,0.21
-4.8952e-02,0.095,-0.085
-4.8950e-02,0.025,0.185
-4.8949e-02,0.07,-0.085
-4.8947e-02,0.065,0.19
-4.8946e-02,0.135,-0.1
-4.8944e-02,0.1,0.205
-4.8942e-02,0.08,-0.125
-4.8941e-02,0.05,0.225
-4.8939e-02,0.21,-0.08
-4.8938e-02,0.09,0.185
-4.8936e-02,0.12,-0.115
-4.8934e-02,0.04,0.215
-4.8933e-02,0.12,-0.09
-4.8931e-02,0.025,0.195
-4.8930e-02,0.08,-0.095
-4.8928e-02,-0.03,0.195
-4.8926e-02,0.01,-0.08
-4.8925e-02,0.07,0.185
-4.8923e-02,0.015,-0.11
-4.8922e-02,0.04,0.22
-4.8920e-02,0.05,-0.095
-4.8918e-02,0.055,0.205
-4.8917e-02,0.045,-0.105
-4.8915e-02,0.115,0.205
-4.8914e-02,-0.02,-0.08
-4.8912e-02,0.075,0.185
-4.8910e-02,-0.03,-0.105
-4.8909e-02,0.055,0.21
-4.8907e-02,-0.03,-0.08
-4.8906e-02,0.045,0.19
-4.8904e-02,-0.11,-0.11
-4.8902e-02,0.035,0.215
-4.8901e-02,0.03,-0.125
-4.8899e-02,0.005,0.23
-4.8898e-02,0.035,-0.09
-4.8896e-02,-0.025,0.195
-4.8894e-02,0.055,-0.095
-4.8893e-02,0.035,0.2
-4.8891e-02,0.15,-0.105
-4.8890e-02,-0.02,0.205
-4.8888e-02,0.15,-0.1
-4.8886e-02,0.105,0.205
-4.8885e-02,0.13,-0.095
-4.8883e-02,0.06,0.2
-4.8882e-02,0.105,-0.11
-4.8880e-02,-0.005,0.215
-4.8878e-02,0.105,-0.085
-4.8877e-02,0.055,0.19
-4.8875e-02,0.035,-0.125
-4.8874e-02,0.08,0.235
-4.8872e-02,0.055,-0.085
-4.8870e-02,0.115,0.195
-4.8869e-02,0.16,-0.115
-4.8867e-02,0.065,0.22
-4.8866e-02,0.13,-0.105
-4.8864e-02,0.09,0.21
-4.8862e-02,0.08,-0.095
-4.8861e-02,0.07,0.195
-4.8859e-02,0.06,-0.095
-4.8858e-02,-0.095,0.205
-4.8856e-02,0.075,-0.115
-4.8854e-02,0.015,0.235
-4.8853e-02,0.045,-0.13
-4.8851e-02,-0.035,0.22
-4.8850e-02,0.06,-0.12
-4.8848e-02,0.05,0.23
-4.8846e-02,0.115,-0.1
-4.8845e-02,0.095,0.21
-4.8843e-02,0.015,-0.08
-4.8842e-02,0.09,0.19
-4.8840e-02,0.095,-0.095
-4.8838e-02,0.09,0.205
-4.8837e-02,0.065,-0.11
-4.8835e-02,0.01,0.225
-4.8834e-02,0.075,-0.085
-4.8832e-02,0.065,0.19
-4.8830e-02,0.07,-0.115
-4.8829e-02,-0.04,0.23
-4.8827e-02,0.065,-0.09
-4.8826e-02,0.01,0.2
-4.8824e-02,0.04,-0.095
-4.8822e-02,0.01,0.21
-4.8821e-02,0.005,-0.09
-4.8819e-02,-0.01,0.21
-4.8818e-02,0.05,-0.09
-4.8816e-02,0.035,0.205
-4.8814e-02,0.05,-0.1
-4.8813e-02,0.03,0.215
-4.8811e-02,0.035,-0.085
-4.8810e-02,0.085,0.2
-4.8808e-02,0.14,-0.105
-4.8806e-02,0.06,0.22
-4.8805e-02,0.09,-0.085
-4.8803e-02,0.11,0.195
-4.8802e-02,0.12,-0.09
-4.8800e-02,0.125,0.2
-4.8798e-02,0.11,-0.09
-4.8797e-02,0.025,0.21
-4.8795e-02,0.075,-0.105
-4.8794e-02,0.095,0.215
-4.8792e-02,-0.005,-0.095
-4.8790e-02,0.01,0.21
-4.8789e-02,-0.01,-0.105
-4.8787e-02,-0.005,0.22
-4.8786e-02,0.06,-0.08
-4.8784e-02,0.02,0.205
-4.8782e-02,0.015,-0.09
-4.8781e-02,0.05,0.21
-4.8779e-02,0.105,-0.135
-4.8778e-02,0.03,0.245
-4.8776e-02,0.165,-0.09
-4.8774e-02,0.035,0.205
-4.8773e-02,0.13,-0.075
-4.8771e-02,0.08,0.185
-4.8770e-02,0.09,-0.085
-4.8768e-02,0.065,0.195
-4.8766e-02,0.06,-0.09
-4.8765e-02,-0.015,0.195
-4.8763e-02,0.125,-0.095
-4.8762e-02,0.05,0.215
-4.8760e-02,0.035,-0.095
-4.8758e-02,0.075,0.215
-4.8757e-02,0.025,-0.08
-4.8755e-02,0.075,0.185
-4.8754e-02,0.11,-0.09
-4.8752e-02,0.02,0.215
-4.8750e-02,0.02,-0.09
-4.8749e-02,0.08,0.195
-4.8747e-02,0.07,-0.105
-4.8746e-02,0,0.22
-4.8744e-02,0,-0.09
-4.8742e-02,-0.035,0.205
-4.8741e-02,-0.01,-0.11
-4.8739e-02,0.03,0.235
-4.8738e-02,-0.03,-0.09
-4.8736e-02,-0.015,0.21
-4.8734e-02,0.045,-0.095
-4.8733e-02,0.045,0.21
-4.8731e-02,0.015,-0.09
-4.8730e-02,0.12,0.21
-4.8728e-02,0.005,-0.11
-4.8726e-02,0.13,0.23
-4.8725e-02,0.06,-0.08
-4.8723e-02,0.09,0.195
-4.8722e-02,0.045,-0.115
-4.8720e-02,0.085,0.24
-4.8718e-02,0.005,-0.115
-4.8717e-02,0.125,0.23
-4.8715e-02,0.025,-0.13
-4.8714e-02,0.05,0.245
-4.8712e-02,0.045,-0.095
-4.8710e-02,0.07,0.22
-4.8709e-02,0.06,-0.115
-4.8707e-02,0.095,0.23
-4.8706e-02,0.015,-0.11
-4.8704e-02,-0.02,0.235
-4.8702e-02,0.135,-0.08
-4.8701e-02,0.09,0.205
-4.8699e-02,0.035,-0.065
-4.8698e-02,0.07,0.19
-4.8696e-02,0.055,-0.115
-4.8694e-02,0.075,0.23
-4.8693e-02,0.145,-0.095
-4.8691e-02,0.04,0.22
-4.8690e-02,0.03,-0.085
-4.8688e-02,0.085,0.21
-4.8686e-02,0.045,-0.11
-4.8685e-02,0.035,0.235
-4.8683e-02,0.035,-0.075
-4.8682e-02,0.03,0.2
-4.8680e-02,-0.01,-0.075
-4.8678e-02,0.125,0.205
-4.8677e-02,0.105,-0.1
-4.8675e-02,0.085,0.22
-4.8674e-02,0.12,-0.13
-4.8672e-02,0.065,0.255
-4.8670e-02,0.105,-0.105
-4.8669e-02,0.085,0.225
-4.8667e-02,0.065,-0.095
-4.8666e-02,0.025,0.22
-4.8664e-02,0.07,-0.065
-4.8662e-02,0.025,0.19
-4.8661e-02,0.04,-0.065
-4.8659e-02,0,0.19
-4.8658e-02,-0.035,-0.08
-4.8656e-02,0.01,0.2
-4.8654e-02,0.02,-0.09
-4.8653e-02,-0.01,0.215
-4.8651e-02,-0.055,-0.08
-4.8650e-02,0.075,0.2
-4.8648e-02,0.12,-0.085
-4.8646e-02,0.115,0.205
-4.8645e-02,0.075,-0.09
-4.8643e-02,0.105,0.215
-4.8642e-02,0.065,-0.085
-4.8640e-02,0.14,0.205
-4.8638e-02,0.085,-0.1
-4.8637e-02,0.02,0.225
-4.8635e-02,0.06,-0.085
-4.8634e-02,0.055,0.21
-4.8632e-02,0.08,-0.085
-4.8630e-02,0.08,0.22
-4.8629e-02,0.105,-0.07
-4.8627e-02,0.035,0.195
-4.8626e-02,0.02,-0.085
-4.8624e-02,0.075,0.215
-4.8622e-02,0.025,-0.095
-4.8621e-02,0.035,0.23
-4.8619e-02,-0.01,-0.09
-4.8618e-02,0.085,0.22
-4.8616e-02,0.02,-0.095
-4.8614e-02,0.115,0.22
-4.8613e-02,0.07,-0.115
-4.8611e-02,0.04,0.245
-4.8610e-02,0.105,-0.08
-4.8608e-02,0.185,0.215
-4.8606e-02,0.11,-0.115
-4.8605e-02,0.07,0.24
-4.8603e-02,0.13,-0.095
-4.8602e-02,0.12,0.225
-4.8600e-02,0.045,-0.105
-4.8598e-02,0.005,0.225
-4.8597e-02,0.02,-0.1
-4.8595e-02,0.03,0.22
-4.8594e-02,0.075,-0.065
-4.8592e-02,0.06,0.2
-4.8590e-02,0.015,-0.095
-4.8589e-02,0.015,0.225
-4.8587e-02,-0.01,-0.08
-4.8586e-02,0.08,0.205
-4.8584e-02,0.02,-0.07
-4.8582e-02,0.055,0.195
-4.8581e-02,0.11,-0.1
-4.8579e-02,0.085,0.225
-4.8578e-02,0.06,-0.09
-4.8576e-02,0.085,0.22
-4.8574e-02,0.085,-0.08
-4.8573e-02,-0.025,0.215
-4.8571e-02,0.06,-0.09
-4.8570e-02,0.07,0.22
-4.8568e-02,0.145,-0.09
-4.8566e-02,0.01,0.22
-4.8565e-02,0.105,-0.065
-4.8563e-02,0.055,0.2
-4.8562e-02,0.18,-0.08
-4.8560e-02,0.08,0.215
-4.8558e-02,0.14,-0.11
-4.8557e-02,0.075,0.235
-4.8555e-02,0.195,-0.08
-4.8554e-02,0.185,0.21
-4.8552e-02,0.035,-0.075
-4.8550e-02,0.125,0.205
-4.8549e-02,0.055,-0.09
-4.8547e-02,0.16,0.225
-4.8546e-02,0.05,-0.065
-4.8544e-02,0.095,0.195
-4.8542e-02,0.015,-0.08
-4.8541e-02,0,0.21
-4.8539e-02,-0.015,-0.08
-4.8538e-02,0.035,0.215
-4.8536e-02,0.015,-0.09
-4.8534e-02,0.02,0.225
-4.8533e-02,0.05,-0.065
-4.8531e-02,0.015,0.2
-4.8530e-02,0.105,-0.08
-4.8528e-02,0.08,0.21
-4.8526e-02,0.03,-0.085
-4.8525e-02,0.115,0.225
-4.8523e-02,0.12,-0.08
-4.8522e-02,0.15,0.21
-4.8520e-02,0.13,-0.065
-4.8518e-02,0.075,0.2
-4.8517e-02,0.1,-0.1
-4.8515e-02,0.09,0.225
-4.8514e-02,0.2,-0.09
-4.8512e-02,0.045,0.22
-4.8510e-02,0.13,-0.075
-4.8509e-02,0.09,0.215
-4.8507e-02,0.05,-0.08
-4.8506e-02,0.065,0.22
-4.8504e-02,0.095,-0.075
-4.8502e-02,0.045,0.215
-4.8501e-02,0.135,-0.06
-4.8499e-02,0.065,0.19
-4.8498e-02,0.075,-0.08
-4.8496e-02,0.025,0.215
-4.8494e-02,0.09,-0.08
-4.8493e-02,0.07,0.22
-4.8491e-02,0.085,-0.105
-4.8490e-02,0.15,0.245
-4.8488e-02,-0.02,-0.09
-4.8486e-02,0.045,0.23
-4.8485e-02,0.01,-0.08
-4.8483e-02,0.07,0.22
-4.8482e-02,0.09,-0.105
-4.8480e-02,0.075,0.24
-4.8478e-02,-0.02,-0.095
-4.8477e-02,0.09,0.22
-4.8475e-02,0.045,-0.09
-4.8474e-02,0.08,0.225
-4.8472e-02,0.03,-0.085
-4.8470e-02,0.08,0.225
-4.8469e-02,0.06,-0.075
-4.8467e-02,0.14,0.215
-4.8466e-02,0.04,-0.08
-4.8464e-02,0.09,0.215
-4.8462e-02,0.09,-0.07
-4.8461e-02,0.1,0.205
-4.8459e-02,0.14,-0.105
-4.8458e-02,0.105,0.255
-4.8456e-02,0.01,-0.085
-4.8454e-02,0.045,0.23
-4.8453e-02,0.01,-0.075
-4.8451e-02,0.02,0.22
-4.8450e-02,0.065,-0.06
-4.8448e-02,0.005,0.205
-4.8446e-02,-0.035,-0.07
-4.8445e-02,0.04,0.205
-4.8443e-02,0.105,-0.085
-4.8442e-02,-0.01,0.225
-4.8440e-02,0.115,-0.085
-4.8438e-02,0.025,0.22
-4.8437e-02,0.095,-0.095
-4.8435e-02,0.105,0.235
-4.8434e-02,0.075,-0.075
-4.8432e-02,0.01,0.22
-4.8430e-02,0.13,-0.095
-4.8429e-02,0.125,0.24
-4.8427e-02,0.16,-0.07
-4.8426e-02,0.055,0.215
-4.8424e-02,0.095,-0.075
-4.8422e-02,0.1,0.22
-4.8421e-02,0.06,-0.075
-4.8419e-02,0.17,0.22
-4.8418e-02,0.105,-0.095
-4.8416e-02,0.095,0.225
-4.8414e-02,0.035,-0.09
-4.8413e-02,0.1,0.23
-4.8411e-02,0.05,-0.075
-4.8410e-02,0.17,0.215
-4.8408e-02,0.07,-0.06
-4.8406e-02,0.045,0.21
-4.8405e-02,0.09,-0.085
-4.8403e-02,0.06,0.23
-4.8402e-02,0.04,-0.07
-4.8400e-02,0.09,0.225
-4.8398e-02,0.08,-0.07
-4.8397e-02,0.075,0.215
-4.8395e-02,0.08,-0.055
-4.8394e-02,0.055,0.2
-4.8392e-02,0.035,-0.085
-4.8390e-02,0.08,0.225
-4.8389e-02,0.185,-0.08
-4.8387e-02,0.015,0.22
-4.8386e-02,0.04,-0.095
-4.8384e-02,0.05,0.24
-4.8382e-02,0.03,-0.07
-4.8381e-02,0.145,0.21
-4.8379e-02,0.065,-0.07
-4.8378e-02,0.075,0.21
-4.8376e-02,0.08,-0.06
-4.8374e-02,0.045,0.21
-4.8373e-02,0.05,-0.075
-4.8371e-02,0.115,0.225
-4.8370e-02,0.105,-0.07
-4.8368e-02,0.02,0.205
-4.8366e-02,0.025,-0.085
-4.8365e-02,0.06,0.22
-4.8363e-02,0.1,-0.07
-4.8362e-02,0.095,0.215
-4.8360e-02,0.04,-0.07
-4.8358e-02,0.08,0.21
-4.8357e-02,0.05,-0.085
-4.8355e-02,0.145,0.23
-4.8354e-02,0.04,-0.085
-4.8352e-02,0.105,0.22
-4.8350e-02,0.05,-0.075
-4.8349e-02,0.12,0.22
-4.8347e-02,0.04,-0.105
-4.8346e-02,0.04,0.255
-4.8344e-02,0.02,-0.07
-4.8342e-02,0.1,0.22
-4.8341e-02,0.03,-0.075
-4.8339e-02,0.01,0.215
-4.8338e-02,0.1,-0.075
-4.8336e-02,0.01,0.215
-4.8334e-02,0.09,-0.08
-4.8333e-02,0.12,0.23
-4.8331e-02,0.04,-0.065
-4.8330e-02,0.105,0.215
-4.8328e-02,0.055,-0.09
-4.8326e-02,0.065,0.23
-4.8325e-02,0.145,-0.08
-4.8323e-02,0.15,0.225
-4.8322e-02,0.09,-0.08
-4.8320e-02,0.11,0.23
-4.8318e-02,0.04,-0.06
-4.8317e-02,0.085,0.21
-4.8315e-02,0.22,-0.055
-4.8314e-02,0.055,0.21
-4.8312e-02,0.085,-0.095
-4.8310e-02,0.075,0.24
-4.8309e-02,0.17,-0.08
-4.8307e-02,0.1,0.225
-4.8306e-02,0.16,-0.085
-4.8304e-02,0.09,0.23
-4.8302e-02,0.09,-0.08
-4.8301e-02,0.095,0.23
-4.8299e-02,0.085,-0.045
-4.8298e-02,0.05,0.2
-4.8296e-02,0.095,-0.075
-4.8294e-02,0.06,0.225
-4.8293e-02,0.06,-0.07
-4.8291e-02,0.065,0.215
-4.8290e-02,0.06,-0.075
-4.8288e-02,0.1,0.225
-4.8286e-02,0.045,-0.085
-4.8285e-02,0.115,0.235
-4.8283e-02,0.055,-0.08
-4.8282e-02,0.055,0.235
-4.8280e-02,0.02,-0.07
-4.8278e-02,0.09,0.225
-4.8277e-02,0.14,-0.06
-4.8275e-02,0.07,0.215
-4.8274e-02,0.06,-0.07
-4.8272e-02,0.05,0.225
-4.8270e-02,0.03,-0.065
-4.8269e-02,0.16,0.22
-4.8267e-02,0.07,-0.055
-4.8266e-02,0.065,0.215
-4.8264e-02,0.055,-0.075
-4.8262e-02,0.075,0.23
-4.8261e-02,0.085,-0.06
-4.8259e-02,0.145,0.215
-4.8258e-02,0.12,-0.07
-4.8256e-02,0.105,0.215
-4.8254e-02,0.07,-0.06
-4.8253e-02,0.17,0.225
-4.8251e-02,0.07,-0.06
-4.8250e-02,0.185,0.215
-4.8248e-02,0.1,-0.095
-4.8246e-02,0.05,0.245
-4.8245e-02,0.135,-0.1
-4.8243e-02,0.08,0.25
-4.8242e-02,0.015,-0.05
-4.8240e-02,0.065,0.21
-4.8238e-02,0.035,-0.085
-4.8237e-02,0.08,0.24
-4.8235e-02,0.065,-0.07
-4.8234e-02,0.055,0.225
-4.8232e-02,0.095,-0.07
-4.8230e-02,0.085,0.225
-4.8229e-02,0.155,-0.085
-4.8227e-02,0.035,0.235
-4.8226e-02,0.045,-0.075
-4.8224e-02,0.07,0.235
-4.8222e-02,0.1,-0.095
-4.8221e-02,0.03,0.255
-4.8219e-02,0.115,-0.085
-4.8218e-02,0.05,0.24
-4.8216e-02,0.015,-0.05
-4.8214e-02,0.005,0.21
-4.8213e-02,0.125,-0.045
-4.8211e-02,0.055,0.205
-4.8210e-02,0.075,-0.095
-4.8208e-02,0.03,0.245
-4.8206e-02,0.03,-0.085
-4.8205e-02,0.06,0.245
-4.8203e-02,0.14,-0.065
-4.8202e-02,0.115,0.21
-4.8200e-02,0.03,-0.065
-4.8198e-02,0.1,0.225
-4.8197e-02,0.095,-0.07
-4.8195e-02,0.07,0.225
-4.8194e-02,0.055,-0.08
-4.8192e-02,0.055,0.235
-4.8190e-02,0.075,-0.105
-4.8189e-02,0.05,0.26
-4.8187e-02,0.045,-0.065
-4.8186e-02,0,0.225
-4.8184e-02,0.085,-0.08
-4.8182e-02,0.035,0.235
-4.8181e-02,0.11,-0.095
-4.8179e-02,0.085,0.26
-4.8178e-02,0.095,-0.08
-4.8176e-02,0.06,0.24
-4.8174e-02,0.115,-0.07
-4.8173e-02,0.18,0.215
-4.8171e-02,0.125,-0.055
-4.8170e-02,0.17,0.215
-4.8168e-02,0.045,-0.06
-4.8166e-02,0.095,0.215
-4.8165e-02,0.135,-0.08
-4.8163e-02,0.16,0.24
-4.8162e-02,0.115,-0.06
-4.8160e-02,0.06,0.225
-4.8158e-02,0.125,-0.055
-4.8157e-02,0.09,0.215
-4.8155e-02,0.09,-0.085
-4.8154e-02,0.12,0.25
-4.8152e-02,0.06,-0.07
-4.8150e-02,0.075,0.225
-4.8149e-02,0.1,-0.05
-4.8147e-02,0.08,0.205
-4.8146e-02,0.05,-0.07
-4.8144e-02,0.045,0.23
-4.8142e-02,0.07,-0.105
-4.8141e-02,0.105,0.265
-4.8139e-02,0.05,-0.07
-4.8138e-02,0.09,0.23
-4.8136e-02,-0.015,-0.07
-4.8134e-02,0.035,0.225
-4.8133e-02,0.075,-0.06
-4.8131e-02,0.105,0.22
-4.8130e-02,0.035,-0.065
-4.8128e-02,-0.02,0.23
-4.8126e-02,0.06,-0.08
-4.8125e-02,0.07,0.235
-4.8123e-02,0.04,-0.05
-4.8122e-02,0.08,0.215
-4.8120e-02,0.015,-0.055
-4.8118e-02,0.09,0.215
-4.8117e-02,0.05,-0.045
-4.8115e-02,0.07,0.21
-4.8114e-02,0.035,-0.065
-4.8112e-02,0.045,0.235
-4.8110e-02,0.06,-0.06
-4.8109e-02,0.09,0.215
-4.8107e-02,0.085,-0.07
-4.8106e-02,0.03,0.24
-4.8104e-02,0.07,-0.065
-4.8102e-02,0.045,0.235
-4.8101e-02,0.075,-0.06
-4.8099e-02,0.125,0.225
-4.8098e-02,0.16,-0.065
-4.8096e-02,0.09,0.225
-4.8094e-02,0.005,-0.075
-4.8093e-02,0.115,0.24
-4.8091e-02,0.065,-0.07
-4.8090e-02,0.08,0.235
-4.8088e-02,0.01,-0.065
-4.8086e-02,0.095,0.23
-4.8085e-02,0.07,-0.065
-4.8083e-02,0.04,0.23
-4.8082e-02,-0.035,-0.105
-4.8080e-02,0.05,0.27
-4.8078e-02,0.015,-0.085
-4.8077e-02,0.105,0.25
-4.8075e-02,0.025,-0.08
-4.8074e-02,0.08,0.24
-4.8072e-02,-0.035,-0.105
-4.8070e-02,0.06,0.275
-4.8069e-02,0.055,-0.07
-4.8067e-02,0.09,0.235
-4.8066e-02,0.13,-0.065
-4.8064e-02,0.07,0.235
-4.8062e-02,0.135,-0.09
-4.8061e-02,0.09,0.26
-4.8059e-02,0.13,-0.09
-4.8058e-02,0.115,0.265
-4.8056e-02,0.13,-0.05
-4.8054e-02,0.035,0.215
-4.8053e-02,0.135,-0.065
-4.8051e-02,0.13,0.235
-4.8050e-02,0.125,-0.06
-4.8048e-02,0.015,0.23
-4.8046e-02,0.075,-0.05
-4.8045e-02,0.06,0.225
-4.8043e-02,0.14,-0.055
-4.8042e-02,0.03,0.23
-4.8040e-02,0.145,-0.06
-4.8038e-02,0.055,0.23
-4.8037e-02,0.07,-0.07
-4.8035e-02,0.065,0.25
-4.8034e-02,0.095,-0.06
-4.8032e-02,0.075,0.24
-4.8030e-02,0.08,-0.07
-4.8029e-02,0.09,0.24
-4.8027e-02,0.13,-0.06
-4.8026e-02,0.085,0.24
-4.8024e-02,0.07,-0.055
-4.8022e-02,0.09,0.225
-4.8021e-02,0.09,-0.055
-4.8019e-02,0.15,0.225
-4.8018e-02,0.125,-0.055
-4.8016e-02,0.105,0.23
-4.8014e-02,0,-0.06
-4.8013e-02,0.055,0.23
-4.8011e-02,0.115,-0.06
-4.8010e-02,0.09,0.23
-4.8008e-02,0.035,-0.045
-4.8006e-02,0.135,0.22
-4.8005e-02,0.095,-0.06
-4.8003e-02,0.045,0.23
-4.8002e-02,0.14,-0.065
-4.8000e-02,0.12,0.245
-4.7998e-02,0.065,-0.08
-4.7997e-02,0.04,0.25
-4.7995e-02,0.1,-0.085
-4.7994e-02,0.035,0.26
-4.7992e-02,0.085,-0.075
-4.7990e-02,0.03,0.245
-4.7989e-02,-0.04,-0.055
-4.7987e-02,0.04,0.22
-4.7986e-02,0.05,-0.055
-4.7984e-02,0.125,0.225
-4.7982e-02,0.03,-0.085
-4.7981e-02,0.06,0.26
-4.7979e-02,0.15,-0.08
-4.7978e-02,0.065,0.25
-4.7976e-02,0.125,-0.08
-4.7974e-02,0.115,0.25
-4.7973e-02,0.14,-0.06
-4.7971e-02,0.1,0.23
-4.7970e-02,0.185,-0.065
-4.7968e-02,0.135,0.24
-4.7966e-02,0.085,-0.09
-4.7965e-02,0.105,0.26
-4.7963e-02,0.09,-0.055
-4.7962e-02,0.115,0.23
-4.7960e-02,0.13,-0.055
-4.7958e-02,0.12,0.23
-4.7957e-02,0.095,-0.05
-4.7955e-02,0.045,0.225
-4.7954e-02,0.15,-0.06
-4.7952e-02,0.085,0.23
-4.7950e-02,0.09,-0.065
-4.7949e-02,-0.015,0.235
-4.7947e-02,0.04,-0.055
-4.7946e-02,0.085,0.23
-4.7944e-02,0.08,-0.085
-4.7942e-02,0.06,0.265
-4.7941e-02,0.06,-0.075
-4.7939e-02,0.105,0.25
-4.7938e-02,0.04,-0.065
-4.7936e-02,0.105,0.235
-4.7934e-02,0.09,-0.08
-4.7933e-02,0.07,0.25
-4.7931e-02,0.06,-0.06
-4.7930e-02,0.14,0.24
-4.7928e-02,0.19,-0.055
-4.7926e-02,0.115,0.23
-4.7925e-02,0.125,-0.055
-4.7923e-02,0.13,0.23
-4.7922e-02,0.1,-0.095
-4.7920e-02,0.155,0.27
-4.7918e-02,0.115,-0.06
-4.7917e-02,0.07,0.25
-4.7915e-02,0.1,-0.05
-4.7914e-02,0.13,0.23
-4.7912e-02,0.135,-0.055
-4.7910e-02,0.075,0.23
-4.7909e-02,0.045,-0.05
-4.7907e-02,0.055,0.225
-4.7906e-02,0.07,-0.05
-4.7904e-02,0.055,0.235
-4.7902e-02,0.08,-0.06
-4.7901e-02,0.1,0.24
-4.7899e-02,0.045,-0.09
-4.7898e-02,0.1,0.27
-4.7896e-02,0.08,-0.055
-4.7894e-02,0.17,0.24
-4.7893e-02,0.105,-0.06
-4.7891e-02,0.045,0.24
-4.7890e-02,0.13,-0.05
-4.7888e-02,0.085,0.245
-4.7886e-02,0.12,-0.06
-4.7885e-02,0.025,0.25
-4.7883e-02,0.095,-0.055
-4.7882e-02,0.015,0.24
-4.7880e-02,0.105,-0.06
-4.7878e-02,0.095,0.25
-4.7877e-02,-0.005,-0.05
-4.7875e-02,0.055,0.23
-4.7874e-02,0.035,-0.06
-4.7872e-02,0.055,0.24
-4.7870e-02,0.03,-0.055
-4.7869e-02,0.06,0.245
-4.7867e-02,0.035,-0.045
-4.7866e-02,0.065,0.23
-4.7864e-02,0.12,-0.055
-4.7862e-02,0.09,0.245
-4.7861e-02,0.185,-0.05
-4.7859e-02,0.035,0.235
-4.7858e-02,0.135,-0.055
-4.7856e-02,0.145,0.235
-4.7854e-02,0.185,-0.065
-4.7853e-02,0.1,0.245
-4.7851e-02,0.08,-0.065
-4.7850e-02,0.105,0.25
-4.7848e-02,0.16,-0.05
-4.7846e-02,0.1,0.235
-4.7845e-02,0.13,-0.035
-4.7843e-02,0.135,0.22
-4.7842e-02,0.1,-0.03
-4.7840e-02,0.13,0.22
-4.7838e-02,0.14,-0.04
-4.7837e-02,0.105,0.22
-4.7835e-02,0.105,-0.045
-4.7834e-02,0.015,0.235
-4.7832e-02,0.075,-0.06
-4.7830e-02,0.055,0.245
-4.7829e-02,0.085,-0.07
-4.7827e-02,0.025,0.25
-4.7826e-02,0.05,-0.055
-4.7824e-02,0.085,0.24
-4.7822e-02,0.1,-0.105
-4.7821e-02,0.08,0.285
-4.7819e-02,0.035,-0.065
-4.7818e-02,0.06,0.25
-4.7816e-02,0.015,-0.065
-4.7814e-02,0.115,0.25
-4.7813e-02,0.015,-0.05
-4.7811e-02,0.01,0.235
-4.7810e-02,0.035,-0.04
-4.7808e-02,0.055,0.23
-4.7806e-02,0.115,-0.08
-4.7805e-02,0.03,0.265
-4.7803e-02,0.06,-0.065
-4.7802e-02,0.135,0.255
-4.7800e-02,0.07,-0.06
-4.7798e-02,0.15,0.24
-4.7797e-02,0.075,-0.06
-4.7795e-02,0.155,0.24
-4.7794e-02,0.05,-0.07
-4.7792e-02,0.005,0.255
-4.7790e-02,0.14,-0.08
-4.7789e-02,0.085,0.26
-4.7787e-02,0.1,-0.065
-4.7786e-02,0.015,0.245
-4.7784e-02,0.115,-0.08
-4.7782e-02,0.13,0.265
-4.7781e-02,0.09,-0.065
-4.7779e-02,0.08,0.25
-4.7778e-02,0.065,-0.05
-4.7776e-02,0.135,0.23
-4.7774e-02,0.045,-0.065
-4.7773e-02,0.105,0.25
-4.7771e-02,0.05,-0.045
-4.7770e-02,0.05,0.23
-4.7768e-02,0.06,-0.055
-4.7766e-02,0.105,0.24
-4.7765e-02,0.115,-0.085
-4.7763e-02,0.045,0.27
-4.7762e-02,0.145,-0.055
-4.7760e-02,0.065,0.245
-4.7758e-02,0.12,-0.04
-4.7757e-02,0.12,0.225
-4.7755e-02,0.11,-0.06
-4.7754e-02,0.03,0.255
-4.7752e-02,0.065,-0.045
-4.7750e-02,0.13,0.23
-4.7749e-02,0.175,-0.065
-4.7747e-02,0.06,0.25
-4.7746e-02,0.085,-0.05
-4.7744e-02,0.15,0.24
-4.7742e-02,0.16,-0.03
-4.7741e-02,0.12,0.22
-4.7739e-02,0.14,-0.04
-4.7738e-02,0.115,0.23
-4.7736e-02,0.1,-0.065
-4.7734e-02,0.12,0.245
-4.7733e-02,0.15,-0.045
-4.7731e-02,0.12,0.23
-4.7730e-02,0.08,-0.045
-4.7728e-02,0.13,0.235
-4.7726e-02,0.1,-0.055
-4.7725e-02,0.085,0.25
-4.7723e-02,0.155,-0.085
-4.7722e-02,0.025,0.275
-4.7720e-02,0.08,-0.06
-4.7718e-02,0.09,0.25
-4.7717e-02,0.155,-0.06
-4.7715e-02,0.075,0.25
-4.7714e-02,0.025,-0.035
-4.7712e-02,0.12,0.23
-4.7710e-02,0.125,-0.06
-4.7709e-02,0.1,0.27
-4.7707e-02,0.12,-0.04
-4.7706e-02,0.125,0.225
-4.7704e-02,0.09,-0.05
-4.7702e-02,0.135,0.245
-4.7701e-02,0.155,-0.04
-4.7699e-02,0.19,0.235
-4.7698e-02,0.08,-0.075
-4.7696e-02,0.145,0.28
-4.7694e-02,0.125,-0.045
-4.7693e-02,0.19,0.24
-4.7691e-02,0.12,-0.045
-4.7690e-02,0.18,0.245
-4.7688e-02,0.06,-0.035
-4.7686e-02,0.125,0.235
-4.7685e-02,0.135,-0.065
-4.7683e-02,0.17,0.265
-4.7682e-02,0.07,-0.035
-4.7680e-02,0.04,0.235
-4.7678e-02,0.145,-0.075
-4.7677e-02,0.12,0.27
-4.7675e-02,0.08,-0.025
-4.7674e-02,0.05,0.225
-4.7672e-02,0.115,-0.055
-4.7670e-02,0.045,0.25
-4.7669e-02,0.12,-0.035
-4.7667e-02,0.09,0.235
-4.7666e-02,0.065,-0.045
-4.7664e-02,0.04,0.245
-4.7662e-02,0.11,-0.04
-4.7661e-02,0.1,0.235
-4.7659e-02,0.095,-0.07
-4.7658e-02,0.155,0.27
-4.7656e-02,0.015,-0.075
-4.7654e-02,0.16,0.265
-4.7653e-02,0.14,-0.035
-4.7651e-02,0.17,0.235
-4.7650e-02,0.13,-0.045
-4.7648e-02,0.02,0.24
-4.7646e-02,0.205,-0.065
-4.7645e-02,0.115,0.265
-4.7643e-02,0.215,-0.055
-4.7642e-02,0.065,0.255
-4.7640e-02,0.15,-0.045
-4.7638e-02,0.16,0.25
-4.7637e-02,0.08,-0.035
-4.7635e-02,0.18,0.235
-4.7634e-02,0.08,-0.055
-4.7632e-02,0.17,0.25
-4.7630e-02,0.05,-0.05
-4.7629e-02,0.19,0.25
-4.7627e-02,0.085,-0.045
-4.7626e-02,0.165,0.24
-4.7624e-02,0.06,-0.055
-4.7622e-02,0.18,0.245
-4.7621e-02,0.135,-0.05
-4.7619e-02,0.195,0.235
-4.7618e-02,0.11,-0.045
-4.7616e-02,0.125,0.245
-4.7614e-02,0.12,-0.085
-4.7613e-02,0.15,0.275
-4.7611e-02,0.16,-0.055
-4.7610e-02,0.125,0.25
-4.7608e-02,0.09,-0.06
-4.7606e-02,0.155,0.245
-4.7605e-02,0.205,-0.04
-4.7603e-02,0.11,0.24
-4.7602e-02,0.15,-0.05
-4.7600e-02,0.125,0.24
-4.7598e-02,0.235,-0.05
-4.7597e-02,0.19,0.24
-4.7595e-02,0.155,-0.045
-4.7594e-02,0.18,0.24
-4.7592e-02,0.135,-0.06
-4.7590e-02,0.17,0.255
-4.7589e-02,0.095,-0.055
-4.7587e-02,0.17,0.25
-4.7586e-02,0.15,-0.05
-4.7584e-02,0.015,0.24
-4.7582e-02,0.045,-0.045
-4.7581e-02,0.07,0.235
-4.7579e-02,0.06,-0.03
-4.7578e-02,0.075,0.225
-4.7576e-02,0.025,-0.04
-4.7574e-02,0.065,0.235
-4.7573e-02,0.025,-0.075
-4.7571e-02,0.125,0.27
-4.7570e-02,0.06,-0.03
-4.7568e-02,0.07,0.235
-4.7566e-02,0.09,-0.065
-4.7565e-02,0.115,0.26
-4.7563e-02,0.19,-0.07
-4.7562e-02,0.095,0.265
-4.7560e-02,0.165,-0.04
-4.7558e-02,0.115,0.24
-4.7557e-02,0.19,-0.06
-4.7555e-02,0.14,0.26
-4.7554e-02,0.21,-0.04
-4.7552e-02,0.13,0.24
-4.7550e-02,0.125,-0.045
-4.7549e-02,0.205,0.25
-4.7547e-02,0.155,-0.045
-4.7546e-02,0.17,0.245
-4.7544e-02,0.06,-0.035
-4.7542e-02,0.15,0.245
-4.7541e-02,0.055,-0.04
-4.7539e-02,0.115,0.245
-4.7538e-02,0.07,-0.05
-4.7536e-02,0.05,0.255
-4.7534e-02,0.015,-0.055
-4.7533e-02,0.095,0.265
-4.7531e-02,0.115,-0.06
-4.7530e-02,0.07,0.265
-4.7528e-02,0.115,-0.06
-4.7526e-02,0.085,0.27
-4.7525e-02,0.055,-0.08
-4.7523e-02,0.125,0.285
-4.7522e-02,0.095,-0.04
-4.7520e-02,0.1,0.25
-4.7518e-02,0.06,-0.07
-4.7517e-02,0.125,0.275
-4.7515e-02,0.105,-0.05
-4.7514e-02,0.13,0.265
-4.7512e-02,0.17,-0.05
-4.7510e-02,0.065,0.255
-4.7509e-02,0.17,-0.065
-4.7507e-02,0.19,0.27
-4.7506e-02,0.17,-0.045
-4.7504e-02,0.15,0.255
-4.7502e-02,0.125,-0.03
-4.7501e-02,0.2,0.235
-4.7499e-02,0.165,-0.03
-4.7498e-02,0.185,0.245
-4.7496e-02,0.105,-0.05
-4.7494e-02,0.135,0.255
-4.7493e-02,0.21,-0.06
-4.7491e-02,0.135,0.275
-4.7490e-02,0.16,-0.04
-4.7488e-02,0.155,0.25
-4.7486e-02,0.125,-0.03
-4.7485e-02,0.055,0.245
-4.7483e-02,0.15,-0.045
-4.7482e-02,0.07,0.255
-4.7480e-02,0.095,-0.035
-4.7478e-02,0.015,0.25
-4.7477e-02,0.095,-0.055
-4.7475e-02,0.01,0.27
-4.7474e-02,0.12,-0.035
-4.7472e-02,0.02,0.245
-4.7470e-02,-0.01,-0.045
-4.7469e-02,0.03,0.255
-4.7467e-02,0.07,-0.055
-4.7466e-02,0.05,0.26
-4.7464e-02,0.095,-0.04
-4.7462e-02,-0.005,0.25
-4.7461e-02,0.085,-0.065
-4.7459e-02,0.085,0.275
-4.7458e-02,0.07,-0.065
-4.7456e-02,0.07,0.27
-4.7454e-02,0.015,-0.055
-4.7453e-02,0.08,0.265
-4.7451e-02,0.045,-0.03
-4.7450e-02,0.095,0.25
-4.7448e-02,0.005,-0.045
-4.7446e-02,0.13,0.255
-4.7445e-02,0.02,-0.03
-4.7443e-02,0.14,0.24
-4.7442e-02,0.13,-0.045
-4.7440e-02,0.055,0.255
-4.7438e-02,0.09,-0.05
-4.7437e-02,0.035,0.265
-4.7435e-02,0.17,-0.045
-4.7434e-02,0.085,0.255
-4.7432e-02,0.115,-0.07
-4.7430e-02,0.04,0.28
-4.7429e-02,0.115,-0.06
-4.7427e-02,0.14,0.265
-4.7426e-02,0.12,-0.05
-4.7424e-02,0.11,0.26
-4.7422e-02,0.145,-0.075
-4.7421e-02,0.095,0.28
-4.7419e-02,0.19,-0.075
-4.7418e-02,0.125,0.285
-4.7416e-02,0.12,-0.055
-4.7414e-02,0.1,0.26
-4.7413e-02,0.09,-0.06
-4.7411e-02,0.13,0.265
-4.7410e-02,0.12,-0.035
-4.7408e-02,0.105,0.245
-4.7406e-02,0.145,-0.035
-4.7405e-02,0.02,0.25
-4.7403e-02,0.17,-0.03
-4.7402e-02,0.1,0.24
-4.7400e-02,0.095,-0.035
-4.7398e-02,0.055,0.245
-4.7397e-02,0.09,-0.055
-4.7395e-02,0.125,0.26
-4.7394e-02,0.105,-0.065
-4.7392e-02,0.05,0.275
-4.7390e-02,0.03,-0.06
-4.7389e-02,0.14,0.265
-4.7387e-02,0.105,-0.07
-4.7386e-02,0.185,0.285
-4.7384e-02,0.065,-0.055
-4.7382e-02,0.165,0.26
-4.7381e-02,0.12,-0.025
-4.7379e-02,0.135,0.235
-4.7378e-02,0.195,-0.075
-4.7376e-02,0.14,0.28
-4.7374e-02,0.16,-0.05
-4.7373e-02,0.135,0.265
-4.7371e-02,0.165,-0.03
-4.7370e-02,0.125,0.25
-4.7368e-02,0.195,-0.04
-4.7366e-02,0.06,0.255
-4.7365e-02,0.13,-0.035
-4.7363e-02,0.115,0.25
-4.7362e-02,0.17,-0.045
-4.7360e-02,0.1,0.26
-4.7358e-02,0.05,-0.06
-4.7357e-02,0.07,0.27
-4.7355e-02,0.11,-0.05
-4.7354e-02,0.07,0.27
-4.7352e-02,0.09,-0.04
-4.7350e-02,0.04,0.265
-4.7349e-02,0.1,-0.045
-4.7347e-02,0.13,0.27
-4.7346e-02,0.055,-0.045
-4.7344e-02,0.05,0.265
-4.7342e-02,0.055,-0.045
-4.7341e-02,0.075,0.265
-4.7339e-02,0.06,-0.03
-4.7338e-02,0.105,0.25
-4.7336e-02,0.04,-0.025
-4.7334e-02,0.18,0.245
-4.7333e-02,0.08,-0.055
-4.7331e-02,0.25,0.27
-4.7330e-02,0.15,-0.05
-4.7328e-02,0.17,0.265
-4.7326e-02,0.125,-0.045
-4.7325e-02,0.15,0.26
-4.7323e-02,0.115,-0.055
-4.7322e-02,0.18,0.27
-4.7320e-02,0.08,-0.025
-4.7318e-02,0.065,0.25
-4.7317e-02,0.12,-0.045
-4.7315e-02,0.15,0.265
-4.7314e-02,0.085,-0.06
-4.7312e-02,0.095,0.28
-4.7310e-02,0.015,-0.065
-4.7309e-02,0.11,0.28
-4.7307e-02,0.055,-0.025
-4.7306e-02,0.055,0.245
-4.7304e-02,0.02,-0.045
-4.7302e-02,0.015,0.265
-4.7301e-02,0.045,-0.03
-4.7299e-02,0.045,0.25
-4.7298e-02,0.02,-0.03
-4.7296e-02,0.01,0.245
-4.7294e-02,0.1,-0.03
-4.7293e-02,0.035,0.245
-4.7291e-02,0.125,-0.04
-4.7290e-02,0.12,0.255
-4.7288e-02,0.065,-0.05
-4.7286e-02,0.155,0.265
-4.7285e-02,0.13,-0.05
-4.7283e-02,0.13,0.275
-4.7282e-02,0.15,-0.03
-4.7280e-02,0.09,0.25
-4.7278e-02,0.115,-0.055
-4.7277e-02,0.235,0.27
-4.7275e-02,0.115,-0.025
-4.7274e-02,0.185,0.245
-4.7272e-02,0.045,-0.055
-4.7270e-02,0.17,0.275
-4.7269e-02,0.095,-0.025
-4.7267e-02,0.16,0.24
-4.7266e-02,0.015,-0.03
-4.7264e-02,0.12,0.255
-4.7262e-02,0.09,-0.055
-4.7261e-02,0.09,0.28
-4.7259e-02,0.095,-0.025
-4.7258e-02,-0.005,0.245
-4.7256e-02,0.09,-0.025
-4.7254e-02,0.015,0.25
-4.7253e-02,0.08,-0.055
-4.7251e-02,0.015,0.275
-4.7250e-02,0.055,-0.045
-4.7248e-02,0.025,0.275
-4.7246e-02,0.1,-0.035
-4.7245e-02,0.135,0.26
-4.7243e-02,0.07,-0.045
-4.7242e-02,0.125,0.265
-4.7240e-02,0.08,-0.035
-4.7238e-02,0.085,0.255
-4.7237e-02,0.175,-0.02
-4.7235e-02,0.025,0.245
-4.7234e-02,0.065,-0.03
-4.7232e-02,0.095,0.255
-4.7230e-02,0.15,-0.045
-4.7229e-02,0.14,0.275
-4.7227e-02,0.155,-0.055
-4.7226e-02,0.09,0.275
-4.7224e-02,0.185,-0.025
-4.7222e-02,0.195,0.255
-4.7221e-02,0.125,-0.015
-4.7219e-02,0.09,0.245
-4.7218e-02,0.13,-0.025
-4.7216e-02,0.08,0.25
-4.7214e-02,0.155,-0.02
-4.7213e-02,0.14,0.25
-4.7211e-02,0.08,-0.045
-4.7210e-02,0.085,0.275
-4.7208e-02,0.085,-0.05
-4.7206e-02,0.08,0.28
-4.7205e-02,0.085,-0.035
-4.7203e-02,0.05,0.26
-4.7202e-02,0.025,-0.04
-4.7200e-02,0.025,0.27
-4.7198e-02,0.04,-0.02
-4.7197e-02,0.115,0.255
-4.7195e-02,0.035,-0.045
-4.7194e-02,0.06,0.28
-4.7192e-02,0.09,-0.045
-4.7190e-02,0.12,0.27
-4.7189e-02,0.1,-0.05
-4.7187e-02,0.13,0.28
-4.7186e-02,0.11,-0.055
-4.7184e-02,0.145,0.28
-4.7182e-02,0.21,-0.035
-4.7181e-02,0.07,0.265
-4.7179e-02,0.11,-0.01
-4.7178e-02,0.15,0.24
-4.7176e-02,0.135,-0.035
-4.7174e-02,0.185,0.26
-4.7173e-02,0.065,-0.02
-4.7171e-02,0.145,0.25
-4.7170e-02,0.065,-0.05
-4.7168e-02,0.13,0.28
-4.7166e-02,0.08,-0.04
-4.7165e-02,0.13,0.27
-4.7163e-02,0.04,-0.03
-4.7162e-02,0.115,0.26
-4.7160e-02,0.085,-0.04
-4.7158e-02,0.08,0.27
-4.7157e-02,0.09,-0.035
-4.7155e-02,0.025,0.255
-4.7154e-02,0.035,-0.03
-4.7152e-02,0.05,0.26
-4.7150e-02,0.12,-0.04
-4.7149e-02,0.075,0.26
-4.7147e-02,0.095,-0.055
-4.7146e-02,0.07,0.275
-4.7144e-02,0.225,-0.04
-4.7142e-02,0.11,0.265
-4.7141e-02,0.125,-0.04
-4.7139e-02,0.08,0.275
-4.7138e-02,0.09,-0.03
-4.7136e-02,0.145,0.265
-4.7134e-02,0.125,-0.03
-4.7133e-02,0.1,0.255
-4.7131e-02,0.165,-0.03
-4.7130e-02,0.175,0.255
-4.7128e-02,0.165,-0.025
-4.7126e-02,0.135,0.255
-4.7125e-02,0.1,-0.03
-4.7123e-02,0.085,0.265
-4.7122e-02,0.12,-0.025
-4.7120e-02,0.115,0.255
-4.7118e-02,0.19,-0.045
-4.7117e-02,0.135,0.28
-4.7115e-02,0.1,-0.04
-4.7114e-02,0.18,0.27
-4.7112e-02,0.16,-0.04
-4.7110e-02,0.185,0.27
-4.7109e-02,0.18,-0.02
-4.7107e-02,0.085,0.26
-4.7106e-02,0.115,-0.025
-4.7104e-02,0.18,0.26
-4.7102e-02,0.155,-0.015
-4.7101e-02,0.125,0.245
-4.7099e-02,0.13,-0.03
-4.7098e-02,0.15,0.255
-4.7096e-02,0.18,-0.03
-4.7094e-02,0.19,0.26
-4.7093e-02,0.085,-0.03
-4.7091e-02,0.17,0.275
-4.7090e-02,0.085,-0.04
-4.7088e-02,0.155,0.28
-4.7086e-02,0.165,-0.045
-4.7085e-02,0.09,0.28
-4.7083e-02,0.18,-0.025
-4.7082e-02,0.105,0.265
-4.7080e-02,0.155,-0.015
-4.7078e-02,0.09,0.25
-4.7077e-02,0.135,-0.055
-4.7075e-02,0.01,0.29
-4.7074e-02,0.105,-0.02
-4.7072e-02,0.105,0.265
-4.7070e-02,0.085,-0.035
-4.7069e-02,0.055,0.26
-4.7067e-02,0.04,-0.035
-4.7066e-02,0.08,0.275
-4.7064e-02,0.155,-0.04
-4.7062e-02,0.055,0.275
-4.7061e-02,0.09,-0.02
-4.7059e-02,0.075,0.26
-4.7058e-02,0.115,-0.045
-4.7056e-02,0.065,0.275
-4.7054e-02,0.185,-0.03
-4.7053e-02,0.04,0.27
-4.7051e-02,0.125,-0.03
-4.7050e-02,0.045,0.265
-4.7048e-02,0.175,-0.04
-4.7046e-02,0.07,0.285
-4.7045e-02,0.155,-0.025
-4.7043e-02,0.045,0.265
-4.7042e-02,0.075,-0.045
-4.7040e-02,0.14,0.285
-4.7038e-02,0.09,-0.04
-4.7037e-02,0.175,0.285
-4.7035e-02,0.08,-0.06
-4.7034e-02,0.17,0.31
-4.7032e-02,0.205,-0.04
-4.7030e-02,0.16,0.285
-4.7029e-02,0.07,-0.025
-4.7027e-02,0.165,0.27
-4.7026e-02,0.135,-0.035
-4.7024e-02,0.16,0.27
-4.7022e-02,0.12,-0.025
-4.7021e-02,0.125,0.265
-4.7019e-02,0.1,-0.04
-4.7018e-02,0.155,0.275
-4.7016e-02,0.105,-0.025
-4.7014e-02,0.155,0.255
-4.7013e-02,0.095,-0.025
-4.7011e-02,0.115,0.27
-4.7010e-02,0.08,-0.05
-4.7008e-02,0.15,0.285
-4.7006e-02,0.085,-0.035
-4.7005e-02,0.17,0.27
-4.7003e-02,0.085,-0.025
-4.7002e-02,0.095,0.255
-4.7000e-02,0.155,-0.045
-4.6998e-02,0.18,0.28
-4.6997e-02,0.075,-0.03
-4.6995e-02,0.105,0.26
-4.6994e-02,0.135,-0.04
-4.6992e-02,0.165,0.28
-4.6990e-02,0.12,-0.04
-4.6989e-02,0.1,0.275
-4.6987e-02,0.13,-0.03
-4.6986e-02,0.155,0.26
-4.6984e-02,0.185,-0.02
-4.6982e-02,0.105,0.26
-4.6981e-02,0.155,-0.015
-4.6979e-02,0.105,0.25
-4.6978e-02,0.205,-0.03
-4.6976e-02,0.11,0.27
-4.6974e-02,0.1,-0.02
-4.6973e-02,0.15,0.26
-4.6971e-02,0.145,-0.02
-4.6970e-02,0.105,0.26
-4.6968e-02,0.125,-0.015
-4.6966e-02,0.095,0.25
-4.6965e-02,0.05,-0.025
-4.6963e-02,0.145,0.26
-4.6962e-02,0.11,-0.055
-4.6960e-02,0.16,0.295
-4.6958e-02,0.135,-0.03
-4.6957e-02,0.115,0.26
-4.6955e-02,0.11,-0.03
-4.6954e-02,0.195,0.27
-4.6952e-02,0.14,-0.02
-4.6950e-02,0.085,0.255
-4.6949e-02,0.115,-0.02
-4.6947e-02,0.12,0.26
-4.6946e-02,0.13,-0.01
-4.6944e-02,0.14,0.255
-4.6942e-02,0.045,-0.025
-4.6941e-02,0.105,0.27
-4.6939e-02,0.14,-0.035
-4.6938e-02,0.14,0.28
-4.6936e-02,0.04,-0.035
-4.6934e-02,0.15,0.275
-4.6933e-02,0.08,-0.02
-4.6931e-02,0.175,0.27
-4.6930e-02,0.12,-0.015
-4.6928e-02,0.125,0.255
-4.6926e-02,0.085,-0.03
-4.6925e-02,0.215,0.27
-4.6923e-02,0.15,-0.02
-4.6922e-02,0.115,0.265
-4.6920e-02,0.16,-0.01
-4.6918e-02,0.125,0.255
-4.6917e-02,0.165,-0.04
-4.6915e-02,0.13,0.295
-4.6914e-02,0.17,-0.01
-4.6912e-02,0.07,0.255
-4.6910e-02,0.16,-0.02
-4.6909e-02,0.11,0.265
-4.6907e-02,0.17,-0.02
-4.6906e-02,0.17,0.27
-4.6904e-02,0.08,-0.025
-4.6902e-02,0.12,0.27
-4.6901e-02,0.16,-0.02
-4.6899e-02,0.23,0.265
-4.6898e-02,0.08,-0.05
-4.6896e-02,0.15,0.3
-4.6894e-02,0.155,-0.035
-4.6893e-02,0.19,0.29
-4.6891e-02,0.125,-0.035
-4.6890e-02,0.12,0.29
-4.6888e-02,0.145,-0.04
-4.6886e-02,0.075,0.28
-4.6885e-02,0.21,-0.025
-4.6883e-02,0.07,0.265
-4.6882e-02,0.17,-0.03
-4.6880e-02,0.105,0.27
-4.6878e-02,0.155,-0.025
-4.6877e-02,0.135,0.275
-4.6875e-02,0.155,-0.04
-4.6874e-02,0.13,0.285
-4.6872e-02,0.15,-0.03
-4.6870e-02,0.17,0.28
-4.6869e-02,0.15,-0.055
-4.6867e-02,0.105,0.295
-4.6866e-02,0.12,-0.025
-4.6864e-02,0.04,0.265
-4.6862e-02,0.13,-0.035
-4.6861e-02,0.105,0.27
-4.6859e-02,0.07,-0.025
-4.6858e-02,0.03,0.285
-4.6856e-02,0.105,-0.025
-4.6854e-02,0.12,0.27
-4.6853e-02,0.095,-0.015
-4.6851e-02,0.135,0.265
-4.6850e-02,0.025,-0.025
-4.6848e-02,0.14,0.275
-4.6846e-02,0.15,-0.005
-4.6845e-02,0.135,0.255
-4.6843e-02,0.105,-0.025
-4.6842e-02,0.115,0.275
-4.6840e-02,0.14,-0.055
-4.6838e-02,0.11,0.3
-4.6837e-02,0.12,-0.055
-4.6835e-02,0.075,0.3
-4.6834e-02,0.115,-0.03
-4.6832e-02,0.17,0.275
-4.6830e-02,0.115,-0.02
-4.6829e-02,0.135,0.27
-4.6827e-02,0.145,-0.015
-4.6826e-02,0.1,0.26
-4.6824e-02,0.17,-0.015
-4.6822e-02,0.185,0.26
-4.6821e-02,0.14,-0.02
-4.6819e-02,0.135,0.265
-4.6818e-02,0.225,-0.045
-4.6816e-02,0.175,0.295
-4.6814e-02,0.235,-0.05
-4.6813e-02,0.12,0.295
-4.6811e-02,0.14,-0.045
-4.6810e-02,0.16,0.295
-4.6808e-02,0.19,-0.04
-4.6806e-02,0.11,0.29
-4.6805e-02,0.055,-0.035
-4.6803e-02,0.12,0.28
-4.6802e-02,0.075,-0.01
-4.6800e-02,0.115,0.26
-4.6798e-02,0.03,-0.055
-4.6797e-02,0.01,0.3
-4.6795e-02,0.135,-0.035
-4.6794e-02,0.045,0.285
-4.6792e-02,0.1,-0.03
-4.6790e-02,0.045,0.28
-4.6789e-02,0.14,-0.05
-4.6787e-02,0.07,0.305
-4.6786e-02,0.145,-0.035
-4.6784e-02,0.195,0.285
-4.6782e-02,0.06,-0.03
-4.6781e-02,0.195,0.285
-4.6779e-02,0.1,-0.04
-4.6778e-02,0.17,0.29
-4.6776e-02,0.225,-0.04
-4.6774e-02,0.08,0.295
-4.6773e-02,0.2,-0.015
-4.6771e-02,0.19,0.275
-4.6770e-02,0.185,-0.02
-4.6768e-02,0.215,0.275
-4.6766e-02,0.115,-0.035
-4.6765e-02,0.165,0.285
-4.6763e-02,0.13,-0.02
-4.6762e-02,0.225,0.28
-4.6760e-02,0.08,-0.025
-4.6758e-02,0.105,0.28
-4.6757e-02,0.175,-0.045
-4.6755e-02,0.105,0.305
-4.6754e-02,0.205,-0.025
-4.6752e-02,0.07,0.28
-4.6750e-02,0.135,0
-4.6749e-02,0.13,0.26
-4.6747e-02,0.165,-0.015
-4.6746e-02,0.09,0.27
-4.6744e-02,0.085,-0.02
-4.6742e-02,0.1,0.28
-4.6741e-02,0.075,-0.025
-4.6739e-02,0.11,0.295
-4.6738e-02,0.16,-0.01
-4.6736e-02,0.115,0.265
-4.6734e-02,0.13,-0.03
-4.6733e-02,0.07,0.29
-4.6731e-02,0.205,-0.02
-4.6730e-02,0.095,0.285
-4.6728e-02,0.195,-0.02
-4.6726e-02,0.055,0.275
-4.6725e-02,0.2,-0.025
-4.6723e-02,0.2,0.29
-4.6722e-02,0.165,-0.03
-4.6720e-02,0.16,0.285
-4.6718e-02,0.165,-0.045
-4.6717e-02,0.205,0.3
-4.6715e-02,0.22,-0.06
-4.6714e-02,0.195,0.32
-4.6712e-02,0.105,-0.015
-4.6710e-02,0.21,0.28
-4.6709e-02,0.215,-0.035
-4.6707e-02,0.15,0.31
-4.6706e-02,0.13,-0.05
-4.6704e-02,0.15,0.305
-4.6702e-02,0.18,-0.05
-4.6701e-02,0.175,0.3
-4.6699e-02,0.19,-0.03
-4.6698e-02,0.155,0.295
-4.6696e-02,0.18,-0.025
-4.6694e-02,0.17,0.295
-4.6693e-02,0.11,-0.04
-4.6691e-02,0.16,0.3
-4.6690e-02,0.1,-0.02
-4.6688e-02,-0.015,0.285
-4.6686e-02,0.105,-0.015
-4.6685e-02,0.06,0.27
-4.6683e-02,0.11,-0.015
-4.6682e-02,0.075,0.285
-4.6680e-02,0.07,-0.025
-4.6678e-02,0.145,0.285
-4.6677e-02,0.22,-0.03
-4.6675e-02,0.125,0.295
-4.6674e-02,0.12,-0.04
-4.6672e-02,0.075,0.3
-4.6670e-02,0.155,-0.055
-4.6669e-02,0.08,0.325
-4.6667e-02,0.17,-0.055
-4.6666e-02,0.09,0.31
-4.6664e-02,0.215,-0.025
-4.6662e-02,0.25,0.29
-4.6661e-02,0.155,-0.01
-4.6659e-02,0.165,0.275
-4.6658e-02,0.14,-0.035
-4.6656e-02,0.1,0.295
-4.6654e-02,0.16,-0.025
-4.6653e-02,0.14,0.285
-4.6651e-02,0.065,-0.02
-4.6650e-02,0.125,0.275
-4.6648e-02,0.12,-0.035
-4.6646e-02,0.105,0.29
-4.6645e-02,0.14,-0.05
-4.6643e-02,0.1,0.305
-4.6642e-02,0.015,-0.01
-4.6640e-02,0.09,0.265
-4.6638e-02,0.08,-0.02
-4.6637e-02,0.08,0.28
-4.6635e-02,0.09,-0.03
-4.6634e-02,0.025,0.29
-4.6632e-02,0.09,-0.05
-4.6630e-02,0.115,0.31
-4.6629e-02,0.18,-0.03
-4.6627e-02,0.015,0.29
-4.6626e-02,0.14,-0.03
-4.6624e-02,0.165,0.285
-4.6622e-02,0.125,-0.02
-4.6621e-02,0.24,0.285
-4.6619e-02,0.09,-0.025
-4.6618e-02,0.275,0.29
-4.6616e-02,0.165,-0.045
-4.6614e-02,0.25,0.3
-4.6613e-02,0.2,-0.02
-4.6611e-02,0.205,0.27
-4.6610e-02,0.17,-0.025
-4.6608e-02,0.19,0.29
-4.6606e-02,0.26,-0.045
-4.6605e-02,0.14,0.305
-4.6603e-02,0.185,-0.06
-4.6602e-02,0.13,0.33
-4.6600e-02,0.17,-0.045
-4.6598e-02,0.155,0.305
-4.6597e-02,0.095,-0.015
-4.6595e-02,0.02,0.275
-4.6594e-02,0.105,-0.02
-4.6592e-02,0.115,0.29
-4.6590e-02,0.13,0
-4.6589e-02,0.155,0.26
-4.6587e-02,0.05,-0.015
-4.6586e-02,0.095,0.28
-4.6584e-02,0.125,-0.02
-4.6582e-02,0.065,0.29
-4.6581e-02,0.12,-0.015
-4.6579e-02,0.11,0.28
-4.6578e-02,0.13,0
-4.6576e-02,0.215,0.275
-4.6574e-02,0.185,-0.015
-4.6573e-02,0.195,0.28
-4.6571e-02,0.2,-0.03
-4.6570e-02,0.095,0.295
-4.6568e-02,0.18,-0.025
-4.6566e-02,0.17,0.295
-4.6565e-02,0.14,-0.025
-4.6563e-02,0.14,0.295
-4.6562e-02,0.09,-0.01
-4.6560e-02,0.21,0.28
-4.6558e-02,0.205,-0.035
-4.6557e-02,0.13,0.31
-4.6555e-02,0.185,-0.025
-4.6554e-02,0.17,0.3
-4.6552e-02,0.255,-0.03
-4.6550e-02,0.175,0.305
-4.6549e-02,0.13,-0.03
-4.6547e-02,0.155,0.3
-4.6546e-02,0.17,-0.035
-4.6544e-02,0.115,0.3
-4.6542e-02,0.17,-0.01
-4.6541e-02,0.095,0.285
-4.6539e-02,0.155,-0.025
-4.6538e-02,0.115,0.29
-4.6536e-02,0.105,-0.015
-4.6534e-02,0.2,0.28
-4.6533e-02,0.13,-0.045
-4.6531e-02,0.1,0.315
-4.6530e-02,0.13,-0.015
-4.6528e-02,0.17,0.29
-4.6526e-02,0.17,-0.02
-4.6525e-02,0.205,0.29
-4.6523e-02,0.04,-0.055
-4.6522e-02,0.135,0.325
-4.6520e-02,0.165,-0.03
-4.6518e-02,0.13,0.3
-4.6517e-02,0.14,-0.025
-4.6515e-02,0.055,0.295
-4.6514e-02,0.18,-0.015
-4.6512e-02,0.15,0.285
-4.6510e-02,0.14,-0.04
-4.6509e-02,0.135,0.31
-4.6507e-02,0.165,-0.03
-4.6506e-02,0.18,0.3
-4.6504e-02,0.2,-0.03
-4.6502e-02,0.18,0.305
-4.6501e-02,0.165,-0.045
-4.6499e-02,0.185,0.315
-4.6498e-02,0.115,-0.03
-4.6496e-02,0.17,0.305
-4.6494e-02,0.125,-0.015
-4.6493e-02,0.08,0.29
-4.6491e-02,0.075,-0.03
-4.6490e-02,0.115,0.3
-4.6488e-02,0.145,-0.005
-4.6486e-02,0.15,0.275
-4.6485e-02,0.105,-0.025
-4.6483e-02,0.095,0.295
-4.6482e-02,0.185,-0.035
-4.6480e-02,0.135,0.3
-4.6478e-02,0.2,-0.02
-4.6477e-02,0.085,0.3
-4.6475e-02,0.13,-0.01
-4.6474e-02,0.125,0.28
-4.6472e-02,0.18,-0.015
-4.6470e-02,0.09,0.285
-4.6469e-02,0.15,-0.01
-4.6467e-02,0.115,0.28
-4.6466e-02,0.14,-0.01
-4.6464e-02,0.16,0.275
-4.6462e-02,0.145,-0.01
-4.6461e-02,0.145,0.285
-4.6459e-02,0.1,-0.015
-4.6458e-02,0.14,0.295
-4.6456e-02,0.14,-0.045
-4.6454e-02,0.125,0.315
-4.6453e-02,0.125,-0.04
-4.6451e-02,0.075,0.305
-4.6450e-02,0.145,-0.015
-4.6448e-02,0.145,0.29
-4.6446e-02,0.08,-0.015
-4.6445e-02,0.125,0.275
-4.6443e-02,0.065,-0.01
-4.6442e-02,0.165,0.275
-4.6440e-02,0.13,-0.02
-4.6438e-02,0.08,0.285
-4.6437e-02,0.11,-0.025
-4.6435e-02,0.085,0.295
-4.6434e-02,0.17,-0.005
-4.6432e-02,0.16,0.28
-4.6430e-02,0.085,-0.035
-4.6429e-02,0.155,0.305
-4.6427e-02,0.04,-0.025
-4.6426e-02,0.18,0.3
-4.6424e-02,0.145,-0.015
-4.6422e-02,0.155,0.28
-4.6421e-02,0.1,-0.005
-4.6419e-02,0.155,0.275
-4.6418e-02,0.11,-0.015
-4.6416e-02,0.19,0.295
-4.6414e-02,0.165,-0.03
-4.6413e-02,0.115,0.295
-4.6411e-02,0.185,-0.075
-4.6410e-02,0.13,0.345
-4.6408e-02,0.29,-0.015
-4.6406e-02,0.13,0.285
-4.6405e-02,0.16,-0.03
-4.6403e-02,0.14,0.305
-4.6402e-02,0.12,-0.005
-4.6400e-02,0.18,0.275
-4.6398e-02,0.1,-0.015
-4.6397e-02,0.11,0.3
-4.6395e-02,0.17,-0.005
-4.6394e-02,0.175,0.285
-4.6392e-02,0.24,-0.005
-4.6390e-02,0.18,0.275
-4.6389e-02,0.175,-0.015
-4.6387e-02,0.16,0.29
-4.6386e-02,0.185,-0.025
-4.6384e-02,0.165,0.3
-4.6382e-02,0.18,-0.005
-4.6381e-02,0.155,0.28
-4.6379e-02,0.16,-0.03
-4.6378e-02,0.115,0.305
-4.6376e-02,0.165,-0.01
-4.6374e-02,0.05,0.29
-4.6373e-02,0.09,0
-4.6371e-02,0.01,0.275
-4.6370e-02,0.105,-0.005
-4.6368e-02,0.15,0.285
-4.6366e-02,0.21,-0.015
-4.6365e-02,0.11,0.295
-4.6363e-02,0.145,-0.02
-4.6362e-02,0.12,0.29
-4.6360e-02,0.18,0.005
-4.6358e-02,0.175,0.28
-4.6357e-02,0.125,-0.015
-4.6355e-02,0.115,0.29
-4.6354e-02,0.205,-0.015
-4.6352e-02,0.15,0.305
-4.6350e-02,0.175,-0.035
-4.6349e-02,0.16,0.31
-4.6347e-02,0.155,-0.015
-4.6346e-02,0.14,0.305
-4.6344e-02,0.18,-0.01
-4.6342e-02,0.185,0.29
-4.6341e-02,0.155,-0.02
-4.6339e-02,0.16,0.31
-4.6338e-02,0.15,-0.035
-4.6336e-02,0.275,0.32
-4.6334e-02,0.15,-0.01
-4.6333e-02,0.18,0.295
-4.6331e-02,0.09,-0.015
-4.6330e-02,0.205,0.29
-4.6328e-02,0.215,-0.005
-4.6326e-02,0.195,0.3
-4.6325e-02,0.18,-0.005
-4.6323e-02,0.18,0.29
-4.6322e-02,0.165,-0.03
-4.6320e-02,0.23,0.315
-4.6318e-02,0.195,-0.02
-4.6317e-02,0.23,0.3
-4.6315e-02,0.085,-0.025
-4.6314e-02,0.175,0.31
-4.6312e-02,0.08,-0.035
-4.6310e-02,0.14,0.32
-4.6309e-02,0.125,-0.005
-4.6307e-02,0.12,0.3
-4.6306e-02,0.165,-0.01
-4.6304e-02,0.145,0.295
-4.6302e-02,0.26,-0.015
-4.6301e-02,0.105,0.29
-4.6299e-02,0.1,-0.015
-4.6298e-02,0.095,0.3
-4.6296e-02,0.12,-0.025
-4.6294e-02,0.205,0.315
-4.6293e-02,0.05,-0.015
-4.6291e-02,0.165,0.295
-4.6290e-02,0.1,-0.03
-4.6288e-02,0.14,0.31
-4.6286e-02,0.06,0
-4.6285e-02,0.1,0.285
-4.6283e-02,0.15,-0.02
-4.6282e-02,0.17,0.295
-4.6280e-02,0.185,-0.025
-4.6278e-02,0.165,0.31
-4.6277e-02,0.095,-0.035
-4.6275e-02,0.14,0.32
-4.6274e-02,0.11,-0.02
-4.6272e-02,0.2,0.31
-4.6270e-02,0.12,0
-4.6269e-02,0.135,0.285
-4.6267e-02,0.12,0.01
-4.6266e-02,0.11,0.275
-4.6264e-02,0.19,-0.01
-4.6262e-02,0.11,0.29
-4.6261e-02,0.17,-0.03
-4.6259e-02,0.01,0.31
-4.6258e-02,0.16,-0.025
-4.6256e-02,0.11,0.31
-4.6254e-02,0.15,-0.015
-4.6253e-02,0.08,0.295
-4.6251e-02,0.1,-0.035
-4.6250e-02,0.215,0.32
-4.6248e-02,0.14,-0.025
-4.6246e-02,0.2,0.31
-4.6245e-02,0.075,0
-4.6243e-02,0.185,0.29
-4.6242e-02,0.185,-0.015
-4.6240e-02,0.115,0.305
-4.6238e-02,0.155,-0.01
-4.6237e-02,0.115,0.3
-4.6235e-02,0.175,-0.045
-4.6234e-02,0.18,0.325
-4.6232e-02,0.19,-0.035
-4.6230e-02,0.21,0.325
-4.6229e-02,0.185,-0.015
-4.6227e-02,0.135,0.3
-4.6226e-02,0.25,-0.02
-4.6224e-02,0.14,0.3
-4.6222e-02,0.225,-0.03
-4.6221e-02,0.045,0.315
-4.6219e-02,0.14,-0.045
-4.6218e-02,0.155,0.335
-4.6216e-02,0.16,-0.01
-4.6214e-02,0.2,0.305
-4.6213e-02,0.085,-0.02
-4.6211e-02,0.15,0.305
-4.6210e-02,0.165,0
-4.6208e-02,0.08,0.29
-4.6206e-02,0.105,-0.02
-4.6205e-02,0.115,0.305
-4.6203e-02,0.105,-0.02
-4.6202e-02,0.21,0.31
-4.6200e-02,0.095,0
-4.6198e-02,0.135,0.295
-4.6197e-02,0.025,-0.02
-4.6195e-02,0.135,0.315
-4.6194e-02,0.08,-0.015
-4.6192e-02,0.18,0.295
-4.6190e-02,0.13,-0.015
-4.6189e-02,0.12,0.305
-4.6187e-02,0.145,-0.01
-4.6186e-02,0.105,0.31
-4.6184e-02,0.13,-0.04
-4.6182e-02,0.09,0.32
-4.6181e-02,0.065,-0.03
-4.6179e-02,0.14,0.32
-4.6178e-02,0.175,-0.045
-4.6176e-02,0.185,0.335
-4.6174e-02,0.125,-0.005
-4.6173e-02,0.14,0.295
-4.6171e-02,0.215,-0.015
-4.6170e-02,0.16,0.305
-4.6168e-02,0.23,-0.015
-4.6166e-02,0.105,0.305
-4.6165e-02,0.23,-0.025
-4.6163e-02,0.185,0.325
-4.6162e-02,0.195,-0.03
-4.6160e-02,0.2,0.32
-4.6158e-02,0.13,-0.02
-4.6157e-02,0.2,0.315
-4.6155e-02,0.1,-0.01
-4.6154e-02,0.21,0.3
-4.6152e-02,0.09,-0.025
-4.6150e-02,0.17,0.325
-4.6149e-02,0.09,-0.015
-4.6147e-02,0.12,0.31
-4.6146e-02,0.14,-0.01
-4.6144e-02,0.095,0.295
-4.6142e-02,0.145,-0.005
-4.6141e-02,0.035,0.295
-4.6139e-02,0.16,0
-4.6138e-02,0.12,0.29
-4.6136e-02,0.125,0
-4.6134e-02,0.03,0.29
-4.6133e-02,0.08,-0.02
-4.6131e-02,0.105,0.31
-4.6130e-02,0.15,-0.005
-4.6128e-02,0.055,0.295
-4.6126e-02,0.15,-0.015
-4.6125e-02,0.07,0.3
-4.6123e-02,0.195,0.005
-4.6122e-02,0.16,0.285
-4.6120e-02,0.155,0
-4.6118e-02,0.125,0.295
-4.6117e-02,0.105,-0.03
-4.6115e-02,0.115,0.325
-4.6114e-02,0.16,-0.005
-4.6112e-02,0.115,0.295
-4.6110e-02,0.205,-0.015
-4.6109e-02,0.115,0.31
-4.6107e-02,0.21,0.005
-4.6106e-02,0.22,0.29
-4.6104e-02,0.19,-0.025
-4.6102e-02,0.265,0.32
-4.6101e-02,0.075,-0.03
-4.6099e-02,0.26,0.31
-4.6098e-02,0.185,-0.03
-4.6096e-02,0.195,0.32
-4.6094e-02,0.105,0.01
-4.6093e-02,0.085,0.285
-4.6091e-02,0.165,-0.005
-4.6090e-02,0.14,0.3
-4.6088e-02,0.135,-0.03
-4.6086e-02,0.07,0.315
-4.6085e-02,0.155,-0.035
-4.6083e-02,0.15,0.325
-4.6082e-02,0.145,-0.02
-4.6080e-02,0.195,0.31
-4.6078e-02,0.13,-0.03
-4.6077e-02,0.22,0.32
-4.6075e-02,0.15,-0.035
-4.6074e-02,0.195,0.33
-4.6072e-02,0.13,-0.025
-4.6070e-02,0.13,0.32
-4.6069e-02,0.085,-0.025
-4.6067e-02,0.145,0.315
-4.6066e-02,0.115,-0.02
-4.6064e-02,0.13,0.305
-4.6062e-02,0.065,-0.01
-4.6061e-02,0.075,0.305
-4.6059e-02,0.125,-0.02
-4.6058e-02,0.14,0.325
-4.6056e-02,0.17,-0.025
-4.6054e-02,0.085,0.31
-4.6053e-02,0.16,-0.015
-4.6051e-02,0.205,0.32
-4.6050e-02,0.21,-0.005
-4.6048e-02,0.23,0.305
-4.6046e-02,0.115,-0.01
-4.6045e-02,0.33,0.305
-4.6043e-02,0.135,-0.025
-4.6042e-02,0.325,0.33
-4.6040e-02,0.095,-0.035
-4.6038e-02,0.22,0.34
-4.6037e-02,0.14,-0.025
-4.6035e-02,0.14,0.325
-4.6034e-02,0.185,0
-4.6032e-02,0.07,0.3
-4.6030e-02,0.165,-0.035
-4.6029e-02,0.08,0.335
-4.6027e-02,0.15,-0.055
-4.6026e-02,0.105,0.36
-4.6024e-02,0.14,-0.005
-4.6022e-02,0.055,0.3
-4.6021e-02,0.195,-0.01
-4.6019e-02,0.115,0.305
-4.6018e-02,0.21,-0.01
-4.6016e-02,0.005,0.32
-4.6014e-02,0.17,-0.03
-4.6013e-02,0.1,0.325
-4.6011e-02,0.235,-0.01
-4.6010e-02,0.095,0.31
-4.6008e-02,0.105,-0.015
-4.6006e-02,0.15,0.325
-4.6005e-02,0.12,0
-4.6003e-02,0.185,0.3
-4.6002e-02,0.095,-0.015
-4.6000e-02,0.145,0.32
-4.5998e-02,0.095,-0.04
-4.5997e-02,0.185,0.355
-4.5995e-02,0.15,-0.02
-4.5994e-02,0.215,0.325
-4.5992e-02,0.14,-0.03
-4.5990e-02,0.205,0.34
-4.5989e-02,0.18,0
-4.5987e-02,0.215,0.305
-4.5986e-02,0.16,0
-4.5984e-02,0.18,0.305
-4.5982e-02,0.085,-0.01
-4.5981e-02,0.16,0.315
-4.5979e-02,0.155,-0.015
-4.5978e-02,0.105,0.315
-4.5976e-02,0.09,0
-4.5974e-02,0.15,0.31
-4.5973e-02,0.22,-0.005
-4.5971e-02,0.19,0.305
-4.5970e-02,0.13,-0.005
-4.5968e-02,0.14,0.315
-4.5966e-02,0.18,-0.005
-4.5965e-02,0.155,0.315
-4.5963e-02,0.175,0.005
-4.5962e-02,0.125,0.295
-4.5960e-02,0.205,-0.015
-4.5958e-02,0.175,0.32
-4.5957e-02,0.24,-0.01
-4.5955e-02,0.225,0.315
-4.5954e-02,0.21,-0.01
-4.5952e-02,0.215,0.31
-4.5950e-02,0.13,-0.01
-4.5949e-02,0.225,0.315
-4.5947e-02,0.19,0
-4.5946e-02,0.195,0.305
-4.5944e-02,0.155,-0.01
-4.5942e-02,0.135,0.305
-4.5941e-02,0.215,-0.02
-4.5939e-02,0.14,0.32
-4.5938e-02,0.17,-0.01
-4.5936e-02,0.045,0.315
-4.5934e-02,0.15,-0.035
-4.5933e-02,0.09,0.34
-4.5931e-02,0.145,-0.04
-4.5930e-02,0.08,0.335
-4.5928e-02,0.12,-0.035
-4.5926e-02,0.175,0.335
-4.5925e-02,0.235,-0.02
-4.5923e-02,0.105,0.325
-4.5922e-02,0.115,-0.025
-4.5920e-02,0.07,0.33
-4.5918e-02,0.105,-0.02
-4.5917e-02,0.09,0.33
-4.5915e-02,0.085,0.005
-4.5914e-02,0.16,0.3
-4.5912e-02,0.15,-0.01
-4.5910e-02,0.2,0.31
-4.5909e-02,0.195,-0.005
-4.5907e-02,0.16,0.3
-4.5906e-02,0.125,0
-4.5904e-02,0.08,0.3
-4.5902e-02,0.18,-0.005
-4.5901e-02,0.275,0.31
-4.5899e-02,0.21,0
-4.5898e-02,0.285,0.305
-4.5896e-02,0.11,-0.015
-4.5894e-02,0.275,0.315
-4.5893e-02,0.135,-0.01
-4.5891e-02,0.2,0.305
-4.5890e-02,0.095,0.01
-4.5888e-02,0.17,0.29
-4.5886e-02,0.155,0
-4.5885e-02,0.24,0.305
-4.5883e-02,0.125,-0.01
-4.5882e-02,0.2,0.32
-4.5880e-02,0.085,-0.02
-4.5878e-02,0.27,0.33
-4.5877e-02,0.13,-0.045
-4.5875e-02,0.22,0.35
-4.5874e-02,0.165,-0.025
-4.5872e-02,0.185,0.325
-4.5870e-02,0.18,-0.03
-4.5869e-02,0.135,0.33
-4.5867e-02,0.135,-0.015
-4.5866e-02,0.07,0.315
-4.5864e-02,0.105,-0.02
-4.5862e-02,0.135,0.315
-4.5861e-02,0.155,-0.015
-4.5859e-02,0.05,0.32
-4.5858e-02,0.04,-0.03
-4.5856e-02,0.055,0.34
-4.5854e-02,0.115,0.02
-4.5853e-02,0.135,0.285
-4.5851e-02,0.105,-0.01
-4.5850e-02,0.17,0.31
-4.5848e-02,0.16,-0.01
-4.5846e-02,0.16,0.315
-4.5845e-02,0.185,-0.02
-4.5843e-02,0.075,0.325
-4.5842e-02,0.15,-0.045
-4.5840e-02,0.13,0.35
-4.5838e-02,0.2,-0.04
-4.5837e-02,0.14,0.345
-4.5835e-02,0.09,-0.01
-4.5834e-02,0.065,0.315
-4.5832e-02,0.12,-0.03
-4.5830e-02,0.12,0.335
-4.5829e-02,0.18,-0.01
-4.5827e-02,0.19,0.32
-4.5826e-02,0.175,-0.03
-4.5824e-02,0.24,0.345
-4.5822e-02,0.17,-0.005
-4.5821e-02,0.21,0.32
-4.5819e-02,0.15,-0.02
-4.5818e-02,0.14,0.335
-4.5816e-02,0.195,0.005
-4.5814e-02,0.13,0.305
-4.5813e-02,0.015,-0.015
-4.5811e-02,0.09,0.33
-4.5810e-02,0.115,-0.015
-4.5808e-02,0.245,0.33
-4.5806e-02,0.16,0.015
-4.5805e-02,0.2,0.31
-4.5803e-02,0.04,0.005
-4.5802e-02,0.255,0.31
-4.5800e-02,0.035,-0.005
-4.5798e-02,0.18,0.32
-4.5797e-02,0.105,-0.01
-4.5795e-02,0.155,0.325
-4.5794e-02,0.195,-0.015
-4.5792e-02,0.15,0.32
-4.5790e-02,0.195,-0.01
-4.5789e-02,0.13,0.335
-4.5787e-02,0.21,-0.015
-4.5786e-02,0.17,0.33
-4.5784e-02,0.25,-0.02
-4.5782e-02,0.105,0.34
-4.5781e-02,0.09,-0.01
-4.5779e-02,0.085,0.32
-4.5778e-02,0.12,-0.01
-4.5776e-02,0.115,0.325
-4.5774e-02,0.18,0.005
-4.5773e-02,0.03,0.305
-4.5771e-02,0.165,-0.01
-4.5770e-02,0.115,0.335
-4.5768e-02,0.215,-0.015
-4.5766e-02,0.16,0.325
-4.5765e-02,0.13,0
-4.5763e-02,0.14,0.32
-4.5762e-02,0.235,0.005
-4.5760e-02,0.085,0.305
-4.5758e-02,0.16,-0.01
-4.5757e-02,0.055,0.335
-4.5755e-02,0.16,0.01
-4.5754e-02,0.125,0.31
-4.5752e-02,0.165,0
-4.5750e-02,0.13,0.32
-4.5749e-02,0.205,-0.02
-4.5747e-02,0.26,0.335
-4.5746e-02,0.2,-0.005
-4.5744e-02,0.225,0.315
-4.5742e-02,0.235,-0.015
-4.5741e-02,0.17,0.335
-4.5739e-02,0.225,0.005
-4.5738e-02,0.145,0.305
-4.5736e-02,0.135,-0.005
-4.5734e-02,0.12,0.32
-4.5733e-02,0.08,-0.005
-4.5731e-02,0.155,0.325
-4.5730e-02,0.215,-0.035
-4.5728e-02,0.13,0.35
-4.5726e-02,0.15,-0.005
-4.5725e-02,0.115,0.315
-4.5723e-02,0.2,-0.015
-4.5722e-02,0.145,0.335
-4.5720e-02,0.18,-0.005
-4.5718e-02,0.005,0.315
-4.5717e-02,0.155,-0.02
-4.5715e-02,0.15,0.335
-4.5714e-02,0.15,-0.03
-4.5712e-02,0.095,0.34
-4.5710e-02,0.125,-0.025
-4.5709e-02,0.1,0.345
-4.5707e-02,0.225,-0.03
-4.5706e-02,0.125,0.345
-4.5704e-02,0.18,-0.015
-4.5702e-02,0.11,0.33
-4.5701e-02,0.135,-0.025
-4.5699e-02,0.115,0.335
-4.5698e-02,0.225,-0.02
-4.5696e-02,0.195,0.33
-4.5694e-02,0.165,0
-4.5693e-02,0.22,0.32
-4.5691e-02,0.21,-0.03
-4.5690e-02,0.25,0.33
-4.5688e-02,0.23,-0.02
-4.5686e-02,0.175,0.32
-4.5685e-02,0.125,-0.005
-4.5683e-02,0.195,0.315
-4.5682e-02,0.16,0
-4.5680e-02,0.13,0.32
-4.5678e-02,0.11,0.015
-4.5677e-02,0.095,0.3
-4.5675e-02,0.12,0.01
-4.5674e-02,0.19,0.305
-4.5672e-02,0.07,0.01
-4.5670e-02,0.19,0.305
-4.5669e-02,0.185,0.005
-4.5667e-02,0.135,0.315
-4.5666e-02,0.17,-0.025
-4.5664e-02,0.105,0.345
-4.5662e-02,0.24,-0.01
-4.5661e-02,0.105,0.335
-4.5659e-02,0.205,-0.005
-4.5658e-02,0.03,0.32
-4.5656e-02,0.21,0
-4.5654e-02,0.065,0.32
-4.5653e-02,0.165,-0.025
-4.5651e-02,0.115,0.355
-4.5650e-02,0.225,0.005
-4.5648e-02,0.07,0.315
-4.5646e-02,0.155,-0.01
-4.5645e-02,0.15,0.345
-4.5643e-02,0.085,0
-4.5642e-02,0.145,0.32
-4.5640e-02,0.095,0.01
-4.5638e-02,0.19,0.31
-4.5637e-02,0.225,-0.005
-4.5635e-02,0.265,0.325
-4.5634e-02,0.115,-0.01
-4.5632e-02,0.22,0.34
-4.5630e-02,0.185,-0.02
-4.5629e-02,0.2,0.345
-4.5627e-02,0.12,-0.03
-4.5626e-02,0.175,0.345
-4.5624e-02,0.07,-0.01
-4.5622e-02,0.265,0.335
-4.5621e-02,0.18,0
-4.5619e-02,0.19,0.32
-4.5618e-02,0.165,-0.045
-4.5616e-02,0.26,0.365
-4.5614e-02,0.2,0.005
-4.5613e-02,0.25,0.32
-4.5611e-02,0.175,-0.005
-4.5610e-02,0.16,0.33
-4.5608e-02,0.225,-0.03
-4.5606e-02,0.215,0.36
-4.5605e-02,0.16,-0.015
-4.5603e-02,0.135,0.34
-4.5602e-02,0.185,-0.01
-4.5600e-02,0.13,0.335
-4.5598e-02,0.275,-0.025
-4.5597e-02,0.2,0.345
-4.5595e-02,0.195,-0.01
-4.5594e-02,0.14,0.335
-4.5592e-02,0.27,0.015
-4.5590e-02,0.185,0.31
-4.5589e-02,0.16,0.025
-4.5587e-02,0.095,0.31
-4.5586e-02,0.05,-0.01
-4.5584e-02,0.175,0.335
-4.5582e-02,0.19,-0.02
-4.5581e-02,0.2,0.345
-4.5579e-02,0.07,0.015
-4.5578e-02,0.165,0.31
-4.5576e-02,0.19,0.005
-4.5574e-02,0.225,0.32
-4.5573e-02,0.125,-0.025
-4.5571e-02,0.18,0.35
-4.5570e-02,0.02,-0.015
-4.5568e-02,0.16,0.355
-4.5566e-02,0.145,0.005
-4.5565e-02,0.09,0.33
-4.5563e-02,0.085,-0.005
-4.5562e-02,0.14,0.33
-4.5560e-02,0.215,0.01
-4.5558e-02,0.21,0.315
-4.5557e-02,0.205,0
-4.5555e-02,0.1,0.32
-4.5554e-02,0.16,-0.01
-4.5552e-02,0.215,0.335
-4.5550e-02,0.155,-0.005
-4.5549e-02,0.105,0.335
-4.5547e-02,0.155,-0.01
-4.5546e-02,0.12,0.34
-4.5544e-02,0.27,0.005
-4.5542e-02,0.215,0.33
-4.5541e-02,0.2,0.005
-4.5539e-02,0.14,0.31
-4.5538e-02,0.255,0.01
-4.5536e-02,0.155,0.315
-4.5534e-02,0.19,0.005
-4.5533e-02,0.165,0.32
-4.5531e-02,0.05,-0.05
-4.5530e-02,0.16,0.38
-4.5528e-02,0.08,-0.01
-4.5526e-02,0.215,0.335
-4.5525e-02,0.12,0
-4.5523e-02,0.15,0.325
-4.5522e-02,0.09,-0.015
-4.5520e-02,0.225,0.355
-4.5518e-02,0.24,-0.03
-4.5517e-02,0.155,0.355
-4.5515e-02,0.13,0.005
-4.5514e-02,0.15,0.325
-4.5512e-02,0.16,0.005
-4.5510e-02,0.165,0.325
-4.5509e-02,0.04,-0.005
-4.5507e-02,0.03,0.33
-4.5506e-02,0.165,0.005
-4.5504e-02,0.125,0.33
-4.5502e-02,0.185,-0.005
-4.5501e-02,0.105,0.335
-4.5499e-02,0.155,-0.005
-4.5498e-02,0.225,0.325
-4.5496e-02,0.15,0.01
-4.5494e-02,0.21,0.315
-4.5493e-02,0.13,-0.01
-4.5491e-02,0.105,0.33
-4.5490e-02,0.125,0.015
-4.5488e-02,0.135,0.32
-4.5486e-02,0.145,-0.015
-4.5485e-02,0.09,0.35
-4.5483e-02,0.19,0.01
-4.5482e-02,0.065,0.315
-4.5480e-02,0.28,-0.01
-4.5478e-02,0.13,0.33
-4.5477e-02,0.16,-0.02
-4.5475e-02,0.1,0.35
-4.5474e-02,0.055,0.015
-4.5472e-02,0.2,0.31
-4.5470e-02,0.055,0
-4.5469e-02,0.14,0.335
-4.5467e-02,0.13,0.01
-4.5466e-02,0.15,0.325
-4.5464e-02,0.23,-0.03
-4.5462e-02,0.18,0.365
-4.5461e-02,0.195,-0.005
-4.5459e-02,0.19,0.335
-4.5458e-02,0.13,0.02
-4.5456e-02,0.16,0.315
-4.5454e-02,0.175,0.01
-4.5453e-02,0.205,0.315
-4.5451e-02,0.19,-0.015
-4.5450e-02,0.2,0.34
-4.5448e-02,0.225,-0.015
-4.5446e-02,0.155,0.345
-4.5445e-02,0.165,0.005
-4.5443e-02,0.105,0.325
-4.5442e-02,0.205,-0.005
-4.5440e-02,0.23,0.34
-4.5438e-02,0.23,-0.02
-4.5437e-02,0.16,0.36
-4.5435e-02,0.185,-0.01
-4.5434e-02,0.15,0.345
-4.5432e-02,0.21,0.005
-4.5430e-02,0.14,0.325
-4.5429e-02,0.255,0.005
-4.5427e-02,0.19,0.335
-4.5426e-02,0.26,-0.005
-4.5424e-02,0.16,0.335
-4.5422e-02,0.175,-0.005
-4.5421e-02,0.17,0.335
-4.5419e-02,0.15,-0.015
-4.5418e-02,0.08,0.345
-4.5416e-02,0.12,0.01
-4.5414e-02,0.08,0.325
-4.5413e-02,0.19,-0.02
-4.5411e-02,0.035,0.345
-4.5410e-02,0.14,-0.005
-4.5408e-02,0.1,0.34
-4.5406e-02,0.165,0.025
-4.5405e-02,0.105,0.315
-4.5403e-02,0.085,0
-4.5402e-02,0.13,0.335
-4.5400e-02,0.14,-0.01
-4.5398e-02,0.185,0.34
-4.5397e-02,0.13,0.01
-4.5395e-02,0.22,0.325
-4.5394e-02,0.17,0.015
-4.5392e-02,0.2,0.32
-4.5390e-02,0.19,-0.005
-4.5389e-02,0.215,0.34
-4.5387e-02,0.165,0.01
-4.5386e-02,0.18,0.325
-4.5384e-02,0.135,-0.035
-4.5382e-02,0.19,0.37
-4.5381e-02,0.14,0.01
-4.5379e-02,0.22,0.325
-4.5378e-02,0.135,-0.01
-4.5376e-02,0.185,0.345
-4.5374e-02,0.215,0.02
-4.5373e-02,0.245,0.32
-4.5371e-02,0.21,-0.005
-4.5370e-02,0.09,0.345
-4.5368e-02,0.13,-0.015
-4.5366e-02,0.135,0.365
-4.5365e-02,0.16,0.01
-4.5363e-02,0.155,0.33
-4.5362e-02,0.135,0.01
-4.5360e-02,0.24,0.33
-4.5358e-02,0.14,-0.015
-4.5357e-02,0.17,0.35
-4.5355e-02,0.115,-0.005
-4.5354e-02,0.19,0.355
-4.5352e-02,0.175,0.005
-4.5350e-02,0.2,0.33
-4.5349e-02,0.185,0.02
-4.5347e-02,0.14,0.315
-4.5346e-02,0.135,0.015
-4.5344e-02,0.145,0.325
-4.5342e-02,0.245,-0.015
-4.5341e-02,0.185,0.35
-4.5339e-02,0.245,-0.01
-4.5338e-02,0.15,0.35
-4.5336e-02,0.195,0
-4.5334e-02,0.21,0.34
-4.5333e-02,0.13,-0.01
-4.5331e-02,0.185,0.345
-4.5330e-02,0.09,0.015
-4.5328e-02,0.23,0.33
-4.5326e-02,0.205,0
-4.5325e-02,0.195,0.34
-4.5323e-02,0.175,-0.01
-4.5322e-02,0.1,0.345
-4.5320e-02,0.2,0.025
-4.5318e-02,0.14,0.315
-4.5317e-02,0.175,0.01
-4.5315e-02,0.17,0.33
-4.5314e-02,0.13,-0.03
-4.5312e-02,0.19,0.37
-4.5310e-02,0.12,-0.02
-4.5309e-02,0.23,0.355
-4.5307e-02,0.175,0.005
-4.5306e-02,0.165,0.33
-4.5304e-02,0.195,0
-4.5302e-02,0.235,0.34
-4.5301e-02,0.25,-0.005
-4.5299e-02,0.18,0.335
-4.5298e-02,0.24,0.005
-4.5296e-02,0.16,0.335
-4.5294e-02,0.305,-0.02
-4.5293e-02,0.18,0.355
-4.5291e-02,0.2,-0.005
-4.5290e-02,0.16,0.345
-4.5288e-02,0.225,-0.005
-4.5286e-02,0.185,0.345
-4.5285e-02,0.17,0.01
-4.5283e-02,0.12,0.33
-4.5282e-02,0.17,-0.01
-4.5280e-02,0.26,0.34
-4.5278e-02,0.245,0
-4.5277e-02,0.175,0.33
-4.5275e-02,0.165,-0.01
-4.5274e-02,0.12,0.34
-4.5272e-02,0.165,0.02
-4.5270e-02,0.17,0.315
-4.5269e-02,0.18,0.04
-4.5267e-02,0.185,0.305
-4.5266e-02,0.16,-0.015
-4.5264e-02,0.175,0.365
-4.5262e-02,0.18,0.01
-4.5261e-02,0.185,0.325
-4.5259e-02,0.08,0.02
-4.5258e-02,0.095,0.315
-4.5256e-02,0.1,-0.015
-4.5254e-02,0.225,0.355
-4.5253e-02,0.21,-0.005
-4.5251e-02,0.115,0.35
-4.5250e-02,0.14,0.01
-4.5248e-02,0.135,0.33
-4.5246e-02,0.21,0.01
-4.5245e-02,0.105,0.325
-4.5243e-02,0.155,-0.01
-4.5242e-02,0.175,0.345
-4.5240e-02,0.27,0.03
-4.5238e-02,0.235,0.315
-4.5237e-02,0.195,0.01
-4.5235e-02,0.22,0.335
-4.5234e-02,0.245,0
-4.5232e-02,0.22,0.345
-4.5230e-02,0.255,0.01
-4.5229e-02,0.11,0.335
-4.5227e-02,0.21,0.015
-4.5226e-02,0.125,0.33
-4.5224e-02,0.185,0.015
-4.5222e-02,0.3,0.335
-4.5221e-02,0.19,0.03
-4.5219e-02,0.255,0.315
-4.5218e-02,0.16,0.01
-4.5216e-02,0.235,0.33
-4.5214e-02,0.255,0.015
-4.5213e-02,0.195,0.33
-4.5211e-02,0.14,0.01
-4.5210e-02,0.1,0.35
-4.5208e-02,0.245,0.03
-4.5206e-02,0.225,0.325
-4.5205e-02,0.17,0.04
-4.5203e-02,0.14,0.32
-4.5202e-02,0.105,0.035
-4.5200e-02,0.215,0.325
-4.5198e-02,0.195,0.025
-4.5197e-02,0.115,0.335
-4.5195e-02,0.09,0.02
-4.5194e-02,0.165,0.33
-4.5192e-02,0.165,0.02
-4.5190e-02,0.27,0.335
-4.5189e-02,0.19,0.015
-4.5187e-02,0.21,0.335
-4.5186e-02,0.235,0.015
-4.5184e-02,0.2,0.335
-4.5182e-02,0.215,0.02
-4.5181e-02,0.09,0.33
-4.5179e-02,0.055,-0.02
-4.5178e-02,0.165,0.365
-4.5176e-02,0.2,0.025
-4.5174e-02,0.245,0.325
-4.5173e-02,0.21,0.035
-4.5171e-02,0.095,0.32
-4.5170e-02,0.26,0.04
-4.5168e-02,0.165,0.325
-4.5166e-02,0.215,0.005
-4.5165e-02,0.115,0.35
-4.5163e-02,0.085,0
-4.5162e-02,0.205,0.355
-4.5160e-02,0.19,-0.01
-4.5158e-02,0.28,0.365
-4.5157e-02,0.185,0.035
-4.5155e-02,0.22,0.315
-4.5154e-02,0.19,0.025
-4.5152e-02,0.215,0.32
-4.5150e-02,0.175,0.01
-4.5149e-02,0.195,0.34
-4.5147e-02,0.125,0.005
-4.5146e-02,0.14,0.345
-4.5144e-02,0.265,0.015
-4.5142e-02,0.225,0.33
-4.5141e-02,0.235,-0.02
-4.5139e-02,0.13,0.37
-4.5138e-02,0.11,0
-4.5136e-02,0.21,0.35
-4.5134e-02,0.165,0.01
-4.5133e-02,0.11,0.335
-4.5131e-02,0.13,0.005
-4.5130e-02,0.105,0.335
-4.5128e-02,0.295,0.03
-4.5126e-02,0.175,0.32
-4.5125e-02,0.195,0.005
-4.5123e-02,0.145,0.33
-4.5122e-02,0.18,-0.025
-4.5120e-02,0.14,0.375
-4.5118e-02,0.205,0
-4.5117e-02,0.09,0.34
-4.5115e-02,0.115,-0.005
-4.5114e-02,0.09,0.35
-4.5112e-02,0.15,0.005
-4.5110e-02,0.27,0.34
-4.5109e-02,0.245,-0.005
-4.5107e-02,0.195,0.345
-4.5106e-02,0.175,-0.02
-4.5104e-02,0.14,0.375
-4.5102e-02,0.29,0.01
-4.5101e-02,0.21,0.335
-4.5099e-02,0.11,0.015
-4.5098e-02,0.13,0.325
-4.5096e-02,0.175,0.005
-4.5094e-02,0.185,0.335
-4.5093e-02,0.26,-0.035
-4.5091e-02,0.085,0.38
-4.5090e-02,0.17,-0.02
-4.5088e-02,0.175,0.355
-4.5086e-02,0.195,0
-4.5085e-02,0.16,0.34
-4.5083e-02,0.18,0.005
-4.5082e-02,0.17,0.34
-4.5080e-02,0.16,0.01
-4.5078e-02,0.25,0.34
-4.5077e-02,0.205,0.02
-4.5075e-02,0.165,0.33
-4.5074e-02,0.1,-0.02
-4.5072e-02,0.05,0.36
-4.5070e-02,0.16,0.02
-4.5069e-02,0.215,0.325
-4.5067e-02,0.17,-0.005
-4.5066e-02,0.145,0.355
-4.5064e-02,0.215,0.025
-4.5062e-02,0.09,0.325
-4.5061e-02,0.245,0.01
-4.5059e-02,0.095,0.34
-4.5058e-02,0.23,0.01
-4.5056e-02,0.155,0.345
-4.5054e-02,0.175,0.02
-4.5053e-02,0.21,0.34
-4.5051e-02,0.175,-0.025
-4.5050e-02,0.17,0.385
-4.5048e-02,0.15,0
-4.5046e-02,0.095,0.355
-4.5045e-02,0.235,-0.02
-4.5043e-02,0.175,0.385
-4.5042e-02,0.17,0.02
-4.5040e-02,0.19,0.34
-4.5038e-02,0.025,0.005
-4.5037e-02,0.18,0.35
-4.5035e-02,0.165,0
-4.5034e-02,0.2,0.36
-4.5032e-02,0.135,0.025
-4.5030e-02,0.19,0.33
-4.5029e-02,0.165,0.01
-4.5027e-02,0.18,0.345
-4.5026e-02,0.11,0
-4.5024e-02,0.17,0.355
-4.5022e-02,0.16,0.025
-4.5021e-02,0.105,0.33
-4.5019e-02,0.165,0.005
-4.5018e-02,0.12,0.365
-4.5016e-02,0.16,0.015
-4.5014e-02,0.185,0.345
-4.5013e-02,0.125,0.02
-4.5011e-02,0.225,0.345
-4.5010e-02,0.225,0.04
-4.5008e-02,0.145,0.325
-4.5006e-02,0.15,-0.01
-4.5005e-02,0.21,0.375
-4.5003e-02,0.205,0.01
-4.5002e-02,0.225,0.35
-4.5000e-02,0.125,0.025
-4.4998e-02,0.22,0.335
-4.4997e-02,0.155,0.02
-4.4995e-02,0.265,0.345
-4.4994e-02,0.16,0.03
-4.4992e-02,0.215,0.34
-4.4990e-02,0.105,0.01
-4.4989e-02,0.18,0.35
-4.4987e-02,0.2,0.025
-4.4986e-02,0.16,0.345
-4.4984e-02,0.24,0.045
-4.4982e-02,0.12,0.32
-4.4981e-02,0.195,0.005
-4.4979e-02,0.23,0.355
-4.4978e-02,0.265,0.01
-4.4976e-02,0.33,0.355
-4.4974e-02,0.165,0.025
-4.4973e-02,0.21,0.33
-4.4971e-02,0.165,0.025
-4.4970e-02,0.225,0.335
-4.4968e-02,0.185,0
-4.4966e-02,0.13,0.37
-4.4965e-02,0.13,0.015
-4.4963e-02,0.25,0.345
-4.4962e-02,0.16,0.015
-4.4960e-02,0.145,0.35
-4.4958e-02,0.145,0.005
-4.4957e-02,0.11,0.36
-4.4955e-02,0.185,0.015
-4.4954e-02,0.175,0.345
-4.4952e-02,0.165,0.005
-4.4950e-02,0.22,0.355
-4.4949e-02,0.135,0.015
-4.4947e-02,0.15,0.35
-4.4946e-02,0.095,0.02
-4.4944e-02,0.195,0.34
-4.4942e-02,0.18,0
-4.4941e-02,0.17,0.365
-4.4939e-02,0.185,0.015
-4.4938e-02,0.245,0.335
-4.4936e-02,0.26,-0.01
-4.4934e-02,0.165,0.365
-4.4933e-02,0.115,0.025
-4.4931e-02,0.095,0.335
-4.4930e-02,0.195,0.005
-4.4928e-02,0.175,0.355
-4.4926e-02,0.195,-0.015
-4.4925e-02,0.2,0.375
-4.4923e-02,0.19,0.005
-4.4922e-02,0.28,0.35
-4.4920e-02,0.19,0.02
-4.4918e-02,0.285,0.335
-4.4917e-02,0.18,-0.02
-4.4915e-02,0.08,0.385
-4.4914e-02,0.1,0.015
-4.4912e-02,0.12,0.34
-4.4910e-02,0.15,0.01
-4.4909e-02,0.23,0.345
-4.4907e-02,0.15,0.01
-4.4906e-02,0.19,0.345
-4.4904e-02,0.22,0.015
-4.4902e-02,0.19,0.345
-4.4901e-02,0.14,0
-4.4899e-02,0.115,0.35
-4.4898e-02,0.1,-0.025
-4.4896e-02,0.185,0.39
-4.4894e-02,0.1,0.025
-4.4893e-02,0.145,0.33
-4.4891e-02,0.135,0.04
-4.4890e-02,0.155,0.31
-4.4888e-02,0.215,0.01
-4.4886e-02,0.225,0.345
-4.4885e-02,0.24,0.01
-4.4883e-02,0.245,0.345
-4.4882e-02,0.08,0.035
-4.4880e-02,0.11,0.33
-4.4878e-02,0.105,0.025
-4.4877e-02,0.175,0.335
-4.4875e-02,0.145,0.01
-4.4874e-02,0.07,0.35
-4.4872e-02,0.105,0.01
-4.4870e-02,0.205,0.345
-4.4869e-02,0.195,0.04
-4.4867e-02,0.23,0.325
-4.4866e-02,0.18,0.03
-4.4864e-02,0.21,0.325
-4.4862e-02,0.175,0.03
-4.4861e-02,0.165,0.335
-4.4859e-02,0.125,-0.005
-4.4858e-02,0.22,0.37
-4.4856e-02,0.165,0.03
-4.4854e-02,0.21,0.33
-4.4853e-02,0.205,0.015
-4.4851e-02,0.205,0.34
-4.4850e-02,0.225,0.03
-4.4848e-02,0.145,0.33
-4.4846e-02,0.15,0.005
-4.4845e-02,0.235,0.355
-4.4843e-02,0.245,0.02
-4.4842e-02,0.325,0.335
-4.4840e-02,0.135,0.03
-4.4838e-02,0.175,0.33
-4.4837e-02,0.14,0.01
-4.4835e-02,0.19,0.355
-4.4834e-02,0.165,0.025
-4.4832e-02,0.19,0.34
-4.4830e-02,0.195,0.02
-4.4829e-02,0.21,0.345
-4.4827e-02,0.225,0.035
-4.4826e-02,0.195,0.33
-4.4824e-02,0.205,0.015
-4.4822e-02,0.14,0.35
-4.4821e-02,0.155,0.03
-4.4819e-02,0.125,0.33
-4.4818e-02,0.205,0.035
-4.4816e-02,0.095,0.33
-4.4814e-02,0.1,0.02
-4.4813e-02,0.075,0.345
-4.4811e-02,0.14,-0.015
-4.4810e-02,0.225,0.395
-4.4808e-02,0.195,0.005
-4.4806e-02,0.195,0.36
-4.4805e-02,0.165,-0.005
-4.4803e-02,0.145,0.37
-4.4802e-02,0.145,0.03
-4.4800e-02,0.135,0.34
-4.4798e-02,0.15,0.015
-4.4797e-02,0.205,0.36
-4.4795e-02,0.18,-0.02
-4.4794e-02,0.245,0.395
-4.4792e-02,0.24,0.015
-4.4790e-02,0.26,0.355
-4.4789e-02,0.175,0.015
-4.4787e-02,0.125,0.35
-4.4786e-02,0.15,0.025
-4.4784e-02,0.19,0.345
-4.4782e-02,0.195,0.025
-4.4781e-02,0.215,0.355
-4.4779e-02,0.15,0.02
-4.4778e-02,0.22,0.355
-4.4776e-02,0.15,0.015
-4.4774e-02,0.225,0.355
-4.4773e-02,0.16,0.035
-4.4771e-02,0.155,0.34
-4.4770e-02,0.135,0.025
-4.4768e-02,0.165,0.345
-4.4766e-02,0.225,0
-4.4765e-02,0.22,0.375
-4.4763e-02,0.19,0.015
-4.4762e-02,0.12,0.355
-4.4760e-02,0.17,0.025
-4.4758e-02,0.26,0.345
-4.4757e-02,0.16,-0.015
-4.4755e-02,0.225,0.38
-4.4754e-02,0.13,0.035
-4.4752e-02,0.225,0.345
-4.4750e-02,0.215,0.015
-4.4749e-02,0.24,0.355
-4.4747e-02,0.15,0.03
-4.4746e-02,0.21,0.345
-4.4744e-02,0.155,0
-4.4742e-02,0.145,0.355
-4.4741e-02,0.205,0.005
-4.4739e-02,0.175,0.37
-4.4738e-02,0.23,0.025
-4.4736e-02,0.115,0.35
-4.4734e-02,0.16,0.015
-4.4733e-02,0.225,0.36
-4.4731e-02,0.24,0.04
-4.4730e-02,0.315,0.33
-4.4728e-02,0.195,0.025
-4.4726e-02,0.2,0.35
-4.4725e-02,0.315,0.025
-4.4723e-02,0.185,0.35
-4.4722e-02,0.17,0.03
-4.4720e-02,0.12,0.35
-4.4718e-02,0.095,0.005
-4.4717e-02,0.175,0.37
-4.4715e-02,0.175,0.015
-4.4714e-02,0.22,0.36
-4.4712e-02,0.23,0.005
-4.4710e-02,0.17,0.36
-4.4709e-02,0.18,0.025
-4.4707e-02,0.25,0.35
-4.4706e-02,0.23,0.035
-4.4704e-02,0.2,0.335
-4.4702e-02,0.175,0.025
-4.4701e-02,0.16,0.34
-4.4699e-02,0.295,0.02
-4.4698e-02,0.275,0.35
-4.4696e-02,0.2,0.025
-4.4694e-02,0.21,0.345
-4.4693e-02,0.05,0.035
-4.4691e-02,0.15,0.33
-4.4690e-02,0.1,0.05
-4.4688e-02,0.27,0.325
-4.4686e-02,0.19,0.035
-4.4685e-02,0.305,0.345
-4.4683e-02,0.115,0.045
-4.4682e-02,0.16,0.33
-4.4680e-02,0.14,0.02
-4.4678e-02,0.145,0.35
-4.4677e-02,0.155,0.045
-4.4675e-02,0.16,0.325
-4.4674e-02,0.17,0.045
-4.4672e-02,0.245,0.325
-4.4670e-02,0.2,0.02
-4.4669e-02,0.185,0.345
-4.4667e-02,0.14,0.045
-4.4666e-02,0.145,0.33
-4.4664e-02,0.235,0.05
-4.4662e-02,0.265,0.325
-4.4661e-02,0.26,0.02
-4.4659e-02,0.225,0.355
-4.4658e-02,0.245,0.055
-4.4656e-02,0.1,0.325
-4.4654e-02,0.19,0.03
-4.4653e-02,0.195,0.35
-4.4651e-02,0.135,0.035
-4.4650e-02,0.21,0.34
-4.4648e-02,0.145,0.035
-4.4646e-02,0.235,0.34
-4.4645e-02,0.305,0.005
-4.4643e-02,0.23,0.37
-4.4642e-02,0.21,0.04
-4.4640e-02,0.205,0.335
-4.4638e-02,0.165,0.01
-4.4637e-02,0.165,0.37
-4.4635e-02,0.23,0.05
-4.4634e-02,0.095,0.33
-4.4632e-02,0.25,-0.005
-4.4630e-02,0.15,0.37
-4.4629e-02,0.105,0.03
-4.4627e-02,0.21,0.35
-4.4626e-02,0.15,0.04
-4.4624e-02,0.195,0.345
-4.4622e-02,0.12,0.015
-4.4621e-02,0.07,0.35
-4.4619e-02,0.19,-0.02
-4.4618e-02,0.245,0.4
-4.4616e-02,0.17,0.015
-4.4614e-02,0.22,0.355
-4.4613e-02,0.15,0.03
-4.4611e-02,0.13,0.34
-4.4610e-02,0.125,0.035
-4.4608e-02,0.13,0.34
-4.4606e-02,0.06,0.02
-4.4605e-02,0.14,0.35
-4.4603e-02,0.075,0.03
-4.4602e-02,0.15,0.345
-4.4600e-02,0.205,0.04
-4.4598e-02,0.275,0.335
-4.4597e-02,0.155,0.035
-4.4595e-02,0.16,0.335
-4.4594e-02,0.165,0.03
-4.4592e-02,0.135,0.35
-4.4590e-02,0.26,0.025
-4.4589e-02,0.165,0.355
-4.4587e-02,0.215,0.05
-4.4586e-02,0.25,0.325
-4.4584e-02,0.195,0.045
-4.4582e-02,0.16,0.33
-4.4581e-02,0.235,0.05
-4.4579e-02,0.22,0.335
-4.4578e-02,0.195,0.015
-4.4576e-02,0.215,0.355
-4.4574e-02,0.195,0.03
-4.4573e-02,0.235,0.34
-4.4571e-02,0.26,0.03
-4.4570e-02,0.145,0.345
-4.4568e-02,0.135,-0.005
-4.4566e-02,0.2,0.38
-4.4565e-02,0.2,0.005
-4.4563e-02,0.23,0.365
-4.4562e-02,0.145,0.035
-4.4560e-02,0.15,0.345
-4.4558e-02,0.195,0.015
-4.4557e-02,0.15,0.36
-4.4555e-02,0.21,0
-4.4554e-02,0.175,0.38
-4.4552e-02,0.15,0.04
-4.4550e-02,0.135,0.33
-4.4549e-02,0.15,-0.01
-4.4547e-02,0.225,0.385
-4.4546e-02,0.225,0.035
-4.4544e-02,0.225,0.345
-4.4542e-02,0.145,0.01
-4.4541e-02,0.27,0.365
-4.4539e-02,0.195,0.03
-4.4538e-02,0.25,0.355
-4.4536e-02,0.17,0.01
-4.4534e-02,0.11,0.37
-4.4533e-02,0.205,0.04
-4.4531e-02,0.14,0.335
-4.4530e-02,0.27,0.005
-4.4528e-02,0.215,0.38
-4.4526e-02,0.28,0.045
-4.4525e-02,0.17,0.345
-4.4523e-02,0.27,0.03
-4.4522e-02,0.165,0.355
-4.4520e-02,0.31,0.035
-4.4518e-02,0.15,0.355
-4.4517e-02,0.2,0.03
-4.4515e-02,0.13,0.355
-4.4514e-02,0.155,0.03
-4.4512e-02,0.205,0.355
-4.4510e-02,0.115,0.025
-4.4509e-02,0.185,0.36
-4.4507e-02,0.19,0.03
-4.4506e-02,0.225,0.355
-4.4504e-02,0.29,0.03
-4.4502e-02,0.21,0.36
-4.4501e-02,0.28,0.035
-4.4499e-02,0.12,0.35
-4.4498e-02,0.225,0.04
-4.4496e-02,0.175,0.35
-4.4494e-02,0.245,0.045
-4.4493e-02,0.23,0.345
-4.4491e-02,0.19,0.025
-4.4490e-02,0.2,0.36
-4.4488e-02,0.26,0.035
-4.4486e-02,0.18,0.355
-4.4485e-02,0.23,0.04
-4.4483e-02,0.125,0.345
-4.4482e-02,0.245,0.05
-4.4480e-02,0.19,0.33
-4.4478e-02,0.215,0.055
-4.4477e-02,0.185,0.335
-4.4475e-02,0.175,0.015
-4.4474e-02,0.185,0.37
-4.4472e-02,0.14,0.04
-4.4470e-02,0.195,0.35
-4.4469e-02,0.22,0.035
-4.4467e-02,0.275,0.345
-4.4466e-02,0.24,0.035
-4.4464e-02,0.13,0.355
-4.4462e-02,0.23,0.04
-4.4461e-02,0.19,0.345
-4.4459e-02,0.225,0.055
-4.4458e-02,0.15,0.33
-4.4456e-02,0.155,0.035
-4.4454e-02,0.24,0.35
-4.4453e-02,0.21,0.04
-4.4451e-02,0.27,0.35
-4.4450e-02,0.185,0.035
-4.4448e-02,0.205,0.35
-4.4446e-02,0.155,0.02
-4.4445e-02,0.165,0.375
-4.4443e-02,0.195,0.045
-4.4442e-02,0.22,0.35
-4.4440e-02,0.225,0.015
-4.4438e-02,0.125,0.37
-4.4437e-02,0.245,0.03
-4.4435e-02,0.185,0.365
-4.4434e-02,0.245,0.025
-4.4432e-02,0.1,0.365
-4.4430e-02,0.1,0.045
-4.4429e-02,0.13,0.345
-4.4427e-02,0.145,0.035
-4.4426e-02,0.225,0.35
-4.4424e-02,0.17,0.03
-4.4422e-02,0.195,0.355
-4.4421e-02,0.24,0.05
-4.4419e-02,0.18,0.33
-4.4418e-02,0.27,0.035
-4.4416e-02,0.16,0.355
-4.4414e-02,0.24,0.045
-4.4413e-02,0.175,0.35
-4.4411e-02,0.16,0.01
-4.4410e-02,0.195,0.375
-4.4408e-02,0.215,-0.01
-4.4406e-02,0.235,0.39
-4.4405e-02,0.18,0.03
-4.4403e-02,0.22,0.36
-4.4402e-02,0.23,0.055
-4.4400e-02,0.28,0.33
-4.4398e-02,0.155,0.045
-4.4397e-02,0.15,0.34
-4.4395e-02,0.15,0.035
-4.4394e-02,0.185,0.345
-4.4392e-02,0.24,0.02
-4.4390e-02,0.22,0.375
-4.4389e-02,0.26,0.03
-4.4387e-02,0.15,0.355
-4.4386e-02,0.23,0.02
-4.4384e-02,0.17,0.365
-4.4382e-02,0.205,0.005
-4.4381e-02,0.225,0.375
-4.4379e-02,0.165,0.02
-4.4378e-02,0.215,0.36
-4.4376e-02,0.185,0.01
-4.4374e-02,0.195,0.37
-4.4373e-02,0.15,0.04
-4.4371e-02,0.115,0.34
-4.4370e-02,0.18,0.04
-4.4368e-02,0.15,0.34
-4.4366e-02,0.32,0.01
-4.4365e-02,0.23,0.37
-4.4363e-02,0.325,0.02
-4.4362e-02,0.18,0.36
-4.4360e-02,0.235,0.04
-4.4358e-02,0.145,0.34
-4.4357e-02,0.23,0.02
-4.4355e-02,0.175,0.36
-4.4354e-02,0.19,0.04
-4.4352e-02,0.135,0.35
-4.4350e-02,0.265,0.015
-4.4349e-02,0.235,0.365
-4.4347e-02,0.225,0.035
-4.4346e-02,0.1,0.355
-4.4344e-02,0.15,0.04
-4.4342e-02,0.16,0.34
-4.4341e-02,0.215,0.045
-4.4339e-02,0.205,0.35
-4.4338e-02,0.185,0.05
-4.4336e-02,0.205,0.34
-4.4334e-02,0.24,0.02
-4.4333e-02,0.14,0.365
-4.4331e-02,0.24,0.05
-4.4330e-02,0.15,0.34
-4.4328e-02,0.245,0.055
-4.4326e-02,0.2,0.335
-4.4325e-02,0.235,0.04
-4.4323e-02,0.29,0.35
-4.4322e-02,0.23,0.035
-4.4320e-02,0.235,0.355
-4.4318e-02,0.14,0.035
-4.4317e-02,0.19,0.36
-4.4315e-02,0.185,0
-4.4314e-02,0.205,0.385
-4.4312e-02,0.105,0.045
-4.4310e-02,0.09,0.345
-4.4309e-02,0.205,-0.005
-4.4307e-02,0.16,0.395
-4.4306e-02,0.27,0.04
-4.4304e-02,0.14,0.35
-4.4302e-02,0.21,0.015
-4.4301e-02,0.205,0.37
-4.4299e-02,0.22,0.025
-4.4298e-02,0.21,0.38
-4.4296e-02,0.215,0.055
-4.4294e-02,0.16,0.34
-4.4293e-02,0.2,0.05
-4.4291e-02,0.185,0.345
-4.4290e-02,0.225,0.05
-4.4288e-02,0.185,0.345
-4.4286e-02,0.19,0.02
-4.4285e-02,0.18,0.375
-4.4283e-02,0.245,0.045
-4.4282e-02,0.27,0.35
-4.4280e-02,0.22,0.04
-4.4278e-02,0.27,0.35
-4.4277e-02,0.105,0.06
-4.4275e-02,0.25,0.34
-4.4274e-02,0.15,0.045
-4.4272e-02,0.27,0.35
-4.4270e-02,0.24,0.05
-4.4269e-02,0.245,0.345
-4.4267e-02,0.235,0.035
-4.4266e-02,0.175,0.36
-4.4264e-02,0.255,0.04
-4.4262e-02,0.23,0.355
-4.4261e-02,0.24,0.03
-4.4259e-02,0.195,0.365
-4.4258e-02,0.22,0.015
-4.4256e-02,0.29,0.39
-4.4254e-02,0.255,0.055
-4.4253e-02,0.175,0.345
-4.4251e-02,0.155,0.05
-4.4250e-02,0.145,0.35
-4.4248e-02,0.255,0.035
-4.4246e-02,0.17,0.37
-4.4245e-02,0.185,0.06
-4.4243e-02,0.17,0.335
-4.4242e-02,0.14,0.055
-4.4240e-02,0.13,0.335
-4.4238e-02,0.145,0.02
-4.4237e-02,0.16,0.37
-4.4235e-02,0.205,0.025
-4.4234e-02,0.175,0.375
-4.4232e-02,0.16,0.01
-4.4230e-02,0.26,0.39
-4.4229e-02,0.21,0.02
-4.4227e-02,0.175,0.375
-4.4226e-02,0.15,0.045
-4.4224e-02,0.16,0.355
-4.4222e-02,0.2,0.025
-4.4221e-02,0.28,0.365
-4.4219e-02,0.165,0.03
-4.4218e-02,0.205,0.36
-4.4216e-02,0.205,0.05
-4.4214e-02,0.175,0.35
-4.4213e-02,0.245,0.055
-4.4211e-02,0.135,0.34
-4.4210e-02,0.19,0.025
-4.4208e-02,0.125,0.37
-4.4206e-02,0.14,0.03
-4.4205e-02,0.16,0.375
-4.4203e-02,0.215,0.045
-4.4202e-02,0.28,0.36
-4.4200e-02,0.22,0.02
-4.4198e-02,0.22,0.375
-4.4197e-02,0.22,0.03
-4.4195e-02,0.205,0.365
-4.4194e-02,0.22,0.04
-4.4192e-02,0.07,0.36
-4.4190e-02,0.085,0.045
-4.4189e-02,0.165,0.355
-4.4187e-02,0.145,0.04
-4.4186e-02,0.265,0.355
-4.4184e-02,0.16,0.06
-4.4182e-02,0.225,0.34
-4.4181e-02,0.195,0.055
-4.4179e-02,0.17,0.34
-4.4178e-02,0.25,0.045
-4.4176e-02,0.165,0.35
-4.4174e-02,0.165,0.045
-4.4173e-02,0.16,0.36
-4.4171e-02,0.225,0.03
-4.4170e-02,0.165,0.365
-4.4168e-02,0.245,0.05
-4.4166e-02,0.095,0.34
-4.4165e-02,0.115,0.045
-4.4163e-02,0.21,0.35
-4.4162e-02,0.23,0.045
-4.4160e-02,0.27,0.355
-4.4158e-02,0.265,0.035
-4.4157e-02,0.19,0.365
-4.4155e-02,0.27,0.01
-4.4154e-02,0.165,0.385
-4.4152e-02,0.205,0.02
-4.4150e-02,0.145,0.37
-4.4149e-02,0.145,0.02
-4.4147e-02,0.195,0.365
-4.4146e-02,0.135,0.04
-4.4144e-02,0.27,0.355
-4.4142e-02,0.27,0.035
-4.4141e-02,0.245,0.365
-4.4139e-02,0.215,0.045
-4.4138e-02,0.22,0.345
-4.4136e-02,0.235,0.02
-4.4134e-02,0.185,0.37
-4.4133e-02,0.085,0.03
-4.4131e-02,0.175,0.36
-4.4130e-02,0.175,0.03
-4.4128e-02,0.265,0.355
-4.4126e-02,0.21,0.03
-4.4125e-02,0.16,0.36
-4.4123e-02,0.145,0.06
-4.4122e-02,0.225,0.335
-4.4120e-02,0.15,0.06
-4.4118e-02,0.255,0.34
-4.4117e-02,0.195,0.035
-4.4115e-02,0.17,0.355
-4.4114e-02,0.215,0.04
-4.4112e-02,0.105,0.35
-4.4110e-02,0.205,0.015
-4.4109e-02,0.205,0.38
-4.4107e-02,0.19,0.045
-4.4106e-02,0.2,0.355
-4.4104e-02,0.175,0.01
-4.4102e-02,0.19,0.38
-4.4101e-02,0.215,0.025
-4.4099e-02,0.145,0.365
-4.4098e-02,0.085,0.02
-4.4096e-02,0.19,0.38
-4.4094e-02,0.13,0.05
-4.4093e-02,0.27,0.35
-4.4091e-02,0.15,0.05
-4.4090e-02,0.135,0.345
-4.4088e-02,0.195,0.055
-4.4086e-02,0.115,0.345
-4.4085e-02,0.165,0.025
-4.4083e-02,0.13,0.375
-4.4082e-02,0.105,0.05
-4.4080e-02,0.185,0.355
-4.4078e-02,0.16,0.045
-4.4077e-02,0.225,0.36
-4.4075e-02,0.22,0.055
-4.4074e-02,0.175,0.345
-4.4072e-02,0.205,0.05
-4.4070e-02,0.275,0.35
-4.4069e-02,0.185,0.05
-4.4067e-02,0.25,0.36
-4.4066e-02,0.1,0.055
-4.4064e-02,0.205,0.355
-4.4062e-02,0.285,0.045
-4.4061e-02,0.275,0.355
-4.4059e-02,0.25,0.055
-4.4058e-02,0.185,0.355
-4.4056e-02,0.15,0.06
-4.4054e-02,0.21,0.35
-4.4053e-02,0.25,0.065
-4.4051e-02,0.17,0.345
-4.4050e-02,0.185,0.03
-4.4048e-02,0.21,0.37
-4.4046e-02,0.17,0.05
-4.4045e-02,0.21,0.36
-4.4043e-02,0.165,0.005
-4.4042e-02,0.13,0.41
-4.4040e-02,0.18,0.025
-4.4038e-02,0.205,0.385
-4.4037e-02,0.245,0
-4.4035e-02,0.3,0.4
-4.4034e-02,0.195,0.04
-4.4032e-02,0.16,0.37
-4.4030e-02,0.255,0.055
-4.4029e-02,0.25,0.355
-4.4027e-02,0.285,0.07
-4.4026e-02,0.245,0.345
-4.4024e-02,0.235,0.06
-4.4022e-02,0.225,0.35
-4.4021e-02,0.25,0.06
-4.4019e-02,0.25,0.36
-4.4018e-02,0.16,0
-4.4016e-02,0.3,0.405
-4.4014e-02,0.235,0.05
-4.4013e-02,0.29,0.365
-4.4011e-02,0.195,0.055
-4.4010e-02,0.215,0.355
-4.4008e-02,0.115,0.05
-4.4006e-02,0.125,0.36
-4.4005e-02,0.16,0.04
-4.4003e-02,0.195,0.37
-4.4002e-02,0.19,0.025
-4.4000e-02,0.21,0.385
-4.3998e-02,0.175,0.04
-4.3997e-02,0.145,0.375
-4.3995e-02,0.32,0.065
-4.3994e-02,0.19,0.345
-4.3992e-02,0.18,0.05
-4.3990e-02,0.195,0.355
-4.3989e-02,0.27,0.06
-4.3987e-02,0.265,0.35
-4.3986e-02,0.315,0.035
-4.3984e-02,0.2,0.37
-4.3982e-02,0.205,0.015
-4.3981e-02,0.22,0.4
-4.3979e-02,0.195,0.025
-4.3978e-02,0.17,0.395
-4.3976e-02,0.2,0.045
-4.3974e-02,0.245,0.36
-4.3973e-02,0.2,0.045
-4.3971e-02,0.31,0.365
-4.3970e-02,0.245,0.04
-4.3968e-02,0.245,0.37
-4.3966e-02,0.16,0.055
-4.3965e-02,0.195,0.35
-4.3963e-02,0.21,0.06
-4.3962e-02,0.22,0.345
-4.3960e-02,0.275,0.05
-4.3958e-02,0.21,0.355
-4.3957e-02,0.2,0.01
-4.3955e-02,0.27,0.39
-4.3954e-02,0.255,0.06
-4.3952e-02,0.205,0.345
-4.3950e-02,0.21,0.045
-4.3949e-02,0.275,0.37
-4.3947e-02,0.31,0.03
-4.3946e-02,0.215,0.38
-4.3944e-02,0.245,0.025
-4.3942e-02,0.2,0.385
-4.3941e-02,0.17,0.035
-4.3939e-02,0.215,0.37
-4.3938e-02,0.25,0.03
-4.3936e-02,0.225,0.38
-4.3934e-02,0.185,0.03
-4.3933e-02,0.155,0.375
-4.3931e-02,0.2,0.035
-4.3930e-02,0.105,0.375
-4.3928e-02,0.225,0.035
-4.3926e-02,0.17,0.365
-4.3925e-02,0.185,0.025
-4.3923e-02,0.27,0.385
-4.3922e-02,0.28,0.035
-4.3920e-02,0.215,0.37
-4.3918e-02,0.085,0.03
-4.3917e-02,0.185,0.38
-4.3915e-02,0.255,0.05
-4.3914e-02,0.205,0.36
-4.3912e-02,0.22,0.055
-4.3910e-02,0.13,0.355
-4.3909e-02,0.22,0.035
-4.3907e-02,0.1,0.37
-4.3906e-02,0.23,0.065
-4.3904e-02,0.12,0.345
-4.3902e-02,0.14,0.06
-4.3901e-02,0.135,0.35
-4.3899e-02,0.22,0.055
-4.3898e-02,0.21,0.36
-4.3896e-02,0.2,0.065
-4.3894e-02,0.19,0.335
-4.3893e-02,0.11,0.025
-4.3891e-02,0.17,0.385
-4.3890e-02,0.14,0.06
-4.3888e-02,0.315,0.35
-4.3886e-02,0.215,0.06
-4.3885e-02,0.22,0.355
-4.3883e-02,0.26,0.055
-4.3882e-02,0.28,0.36
-4.3880e-02,0.25,0.055
-4.3878e-02,0.205,0.355
-4.3877e-02,0.18,0.045
-4.3875e-02,0.165,0.37
-4.3874e-02,0.21,0.06
-4.3872e-02,0.23,0.35
-4.3870e-02,0.22,0.07
-4.3869e-02,0.205,0.345
-4.3867e-02,0.24,0.06
-4.3866e-02,0.205,0.35
-4.3864e-02,0.21,0.055
-4.3862e-02,0.245,0.36
-4.3861e-02,0.17,0.055
-4.3859e-02,0.15,0.36
-4.3858e-02,0.265,0.06
-4.3856e-02,0.215,0.35
-4.3854e-02,0.23,0.045
-4.3853e-02,0.195,0.37
-4.3851e-02,0.22,0.055
-4.3850e-02,0.14,0.36
-4.3848e-02,0.255,0.065
-4.3846e-02,0.21,0.35
-4.3845e-02,0.175,0.07
-4.3843e-02,0.19,0.345
-4.3842e-02,0.245,0.07
-4.3840e-02,0.22,0.35
-4.3838e-02,0.215,0.065
-4.3837e-02,0.17,0.35
-4.3835e-02,0.165,0.06
-4.3834e-02,0.115,0.35
-4.3832e-02,0.245,0.05
-4.3830e-02,0.2,0.36
-4.3829e-02,0.265,0.055
-4.3827e-02,0.245,0.36
-4.3826e-02,0.23,0.065
-4.3824e-02,0.24,0.35
-4.3822e-02,0.295,0.05
-4.3821e-02,0.185,0.36
-4.3819e-02,0.22,0.045
-4.3818e-02,0.2,0.365
-4.3816e-02,0.365,0.045
-4.3814e-02,0.215,0.37
-4.3813e-02,0.31,0.035
-4.3811e-02,0.125,0.385
-4.3810e-02,0.22,0.06
-4.3808e-02,0.19,0.355
-4.3806e-02,0.325,0.035
-4.3805e-02,0.17,0.38
-4.3803e-02,0.305,0.05
-4.3802e-02,0.225,0.36
-4.3800e-02,0.27,0.04
-4.3798e-02,0.195,0.37
-4.3797e-02,0.255,0.055
-4.3795e-02,0.22,0.36
-4.3794e-02,0.185,0.07
-4.3792e-02,0.27,0.35
-4.3790e-02,0.2,0.05
-4.3789e-02,0.225,0.365
-4.3787e-02,0.245,0.04
-4.3786e-02,0.195,0.37
-4.3784e-02,0.105,0.08
-4.3782e-02,0.195,0.335
-4.3781e-02,0.2,0.06
-4.3779e-02,0.21,0.35
-4.3778e-02,0.23,0.06
-4.3776e-02,0.165,0.36
-4.3774e-02,0.205,0.07
-4.3773e-02,0.295,0.35
-4.3771e-02,0.2,0.075
-4.3770e-02,0.24,0.335
-4.3768e-02,0.245,0.045
-4.3766e-02,0.155,0.37
-4.3765e-02,0.19,0.07
-4.3763e-02,0.18,0.35
-4.3762e-02,0.16,0.065
-4.3760e-02,0.195,0.35
-4.3758e-02,0.245,0.06
-4.3757e-02,0.26,0.365
-4.3755e-02,0.27,0.055
-4.3754e-02,0.25,0.36
-4.3752e-02,0.16,0.03
-4.3750e-02,0.135,0.385
-4.3749e-02,0.22,0.035
-4.3747e-02,0.165,0.385
-4.3746e-02,0.21,0.025
-4.3744e-02,0.155,0.385
-4.3742e-02,0.215,0.03
-4.3741e-02,0.15,0.39
-4.3739e-02,0.265,0.075
-4.3738e-02,0.23,0.345
-4.3736e-02,0.125,0.06
-4.3734e-02,0.195,0.36
-4.3733e-02,0.165,0.055
-4.3731e-02,0.22,0.36
-4.3730e-02,0.255,0.04
-4.3728e-02,0.23,0.38
-4.3726e-02,0.235,0.055
-4.3725e-02,0.205,0.365
-4.3723e-02,0.285,0.045
-4.3722e-02,0.235,0.37
-4.3720e-02,0.19,0.04
-4.3718e-02,0.235,0.38
-4.3717e-02,0.135,0.06
-4.3715e-02,0.35,0.365
-4.3714e-02,0.235,0.055
-4.3712e-02,0.305,0.37
-4.3710e-02,0.165,0.055
-4.3709e-02,0.32,0.375
-4.3707e-02,0.18,0.08
-4.3706e-02,0.225,0.345
-4.3704e-02,0.17,0.035
-4.3702e-02,0.27,0.38
-4.3701e-02,0.2,0.05
-4.3699e-02,0.265,0.38
-4.3698e-02,0.215,0.045
-4.3696e-02,0.18,0.38
-4.3694e-02,0.245,0.065
-4.3693e-02,0.22,0.36
-4.3691e-02,0.21,0.06
-4.3690e-02,0.265,0.365
-4.3688e-02,0.245,0.07
-4.3686e-02,0.15,0.36
-4.3685e-02,0.215,0.07
-4.3683e-02,0.105,0.35
-4.3682e-02,0.22,0.05
-4.3680e-02,0.27,0.375
-4.3678e-02,0.165,0.045
-4.3677e-02,0.155,0.38
-4.3675e-02,0.255,0.06
-4.3674e-02,0.27,0.365
-4.3672e-02,0.245,0.065
-4.3670e-02,0.15,0.365
-4.3669e-02,0.17,0.06
-4.3667e-02,0.18,0.36
-4.3666e-02,0.28,0.065
-4.3664e-02,0.24,0.365
-4.3662e-02,0.195,0.05
-4.3661e-02,0.25,0.38
-4.3659e-02,0.185,0.06
-4.3658e-02,0.195,0.375
-4.3656e-02,0.215,0.06
-4.3654e-02,0.16,0.375
-4.3653e-02,0.19,0.05
-4.3651e-02,0.215,0.38
-4.3650e-02,0.17,0.045
-4.3648e-02,0.26,0.375
-4.3646e-02,0.195,0.06
-4.3645e-02,0.195,0.36
-4.3643e-02,0.105,0.055
-4.3642e-02,0.285,0.375
-4.3640e-02,0.14,0.065
-4.3638e-02,0.205,0.365
-4.3637e-02,0.19,0.075
-4.3635e-02,0.195,0.35
-4.3634e-02,0.31,0.055
-4.3632e-02,0.32,0.36
-4.3630e-02,0.29,0.065
-4.3629e-02,0.21,0.36
-4.3627e-02,0.25,0.07
-4.3626e-02,0.265,0.35
-4.3624e-02,0.22,0.07
-4.3622e-02,0.23,0.36
-4.3621e-02,0.2,0.045
-4.3619e-02,0.165,0.38
-4.3618e-02,0.25,0.06
-4.3616e-02,0.24,0.365
-4.3614e-02,0.245,0.04
-4.3613e-02,0.24,0.38
-4.3611e-02,0.155,0.05
-4.3610e-02,0.175,0.375
-4.3608e-02,0.205,0.05
-4.3606e-02,0.235,0.365
-4.3605e-02,0.175,0.045
-4.3603e-02,0.235,0.38
-4.3602e-02,0.225,0.035
-4.3600e-02,0.22,0.39
-4.3598e-02,0.245,0.01
-4.3597e-02,0.21,0.41
-4.3595e-02,0.21,0.055
-4.3594e-02,0.32,0.37
-4.3592e-02,0.255,0.065
-4.3590e-02,0.24,0.355
-4.3589e-02,0.225,0.04
-4.3587e-02,0.185,0.375
-4.3586e-02,0.105,0.04
-4.3584e-02,0.29,0.375
-4.3582e-02,0.175,0.035
-4.3581e-02,0.315,0.385
-4.3579e-02,0.2,0.04
-4.3578e-02,0.17,0.385
-4.3576e-02,0.155,0.07
-4.3574e-02,0.275,0.36
-4.3573e-02,0.225,0.06
-4.3571e-02,0.2,0.36
-4.3570e-02,0.3,0.055
-4.3568e-02,0.22,0.375
-4.3566e-02,0.295,0.055
-4.3565e-02,0.25,0.375
-4.3563e-02,0.16,0.02
-4.3562e-02,0.215,0.41
-4.3560e-02,0.225,0.075
-4.3558e-02,0.23,0.355
-4.3557e-02,0.27,0.07
-4.3555e-02,0.33,0.355
-4.3554e-02,0.23,0.06
-4.3552e-02,0.275,0.365
-4.3550e-02,0.24,0.07
-4.3549e-02,0.215,0.355
-4.3547e-02,0.17,0.07
-4.3546e-02,0.185,0.375
-4.3544e-02,0.11,0.03
-4.3542e-02,0.305,0.395
-4.3541e-02,0.27,0.06
-4.3539e-02,0.28,0.37
-4.3538e-02,0.195,0.055
-4.3536e-02,0.195,0.375
-4.3534e-02,0.2,0.05
-4.3533e-02,0.185,0.375
-4.3531e-02,0.24,0.08
-4.3530e-02,0.12,0.355
-4.3528e-02,0.29,0.065
-4.3526e-02,0.105,0.365
-4.3525e-02,0.215,0.075
-4.3523e-02,0.21,0.355
-4.3522e-02,0.26,0.06
-4.3520e-02,0.275,0.375
-4.3518e-02,0.215,0.06
-4.3517e-02,0.135,0.38
-4.3515e-02,0.245,0.065
-4.3514e-02,0.205,0.36
-4.3512e-02,0.23,0.055
-4.3510e-02,0.25,0.375
-4.3509e-02,0.215,0.075
-4.3507e-02,0.35,0.355
-4.3506e-02,0.175,0.03
-4.3504e-02,0.23,0.41
-4.3502e-02,0.19,0.065
-4.3501e-02,0.285,0.365
-4.3499e-02,0.24,0.055
-4.3498e-02,0.245,0.39
-4.3496e-02,0.15,0.075
-4.3494e-02,0.31,0.365
-4.3493e-02,0.17,0.09
-4.3491e-02,0.245,0.345
-4.3490e-02,0.24,0.07
-4.3488e-02,0.225,0.36
-4.3486e-02,0.205,0.05
-4.3485e-02,0.2,0.385
-4.3483e-02,0.16,0.045
-4.3482e-02,0.25,0.39
-4.3480e-02,0.26,0.055
-4.3478e-02,0.265,0.39
-4.3477e-02,0.235,0.07
-4.3475e-02,0.275,0.365
-4.3474e-02,0.27,0.055
-4.3472e-02,0.175,0.39
-4.3470e-02,0.115,0.01
-4.3469e-02,0.185,0.42
-4.3467e-02,0.17,0.07
-4.3466e-02,0.255,0.37
-4.3464e-02,0.19,0.075
-4.3462e-02,0.17,0.365
-4.3461e-02,0.285,0.04
-4.3459e-02,0.23,0.395
-4.3458e-02,0.185,0.07
-4.3456e-02,0.205,0.36
-4.3454e-02,0.16,0.055
-4.3453e-02,0.21,0.38
-4.3451e-02,0.17,0.045
-4.3450e-02,0.215,0.39
-4.3448e-02,0.225,0.04
-4.3446e-02,0.16,0.39
-4.3445e-02,0.265,0.04
-4.3443e-02,0.195,0.395
-4.3442e-02,0.275,0.055
-4.3440e-02,0.21,0.385
-4.3438e-02,0.145,0.065
-4.3437e-02,0.25,0.375
-4.3435e-02,0.185,0.075
-4.3434e-02,0.3,0.36
-4.3432e-02,0.2,0.045
-4.3430e-02,0.215,0.4
-4.3429e-02,0.17,0.03
-4.3427e-02,0.235,0.41
-4.3426e-02,0.155,0.075
-4.3424e-02,0.225,0.365
-4.3422e-02,0.18,0.07
-4.3421e-02,0.165,0.365
-4.3419e-02,0.24,0.075
-4.3418e-02,0.215,0.355
-4.3416e-02,0.215,0.06
-4.3414e-02,0.22,0.365
-4.3413e-02,0.14,0.065
-4.3411e-02,0.205,0.365
-4.3410e-02,0.23,0.035
-4.3408e-02,0.315,0.39
-4.3406e-02,0.295,0.07
-4.3405e-02,0.215,0.36
-4.3403e-02,0.155,0.035
-4.3402e-02,0.21,0.395
-4.3400e-02,0.195,0.04
-4.3398e-02,0.23,0.395
-4.3397e-02,0.19,0.055
-4.3395e-02,0.225,0.37
-4.3394e-02,0.225,0.04
-4.3392e-02,0.18,0.39
-4.3390e-02,0.18,0.055
-4.3389e-02,0.225,0.38
-4.3387e-02,0.235,0.055
-4.3386e-02,0.21,0.375
-4.3384e-02,0.245,0.06
-4.3382e-02,0.21,0.365
-4.3381e-02,0.26,0.045
-4.3379e-02,0.125,0.385
-4.3378e-02,0.195,0.055
-4.3376e-02,0.175,0.365
-4.3374e-02,0.255,0.065
-4.3373e-02,0.34,0.365
-4.3371e-02,0.2,0.055
-4.3370e-02,0.25,0.375
-4.3368e-02,0.09,0.06
-4.3366e-02,0.17,0.37
-4.3365e-02,0.16,0.07
-4.3363e-02,0.315,0.365
-4.3362e-02,0.215,0.055
-4.3360e-02,0.305,0.375
-4.3358e-02,0.19,0.035
-4.3357e-02,0.18,0.4
-4.3355e-02,0.26,0.05
-4.3354e-02,0.255,0.38
-4.3352e-02,0.19,0.065
-4.3350e-02,0.205,0.365
-4.3349e-02,0.135,0.06
-4.3347e-02,0.24,0.365
-4.3346e-02,0.2,0.07
-4.3344e-02,0.165,0.365
-4.3342e-02,0.25,0.025
-4.3341e-02,0.185,0.405
-4.3339e-02,0.21,0.055
-4.3338e-02,0.19,0.37
-4.3336e-02,0.24,0.07
-4.3334e-02,0.18,0.37
-4.3333e-02,0.26,0.065
-4.3331e-02,0.25,0.375
-4.3330e-02,0.275,0.035
-4.3328e-02,0.24,0.4
-4.3326e-02,0.26,0.075
-4.3325e-02,0.05,0.36
-4.3323e-02,0.205,0.04
-4.3322e-02,0.15,0.39
-4.3320e-02,0.27,0.05
-4.3318e-02,0.285,0.39
-4.3317e-02,0.195,0.075
-4.3315e-02,0.25,0.36
-4.3314e-02,0.235,0.065
-4.3312e-02,0.23,0.37
-4.3310e-02,0.135,0.085
-4.3309e-02,0.27,0.35
-4.3307e-02,0.175,0.04
-4.3306e-02,0.21,0.4
-4.3304e-02,0.275,0.07
-4.3302e-02,0.22,0.375
-4.3301e-02,0.21,0.06
-4.3299e-02,0.165,0.385
-4.3298e-02,0.22,0.045
-4.3296e-02,0.195,0.395
-4.3294e-02,0.31,0.065
-4.3293e-02,0.18,0.37
-4.3291e-02,0.225,0.05
-4.3290e-02,0.17,0.39
-4.3288e-02,0.255,0.065
-4.3286e-02,0.205,0.37
-4.3285e-02,0.16,0.06
-4.3283e-02,0.15,0.39
-4.3282e-02,0.285,0.06
-4.3280e-02,0.21,0.38
-4.3278e-02,0.32,0.055
-4.3277e-02,0.285,0.385
-4.3275e-02,0.28,0.08
-4.3274e-02,0.105,0.36
-4.3272e-02,0.22,0.06
-4.3270e-02,0.125,0.375
-4.3269e-02,0.275,0.085
-4.3267e-02,0.275,0.355
-4.3266e-02,0.235,0.065
-4.3264e-02,0.27,0.385
-4.3262e-02,0.235,0.08
-4.3261e-02,0.245,0.37
-4.3259e-02,0.25,0.06
-4.3258e-02,0.18,0.38
-4.3256e-02,0.16,0.06
-4.3254e-02,0.32,0.38
-4.3253e-02,0.225,0.075
-4.3251e-02,0.3,0.37
-4.3250e-02,0.245,0.08
-4.3248e-02,0.27,0.37
-4.3246e-02,0.15,0.065
-4.3245e-02,0.225,0.375
-4.3243e-02,0.235,0.045
-4.3242e-02,0.185,0.4
-4.3240e-02,0.175,0.075
-4.3238e-02,0.225,0.37
-4.3237e-02,0.24,0.03
-4.3235e-02,0.325,0.425
-4.3234e-02,0.27,0.055
-4.3232e-02,0.155,0.385
-4.3230e-02,0.265,0.07
-4.3229e-02,0.17,0.375
-4.3227e-02,0.235,0.055
-4.3226e-02,0.195,0.385
-4.3224e-02,0.22,0.045
-4.3222e-02,0.16,0.405
-4.3221e-02,0.235,0.045
-4.3219e-02,0.29,0.39
-4.3218e-02,0.235,0.075
-4.3216e-02,0.325,0.365
-4.3214e-02,0.285,0.055
-4.3213e-02,0.155,0.39
-4.3211e-02,0.17,0.045
-4.3210e-02,0.145,0.395
-4.3208e-02,0.215,0.055
-4.3206e-02,0.23,0.39
-4.3205e-02,0.24,0.06
-4.3203e-02,0.205,0.375
-4.3202e-02,0.27,0.055
-4.3200e-02,0.26,0.385
-4.3198e-02,0.13,0.095
-4.3197e-02,0.24,0.355
-4.3195e-02,0.16,0.085
-4.3194e-02,0.235,0.365
-4.3192e-02,0.16,0.07
-4.3190e-02,0.265,0.375
-4.3189e-02,0.195,0.075
-4.3187e-02,0.21,0.37
-4.3186e-02,0.275,0.075
-4.3184e-02,0.18,0.365
-4.3182e-02,0.315,0.075
-4.3181e-02,0.16,0.365
-4.3179e-02,0.22,0.045
-4.3178e-02,0.26,0.395
-4.3176e-02,0.235,0.055
-4.3174e-02,0.305,0.395
-4.3173e-02,0.255,0.07
-4.3171e-02,0.185,0.38
-4.3170e-02,0.185,0.06
-4.3168e-02,0.295,0.375
-4.3166e-02,0.21,0.065
-4.3165e-02,0.14,0.375
-4.3163e-02,0.24,0.05
-4.3162e-02,0.17,0.395
-4.3160e-02,0.19,0.055
-4.3158e-02,0.2,0.39
-4.3157e-02,0.26,0.05
-4.3155e-02,0.2,0.4
-4.3154e-02,0.26,0.075
-4.3152e-02,0.13,0.375
-4.3150e-02,0.225,0.045
-4.3149e-02,0.175,0.39
-4.3147e-02,0.28,0.055
-4.3146e-02,0.15,0.39
-4.3144e-02,0.23,0.045
-4.3142e-02,0.24,0.4
-4.3141e-02,0.29,0.07
-4.3139e-02,0.255,0.375
-4.3138e-02,0.24,0.055
-4.3136e-02,0.24,0.395
-4.3134e-02,0.18,0.06
-4.3133e-02,0.29,0.385
-4.3131e-02,0.195,0.05
-4.3130e-02,0.195,0.4
-4.3128e-02,0.15,0.07
-4.3126e-02,0.2,0.38
-4.3125e-02,0.155,0.08
-4.3123e-02,0.35,0.365
-4.3122e-02,0.29,0.065
-4.3120e-02,0.26,0.38
-4.3118e-02,0.16,0.06
-4.3117e-02,0.24,0.38
-4.3115e-02,0.19,0.04
-4.3114e-02,0.245,0.41
-4.3112e-02,0.245,0.065
-4.3110e-02,0.26,0.38
-4.3109e-02,0.15,0.06
-4.3107e-02,0.235,0.38
-4.3106e-02,0.195,0.08
-4.3104e-02,0.23,0.37
-4.3102e-02,0.22,0.07
-4.3101e-02,0.315,0.38
-4.3099e-02,0.25,0.055
-4.3098e-02,0.185,0.395
-4.3096e-02,0.24,0.075
-4.3094e-02,0.215,0.37
-4.3093e-02,0.185,0.06
-4.3091e-02,0.2,0.39
-4.3090e-02,0.265,0.055
-4.3088e-02,0.155,0.4
-4.3086e-02,0.21,0.06
-4.3085e-02,0.25,0.385
-4.3083e-02,0.275,0.05
-4.3082e-02,0.215,0.4
-4.3080e-02,0.255,0.06
-4.3078e-02,0.095,0.385
-4.3077e-02,0.23,0.085
-4.3075e-02,0.21,0.36
-4.3074e-02,0.31,0.08
-4.3072e-02,0.23,0.38
-4.3070e-02,0.205,0.035
-4.3069e-02,0.235,0.41
-4.3067e-02,0.225,0.07
-4.3066e-02,0.15,0.38
-4.3064e-02,0.245,0.085
-4.3062e-02,0.25,0.36
-4.3061e-02,0.21,0.08
-4.3059e-02,0.25,0.365
-4.3058e-02,0.24,0.065
-4.3056e-02,0.25,0.385
-4.3054e-02,0.225,0.075
-4.3053e-02,0.2,0.375
-4.3051e-02,0.175,0.07
-4.3050e-02,0.225,0.385
-4.3048e-02,0.245,0.07
-4.3046e-02,0.205,0.38
-4.3045e-02,0.2,0.07
-4.3043e-02,0.2,0.375
-4.3042e-02,0.34,0.065
-4.3040e-02,0.24,0.39
-4.3038e-02,0.2,0.075
-4.3037e-02,0.2,0.38
-4.3035e-02,0.235,0.08
-4.3034e-02,0.28,0.37
-4.3032e-02,0.155,0.075
-4.3030e-02,0.185,0.38
-4.3029e-02,0.125,0.08
-4.3027e-02,0.235,0.375
-4.3026e-02,0.205,0.07
-4.3024e-02,0.27,0.39
-4.3022e-02,0.21,0.06
-4.3021e-02,0.215,0.39
-4.3019e-02,0.195,0.06
-4.3018e-02,0.275,0.395
-4.3016e-02,0.195,0.065
-4.3014e-02,0.27,0.395
-4.3013e-02,0.185,0.095
-4.3011e-02,0.1,0.36
-4.3010e-02,0.195,0.07
-4.3008e-02,0.19,0.385
-4.3006e-02,0.265,0.05
-4.3005e-02,0.16,0.4
-4.3003e-02,0.24,0.07
-4.3002e-02,0.3,0.395
-4.3000e-02,0.205,0.075
-4.2998e-02,0.295,0.375
-4.2997e-02,0.17,0.08
-4.2995e-02,0.295,0.375
-4.2994e-02,0.095,0.055
-4.2992e-02,0.3,0.4
-4.2990e-02,0.16,0.08
-4.2989e-02,0.27,0.375
-4.2987e-02,0.185,0.08
-4.2986e-02,0.285,0.39
-4.2984e-02,0.175,0.06
-4.2982e-02,0.355,0.4
-4.2981e-02,0.26,0.065
-4.2979e-02,0.21,0.4
-4.2978e-02,0.165,0.07
-4.2976e-02,0.23,0.39
-4.2974e-02,0.29,0.07
-4.2973e-02,0.205,0.39
-4.2971e-02,0.215,0.06
-4.2970e-02,0.29,0.395
-4.2968e-02,0.15,0.055
-4.2966e-02,0.25,0.41
-4.2965e-02,0.24,0.06
-4.2963e-02,0.19,0.4
-4.2962e-02,0.215,0.02
-4.2960e-02,0.245,0.44
-4.2958e-02,0.185,0.06
-4.2957e-02,0.21,0.4
-4.2955e-02,0.35,0.085
-4.2954e-02,0.275,0.37
-4.2952e-02,0.23,0.08
-4.2950e-02,0.16,0.375
-4.2949e-02,0.23,0.05
-4.2947e-02,0.22,0.4
-4.2946e-02,0.275,0.06
-4.2944e-02,0.175,0.39
-4.2942e-02,0.3,0.07
-4.2941e-02,0.22,0.38
-4.2939e-02,0.295,0.065
-4.2938e-02,0.19,0.395
-4.2936e-02,0.215,0.05
-4.2934e-02,0.255,0.405
-4.2933e-02,0.225,0.07
-4.2931e-02,0.18,0.39
-4.2930e-02,0.21,0.055
-4.2928e-02,0.175,0.405
-4.2926e-02,0.28,0.065
-4.2925e-02,0.285,0.385
-4.2923e-02,0.3,0.065
-4.2922e-02,0.195,0.39
-4.2920e-02,0.235,0.03
-4.2918e-02,0.165,0.42
-4.2917e-02,0.225,0.05
-4.2915e-02,0.255,0.4
-4.2914e-02,0.25,0.015
-4.2912e-02,0.16,0.435
-4.2910e-02,0.245,0.04
-4.2909e-02,0.185,0.41
-4.2907e-02,0.24,0.085
-4.2906e-02,0.225,0.365
-4.2904e-02,0.125,0.055
-4.2902e-02,0.21,0.395
-4.2901e-02,0.195,0.035
-4.2899e-02,0.26,0.425
-4.2898e-02,0.225,0.055
-4.2896e-02,0.335,0.4
-4.2894e-02,0.24,0.07
-4.2893e-02,0.22,0.385
-4.2891e-02,0.21,0
-4.2890e-02,0.19,0.445
-4.2888e-02,0.285,0.07
-4.2886e-02,0.215,0.39
-4.2885e-02,0.21,0.05
-4.2883e-02,0.155,0.41
-4.2882e-02,0.285,0.055
-4.2880e-02,0.205,0.405
-4.2878e-02,0.31,0.055
-4.2877e-02,0.175,0.395
-4.2875e-02,0.24,0.04
-4.2874e-02,0.23,0.415
-4.2872e-02,0.24,0.025
-4.2870e-02,0.265,0.435
-4.2869e-02,0.21,0.04
-4.2867e-02,0.23,0.42
-4.2866e-02,0.095,0.065
-4.2864e-02,0.275,0.39
-4.2862e-02,0.31,0.07
-4.2861e-02,0.315,0.385
-4.2859e-02,0.28,0.065
-4.2858e-02,0.1,0.4
-4.2856e-02,0.185,0.07
-4.2854e-02,0.195,0.385
-4.2853e-02,0.285,0.035
-4.2851e-02,0.215,0.42
-4.2850e-02,0.25,0.055
-4.2848e-02,0.255,0.4
-4.2846e-02,0.27,0.07
-4.2845e-02,0.285,0.39
-4.2843e-02,0.31,0.045
-4.2842e-02,0.21,0.42
-4.2840e-02,0.21,0.07
-4.2838e-02,0.095,0.395
-4.2837e-02,0.205,0.055
-4.2835e-02,0.27,0.4
-4.2834e-02,0.265,0.07
-4.2832e-02,0.17,0.39
-4.2830e-02,0.255,0.07
-4.2829e-02,0.225,0.395
-4.2827e-02,0.31,0
-4.2826e-02,0.155,0.465
-4.2824e-02,0.135,0.075
-4.2822e-02,0.17,0.39
-4.2821e-02,0.2,0.08
-4.2819e-02,0.255,0.385
-4.2818e-02,0.305,0.08
-4.2816e-02,0.225,0.38
-4.2814e-02,0.275,0.07
-4.2813e-02,0.27,0.395
-4.2811e-02,0.14,0.065
-4.2810e-02,0.21,0.395
-4.2808e-02,0.18,0.035
-4.2806e-02,0.2,0.42
-4.2805e-02,0.185,0.07
-4.2803e-02,0.315,0.395
-4.2802e-02,0.22,0.065
-4.2800e-02,0.285,0.4
-4.2798e-02,0.175,0.045
-4.2797e-02,0.205,0.41
-4.2795e-02,0.275,0.09
-4.2794e-02,0.175,0.37
-4.2792e-02,0.25,0.06
-4.2790e-02,0.095,0.405
-4.2789e-02,0.235,0.055
-4.2787e-02,0.165,0.41
-4.2786e-02,0.26,0.065
-4.2784e-02,0.15,0.395
-4.2782e-02,0.31,0.08
-4.2781e-02,0.205,0.38
-4.2779e-02,0.305,0.06
-4.2778e-02,0.21,0.405
-4.2776e-02,0.3,0.07
-4.2774e-02,0.23,0.395
-4.2773e-02,0.3,0.065
-4.2771e-02,0.215,0.395
-4.2770e-02,0.22,0.07
-4.2768e-02,0.205,0.39
-4.2766e-02,0.22,0.055
-4.2765e-02,0.2,0.41
-4.2763e-02,0.215,0.085
-4.2762e-02,0.245,0.375
-4.2760e-02,0.155,0.05
-4.2758e-02,0.29,0.41
-4.2757e-02,0.24,0.07
-4.2755e-02,0.325,0.395
-4.2754e-02,0.24,0.065
-4.2752e-02,0.165,0.4
-4.2750e-02,0.21,0.075
-4.2749e-02,0.235,0.395
-4.2747e-02,0.19,0.035
-4.2746e-02,0.265,0.425
-4.2744e-02,0.18,0.1
-4.2742e-02,0.265,0.365
-4.2741e-02,0.26,0.085
-4.2739e-02,0.31,0.385
-4.2738e-02,0.25,0.065
-4.2736e-02,0.235,0.395
-4.2734e-02,0.265,0.08
-4.2733e-02,0.215,0.38
-4.2731e-02,0.185,0.09
-4.2730e-02,0.26,0.38
-4.2728e-02,0.28,0.055
-4.2726e-02,0.255,0.415
-4.2725e-02,0.245,0.075
-4.2723e-02,0.23,0.395
-4.2722e-02,0.305,0.08
-4.2720e-02,0.31,0.39
-4.2718e-02,0.28,0.06
-4.2717e-02,0.19,0.415
-4.2715e-02,0.235,0.09
-4.2714e-02,0.21,0.38
-4.2712e-02,0.265,0.07
-4.2710e-02,0.19,0.4
-4.2709e-02,0.22,0.08
-4.2707e-02,0.205,0.39
-4.2706e-02,0.19,0.08
-4.2704e-02,0.215,0.385
-4.2702e-02,0.35,0.07
-4.2701e-02,0.235,0.4
-4.2699e-02,0.295,0.06
-4.2698e-02,0.16,0.415
-4.2696e-02,0.27,0.085
-4.2694e-02,0.305,0.38
-4.2693e-02,0.27,0.065
-4.2691e-02,0.25,0.4
-4.2690e-02,0.175,0.065
-4.2688e-02,0.205,0.41
-4.2686e-02,0.15,0.075
-4.2685e-02,0.25,0.395
-4.2683e-02,0.205,0.065
-4.2682e-02,0.2,0.405
-4.2680e-02,0.22,0.06
-4.2678e-02,0.18,0.41
-4.2677e-02,0.21,0.05
-4.2675e-02,0.32,0.42
-4.2674e-02,0.255,0.02
-4.2672e-02,0.225,0.435
-4.2670e-02,0.225,0.03
-4.2669e-02,0.22,0.44
-4.2667e-02,0.355,0.06
-4.2666e-02,0.27,0.415
-4.2664e-02,0.23,0.055
-4.2662e-02,0.16,0.41
-4.2661e-02,0.23,0.055
-4.2659e-02,0.205,0.415
-4.2658e-02,0.27,0.08
-4.2656e-02,0.205,0.385
-4.2654e-02,0.16,0.075
-4.2653e-02,0.2,0.395
-4.2651e-02,0.26,0.065
-4.2650e-02,0.28,0.395
-4.2648e-02,0.38,0.035
-4.2646e-02,0.205,0.42
-4.2645e-02,0.13,0.07
-4.2643e-02,0.185,0.405
-4.2642e-02,0.245,0.075
-4.2640e-02,0.31,0.4
-4.2638e-02,0.315,0.075
-4.2637e-02,0.205,0.39
-4.2635e-02,0.14,0.045
-4.2634e-02,0.26,0.42
-4.2632e-02,0.235,0.065
-4.2630e-02,0.295,0.4
-4.2629e-02,0.235,0.045
-4.2627e-02,0.175,0.415
-4.2626e-02,0.135,0.045
-4.2624e-02,0.185,0.415
-4.2622e-02,0.275,0.07
-4.2621e-02,0.24,0.405
-4.2619e-02,0.26,0.04
-4.2618e-02,0.13,0.42
-4.2616e-02,0.305,0.075
-4.2614e-02,0.325,0.395
-4.2613e-02,0.305,0.08
-4.2611e-02,0.28,0.38
-4.2610e-02,0.14,0.045
-4.2608e-02,0.215,0.42
-4.2606e-02,0.255,0.065
-4.2605e-02,0.245,0.405
-4.2603e-02,0.195,0.075
-4.2602e-02,0.175,0.4
-4.2600e-02,0.18,0.075
-4.2598e-02,0.26,0.39
-4.2597e-02,0.285,0.045
-4.2595e-02,0.24,0.42
-4.2594e-02,0.3,0.05
-4.2592e-02,0.15,0.415
-4.2590e-02,0.21,0.07
-4.2589e-02,0.21,0.4
-4.2587e-02,0.285,0.085
-4.2586e-02,0.255,0.385
-4.2584e-02,0.21,0.07
-4.2582e-02,0.175,0.405
-4.2581e-02,0.235,0.075
-4.2579e-02,0.315,0.39
-4.2578e-02,0.305,0.05
-4.2576e-02,0.205,0.425
-4.2574e-02,0.3,0.09
-4.2573e-02,0.2,0.38
-4.2571e-02,0.28,0.065
-4.2570e-02,0.27,0.405
-4.2568e-02,0.225,0.07
-4.2566e-02,0.225,0.395
-4.2565e-02,0.165,0.09
-4.2563e-02,0.195,0.385
-4.2562e-02,0.23,0.08
-4.2560e-02,0.3,0.39
-4.2558e-02,0.175,0.05
-4.2557e-02,0.27,0.425
-4.2555e-02,0.27,0.08
-4.2554e-02,0.315,0.395
-4.2552e-02,0.3,0.055
-4.2550e-02,0.245,0.415
-4.2549e-02,0.215,0.085
-4.2547e-02,0.25,0.385
-4.2546e-02,0.195,0.09
-4.2544e-02,0.225,0.385
-4.2542e-02,0.225,0.075
-4.2541e-02,0.17,0.4
-4.2539e-02,0.235,0.085
-4.2538e-02,0.135,0.385
-4.2536e-02,0.27,0.09
-4.2534e-02,0.275,0.385
-4.2533e-02,0.31,0.065
-4.2531e-02,0.175,0.415
-4.2530e-02,0.29,0.07
-4.2528e-02,0.275,0.405
-4.2526e-02,0.31,0.085
-4.2525e-02,0.25,0.39
-4.2523e-02,0.185,0.09
-4.2522e-02,0.195,0.385
-4.2520e-02,0.29,0.08
-4.2518e-02,0.285,0.395
-4.2517e-02,0.27,0.09
-4.2515e-02,0.15,0.38
-4.2514e-02,0.175,0.08
-4.2512e-02,0.255,0.395
-4.2510e-02,0.28,0.06
-4.2509e-02,0.265,0.415
-4.2507e-02,0.25,0.065
-4.2506e-02,0.18,0.405
-4.2504e-02,0.25,0.06
-4.2502e-02,0.32,0.41
-4.2501e-02,0.31,0.08
-4.2499e-02,0.3,0.39
-4.2498e-02,0.105,0.08
-4.2496e-02,0.24,0.395
-4.2494e-02,0.2,0.06
-4.2493e-02,0.235,0.41
-4.2491e-02,0.265,0.09
-4.2490e-02,0.24,0.39
-4.2488e-02,0.205,0.08
-4.2486e-02,0.23,0.395
-4.2485e-02,0.2,0.055
-4.2483e-02,0.245,0.425
-4.2482e-02,0.285,0.055
-4.2480e-02,0.215,0.41
-4.2478e-02,0.275,0.05
-4.2477e-02,0.235,0.42
-4.2475e-02,0.25,0.1
-4.2474e-02,0.265,0.375
-4.2472e-02,0.16,0.085
-4.2470e-02,0.205,0.39
-4.2469e-02,0.15,0.07
-4.2467e-02,0.23,0.405
-4.2466e-02,0.27,0.085
-4.2464e-02,0.23,0.395
-4.2462e-02,0.21,0.09
-4.2461e-02,0.27,0.39
-4.2459e-02,0.21,0.05
-4.2458e-02,0.305,0.42
-4.2456e-02,0.25,0.07
-4.2454e-02,0.31,0.41
-4.2453e-02,0.19,0.045
-4.2451e-02,0.22,0.43
-4.2450e-02,0.235,0.045
-4.2448e-02,0.235,0.435
-4.2446e-02,0.195,0.065
-4.2445e-02,0.22,0.405
-4.2443e-02,0.22,0.05
-4.2442e-02,0.285,0.43
-4.2440e-02,0.24,0.055
-4.2438e-02,0.2,0.415
-4.2437e-02,0.26,0.07
-4.2435e-02,0.215,0.41
-4.2434e-02,0.29,0.07
-4.2432e-02,0.26,0.405
-4.2430e-02,0.255,0.085
-4.2429e-02,0.205,0.39
-4.2427e-02,0.295,0.095
-4.2426e-02,0.18,0.38
-4.2424e-02,0.3,0.1
-4.2422e-02,0.225,0.385
-4.2421e-02,0.26,0.07
-4.2419e-02,0.225,0.395
-4.2418e-02,0.14,0.085
-4.2416e-02,0.205,0.39
-4.2414e-02,0.285,0.095
-4.2413e-02,0.215,0.385
-4.2411e-02,0.205,0.07
-4.2410e-02,0.21,0.405
-4.2408e-02,0.27,0.09
-4.2406e-02,0.285,0.39
-4.2405e-02,0.265,0.06
-4.2403e-02,0.235,0.415
-4.2402e-02,0.27,0.1
-4.2400e-02,0.27,0.38
-4.2398e-02,0.23,0.06
-4.2397e-02,0.225,0.42
-4.2395e-02,0.175,0.09
-4.2394e-02,0.285,0.39
-4.2392e-02,0.25,0.08
-4.2390e-02,0.285,0.39
-4.2389e-02,0.33,0.105
-4.2387e-02,0.265,0.375
-4.2386e-02,0.275,0.075
-4.2384e-02,0.235,0.41
-4.2382e-02,0.265,0.08
-4.2381e-02,0.195,0.4
-4.2379e-02,0.21,0.07
-4.2378e-02,0.08,0.415
-4.2376e-02,0.245,0.08
-4.2374e-02,0.23,0.4
-4.2373e-02,0.28,0.075
-4.2371e-02,0.28,0.4
-4.2370e-02,0.27,0.085
-4.2368e-02,0.255,0.395
-4.2366e-02,0.31,0.065
-4.2365e-02,0.275,0.415
-4.2363e-02,0.155,0.09
-4.2362e-02,0.245,0.38
-4.2360e-02,0.105,0.06
-4.2358e-02,0.23,0.415
-4.2357e-02,0.185,0.095
-4.2355e-02,0.29,0.385
-4.2354e-02,0.25,0.07
-4.2352e-02,0.245,0.41
-4.2350e-02,0.22,0.105
-4.2349e-02,0.305,0.38
-4.2347e-02,0.205,0.085
-4.2346e-02,0.255,0.395
-4.2344e-02,0.23,0.055
-4.2342e-02,0.265,0.425
-4.2341e-02,0.255,0.055
-4.2339e-02,0.25,0.425
-4.2338e-02,0.245,0.07
-4.2336e-02,0.27,0.41
-4.2334e-02,0.315,0.08
-4.2333e-02,0.23,0.405
-4.2331e-02,0.185,0.09
-4.2330e-02,0.19,0.385
-4.2328e-02,0.2,0.08
-4.2326e-02,0.25,0.4
-4.2325e-02,0.275,0.11
-4.2323e-02,0.225,0.37
-4.2322e-02,0.28,0.09
-4.2320e-02,0.235,0.385
-4.2318e-02,0.24,0.08
-4.2317e-02,0.18,0.4
-4.2315e-02,0.25,0.08
-4.2314e-02,0.225,0.4
-4.2312e-02,0.145,0.035
-4.2310e-02,0.295,0.44
-4.2309e-02,0.22,0.085
-4.2307e-02,0.335,0.4
-4.2306e-02,0.245,0.06
-4.2304e-02,0.18,0.415
-4.2302e-02,0.295,0.08
-4.2301e-02,0.275,0.39
-4.2299e-02,0.285,0.09
-4.2298e-02,0.13,0.395
-4.2296e-02,0.245,0.1
-4.2294e-02,0.17,0.375
-4.2293e-02,0.25,0.09
-4.2291e-02,0.315,0.395
-4.2290e-02,0.195,0.09
-4.2288e-02,0.19,0.39
-4.2286e-02,0.235,0.09
-4.2285e-02,0.22,0.395
-4.2283e-02,0.235,0.095
-4.2282e-02,0.325,0.39
-4.2280e-02,0.255,0.07
-4.2278e-02,0.225,0.42
-4.2277e-02,0.285,0.105
-4.2275e-02,0.285,0.375
-4.2274e-02,0.22,0.075
-4.2272e-02,0.21,0.405
-4.2270e-02,0.215,0.095
-4.2269e-02,0.26,0.39
-4.2267e-02,0.235,0.06
-4.2266e-02,0.285,0.425
-4.2264e-02,0.18,0.085
-4.2262e-02,0.18,0.4
-4.2261e-02,0.225,0.085
-4.2259e-02,0.245,0.4
-4.2258e-02,0.265,0.07
-4.2256e-02,0.27,0.415
-4.2254e-02,0.31,0.085
-4.2253e-02,0.21,0.395
-4.2251e-02,0.285,0.1
-4.2250e-02,0.275,0.395
-4.2248e-02,0.185,0.1
-4.2246e-02,0.235,0.385
-4.2245e-02,0.2,0.06
-4.2243e-02,0.265,0.42
-4.2242e-02,0.33,0.06
-4.2240e-02,0.285,0.425
-4.2238e-02,0.215,0.08
-4.2237e-02,0.15,0.405
-4.2235e-02,0.27,0.065
-4.2234e-02,0.22,0.415
-4.2232e-02,0.17,0.095
-4.2230e-02,0.25,0.395
-4.2229e-02,0.255,0.07
-4.2227e-02,0.29,0.415
-4.2226e-02,0.345,0.07
-4.2224e-02,0.325,0.405
-4.2222e-02,0.265,0.095
-4.2221e-02,0.19,0.395
-4.2219e-02,0.185,0.105
-4.2218e-02,0.145,0.385
-4.2216e-02,0.255,0.08
-4.2214e-02,0.265,0.405
-4.2213e-02,0.245,0.1
-4.2211e-02,0.23,0.39
-4.2210e-02,0.275,0.075
-4.2208e-02,0.385,0.41
-4.2206e-02,0.22,0.08
-4.2205e-02,0.3,0.415
-4.2203e-02,0.29,0.08
-4.2202e-02,0.31,0.405
-4.2200e-02,0.315,0.085
-4.2198e-02,0.15,0.4
-4.2197e-02,0.195,0.08
-4.2195e-02,0.165,0.405
-4.2194e-02,0.245,0.09
-4.2192e-02,0.19,0.395
-4.2190e-02,0.12,0.095
-4.2189e-02,0.225,0.395
-4.2187e-02,0.245,0.075
-4.2186e-02,0.27,0.415
-4.2184e-02,0.3,0.075
-4.2182e-02,0.31,0.415
-4.2181e-02,0.255,0.085
-4.2179e-02,0.29,0.41
-4.2178e-02,0.38,0.095
-4.2176e-02,0.285,0.39
-4.2174e-02,0.26,0.105
-4.2173e-02,0.19,0.385
-4.2171e-02,0.23,0.08
-4.2170e-02,0.25,0.41
-4.2168e-02,0.23,0.085
-4.2166e-02,0.275,0.405
-4.2165e-02,0.11,0.085
-4.2163e-02,0.21,0.4
-4.2162e-02,0.24,0.085
-4.2160e-02,0.24,0.405
-4.2158e-02,0.18,0.09
-4.2157e-02,0.145,0.41
-4.2155e-02,0.245,0.08
-4.2154e-02,0.18,0.42
-4.2152e-02,0.27,0.05
-4.2150e-02,0.315,0.445
-4.2149e-02,0.285,0.07
-4.2147e-02,0.295,0.425
-4.2146e-02,0.28,0.075
-4.2144e-02,0.255,0.415
-4.2142e-02,0.21,0.09
-4.2141e-02,0.225,0.4
-4.2139e-02,0.31,0.095
-4.2138e-02,0.2,0.39
-4.2136e-02,0.215,0.095
-4.2134e-02,0.125,0.395
-4.2133e-02,0.18,0.04
-4.2131e-02,0.27,0.445
-4.2130e-02,0.305,0.09
-4.2128e-02,0.28,0.41
-4.2126e-02,0.165,0.085
-4.2125e-02,0.27,0.4
-4.2123e-02,0.26,0.09
-4.2122e-02,0.285,0.4
-4.2120e-02,0.245,0.06
-4.2118e-02,0.195,0.42
-4.2117e-02,0.18,0.065
-4.2115e-02,0.24,0.42
-4.2114e-02,0.29,0.09
-4.2112e-02,0.285,0.405
-4.2110e-02,0.24,0.07
-4.2109e-02,0.35,0.42
-4.2107e-02,0.26,0.095
-4.2106e-02,0.27,0.4
-4.2104e-02,0.335,0.095
-4.2102e-02,0.26,0.4
-4.2101e-02,0.235,0.08
-4.2099e-02,0.215,0.41
-4.2098e-02,0.285,0.08
-4.2096e-02,0.205,0.415
-4.2094e-02,0.225,0.07
-4.2093e-02,0.215,0.42
-4.2091e-02,0.155,0.085
-4.2090e-02,0.295,0.415
-4.2088e-02,0.205,0.1
-4.2086e-02,0.25,0.39
-4.2085e-02,0.24,0.1
-4.2083e-02,0.325,0.39
-4.2082e-02,0.205,0.09
-4.2080e-02,0.215,0.395
-4.2078e-02,0.195,0.09
-4.2077e-02,0.215,0.395
-4.2075e-02,0.225,0.06
-4.2074e-02,0.255,0.42
-4.2072e-02,0.235,0.07
-4.2070e-02,0.205,0.42
-4.2069e-02,0.27,0.06
-4.2067e-02,0.25,0.435
-4.2066e-02,0.25,0.1
-4.2064e-02,0.285,0.395
-4.2062e-02,0.235,0.085
-4.2061e-02,0.18,0.405
-4.2059e-02,0.28,0.09
-4.2058e-02,0.23,0.395
-4.2056e-02,0.27,0.085
-4.2054e-02,0.205,0.405
-4.2053e-02,0.24,0.08
-4.2051e-02,0.245,0.405
-4.2050e-02,0.315,0.095
-4.2048e-02,0.255,0.395
-4.2046e-02,0.245,0.09
-4.2045e-02,0.23,0.395
-4.2043e-02,0.34,0.1
-4.2042e-02,0.27,0.385
-4.2040e-02,0.31,0.095
-4.2038e-02,0.245,0.4
-4.2037e-02,0.14,0.08
-4.2035e-02,0.255,0.41
-4.2034e-02,0.16,0.075
-4.2032e-02,0.255,0.41
-4.2030e-02,0.205,0.09
-4.2029e-02,0.285,0.405
-4.2027e-02,0.24,0.095
-4.2026e-02,0.26,0.405
-4.2024e-02,0.315,0.1
-4.2022e-02,0.19,0.39
-4.2021e-02,0.24,0.075
-4.2019e-02,0.28,0.425
-4.2018e-02,0.225,0.1
-4.2016e-02,0.19,0.4
-4.2014e-02,0.18,0.095
-4.2013e-02,0.21,0.4
-4.2011e-02,0.3,0.095
-4.2010e-02,0.31,0.405
-4.2008e-02,0.26,0.07
-4.2006e-02,0.28,0.425
-4.2005e-02,0.315,0.055
-4.2003e-02,0.28,0.43
-4.2002e-02,0.33,0.08
-4.2000e-02,0.285,0.42
-4.1998e-02,0.24,0.105
-4.1997e-02,0.26,0.395
-4.1995e-02,0.3,0.04
-4.1994e-02,0.245,0.455
-4.1992e-02,0.25,0.05
-4.1990e-02,0.21,0.445
-4.1989e-02,0.245,0.065
-4.1987e-02,0.255,0.43
-4.1986e-02,0.265,0.075
-4.1984e-02,0.215,0.425
-4.1982e-02,0.19,0.105
-4.1981e-02,0.22,0.395
-4.1979e-02,0.215,0.09
-4.1978e-02,0.325,0.41
-4.1976e-02,0.17,0.085
-4.1974e-02,0.175,0.415
-4.1973e-02,0.26,0.07
-4.1971e-02,0.295,0.425
-4.1970e-02,0.325,0.085
-4.1968e-02,0.205,0.415
-4.1966e-02,0.22,0.075
-4.1965e-02,0.26,0.425
-4.1963e-02,0.325,0.09
-4.1962e-02,0.215,0.405
-4.1960e-02,0.265,0.095
-4.1958e-02,0.205,0.405
-4.1957e-02,0.22,0.11
-4.1955e-02,0.26,0.39
-4.1954e-02,0.23,0.04
-4.1952e-02,0.235,0.45
-4.1950e-02,0.25,0.065
-4.1949e-02,0.295,0.43
-4.1947e-02,0.28,0.105
-4.1946e-02,0.34,0.395
-4.1944e-02,0.37,0.095
-4.1942e-02,0.165,0.4
-4.1941e-02,0.33,0.08
-4.1939e-02,0.215,0.415
-4.1938e-02,0.305,0.085
-4.1936e-02,0.2,0.41
-4.1934e-02,0.13,0.105
-4.1933e-02,0.285,0.39
-4.1931e-02,0.28,0.095
-4.1930e-02,0.3,0.405
-4.1928e-02,0.31,0.1
-4.1926e-02,0.205,0.405
-4.1925e-02,0.335,0.09
-4.1923e-02,0.195,0.41
-4.1922e-02,0.27,0.075
-4.1920e-02,0.195,0.425
-4.1918e-02,0.245,0.1
-4.1917e-02,0.255,0.4
-4.1915e-02,0.24,0.1
-4.1914e-02,0.22,0.405
-4.1912e-02,0.31,0.095
-4.1910e-02,0.245,0.4
-4.1909e-02,0.215,0.09
-4.1907e-02,0.155,0.41
-4.1906e-02,0.185,0.095
-4.1904e-02,0.28,0.4
-4.1902e-02,0.245,0.085
-4.1901e-02,0.23,0.41
-4.1899e-02,0.285,0.115
-4.1898e-02,0.235,0.385
-4.1896e-02,0.33,0.09
-4.1894e-02,0.285,0.405
-4.1893e-02,0.24,0.105
-4.1891e-02,0.28,0.395
-4.1890e-02,0.18,0.085
-4.1888e-02,0.28,0.42
-4.1886e-02,0.295,0.095
-4.1885e-02,0.28,0.405
-4.1883e-02,0.255,0.1
-4.1882e-02,0.265,0.395
-4.1880e-02,0.285,0.115
-4.1878e-02,0.345,0.38
-4.1877e-02,0.265,0.075
-4.1875e-02,0.16,0.42
-4.1874e-02,0.285,0.095
-4.1872e-02,0.22,0.405
-4.1870e-02,0.275,0.085
-4.1869e-02,0.225,0.42
-4.1867e-02,0.12,0.09
-4.1866e-02,0.205,0.405
-4.1864e-02,0.25,0.085
-4.1862e-02,0.24,0.41
-4.1861e-02,0.32,0.04
-4.1859e-02,0.205,0.465
-4.1858e-02,0.255,0.08
-4.1856e-02,0.335,0.415
-4.1854e-02,0.3,0.08
-4.1853e-02,0.32,0.415
-4.1851e-02,0.265,0.11
-4.1850e-02,0.175,0.395
-4.1848e-02,0.215,0.095
-4.1846e-02,0.24,0.405
-4.1845e-02,0.2,0.11
-4.1843e-02,0.265,0.395
-4.1842e-02,0.2,0.115
-4.1840e-02,0.23,0.385
-4.1838e-02,0.325,0.095
-4.1837e-02,0.265,0.4
-4.1835e-02,0.305,0.075
-4.1834e-02,0.23,0.425
-4.1832e-02,0.31,0.1
-4.1830e-02,0.28,0.4
-4.1829e-02,0.24,0.08
-4.1827e-02,0.165,0.415
-4.1826e-02,0.25,0.09
-4.1824e-02,0.19,0.405
-4.1822e-02,0.31,0.085
-4.1821e-02,0.185,0.41
-4.1819e-02,0.3,0.115
-4.1818e-02,0.295,0.38
-4.1816e-02,0.17,0.115
-4.1814e-02,0.335,0.375
-4.1813e-02,0.2,0.08
-4.1811e-02,0.3,0.42
-4.1810e-02,0.31,0.11
-4.1808e-02,0.18,0.39
-4.1806e-02,0.24,0.09
-4.1805e-02,0.175,0.415
-4.1803e-02,0.205,0.11
-4.1802e-02,0.205,0.39
-4.1800e-02,0.3,0.105
-4.1798e-02,0.23,0.39
-4.1797e-02,0.295,0.1
-4.1795e-02,0.185,0.405
-4.1794e-02,0.305,0.09
-4.1792e-02,0.305,0.41
-4.1790e-02,0.235,0.095
-4.1789e-02,0.26,0.4
-4.1787e-02,0.255,0.11
-4.1786e-02,0.315,0.39
-4.1784e-02,0.25,0.095
-4.1782e-02,0.215,0.4
-4.1781e-02,0.15,0.1
-4.1779e-02,0.225,0.405
-4.1778e-02,0.245,0.09
-4.1776e-02,0.29,0.41
-4.1774e-02,0.185,0.11
-4.1773e-02,0.3,0.4
-4.1771e-02,0.285,0.095
-4.1770e-02,0.245,0.41
-4.1768e-02,0.235,0.08
-4.1766e-02,0.275,0.425
-4.1765e-02,0.38,0.095
-4.1763e-02,0.3,0.405
-4.1762e-02,0.295,0.095
-4.1760e-02,0.255,0.41
-4.1758e-02,0.255,0.115
-4.1757e-02,0.305,0.39
-4.1755e-02,0.16,0.11
-4.1754e-02,0.285,0.395
-4.1752e-02,0.21,0.085
-4.1750e-02,0.24,0.42
-4.1749e-02,0.305,0.1
-4.1747e-02,0.205,0.4
-4.1746e-02,0.29,0.09
-4.1744e-02,0.26,0.42
-4.1742e-02,0.285,0.085
-4.1741e-02,0.34,0.425
-4.1739e-02,0.24,0.12
-4.1738e-02,0.275,0.385
-4.1736e-02,0.265,0.095
-4.1734e-02,0.27,0.405
-4.1733e-02,0.33,0.125
-4.1731e-02,0.2,0.39
-4.1730e-02,0.235,0.095
-4.1728e-02,0.26,0.41
-4.1726e-02,0.26,0.095
-4.1725e-02,0.245,0.42
-4.1723e-02,0.14,0.095
-4.1722e-02,0.22,0.405
-4.1720e-02,0.265,0.105
-4.1718e-02,0.32,0.405
-4.1717e-02,0.2,0.11
-4.1715e-02,0.28,0.4
-4.1714e-02,0.235,0.095
-4.1712e-02,0.355,0.415
-4.1710e-02,0.26,0.105
-4.1709e-02,0.17,0.41
-4.1707e-02,0.265,0.105
-4.1706e-02,0.195,0.415
-4.1704e-02,0.275,0.1
-4.1702e-02,0.16,0.405
-4.1701e-02,0.17,0.09
-4.1699e-02,0.29,0.425
-4.1698e-02,0.24,0.07
-4.1696e-02,0.27,0.435
-4.1694e-02,0.245,0.07
-4.1693e-02,0.3,0.44
-4.1691e-02,0.3,0.095
-4.1690e-02,0.28,0.415
-4.1688e-02,0.225,0.11
-4.1686e-02,0.195,0.4
-4.1685e-02,0.305,0.12
-4.1683e-02,0.19,0.39
-4.1682e-02,0.305,0.085
-4.1680e-02,0.205,0.43
-4.1678e-02,0.2,0.105
-4.1677e-02,0.28,0.405
-4.1675e-02,0.27,0.095
-4.1674e-02,0.35,0.405
-4.1672e-02,0.25,0.11
-4.1670e-02,0.27,0.405
-4.1669e-02,0.3,0.09
-4.1667e-02,0.315,0.42
-4.1666e-02,0.27,0.115
-4.1664e-02,0.225,0.395
-4.1662e-02,0.22,0.115
-4.1661e-02,0.2,0.4
-4.1659e-02,0.305,0.07
-4.1658e-02,0.22,0.44
-4.1656e-02,0.2,0.085
-4.1654e-02,0.255,0.43
-4.1653e-02,0.215,0.105
-4.1651e-02,0.32,0.405
-4.1650e-02,0.235,0.065
-4.1648e-02,0.265,0.435
-4.1646e-02,0.345,0.085
-4.1645e-02,0.24,0.43
-4.1643e-02,0.22,0.095
-4.1642e-02,0.225,0.4
-4.1640e-02,0.21,0.105
-4.1638e-02,0.28,0.4
-4.1637e-02,0.21,0.11
-4.1635e-02,0.23,0.39
-4.1634e-02,0.155,0.095
-4.1632e-02,0.335,0.405
-4.1630e-02,0.25,0.11
-4.1629e-02,0.215,0.4
-4.1627e-02,0.22,0.08
-4.1626e-02,0.215,0.43
-4.1624e-02,0.3,0.12
-4.1622e-02,0.265,0.39
-4.1621e-02,0.285,0.12
-4.1619e-02,0.23,0.385
-4.1618e-02,0.22,0.115
-4.1616e-02,0.205,0.395
-4.1614e-02,0.24,0.085
-4.1613e-02,0.22,0.42
-4.1611e-02,0.19,0.105
-4.1610e-02,0.255,0.395
-4.1608e-02,0.295,0.095
-4.1606e-02,0.265,0.41
-4.1605e-02,0.305,0.085
-4.1603e-02,0.175,0.415
-4.1602e-02,0.285,0.085
-4.1600e-02,0.29,0.415
-4.1598e-02,0.3,0.12
-4.1597e-02,0.175,0.38
-4.1595e-02,0.19,0.115
-4.1594e-02,0.245,0.385
-4.1592e-02,0.28,0.105
-4.1590e-02,0.34,0.4
-4.1589e-02,0.205,0.105
-4.1587e-02,0.29,0.4
-4.1586e-02,0.315,0.115
-4.1584e-02,0.29,0.395
-4.1582e-02,0.3,0.105
-4.1581e-02,0.215,0.4
-4.1579e-02,0.245,0.065
-4.1578e-02,0.205,0.44
-4.1576e-02,0.29,0.105
-4.1574e-02,0.17,0.405
-4.1573e-02,0.275,0.12
-4.1571e-02,0.225,0.4
-4.1570e-02,0.225,0.105
-4.1568e-02,0.21,0.405
-4.1566e-02,0.275,0.08
-4.1565e-02,0.22,0.435
-4.1563e-02,0.29,0.12
-4.1562e-02,0.255,0.395
-4.1560e-02,0.27,0.105
-4.1558e-02,0.31,0.41
-4.1557e-02,0.26,0.105
-4.1555e-02,0.33,0.415
-4.1554e-02,0.3,0.095
-4.1552e-02,0.255,0.42
-4.1550e-02,0.265,0.125
-4.1549e-02,0.315,0.39
-4.1547e-02,0.305,0.115
-4.1546e-02,0.28,0.395
-4.1544e-02,0.235,0.13
-4.1542e-02,0.2,0.385
-4.1541e-02,0.295,0.105
-4.1539e-02,0.3,0.415
-4.1538e-02,0.27,0.1
-4.1536e-02,0.16,0.42
-4.1534e-02,0.195,0.12
-4.1533e-02,0.32,0.395
-4.1531e-02,0.33,0.105
-4.1530e-02,0.265,0.405
-4.1528e-02,0.27,0.115
-4.1526e-02,0.27,0.41
-4.1525e-02,0.31,0.1
-4.1523e-02,0.395,0.415
-4.1522e-02,0.24,0.09
-4.1520e-02,0.24,0.42
-4.1518e-02,0.28,0.075
-4.1517e-02,0.285,0.435
-4.1515e-02,0.285,0.11
-4.1514e-02,0.25,0.405
-4.1512e-02,0.195,0.135
-4.1510e-02,0.235,0.385
-4.1509e-02,0.305,0.115
-4.1507e-02,0.26,0.4
-4.1506e-02,0.255,0.1
-4.1504e-02,0.29,0.415
-4.1502e-02,0.325,0.09
-4.1501e-02,0.305,0.42
-4.1499e-02,0.355,0.1
-4.1498e-02,0.215,0.405
-4.1496e-02,0.285,0.1
-4.1494e-02,0.285,0.415
-4.1493e-02,0.28,0.11
-4.1491e-02,0.205,0.405
-4.1490e-02,0.225,0.105
-4.1488e-02,0.245,0.41
-4.1486e-02,0.25,0.13
-4.1485e-02,0.305,0.385
-4.1483e-02,0.25,0.105
-4.1482e-02,0.285,0.41
-4.1480e-02,0.265,0.105
-4.1478e-02,0.365,0.4
-4.1477e-02,0.29,0.12
-4.1475e-02,0.245,0.395
-4.1474e-02,0.32,0.09
-4.1472e-02,0.245,0.415
-4.1470e-02,0.25,0.09
-4.1469e-02,0.195,0.415
-4.1467e-02,0.25,0.095
-4.1466e-02,0.24,0.415
-4.1464e-02,0.27,0.1
-4.1462e-02,0.19,0.4
-4.1461e-02,0.145,0.11
-4.1459e-02,0.305,0.4
-4.1458e-02,0.235,0.1
-4.1456e-02,0.275,0.405
-4.1454e-02,0.265,0.105
-4.1453e-02,0.24,0.4
-4.1451e-02,0.345,0.075
-4.1450e-02,0.31,0.43
-4.1448e-02,0.26,0.09
-4.1446e-02,0.265,0.42
-4.1445e-02,0.31,0.095
-4.1443e-02,0.285,0.415
-4.1442e-02,0.285,0.105
-4.1440e-02,0.29,0.41
-4.1438e-02,0.19,0.085
-4.1437e-02,0.22,0.425
-4.1435e-02,0.255,0.115
-4.1434e-02,0.325,0.395
-4.1432e-02,0.195,0.135
-4.1430e-02,0.22,0.385
-4.1429e-02,0.175,0.12
-4.1427e-02,0.285,0.395
-4.1426e-02,0.335,0.13
-4.1424e-02,0.215,0.385
-4.1422e-02,0.23,0.13
-4.1421e-02,0.265,0.385
-4.1419e-02,0.315,0.12
-4.1418e-02,0.315,0.4
-4.1416e-02,0.275,0.115
-4.1414e-02,0.29,0.4
-4.1413e-02,0.295,0.095
-4.1411e-02,0.355,0.42
-4.1410e-02,0.295,0.115
-4.1408e-02,0.275,0.4
-4.1406e-02,0.315,0.095
-4.1405e-02,0.25,0.42
-4.1403e-02,0.3,0.115
-4.1402e-02,0.235,0.405
-4.1400e-02,0.225,0.115
-4.1398e-02,0.265,0.405
-4.1397e-02,0.24,0.12
-4.1395e-02,0.19,0.395
-4.1394e-02,0.275,0.11
-4.1392e-02,0.25,0.405
-4.1390e-02,0.25,0.09
-4.1389e-02,0.305,0.425
-4.1387e-02,0.23,0.13
-4.1386e-02,0.32,0.39
-4.1384e-02,0.32,0.12
-4.1382e-02,0.225,0.395
-4.1381e-02,0.31,0.1
-4.1379e-02,0.235,0.425
-4.1378e-02,0.24,0.135
-4.1376e-02,0.24,0.385
-4.1374e-02,0.35,0.1
-4.1373e-02,0.295,0.415
-4.1371e-02,0.245,0.1
-4.1370e-02,0.28,0.415
-4.1368e-02,0.365,0.12
-4.1366e-02,0.34,0.4
-4.1365e-02,0.22,0.12
-4.1363e-02,0.22,0.39
-4.1362e-02,0.215,0.125
-4.1360e-02,0.29,0.395
-4.1358e-02,0.28,0.11
-4.1357e-02,0.145,0.415
-4.1355e-02,0.195,0.115
-4.1354e-02,0.34,0.405
-4.1352e-02,0.275,0.115
-4.1350e-02,0.265,0.4
-4.1349e-02,0.275,0.075
-4.1347e-02,0.26,0.445
-4.1346e-02,0.345,0.09
-4.1344e-02,0.27,0.43
-4.1342e-02,0.305,0.1
-4.1341e-02,0.195,0.41
-4.1339e-02,0.275,0.115
-4.1338e-02,0.22,0.405
-4.1336e-02,0.28,0.12
-4.1334e-02,0.285,0.4
-4.1333e-02,0.27,0.12
-4.1331e-02,0.305,0.4
-4.1330e-02,0.215,0.115
-4.1328e-02,0.325,0.405
-4.1326e-02,0.29,0.115
-4.1325e-02,0.26,0.4
-4.1323e-02,0.26,0.125
-4.1322e-02,0.265,0.4
-4.1320e-02,0.215,0.09
-4.1318e-02,0.2,0.42
-4.1317e-02,0.22,0.115
-4.1315e-02,0.29,0.405
-4.1314e-02,0.265,0.085
-4.1312e-02,0.205,0.435
-4.1310e-02,0.21,0.12
-4.1309e-02,0.375,0.4
-4.1307e-02,0.275,0.115
-4.1306e-02,0.245,0.4
-4.1304e-02,0.285,0.11
-4.1302e-02,0.225,0.405
-4.1301e-02,0.325,0.125
-4.1299e-02,0.27,0.395
-4.1298e-02,0.23,0.095
-4.1296e-02,0.165,0.425
-4.1294e-02,0.315,0.125
-4.1293e-02,0.245,0.395
-4.1291e-02,0.29,0.135
-4.1290e-02,0.185,0.38
-4.1288e-02,0.345,0.095
-4.1286e-02,0.285,0.43
-4.1285e-02,0.325,0.085
-4.1283e-02,0.26,0.425
-4.1282e-02,0.315,0.11
-4.1280e-02,0.225,0.405
-4.1278e-02,0.285,0.12
-4.1277e-02,0.245,0.405
-4.1275e-02,0.28,0.09
-4.1274e-02,0.31,0.425
-4.1272e-02,0.255,0.095
-4.1270e-02,0.34,0.42
-4.1269e-02,0.235,0.125
-4.1267e-02,0.27,0.395
-4.1266e-02,0.28,0.14
-4.1264e-02,0.225,0.38
-4.1262e-02,0.22,0.11
-4.1261e-02,0.22,0.415
-4.1259e-02,0.255,0.13
-4.1258e-02,0.325,0.395
-4.1256e-02,0.23,0.09
-4.1254e-02,0.355,0.425
-4.1253e-02,0.23,0.115
-4.1251e-02,0.27,0.405
-4.1250e-02,0.355,0.12
-4.1248e-02,0.2,0.41
-4.1246e-02,0.205,0.12
-4.1245e-02,0.165,0.395
-4.1243e-02,0.37,0.095
-4.1242e-02,0.23,0.415
-4.1240e-02,0.22,0.12
-4.1238e-02,0.2,0.405
-4.1237e-02,0.335,0.125
-4.1235e-02,0.35,0.39
-4.1234e-02,0.245,0.13
-4.1232e-02,0.285,0.395
-4.1230e-02,0.215,0.13
-4.1229e-02,0.29,0.395
-4.1227e-02,0.275,0.125
-4.1226e-02,0.21,0.405
-4.1224e-02,0.235,0.115
-4.1222e-02,0.17,0.405
-4.1221e-02,0.29,0.115
-4.1219e-02,0.265,0.405
-4.1218e-02,0.21,0.13
-4.1216e-02,0.23,0.4
-4.1214e-02,0.29,0.125
-4.1213e-02,0.275,0.39
-4.1211e-02,0.285,0.125
-4.1210e-02,0.255,0.4
-4.1208e-02,0.3,0.105
-4.1206e-02,0.34,0.41
-4.1205e-02,0.25,0.125
-4.1203e-02,0.27,0.4
-4.1202e-02,0.35,0.115
-4.1200e-02,0.285,0.41
-4.1198e-02,0.285,0.115
-4.1197e-02,0.29,0.41
-4.1195e-02,0.21,0.1
-4.1194e-02,0.245,0.41
-4.1192e-02,0.25,0.125
-4.1190e-02,0.26,0.4
-4.1189e-02,0.21,0.105
-4.1187e-02,0.21,0.415
-4.1186e-02,0.255,0.125
-4.1184e-02,0.32,0.4
-4.1182e-02,0.255,0.13
-4.1181e-02,0.245,0.4
-4.1179e-02,0.26,0.125
-4.1178e-02,0.265,0.4
-4.1176e-02,0.315,0.11
-4.1174e-02,0.25,0.42
-4.1173e-02,0.155,0.125
-4.1171e-02,0.15,0.4
-4.1170e-02,0.24,0.12
-4.1168e-02,0.325,0.405
-4.1166e-02,0.25,0.1
-4.1165e-02,0.23,0.43
-4.1163e-02,0.25,0.12
-4.1162e-02,0.255,0.4
-4.1160e-02,0.285,0.09
-4.1158e-02,0.22,0.43
-4.1157e-02,0.235,0.135
-4.1155e-02,0.255,0.395
-4.1154e-02,0.225,0.11
-4.1152e-02,0.29,0.41
-4.1150e-02,0.285,0.11
-4.1149e-02,0.365,0.415
-4.1147e-02,0.205,0.115
-4.1146e-02,0.31,0.41
-4.1144e-02,0.21,0.07
-4.1142e-02,0.195,0.46
-4.1141e-02,0.265,0.1
-4.1139e-02,0.255,0.43
-4.1138e-02,0.245,0.11
-4.1136e-02,0.225,0.41
-4.1134e-02,0.29,0.115
-4.1133e-02,0.31,0.41
-4.1131e-02,0.265,0.135
-4.1130e-02,0.32,0.39
-4.1128e-02,0.17,0.13
-4.1126e-02,0.32,0.4
-4.1125e-02,0.25,0.12
-4.1123e-02,0.335,0.41
-4.1122e-02,0.24,0.105
-4.1120e-02,0.175,0.415
-4.1118e-02,0.22,0.1
-4.1117e-02,0.31,0.415
-4.1115e-02,0.3,0.13
-4.1114e-02,0.235,0.395
-4.1112e-02,0.295,0.1
-4.1110e-02,0.285,0.425
-4.1109e-02,0.315,0.125
-4.1107e-02,0.33,0.4
-4.1106e-02,0.25,0.12
-4.1104e-02,0.29,0.405
-4.1102e-02,0.265,0.12
-4.1101e-02,0.335,0.41
-4.1099e-02,0.29,0.125
-4.1098e-02,0.22,0.4
-4.1096e-02,0.3,0.13
-4.1094e-02,0.235,0.395
-4.1093e-02,0.275,0.125
-4.1091e-02,0.23,0.4
-4.1090e-02,0.325,0.12
-4.1088e-02,0.175,0.4
-4.1086e-02,0.25,0.12
-4.1085e-02,0.245,0.405
-4.1083e-02,0.215,0.1
-4.1082e-02,0.26,0.425
-4.1080e-02,0.265,0.095
-4.1078e-02,0.31,0.435
-4.1077e-02,0.24,0.12
-4.1075e-02,0.275,0.41
-4.1074e-02,0.27,0.105
-4.1072e-02,0.34,0.415
-4.1070e-02,0.255,0.105
-4.1069e-02,0.28,0.41
-4.1067e-02,0.145,0.12
-4.1066e-02,0.235,0.405
-4.1064e-02,0.25,0.13
-4.1062e-02,0.27,0.395
-4.1061e-02,0.225,0.115
-4.1059e-02,0.295,0.41
-4.1058e-02,0.35,0.115
-4.1056e-02,0.265,0.41
-4.1054e-02,0.195,0.135
-4.1053e-02,0.17,0.39
-4.1051e-02,0.275,0.12
-4.1050e-02,0.275,0.405
-4.1048e-02,0.285,0.09
-4.1046e-02,0.255,0.425
-4.1045e-02,0.34,0.13
-4.1043e-02,0.24,0.4
-4.1042e-02,0.35,0.125
-4.1040e-02,0.16,0.405
-4.1038e-02,0.21,0.115
-4.1037e-02,0.325,0.41
-4.1035e-02,0.295,0.12
-4.1034e-02,0.255,0.4
-4.1032e-02,0.265,0.115
-4.1030e-02,0.285,0.415
-4.1029e-02,0.285,0.135
-4.1027e-02,0.26,0.395
-4.1026e-02,0.265,0.13
-4.1024e-02,0.265,0.4
-4.1022e-02,0.285,0.115
-4.1021e-02,0.23,0.41
-4.1019e-02,0.265,0.12
-4.1018e-02,0.16,0.405
-4.1016e-02,0.185,0.08
-4.1014e-02,0.245,0.45
-4.1013e-02,0.27,0.11
-4.1011e-02,0.28,0.42
-4.1010e-02,0.285,0.1
-4.1008e-02,0.28,0.43
-4.1006e-02,0.23,0.135
-4.1005e-02,0.31,0.395
-4.1003e-02,0.24,0.13
-4.1002e-02,0.2,0.4
-4.1000e-02,0.3,0.105
-4.0998e-02,0.265,0.42
-4.0997e-02,0.29,0.11
-4.0995e-02,0.21,0.42
-4.0994e-02,0.23,0.1
-4.0992e-02,0.2,0.43
-4.0990e-02,0.305,0.125
-4.0989e-02,0.165,0.405
-4.0987e-02,0.225,0.125
-4.0986e-02,0.21,0.41
-4.0984e-02,0.295,0.135
-4.0982e-02,0.24,0.4
-4.0981e-02,0.28,0.09
-4.0979e-02,0.275,0.43
-4.0978e-02,0.33,0.115
-4.0976e-02,0.36,0.42
-4.0974e-02,0.28,0.085
-4.0973e-02,0.295,0.44
-4.0971e-02,0.205,0.09
-4.0970e-02,0.235,0.44
-4.0968e-02,0.18,0.115
-4.0966e-02,0.225,0.415
-4.0965e-02,0.195,0.11
-4.0963e-02,0.255,0.42
-4.0962e-02,0.28,0.12
-4.0960e-02,0.33,0.415
-4.0958e-02,0.325,0.11
-4.0957e-02,0.23,0.425
-4.0955e-02,0.245,0.115
-4.0954e-02,0.18,0.415
-4.0952e-02,0.325,0.14
-4.0950e-02,0.265,0.4
-4.0949e-02,0.27,0.125
-4.0947e-02,0.2,0.41
-4.0946e-02,0.355,0.115
-4.0944e-02,0.255,0.415
-4.0942e-02,0.29,0.125
-4.0941e-02,0.305,0.41
-4.0939e-02,0.235,0.14
-4.0938e-02,0.295,0.395
-4.0936e-02,0.2,0.11
-4.0934e-02,0.26,0.415
-4.0933e-02,0.23,0.105
-4.0931e-02,0.27,0.425
-4.0930e-02,0.255,0.105
-4.0928e-02,0.225,0.43
-4.0926e-02,0.34,0.1
-4.0925e-02,0.265,0.425
-4.0923e-02,0.325,0.13
-4.0922e-02,0.275,0.4
-4.0920e-02,0.2,0.09
-4.0918e-02,0.28,0.435
-4.0917e-02,0.28,0.115
-4.0915e-02,0.28,0.42
-4.0914e-02,0.265,0.1
-4.0912e-02,0.21,0.425
-4.0910e-02,0.22,0.125
-4.0909e-02,0.26,0.405
-4.0907e-02,0.325,0.09
-4.0906e-02,0.29,0.445
-4.0904e-02,0.325,0.12
-4.0902e-02,0.275,0.415
-4.0901e-02,0.255,0.105
-4.0899e-02,0.275,0.425
-4.0898e-02,0.21,0.12
-4.0896e-02,0.155,0.415
-4.0894e-02,0.2,0.13
-4.0893e-02,0.295,0.4
-4.0891e-02,0.235,0.13
-4.0890e-02,0.275,0.4
-4.0888e-02,0.285,0.12
-4.0886e-02,0.31,0.42
-4.0885e-02,0.28,0.1
-4.0883e-02,0.28,0.425
-4.0882e-02,0.19,0.12
-4.0880e-02,0.305,0.41
-4.0878e-02,0.315,0.105
-4.0877e-02,0.26,0.42
-4.0875e-02,0.195,0.135
-4.0874e-02,0.245,0.4
-4.0872e-02,0.25,0.14
-4.0870e-02,0.24,0.39
-4.0869e-02,0.305,0.125
-4.0867e-02,0.235,0.41
-4.0866e-02,0.36,0.125
-4.0864e-02,0.27,0.41
-4.0862e-02,0.29,0.125
-4.0861e-02,0.15,0.41
-4.0859e-02,0.31,0.105
-4.0858e-02,0.27,0.415
-4.0856e-02,0.345,0.12
-4.0854e-02,0.31,0.41
-4.0853e-02,0.295,0.115
-4.0851e-02,0.215,0.415
-4.0850e-02,0.215,0.11
-4.0848e-02,0.31,0.42
-4.0846e-02,0.16,0.095
-4.0845e-02,0.25,0.43
-4.0843e-02,0.22,0.125
-4.0842e-02,0.24,0.4
-4.0840e-02,0.3,0.13
-4.0838e-02,0.295,0.405
-4.0837e-02,0.295,0.1
-4.0835e-02,0.29,0.43
-4.0834e-02,0.29,0.125
-4.0832e-02,0.245,0.405
-4.0830e-02,0.21,0.135
-4.0829e-02,0.25,0.395
-4.0827e-02,0.295,0.13
-4.0826e-02,0.21,0.405
-4.0824e-02,0.24,0.14
-4.0822e-02,0.24,0.4
-4.0821e-02,0.305,0.125
-4.0819e-02,0.275,0.41
-4.0818e-02,0.33,0.135
-4.0816e-02,0.125,0.4
-4.0814e-02,0.28,0.125
-4.0813e-02,0.23,0.405
-4.0811e-02,0.29,0.125
-4.0810e-02,0.235,0.415
-4.0808e-02,0.3,0.115
-4.0806e-02,0.235,0.42
-4.0805e-02,0.305,0.12
-4.0803e-02,0.28,0.42
-4.0802e-02,0.35,0.135
-4.0800e-02,0.25,0.41
-4.0798e-02,0.305,0.14
-4.0797e-02,0.285,0.4
-4.0795e-02,0.2,0.13
-4.0794e-02,0.29,0.41
-4.0792e-02,0.21,0.12
-4.0790e-02,0.255,0.425
-4.0789e-02,0.3,0.11
-4.0787e-02,0.365,0.43
-4.0786e-02,0.275,0.12
-4.0784e-02,0.25,0.42
-4.0782e-02,0.325,0.135
-4.0781e-02,0.33,0.41
-4.0779e-02,0.33,0.14
-4.0778e-02,0.205,0.4
-4.0776e-02,0.25,0.115
-4.0774e-02,0.3,0.425
-4.0773e-02,0.305,0.115
-4.0771e-02,0.28,0.42
-4.0770e-02,0.22,0.13
-4.0768e-02,0.285,0.41
-4.0766e-02,0.325,0.135
-4.0765e-02,0.325,0.405
-4.0763e-02,0.29,0.135
-4.0762e-02,0.275,0.405
-4.0760e-02,0.225,0.105
-4.0758e-02,0.27,0.43
-4.0757e-02,0.28,0.14
-4.0755e-02,0.255,0.405
-4.0754e-02,0.25,0.14
-4.0752e-02,0.3,0.405
-4.0750e-02,0.285,0.13
-4.0749e-02,0.295,0.41
-4.0747e-02,0.33,0.09
-4.0746e-02,0.22,0.44
-4.0744e-02,0.225,0.135
-4.0742e-02,0.23,0.405
-4.0741e-02,0.29,0.13
-4.0739e-02,0.225,0.41
-4.0738e-02,0.285,0.115
-4.0736e-02,0.31,0.42
-4.0734e-02,0.32,0.115
-4.0733e-02,0.27,0.41
-4.0731e-02,0.265,0.1
-4.0730e-02,0.275,0.43
-4.0728e-02,0.36,0.125
-4.0726e-02,0.305,0.41
-4.0725e-02,0.265,0.13
-4.0723e-02,0.18,0.41
-4.0722e-02,0.275,0.125
-4.0720e-02,0.31,0.415
-4.0718e-02,0.29,0.08
-4.0717e-02,0.29,0.455
-4.0715e-02,0.31,0.11
-4.0714e-02,0.29,0.42
-4.0712e-02,0.29,0.125
-4.0710e-02,0.28,0.415
-4.0709e-02,0.245,0.12
-4.0707e-02,0.26,0.42
-4.0706e-02,0.345,0.13
-4.0704e-02,0.27,0.42
-4.0702e-02,0.305,0.1
-4.0701e-02,0.26,0.42
-4.0699e-02,0.28,0.085
-4.0698e-02,0.28,0.45
-4.0696e-02,0.305,0.11
-4.0694e-02,0.32,0.425
-4.0693e-02,0.19,0.135
-4.0691e-02,0.22,0.405
-4.0690e-02,0.275,0.13
-4.0688e-02,0.285,0.4
-4.0686e-02,0.29,0.11
-4.0685e-02,0.27,0.425
-4.0683e-02,0.295,0.135
-4.0682e-02,0.305,0.405
-4.0680e-02,0.29,0.13
-4.0678e-02,0.23,0.41
-4.0677e-02,0.17,0.125
-4.0675e-02,0.26,0.415
-4.0674e-02,0.295,0.11
-4.0672e-02,0.285,0.435
-4.0670e-02,0.215,0.13
-4.0669e-02,0.305,0.41
-4.0667e-02,0.315,0.13
-4.0666e-02,0.26,0.41
-4.0664e-02,0.225,0.125
-4.0662e-02,0.305,0.42
-4.0661e-02,0.195,0.11
-4.0659e-02,0.23,0.43
-4.0658e-02,0.245,0.095
-4.0656e-02,0.27,0.45
-4.0654e-02,0.295,0.115
-4.0653e-02,0.25,0.425
-4.0651e-02,0.315,0.145
-4.0650e-02,0.225,0.4
-4.0648e-02,0.255,0.12
-4.0646e-02,0.185,0.415
-4.0645e-02,0.36,0.135
-4.0643e-02,0.32,0.41
-4.0642e-02,0.355,0.14
-4.0640e-02,0.265,0.41
-4.0638e-02,0.28,0.13
-4.0637e-02,0.21,0.415
-4.0635e-02,0.28,0.145
-4.0634e-02,0.27,0.4
-4.0632e-02,0.28,0.12
-4.0630e-02,0.305,0.425
-4.0629e-02,0.285,0.125
-4.0627e-02,0.415,0.415
-4.0626e-02,0.285,0.08
-4.0624e-02,0.255,0.45
-4.0622e-02,0.225,0.11
-4.0621e-02,0.265,0.425
-4.0619e-02,0.205,0.135
-4.0618e-02,0.25,0.41
-4.0616e-02,0.2,0.14
-4.0614e-02,0.31,0.4
-4.0613e-02,0.29,0.13
-4.0611e-02,0.295,0.415
-4.0610e-02,0.255,0.135
-4.0608e-02,0.255,0.41
-4.0606e-02,0.28,0.125
-4.0605e-02,0.275,0.415
-4.0603e-02,0.29,0.115
-4.0602e-02,0.23,0.42
-4.0600e-02,0.22,0.12
-4.0598e-02,0.29,0.425
-4.0597e-02,0.3,0.105
-4.0595e-02,0.295,0.425
-4.0594e-02,0.245,0.135
-4.0592e-02,0.3,0.41
-4.0590e-02,0.25,0.095
-4.0589e-02,0.34,0.445
-4.0587e-02,0.22,0.075
-4.0586e-02,0.275,0.475
-4.0584e-02,0.17,0.105
-4.0582e-02,0.345,0.43
-4.0581e-02,0.345,0.12
-4.0579e-02,0.275,0.42
-4.0578e-02,0.19,0.115
-4.0576e-02,0.25,0.42
-4.0574e-02,0.235,0.12
-4.0573e-02,0.29,0.42
-4.0571e-02,0.31,0.125
-4.0570e-02,0.285,0.41
-4.0568e-02,0.31,0.12
-4.0566e-02,0.265,0.42
-4.0565e-02,0.31,0.12
-4.0563e-02,0.32,0.42
-4.0562e-02,0.19,0.105
-4.0560e-02,0.225,0.445
-4.0558e-02,0.29,0.125
-4.0557e-02,0.29,0.415
-4.0555e-02,0.235,0.14
-4.0554e-02,0.24,0.405
-4.0552e-02,0.185,0.14
-4.0550e-02,0.275,0.4
-4.0549e-02,0.235,0.135
-4.0547e-02,0.285,0.41
-4.0546e-02,0.225,0.12
-4.0544e-02,0.36,0.42
-4.0542e-02,0.285,0.13
-4.0541e-02,0.27,0.41
-4.0539e-02,0.22,0.14
-4.0538e-02,0.215,0.405
-4.0536e-02,0.285,0.13
-4.0534e-02,0.26,0.415
-4.0533e-02,0.265,0.14
-4.0531e-02,0.255,0.405
-4.0530e-02,0.195,0.11
-4.0528e-02,0.22,0.43
-4.0526e-02,0.27,0.12
-4.0525e-02,0.17,0.425
-4.0523e-02,0.255,0.13
-4.0522e-02,0.24,0.42
-4.0520e-02,0.295,0.145
-4.0518e-02,0.28,0.4
-4.0517e-02,0.37,0.13
-4.0515e-02,0.3,0.415
-4.0514e-02,0.28,0.135
-4.0512e-02,0.315,0.415
-4.0510e-02,0.335,0.12
-4.0509e-02,0.29,0.435
-4.0507e-02,0.21,0.095
-4.0506e-02,0.24,0.46
-4.0504e-02,0.23,0.135
-4.0502e-02,0.325,0.415
-4.0501e-02,0.19,0.14
-4.0499e-02,0.295,0.41
-4.0498e-02,0.31,0.115
-4.0496e-02,0.345,0.43
-4.0494e-02,0.24,0.135
-4.0493e-02,0.265,0.415
-4.0491e-02,0.22,0.115
-4.0490e-02,0.235,0.435
-4.0488e-02,0.29,0.145
-4.0486e-02,0.36,0.405
-4.0485e-02,0.3,0.13
-4.0483e-02,0.3,0.42
-4.0482e-02,0.245,0.105
-4.0480e-02,0.245,0.445
-4.0478e-02,0.23,0.105
-4.0477e-02,0.215,0.435
-4.0475e-02,0.275,0.105
-4.0474e-02,0.275,0.44
-4.0472e-02,0.36,0.135
-4.0470e-02,0.26,0.41
-4.0469e-02,0.32,0.14
-4.0467e-02,0.195,0.41
-4.0466e-02,0.21,0.115
-4.0464e-02,0.345,0.44
-4.0462e-02,0.325,0.11
-4.0461e-02,0.25,0.435
-4.0459e-02,0.225,0.11
-4.0458e-02,0.305,0.435
-4.0456e-02,0.225,0.12
-4.0454e-02,0.34,0.425
-4.0453e-02,0.195,0.12
-4.0451e-02,0.285,0.43
-4.0450e-02,0.245,0.12
-4.0448e-02,0.275,0.425
-4.0446e-02,0.205,0.12
-4.0445e-02,0.31,0.435
-4.0443e-02,0.27,0.115
-4.0442e-02,0.28,0.435
-4.0440e-02,0.295,0.11
-4.0438e-02,0.185,0.44
-4.0437e-02,0.235,0.13
-4.0435e-02,0.215,0.42
-4.0434e-02,0.28,0.11
-4.0432e-02,0.365,0.44
-4.0430e-02,0.235,0.13
-4.0429e-02,0.325,0.415
-4.0427e-02,0.205,0.13
-4.0426e-02,0.25,0.415
-4.0424e-02,0.355,0.14
-4.0422e-02,0.215,0.405
-4.0421e-02,0.25,0.115
-4.0419e-02,0.23,0.425
-4.0418e-02,0.19,0.12
-4.0416e-02,0.31,0.42
-4.0414e-02,0.28,0.115
-4.0413e-02,0.255,0.43
-4.0411e-02,0.255,0.095
-4.0410e-02,0.385,0.44
-4.0408e-02,0.2,0.1
-4.0406e-02,0.305,0.445
-4.0405e-02,0.32,0.1
-4.0403e-02,0.235,0.445
-4.0402e-02,0.24,0.095
-4.0400e-02,0.245,0.45
-4.0398e-02,0.205,0.09
-4.0397e-02,0.25,0.45
-4.0395e-02,0.29,0.12
-4.0394e-02,0.195,0.425
-4.0392e-02,0.34,0.13
-4.0390e-02,0.325,0.42
-4.0389e-02,0.345,0.125
-4.0387e-02,0.27,0.43
-4.0386e-02,0.26,0.12
-4.0384e-02,0.22,0.425
-4.0382e-02,0.22,0.14
-4.0381e-02,0.28,0.41
-4.0379e-02,0.28,0.1
-4.0378e-02,0.295,0.45
-4.0376e-02,0.315,0.135
-4.0374e-02,0.205,0.41
-4.0373e-02,0.265,0.105
-4.0371e-02,0.315,0.44
-4.0370e-02,0.255,0.125
-4.0368e-02,0.185,0.42
-4.0366e-02,0.295,0.13
-4.0365e-02,0.25,0.415
-4.0363e-02,0.4,0.13
-4.0362e-02,0.275,0.42
-4.0360e-02,0.305,0.12
-4.0358e-02,0.185,0.43
-4.0357e-02,0.32,0.115
-4.0355e-02,0.275,0.435
-4.0354e-02,0.23,0.1
-4.0352e-02,0.24,0.44
-4.0350e-02,0.33,0.125
-4.0349e-02,0.285,0.43
-4.0347e-02,0.325,0.14
-4.0346e-02,0.33,0.41
-4.0344e-02,0.25,0.13
-4.0342e-02,0.3,0.42
-4.0341e-02,0.275,0.13
-4.0339e-02,0.225,0.425
-4.0338e-02,0.185,0.14
-4.0336e-02,0.365,0.415
-4.0334e-02,0.245,0.13
-4.0333e-02,0.375,0.415
-4.0331e-02,0.315,0.13
-4.0330e-02,0.205,0.425
-4.0328e-02,0.24,0.15
-4.0326e-02,0.215,0.405
-4.0325e-02,0.32,0.14
-4.0323e-02,0.265,0.41
-4.0322e-02,0.245,0.14
-4.0320e-02,0.325,0.41
-4.0318e-02,0.23,0.115
-4.0317e-02,0.315,0.43
-4.0315e-02,0.295,0.125
-4.0314e-02,0.225,0.425
-4.0312e-02,0.245,0.125
-4.0310e-02,0.33,0.425
-4.0309e-02,0.21,0.12
-4.0307e-02,0.14,0.435
-4.0306e-02,0.245,0.14
-4.0304e-02,0.22,0.42
-4.0302e-02,0.32,0.135
-4.0301e-02,0.285,0.41
-4.0299e-02,0.315,0.13
-4.0298e-02,0.245,0.42
-4.0296e-02,0.285,0.145
-4.0294e-02,0.33,0.415
-4.0293e-02,0.25,0.13
-4.0291e-02,0.265,0.42
-4.0290e-02,0.26,0.12
-4.0288e-02,0.24,0.43
-4.0286e-02,0.345,0.13
-4.0285e-02,0.29,0.42
-4.0283e-02,0.255,0.115
-4.0282e-02,0.24,0.44
-4.0280e-02,0.31,0.135
-4.0278e-02,0.285,0.42
-4.0277e-02,0.265,0.13
-4.0275e-02,0.245,0.415
-4.0274e-02,0.3,0.13
-4.0272e-02,0.235,0.425
-4.0270e-02,0.275,0.145
-4.0269e-02,0.235,0.41
-4.0267e-02,0.245,0.105
-4.0266e-02,0.285,0.44
-4.0264e-02,0.32,0.135
-4.0262e-02,0.28,0.42
-4.0261e-02,0.28,0.12
-4.0259e-02,0.205,0.435
-4.0258e-02,0.155,0.13
-4.0256e-02,0.295,0.425
-4.0254e-02,0.31,0.115
-4.0253e-02,0.305,0.44
-4.0251e-02,0.26,0.125
-4.0250e-02,0.255,0.425
-4.0248e-02,0.24,0.095
-4.0246e-02,0.27,0.45
-4.0245e-02,0.26,0.115
-4.0243e-02,0.215,0.435
-4.0242e-02,0.27,0.12
-4.0240e-02,0.29,0.44
-4.0238e-02,0.345,0.095
-4.0237e-02,0.22,0.455
-4.0235e-02,0.275,0.13
-4.0234e-02,0.24,0.425
-4.0232e-02,0.325,0.135
-4.0230e-02,0.225,0.415
-4.0229e-02,0.29,0.1
-4.0227e-02,0.215,0.455
-4.0226e-02,0.325,0.14
-4.0224e-02,0.355,0.415
-4.0222e-02,0.31,0.125
-4.0221e-02,0.245,0.43
-4.0219e-02,0.225,0.105
-4.0218e-02,0.205,0.445
-4.0216e-02,0.225,0.11
-4.0214e-02,0.31,0.455
-4.0213e-02,0.265,0.12
-4.0211e-02,0.22,0.435
-4.0210e-02,0.265,0.14
-4.0208e-02,0.29,0.415
-4.0206e-02,0.335,0.14
-4.0205e-02,0.38,0.42
-4.0203e-02,0.295,0.125
-4.0202e-02,0.23,0.425
-4.0200e-02,0.285,0.13
-4.0198e-02,0.255,0.425
-4.0197e-02,0.265,0.13
-4.0195e-02,0.215,0.43
-4.0194e-02,0.32,0.11
-4.0192e-02,0.285,0.45
-4.0190e-02,0.215,0.125
-4.0189e-02,0.305,0.43
-4.0187e-02,0.315,0.115
-4.0186e-02,0.325,0.44
-4.0184e-02,0.325,0.11
-4.0182e-02,0.255,0.44
-4.0181e-02,0.215,0.13
-4.0179e-02,0.325,0.425
-4.0178e-02,0.155,0.14
-4.0176e-02,0.34,0.42
-4.0174e-02,0.27,0.135
-4.0173e-02,0.27,0.42
-4.0171e-02,0.255,0.125
-4.0170e-02,0.325,0.425
-4.0168e-02,0.285,0.14
-4.0166e-02,0.27,0.41
-4.0165e-02,0.215,0.15
-4.0163e-02,0.24,0.405
-4.0162e-02,0.22,0.135
-4.0160e-02,0.325,0.42
-4.0158e-02,0.31,0.13
-4.0157e-02,0.24,0.425
-4.0155e-02,0.26,0.125
-4.0154e-02,0.355,0.42
-4.0152e-02,0.345,0.145
-4.0150e-02,0.265,0.41
-4.0149e-02,0.285,0.095
-4.0147e-02,0.225,0.46
-4.0146e-02,0.27,0.14
-4.0144e-02,0.305,0.415
-4.0142e-02,0.205,0.14
-4.0141e-02,0.24,0.41
-4.0139e-02,0.24,0.155
-4.0138e-02,0.255,0.405
-4.0136e-02,0.225,0.13
-4.0134e-02,0.285,0.425
-4.0133e-02,0.295,0.14
-4.0131e-02,0.18,0.42
-4.0130e-02,0.365,0.12
-4.0128e-02,0.33,0.43
-4.0126e-02,0.325,0.145
-4.0125e-02,0.26,0.415
-4.0123e-02,0.31,0.125
-4.0122e-02,0.265,0.43
-4.0120e-02,0.31,0.145
-4.0118e-02,0.28,0.415
-4.0117e-02,0.23,0.135
-4.0115e-02,0.19,0.42
-4.0114e-02,0.335,0.135
-4.0112e-02,0.33,0.425
-4.0110e-02,0.27,0.125
-4.0109e-02,0.365,0.425
-4.0107e-02,0.29,0.11
-4.0106e-02,0.235,0.44
-4.0104e-02,0.315,0.13
-4.0102e-02,0.31,0.425
-4.0101e-02,0.25,0.11
-4.0099e-02,0.26,0.45
-4.0098e-02,0.255,0.115
-4.0096e-02,0.28,0.44
-4.0094e-02,0.385,0.125
-4.0093e-02,0.305,0.435
-4.0091e-02,0.27,0.11
-4.0090e-02,0.295,0.445
-4.0088e-02,0.34,0.135
-4.0086e-02,0.295,0.42
-4.0085e-02,0.245,0.115
-4.0083e-02,0.195,0.445
-4.0082e-02,0.23,0.13
-4.0080e-02,0.355,0.435
-4.0078e-02,0.25,0.13
-4.0077e-02,0.305,0.435
-4.0075e-02,0.235,0.125
-4.0074e-02,0.305,0.435
-4.0072e-02,0.235,0.12
-4.0070e-02,0.29,0.445
-4.0069e-02,0.29,0.12
-4.0067e-02,0.23,0.44
-4.0066e-02,0.285,0.145
-4.0064e-02,0.315,0.415
-4.0062e-02,0.305,0.115
-4.0061e-02,0.36,0.45
-4.0059e-02,0.255,0.115
-4.0058e-02,0.255,0.445
-4.0056e-02,0.245,0.11
-4.0054e-02,0.35,0.445
-4.0053e-02,0.24,0.135
-4.0051e-02,0.29,0.43
-4.0050e-02,0.19,0.145
-4.0048e-02,0.32,0.415
-4.0046e-02,0.27,0.125
-4.0045e-02,0.285,0.435
-4.0043e-02,0.26,0.115
-4.0042e-02,0.365,0.445
-4.0040e-02,0.23,0.14
-4.0038e-02,0.35,0.425
-4.0037e-02,0.24,0.14
-4.0035e-02,0.29,0.42
-4.0034e-02,0.26,0.1
-4.0032e-02,0.25,0.455
-4.0030e-02,0.265,0.14
-4.0029e-02,0.26,0.425
-4.0027e-02,0.305,0.13
-4.0026e-02,0.255,0.43
-4.0024e-02,0.26,0.115
-4.0022e-02,0.33,0.445
-4.0021e-02,0.3,0.11
-4.0019e-02,0.32,0.45
-4.0018e-02,0.32,0.145
-4.0016e-02,0.285,0.415
-4.0014e-02,0.26,0.145
-4.0013e-02,0.25,0.415
-4.0011e-02,0.265,0.13
-4.0010e-02,0.25,0.435
-4.0008e-02,0.255,0.155
-4.0006e-02,0.235,0.41
-4.0005e-02,0.235,0.13
-4.0003e-02,0.305,0.43
-4.0002e-02,0.355,0.135
-4.0000e-02,0.285,0.43
-3.9998e-02,0.295,0.13
-3.9997e-02,0.275,0.43
-3.9995e-02,0.305,0.14
-3.9994e-02,0.285,0.43
-3.9992e-02,0.245,0.11
-3.9990e-02,0.25,0.45
-3.9989e-02,0.28,0.13
-3.9987e-02,0.305,0.43
-3.9986e-02,0.345,0.12
-3.9984e-02,0.25,0.44
-3.9982e-02,0.3,0.14
-3.9981e-02,0.325,0.425
-3.9979e-02,0.275,0.125
-3.9978e-02,0.31,0.435
-3.9976e-02,0.245,0.14
-3.9974e-02,0.215,0.425
-3.9973e-02,0.29,0.12
-3.9971e-02,0.27,0.435
-3.9970e-02,0.36,0.14
-3.9968e-02,0.325,0.42
-3.9966e-02,0.215,0.13
-3.9965e-02,0.305,0.44
-3.9963e-02,0.27,0.14
-3.9962e-02,0.33,0.42
-3.9960e-02,0.22,0.1
-3.9958e-02,0.225,0.46
-3.9957e-02,0.235,0.09
-3.9955e-02,0.355,0.465
-3.9954e-02,0.28,0.1
-3.9952e-02,0.325,0.46
-3.9950e-02,0.295,0.15
-3.9949e-02,0.295,0.405
-3.9947e-02,0.285,0.145
-3.9946e-02,0.32,0.415
-3.9944e-02,0.395,0.14
-3.9942e-02,0.28,0.42
-3.9941e-02,0.275,0.14
-3.9939e-02,0.285,0.415
-3.9938e-02,0.275,0.135
-3.9936e-02,0.38,0.43
-3.9934e-02,0.25,0.135
-3.9933e-02,0.245,0.43
-3.9931e-02,0.27,0.145
-3.9930e-02,0.275,0.415
-3.9928e-02,0.29,0.145
-3.9926e-02,0.28,0.41
-3.9925e-02,0.185,0.125
-3.9923e-02,0.31,0.435
-3.9922e-02,0.23,0.135
-3.9920e-02,0.245,0.425
-3.9918e-02,0.24,0.12
-3.9917e-02,0.28,0.44
-3.9915e-02,0.245,0.15
-3.9914e-02,0.295,0.415
-3.9912e-02,0.23,0.12
-3.9910e-02,0.375,0.445
-3.9909e-02,0.31,0.145
-3.9907e-02,0.285,0.415
-3.9906e-02,0.355,0.115
-3.9904e-02,0.315,0.44
-3.9902e-02,0.28,0.13
-3.9901e-02,0.265,0.415
-3.9899e-02,0.25,0.12
-3.9898e-02,0.285,0.445
-3.9896e-02,0.185,0.125
-3.9894e-02,0.245,0.435
-3.9893e-02,0.295,0.15
-3.9891e-02,0.24,0.415
-3.9890e-02,0.355,0.15
-3.9888e-02,0.28,0.41
-3.9886e-02,0.23,0.165
-3.9885e-02,0.255,0.405
-3.9883e-02,0.335,0.14
-3.9882e-02,0.235,0.425
-3.9880e-02,0.23,0.135
-3.9878e-02,0.275,0.43
-3.9877e-02,0.315,0.145
-3.9875e-02,0.36,0.415
-3.9874e-02,0.28,0.155
-3.9872e-02,0.285,0.415
-3.9870e-02,0.31,0.135
-3.9869e-02,0.255,0.435
-3.9867e-02,0.255,0.125
-3.9866e-02,0.255,0.445
-3.9864e-02,0.185,0.125
-3.9862e-02,0.24,0.445
-3.9861e-02,0.255,0.115
-3.9859e-02,0.31,0.455
-3.9858e-02,0.3,0.12
-3.9856e-02,0.295,0.45
-3.9854e-02,0.265,0.105
-3.9853e-02,0.345,0.46
-3.9851e-02,0.355,0.13
-3.9850e-02,0.37,0.435
-3.9848e-02,0.27,0.13
-3.9846e-02,0.275,0.43
-3.9845e-02,0.25,0.145
-3.9843e-02,0.42,0.425
-3.9842e-02,0.225,0.1
-3.9840e-02,0.3,0.455
-3.9838e-02,0.235,0.12
-3.9837e-02,0.29,0.46
-3.9835e-02,0.265,0.125
-3.9834e-02,0.365,0.44
-3.9832e-02,0.2,0.135
-3.9830e-02,0.235,0.43
-3.9829e-02,0.25,0.115
-3.9827e-02,0.265,0.445
-3.9826e-02,0.24,0.15
-3.9824e-02,0.255,0.415
-3.9822e-02,0.165,0.145
-3.9821e-02,0.29,0.415
-3.9819e-02,0.26,0.14
-3.9818e-02,0.27,0.43
-3.9816e-02,0.23,0.16
-3.9814e-02,0.19,0.415
-3.9813e-02,0.295,0.145
-3.9811e-02,0.35,0.425
-3.9810e-02,0.245,0.145
-3.9808e-02,0.275,0.425
-3.9806e-02,0.23,0.155
-3.9805e-02,0.365,0.415
-3.9803e-02,0.315,0.135
-3.9802e-02,0.37,0.43
-3.9800e-02,0.305,0.135
-3.9798e-02,0.255,0.43
-3.9797e-02,0.33,0.13
-3.9795e-02,0.25,0.44
-3.9794e-02,0.355,0.13
-3.9792e-02,0.325,0.43
-3.9790e-02,0.21,0.14
-3.9789e-02,0.28,0.43
-3.9787e-02,0.21,0.125
-3.9786e-02,0.325,0.44
-3.9784e-02,0.235,0.15
-3.9782e-02,0.215,0.42
-3.9781e-02,0.22,0.14
-3.9779e-02,0.325,0.42
-3.9778e-02,0.27,0.15
-3.9776e-02,0.35,0.42
-3.9774e-02,0.27,0.12
-3.9773e-02,0.305,0.445
-3.9771e-02,0.335,0.145
-3.9770e-02,0.315,0.42
-3.9768e-02,0.315,0.125
-3.9766e-02,0.31,0.44
-3.9765e-02,0.225,0.135
-3.9763e-02,0.315,0.435
-3.9762e-02,0.23,0.1
-3.9760e-02,0.275,0.465
-3.9758e-02,0.255,0.13
-3.9757e-02,0.28,0.43
-3.9755e-02,0.25,0.14
-3.9754e-02,0.335,0.42
-3.9752e-02,0.29,0.145
-3.9750e-02,0.315,0.425
-3.9749e-02,0.3,0.135
-3.9747e-02,0.31,0.43
-3.9746e-02,0.295,0.15
-3.9744e-02,0.27,0.42
-3.9742e-02,0.23,0.135
-3.9741e-02,0.255,0.435
-3.9739e-02,0.31,0.15
-3.9738e-02,0.245,0.41
-3.9736e-02,0.28,0.145
-3.9734e-02,0.23,0.42
-3.9733e-02,0.275,0.095
-3.9731e-02,0.365,0.47
-3.9730e-02,0.225,0.12
-3.9728e-02,0.275,0.44
-3.9726e-02,0.255,0.135
-3.9725e-02,0.295,0.43
-3.9723e-02,0.265,0.145
-3.9722e-02,0.305,0.425
-3.9720e-02,0.245,0.13
-3.9718e-02,0.375,0.44
-3.9717e-02,0.275,0.15
-3.9715e-02,0.345,0.42
-3.9714e-02,0.3,0.135
-3.9712e-02,0.25,0.435
-3.9710e-02,0.27,0.135
-3.9709e-02,0.3,0.44
-3.9707e-02,0.25,0.135
-3.9706e-02,0.27,0.43
-3.9704e-02,0.22,0.12
-3.9702e-02,0.245,0.45
-3.9701e-02,0.305,0.125
-3.9699e-02,0.295,0.435
-3.9698e-02,0.235,0.14
-3.9696e-02,0.235,0.43
-3.9694e-02,0.285,0.13
-3.9693e-02,0.25,0.44
-3.9691e-02,0.34,0.16
-3.9690e-02,0.3,0.415
-3.9688e-02,0.195,0.135
-3.9686e-02,0.385,0.43
-3.9685e-02,0.335,0.145
-3.9683e-02,0.32,0.425
-3.9682e-02,0.335,0.125
-3.9680e-02,0.28,0.44
-3.9678e-02,0.265,0.14
-3.9677e-02,0.33,0.425
-3.9675e-02,0.255,0.12
-3.9674e-02,0.275,0.445
-3.9672e-02,0.225,0.16
-3.9670e-02,0.24,0.41
-3.9669e-02,0.255,0.14
-3.9667e-02,0.34,0.43
-3.9666e-02,0.245,0.14
-3.9664e-02,0.23,0.43
-3.9662e-02,0.29,0.135
-3.9661e-02,0.26,0.43
-3.9659e-02,0.345,0.135
-3.9658e-02,0.215,0.435
-3.9656e-02,0.195,0.14
-3.9654e-02,0.32,0.44
-3.9653e-02,0.335,0.15
-3.9651e-02,0.275,0.42
-3.9650e-02,0.28,0.15
-3.9648e-02,0.285,0.42
-3.9646e-02,0.335,0.125
-3.9645e-02,0.345,0.445
-3.9643e-02,0.305,0.1
-3.9642e-02,0.325,0.47
-3.9640e-02,0.325,0.145
-3.9638e-02,0.285,0.43
-3.9637e-02,0.305,0.15
-3.9635e-02,0.33,0.43
-3.9634e-02,0.275,0.12
-3.9632e-02,0.305,0.44
-3.9630e-02,0.28,0.125
-3.9629e-02,0.325,0.455
-3.9627e-02,0.33,0.135
-3.9626e-02,0.325,0.43
-3.9624e-02,0.22,0.14
-3.9622e-02,0.39,0.435
-3.9621e-02,0.32,0.155
-3.9619e-02,0.335,0.415
-3.9618e-02,0.315,0.145
-3.9616e-02,0.275,0.43
-3.9614e-02,0.375,0.13
-3.9613e-02,0.355,0.435
-3.9611e-02,0.26,0.15
-3.9610e-02,0.33,0.42
-3.9608e-02,0.32,0.13
-3.9606e-02,0.31,0.44
-3.9605e-02,0.285,0.155
-3.9603e-02,0.275,0.415
-3.9602e-02,0.205,0.145
-3.9600e-02,0.285,0.43
-3.9598e-02,0.235,0.13
-3.9597e-02,0.275,0.435
-3.9595e-02,0.215,0.14
-3.9594e-02,0.285,0.435
-3.9592e-02,0.255,0.145
-3.9590e-02,0.295,0.425
-3.9589e-02,0.35,0.125
-3.9587e-02,0.26,0.445
-3.9586e-02,0.315,0.15
-3.9584e-02,0.29,0.425
-3.9582e-02,0.335,0.145
-3.9581e-02,0.355,0.435
-3.9579e-02,0.37,0.145
-3.9578e-02,0.235,0.43
-3.9576e-02,0.285,0.155
-3.9574e-02,0.3,0.415
-3.9573e-02,0.285,0.12
-3.9571e-02,0.265,0.45
-3.9570e-02,0.26,0.145
-3.9568e-02,0.205,0.42
-3.9566e-02,0.27,0.155
-3.9565e-02,0.245,0.42
-3.9563e-02,0.265,0.155
-3.9562e-02,0.255,0.42
-3.9560e-02,0.23,0.11
-3.9558e-02,0.24,0.46
-3.9557e-02,0.275,0.12
-3.9555e-02,0.225,0.455
-3.9554e-02,0.33,0.11
-3.9552e-02,0.265,0.465
-3.9550e-02,0.22,0.135
-3.9549e-02,0.25,0.43
-3.9547e-02,0.33,0.135
-3.9546e-02,0.28,0.44
-3.9544e-02,0.34,0.125
-3.9542e-02,0.3,0.45
-3.9541e-02,0.28,0.12
-3.9539e-02,0.225,0.44
-3.9538e-02,0.215,0.145
-3.9536e-02,0.335,0.42
-3.9534e-02,0.3,0.145
-3.9533e-02,0.275,0.435
-3.9531e-02,0.195,0.125
-3.9530e-02,0.165,0.445
-3.9528e-02,0.325,0.14
-3.9526e-02,0.27,0.435
-3.9525e-02,0.35,0.14
-3.9523e-02,0.24,0.43
-3.9522e-02,0.205,0.155
-3.9520e-02,0.285,0.415
-3.9518e-02,0.31,0.15
-3.9517e-02,0.32,0.425
-3.9515e-02,0.305,0.12
-3.9514e-02,0.295,0.445
-3.9512e-02,0.25,0.125
-3.9510e-02,0.35,0.44
-3.9509e-02,0.405,0.125
-3.9507e-02,0.255,0.445
-3.9506e-02,0.345,0.14
-3.9504e-02,0.275,0.43
-3.9502e-02,0.31,0.15
-3.9501e-02,0.37,0.425
-3.9499e-02,0.23,0.125
-3.9498e-02,0.275,0.445
-3.9496e-02,0.245,0.12
-3.9494e-02,0.31,0.445
-3.9493e-02,0.28,0.15
-3.9491e-02,0.205,0.425
-3.9490e-02,0.25,0.145
-3.9488e-02,0.335,0.435
-3.9486e-02,0.345,0.15
-3.9485e-02,0.31,0.42
-3.9483e-02,0.265,0.135
-3.9482e-02,0.275,0.435
-3.9480e-02,0.255,0.145
-3.9478e-02,0.325,0.425
-3.9477e-02,0.345,0.155
-3.9475e-02,0.305,0.42
-3.9474e-02,0.2,0.13
-3.9472e-02,0.245,0.445
-3.9470e-02,0.255,0.14
-3.9469e-02,0.335,0.43
-3.9467e-02,0.315,0.14
-3.9466e-02,0.315,0.435
-3.9464e-02,0.225,0.13
-3.9462e-02,0.325,0.44
-3.9461e-02,0.29,0.15
-3.9459e-02,0.275,0.425
-3.9458e-02,0.285,0.15
-3.9456e-02,0.27,0.42
-3.9454e-02,0.38,0.145
-3.9453e-02,0.195,0.43
-3.9451e-02,0.3,0.145
-3.9450e-02,0.25,0.435
-3.9448e-02,0.37,0.14
-3.9446e-02,0.265,0.43
-3.9445e-02,0.315,0.135
-3.9443e-02,0.29,0.435
-3.9442e-02,0.29,0.13
-3.9440e-02,0.28,0.445
-3.9438e-02,0.27,0.15
-3.9437e-02,0.275,0.43
-3.9435e-02,0.265,0.115
-3.9434e-02,0.27,0.46
-3.9432e-02,0.265,0.16
-3.9430e-02,0.255,0.415
-3.9429e-02,0.205,0.125
-3.9427e-02,0.195,0.45
-3.9426e-02,0.27,0.125
-3.9424e-02,0.295,0.45
-3.9422e-02,0.275,0.15
-3.9421e-02,0.245,0.43
-3.9419e-02,0.195,0.155
-3.9418e-02,0.23,0.425
-3.9416e-02,0.325,0.135
-3.9414e-02,0.33,0.44
-3.9413e-02,0.3,0.16
-3.9411e-02,0.29,0.415
-3.9410e-02,0.25,0.14
-3.9408e-02,0.385,0.43
-3.9406e-02,0.255,0.155
-3.9405e-02,0.365,0.42
-3.9403e-02,0.325,0.14
-3.9402e-02,0.4,0.435
-3.9400e-02,0.285,0.14
-3.9398e-02,0.27,0.44
-3.9397e-02,0.245,0.145
-3.9395e-02,0.295,0.425
-3.9394e-02,0.315,0.13
-3.9392e-02,0.27,0.45
-3.9390e-02,0.285,0.155
-3.9389e-02,0.265,0.42
-3.9387e-02,0.23,0.12
-3.9386e-02,0.31,0.445
-3.9384e-02,0.245,0.12
-3.9382e-02,0.305,0.46
-3.9381e-02,0.265,0.145
-3.9379e-02,0.295,0.44
-3.9378e-02,0.34,0.145
-3.9376e-02,0.295,0.43
-3.9374e-02,0.32,0.155
-3.9373e-02,0.225,0.425
-3.9371e-02,0.275,0.145
-3.9370e-02,0.32,0.43
-3.9368e-02,0.325,0.135
-3.9366e-02,0.3,0.445
-3.9365e-02,0.24,0.115
-3.9363e-02,0.27,0.455
-3.9362e-02,0.32,0.14
-3.9360e-02,0.33,0.435
-3.9358e-02,0.27,0.155
-3.9357e-02,0.335,0.425
-3.9355e-02,0.39,0.13
-3.9354e-02,0.325,0.445
-3.9352e-02,0.28,0.15
-3.9350e-02,0.27,0.43
-3.9349e-02,0.26,0.145
-3.9347e-02,0.365,0.44
-3.9346e-02,0.31,0.15
-3.9344e-02,0.37,0.425
-3.9342e-02,0.28,0.14
-3.9341e-02,0.34,0.445
-3.9339e-02,0.23,0.13
-3.9338e-02,0.4,0.45
-3.9336e-02,0.33,0.155
-3.9334e-02,0.32,0.43
-3.9333e-02,0.305,0.155
-3.9331e-02,0.29,0.43
-3.9330e-02,0.36,0.14
-3.9328e-02,0.285,0.45
-3.9326e-02,0.255,0.14
-3.9325e-02,0.225,0.445
-3.9323e-02,0.255,0.155
-3.9322e-02,0.22,0.425
-3.9320e-02,0.31,0.145
-3.9318e-02,0.22,0.445
-3.9317e-02,0.295,0.155
-3.9315e-02,0.265,0.43
-3.9314e-02,0.24,0.135
-3.9312e-02,0.255,0.445
-3.9310e-02,0.22,0.15
-3.9309e-02,0.24,0.435
-3.9307e-02,0.275,0.16
-3.9306e-02,0.28,0.42
-3.9304e-02,0.285,0.14
-3.9302e-02,0.285,0.44
-3.9301e-02,0.27,0.155
-3.9299e-02,0.355,0.43
-3.9298e-02,0.29,0.16
-3.9296e-02,0.285,0.42
-3.9294e-02,0.195,0.14
-3.9293e-02,0.26,0.44
-3.9291e-02,0.32,0.165
-3.9290e-02,0.33,0.415
-3.9288e-02,0.325,0.135
-3.9286e-02,0.255,0.455
-3.9285e-02,0.32,0.14
-3.9283e-02,0.315,0.445
-3.9282e-02,0.275,0.14
-3.9280e-02,0.25,0.445
-3.9278e-02,0.205,0.15
-3.9277e-02,0.315,0.425
-3.9275e-02,0.285,0.135
-3.9274e-02,0.345,0.44
-3.9272e-02,0.3,0.09
-3.9270e-02,0.24,0.49
-3.9269e-02,0.275,0.155
-3.9267e-02,0.235,0.425
-3.9266e-02,0.26,0.15
-3.9264e-02,0.27,0.43
-3.9262e-02,0.27,0.115
-3.9261e-02,0.315,0.46
-3.9259e-02,0.365,0.135
-3.9258e-02,0.34,0.445
-3.9256e-02,0.3,0.145
-3.9254e-02,0.245,0.44
-3.9253e-02,0.29,0.155
-3.9251e-02,0.245,0.42
-3.9250e-02,0.34,0.155
-3.9248e-02,0.215,0.42
-3.9246e-02,0.33,0.13
-3.9245e-02,0.275,0.445
-3.9243e-02,0.305,0.12
-3.9242e-02,0.285,0.445
-3.9240e-02,0.205,0.105
-3.9238e-02,0.285,0.465
-3.9237e-02,0.27,0.11
-3.9235e-02,0.33,0.47
-3.9234e-02,0.24,0.15
-3.9232e-02,0.255,0.43
-3.9230e-02,0.225,0.135
-3.9229e-02,0.245,0.445
-3.9227e-02,0.26,0.14
-3.9226e-02,0.24,0.435
-3.9224e-02,0.285,0.13
-3.9222e-02,0.28,0.445
-3.9221e-02,0.365,0.135
-3.9219e-02,0.315,0.44
-3.9218e-02,0.33,0.125
-3.9216e-02,0.25,0.455
-3.9214e-02,0.25,0.135
-3.9213e-02,0.3,0.44
-3.9211e-02,0.28,0.145
-3.9210e-02,0.335,0.43
-3.9208e-02,0.255,0.15
-3.9206e-02,0.355,0.435
-3.9205e-02,0.35,0.14
-3.9203e-02,0.355,0.445
-3.9202e-02,0.275,0.14
-3.9200e-02,0.245,0.445
-3.9198e-02,0.235,0.145
-3.9197e-02,0.265,0.44
-3.9195e-02,0.285,0.11
-3.9194e-02,0.255,0.465
-3.9192e-02,0.31,0.125
-3.9190e-02,0.36,0.45
-3.9189e-02,0.365,0.13
-3.9187e-02,0.315,0.455
-3.9186e-02,0.29,0.15
-3.9184e-02,0.275,0.435
-3.9182e-02,0.305,0.155
-3.9181e-02,0.315,0.425
-3.9179e-02,0.31,0.125
-3.9178e-02,0.295,0.465
-3.9176e-02,0.295,0.145
-3.9174e-02,0.33,0.435
-3.9173e-02,0.395,0.145
-3.9171e-02,0.315,0.44
-3.9170e-02,0.26,0.15
-3.9168e-02,0.25,0.435
-3.9166e-02,0.23,0.155
-3.9165e-02,0.315,0.43
-3.9163e-02,0.23,0.135
-3.9162e-02,0.18,0.445
-3.9160e-02,0.225,0.14
-3.9158e-02,0.17,0.445
-3.9157e-02,0.295,0.15
-3.9155e-02,0.225,0.435
-3.9154e-02,0.235,0.145
-3.9152e-02,0.25,0.43
-3.9150e-02,0.26,0.14
-3.9149e-02,0.355,0.44
-3.9147e-02,0.295,0.145
-3.9146e-02,0.295,0.435
-3.9144e-02,0.325,0.145
-3.9142e-02,0.275,0.445
-3.9141e-02,0.315,0.135
-3.9139e-02,0.265,0.45
-3.9138e-02,0.255,0.125
-3.9136e-02,0.3,0.465
-3.9134e-02,0.225,0.125
-3.9133e-02,0.395,0.45
-3.9131e-02,0.285,0.12
-3.9130e-02,0.275,0.465
-3.9128e-02,0.28,0.13
-3.9126e-02,0.335,0.445
-3.9125e-02,0.38,0.11
-3.9123e-02,0.345,0.475
-3.9122e-02,0.315,0.11
-3.9120e-02,0.31,0.475
-3.9118e-02,0.345,0.12
-3.9117e-02,0.29,0.46
-3.9115e-02,0.26,0.135
-3.9114e-02,0.185,0.455
-3.9112e-02,0.22,0.13
-3.9110e-02,0.255,0.45
-3.9109e-02,0.3,0.14
-3.9107e-02,0.27,0.44
-3.9106e-02,0.285,0.155
-3.9104e-02,0.24,0.425
-3.9102e-02,0.29,0.15
-3.9101e-02,0.28,0.435
-3.9099e-02,0.38,0.12
-3.9098e-02,0.31,0.46
-3.9096e-02,0.28,0.145
-3.9094e-02,0.28,0.425
-3.9093e-02,0.325,0.165
-3.9091e-02,0.32,0.42
-3.9090e-02,0.3,0.125
-3.9088e-02,0.23,0.45
-3.9086e-02,0.35,0.145
-3.9085e-02,0.325,0.435
-3.9083e-02,0.31,0.15
-3.9082e-02,0.355,0.435
-3.9080e-02,0.29,0.16
-3.9078e-02,0.36,0.43
-3.9077e-02,0.33,0.155
-3.9075e-02,0.27,0.425
-3.9074e-02,0.355,0.165
-3.9072e-02,0.235,0.425
-3.9070e-02,0.33,0.135
-3.9069e-02,0.2,0.44
-3.9067e-02,0.27,0.135
-3.9066e-02,0.235,0.455
-3.9064e-02,0.23,0.135
-3.9062e-02,0.285,0.45
-3.9061e-02,0.265,0.11
-3.9059e-02,0.365,0.47
-3.9058e-02,0.265,0.15
-3.9056e-02,0.215,0.435
-3.9054e-02,0.3,0.15
-3.9053e-02,0.27,0.445
-3.9051e-02,0.3,0.135
-3.9050e-02,0.265,0.445
-3.9048e-02,0.21,0.145
-3.9046e-02,0.325,0.44
-3.9045e-02,0.335,0.135
-3.9043e-02,0.29,0.455
-3.9042e-02,0.285,0.145
-3.9040e-02,0.23,0.445
-3.9038e-02,0.31,0.155
-3.9037e-02,0.285,0.435
-3.9035e-02,0.225,0.13
-3.9034e-02,0.27,0.46
-3.9032e-02,0.23,0.15
-3.9030e-02,0.295,0.44
-3.9029e-02,0.295,0.155
-3.9027e-02,0.325,0.435
-3.9026e-02,0.335,0.14
-3.9024e-02,0.29,0.455
-3.9022e-02,0.36,0.15
-3.9021e-02,0.33,0.43
-3.9019e-02,0.345,0.145
-3.9018e-02,0.265,0.445
-3.9016e-02,0.285,0.12
-3.9014e-02,0.28,0.46
-3.9013e-02,0.33,0.15
-3.9011e-02,0.265,0.44
-3.9010e-02,0.285,0.13
-3.9008e-02,0.265,0.46
-3.9006e-02,0.375,0.14
-3.9005e-02,0.32,0.45
-3.9003e-02,0.405,0.13
-3.9002e-02,0.24,0.455
-3.9000e-02,0.36,0.14
-3.8998e-02,0.27,0.445
-3.8997e-02,0.335,0.145
-3.8995e-02,0.275,0.445
-3.8994e-02,0.185,0.16
-3.8992e-02,0.29,0.425
-3.8990e-02,0.22,0.15
-3.8989e-02,0.275,0.435
-3.8987e-02,0.215,0.11
-3.8986e-02,0.235,0.475
-3.8984e-02,0.255,0.14
-3.8982e-02,0.3,0.445
-3.8981e-02,0.305,0.125
-3.8979e-02,0.25,0.455
-3.8978e-02,0.31,0.14
-3.8976e-02,0.32,0.445
-3.8974e-02,0.405,0.14
-3.8973e-02,0.345,0.45
-3.8971e-02,0.325,0.13
-3.8970e-02,0.395,0.45
-3.8968e-02,0.345,0.145
-3.8966e-02,0.435,0.435
-3.8965e-02,0.295,0.13
-3.8963e-02,0.345,0.455
-3.8962e-02,0.33,0.105
-3.8960e-02,0.285,0.475
-3.8958e-02,0.355,0.12
-3.8957e-02,0.275,0.46
-3.8955e-02,0.265,0.15
-3.8954e-02,0.285,0.44
-3.8952e-02,0.235,0.13
-3.8950e-02,0.31,0.445
-3.8949e-02,0.22,0.15
-3.8947e-02,0.28,0.435
-3.8946e-02,0.255,0.155
-3.8944e-02,0.25,0.43
-3.8942e-02,0.35,0.125
-3.8941e-02,0.31,0.455
-3.8939e-02,0.35,0.165
-3.8938e-02,0.255,0.42
-3.8936e-02,0.285,0.125
-3.8934e-02,0.305,0.465
-3.8933e-02,0.265,0.135
-3.8931e-02,0.255,0.45
-3.8930e-02,0.25,0.145
-3.8928e-02,0.31,0.435
-3.8926e-02,0.295,0.145
-3.8925e-02,0.295,0.445
-3.8923e-02,0.18,0.15
-3.8922e-02,0.305,0.43
-3.8920e-02,0.245,0.13
-3.8918e-02,0.35,0.46
-3.8917e-02,0.28,0.13
-3.8915e-02,0.28,0.455
-3.8914e-02,0.27,0.15
-3.8912e-02,0.255,0.43
-3.8910e-02,0.25,0.14
-3.8909e-02,0.27,0.46
-3.8907e-02,0.25,0.155
-3.8906e-02,0.245,0.435
-3.8904e-02,0.325,0.16
-3.8902e-02,0.375,0.43
-3.8901e-02,0.33,0.15
-3.8899e-02,0.315,0.44
-3.8898e-02,0.245,0.16
-3.8896e-02,0.285,0.43
-3.8894e-02,0.275,0.155
-3.8893e-02,0.29,0.44
-3.8891e-02,0.245,0.16
-3.8890e-02,0.275,0.43
-3.8888e-02,0.285,0.155
-3.8886e-02,0.3,0.44
-3.8885e-02,0.34,0.155
-3.8883e-02,0.265,0.435
-3.8882e-02,0.34,0.16
-3.8880e-02,0.275,0.43
-3.8878e-02,0.395,0.145
-3.8877e-02,0.315,0.445
-3.8875e-02,0.375,0.14
-3.8874e-02,0.29,0.45
-3.8872e-02,0.355,0.15
-3.8870e-02,0.39,0.44
-3.8869e-02,0.35,0.14
-3.8867e-02,0.34,0.455
-3.8866e-02,0.275,0.145
-3.8864e-02,0.355,0.45
-3.8862e-02,0.305,0.13
-3.8861e-02,0.35,0.47
-3.8859e-02,0.22,0.135
-3.8858e-02,0.295,0.465
-3.8856e-02,0.25,0.15
-3.8854e-02,0.28,0.445
-3.8853e-02,0.315,0.15
-3.8851e-02,0.29,0.445
-3.8850e-02,0.305,0.15
-3.8848e-02,0.33,0.44
-3.8846e-02,0.275,0.14
-3.8845e-02,0.425,0.46
-3.8843e-02,0.305,0.155
-3.8842e-02,0.38,0.44
-3.8840e-02,0.285,0.16
-3.8838e-02,0.355,0.44
-3.8837e-02,0.365,0.145
-3.8835e-02,0.305,0.455
-3.8834e-02,0.275,0.13
-3.8832e-02,0.18,0.455
-3.8830e-02,0.285,0.16
-3.8829e-02,0.255,0.435
-3.8827e-02,0.24,0.175
-3.8826e-02,0.24,0.415
-3.8824e-02,0.295,0.145
-3.8822e-02,0.32,0.445
-3.8821e-02,0.365,0.155
-3.8819e-02,0.235,0.435
-3.8818e-02,0.295,0.14
-3.8816e-02,0.27,0.45
-3.8814e-02,0.295,0.15
-3.8813e-02,0.31,0.435
-3.8811e-02,0.335,0.165
-3.8810e-02,0.315,0.43
-3.8808e-02,0.365,0.15
-3.8806e-02,0.31,0.435
-3.8805e-02,0.39,0.15
-3.8803e-02,0.325,0.44
-3.8802e-02,0.235,0.155
-3.8800e-02,0.27,0.44
-3.8798e-02,0.25,0.13
-3.8797e-02,0.34,0.455
-3.8795e-02,0.26,0.135
-3.8794e-02,0.29,0.45
-3.8792e-02,0.305,0.15
-3.8790e-02,0.29,0.44
-3.8789e-02,0.405,0.15
-3.8787e-02,0.295,0.44
-3.8786e-02,0.305,0.17
-3.8784e-02,0.255,0.42
-3.8782e-02,0.38,0.15
-3.8781e-02,0.255,0.435
-3.8779e-02,0.335,0.15
-3.8778e-02,0.235,0.44
-3.8776e-02,0.315,0.155
-3.8774e-02,0.305,0.44
-3.8773e-02,0.275,0.145
-3.8771e-02,0.37,0.445
-3.8770e-02,0.245,0.095
-3.8768e-02,0.3,0.495
-3.8766e-02,0.34,0.13
-3.8765e-02,0.305,0.465
-3.8763e-02,0.335,0.165
-3.8762e-02,0.23,0.425
-3.8760e-02,0.38,0.125
-3.8758e-02,0.285,0.46
-3.8757e-02,0.36,0.16
-3.8755e-02,0.26,0.425
-3.8754e-02,0.29,0.15
-3.8752e-02,0.315,0.44
-3.8750e-02,0.29,0.135
-3.8749e-02,0.365,0.455
-3.8747e-02,0.255,0.11
-3.8746e-02,0.305,0.48
-3.8744e-02,0.295,0.135
-3.8742e-02,0.345,0.45
-3.8741e-02,0.29,0.15
-3.8739e-02,0.345,0.44
-3.8738e-02,0.285,0.16
-3.8736e-02,0.305,0.435
-3.8734e-02,0.285,0.16
-3.8733e-02,0.305,0.435
-3.8731e-02,0.27,0.14
-3.8730e-02,0.28,0.445
-3.8728e-02,0.18,0.125
-3.8726e-02,0.34,0.465
-3.8725e-02,0.225,0.115
-3.8723e-02,0.32,0.48
-3.8722e-02,0.195,0.145
-3.8720e-02,0.275,0.445
-3.8718e-02,0.31,0.13
-3.8717e-02,0.28,0.465
-3.8715e-02,0.34,0.155
-3.8714e-02,0.24,0.44
-3.8712e-02,0.31,0.145
-3.8710e-02,0.37,0.45
-3.8709e-02,0.245,0.15
-3.8707e-02,0.38,0.445
-3.8706e-02,0.23,0.145
-3.8704e-02,0.335,0.455
-3.8702e-02,0.33,0.155
-3.8701e-02,0.34,0.44
-3.8699e-02,0.4,0.135
-3.8698e-02,0.315,0.46
-3.8696e-02,0.31,0.155
-3.8694e-02,0.38,0.445
-3.8693e-02,0.345,0.14
-3.8691e-02,0.34,0.46
-3.8690e-02,0.315,0.14
-3.8688e-02,0.235,0.46
-3.8686e-02,0.315,0.125
-3.8685e-02,0.315,0.475
-3.8683e-02,0.285,0.14
-3.8682e-02,0.29,0.455
-3.8680e-02,0.265,0.16
-3.8678e-02,0.315,0.44
-3.8677e-02,0.325,0.14
-3.8675e-02,0.255,0.46
-3.8674e-02,0.35,0.155
-3.8672e-02,0.275,0.44
-3.8670e-02,0.335,0.16
-3.8669e-02,0.32,0.44
-3.8667e-02,0.305,0.14
-3.8666e-02,0.29,0.45
-3.8664e-02,0.225,0.14
-3.8662e-02,0.245,0.455
-3.8661e-02,0.29,0.165
-3.8659e-02,0.31,0.43
-3.8658e-02,0.245,0.14
-3.8656e-02,0.295,0.45
-3.8654e-02,0.3,0.135
-3.8653e-02,0.38,0.46
-3.8651e-02,0.34,0.15
-3.8650e-02,0.255,0.44
-3.8648e-02,0.3,0.14
-3.8646e-02,0.275,0.455
-3.8645e-02,0.3,0.14
-3.8643e-02,0.33,0.45
-3.8642e-02,0.3,0.175
-3.8640e-02,0.26,0.42
-3.8638e-02,0.35,0.175
-3.8637e-02,0.28,0.42
-3.8635e-02,0.29,0.15
-3.8634e-02,0.345,0.445
-3.8632e-02,0.255,0.155
-3.8630e-02,0.23,0.44
-3.8629e-02,0.29,0.145
-3.8627e-02,0.315,0.455
-3.8626e-02,0.26,0.135
-3.8624e-02,0.3,0.455
-3.8622e-02,0.27,0.13
-3.8621e-02,0.325,0.465
-3.8619e-02,0.31,0.125
-3.8618e-02,0.29,0.475
-3.8616e-02,0.22,0.14
-3.8614e-02,0.24,0.45
-3.8613e-02,0.285,0.12
-3.8611e-02,0.25,0.48
-3.8610e-02,0.29,0.14
-3.8608e-02,0.285,0.46
-3.8606e-02,0.355,0.145
-3.8605e-02,0.235,0.46
-3.8603e-02,0.37,0.16
-3.8602e-02,0.24,0.435
-3.8600e-02,0.28,0.165
-3.8598e-02,0.25,0.435
-3.8597e-02,0.285,0.14
-3.8595e-02,0.3,0.46
-3.8594e-02,0.255,0.165
-3.8592e-02,0.25,0.435
-3.8590e-02,0.24,0.155
-3.8589e-02,0.315,0.45
-3.8587e-02,0.38,0.11
-3.8586e-02,0.26,0.49
-3.8584e-02,0.25,0.155
-3.8582e-02,0.255,0.445
-3.8581e-02,0.25,0.15
-3.8579e-02,0.28,0.445
-3.8578e-02,0.27,0.16
-3.8576e-02,0.185,0.44
-3.8574e-02,0.32,0.135
-3.8573e-02,0.265,0.455
-3.8571e-02,0.29,0.145
-3.8570e-02,0.295,0.455
-3.8568e-02,0.23,0.145
-3.8566e-02,0.255,0.455
-3.8565e-02,0.215,0.155
-3.8563e-02,0.23,0.45
-3.8562e-02,0.305,0.14
-3.8560e-02,0.21,0.455
-3.8558e-02,0.28,0.145
-3.8557e-02,0.295,0.455
-3.8555e-02,0.33,0.16
-3.8554e-02,0.255,0.445
-3.8552e-02,0.29,0.155
-3.8550e-02,0.22,0.445
-3.8549e-02,0.315,0.155
-3.8547e-02,0.245,0.445
-3.8546e-02,0.26,0.14
-3.8544e-02,0.215,0.46
-3.8542e-02,0.235,0.14
-3.8541e-02,0.285,0.465
-3.8539e-02,0.24,0.135
-3.8538e-02,0.28,0.46
-3.8536e-02,0.265,0.16
-3.8534e-02,0.215,0.44
-3.8533e-02,0.34,0.14
-3.8531e-02,0.355,0.46
-3.8530e-02,0.23,0.145
-3.8528e-02,0.41,0.45
-3.8526e-02,0.245,0.15
-3.8525e-02,0.305,0.44
-3.8523e-02,0.33,0.14
-3.8522e-02,0.295,0.46
-3.8520e-02,0.345,0.15
-3.8518e-02,0.255,0.455
-3.8517e-02,0.295,0.145
-3.8515e-02,0.365,0.46
-3.8514e-02,0.315,0.165
-3.8512e-02,0.305,0.435
-3.8510e-02,0.265,0.145
-3.8509e-02,0.315,0.455
-3.8507e-02,0.36,0.135
-3.8506e-02,0.26,0.46
-3.8504e-02,0.325,0.13
-3.8502e-02,0.275,0.47
-3.8501e-02,0.33,0.155
-3.8499e-02,0.31,0.445
-3.8498e-02,0.315,0.155
-3.8496e-02,0.325,0.44
-3.8494e-02,0.29,0.15
-3.8493e-02,0.34,0.445
-3.8491e-02,0.305,0.15
-3.8490e-02,0.345,0.455
-3.8488e-02,0.225,0.145
-3.8486e-02,0.23,0.45
-3.8485e-02,0.23,0.165
-3.8483e-02,0.23,0.44
-3.8482e-02,0.325,0.15
-3.8480e-02,0.215,0.445
-3.8478e-02,0.27,0.14
-3.8477e-02,0.255,0.465
-3.8475e-02,0.27,0.16
-3.8474e-02,0.36,0.445
-3.8472e-02,0.255,0.15
-3.8470e-02,0.225,0.455
-3.8469e-02,0.25,0.135
-3.8467e-02,0.25,0.465
-3.8466e-02,0.31,0.15
-3.8464e-02,0.285,0.45
-3.8462e-02,0.325,0.16
-3.8461e-02,0.295,0.45
-3.8459e-02,0.2,0.14
-3.8458e-02,0.36,0.465
-3.8456e-02,0.32,0.14
-3.8454e-02,0.315,0.46
-3.8453e-02,0.275,0.16
-3.8451e-02,0.315,0.435
-3.8450e-02,0.3,0.15
-3.8448e-02,0.32,0.45
-3.8446e-02,0.325,0.155
-3.8445e-02,0.215,0.45
-3.8443e-02,0.32,0.16
-3.8442e-02,0.31,0.45
-3.8440e-02,0.205,0.16
-3.8438e-02,0.305,0.445
-3.8437e-02,0.2,0.155
-3.8435e-02,0.335,0.45
-3.8434e-02,0.25,0.145
-3.8432e-02,0.375,0.455
-3.8430e-02,0.31,0.14
-3.8429e-02,0.325,0.455
-3.8427e-02,0.3,0.15
-3.8426e-02,0.295,0.45
-3.8424e-02,0.42,0.155
-3.8422e-02,0.34,0.45
-3.8421e-02,0.325,0.165
-3.8419e-02,0.34,0.44
-3.8418e-02,0.245,0.16
-3.8416e-02,0.415,0.45
-3.8414e-02,0.345,0.145
-3.8413e-02,0.4,0.46
-3.8411e-02,0.26,0.15
-3.8410e-02,0.385,0.45
-3.8408e-02,0.26,0.13
-3.8406e-02,0.355,0.475
-3.8405e-02,0.255,0.14
-3.8403e-02,0.3,0.465
-3.8402e-02,0.34,0.14
-3.8400e-02,0.28,0.47
-3.8398e-02,0.315,0.13
-3.8397e-02,0.26,0.47
-3.8395e-02,0.245,0.16
-3.8394e-02,0.195,0.45
-3.8392e-02,0.35,0.125
-3.8390e-02,0.315,0.48
-3.8389e-02,0.31,0.14
-3.8387e-02,0.335,0.46
-3.8386e-02,0.25,0.155
-3.8384e-02,0.385,0.445
-3.8382e-02,0.31,0.145
-3.8381e-02,0.305,0.46
-3.8379e-02,0.25,0.165
-3.8378e-02,0.31,0.435
-3.8376e-02,0.24,0.145
-3.8374e-02,0.385,0.45
-3.8373e-02,0.355,0.14
-3.8371e-02,0.36,0.455
-3.8370e-02,0.35,0.12
-3.8368e-02,0.33,0.475
-3.8366e-02,0.37,0.125
-3.8365e-02,0.32,0.48
-3.8363e-02,0.34,0.145
-3.8362e-02,0.29,0.465
-3.8360e-02,0.26,0.135
-3.8358e-02,0.405,0.465
-3.8357e-02,0.325,0.125
-3.8355e-02,0.4,0.48
-3.8354e-02,0.305,0.13
-3.8352e-02,0.34,0.46
-3.8350e-02,0.34,0.135
-3.8349e-02,0.405,0.46
-3.8347e-02,0.21,0.15
-3.8346e-02,0.33,0.45
-3.8344e-02,0.34,0.105
-3.8342e-02,0.315,0.49
-3.8341e-02,0.385,0.125
-3.8339e-02,0.28,0.465
-3.8338e-02,0.305,0.14
-3.8336e-02,0.27,0.46
-3.8334e-02,0.325,0.14
-3.8333e-02,0.245,0.455
-3.8331e-02,0.355,0.14
-3.8330e-02,0.305,0.455
-3.8328e-02,0.295,0.165
-3.8326e-02,0.385,0.435
-3.8325e-02,0.345,0.165
-3.8323e-02,0.41,0.435
-3.8322e-02,0.315,0.145
-3.8320e-02,0.24,0.45
-3.8318e-02,0.35,0.13
-3.8317e-02,0.315,0.46
-3.8315e-02,0.32,0.145
-3.8314e-02,0.3,0.455
-3.8312e-02,0.285,0.135
-3.8310e-02,0.285,0.47
-3.8309e-02,0.315,0.135
-3.8307e-02,0.24,0.47
-3.8306e-02,0.305,0.14
-3.8304e-02,0.25,0.465
-3.8302e-02,0.27,0.125
-3.8301e-02,0.33,0.48
-3.8299e-02,0.385,0.14
-3.8298e-02,0.34,0.47
-3.8296e-02,0.335,0.14
-3.8294e-02,0.275,0.455
-3.8293e-02,0.345,0.085
-3.8291e-02,0.315,0.515
-3.8290e-02,0.295,0.125
-3.8288e-02,0.205,0.475
-3.8286e-02,0.29,0.09
-3.8285e-02,0.265,0.515
-3.8283e-02,0.35,0.16
-3.8282e-02,0.255,0.445
-3.8280e-02,0.26,0.165
-3.8278e-02,0.325,0.44
-3.8277e-02,0.265,0.145
-3.8275e-02,0.355,0.465
-3.8274e-02,0.265,0.135
-3.8272e-02,0.295,0.47
-3.8270e-02,0.33,0.135
-3.8269e-02,0.21,0.48
-3.8267e-02,0.305,0.14
-3.8266e-02,0.3,0.475
-3.8264e-02,0.305,0.145
-3.8262e-02,0.265,0.465
-3.8261e-02,0.25,0.155
-3.8259e-02,0.34,0.455
-3.8258e-02,0.335,0.155
-3.8256e-02,0.345,0.46
-3.8254e-02,0.28,0.145
-3.8253e-02,0.355,0.465
-3.8251e-02,0.295,0.13
-3.8250e-02,0.31,0.48
-3.8248e-02,0.345,0.135
-3.8246e-02,0.25,0.475
-3.8245e-02,0.28,0.13
-3.8243e-02,0.305,0.485
-3.8242e-02,0.255,0.14
-3.8240e-02,0.42,0.465
-3.8238e-02,0.265,0.13
-3.8237e-02,0.345,0.475
-3.8235e-02,0.295,0.14
-3.8234e-02,0.34,0.475
-3.8232e-02,0.365,0.145
-3.8230e-02,0.315,0.465
-3.8229e-02,0.225,0.145
-3.8227e-02,0.28,0.455
-3.8226e-02,0.31,0.135
-3.8224e-02,0.255,0.47
-3.8222e-02,0.265,0.135
-3.8221e-02,0.235,0.475
-3.8219e-02,0.2,0.145
-3.8218e-02,0.31,0.465
-3.8216e-02,0.245,0.16
-3.8214e-02,0.32,0.445
-3.8213e-02,0.32,0.13
-3.8211e-02,0.325,0.475
-3.8210e-02,0.22,0.135
-3.8208e-02,0.36,0.475
-3.8206e-02,0.3,0.16
-3.8205e-02,0.335,0.445
-3.8203e-02,0.295,0.14
-3.8202e-02,0.215,0.465
-3.8200e-02,0.39,0.16
-3.8198e-02,0.27,0.445
-3.8197e-02,0.335,0.145
-3.8195e-02,0.27,0.465
-3.8194e-02,0.23,0.14
-3.8192e-02,0.265,0.46
-3.8190e-02,0.3,0.125
-3.8189e-02,0.225,0.485
-3.8187e-02,0.295,0.155
-3.8186e-02,0.29,0.445
-3.8184e-02,0.265,0.135
-3.8182e-02,0.295,0.465
-3.8181e-02,0.325,0.15
-3.8179e-02,0.26,0.455
-3.8178e-02,0.245,0.145
-3.8176e-02,0.225,0.465
-3.8174e-02,0.275,0.13
-3.8173e-02,0.325,0.475
-3.8171e-02,0.24,0.15
-3.8170e-02,0.21,0.46
-3.8168e-02,0.305,0.1
-3.8166e-02,0.28,0.495
-3.8165e-02,0.295,0.095
-3.8163e-02,0.31,0.51
-3.8162e-02,0.26,0.1
-3.8160e-02,0.22,0.5
-3.8158e-02,0.255,0.085
-3.8157e-02,0.27,0.515
-3.8155e-02,0.235,0.12
-3.8154e-02,0.23,0.485
-3.8152e-02,0.315,0.13
-3.8150e-02,0.225,0.485
-3.8149e-02,0.305,0.125
-3.8147e-02,0.35,0.485
-3.8146e-02,0.27,0.14
-3.8144e-02,0.31,0.465
-3.8142e-02,0.155,0.135
-3.8141e-02,0.285,0.475
-3.8139e-02,0.265,0.13
-3.8138e-02,0.265,0.475
-3.8136e-02,0.175,0.15
-3.8134e-02,0.3,0.455
-3.8133e-02,0.295,0.135
-3.8131e-02,0.32,0.475
-3.8130e-02,0.26,0.115
-3.8128e-02,0.32,0.495
-3.8126e-02,0.265,0.13
-3.8125e-02,0.215,0.47
-3.8123e-02,0.285,0.16
-3.8122e-02,0.31,0.45
-3.8120e-02,0.225,0.135
-3.8118e-02,0.305,0.465
-3.8117e-02,0.235,0.155
-3.8115e-02,0.34,0.45
-3.8114e-02,0.33,0.13
-3.8112e-02,0.35,0.49
-3.8110e-02,0.215,0.125
-3.8109e-02,0.315,0.48
-3.8107e-02,0.33,0.16
-3.8106e-02,0.375,0.455
-3.8104e-02,0.325,0.135
-3.8102e-02,0.33,0.48
-3.8101e-02,0.305,0.11
-3.8099e-02,0.24,0.49
-3.8098e-02,0.39,0.12
-3.8096e-02,0.285,0.49
-3.8094e-02,0.325,0.165
-3.8093e-02,0.28,0.45
-3.8091e-02,0.35,0.12
-3.8090e-02,0.29,0.485
-3.8088e-02,0.37,0.155
-3.8086e-02,0.28,0.455
-3.8085e-02,0.275,0.145
-3.8083e-02,0.28,0.47
-3.8082e-02,0.31,0.15
-3.8080e-02,0.365,0.465
-3.8078e-02,0.23,0.16
-3.8077e-02,0.3,0.45
-3.8075e-02,0.31,0.135
-3.8074e-02,0.265,0.48
-3.8072e-02,0.365,0.15
-3.8070e-02,0.245,0.46
-3.8069e-02,0.295,0.15
-3.8067e-02,0.255,0.465
-3.8066e-02,0.34,0.16
-3.8064e-02,0.24,0.45
-3.8062e-02,0.31,0.135
-3.8061e-02,0.245,0.475
-3.8059e-02,0.25,0.12
-3.8058e-02,0.165,0.495
-3.8056e-02,0.265,0.14
-3.8054e-02,0.3,0.47
-3.8053e-02,0.24,0.16
-3.8051e-02,0.22,0.455
-3.8050e-02,0.285,0.14
-3.8048e-02,0.245,0.47
-3.8046e-02,0.33,0.155
-3.8045e-02,0.275,0.455
-3.8043e-02,0.24,0.15
-3.8042e-02,0.26,0.455
-3.8040e-02,0.195,0.15
-3.8038e-02,0.325,0.46
-3.8037e-02,0.165,0.15
-3.8035e-02,0.335,0.465
-3.8034e-02,0.23,0.165
-3.8032e-02,0.27,0.445
-3.8030e-02,0.345,0.145
-3.8029e-02,0.255,0.47
-3.8027e-02,0.275,0.155
-3.8026e-02,0.2,0.455
-3.8024e-02,0.29,0.16
-3.8022e-02,0.29,0.455
-3.8021e-02,0.365,0.14
-3.8019e-02,0.33,0.47
-3.8018e-02,0.345,0.155
-3.8016e-02,0.3,0.455
-3.8014e-02,0.405,0.16
-3.8013e-02,0.37,0.455
-3.8011e-02,0.29,0.165
-3.8010e-02,0.255,0.445
-3.8008e-02,0.38,0.145
-3.8006e-02,0.225,0.47
-3.8005e-02,0.36,0.15
-3.8003e-02,0.315,0.465
-3.8002e-02,0.255,0.13
-3.8000e-02,0.325,0.475
-3.7998e-02,0.225,0.135
-3.7997e-02,0.305,0.475
-3.7995e-02,0.33,0.16
-3.7994e-02,0.245,0.45
-3.7992e-02,0.225,0.15
-3.7990e-02,0.255,0.465
-3.7989e-02,0.3,0.125
-3.7987e-02,0.285,0.485
-3.7986e-02,0.25,0.125
-3.7984e-02,0.27,0.485
-3.7982e-02,0.345,0.135
-3.7981e-02,0.37,0.48
-3.7979e-02,0.345,0.12
-3.7978e-02,0.32,0.49
-3.7976e-02,0.375,0.09
-3.7974e-02,0.36,0.515
-3.7973e-02,0.325,0.115
-3.7971e-02,0.32,0.495
-3.7970e-02,0.325,0.15
-3.7968e-02,0.22,0.465
-3.7966e-02,0.36,0.145
-3.7965e-02,0.275,0.465
-3.7963e-02,0.325,0.15
-3.7962e-02,0.3,0.465
-3.7960e-02,0.305,0.15
-3.7958e-02,0.225,0.465
-3.7957e-02,0.39,0.155
-3.7955e-02,0.245,0.46
-3.7954e-02,0.235,0.16
-3.7952e-02,0.165,0.46
-3.7950e-02,0.28,0.145
-3.7949e-02,0.215,0.465
-3.7947e-02,0.335,0.155
-3.7946e-02,0.305,0.46
-3.7944e-02,0.225,0.145
-3.7942e-02,0.335,0.47
-3.7941e-02,0.3,0.155
-3.7939e-02,0.3,0.46
-3.7938e-02,0.305,0.13
-3.7936e-02,0.255,0.475
-3.7934e-02,0.24,0.135
-3.7933e-02,0.215,0.47
-3.7931e-02,0.325,0.13
-3.7930e-02,0.19,0.49
-3.7928e-02,0.275,0.15
-3.7926e-02,0.26,0.465
-3.7925e-02,0.265,0.14
-3.7923e-02,0.335,0.475
-3.7922e-02,0.35,0.14
-3.7920e-02,0.23,0.47
-3.7918e-02,0.31,0.14
-3.7917e-02,0.35,0.485
-3.7915e-02,0.295,0.14
-3.7914e-02,0.375,0.475
-3.7912e-02,0.2,0.15
-3.7910e-02,0.325,0.465
-3.7909e-02,0.265,0.15
-3.7907e-02,0.355,0.465
-3.7906e-02,0.28,0.145
-3.7904e-02,0.34,0.47
-3.7902e-02,0.32,0.15
-3.7901e-02,0.25,0.47
-3.7899e-02,0.385,0.16
-3.7898e-02,0.305,0.455
-3.7896e-02,0.345,0.14
-3.7894e-02,0.315,0.475
-3.7893e-02,0.2,0.095
-3.7891e-02,0.335,0.52
-3.7890e-02,0.27,0.12
-3.7888e-02,0.255,0.49
-3.7886e-02,0.205,0.115
-3.7885e-02,0.275,0.5
-3.7883e-02,0.225,0.155
-3.7882e-02,0.35,0.465
-3.7880e-02,0.305,0.15
-3.7878e-02,0.31,0.465
-3.7877e-02,0.325,0.15
-3.7875e-02,0.31,0.465
-3.7874e-02,0.31,0.14
-3.7872e-02,0.3,0.48
-3.7870e-02,0.235,0.16
-3.7869e-02,0.235,0.46
-3.7867e-02,0.23,0.155
-3.7866e-02,0.26,0.46
-3.7864e-02,0.285,0.15
-3.7862e-02,0.285,0.465
-3.7861e-02,0.255,0.15
-3.7859e-02,0.275,0.465
-3.7858e-02,0.425,0.15
-3.7856e-02,0.265,0.46
-3.7854e-02,0.36,0.145
-3.7853e-02,0.25,0.47
-3.7851e-02,0.31,0.155
-3.7850e-02,0.3,0.455
-3.7848e-02,0.36,0.125
-3.7846e-02,0.35,0.485
-3.7845e-02,0.395,0.12
-3.7843e-02,0.295,0.495
-3.7842e-02,0.36,0.135
-3.7840e-02,0.355,0.485
-3.7838e-02,0.37,0.145
-3.7837e-02,0.375,0.475
-3.7835e-02,0.355,0.12
-3.7834e-02,0.26,0.485
-3.7832e-02,0.4,0.105
-3.7830e-02,0.32,0.505
-3.7829e-02,0.335,0.16
-3.7827e-02,0.265,0.455
-3.7826e-02,0.335,0.135
-3.7824e-02,0.39,0.48
-3.7822e-02,0.37,0.15
-3.7821e-02,0.33,0.47
-3.7819e-02,0.32,0.125
-3.7818e-02,0.38,0.495
-3.7816e-02,0.325,0.135
-3.7814e-02,0.41,0.48
-3.7813e-02,0.3,0.145
-3.7811e-02,0.35,0.48
-3.7810e-02,0.345,0.13
-3.7808e-02,0.345,0.49
-3.7806e-02,0.355,0.15
-3.7805e-02,0.4,0.465
-3.7803e-02,0.24,0.15
-3.7802e-02,0.325,0.47
-3.7800e-02,0.3,0.13
-3.7798e-02,0.355,0.48
-3.7797e-02,0.37,0.145
-3.7795e-02,0.29,0.465
-3.7794e-02,0.345,0.15
-3.7792e-02,0.37,0.47
-3.7790e-02,0.42,0.14
-3.7789e-02,0.315,0.475
-3.7787e-02,0.335,0.14
-3.7786e-02,0.34,0.48
-3.7784e-02,0.29,0.14
-3.7782e-02,0.385,0.48
-3.7781e-02,0.385,0.11
-3.7779e-02,0.335,0.51
-3.7778e-02,0.375,0.125
-3.7776e-02,0.39,0.495
-3.7774e-02,0.325,0.155
-3.7773e-02,0.425,0.465
-3.7771e-02,0.335,0.155
-3.7770e-02,0.28,0.465
-3.7768e-02,0.34,0.155
-3.7766e-02,0.41,0.465
-3.7765e-02,0.375,0.155
-3.7763e-02,0.385,0.47
-3.7762e-02,0.275,0.155
-3.7760e-02,0.365,0.47
-3.7758e-02,0.38,0.16
-3.7757e-02,0.345,0.46
-3.7755e-02,0.36,0.155
-3.7754e-02,0.32,0.46
-3.7752e-02,0.41,0.14
-3.7750e-02,0.355,0.475
-3.7749e-02,0.42,0.13
-3.7747e-02,0.295,0.48
-3.7746e-02,0.325,0.155
-3.7744e-02,0.275,0.46
-3.7742e-02,0.275,0.115
-3.7741e-02,0.26,0.505
-3.7739e-02,0.355,0.165
-3.7738e-02,0.21,0.445
-3.7736e-02,0.305,0.14
-3.7734e-02,0.255,0.47
-3.7733e-02,0.295,0.135
-3.7731e-02,0.33,0.47
-3.7730e-02,0.265,0.145
-3.7728e-02,0.285,0.465
-3.7726e-02,0.325,0.165
-3.7725e-02,0.4,0.45
-3.7723e-02,0.27,0.155
-3.7722e-02,0.32,0.46
-3.7720e-02,0.255,0.16
-3.7718e-02,0.285,0.455
-3.7717e-02,0.265,0.155
-3.7715e-02,0.34,0.46
-3.7714e-02,0.265,0.145
-3.7712e-02,0.345,0.465
-3.7710e-02,0.305,0.15
-3.7709e-02,0.27,0.465
-3.7707e-02,0.385,0.155
-3.7706e-02,0.275,0.455
-3.7704e-02,0.38,0.155
-3.7702e-02,0.29,0.455
-3.7701e-02,0.44,0.15
-3.7699e-02,0.31,0.465
-3.7698e-02,0.35,0.145
-3.7696e-02,0.29,0.47
-3.7694e-02,0.23,0.135
-3.7693e-02,0.43,0.48
-3.7691e-02,0.315,0.14
-3.7690e-02,0.285,0.48
-3.7688e-02,0.275,0.155
-3.7686e-02,0.285,0.46
-3.7685e-02,0.275,0.165
-3.7683e-02,0.265,0.45
-3.7682e-02,0.37,0.165
-3.7680e-02,0.235,0.455
-3.7678e-02,0.27,0.16
-3.7677e-02,0.27,0.455
-3.7675e-02,0.27,0.145
-3.7674e-02,0.215,0.47
-3.7672e-02,0.415,0.135
-3.7670e-02,0.195,0.49
-3.7669e-02,0.335,0.14
-3.7667e-02,0.33,0.485
-3.7666e-02,0.265,0.145
-3.7664e-02,0.235,0.475
-3.7662e-02,0.37,0.16
-3.7661e-02,0.3,0.455
-3.7659e-02,0.365,0.15
-3.7658e-02,0.24,0.47
-3.7656e-02,0.35,0.165
-3.7654e-02,0.285,0.45
-3.7653e-02,0.42,0.14
-3.7651e-02,0.325,0.48
-3.7650e-02,0.325,0.155
-3.7648e-02,0.255,0.47
-3.7646e-02,0.34,0.15
-3.7645e-02,0.26,0.475
-3.7643e-02,0.35,0.135
-3.7642e-02,0.415,0.48
-3.7640e-02,0.27,0.115
-3.7638e-02,0.265,0.51
-3.7637e-02,0.29,0.14
-3.7635e-02,0.355,0.485
-3.7634e-02,0.33,0.145
-3.7632e-02,0.315,0.48
-3.7630e-02,0.275,0.15
-3.7629e-02,0.32,0.475
-3.7627e-02,0.295,0.14
-3.7626e-02,0.4,0.49
-3.7624e-02,0.305,0.13
-3.7622e-02,0.295,0.5
-3.7621e-02,0.455,0.15
-3.7619e-02,0.305,0.48
-3.7618e-02,0.295,0.145
-3.7616e-02,0.335,0.48
-3.7614e-02,0.38,0.12
-3.7613e-02,0.305,0.495
-3.7611e-02,0.34,0.145
-3.7610e-02,0.345,0.48
-3.7608e-02,0.24,0.14
-3.7606e-02,0.36,0.48
-3.7605e-02,0.315,0.13
-3.7603e-02,0.39,0.485
-3.7602e-02,0.255,0.155
-3.7600e-02,0.27,0.475
-3.7598e-02,0.295,0.14
-3.7597e-02,0.325,0.49
-3.7595e-02,0.33,0.155
-3.7594e-02,0.3,0.475
-3.7592e-02,0.185,0.16
-3.7590e-02,0.24,0.47
-3.7589e-02,0.325,0.155
-3.7587e-02,0.3,0.46
-3.7586e-02,0.275,0.14
-3.7584e-02,0.22,0.485
-3.7582e-02,0.26,0.145
-3.7581e-02,0.27,0.465
-3.7579e-02,0.255,0.155
-3.7578e-02,0.33,0.465
-3.7576e-02,0.28,0.115
-3.7574e-02,0.225,0.5
-3.7573e-02,0.185,0.14
-3.7571e-02,0.32,0.49
-3.7570e-02,0.285,0.135
-3.7568e-02,0.28,0.5
-3.7566e-02,0.325,0.155
-3.7565e-02,0.275,0.47
-3.7563e-02,0.34,0.155
-3.7562e-02,0.395,0.465
-3.7560e-02,0.32,0.17
-3.7558e-02,0.315,0.455
-3.7557e-02,0.345,0.16
-3.7555e-02,0.41,0.455
-3.7554e-02,0.275,0.16
-3.7552e-02,0.355,0.46
-3.7550e-02,0.39,0.13
-3.7549e-02,0.33,0.5
-3.7547e-02,0.355,0.145
-3.7546e-02,0.32,0.48
-3.7544e-02,0.41,0.12
-3.7542e-02,0.315,0.5
-3.7541e-02,0.4,0.15
-3.7539e-02,0.345,0.465
-3.7538e-02,0.305,0.15
-3.7536e-02,0.34,0.465
-3.7534e-02,0.305,0.08
-3.7533e-02,0.345,0.54
-3.7531e-02,0.28,0.135
-3.7530e-02,0.35,0.48
-3.7528e-02,0.25,0.145
-3.7526e-02,0.25,0.475
-3.7525e-02,0.325,0.17
-3.7523e-02,0.36,0.455
-3.7522e-02,0.27,0.155
-3.7520e-02,0.26,0.46
-3.7518e-02,0.285,0.165
-3.7517e-02,0.47,0.455
-3.7515e-02,0.26,0.155
-3.7514e-02,0.37,0.47
-3.7512e-02,0.285,0.13
-3.7510e-02,0.3,0.485
-3.7509e-02,0.38,0.13
-3.7507e-02,0.295,0.495
-3.7506e-02,0.345,0.125
-3.7504e-02,0.205,0.49
-3.7502e-02,0.405,0.135
-3.7501e-02,0.305,0.49
-3.7499e-02,0.345,0.15
-3.7498e-02,0.35,0.47
-3.7496e-02,0.175,0.16
-3.7494e-02,0.36,0.46
-3.7493e-02,0.31,0.15
-3.7491e-02,0.44,0.475
-3.7490e-02,0.235,0.15
-3.7488e-02,0.335,0.475
-3.7486e-02,0.345,0.16
-3.7485e-02,0.41,0.465
-3.7483e-02,0.38,0.14
-3.7482e-02,0.38,0.49
-3.7480e-02,0.275,0.135
-3.7478e-02,0.315,0.49
-3.7477e-02,0.395,0.11
-3.7475e-02,0.37,0.52
-3.7474e-02,0.325,0.135
-3.7472e-02,0.28,0.485
-3.7470e-02,0.29,0.16
-3.7469e-02,0.285,0.465
-3.7467e-02,0.29,0.14
-3.7466e-02,0.27,0.48
-3.7464e-02,0.26,0.14
-3.7462e-02,0.185,0.48
-3.7461e-02,0.325,0.12
-3.7459e-02,0.29,0.495
-3.7458e-02,0.275,0.17
-3.7456e-02,0.235,0.46
-3.7454e-02,0.305,0.18
-3.7453e-02,0.28,0.445
-3.7451e-02,0.355,0.125
-3.7450e-02,0.25,0.505
-3.7448e-02,0.27,0.15
-3.7446e-02,0.26,0.475
-3.7445e-02,0.415,0.115
-3.7443e-02,0.3,0.505
-3.7442e-02,0.285,0.155
-3.7440e-02,0.3,0.465
-3.7438e-02,0.375,0.14
-3.7437e-02,0.335,0.49
-3.7435e-02,0.4,0.115
-3.7434e-02,0.365,0.495
-3.7432e-02,0.32,0.14
-3.7430e-02,0.375,0.485
-3.7429e-02,0.385,0.13
-3.7427e-02,0.455,0.505
-3.7426e-02,0.34,0.135
-3.7424e-02,0.41,0.49
-3.7422e-02,0.295,0.15
-3.7421e-02,0.385,0.47
-3.7419e-02,0.39,0.16
-3.7418e-02,0.345,0.46
-3.7416e-02,0.26,0.14
-3.7414e-02,0.32,0.49
-3.7413e-02,0.38,0.15
-3.7411e-02,0.37,0.47
-3.7410e-02,0.285,0.14
-3.7408e-02,0.36,0.485
-3.7406e-02,0.33,0.16
-3.7405e-02,0.405,0.465
-3.7403e-02,0.33,0.14
-3.7402e-02,0.38,0.485
-3.7400e-02,0.27,0.15
-3.7398e-02,0.385,0.47
-3.7397e-02,0.37,0.115
-3.7395e-02,0.305,0.505
-3.7394e-02,0.295,0.13
-3.7392e-02,0.37,0.49
-3.7390e-02,0.29,0.12
-3.7389e-02,0.335,0.5
-3.7387e-02,0.36,0.14
-3.7386e-02,0.325,0.485
-3.7384e-02,0.28,0.155
-3.7382e-02,0.315,0.475
-3.7381e-02,0.37,0.17
-3.7379e-02,0.275,0.45
-3.7378e-02,0.325,0.16
-3.7376e-02,0.225,0.47
-3.7374e-02,0.37,0.155
-3.7373e-02,0.305,0.48
-3.7371e-02,0.365,0.135
-3.7370e-02,0.305,0.49
-3.7368e-02,0.32,0.135
-3.7366e-02,0.395,0.485
-3.7365e-02,0.425,0.15
-3.7363e-02,0.305,0.47
-3.7362e-02,0.405,0.145
-3.7360e-02,0.395,0.47
-3.7358e-02,0.415,0.17
-3.7357e-02,0.335,0.46
-3.7355e-02,0.385,0.135
-3.7354e-02,0.415,0.495
-3.7352e-02,0.305,0.135
-3.7350e-02,0.41,0.495
-3.7349e-02,0.3,0.135
-3.7347e-02,0.37,0.49
-3.7346e-02,0.355,0.14
-3.7344e-02,0.35,0.48
-3.7342e-02,0.33,0.155
-3.7341e-02,0.385,0.47
-3.7339e-02,0.315,0.15
-3.7338e-02,0.395,0.47
-3.7336e-02,0.34,0.15
-3.7334e-02,0.325,0.475
-3.7333e-02,0.275,0.16
-3.7331e-02,0.385,0.465
-3.7330e-02,0.285,0.145
-3.7328e-02,0.34,0.475
-3.7326e-02,0.3,0.125
-3.7325e-02,0.32,0.49
-3.7323e-02,0.275,0.13
-3.7322e-02,0.39,0.49
-3.7320e-02,0.37,0.155
-3.7318e-02,0.27,0.475
-3.7317e-02,0.31,0.15
-3.7315e-02,0.345,0.475
-3.7314e-02,0.345,0.15
-3.7312e-02,0.355,0.475
-3.7310e-02,0.32,0.17
-3.7309e-02,0.285,0.45
-3.7307e-02,0.4,0.17
-3.7306e-02,0.4,0.46
-3.7304e-02,0.335,0.155
-3.7302e-02,0.3,0.47
-3.7301e-02,0.405,0.135
-3.7299e-02,0.34,0.485
-3.7298e-02,0.42,0.145
-3.7296e-02,0.305,0.49
-3.7294e-02,0.37,0.135
-3.7293e-02,0.295,0.485
-3.7291e-02,0.415,0.115
-3.7290e-02,0.355,0.51
-3.7288e-02,0.285,0.135
-3.7286e-02,0.32,0.485
-3.7285e-02,0.305,0.16
-3.7283e-02,0.36,0.46
-3.7282e-02,0.31,0.155
-3.7280e-02,0.31,0.475
-3.7278e-02,0.225,0.17
-3.7277e-02,0.245,0.455
-3.7275e-02,0.36,0.15
-3.7274e-02,0.325,0.48
-3.7272e-02,0.3,0.145
-3.7270e-02,0.235,0.485
-3.7269e-02,0.33,0.145
-3.7267e-02,0.43,0.48
-3.7266e-02,0.33,0.155
-3.7264e-02,0.43,0.475
-3.7262e-02,0.32,0.155
-3.7261e-02,0.36,0.475
-3.7259e-02,0.375,0.13
-3.7258e-02,0.375,0.49
-3.7256e-02,0.38,0.14
-3.7254e-02,0.275,0.485
-3.7253e-02,0.305,0.135
-3.7251e-02,0.33,0.495
-3.7250e-02,0.325,0.135
-3.7248e-02,0.265,0.495
-3.7246e-02,0.27,0.175
-3.7245e-02,0.25,0.455
-3.7243e-02,0.315,0.155
-3.7242e-02,0.31,0.48
-3.7240e-02,0.325,0.145
-3.7238e-02,0.26,0.485
-3.7237e-02,0.275,0.145
-3.7235e-02,0.365,0.48
-3.7234e-02,0.34,0.14
-3.7232e-02,0.31,0.49
-3.7230e-02,0.26,0.155
-3.7229e-02,0.395,0.48
-3.7227e-02,0.315,0.155
-3.7226e-02,0.29,0.475
-3.7224e-02,0.36,0.155
-3.7222e-02,0.325,0.47
-3.7221e-02,0.275,0.14
-3.7219e-02,0.3,0.495
-3.7218e-02,0.26,0.155
-3.7216e-02,0.385,0.475
-3.7214e-02,0.26,0.15
-3.7213e-02,0.345,0.475
-3.7211e-02,0.305,0.155
-3.7210e-02,0.345,0.47
-3.7208e-02,0.275,0.165
-3.7206e-02,0.33,0.47
-3.7205e-02,0.325,0.16
-3.7203e-02,0.335,0.48
-3.7202e-02,0.295,0.155
-3.7200e-02,0.315,0.485
-3.7198e-02,0.21,0.1
-3.7197e-02,0.345,0.53
-3.7195e-02,0.315,0.15
-3.7194e-02,0.265,0.485
-3.7192e-02,0.205,0.145
-3.7190e-02,0.29,0.485
-3.7189e-02,0.34,0.155
-3.7187e-02,0.275,0.47
-3.7186e-02,0.24,0.14
-3.7184e-02,0.29,0.485
-3.7182e-02,0.335,0.12
-3.7181e-02,0.31,0.505
-3.7179e-02,0.335,0.155
-3.7178e-02,0.305,0.475
-3.7176e-02,0.26,0.14
-3.7174e-02,0.32,0.49
-3.7173e-02,0.39,0.12
-3.7171e-02,0.38,0.515
-3.7170e-02,0.31,0.13
-3.7168e-02,0.36,0.505
-3.7166e-02,0.305,0.18
-3.7165e-02,0.38,0.455
-3.7163e-02,0.395,0.165
-3.7162e-02,0.34,0.47
-3.7160e-02,0.35,0.135
-3.7158e-02,0.3,0.5
-3.7157e-02,0.36,0.145
-3.7155e-02,0.405,0.48
-3.7154e-02,0.3,0.155
-3.7152e-02,0.315,0.475
-3.7150e-02,0.365,0.165
-3.7149e-02,0.34,0.46
-3.7147e-02,0.27,0.16
-3.7146e-02,0.29,0.47
-3.7144e-02,0.39,0.165
-3.7142e-02,0.36,0.465
-3.7141e-02,0.29,0.16
-3.7139e-02,0.32,0.465
-3.7138e-02,0.33,0.155
-3.7136e-02,0.43,0.47
-3.7134e-02,0.335,0.15
-3.7133e-02,0.39,0.485
-3.7131e-02,0.325,0.165
-3.7130e-02,0.365,0.47
-3.7128e-02,0.35,0.115
-3.7126e-02,0.41,0.515
-3.7125e-02,0.305,0.155
-3.7123e-02,0.285,0.47
-3.7122e-02,0.26,0.16
-3.7120e-02,0.335,0.475
-3.7118e-02,0.305,0.14
-3.7117e-02,0.27,0.49
-3.7115e-02,0.235,0.165
-3.7114e-02,0.275,0.46
-3.7112e-02,0.3,0.145
-3.7110e-02,0.28,0.47
-3.7109e-02,0.32,0.15
-3.7107e-02,0.325,0.475
-3.7106e-02,0.305,0.14
-3.7104e-02,0.325,0.485
-3.7102e-02,0.335,0.165
-3.7101e-02,0.325,0.46
-3.7099e-02,0.325,0.155
-3.7098e-02,0.385,0.475
-3.7096e-02,0.43,0.125
-3.7094e-02,0.33,0.505
-3.7093e-02,0.32,0.17
-3.7091e-02,0.335,0.46
-3.7090e-02,0.49,0.155
-3.7088e-02,0.355,0.475
-3.7086e-02,0.345,0.14
-3.7085e-02,0.385,0.49
-3.7083e-02,0.38,0.14
-3.7082e-02,0.4,0.5
-3.7080e-02,0.37,0.155
-3.7078e-02,0.41,0.47
-3.7077e-02,0.335,0.145
-3.7075e-02,0.35,0.49
-3.7074e-02,0.355,0.165
-3.7072e-02,0.365,0.475
-3.7070e-02,0.385,0.14
-3.7069e-02,0.3,0.49
-3.7067e-02,0.355,0.155
-3.7066e-02,0.355,0.48
-3.7064e-02,0.345,0.15
-3.7062e-02,0.25,0.495
-3.7061e-02,0.255,0.17
-3.7059e-02,0.41,0.475
-3.7058e-02,0.335,0.15
-3.7056e-02,0.34,0.49
-3.7054e-02,0.265,0.14
-3.7053e-02,0.325,0.495
-3.7051e-02,0.355,0.15
-3.7050e-02,0.355,0.485
-3.7048e-02,0.37,0.155
-3.7046e-02,0.365,0.485
-3.7045e-02,0.37,0.14
-3.7043e-02,0.36,0.505
-3.7042e-02,0.35,0.14
-3.7040e-02,0.345,0.5
-3.7038e-02,0.365,0.145
-3.7037e-02,0.315,0.495
-3.7035e-02,0.44,0.15
-3.7034e-02,0.345,0.49
-3.7032e-02,0.32,0.155
-3.7030e-02,0.3,0.475
-3.7029e-02,0.33,0.16
-3.7027e-02,0.3,0.485
-3.7026e-02,0.39,0.155
-3.7024e-02,0.23,0.49
-3.7022e-02,0.275,0.17
-3.7021e-02,0.285,0.47
-3.7019e-02,0.355,0.145
-3.7018e-02,0.305,0.49
-3.7016e-02,0.24,0.17
-3.7014e-02,0.38,0.47
-3.7013e-02,0.35,0.17
-3.7011e-02,0.42,0.465
-3.7010e-02,0.265,0.145
-3.7008e-02,0.28,0.505
-3.7006e-02,0.38,0.155
-3.7005e-02,0.26,0.48
-3.7003e-02,0.33,0.17
-3.7002e-02,0.325,0.465
-3.7000e-02,0.24,0.155
-3.6998e-02,0.325,0.475
-3.6997e-02,0.215,0.17
-3.6995e-02,0.345,0.465
-3.6994e-02,0.18,0.155
-3.6992e-02,0.26,0.48
-3.6990e-02,0.3,0.15
-3.6989e-02,0.31,0.485
-3.6987e-02,0.28,0.165
-3.6986e-02,0.315,0.47
-3.6984e-02,0.25,0.17
-3.6982e-02,0.33,0.465
-3.6981e-02,0.26,0.145
-3.6979e-02,0.37,0.485
-3.6978e-02,0.24,0.14
-3.6976e-02,0.33,0.49
-3.6974e-02,0.41,0.145
-3.6973e-02,0.325,0.49
-3.6971e-02,0.245,0.14
-3.6970e-02,0.285,0.485
-3.6968e-02,0.3,0.16
-3.6966e-02,0.335,0.475
-3.6965e-02,0.23,0.16
-3.6963e-02,0.34,0.47
-3.6962e-02,0.255,0.16
-3.6960e-02,0.325,0.47
-3.6958e-02,0.285,0.155
-3.6957e-02,0.295,0.47
-3.6955e-02,0.23,0.14
-3.6954e-02,0.3,0.485
-3.6952e-02,0.235,0.155
-3.6950e-02,0.325,0.47
-3.6949e-02,0.28,0.175
-3.6947e-02,0.245,0.455
-3.6946e-02,0.355,0.155
-3.6944e-02,0.31,0.47
-3.6942e-02,0.315,0.15
-3.6941e-02,0.325,0.475
-3.6939e-02,0.29,0.14
-3.6938e-02,0.32,0.485
-3.6936e-02,0.325,0.13
-3.6934e-02,0.395,0.495
-3.6933e-02,0.42,0.155
-3.6931e-02,0.295,0.47
-3.6930e-02,0.44,0.13
-3.6928e-02,0.395,0.5
-3.6926e-02,0.37,0.16
-3.6925e-02,0.275,0.47
-3.6923e-02,0.395,0.16
-3.6922e-02,0.36,0.47
-3.6920e-02,0.395,0.155
-3.6918e-02,0.34,0.475
-3.6917e-02,0.405,0.11
-3.6915e-02,0.325,0.525
-3.6914e-02,0.455,0.16
-3.6912e-02,0.36,0.48
-3.6910e-02,0.335,0.14
-3.6909e-02,0.28,0.49
-3.6907e-02,0.385,0.145
-3.6906e-02,0.27,0.49
-3.6904e-02,0.325,0.135
-3.6902e-02,0.34,0.495
-3.6901e-02,0.36,0.16
-3.6899e-02,0.265,0.49
-3.6898e-02,0.39,0.175
-3.6896e-02,0.335,0.465
-3.6894e-02,0.315,0.155
-3.6893e-02,0.315,0.49
-3.6891e-02,0.325,0.155
-3.6890e-02,0.285,0.485
-3.6888e-02,0.37,0.16
-3.6886e-02,0.305,0.48
-3.6885e-02,0.27,0.16
-3.6883e-02,0.295,0.475
-3.6882e-02,0.37,0.16
-3.6880e-02,0.33,0.48
-3.6878e-02,0.205,0.16
-3.6877e-02,0.31,0.49
-3.6875e-02,0.285,0.17
-3.6874e-02,0.29,0.465
-3.6872e-02,0.245,0.15
-3.6870e-02,0.29,0.49
-3.6869e-02,0.27,0.165
-3.6867e-02,0.33,0.48
-3.6866e-02,0.31,0.16
-3.6864e-02,0.235,0.48
-3.6862e-02,0.285,0.14
-3.6861e-02,0.225,0.495
-3.6859e-02,0.255,0.15
-3.6858e-02,0.255,0.495
-3.6856e-02,0.31,0.16
-3.6854e-02,0.25,0.475
-3.6853e-02,0.275,0.16
-3.6851e-02,0.38,0.475
-3.6850e-02,0.31,0.155
-3.6848e-02,0.415,0.48
-3.6846e-02,0.265,0.165
-3.6845e-02,0.32,0.475
-3.6843e-02,0.41,0.155
-3.6842e-02,0.35,0.48
-3.6840e-02,0.32,0.115
-3.6838e-02,0.335,0.525
-3.6837e-02,0.285,0.165
-3.6835e-02,0.365,0.48
-3.6834e-02,0.355,0.155
-3.6832e-02,0.365,0.49
-3.6830e-02,0.34,0.17
-3.6829e-02,0.34,0.47
-3.6827e-02,0.4,0.17
-3.6826e-02,0.265,0.475
-3.6824e-02,0.3,0.165
-3.6822e-02,0.275,0.475
-3.6821e-02,0.295,0.16
-3.6819e-02,0.335,0.475
-3.6818e-02,0.35,0.16
-3.6816e-02,0.275,0.48
-3.6814e-02,0.365,0.16
-3.6813e-02,0.31,0.485
-3.6811e-02,0.4,0.135
-3.6810e-02,0.355,0.5
-3.6808e-02,0.365,0.14
-3.6806e-02,0.255,0.49
-3.6805e-02,0.35,0.165
-3.6803e-02,0.365,0.47
-3.6802e-02,0.285,0.165
-3.6800e-02,0.295,0.46
-3.6798e-02,0.305,0.14
-3.6797e-02,0.365,0.5
-3.6795e-02,0.335,0.135
-3.6794e-02,0.38,0.5
-3.6792e-02,0.315,0.145
-3.6790e-02,0.35,0.495
-3.6789e-02,0.37,0.16
-3.6787e-02,0.365,0.48
-3.6786e-02,0.355,0.17
-3.6784e-02,0.375,0.465
-3.6782e-02,0.29,0.155
-3.6781e-02,0.315,0.48
-3.6779e-02,0.38,0.165
-3.6778e-02,0.33,0.465
-3.6776e-02,0.31,0.14
-3.6774e-02,0.26,0.485
-3.6773e-02,0.39,0.135
-3.6771e-02,0.32,0.5
-3.6770e-02,0.405,0.18
-3.6768e-02,0.26,0.455
-3.6766e-02,0.37,0.16
-3.6765e-02,0.365,0.475
-3.6763e-02,0.38,0.17
-3.6762e-02,0.335,0.46
-3.6760e-02,0.315,0.155
-3.6758e-02,0.305,0.48
-3.6757e-02,0.39,0.155
-3.6755e-02,0.35,0.49
-3.6754e-02,0.325,0.165
-3.6752e-02,0.28,0.47
-3.6750e-02,0.385,0.16
-3.6749e-02,0.285,0.47
-3.6747e-02,0.355,0.15
-3.6746e-02,0.355,0.48
-3.6744e-02,0.32,0.15
-3.6742e-02,0.29,0.485
-3.6741e-02,0.345,0.15
-3.6739e-02,0.33,0.49
-3.6738e-02,0.38,0.17
-3.6736e-02,0.29,0.475
-3.6734e-02,0.3,0.14
-3.6733e-02,0.335,0.5
-3.6731e-02,0.365,0.16
-3.6730e-02,0.365,0.475
-3.6728e-02,0.23,0.155
-3.6726e-02,0.31,0.49
-3.6725e-02,0.39,0.165
-3.6723e-02,0.325,0.475
-3.6722e-02,0.35,0.165
-3.6720e-02,0.39,0.47
-3.6718e-02,0.365,0.165
-3.6717e-02,0.46,0.475
-3.6715e-02,0.405,0.16
-3.6714e-02,0.38,0.475
-3.6712e-02,0.415,0.16
-3.6710e-02,0.32,0.48
-3.6709e-02,0.45,0.15
-3.6707e-02,0.325,0.49
-3.6706e-02,0.405,0.14
-3.6704e-02,0.32,0.505
-3.6702e-02,0.38,0.14
-3.6701e-02,0.37,0.5
-3.6699e-02,0.385,0.18
-3.6698e-02,0.365,0.46
-3.6696e-02,0.305,0.165
-3.6694e-02,0.325,0.475
-3.6693e-02,0.335,0.14
-3.6691e-02,0.47,0.5
-3.6690e-02,0.295,0.165
-3.6688e-02,0.375,0.48
-3.6686e-02,0.36,0.17
-3.6685e-02,0.355,0.48
-3.6683e-02,0.415,0.155
-3.6682e-02,0.375,0.485
-3.6680e-02,0.305,0.165
-3.6678e-02,0.335,0.475
-3.6677e-02,0.31,0.13
-3.6675e-02,0.36,0.51
-3.6674e-02,0.26,0.155
-3.6672e-02,0.325,0.49
-3.6670e-02,0.23,0.17
-3.6669e-02,0.22,0.465
-3.6667e-02,0.29,0.165
-3.6666e-02,0.26,0.475
-3.6664e-02,0.17,0.155
-3.6662e-02,0.28,0.485
-3.6661e-02,0.285,0.16
-3.6659e-02,0.325,0.48
-3.6658e-02,0.295,0.155
-3.6656e-02,0.28,0.48
-3.6654e-02,0.285,0.135
-3.6653e-02,0.39,0.505
-3.6651e-02,0.325,0.16
-3.6650e-02,0.265,0.47
-3.6648e-02,0.315,0.16
-3.6646e-02,0.325,0.475
-3.6645e-02,0.31,0.165
-3.6643e-02,0.285,0.47
-3.6642e-02,0.36,0.155
-3.6640e-02,0.21,0.485
-3.6638e-02,0.26,0.155
-3.6637e-02,0.31,0.485
-3.6635e-02,0.27,0.18
-3.6634e-02,0.38,0.455
-3.6632e-02,0.36,0.17
-3.6630e-02,0.35,0.47
-3.6629e-02,0.355,0.15
-3.6627e-02,0.44,0.49
-3.6626e-02,0.415,0.14
-3.6624e-02,0.335,0.505
-3.6622e-02,0.35,0.16
-3.6621e-02,0.43,0.485
-3.6619e-02,0.355,0.155
-3.6618e-02,0.435,0.495
-3.6616e-02,0.24,0.175
-3.6614e-02,0.33,0.47
-3.6613e-02,0.335,0.165
-3.6611e-02,0.36,0.475
-3.6610e-02,0.275,0.16
-3.6608e-02,0.33,0.48
-3.6606e-02,0.39,0.135
-3.6605e-02,0.355,0.5
-3.6603e-02,0.4,0.17
-3.6602e-02,0.385,0.475
-3.6600e-02,0.325,0.17
-3.6598e-02,0.4,0.47
-3.6597e-02,0.325,0.155
-3.6595e-02,0.4,0.485
-3.6594e-02,0.325,0.14
-3.6592e-02,0.35,0.495
-3.6590e-02,0.255,0.16
-3.6589e-02,0.345,0.49
-3.6587e-02,0.375,0.145
-3.6586e-02,0.31,0.5
-3.6584e-02,0.265,0.14
-3.6582e-02,0.29,0.51
-3.6581e-02,0.34,0.165
-3.6579e-02,0.31,0.48
-3.6578e-02,0.33,0.155
-3.6576e-02,0.295,0.49
-3.6574e-02,0.3,0.165
-3.6573e-02,0.355,0.48
-3.6571e-02,0.375,0.17
-3.6570e-02,0.365,0.48
-3.6568e-02,0.32,0.15
-3.6566e-02,0.425,0.5
-3.6565e-02,0.32,0.145
-3.6563e-02,0.44,0.505
-3.6562e-02,0.405,0.18
-3.6560e-02,0.345,0.475
-3.6558e-02,0.39,0.155
-3.6557e-02,0.405,0.495
-3.6555e-02,0.4,0.14
-3.6554e-02,0.375,0.5
-3.6552e-02,0.36,0.16
-3.6550e-02,0.4,0.49
-3.6549e-02,0.43,0.125
-3.6547e-02,0.42,0.52
-3.6546e-02,0.43,0.175
-3.6544e-02,0.295,0.47
-3.6542e-02,0.445,0.16
-3.6541e-02,0.42,0.48
-3.6539e-02,0.345,0.155
-3.6538e-02,0.36,0.49
-3.6536e-02,0.335,0.15
-3.6534e-02,0.34,0.49
-3.6533e-02,0.34,0.15
-3.6531e-02,0.36,0.495
-3.6530e-02,0.345,0.165
-3.6528e-02,0.23,0.475
-3.6526e-02,0.345,0.185
-3.6525e-02,0.29,0.46
-3.6523e-02,0.315,0.165
-3.6522e-02,0.32,0.475
-3.6520e-02,0.3,0.155
-3.6518e-02,0.19,0.48
-3.6517e-02,0.335,0.15
-3.6515e-02,0.3,0.5
-3.6514e-02,0.28,0.16
-3.6512e-02,0.29,0.485
-3.6510e-02,0.265,0.15
-3.6509e-02,0.38,0.485
-3.6507e-02,0.35,0.17
-3.6506e-02,0.285,0.475
-3.6504e-02,0.295,0.145
-3.6502e-02,0.255,0.495
-3.6501e-02,0.365,0.16
-3.6499e-02,0.205,0.48
-3.6498e-02,0.29,0.18
-3.6496e-02,0.28,0.465
-3.6494e-02,0.23,0.17
-3.6493e-02,0.315,0.47
-3.6491e-02,0.305,0.175
-3.6490e-02,0.28,0.46
-3.6488e-02,0.295,0.155
-3.6486e-02,0.28,0.495
-3.6485e-02,0.3,0.155
-3.6483e-02,0.345,0.485
-3.6482e-02,0.29,0.155
-3.6480e-02,0.225,0.48
-3.6478e-02,0.235,0.175
-3.6477e-02,0.295,0.465
-3.6475e-02,0.265,0.16
-3.6474e-02,0.345,0.485
-3.6472e-02,0.26,0.155
-3.6470e-02,0.31,0.485
-3.6469e-02,0.415,0.175
-3.6467e-02,0.365,0.47
-3.6466e-02,0.365,0.16
-3.6464e-02,0.395,0.485
-3.6462e-02,0.335,0.155
-3.6461e-02,0.43,0.485
-3.6459e-02,0.395,0.165
-3.6458e-02,0.395,0.48
-3.6456e-02,0.415,0.17
-3.6454e-02,0.305,0.475
-3.6453e-02,0.44,0.165
-3.6451e-02,0.415,0.475
-3.6450e-02,0.38,0.145
-3.6448e-02,0.37,0.505
-3.6446e-02,0.37,0.18
-3.6445e-02,0.4,0.46
-3.6443e-02,0.445,0.16
-3.6442e-02,0.355,0.495
-3.6440e-02,0.365,0.165
-3.6438e-02,0.335,0.49
-3.6437e-02,0.405,0.11
-3.6435e-02,0.365,0.535
-3.6434e-02,0.385,0.155
-3.6432e-02,0.29,0.49
-3.6430e-02,0.435,0.16
-3.6429e-02,0.295,0.49
-3.6427e-02,0.405,0.19
-3.6426e-02,0.4,0.46
-3.6424e-02,0.3,0.175
-3.6422e-02,0.335,0.47
-3.6421e-02,0.305,0.16
-3.6419e-02,0.31,0.49
-3.6418e-02,0.395,0.175
-3.6416e-02,0.27,0.48
-3.6414e-02,0.285,0.155
-3.6413e-02,0.345,0.495
-3.6411e-02,0.275,0.15
-3.6410e-02,0.42,0.495
-3.6408e-02,0.21,0.175
-3.6406e-02,0.365,0.48
-3.6405e-02,0.33,0.155
-3.6403e-02,0.315,0.49
-3.6402e-02,0.37,0.17
-3.6400e-02,0.305,0.485
-3.6398e-02,0.35,0.155
-3.6397e-02,0.31,0.495
-3.6395e-02,0.375,0.175
-3.6394e-02,0.33,0.47
-3.6392e-02,0.355,0.165
-3.6390e-02,0.265,0.485
-3.6389e-02,0.365,0.165
-3.6387e-02,0.365,0.485
-3.6386e-02,0.38,0.17
-3.6384e-02,0.345,0.48
-3.6382e-02,0.25,0.175
-3.6381e-02,0.395,0.475
-3.6379e-02,0.355,0.16
-3.6378e-02,0.335,0.485
-3.6376e-02,0.35,0.16
-3.6374e-02,0.205,0.48
-3.6373e-02,0.395,0.14
-3.6371e-02,0.28,0.505
-3.6370e-02,0.34,0.14
-3.6368e-02,0.305,0.515
-3.6366e-02,0.285,0.125
-3.6365e-02,0.32,0.525
-3.6363e-02,0.27,0.155
-3.6362e-02,0.365,0.495
-3.6360e-02,0.305,0.17
-3.6358e-02,0.325,0.475
-3.6357e-02,0.295,0.155
-3.6355e-02,0.33,0.49
-3.6354e-02,0.36,0.165
-3.6352e-02,0.325,0.48
-3.6350e-02,0.255,0.165
-3.6349e-02,0.29,0.48
-3.6347e-02,0.365,0.175
-3.6346e-02,0.3,0.465
-3.6344e-02,0.315,0.175
-3.6342e-02,0.26,0.475
-3.6341e-02,0.295,0.18
-3.6339e-02,0.315,0.47
-3.6338e-02,0.285,0.18
-3.6336e-02,0.265,0.465
-3.6334e-02,0.245,0.175
-3.6333e-02,0.285,0.47
-3.6331e-02,0.345,0.18
-3.6330e-02,0.265,0.465
-3.6328e-02,0.36,0.135
-3.6326e-02,0.28,0.51
-3.6325e-02,0.355,0.17
-3.6323e-02,0.32,0.47
-3.6322e-02,0.275,0.125
-3.6320e-02,0.445,0.525
-3.6318e-02,0.215,0.16
-3.6317e-02,0.335,0.49
-3.6315e-02,0.3,0.16
-3.6314e-02,0.34,0.485
-3.6312e-02,0.36,0.155
-3.6310e-02,0.31,0.495
-3.6309e-02,0.245,0.165
-3.6307e-02,0.41,0.485
-3.6306e-02,0.33,0.125
-3.6304e-02,0.405,0.525
-3.6302e-02,0.305,0.155
-3.6301e-02,0.375,0.49
-3.6299e-02,0.38,0.15
-3.6298e-02,0.38,0.5
-3.6296e-02,0.405,0.185
-3.6294e-02,0.295,0.46
-3.6293e-02,0.4,0.17
-3.6291e-02,0.39,0.48
-3.6290e-02,0.375,0.185
-3.6288e-02,0.405,0.47
-3.6286e-02,0.39,0.155
-3.6285e-02,0.33,0.49
-3.6283e-02,0.41,0.15
-3.6282e-02,0.36,0.5
-3.6280e-02,0.455,0.155
-3.6278e-02,0.285,0.505
-3.6277e-02,0.35,0.17
-3.6275e-02,0.365,0.49
-3.6274e-02,0.395,0.17
-3.6272e-02,0.39,0.485
-3.6270e-02,0.285,0.145
-3.6269e-02,0.295,0.505
-3.6267e-02,0.39,0.175
-3.6266e-02,0.31,0.475
-3.6264e-02,0.335,0.15
-3.6262e-02,0.35,0.505
-3.6261e-02,0.295,0.16
-3.6259e-02,0.375,0.49
-3.6258e-02,0.32,0.17
-3.6256e-02,0.39,0.485
-3.6254e-02,0.305,0.17
-3.6253e-02,0.325,0.48
-3.6251e-02,0.34,0.175
-3.6250e-02,0.295,0.48
-3.6248e-02,0.385,0.17
-3.6246e-02,0.255,0.475
-3.6245e-02,0.31,0.18
-3.6243e-02,0.285,0.475
-3.6242e-02,0.41,0.17
-3.6240e-02,0.335,0.49
-3.6238e-02,0.335,0.145
-3.6237e-02,0.305,0.51
-3.6235e-02,0.335,0.17
-3.6234e-02,0.415,0.485
-3.6232e-02,0.265,0.185
-3.6230e-02,0.365,0.47
-3.6229e-02,0.325,0.18
-3.6227e-02,0.31,0.475
-3.6226e-02,0.4,0.165
-3.6224e-02,0.3,0.49
-3.6222e-02,0.38,0.165
-3.6221e-02,0.31,0.485
-3.6219e-02,0.305,0.145
-3.6218e-02,0.355,0.5
-3.6216e-02,0.36,0.135
-3.6214e-02,0.32,0.515
-3.6213e-02,0.28,0.135
-3.6211e-02,0.295,0.51
-3.6210e-02,0.305,0.12
-3.6208e-02,0.28,0.53
-3.6206e-02,0.36,0.165
-3.6205e-02,0.22,0.48
-3.6203e-02,0.28,0.15
-3.6202e-02,0.335,0.49
-3.6200e-02,0.295,0.17
-3.6198e-02,0.305,0.475
-3.6197e-02,0.325,0.175
-3.6195e-02,0.31,0.47
-3.6194e-02,0.3,0.16
-3.6192e-02,0.39,0.485
-3.6190e-02,0.305,0.17
-3.6189e-02,0.425,0.48
-3.6187e-02,0.245,0.17
-3.6186e-02,0.425,0.485
-3.6184e-02,0.35,0.17
-3.6182e-02,0.375,0.465
-3.6181e-02,0.38,0.135
-3.6179e-02,0.255,0.505
-3.6178e-02,0.33,0.17
-3.6176e-02,0.405,0.475
-3.6174e-02,0.325,0.155
-3.6173e-02,0.3,0.49
-3.6171e-02,0.29,0.18
-3.6170e-02,0.3,0.47
-3.6168e-02,0.295,0.16
-3.6166e-02,0.34,0.485
-3.6165e-02,0.27,0.155
-3.6163e-02,0.305,0.495
-3.6162e-02,0.315,0.165
-3.6160e-02,0.29,0.48
-3.6158e-02,0.415,0.165
-3.6157e-02,0.325,0.485
-3.6155e-02,0.445,0.16
-3.6154e-02,0.29,0.49
-3.6152e-02,0.325,0.16
-3.6150e-02,0.405,0.49
-3.6149e-02,0.38,0.18
-3.6147e-02,0.38,0.475
-3.6146e-02,0.335,0.17
-3.6144e-02,0.365,0.49
-3.6142e-02,0.415,0.155
-3.6141e-02,0.325,0.5
-3.6139e-02,0.33,0.135
-3.6138e-02,0.29,0.52
-3.6136e-02,0.3,0.18
-3.6134e-02,0.305,0.485
-3.6133e-02,0.32,0.18
-3.6131e-02,0.245,0.48
-3.6130e-02,0.355,0.19
-3.6128e-02,0.23,0.465
-3.6126e-02,0.355,0.185
-3.6125e-02,0.375,0.475
-3.6123e-02,0.335,0.185
-3.6122e-02,0.345,0.475
-3.6120e-02,0.32,0.185
-3.6118e-02,0.35,0.47
-3.6117e-02,0.39,0.185
-3.6115e-02,0.345,0.475
-3.6114e-02,0.265,0.18
-3.6112e-02,0.295,0.475
-3.6110e-02,0.34,0.155
-3.6109e-02,0.305,0.505
-3.6107e-02,0.385,0.195
-3.6106e-02,0.23,0.46
-3.6104e-02,0.35,0.18
-3.6102e-02,0.315,0.475
-3.6101e-02,0.29,0.19
-3.6099e-02,0.355,0.475
-3.6098e-02,0.28,0.175
-3.6096e-02,0.285,0.49
-3.6094e-02,0.3,0.18
-3.6093e-02,0.345,0.475
-3.6091e-02,0.285,0.18
-3.6090e-02,0.38,0.48
-3.6088e-02,0.275,0.17
-3.6086e-02,0.355,0.49
-3.6085e-02,0.435,0.175
-3.6083e-02,0.355,0.475
-3.6082e-02,0.38,0.175
-3.6080e-02,0.38,0.475
-3.6078e-02,0.38,0.115
-3.6077e-02,0.49,0.535
-3.6075e-02,0.36,0.145
-3.6074e-02,0.375,0.51
-3.6072e-02,0.41,0.155
-3.6070e-02,0.315,0.5
-3.6069e-02,0.44,0.17
-3.6067e-02,0.335,0.485
-3.6066e-02,0.38,0.18
-3.6064e-02,0.35,0.475
-3.6062e-02,0.36,0.16
-3.6061e-02,0.375,0.495
-3.6059e-02,0.35,0.175
-3.6058e-02,0.385,0.48
-3.6056e-02,0.255,0.185
-3.6054e-02,0.355,0.475
-3.6053e-02,0.285,0.17
-3.6051e-02,0.395,0.475
-3.6050e-02,0.4,0.135
-3.6048e-02,0.255,0.515
-3.6046e-02,0.34,0.165
-3.6045e-02,0.335,0.485
-3.6043e-02,0.32,0.165
-3.6042e-02,0.315,0.485
-3.6040e-02,0.235,0.14
-3.6038e-02,0.23,0.505
-3.6037e-02,0.315,0.14
-3.6035e-02,0.24,0.51
-3.6034e-02,0.31,0.17
-3.6032e-02,0.295,0.485
-3.6030e-02,0.27,0.19
-3.6029e-02,0.345,0.465
-3.6027e-02,0.335,0.17
-3.6026e-02,0.345,0.475
-3.6024e-02,0.355,0.185
-3.6022e-02,0.245,0.47
-3.6021e-02,0.405,0.135
-3.6019e-02,0.38,0.515
-3.6018e-02,0.355,0.175
-3.6016e-02,0.27,0.48
-3.6014e-02,0.33,0.165
-3.6013e-02,0.26,0.485
-3.6011e-02,0.37,0.155
-3.6010e-02,0.29,0.485
-3.6008e-02,0.23,0.17
-3.6006e-02,0.325,0.485
-3.6005e-02,0.23,0.13
-3.6003e-02,0.34,0.515
-3.6002e-02,0.305,0.175
-3.6000e-02,0.26,0.485
-3.5998e-02,0.295,0.18
-3.5997e-02,0.25,0.475
-3.5995e-02,0.32,0.145
-3.5994e-02,0.29,0.505
-3.5992e-02,0.31,0.19
-3.5990e-02,0.315,0.465
-3.5989e-02,0.3,0.16
-3.5987e-02,0.37,0.495
-3.5986e-02,0.425,0.185
-3.5984e-02,0.34,0.475
-3.5982e-02,0.345,0.165
-3.5981e-02,0.375,0.49
-3.5979e-02,0.4,0.165
-3.5978e-02,0.395,0.48
-3.5976e-02,0.305,0.18
-3.5974e-02,0.36,0.48
-3.5973e-02,0.35,0.165
-3.5971e-02,0.375,0.49
-3.5970e-02,0.355,0.19
-3.5968e-02,0.39,0.465
-3.5966e-02,0.29,0.175
-3.5965e-02,0.39,0.485
-3.5963e-02,0.305,0.175
-3.5962e-02,0.395,0.49
-3.5960e-02,0.345,0.19
-3.5958e-02,0.365,0.47
-3.5957e-02,0.27,0.18
-3.5955e-02,0.37,0.48
-3.5954e-02,0.345,0.16
-3.5952e-02,0.345,0.495
-3.5950e-02,0.36,0.155
-3.5949e-02,0.245,0.505
-3.5947e-02,0.395,0.17
-3.5946e-02,0.36,0.49
-3.5944e-02,0.305,0.185
-3.5942e-02,0.355,0.48
-3.5941e-02,0.29,0.18
-3.5939e-02,0.375,0.48
-3.5938e-02,0.37,0.18
-3.5936e-02,0.325,0.485
-3.5934e-02,0.37,0.195
-3.5933e-02,0.33,0.46
-3.5931e-02,0.38,0.17
-3.5930e-02,0.415,0.495
-3.5928e-02,0.36,0.17
-3.5926e-02,0.36,0.49
-3.5925e-02,0.345,0.155
-3.5923e-02,0.37,0.51
-3.5922e-02,0.37,0.16
-3.5920e-02,0.39,0.505
-3.5918e-02,0.26,0.17
-3.5917e-02,0.4,0.48
-3.5915e-02,0.285,0.155
-3.5914e-02,0.45,0.505
-3.5912e-02,0.235,0.16
-3.5910e-02,0.32,0.485
-3.5909e-02,0.315,0.17
-3.5907e-02,0.31,0.49
-3.5906e-02,0.36,0.17
-3.5904e-02,0.305,0.485
-3.5902e-02,0.305,0.165
-3.5901e-02,0.315,0.495
-3.5899e-02,0.355,0.175
-3.5898e-02,0.355,0.48
-3.5896e-02,0.335,0.145
-3.5894e-02,0.325,0.51
-3.5893e-02,0.35,0.135
-3.5891e-02,0.235,0.525
-3.5890e-02,0.37,0.185
-3.5888e-02,0.32,0.47
-3.5886e-02,0.285,0.18
-3.5885e-02,0.295,0.48
-3.5883e-02,0.27,0.175
-3.5882e-02,0.39,0.475
-3.5880e-02,0.265,0.19
-3.5878e-02,0.27,0.47
-3.5877e-02,0.255,0.17
-3.5875e-02,0.285,0.485
-3.5874e-02,0.325,0.18
-3.5872e-02,0.26,0.47
-3.5870e-02,0.285,0.17
-3.5869e-02,0.265,0.485
-3.5867e-02,0.28,0.19
-3.5866e-02,0.29,0.47
-3.5864e-02,0.285,0.145
-3.5862e-02,0.25,0.51
-3.5861e-02,0.31,0.17
-3.5859e-02,0.2,0.495
-3.5858e-02,0.35,0.18
-3.5856e-02,0.27,0.475
-3.5854e-02,0.295,0.185
-3.5853e-02,0.265,0.47
-3.5851e-02,0.31,0.19
-3.5850e-02,0.385,0.475
-3.5848e-02,0.365,0.15
-3.5846e-02,0.405,0.51
-3.5845e-02,0.34,0.13
-3.5843e-02,0.4,0.53
-3.5842e-02,0.405,0.19
-3.5840e-02,0.45,0.475
-3.5838e-02,0.37,0.2
-3.5837e-02,0.44,0.455
-3.5835e-02,0.325,0.17
-3.5834e-02,0.405,0.485
-3.5832e-02,0.29,0.18
-3.5830e-02,0.415,0.48
-3.5829e-02,0.3,0.19
-3.5827e-02,0.31,0.47
-3.5826e-02,0.28,0.175
-3.5824e-02,0.345,0.485
-3.5822e-02,0.365,0.16
-3.5821e-02,0.33,0.505
-3.5819e-02,0.33,0.195
-3.5818e-02,0.33,0.47
-3.5816e-02,0.4,0.16
-3.5814e-02,0.36,0.5
-3.5813e-02,0.395,0.15
-3.5811e-02,0.31,0.51
-3.5810e-02,0.38,0.17
-3.5808e-02,0.32,0.495
-3.5806e-02,0.39,0.16
-3.5805e-02,0.305,0.505
-3.5803e-02,0.375,0.145
-3.5802e-02,0.25,0.51
-3.5800e-02,0.26,0.175
-3.5798e-02,0.325,0.485
-3.5797e-02,0.305,0.14
-3.5795e-02,0.325,0.515
-3.5794e-02,0.27,0.16
-3.5792e-02,0.3,0.505
-3.5790e-02,0.315,0.17
-3.5789e-02,0.375,0.495
-3.5787e-02,0.31,0.155
-3.5786e-02,0.325,0.495
-3.5784e-02,0.3,0.165
-3.5782e-02,0.35,0.495
-3.5781e-02,0.315,0.2
-3.5779e-02,0.33,0.46
-3.5778e-02,0.33,0.155
-3.5776e-02,0.3,0.51
-3.5774e-02,0.315,0.15
-3.5773e-02,0.31,0.505
-3.5771e-02,0.385,0.16
-3.5770e-02,0.285,0.495
-3.5768e-02,0.275,0.155
-3.5766e-02,0.365,0.51
-3.5765e-02,0.29,0.175
-3.5763e-02,0.355,0.485
-3.5762e-02,0.31,0.18
-3.5760e-02,0.27,0.475
-3.5758e-02,0.285,0.175
-3.5757e-02,0.355,0.485
-3.5755e-02,0.27,0.17
-3.5754e-02,0.31,0.485
-3.5752e-02,0.255,0.16
-3.5750e-02,0.305,0.505
-3.5749e-02,0.255,0.16
-3.5747e-02,0.37,0.5
-3.5746e-02,0.38,0.16
-3.5744e-02,0.31,0.495
-3.5742e-02,0.375,0.18
-3.5741e-02,0.29,0.475
-3.5739e-02,0.405,0.17
-3.5738e-02,0.39,0.49
-3.5736e-02,0.345,0.165
-3.5734e-02,0.32,0.5
-3.5733e-02,0.305,0.18
-3.5731e-02,0.37,0.485
-3.5730e-02,0.34,0.18
-3.5728e-02,0.31,0.48
-3.5726e-02,0.34,0.17
-3.5725e-02,0.35,0.495
-3.5723e-02,0.425,0.165
-3.5722e-02,0.34,0.485
-3.5720e-02,0.415,0.185
-3.5718e-02,0.345,0.475
-3.5717e-02,0.325,0.165
-3.5715e-02,0.35,0.49
-3.5714e-02,0.37,0.17
-3.5712e-02,0.305,0.485
-3.5710e-02,0.28,0.17
-3.5709e-02,0.34,0.485
-3.5707e-02,0.295,0.165
-3.5706e-02,0.4,0.5
-3.5704e-02,0.3,0.18
-3.5702e-02,0.3,0.48
-3.5701e-02,0.285,0.18
-3.5699e-02,0.355,0.485
-3.5698e-02,0.34,0.155
-3.5696e-02,0.31,0.5
-3.5694e-02,0.295,0.185
-3.5693e-02,0.34,0.48
-3.5691e-02,0.295,0.18
-3.5690e-02,0.365,0.485
-3.5688e-02,0.375,0.17
-3.5686e-02,0.33,0.495
-3.5685e-02,0.335,0.18
-3.5683e-02,0.36,0.485
-3.5682e-02,0.365,0.18
-3.5680e-02,0.365,0.49
-3.5678e-02,0.405,0.19
-3.5677e-02,0.28,0.475
-3.5675e-02,0.335,0.17
-3.5674e-02,0.38,0.495
-3.5672e-02,0.38,0.185
-3.5670e-02,0.32,0.48
-3.5669e-02,0.285,0.19
-3.5667e-02,0.38,0.48
-3.5666e-02,0.34,0.135
-3.5664e-02,0.325,0.525
-3.5662e-02,0.305,0.185
-3.5661e-02,0.32,0.485
-3.5659e-02,0.35,0.16
-3.5658e-02,0.415,0.515
-3.5656e-02,0.38,0.165
-3.5654e-02,0.35,0.5
-3.5653e-02,0.39,0.19
-3.5651e-02,0.315,0.475
-3.5650e-02,0.365,0.165
-3.5648e-02,0.43,0.5
-3.5646e-02,0.31,0.175
-3.5645e-02,0.38,0.49
-3.5643e-02,0.28,0.18
-3.5642e-02,0.365,0.49
-3.5640e-02,0.365,0.155
-3.5638e-02,0.305,0.52
-3.5637e-02,0.28,0.175
-3.5635e-02,0.265,0.485
-3.5634e-02,0.325,0.185
-3.5632e-02,0.265,0.485
-3.5630e-02,0.325,0.185
-3.5629e-02,0.305,0.48
-3.5627e-02,0.28,0.135
-3.5626e-02,0.325,0.525
-3.5624e-02,0.34,0.175
-3.5622e-02,0.345,0.48
-3.5621e-02,0.405,0.14
-3.5619e-02,0.265,0.52
-3.5618e-02,0.39,0.165
-3.5616e-02,0.345,0.51
-3.5614e-02,0.39,0.18
-3.5613e-02,0.355,0.485
-3.5611e-02,0.32,0.185
-3.5610e-02,0.285,0.48
-3.5608e-02,0.39,0.195
-3.5606e-02,0.34,0.47
-3.5605e-02,0.32,0.185
-3.5603e-02,0.295,0.48
-3.5602e-02,0.36,0.185
-3.5600e-02,0.31,0.47
-3.5598e-02,0.355,0.175
-3.5597e-02,0.355,0.49
-3.5595e-02,0.26,0.16
-3.5594e-02,0.32,0.5
-3.5592e-02,0.27,0.18
-3.5590e-02,0.325,0.475
-3.5589e-02,0.355,0.175
-3.5587e-02,0.19,0.48
-3.5586e-02,0.295,0.16
-3.5584e-02,0.275,0.495
-3.5582e-02,0.31,0.17
-3.5581e-02,0.345,0.49
-3.5579e-02,0.265,0.16
-3.5578e-02,0.33,0.51
-3.5576e-02,0.265,0.17
-3.5574e-02,0.44,0.5
-3.5573e-02,0.3,0.19
-3.5571e-02,0.375,0.465
-3.5570e-02,0.36,0.185
-3.5568e-02,0.335,0.475
-3.5566e-02,0.39,0.19
-3.5565e-02,0.36,0.47
-3.5563e-02,0.335,0.15
-3.5562e-02,0.33,0.515
-3.5560e-02,0.29,0.17
-3.5558e-02,0.34,0.495
-3.5557e-02,0.42,0.19
-3.5555e-02,0.25,0.475
-3.5554e-02,0.375,0.155
-3.5552e-02,0.345,0.51
-3.5550e-02,0.395,0.145
-3.5549e-02,0.365,0.515
-3.5547e-02,0.345,0.135
-3.5546e-02,0.305,0.525
-3.5544e-02,0.34,0.165
-3.5542e-02,0.375,0.5
-3.5541e-02,0.35,0.175
-3.5539e-02,0.365,0.49
-3.5538e-02,0.34,0.175
-3.5536e-02,0.365,0.495
-3.5534e-02,0.365,0.185
-3.5533e-02,0.27,0.485
-3.5531e-02,0.44,0.195
-3.5530e-02,0.28,0.475
-3.5528e-02,0.25,0.17
-3.5526e-02,0.335,0.495
-3.5525e-02,0.28,0.16
-3.5523e-02,0.35,0.505
-3.5522e-02,0.29,0.17
-3.5520e-02,0.27,0.5
-3.5518e-02,0.29,0.2
-3.5517e-02,0.31,0.47
-3.5515e-02,0.32,0.175
-3.5514e-02,0.265,0.49
-3.5512e-02,0.23,0.175
-3.5510e-02,0.34,0.495
-3.5509e-02,0.195,0.19
-3.5507e-02,0.345,0.48
-3.5506e-02,0.27,0.185
-3.5504e-02,0.25,0.485
-3.5502e-02,0.29,0.185
-3.5501e-02,0.26,0.485
-3.5499e-02,0.35,0.165
-3.5498e-02,0.29,0.5
-3.5496e-02,0.25,0.19
-3.5494e-02,0.305,0.485
-3.5493e-02,0.28,0.17
-3.5491e-02,0.345,0.5
-3.5490e-02,0.31,0.185
-3.5488e-02,0.295,0.485
-3.5486e-02,0.315,0.19
-3.5485e-02,0.29,0.49
-3.5483e-02,0.395,0.19
-3.5482e-02,0.335,0.48
-3.5480e-02,0.37,0.195
-3.5478e-02,0.34,0.475
-3.5477e-02,0.41,0.19
-3.5475e-02,0.34,0.48
-3.5474e-02,0.435,0.195
-3.5472e-02,0.42,0.475
-3.5470e-02,0.35,0.185
-3.5469e-02,0.365,0.485
-3.5467e-02,0.375,0.17
-3.5466e-02,0.395,0.5
-3.5464e-02,0.325,0.17
-3.5462e-02,0.285,0.5
-3.5461e-02,0.3,0.175
-3.5459e-02,0.28,0.495
-3.5458e-02,0.395,0.19
-3.5456e-02,0.24,0.475
-3.5454e-02,0.36,0.19
-3.5453e-02,0.255,0.47
-3.5451e-02,0.335,0.19
-3.5450e-02,0.335,0.475
-3.5448e-02,0.345,0.17
-3.5446e-02,0.33,0.5
-3.5445e-02,0.315,0.15
-3.5443e-02,0.34,0.51
-3.5442e-02,0.36,0.17
-3.5440e-02,0.36,0.49
-3.5438e-02,0.345,0.185
-3.5437e-02,0.315,0.485
-3.5435e-02,0.315,0.175
-3.5434e-02,0.355,0.485
-3.5432e-02,0.385,0.15
-3.5430e-02,0.28,0.52
-3.5429e-02,0.325,0.16
-3.5427e-02,0.3,0.505
-3.5426e-02,0.39,0.15
-3.5424e-02,0.33,0.515
-3.5422e-02,0.355,0.165
-3.5421e-02,0.39,0.5
-3.5419e-02,0.305,0.16
-3.5418e-02,0.395,0.5
-3.5416e-02,0.34,0.18
-3.5414e-02,0.45,0.485
-3.5413e-02,0.325,0.185
-3.5411e-02,0.33,0.48
-3.5410e-02,0.34,0.2
-3.5408e-02,0.365,0.465
-3.5406e-02,0.345,0.165
-3.5405e-02,0.305,0.505
-3.5403e-02,0.255,0.205
-3.5402e-02,0.35,0.465
-3.5400e-02,0.28,0.185
-3.5398e-02,0.31,0.49
-3.5397e-02,0.23,0.15
-3.5395e-02,0.26,0.52
-3.5394e-02,0.28,0.17
-3.5392e-02,0.225,0.505
-3.5390e-02,0.31,0.165
-3.5389e-02,0.275,0.51
-3.5387e-02,0.28,0.155
-3.5386e-02,0.26,0.505
-3.5384e-02,0.31,0.16
-3.5382e-02,0.4,0.515
-3.5381e-02,0.345,0.205
-3.5379e-02,0.325,0.465
-3.5378e-02,0.32,0.185
-3.5376e-02,0.34,0.475
-3.5374e-02,0.415,0.175
-3.5373e-02,0.36,0.495
-3.5371e-02,0.39,0.185
-3.5370e-02,0.345,0.49
-3.5368e-02,0.41,0.18
-3.5366e-02,0.37,0.49
-3.5365e-02,0.375,0.19
-3.5363e-02,0.37,0.47
-3.5362e-02,0.35,0.195
-3.5360e-02,0.245,0.48
-3.5358e-02,0.35,0.18
-3.5357e-02,0.29,0.49
-3.5355e-02,0.395,0.16
-3.5354e-02,0.225,0.505
-3.5352e-02,0.365,0.175
-3.5350e-02,0.315,0.5
-3.5349e-02,0.43,0.18
-3.5347e-02,0.345,0.49
-3.5346e-02,0.355,0.165
-3.5344e-02,0.34,0.495
-3.5342e-02,0.41,0.19
-3.5341e-02,0.38,0.485
-3.5339e-02,0.355,0.175
-3.5338e-02,0.295,0.485
-3.5336e-02,0.38,0.19
-3.5334e-02,0.22,0.48
-3.5333e-02,0.38,0.195
-3.5331e-02,0.315,0.48
-3.5330e-02,0.325,0.175
-3.5328e-02,0.265,0.5
-3.5326e-02,0.26,0.17
-3.5325e-02,0.355,0.505
-3.5323e-02,0.325,0.16
-3.5322e-02,0.35,0.5
-3.5320e-02,0.335,0.185
-3.5318e-02,0.295,0.48
-3.5317e-02,0.37,0.175
-3.5315e-02,0.34,0.49
-3.5314e-02,0.335,0.2
-3.5312e-02,0.285,0.47
-3.5310e-02,0.315,0.15
-3.5309e-02,0.245,0.515
-3.5307e-02,0.295,0.18
-3.5306e-02,0.305,0.48
-3.5304e-02,0.305,0.19
-3.5302e-02,0.24,0.485
-3.5301e-02,0.29,0.17
-3.5299e-02,0.3,0.5
-3.5298e-02,0.36,0.175
-3.5296e-02,0.26,0.49
-3.5294e-02,0.285,0.195
-3.5293e-02,0.305,0.475
-3.5291e-02,0.4,0.195
-3.5290e-02,0.365,0.475
-3.5288e-02,0.345,0.195
-3.5286e-02,0.335,0.475
-3.5285e-02,0.395,0.15
-3.5283e-02,0.43,0.515
-3.5282e-02,0.3,0.195
-3.5280e-02,0.43,0.48
-3.5278e-02,0.275,0.185
-3.5277e-02,0.395,0.48
-3.5275e-02,0.255,0.19
-3.5274e-02,0.34,0.48
-3.5272e-02,0.38,0.175
-3.5270e-02,0.195,0.495
-3.5269e-02,0.33,0.185
-3.5267e-02,0.21,0.48
-3.5266e-02,0.365,0.2
-3.5264e-02,0.25,0.48
-3.5262e-02,0.265,0.165
-3.5261e-02,0.265,0.505
-3.5259e-02,0.33,0.195
-3.5258e-02,0.32,0.485
-3.5256e-02,0.375,0.16
-3.5254e-02,0.335,0.51
-3.5253e-02,0.365,0.165
-3.5251e-02,0.415,0.51
-3.5250e-02,0.38,0.17
-3.5248e-02,0.355,0.505
-3.5246e-02,0.34,0.185
-3.5245e-02,0.305,0.5
-3.5243e-02,0.375,0.16
-3.5242e-02,0.34,0.51
-3.5240e-02,0.405,0.19
-3.5238e-02,0.29,0.485
-3.5237e-02,0.375,0.175
-3.5235e-02,0.41,0.5
-3.5234e-02,0.405,0.18
-3.5232e-02,0.415,0.495
-3.5230e-02,0.365,0.165
-3.5229e-02,0.39,0.5
-3.5227e-02,0.365,0.185
-3.5226e-02,0.415,0.49
-3.5224e-02,0.285,0.185
-3.5222e-02,0.295,0.49
-3.5221e-02,0.325,0.165
-3.5219e-02,0.3,0.51
-3.5218e-02,0.345,0.19
-3.5216e-02,0.255,0.475
-3.5214e-02,0.35,0.195
-3.5213e-02,0.3,0.485
-3.5211e-02,0.35,0.18
-3.5210e-02,0.43,0.495
-3.5208e-02,0.31,0.19
-3.5206e-02,0.44,0.49
-3.5205e-02,0.305,0.195
-3.5203e-02,0.365,0.48
-3.5202e-02,0.365,0.18
-3.5200e-02,0.365,0.49
-3.5198e-02,0.33,0.19
-3.5197e-02,0.305,0.48
-3.5195e-02,0.335,0.18
-3.5194e-02,0.38,0.495
-3.5192e-02,0.37,0.18
-3.5190e-02,0.265,0.49
-3.5189e-02,0.42,0.185
-3.5187e-02,0.315,0.495
-3.5186e-02,0.44,0.19
-3.5184e-02,0.35,0.49
-3.5182e-02,0.37,0.175
-3.5181e-02,0.365,0.49
-3.5179e-02,0.37,0.17
-3.5178e-02,0.395,0.5
-3.5176e-02,0.395,0.185
-3.5174e-02,0.325,0.49
-3.5173e-02,0.355,0.17
-3.5171e-02,0.305,0.5
-3.5170e-02,0.365,0.175
-3.5168e-02,0.33,0.505
-3.5166e-02,0.355,0.195
-3.5165e-02,0.24,0.475
-3.5163e-02,0.31,0.2
-3.5162e-02,0.35,0.475
-3.5160e-02,0.335,0.165
-3.5158e-02,0.3,0.505
-3.5157e-02,0.245,0.19
-3.5155e-02,0.37,0.485
-3.5154e-02,0.265,0.175
-3.5152e-02,0.375,0.495
-3.5150e-02,0.29,0.155
-3.5149e-02,0.395,0.51
-3.5147e-02,0.35,0.17
-3.5146e-02,0.405,0.51
-3.5144e-02,0.405,0.185
-3.5142e-02,0.375,0.485
-3.5141e-02,0.36,0.175
-3.5139e-02,0.375,0.495
-3.5138e-02,0.415,0.19
-3.5136e-02,0.335,0.48
-3.5134e-02,0.365,0.15
-3.5133e-02,0.26,0.53
-3.5131e-02,0.395,0.17
-3.5130e-02,0.33,0.5
-3.5128e-02,0.35,0.205
-3.5126e-02,0.33,0.475
-3.5125e-02,0.325,0.16
-3.5123e-02,0.38,0.51
-3.5122e-02,0.41,0.18
-3.5120e-02,0.29,0.49
-3.5118e-02,0.3,0.165
-3.5117e-02,0.305,0.505
-3.5115e-02,0.325,0.16
-3.5114e-02,0.33,0.51
-3.5112e-02,0.255,0.16
-3.5110e-02,0.31,0.51
-3.5109e-02,0.3,0.16
-3.5107e-02,0.325,0.515
-3.5106e-02,0.365,0.185
-3.5104e-02,0.345,0.495
-3.5102e-02,0.385,0.16
-3.5101e-02,0.33,0.51
-3.5099e-02,0.38,0.15
-3.5098e-02,0.425,0.525
-3.5096e-02,0.4,0.18
-3.5094e-02,0.37,0.495
-3.5093e-02,0.325,0.19
-3.5091e-02,0.485,0.49
-3.5090e-02,0.355,0.2
-3.5088e-02,0.41,0.485
-3.5086e-02,0.275,0.19
-3.5085e-02,0.425,0.485
-3.5083e-02,0.315,0.18
-3.5082e-02,0.38,0.5
-3.5080e-02,0.235,0.165
-3.5078e-02,0.265,0.51
-3.5077e-02,0.325,0.16
-3.5075e-02,0.315,0.515
-3.5074e-02,0.31,0.175
-3.5072e-02,0.28,0.5
-3.5070e-02,0.275,0.17
-3.5069e-02,0.31,0.505
-3.5067e-02,0.29,0.19
-3.5066e-02,0.305,0.48
-3.5064e-02,0.26,0.165
-3.5062e-02,0.3,0.51
-3.5061e-02,0.165,0.185
-3.5059e-02,0.29,0.49
-3.5058e-02,0.28,0.15
-3.5056e-02,0.325,0.525
-3.5054e-02,0.245,0.155
-3.5053e-02,0.29,0.525
-3.5051e-02,0.375,0.17
-3.5050e-02,0.395,0.5
-3.5048e-02,0.385,0.185
-3.5046e-02,0.38,0.49
-3.5045e-02,0.33,0.175
-3.5043e-02,0.395,0.5
-3.5042e-02,0.375,0.19
-3.5040e-02,0.325,0.48
-3.5038e-02,0.37,0.195
-3.5037e-02,0.255,0.475
-3.5035e-02,0.35,0.19
-3.5034e-02,0.38,0.485
-3.5032e-02,0.295,0.155
-3.5030e-02,0.345,0.515
-3.5029e-02,0.24,0.16
-3.5027e-02,0.3,0.51
-3.5026e-02,0.37,0.17
-3.5024e-02,0.35,0.5
-3.5022e-02,0.335,0.195
-3.5021e-02,0.305,0.475
-3.5019e-02,0.37,0.16
-3.5018e-02,0.4,0.5
-3.5016e-02,0.345,0.185
-3.5014e-02,0.32,0.49
-3.5013e-02,0.29,0.155
-3.5011e-02,0.32,0.515
-3.5010e-02,0.345,0.19
-3.5008e-02,0.365,0.485
-3.5006e-02,0.415,0.18
-3.5005e-02,0.37,0.495
-3.5003e-02,0.375,0.195
-3.5002e-02,0.41,0.475
-3.5000e-02,0.38,0.18
-3.4998e-02,0.415,0.495
-3.4997e-02,0.315,0.16
-3.4995e-02,0.325,0.515
-3.4994e-02,0.305,0.185
-3.4992e-02,0.335,0.485
-3.4990e-02,0.365,0.16
-3.4989e-02,0.275,0.515
-3.4987e-02,0.28,0.195
-3.4986e-02,0.33,0.475
-3.4984e-02,0.31,0.15
-3.4982e-02,0.29,0.53
-3.4981e-02,0.32,0.145
-3.4979e-02,0.25,0.53
-3.4978e-02,0.39,0.165
-3.4976e-02,0.265,0.505
-3.4974e-02,0.425,0.165
-3.4973e-02,0.3,0.505
-3.4971e-02,0.28,0.18
-3.4970e-02,0.305,0.5
-3.4968e-02,0.315,0.165
-3.4966e-02,0.415,0.515
-3.4965e-02,0.36,0.185
-3.4963e-02,0.33,0.495
-3.4962e-02,0.42,0.19
-3.4960e-02,0.32,0.49
-3.4958e-02,0.395,0.17
-3.4957e-02,0.345,0.505
-3.4955e-02,0.34,0.18
-3.4954e-02,0.34,0.495
-3.4952e-02,0.355,0.185
-3.4950e-02,0.355,0.49
-3.4949e-02,0.375,0.175
-3.4947e-02,0.44,0.505
-3.4946e-02,0.32,0.18
-3.4944e-02,0.34,0.5
-3.4942e-02,0.27,0.15
-3.4941e-02,0.31,0.52
-3.4939e-02,0.425,0.19
-3.4938e-02,0.285,0.49
-3.4936e-02,0.335,0.2
-3.4934e-02,0.32,0.485
-3.4933e-02,0.295,0.16
-3.4931e-02,0.345,0.51
-3.4930e-02,0.295,0.18
-3.4928e-02,0.375,0.5
-3.4926e-02,0.38,0.2
-3.4925e-02,0.315,0.485
-3.4923e-02,0.425,0.17
-3.4922e-02,0.38,0.505
-3.4920e-02,0.31,0.2
-3.4918e-02,0.34,0.485
-3.4917e-02,0.35,0.205
-3.4915e-02,0.385,0.475
-3.4914e-02,0.425,0.185
-3.4912e-02,0.305,0.495
-3.4910e-02,0.285,0.195
-3.4909e-02,0.27,0.485
-3.4907e-02,0.29,0.195
-3.4906e-02,0.265,0.49
-3.4904e-02,0.37,0.155
-3.4902e-02,0.235,0.52
-3.4901e-02,0.305,0.185
-3.4899e-02,0.31,0.495
-3.4898e-02,0.25,0.16
-3.4896e-02,0.4,0.51
-3.4894e-02,0.355,0.175
-3.4893e-02,0.33,0.495
-3.4891e-02,0.375,0.185
-3.4890e-02,0.335,0.485
-3.4888e-02,0.36,0.195
-3.4886e-02,0.315,0.485
-3.4885e-02,0.225,0.18
-3.4883e-02,0.365,0.5
-3.4882e-02,0.275,0.165
-3.4880e-02,0.325,0.515
-3.4878e-02,0.265,0.2
-3.4877e-02,0.255,0.475
-3.4875e-02,0.285,0.135
-3.4874e-02,0.305,0.54
-3.4872e-02,0.365,0.185
-3.4870e-02,0.255,0.49
-3.4869e-02,0.38,0.17
-3.4867e-02,0.245,0.515
-3.4866e-02,0.335,0.17
-3.4864e-02,0.315,0.515
-3.4862e-02,0.365,0.14
-3.4861e-02,0.23,0.535
-3.4859e-02,0.315,0.165
-3.4858e-02,0.29,0.52
-3.4856e-02,0.34,0.165
-3.4854e-02,0.295,0.515
-3.4853e-02,0.275,0.185
-3.4851e-02,0.31,0.49
-3.4850e-02,0.325,0.175
-3.4848e-02,0.28,0.5
-3.4846e-02,0.275,0.165
-3.4845e-02,0.325,0.515
-3.4843e-02,0.29,0.185
-3.4842e-02,0.335,0.495
-3.4840e-02,0.38,0.165
-3.4838e-02,0.305,0.505
-3.4837e-02,0.405,0.19
-3.4835e-02,0.295,0.485
-3.4834e-02,0.365,0.185
-3.4832e-02,0.38,0.485
-3.4830e-02,0.425,0.18
-3.4829e-02,0.37,0.495
-3.4827e-02,0.325,0.18
-3.4826e-02,0.395,0.505
-3.4824e-02,0.4,0.18
-3.4822e-02,0.445,0.49
-3.4821e-02,0.325,0.135
-3.4819e-02,0.315,0.545
-3.4818e-02,0.39,0.17
-3.4816e-02,0.335,0.515
-3.4814e-02,0.355,0.16
-3.4813e-02,0.36,0.51
-3.4811e-02,0.27,0.18
-3.4810e-02,0.275,0.5
-3.4808e-02,0.33,0.175
-3.4806e-02,0.35,0.51
-3.4805e-02,0.35,0.175
-3.4803e-02,0.375,0.5
-3.4802e-02,0.27,0.16
-3.4800e-02,0.34,0.515
-3.4798e-02,0.37,0.17
-3.4797e-02,0.44,0.505
-3.4795e-02,0.305,0.165
-3.4794e-02,0.285,0.515
-3.4792e-02,0.34,0.185
-3.4790e-02,0.295,0.495
-3.4789e-02,0.315,0.18
-3.4787e-02,0.27,0.495
-3.4786e-02,0.265,0.18
-3.4784e-02,0.235,0.5
-3.4782e-02,0.31,0.175
-3.4781e-02,0.305,0.51
-3.4779e-02,0.29,0.19
-3.4778e-02,0.345,0.485
-3.4776e-02,0.245,0.165
-3.4774e-02,0.335,0.51
-3.4773e-02,0.365,0.175
-3.4771e-02,0.355,0.51
-3.4770e-02,0.27,0.195
-3.4768e-02,0.365,0.485
-3.4766e-02,0.34,0.185
-3.4765e-02,0.325,0.495
-3.4763e-02,0.385,0.175
-3.4762e-02,0.33,0.5
-3.4760e-02,0.37,0.185
-3.4758e-02,0.39,0.495
-3.4757e-02,0.4,0.165
-3.4755e-02,0.33,0.51
-3.4754e-02,0.41,0.175
-3.4752e-02,0.41,0.505
-3.4750e-02,0.375,0.185
-3.4749e-02,0.325,0.495
-3.4747e-02,0.435,0.18
-3.4746e-02,0.34,0.5
-3.4744e-02,0.41,0.165
-3.4742e-02,0.375,0.515
-3.4741e-02,0.37,0.16
-3.4739e-02,0.4,0.515
-3.4738e-02,0.325,0.15
-3.4736e-02,0.405,0.53
-3.4734e-02,0.35,0.175
-3.4733e-02,0.38,0.5
-3.4731e-02,0.37,0.165
-3.4730e-02,0.275,0.51
-3.4728e-02,0.39,0.185
-3.4726e-02,0.385,0.495
-3.4725e-02,0.28,0.15
-3.4723e-02,0.295,0.525
-3.4722e-02,0.28,0.16
-3.4720e-02,0.38,0.52
-3.4718e-02,0.26,0.14
-3.4717e-02,0.3,0.545
-3.4715e-02,0.29,0.18
-3.4714e-02,0.22,0.5
-3.4712e-02,0.37,0.175
-3.4710e-02,0.29,0.51
-3.4709e-02,0.305,0.15
-3.4707e-02,0.285,0.535
-3.4706e-02,0.325,0.15
-3.4704e-02,0.33,0.535
-3.4702e-02,0.35,0.155
-3.4701e-02,0.405,0.52
-3.4699e-02,0.345,0.165
-3.4698e-02,0.34,0.515
-3.4696e-02,0.4,0.15
-3.4694e-02,0.37,0.525
-3.4693e-02,0.35,0.185
-3.4691e-02,0.35,0.5
-3.4690e-02,0.345,0.185
-3.4688e-02,0.28,0.495
-3.4686e-02,0.42,0.17
-3.4685e-02,0.35,0.515
-3.4683e-02,0.35,0.19
-3.4682e-02,0.41,0.49
-3.4680e-02,0.42,0.18
-3.4678e-02,0.315,0.495
-3.4677e-02,0.415,0.155
-3.4675e-02,0.385,0.52
-3.4674e-02,0.4,0.185
-3.4672e-02,0.3,0.49
-3.4670e-02,0.395,0.15
-3.4669e-02,0.29,0.525
-3.4667e-02,0.36,0.17
-3.4666e-02,0.37,0.505
-3.4664e-02,0.235,0.175
-3.4662e-02,0.33,0.5
-3.4661e-02,0.245,0.185
-3.4659e-02,0.335,0.5
-3.4658e-02,0.27,0.18
-3.4656e-02,0.3,0.5
-3.4654e-02,0.29,0.185
-3.4653e-02,0.235,0.495
-3.4651e-02,0.35,0.17
-3.4650e-02,0.325,0.505
-3.4648e-02,0.295,0.185
-3.4646e-02,0.245,0.505
-3.4645e-02,0.29,0.19
-3.4643e-02,0.35,0.49
-3.4642e-02,0.355,0.195
-3.4640e-02,0.375,0.49
-3.4638e-02,0.255,0.18
-3.4637e-02,0.34,0.495
-3.4635e-02,0.395,0.16
-3.4634e-02,0.37,0.52
-3.4632e-02,0.35,0.155
-3.4630e-02,0.365,0.52
-3.4629e-02,0.305,0.185
-3.4627e-02,0.39,0.49
-3.4626e-02,0.335,0.17
-3.4624e-02,0.455,0.505
-3.4622e-02,0.285,0.19
-3.4621e-02,0.32,0.495
-3.4619e-02,0.405,0.18
-3.4618e-02,0.39,0.495
-3.4616e-02,0.36,0.19
-3.4614e-02,0.37,0.5
-3.4613e-02,0.295,0.175
-3.4611e-02,0.4,0.51
-3.4610e-02,0.37,0.185
-3.4608e-02,0.395,0.495
-3.4606e-02,0.22,0.175
-3.4605e-02,0.3,0.51
-3.4603e-02,0.395,0.175
-3.4602e-02,0.315,0.505
-3.4600e-02,0.28,0.19
-3.4598e-02,0.29,0.49
-3.4597e-02,0.32,0.19
-3.4595e-02,0.305,0.495
-3.4594e-02,0.305,0.18
-3.4592e-02,0.3,0.495
-3.4590e-02,0.325,0.16
-3.4589e-02,0.245,0.515
-3.4587e-02,0.41,0.155
-3.4586e-02,0.415,0.525
-3.4584e-02,0.39,0.185
-3.4582e-02,0.37,0.505
-3.4581e-02,0.365,0.155
-3.4579e-02,0.43,0.525
-3.4578e-02,0.43,0.19
-3.4576e-02,0.345,0.5
-3.4574e-02,0.385,0.17
-3.4573e-02,0.21,0.515
-3.4571e-02,0.395,0.155
-3.4570e-02,0.325,0.52
-3.4568e-02,0.25,0.185
-3.4566e-02,0.215,0.49
-3.4565e-02,0.32,0.16
-3.4563e-02,0.32,0.52
-3.4562e-02,0.335,0.15
-3.4560e-02,0.325,0.52
-3.4558e-02,0.415,0.17
-3.4557e-02,0.31,0.51
-3.4555e-02,0.41,0.185
-3.4554e-02,0.36,0.495
-3.4552e-02,0.36,0.175
-3.4550e-02,0.26,0.505
-3.4549e-02,0.355,0.165
-3.4547e-02,0.37,0.515
-3.4546e-02,0.375,0.19
-3.4544e-02,0.325,0.495
-3.4542e-02,0.365,0.16
-3.4541e-02,0.315,0.525
-3.4539e-02,0.475,0.19
-3.4538e-02,0.405,0.495
-3.4536e-02,0.385,0.175
-3.4534e-02,0.305,0.51
-3.4533e-02,0.425,0.185
-3.4531e-02,0.415,0.5
-3.4530e-02,0.325,0.155
-3.4528e-02,0.375,0.52
-3.4526e-02,0.37,0.15
-3.4525e-02,0.385,0.52
-3.4523e-02,0.305,0.16
-3.4522e-02,0.4,0.525
-3.4520e-02,0.405,0.175
-3.4518e-02,0.395,0.5
-3.4517e-02,0.4,0.175
-3.4515e-02,0.39,0.5
-3.4514e-02,0.335,0.185
-3.4512e-02,0.455,0.5
-3.4510e-02,0.365,0.185
-3.4509e-02,0.42,0.495
-3.4507e-02,0.345,0.185
-3.4506e-02,0.365,0.495
-3.4504e-02,0.32,0.145
-3.4502e-02,0.435,0.535
-3.4501e-02,0.315,0.155
-3.4499e-02,0.375,0.525
-3.4498e-02,0.285,0.15
-3.4496e-02,0.32,0.52
-3.4494e-02,0.435,0.165
-3.4493e-02,0.38,0.52
-3.4491e-02,0.305,0.175
-3.4490e-02,0.315,0.505
-3.4488e-02,0.37,0.2
-3.4486e-02,0.415,0.485
-3.4485e-02,0.385,0.155
-3.4483e-02,0.385,0.52
-3.4482e-02,0.275,0.165
-3.4480e-02,0.39,0.505
-3.4478e-02,0.33,0.175
-3.4477e-02,0.39,0.515
-3.4475e-02,0.38,0.16
-3.4474e-02,0.295,0.52
-3.4472e-02,0.325,0.175
-3.4470e-02,0.34,0.5
-3.4469e-02,0.39,0.175
-3.4467e-02,0.375,0.505
-3.4466e-02,0.36,0.18
-3.4464e-02,0.305,0.505
-3.4462e-02,0.415,0.185
-3.4461e-02,0.46,0.49
-3.4459e-02,0.375,0.16
-3.4458e-02,0.34,0.51
-3.4456e-02,0.35,0.165
-3.4454e-02,0.425,0.515
-3.4453e-02,0.38,0.17
-3.4451e-02,0.29,0.505
-3.4450e-02,0.355,0.145
-3.4448e-02,0.305,0.53
-3.4446e-02,0.355,0.175
-3.4445e-02,0.365,0.5
-3.4443e-02,0.255,0.165
-3.4442e-02,0.29,0.515
-3.4440e-02,0.235,0.18
-3.4438e-02,0.35,0.5
-3.4437e-02,0.29,0.155
-3.4435e-02,0.32,0.52
-3.4434e-02,0.22,0.17
-3.4432e-02,0.325,0.51
-3.4430e-02,0.295,0.165
-3.4429e-02,0.36,0.515
-3.4427e-02,0.31,0.175
-3.4426e-02,0.225,0.505
-3.4424e-02,0.32,0.185
-3.4422e-02,0.35,0.49
-3.4421e-02,0.345,0.185
-3.4419e-02,0.31,0.495
-3.4418e-02,0.225,0.17
-3.4416e-02,0.295,0.5
-3.4414e-02,0.345,0.135
-3.4413e-02,0.27,0.545
-3.4411e-02,0.345,0.17
-3.4410e-02,0.22,0.5
-3.4408e-02,0.32,0.175
-3.4406e-02,0.26,0.51
-3.4405e-02,0.345,0.175
-3.4403e-02,0.27,0.505
-3.4402e-02,0.27,0.185
-3.4400e-02,0.245,0.495
-3.4398e-02,0.35,0.19
-3.4397e-02,0.275,0.5
-3.4395e-02,0.33,0.18
-3.4394e-02,0.275,0.505
-3.4392e-02,0.315,0.185
-3.4390e-02,0.34,0.5
-3.4389e-02,0.33,0.165
-3.4387e-02,0.31,0.515
-3.4386e-02,0.315,0.175
-3.4384e-02,0.39,0.51
-3.4382e-02,0.315,0.175
-3.4381e-02,0.39,0.505
-3.4379e-02,0.295,0.19
-3.4378e-02,0.415,0.49
-3.4376e-02,0.355,0.19
-3.4374e-02,0.35,0.5
-3.4373e-02,0.395,0.185
-3.4371e-02,0.395,0.5
-3.4370e-02,0.37,0.185
-3.4368e-02,0.385,0.495
-3.4366e-02,0.295,0.19
-3.4365e-02,0.41,0.49
-3.4363e-02,0.32,0.17
-3.4362e-02,0.37,0.52
-3.4360e-02,0.29,0.175
-3.4358e-02,0.375,0.51
-3.4357e-02,0.285,0.165
-3.4355e-02,0.395,0.525
-3.4354e-02,0.32,0.2
-3.4352e-02,0.39,0.485
-3.4350e-02,0.315,0.175
-3.4349e-02,0.3,0.515
-3.4347e-02,0.35,0.17
-3.4346e-02,0.36,0.525
-3.4344e-02,0.335,0.195
-3.4342e-02,0.275,0.495
-3.4341e-02,0.29,0.2
-3.4339e-02,0.365,0.49
-3.4338e-02,0.36,0.18
-3.4336e-02,0.28,0.495
-3.4334e-02,0.295,0.17
-3.4333e-02,0.265,0.52
-3.4331e-02,0.335,0.18
-3.4330e-02,0.35,0.505
-3.4328e-02,0.355,0.19
-3.4326e-02,0.235,0.5
-3.4325e-02,0.345,0.18
-3.4323e-02,0.235,0.505
-3.4322e-02,0.36,0.16
-3.4320e-02,0.32,0.515
-3.4318e-02,0.305,0.155
-3.4317e-02,0.305,0.53
-3.4315e-02,0.2,0.18
-3.4314e-02,0.36,0.51
-3.4312e-02,0.31,0.17
-3.4310e-02,0.31,0.505
-3.4309e-02,0.24,0.155
-3.4307e-02,0.275,0.53
-3.4306e-02,0.275,0.165
-3.4304e-02,0.355,0.515
-3.4302e-02,0.23,0.17
-3.4301e-02,0.27,0.5
-3.4299e-02,0.235,0.17
-3.4298e-02,0.32,0.5
-3.4296e-02,0.315,0.165
-3.4294e-02,0.295,0.515
-3.4293e-02,0.335,0.175
-3.4291e-02,0.265,0.5
-3.4290e-02,0.33,0.155
-3.4288e-02,0.335,0.515
-3.4286e-02,0.365,0.185
-3.4285e-02,0.31,0.49
-3.4283e-02,0.34,0.155
-3.4282e-02,0.275,0.515
-3.4280e-02,0.395,0.19
-3.4278e-02,0.26,0.485
-3.4277e-02,0.315,0.175
-3.4275e-02,0.325,0.5
-3.4274e-02,0.27,0.165
-3.4272e-02,0.39,0.505
-3.4270e-02,0.245,0.165
-3.4269e-02,0.36,0.51
-3.4267e-02,0.325,0.165
-3.4266e-02,0.345,0.51
-3.4264e-02,0.32,0.18
-3.4262e-02,0.27,0.49
-3.4261e-02,0.395,0.19
-3.4259e-02,0.365,0.49
-3.4258e-02,0.325,0.19
-3.4256e-02,0.35,0.495
-3.4254e-02,0.335,0.185
-3.4253e-02,0.34,0.49
-3.4251e-02,0.39,0.19
-3.4250e-02,0.315,0.495
-3.4248e-02,0.365,0.165
-3.4246e-02,0.305,0.51
-3.4245e-02,0.335,0.185
-3.4243e-02,0.325,0.49
-3.4242e-02,0.365,0.175
-3.4240e-02,0.305,0.5
-3.4238e-02,0.245,0.19
-3.4237e-02,0.335,0.495
-3.4235e-02,0.34,0.185
-3.4234e-02,0.325,0.49
-3.4232e-02,0.27,0.16
-3.4230e-02,0.285,0.515
-3.4229e-02,0.33,0.17
-3.4227e-02,0.37,0.52
-3.4226e-02,0.375,0.19
-3.4224e-02,0.275,0.5
-3.4222e-02,0.38,0.17
-3.4221e-02,0.295,0.52
-3.4219e-02,0.41,0.18
-3.4218e-02,0.39,0.5
-3.4216e-02,0.365,0.19
-3.4214e-02,0.395,0.505
-3.4213e-02,0.24,0.17
-3.4211e-02,0.355,0.51
-3.4210e-02,0.355,0.165
-3.4208e-02,0.395,0.52
-3.4206e-02,0.25,0.185
-3.4205e-02,0.315,0.505
-3.4203e-02,0.28,0.195
-3.4202e-02,0.37,0.495
-3.4200e-02,0.345,0.2
-3.4198e-02,0.265,0.485
-3.4197e-02,0.3,0.18
-3.4195e-02,0.315,0.51
-3.4194e-02,0.32,0.165
-3.4192e-02,0.32,0.525
-3.4190e-02,0.27,0.18
-3.4189e-02,0.315,0.51
-3.4187e-02,0.275,0.17
-3.4186e-02,0.33,0.52
-3.4184e-02,0.38,0.165
-3.4182e-02,0.26,0.525
-3.4181e-02,0.3,0.17
-3.4179e-02,0.32,0.515
-3.4178e-02,0.34,0.195
-3.4176e-02,0.39,0.49
-3.4174e-02,0.285,0.19
-3.4173e-02,0.285,0.495
-3.4171e-02,0.325,0.2
-3.4170e-02,0.365,0.495
-3.4168e-02,0.37,0.15
-3.4166e-02,0.38,0.525
-3.4165e-02,0.275,0.17
-3.4163e-02,0.355,0.52
-3.4162e-02,0.29,0.19
-3.4160e-02,0.41,0.5
-3.4158e-02,0.41,0.155
-3.4157e-02,0.4,0.53
-3.4155e-02,0.325,0.17
-3.4154e-02,0.295,0.51
-3.4152e-02,0.33,0.19
-3.4150e-02,0.43,0.495
-3.4149e-02,0.34,0.17
-3.4147e-02,0.285,0.505
-3.4146e-02,0.27,0.175
-3.4144e-02,0.37,0.515
-3.4142e-02,0.275,0.185
-3.4141e-02,0.375,0.49
-3.4139e-02,0.25,0.195
-3.4138e-02,0.27,0.485
-3.4136e-02,0.25,0.155
-3.4134e-02,0.3,0.525
-3.4133e-02,0.37,0.185
-3.4131e-02,0.255,0.5
-3.4130e-02,0.295,0.18
-3.4128e-02,0.29,0.505
-3.4126e-02,0.31,0.19
-3.4125e-02,0.365,0.49
-3.4123e-02,0.4,0.195
-3.4122e-02,0.27,0.485
-3.4120e-02,0.3,0.165
-3.4118e-02,0.38,0.515
-3.4117e-02,0.4,0.175
-3.4115e-02,0.335,0.505
-3.4114e-02,0.425,0.165
-3.4112e-02,0.335,0.51
-3.4110e-02,0.325,0.19
-3.4109e-02,0.305,0.49
-3.4107e-02,0.365,0.17
-3.4106e-02,0.335,0.515
-3.4104e-02,0.435,0.175
-3.4102e-02,0.19,0.505
-3.4101e-02,0.335,0.165
-3.4099e-02,0.36,0.515
-3.4098e-02,0.33,0.18
-3.4096e-02,0.305,0.5
-3.4094e-02,0.325,0.15
-3.4093e-02,0.33,0.525
-3.4091e-02,0.295,0.17
-3.4090e-02,0.345,0.51
-3.4088e-02,0.385,0.155
-3.4086e-02,0.275,0.53
-3.4085e-02,0.435,0.19
-3.4083e-02,0.28,0.49
-3.4082e-02,0.39,0.175
-3.4080e-02,0.38,0.52
-3.4078e-02,0.365,0.2
-3.4077e-02,0.365,0.49
-3.4075e-02,0.34,0.195
-3.4074e-02,0.415,0.485
-3.4072e-02,0.34,0.16
-3.4070e-02,0.37,0.515
-3.4069e-02,0.355,0.145
-3.4067e-02,0.36,0.535
-3.4066e-02,0.415,0.185
-3.4064e-02,0.375,0.495
-3.4062e-02,0.36,0.2
-3.4061e-02,0.325,0.49
-3.4059e-02,0.405,0.185
-3.4058e-02,0.335,0.495
-3.4056e-02,0.39,0.185
-3.4054e-02,0.4,0.495
-3.4053e-02,0.29,0.165
-3.4051e-02,0.24,0.515
-3.4050e-02,0.345,0.19
-3.4048e-02,0.355,0.495
-3.4046e-02,0.35,0.175
-3.4045e-02,0.325,0.5
-3.4043e-02,0.27,0.185
-3.4042e-02,0.24,0.495
-3.4040e-02,0.425,0.165
-3.4038e-02,0.355,0.51
-3.4037e-02,0.31,0.185
-3.4035e-02,0.36,0.5
-3.4034e-02,0.29,0.195
-3.4032e-02,0.315,0.495
-3.4030e-02,0.395,0.195
-3.4029e-02,0.325,0.49
-3.4027e-02,0.39,0.195
-3.4026e-02,0.27,0.49
-3.4024e-02,0.345,0.15
-3.4022e-02,0.285,0.525
-3.4021e-02,0.43,0.175
-3.4019e-02,0.24,0.51
-3.4018e-02,0.39,0.165
-3.4016e-02,0.325,0.515
-3.4014e-02,0.36,0.16
-3.4013e-02,0.335,0.525
-3.4011e-02,0.31,0.16
-3.4010e-02,0.29,0.52
-3.4008e-02,0.315,0.185
-3.4006e-02,0.425,0.5
-3.4005e-02,0.29,0.17
-3.4003e-02,0.34,0.515
-3.4002e-02,0.32,0.18
-3.4000e-02,0.27,0.5
-3.3998e-02,0.325,0.15
-3.3997e-02,0.325,0.53
-3.3995e-02,0.33,0.17
-3.3994e-02,0.305,0.51
-3.3992e-02,0.22,0.16
-3.3990e-02,0.26,0.515
-3.3989e-02,0.33,0.19
-3.3987e-02,0.285,0.495
-3.3986e-02,0.295,0.18
-3.3984e-02,0.25,0.505
-3.3982e-02,0.305,0.195
-3.3981e-02,0.28,0.49
-3.3979e-02,0.28,0.175
-3.3978e-02,0.295,0.51
-3.3976e-02,0.27,0.185
-3.3974e-02,0.36,0.505
-3.3973e-02,0.295,0.16
-3.3971e-02,0.36,0.53
-3.3970e-02,0.3,0.19
-3.3968e-02,0.36,0.49
-3.3966e-02,0.36,0.16
-3.3965e-02,0.37,0.515
-3.3963e-02,0.47,0.19
-3.3962e-02,0.41,0.49
-3.3960e-02,0.365,0.15
-3.3958e-02,0.365,0.53
-3.3957e-02,0.39,0.185
-3.3955e-02,0.46,0.5
-3.3954e-02,0.38,0.165
-3.3952e-02,0.4,0.525
-3.3950e-02,0.395,0.185
-3.3949e-02,0.345,0.495
-3.3947e-02,0.37,0.165
-3.3946e-02,0.375,0.515
-3.3944e-02,0.32,0.15
-3.3942e-02,0.355,0.54
-3.3941e-02,0.265,0.13
-3.3939e-02,0.305,0.565
-3.3938e-02,0.32,0.175
-3.3936e-02,0.29,0.505
-3.3934e-02,0.24,0.18
-3.3933e-02,0.28,0.505
-3.3931e-02,0.225,0.165
-3.3930e-02,0.42,0.525
-3.3928e-02,0.23,0.175
-3.3926e-02,0.285,0.505
-3.3925e-02,0.22,0.195
-3.3923e-02,0.295,0.49
-3.3922e-02,0.275,0.185
-3.3920e-02,0.315,0.5
-3.3918e-02,0.265,0.175
-3.3917e-02,0.29,0.515
-3.3915e-02,0.245,0.195
-3.3914e-02,0.275,0.49
-3.3912e-02,0.355,0.18
-3.3910e-02,0.28,0.51
-3.3909e-02,0.32,0.19
-3.3907e-02,0.315,0.5
-3.3906e-02,0.29,0.19
-3.3904e-02,0.405,0.49
-3.3902e-02,0.375,0.185
-3.3901e-02,0.255,0.5
-3.3899e-02,0.315,0.175
-3.3898e-02,0.34,0.505
-3.3896e-02,0.395,0.2
-3.3894e-02,0.425,0.495
-3.3893e-02,0.33,0.17
-3.3891e-02,0.39,0.515
-3.3890e-02,0.34,0.185
-3.3888e-02,0.34,0.5
-3.3886e-02,0.335,0.19
-3.3885e-02,0.42,0.49
-3.3883e-02,0.33,0.18
-3.3882e-02,0.405,0.505
-3.3880e-02,0.43,0.185
-3.3878e-02,0.385,0.5
-3.3877e-02,0.435,0.165
-3.3875e-02,0.33,0.51
-3.3874e-02,0.425,0.195
-3.3872e-02,0.43,0.49
-3.3870e-02,0.41,0.19
-3.3869e-02,0.39,0.49
-3.3867e-02,0.285,0.19
-3.3866e-02,0.38,0.49
-3.3864e-02,0.37,0.16
-3.3862e-02,0.405,0.515
-3.3861e-02,0.315,0.17
-3.3859e-02,0.465,0.505
-3.3858e-02,0.335,0.165
-3.3856e-02,0.47,0.51
-3.3854e-02,0.405,0.18
-3.3853e-02,0.37,0.5
-3.3851e-02,0.41,0.175
-3.3850e-02,0.29,0.495
-3.3848e-02,0.385,0.19
-3.3846e-02,0.39,0.49
-3.3845e-02,0.505,0.165
-3.3843e-02,0.295,0.52
-3.3842e-02,0.41,0.14
-3.3840e-02,0.33,0.54
-3.3838e-02,0.365,0.15
-3.3837e-02,0.33,0.52
-3.3835e-02,0.24,0.165
-3.3834e-02,0.305,0.515
-3.3832e-02,0.275,0.175
-3.3830e-02,0.305,0.51
-3.3829e-02,0.345,0.17
-3.3827e-02,0.29,0.5
-3.3826e-02,0.265,0.175
-3.3824e-02,0.23,0.5
-3.3822e-02,0.265,0.155
-3.3821e-02,0.28,0.515
-3.3819e-02,0.32,0.17
-3.3818e-02,0.26,0.505
-3.3816e-02,0.27,0.13
-3.3814e-02,0.25,0.535
-3.3813e-02,0.325,0.16
-3.3811e-02,0.215,0.515
-3.3810e-02,0.275,0.14
-3.3808e-02,0.225,0.535
-3.3806e-02,0.275,0.135
-3.3805e-02,0.285,0.545
-3.3803e-02,0.345,0.115
-3.3802e-02,0.295,0.57
-3.3800e-02,0.41,0.165
-3.3798e-02,0.325,0.51
-3.3797e-02,0.345,0.16
-3.3795e-02,0.385,0.53
-3.3794e-02,0.335,0.17
-3.3792e-02,0.34,0.51
-3.3790e-02,0.28,0.185
-3.3789e-02,0.295,0.495
-3.3787e-02,0.45,0.175
-3.3786e-02,0.38,0.51
-3.3784e-02,0.325,0.18
-3.3782e-02,0.375,0.5
-3.3781e-02,0.27,0.155
-3.3779e-02,0.395,0.53
-3.3778e-02,0.32,0.16
-3.3776e-02,0.32,0.52
-3.3774e-02,0.36,0.18
-3.3773e-02,0.305,0.505
-3.3771e-02,0.36,0.17
-3.3770e-02,0.395,0.51
-3.3768e-02,0.3,0.16
-3.3766e-02,0.37,0.52
-3.3765e-02,0.35,0.175
-3.3763e-02,0.325,0.52
-3.3762e-02,0.44,0.18
-3.3760e-02,0.295,0.505
-3.3758e-02,0.355,0.16
-3.3757e-02,0.34,0.53
-3.3755e-02,0.41,0.165
-3.3754e-02,0.365,0.515
-3.3752e-02,0.32,0.17
-3.3750e-02,0.27,0.525
-3.3749e-02,0.345,0.19
-3.3747e-02,0.345,0.495
-3.3746e-02,0.315,0.18
-3.3744e-02,0.34,0.5
-3.3742e-02,0.33,0.17
-3.3741e-02,0.335,0.51
-3.3739e-02,0.42,0.205
-3.3738e-02,0.325,0.485
-3.3736e-02,0.42,0.17
-3.3734e-02,0.34,0.51
-3.3733e-02,0.29,0.185
-3.3731e-02,0.415,0.5
-3.3730e-02,0.36,0.16
-3.3728e-02,0.37,0.515
-3.3726e-02,0.34,0.19
-3.3725e-02,0.3,0.495
-3.3723e-02,0.4,0.165
-3.3722e-02,0.4,0.51
-3.3720e-02,0.38,0.165
-3.3718e-02,0.315,0.515
-3.3717e-02,0.4,0.19
-3.3715e-02,0.375,0.49
-3.3714e-02,0.405,0.16
-3.3712e-02,0.255,0.515
-3.3710e-02,0.395,0.165
-3.3709e-02,0.285,0.51
-3.3707e-02,0.395,0.19
-3.3706e-02,0.32,0.5
-3.3704e-02,0.4,0.165
-3.3702e-02,0.3,0.51
-3.3701e-02,0.33,0.16
-3.3699e-02,0.355,0.52
-3.3698e-02,0.285,0.18
-3.3696e-02,0.385,0.505
-3.3694e-02,0.215,0.185
-3.3693e-02,0.31,0.495
-3.3691e-02,0.225,0.175
-3.3690e-02,0.33,0.515
-3.3688e-02,0.305,0.195
-3.3686e-02,0.25,0.485
-3.3685e-02,0.285,0.175
-3.3683e-02,0.22,0.505
-3.3682e-02,0.385,0.185
-3.3680e-02,0.25,0.5
-3.3678e-02,0.285,0.19
-3.3677e-02,0.3,0.485
-3.3675e-02,0.295,0.175
-3.3674e-02,0.28,0.5
-3.3672e-02,0.345,0.165
-3.3670e-02,0.28,0.525
-3.3669e-02,0.24,0.16
-3.3667e-02,0.28,0.52
-3.3666e-02,0.25,0.19
-3.3664e-02,0.335,0.49
-3.3662e-02,0.285,0.19
-3.3661e-02,0.27,0.495
-3.3659e-02,0.275,0.195
-3.3658e-02,0.345,0.485
-3.3656e-02,0.28,0.2
-3.3654e-02,0.285,0.485
-3.3653e-02,0.23,0.19
-3.3651e-02,0.275,0.49
-3.3650e-02,0.26,0.175
-3.3648e-02,0.355,0.515
-3.3646e-02,0.335,0.18
-3.3645e-02,0.33,0.5
-3.3643e-02,0.34,0.135
-3.3642e-02,0.345,0.545
-3.3640e-02,0.315,0.165
-3.3638e-02,0.42,0.52
-3.3637e-02,0.375,0.185
-3.3635e-02,0.35,0.505
-3.3634e-02,0.29,0.19
-3.3632e-02,0.44,0.5
-3.3630e-02,0.31,0.185
-3.3629e-02,0.405,0.495
-3.3627e-02,0.33,0.18
-3.3626e-02,0.28,0.505
-3.3624e-02,0.375,0.185
-3.3622e-02,0.36,0.5
-3.3621e-02,0.32,0.2
-3.3619e-02,0.335,0.485
-3.3618e-02,0.36,0.19
-3.3616e-02,0.34,0.5
-3.3614e-02,0.375,0.17
-3.3613e-02,0.36,0.515
-3.3611e-02,0.365,0.18
-3.3610e-02,0.28,0.515
-3.3608e-02,0.315,0.205
-3.3606e-02,0.35,0.475
-3.3605e-02,0.335,0.15
-3.3603e-02,0.29,0.535
-3.3602e-02,0.26,0.2
-3.3600e-02,0.26,0.48
-3.3598e-02,0.355,0.14
-3.3597e-02,0.285,0.545
-3.3595e-02,0.28,0.19
-3.3594e-02,0.265,0.5
-3.3592e-02,0.305,0.18
-3.3590e-02,0.275,0.5
-3.3589e-02,0.365,0.175
-3.3587e-02,0.37,0.505
-3.3586e-02,0.36,0.185
-3.3584e-02,0.34,0.495
-3.3582e-02,0.375,0.18
-3.3581e-02,0.375,0.5
-3.3579e-02,0.39,0.18
-3.3578e-02,0.44,0.505
-3.3576e-02,0.345,0.195
-3.3574e-02,0.31,0.48
-3.3573e-02,0.425,0.14
-3.3571e-02,0.415,0.53
-3.3570e-02,0.36,0.2
-3.3568e-02,0.37,0.48
-3.3566e-02,0.4,0.16
-3.3565e-02,0.43,0.515
-3.3563e-02,0.375,0.165
-3.3562e-02,0.41,0.515
-3.3560e-02,0.31,0.195
-3.3558e-02,0.4,0.49
-3.3557e-02,0.32,0.17
-3.3555e-02,0.385,0.505
-3.3554e-02,0.4,0.18
-3.3552e-02,0.315,0.5
-3.3550e-02,0.38,0.19
-3.3549e-02,0.35,0.49
-3.3547e-02,0.41,0.175
-3.3546e-02,0.27,0.5
-3.3544e-02,0.37,0.17
-3.3542e-02,0.265,0.505
-3.3541e-02,0.38,0.19
-3.3539e-02,0.365,0.485
-3.3538e-02,0.33,0.185
-3.3536e-02,0.275,0.49
-3.3534e-02,0.335,0.175
-3.3533e-02,0.35,0.51
-3.3531e-02,0.37,0.165
-3.3530e-02,0.355,0.515
-3.3528e-02,0.275,0.18
-3.3526e-02,0.375,0.495
-3.3525e-02,0.29,0.185
-3.3523e-02,0.345,0.495
-3.3522e-02,0.29,0.17
-3.3520e-02,0.325,0.51
-3.3518e-02,0.29,0.19
-3.3517e-02,0.325,0.49
-3.3515e-02,0.36,0.175
-3.3514e-02,0.37,0.505
-3.3512e-02,0.305,0.165
-3.3510e-02,0.39,0.52
-3.3509e-02,0.35,0.195
-3.3507e-02,0.37,0.49
-3.3506e-02,0.335,0.155
-3.3504e-02,0.3,0.53
-3.3502e-02,0.35,0.19
-3.3501e-02,0.375,0.5
-3.3499e-02,0.345,0.195
-3.3498e-02,0.295,0.49
-3.3496e-02,0.38,0.18
-3.3494e-02,0.345,0.505
-3.3493e-02,0.475,0.19
-3.3491e-02,0.335,0.49
-3.3490e-02,0.41,0.17
-3.3488e-02,0.385,0.515
-3.3486e-02,0.385,0.205
-3.3485e-02,0.37,0.485
-3.3483e-02,0.385,0.195
-3.3482e-02,0.36,0.49
-3.3480e-02,0.35,0.215
-3.3478e-02,0.3,0.475
-3.3477e-02,0.375,0.19
-3.3475e-02,0.39,0.495
-3.3474e-02,0.295,0.19
-3.3472e-02,0.385,0.5
-3.3470e-02,0.265,0.165
-3.3469e-02,0.44,0.52
-3.3467e-02,0.37,0.16
-3.3466e-02,0.315,0.535
-3.3464e-02,0.315,0.175
-3.3462e-02,0.34,0.515
-3.3461e-02,0.355,0.21
-3.3459e-02,0.35,0.48
-3.3458e-02,0.35,0.195
-3.3456e-02,0.305,0.49
-3.3454e-02,0.33,0.205
-3.3453e-02,0.37,0.49
-3.3451e-02,0.275,0.18
-3.3450e-02,0.43,0.505
-3.3448e-02,0.285,0.185
-3.3446e-02,0.325,0.505
-3.3445e-02,0.38,0.18
-3.3443e-02,0.305,0.51
-3.3442e-02,0.385,0.2
-3.3440e-02,0.225,0.495
-3.3438e-02,0.335,0.185
-3.3437e-02,0.365,0.5
-3.3435e-02,0.355,0.205
-3.3434e-02,0.4,0.48
-3.3432e-02,0.32,0.19
-3.3430e-02,0.355,0.49
-3.3429e-02,0.38,0.2
-3.3427e-02,0.365,0.485
-3.3426e-02,0.36,0.195
-3.3424e-02,0.315,0.485
-3.3422e-02,0.315,0.19
-3.3421e-02,0.32,0.49
-3.3419e-02,0.33,0.18
-3.3418e-02,0.305,0.505
-3.3416e-02,0.41,0.18
-3.3414e-02,0.225,0.49
-3.3413e-02,0.365,0.175
-3.3411e-02,0.275,0.495
-3.3410e-02,0.32,0.175
-3.3408e-02,0.3,0.5
-3.3406e-02,0.18,0.16
-3.3405e-02,0.265,0.515
-3.3403e-02,0.315,0.175
-3.3402e-02,0.295,0.5
-3.3400e-02,0.31,0.185
-3.3398e-02,0.325,0.49
-3.3397e-02,0.36,0.17
-3.3395e-02,0.385,0.5
-3.3394e-02,0.32,0.205
-3.3392e-02,0.395,0.475
-3.3390e-02,0.31,0.195
-3.3389e-02,0.36,0.475
-3.3387e-02,0.32,0.16
-3.3386e-02,0.35,0.505
-3.3384e-02,0.36,0.19
-3.3382e-02,0.29,0.485
-3.3381e-02,0.28,0.16
-3.3379e-02,0.35,0.505
-3.3378e-02,0.355,0.19
-3.3376e-02,0.34,0.485
-3.3374e-02,0.26,0.17
-3.3373e-02,0.275,0.5
-3.3371e-02,0.375,0.185
-3.3370e-02,0.315,0.48
-3.3368e-02,0.395,0.175
-3.3366e-02,0.295,0.495
-3.3365e-02,0.38,0.17
-3.3363e-02,0.405,0.515
-3.3362e-02,0.395,0.185
-3.3360e-02,0.365,0.49
-3.3358e-02,0.415,0.155
-3.3357e-02,0.34,0.52
-3.3355e-02,0.335,0.185
-3.3354e-02,0.39,0.49
-3.3352e-02,0.26,0.185
-3.3350e-02,0.3,0.495
-3.3349e-02,0.26,0.165
-3.3347e-02,0.315,0.51
-3.3346e-02,0.39,0.175
-3.3344e-02,0.335,0.5
-3.3342e-02,0.315,0.175
-3.3341e-02,0.355,0.5
-3.3339e-02,0.405,0.21
-3.3338e-02,0.37,0.47
-3.3336e-02,0.335,0.175
-3.3334e-02,0.33,0.505
-3.3333e-02,0.385,0.175
-3.3331e-02,0.325,0.51
-3.3330e-02,0.345,0.17
-3.3328e-02,0.335,0.505
-3.3326e-02,0.3,0.185
-3.3325e-02,0.39,0.505
-3.3323e-02,0.34,0.18
-3.3322e-02,0.375,0.495
-3.3320e-02,0.33,0.17
-3.3318e-02,0.315,0.515
-3.3317e-02,0.33,0.19
-3.3315e-02,0.36,0.5
-3.3314e-02,0.395,0.185
-3.3312e-02,0.39,0.495
-3.3310e-02,0.39,0.21
-3.3309e-02,0.325,0.47
-3.3307e-02,0.425,0.18
-3.3306e-02,0.355,0.5
-3.3304e-02,0.36,0.16
-3.3302e-02,0.27,0.53
-3.3301e-02,0.29,0.185
-3.3299e-02,0.355,0.505
-3.3298e-02,0.28,0.155
-3.3296e-02,0.325,0.535
-3.3294e-02,0.3,0.19
-3.3293e-02,0.295,0.5
-3.3291e-02,0.375,0.16
-3.3290e-02,0.31,0.53
-3.3288e-02,0.365,0.14
-3.3286e-02,0.23,0.535
-3.3285e-02,0.3,0.205
-3.3283e-02,0.23,0.475
-3.3282e-02,0.325,0.18
-3.3280e-02,0.355,0.5
-3.3278e-02,0.28,0.185
-3.3277e-02,0.35,0.495
-3.3275e-02,0.35,0.17
-3.3274e-02,0.365,0.51
-3.3272e-02,0.49,0.205
-3.3270e-02,0.31,0.48
-3.3269e-02,0.45,0.185
-3.3267e-02,0.375,0.49
-3.3266e-02,0.375,0.19
-3.3264e-02,0.355,0.49
-3.3262e-02,0.415,0.175
-3.3261e-02,0.355,0.5
-3.3259e-02,0.29,0.17
-3.3258e-02,0.325,0.51
-3.3256e-02,0.305,0.205
-3.3254e-02,0.365,0.475
-3.3253e-02,0.34,0.19
-3.3251e-02,0.295,0.48
-3.3250e-02,0.335,0.18
-3.3248e-02,0.355,0.495
-3.3246e-02,0.4,0.19
-3.3245e-02,0.35,0.485
-3.3243e-02,0.37,0.19
-3.3242e-02,0.33,0.48
-3.3240e-02,0.365,0.19
-3.3238e-02,0.385,0.485
-3.3237e-02,0.325,0.19
-3.3235e-02,0.405,0.485
-3.3234e-02,0.265,0.17
-3.3232e-02,0.345,0.5
-3.3230e-02,0.34,0.19
-3.3229e-02,0.42,0.485
-3.3227e-02,0.29,0.19
-3.3226e-02,0.37,0.48
-3.3224e-02,0.325,0.175
-3.3222e-02,0.395,0.5
-3.3221e-02,0.405,0.19
-3.3219e-02,0.335,0.48
-3.3218e-02,0.34,0.195
-3.3216e-02,0.31,0.475
-3.3214e-02,0.4,0.19
-3.3213e-02,0.31,0.48
-3.3211e-02,0.37,0.2
-3.3210e-02,0.315,0.48
-3.3208e-02,0.285,0.185
-3.3206e-02,0.3,0.485
-3.3205e-02,0.27,0.205
-3.3203e-02,0.33,0.465
-3.3202e-02,0.26,0.195
-3.3200e-02,0.325,0.48
-3.3198e-02,0.24,0.185
-3.3197e-02,0.4,0.49
-3.3195e-02,0.29,0.205
-3.3194e-02,0.27,0.47
-3.3192e-02,0.29,0.16
-3.3190e-02,0.315,0.51
-3.3189e-02,0.36,0.185
-3.3187e-02,0.37,0.495
-3.3186e-02,0.34,0.205
-3.3184e-02,0.375,0.47
-3.3182e-02,0.355,0.21
-3.3181e-02,0.415,0.47
-3.3179e-02,0.275,0.19
-3.3178e-02,0.365,0.485
-3.3176e-02,0.23,0.2
-3.3174e-02,0.27,0.485
-3.3173e-02,0.335,0.195
-3.3171e-02,0.345,0.48
-3.3170e-02,0.365,0.17
-3.3168e-02,0.385,0.51
-3.3166e-02,0.31,0.17
-3.3165e-02,0.35,0.505
-3.3163e-02,0.415,0.165
-3.3162e-02,0.32,0.515
-3.3160e-02,0.23,0.19
-3.3158e-02,0.395,0.49
-3.3157e-02,0.29,0.18
-3.3155e-02,0.39,0.495
-3.3154e-02,0.335,0.16
-3.3152e-02,0.345,0.52
-3.3150e-02,0.32,0.19
-3.3149e-02,0.295,0.5
-3.3147e-02,0.355,0.195
-3.3146e-02,0.34,0.48
-3.3144e-02,0.305,0.205
-3.3142e-02,0.335,0.475
-3.3141e-02,0.27,0.175
-3.3139e-02,0.345,0.505
-3.3138e-02,0.33,0.205
-3.3136e-02,0.255,0.475
-3.3134e-02,0.325,0.185
-3.3133e-02,0.31,0.495
-3.3131e-02,0.365,0.195
-3.3130e-02,0.305,0.485
-3.3128e-02,0.345,0.14
-3.3126e-02,0.245,0.54
-3.3125e-02,0.415,0.185
-3.3123e-02,0.345,0.495
-3.3122e-02,0.36,0.155
-3.3120e-02,0.355,0.52
-3.3118e-02,0.375,0.185
-3.3117e-02,0.335,0.49
-3.3115e-02,0.34,0.185
-3.3114e-02,0.355,0.495
-3.3112e-02,0.29,0.195
-3.3110e-02,0.28,0.475
-3.3109e-02,0.275,0.195
-3.3107e-02,0.295,0.485
-3.3106e-02,0.34,0.18
-3.3104e-02,0.325,0.505
-3.3102e-02,0.28,0.18
-3.3101e-02,0.275,0.5
-3.3099e-02,0.425,0.175
-3.3098e-02,0.285,0.495
-3.3096e-02,0.38,0.17
-3.3094e-02,0.29,0.505
-3.3093e-02,0.35,0.215
-3.3091e-02,0.325,0.46
-3.3090e-02,0.365,0.165
-3.3088e-02,0.335,0.505
-3.3086e-02,0.275,0.18
-3.3085e-02,0.345,0.49
-3.3083e-02,0.29,0.185
-3.3082e-02,0.43,0.49
-3.3080e-02,0.355,0.19
-3.3078e-02,0.34,0.47
-3.3077e-02,0.32,0.16
-3.3075e-02,0.38,0.525
-3.3074e-02,0.38,0.17
-3.3072e-02,0.34,0.495
-3.3070e-02,0.375,0.185
-3.3069e-02,0.31,0.49
-3.3067e-02,0.325,0.205
-3.3066e-02,0.345,0.465
-3.3064e-02,0.28,0.18
-3.3062e-02,0.29,0.49
-3.3061e-02,0.345,0.185
-3.3059e-02,0.3,0.485
-3.3058e-02,0.34,0.145
-3.3056e-02,0.365,0.52
-3.3054e-02,0.275,0.2
-3.3053e-02,0.355,0.475
-3.3051e-02,0.265,0.18
-3.3050e-02,0.31,0.49
-3.3048e-02,0.385,0.185
-3.3046e-02,0.305,0.48
-3.3045e-02,0.295,0.21
-3.3043e-02,0.31,0.46
-3.3042e-02,0.375,0.17
-3.3040e-02,0.36,0.5
-3.3038e-02,0.375,0.2
-3.3037e-02,0.31,0.47
-3.3035e-02,0.41,0.195
-3.3034e-02,0.38,0.475
-3.3032e-02,0.335,0.205
-3.3030e-02,0.35,0.465
-3.3029e-02,0.27,0.17
-3.3027e-02,0.285,0.5
-3.3026e-02,0.275,0.205
-3.3024e-02,0.375,0.475
-3.3022e-02,0.25,0.19
-3.3021e-02,0.27,0.48
-3.3019e-02,0.265,0.205
-3.3018e-02,0.325,0.465
-3.3016e-02,0.39,0.205
-3.3014e-02,0.37,0.47
-3.3013e-02,0.355,0.19
-3.3011e-02,0.325,0.48
-3.3010e-02,0.345,0.18
-3.3008e-02,0.335,0.49
-3.3006e-02,0.3,0.2
-3.3005e-02,0.335,0.48
-3.3003e-02,0.295,0.195
-3.3002e-02,0.3,0.475
-3.3000e-02,0.37,0.175
-3.2998e-02,0.385,0.495
-3.2997e-02,0.4,0.15
-3.2995e-02,0.39,0.52
-3.2994e-02,0.375,0.2
-3.2992e-02,0.315,0.48
-3.2990e-02,0.395,0.195
-3.2989e-02,0.335,0.48
-3.2987e-02,0.25,0.205
-3.2986e-02,0.29,0.475
-3.2984e-02,0.32,0.21
-3.2982e-02,0.3,0.47
-3.2981e-02,0.355,0.205
-3.2979e-02,0.3,0.47
-3.2978e-02,0.3,0.195
-3.2976e-02,0.38,0.475
-3.2974e-02,0.4,0.205
-3.2973e-02,0.38,0.47
-3.2971e-02,0.425,0.18
-3.2970e-02,0.355,0.5
-3.2968e-02,0.31,0.205
-3.2966e-02,0.41,0.47
-3.2965e-02,0.39,0.185
-3.2963e-02,0.32,0.485
-3.2962e-02,0.365,0.19
-3.2960e-02,0.265,0.485
-3.2958e-02,0.355,0.175
-3.2957e-02,0.35,0.505
-3.2955e-02,0.345,0.16
-3.2954e-02,0.29,0.505
-3.2952e-02,0.42,0.19
-3.2950e-02,0.31,0.485
-3.2949e-02,0.38,0.19
-3.2947e-02,0.365,0.485
-3.2946e-02,0.345,0.17
-3.2944e-02,0.305,0.5
-3.2942e-02,0.34,0.18
-3.2941e-02,0.345,0.49
-3.2939e-02,0.33,0.185
-3.2938e-02,0.33,0.485
-3.2936e-02,0.27,0.155
-3.2934e-02,0.25,0.52
-3.2933e-02,0.4,0.16
-3.2931e-02,0.31,0.515
-3.2930e-02,0.355,0.205
-3.2928e-02,0.315,0.48
-3.2926e-02,0.3,0.18
-3.2925e-02,0.4,0.495
-3.2923e-02,0.345,0.205
-3.2922e-02,0.335,0.47
-3.2920e-02,0.275,0.2
-3.2918e-02,0.305,0.475
-3.2917e-02,0.24,0.205
-3.2915e-02,0.33,0.475
-3.2914e-02,0.26,0.205
-3.2912e-02,0.28,0.47
-3.2910e-02,0.225,0.2
-3.2909e-02,0.275,0.47
-3.2907e-02,0.315,0.2
-3.2906e-02,0.43,0.47
-3.2904e-02,0.295,0.205
-3.2902e-02,0.32,0.465
-3.2901e-02,0.345,0.185
-3.2899e-02,0.365,0.49
-3.2898e-02,0.39,0.195
-3.2896e-02,0.37,0.48
-3.2894e-02,0.345,0.2
-3.2893e-02,0.305,0.48
-3.2891e-02,0.335,0.19
-3.2890e-02,0.37,0.48
-3.2888e-02,0.265,0.17
-3.2886e-02,0.405,0.5
-3.2885e-02,0.235,0.185
-3.2883e-02,0.345,0.485
-3.2882e-02,0.345,0.17
-3.2880e-02,0.345,0.495
-3.2878e-02,0.315,0.2
-3.2877e-02,0.34,0.47
-3.2875e-02,0.365,0.2
-3.2874e-02,0.345,0.475
-3.2872e-02,0.38,0.205
-3.2870e-02,0.265,0.465
-3.2869e-02,0.31,0.19
-3.2867e-02,0.365,0.48
-3.2866e-02,0.4,0.19
-3.2864e-02,0.275,0.475
-3.2862e-02,0.385,0.195
-3.2861e-02,0.31,0.475
-3.2859e-02,0.36,0.185
-3.2858e-02,0.385,0.485
-3.2856e-02,0.345,0.195
-3.2854e-02,0.365,0.475
-3.2853e-02,0.355,0.18
-3.2851e-02,0.26,0.49
-3.2850e-02,0.345,0.19
-3.2848e-02,0.35,0.475
-3.2846e-02,0.235,0.195
-3.2845e-02,0.275,0.465
-3.2843e-02,0.27,0.2
-3.2842e-02,0.31,0.47
-3.2840e-02,0.39,0.185
-3.2838e-02,0.42,0.48
-3.2837e-02,0.295,0.175
-3.2835e-02,0.42,0.495
-3.2834e-02,0.33,0.205
-3.2832e-02,0.38,0.46
-3.2830e-02,0.31,0.195
-3.2829e-02,0.375,0.465
-3.2827e-02,0.28,0.2
-3.2826e-02,0.41,0.465
-3.2824e-02,0.35,0.195
-3.2822e-02,0.325,0.465
-3.2821e-02,0.365,0.19
-3.2819e-02,0.245,0.475
-3.2818e-02,0.31,0.185
-3.2816e-02,0.365,0.48
-3.2814e-02,0.32,0.165
-3.2813e-02,0.29,0.49
-3.2811e-02,0.365,0.18
-3.2810e-02,0.385,0.48
-3.2808e-02,0.41,0.18
-3.2806e-02,0.405,0.48
-3.2805e-02,0.325,0.19
-3.2803e-02,0.405,0.48
-3.2802e-02,0.375,0.205
-3.2800e-02,0.39,0.46
-3.2798e-02,0.355,0.16
-3.2797e-02,0.315,0.505
-3.2795e-02,0.285,0.185
-3.2794e-02,0.345,0.475
-3.2792e-02,0.29,0.18
-3.2790e-02,0.305,0.485
-3.2789e-02,0.3,0.185
-3.2787e-02,0.25,0.475
-3.2786e-02,0.265,0.175
-3.2784e-02,0.38,0.49
-3.2782e-02,0.345,0.185
-3.2781e-02,0.38,0.49
-3.2779e-02,0.325,0.19
-3.2778e-02,0.355,0.48
-3.2776e-02,0.405,0.175
-3.2774e-02,0.345,0.5
-3.2773e-02,0.315,0.165
-3.2771e-02,0.305,0.5
-3.2770e-02,0.365,0.15
-3.2768e-02,0.355,0.51
-3.2766e-02,0.42,0.2
-3.2765e-02,0.34,0.47
-3.2763e-02,0.32,0.185
-3.2762e-02,0.29,0.48
-3.2760e-02,0.26,0.18
-3.2758e-02,0.305,0.495
-3.2757e-02,0.33,0.175
-3.2755e-02,0.245,0.49
-3.2754e-02,0.325,0.185
-3.2752e-02,0.315,0.48
-3.2750e-02,0.34,0.2
-3.2749e-02,0.335,0.465
-3.2747e-02,0.29,0.2
-3.2746e-02,0.25,0.475
-3.2744e-02,0.37,0.19
-3.2742e-02,0.33,0.485
-3.2741e-02,0.34,0.18
-3.2739e-02,0.335,0.485
-3.2738e-02,0.42,0.195
-3.2736e-02,0.285,0.475
-3.2734e-02,0.41,0.18
-3.2733e-02,0.385,0.485
-3.2731e-02,0.385,0.185
-3.2730e-02,0.39,0.49
-3.2728e-02,0.28,0.185
-3.2726e-02,0.32,0.49
-3.2725e-02,0.375,0.17
-3.2723e-02,0.29,0.5
-3.2722e-02,0.29,0.18
-3.2720e-02,0.29,0.485
-3.2718e-02,0.28,0.2
-3.2717e-02,0.38,0.47
-3.2715e-02,0.315,0.17
-3.2714e-02,0.29,0.495
-3.2712e-02,0.335,0.19
-3.2710e-02,0.405,0.485
-3.2709e-02,0.375,0.2
-3.2707e-02,0.385,0.47
-3.2706e-02,0.38,0.2
-3.2704e-02,0.34,0.47
-3.2702e-02,0.335,0.185
-3.2701e-02,0.355,0.485
-3.2699e-02,0.37,0.2
-3.2698e-02,0.29,0.48
-3.2696e-02,0.35,0.2
-3.2694e-02,0.27,0.47
-3.2693e-02,0.33,0.17
-3.2691e-02,0.41,0.49
-3.2690e-02,0.34,0.18
-3.2688e-02,0.31,0.49
-3.2686e-02,0.365,0.185
-3.2685e-02,0.38,0.485
-3.2683e-02,0.34,0.17
-3.2682e-02,0.39,0.49
-3.2680e-02,0.325,0.195
-3.2678e-02,0.355,0.47
-3.2677e-02,0.28,0.195
-3.2675e-02,0.39,0.465
-3.2674e-02,0.27,0.19
-3.2672e-02,0.335,0.47
-3.2670e-02,0.33,0.2
-3.2669e-02,0.265,0.465
-3.2667e-02,0.46,0.175
-3.2666e-02,0.28,0.49
-3.2664e-02,0.34,0.195
-3.2662e-02,0.295,0.465
-3.2661e-02,0.35,0.17
-3.2659e-02,0.32,0.485
-3.2658e-02,0.31,0.175
-3.2656e-02,0.28,0.485
-3.2654e-02,0.28,0.17
-3.2653e-02,0.38,0.485
-3.2651e-02,0.395,0.18
-3.2650e-02,0.305,0.48
-3.2648e-02,0.365,0.19
-3.2646e-02,0.33,0.465
-3.2645e-02,0.37,0.18
-3.2643e-02,0.315,0.475
-3.2642e-02,0.34,0.18
-3.2640e-02,0.29,0.48
-3.2638e-02,0.255,0.17
-3.2637e-02,0.3,0.485
-3.2635e-02,0.315,0.17
-3.2634e-02,0.33,0.485
-3.2632e-02,0.295,0.18
-3.2630e-02,0.295,0.48
-3.2629e-02,0.275,0.165
-3.2627e-02,0.41,0.49
-3.2626e-02,0.27,0.18
-3.2624e-02,0.32,0.485
-3.2622e-02,0.245,0.155
-3.2621e-02,0.37,0.505
-3.2619e-02,0.305,0.17
-3.2618e-02,0.385,0.485
-3.2616e-02,0.325,0.195
-3.2614e-02,0.37,0.465
-3.2613e-02,0.48,0.175
-3.2611e-02,0.375,0.485
-3.2610e-02,0.335,0.185
-3.2608e-02,0.32,0.48
-3.2606e-02,0.28,0.16
-3.2605e-02,0.27,0.495
-3.2603e-02,0.3,0.17
-3.2602e-02,0.3,0.49
-3.2600e-02,0.255,0.175
-3.2598e-02,0.31,0.485
-3.2597e-02,0.315,0.19
-3.2595e-02,0.39,0.475
-3.2594e-02,0.36,0.17
-3.2592e-02,0.395,0.485
-3.2590e-02,0.28,0.185
-3.2589e-02,0.445,0.475
-3.2587e-02,0.385,0.165
-3.2586e-02,0.335,0.495
-3.2584e-02,0.325,0.2
-3.2582e-02,0.28,0.46
-3.2581e-02,0.325,0.195
-3.2579e-02,0.24,0.465
-3.2578e-02,0.375,0.185
-3.2576e-02,0.245,0.475
-3.2574e-02,0.3,0.19
-3.2573e-02,0.265,0.47
-3.2571e-02,0.3,0.185
-3.2570e-02,0.295,0.48
-3.2568e-02,0.37,0.145
-3.2566e-02,0.35,0.51
-3.2565e-02,0.27,0.135
-3.2563e-02,0.4,0.525
-3.2562e-02,0.395,0.175
-3.2560e-02,0.33,0.48
-3.2558e-02,0.365,0.175
-3.2557e-02,0.31,0.49
-3.2555e-02,0.335,0.18
-3.2554e-02,0.415,0.49
-3.2552e-02,0.34,0.16
-3.2550e-02,0.35,0.505
-3.2549e-02,0.34,0.18
-3.2547e-02,0.34,0.48
-3.2546e-02,0.285,0.175
-3.2544e-02,0.42,0.48
-3.2542e-02,0.3,0.19
-3.2541e-02,0.295,0.47
-3.2539e-02,0.295,0.185
-3.2538e-02,0.32,0.475
-3.2536e-02,0.32,0.175
-3.2534e-02,0.33,0.49
-3.2533e-02,0.325,0.19
-3.2531e-02,0.185,0.475
-3.2530e-02,0.35,0.18
-3.2528e-02,0.28,0.48
-3.2526e-02,0.3,0.18
-3.2525e-02,0.395,0.49
-3.2523e-02,0.325,0.19
-3.2522e-02,0.35,0.475
-3.2520e-02,0.44,0.18
-3.2518e-02,0.365,0.485
-3.2517e-02,0.4,0.205
-3.2515e-02,0.34,0.455
-3.2514e-02,0.27,0.195
-3.2512e-02,0.295,0.465
-3.2510e-02,0.31,0.17
-3.2509e-02,0.275,0.495
-3.2507e-02,0.265,0.175
-3.2506e-02,0.305,0.485
-3.2504e-02,0.34,0.185
-3.2502e-02,0.4,0.475
-3.2501e-02,0.29,0.19
-3.2499e-02,0.365,0.475
-3.2498e-02,0.31,0.195
-3.2496e-02,0.37,0.475
-3.2494e-02,0.38,0.19
-3.2493e-02,0.3,0.47
-3.2491e-02,0.335,0.2
-3.2490e-02,0.3,0.46
-3.2488e-02,0.28,0.18
-3.2486e-02,0.355,0.48
-3.2485e-02,0.29,0.19
-3.2483e-02,0.28,0.47
-3.2482e-02,0.28,0.2
-3.2480e-02,0.27,0.46
-3.2478e-02,0.42,0.195
-3.2477e-02,0.365,0.46
-3.2475e-02,0.395,0.16
-3.2474e-02,0.395,0.49
-3.2472e-02,0.34,0.145
-3.2470e-02,0.465,0.52
-3.2469e-02,0.295,0.17
-3.2467e-02,0.33,0.48
-3.2466e-02,0.3,0.19
-3.2464e-02,0.215,0.475
-3.2462e-02,0.35,0.19
-3.2461e-02,0.24,0.465
-3.2459e-02,0.3,0.175
-3.2458e-02,0.325,0.475
-3.2456e-02,0.265,0.175
-3.2454e-02,0.415,0.48
-3.2453e-02,0.345,0.16
-3.2451e-02,0.37,0.495
-3.2450e-02,0.285,0.155
-3.2448e-02,0.275,0.495
-3.2446e-02,0.395,0.15
-3.2445e-02,0.315,0.505
-3.2443e-02,0.37,0.17
-3.2442e-02,0.21,0.485
-3.2440e-02,0.335,0.18
-3.2438e-02,0.3,0.47
-3.2437e-02,0.395,0.145
-3.2435e-02,0.355,0.51
-3.2434e-02,0.39,0.155
-3.2432e-02,0.275,0.49
-3.2430e-02,0.365,0.185
-3.2429e-02,0.275,0.465
-3.2427e-02,0.305,0.185
-3.2426e-02,0.34,0.47
-3.2424e-02,0.25,0.17
-3.2422e-02,0.295,0.485
-3.2421e-02,0.29,0.195
-3.2419e-02,0.41,0.465
-3.2418e-02,0.38,0.2
-3.2416e-02,0.38,0.45
-3.2414e-02,0.335,0.18
-3.2413e-02,0.365,0.47
-3.2411e-02,0.315,0.17
-3.2410e-02,0.32,0.48
-3.2408e-02,0.245,0.17
-3.2406e-02,0.27,0.48
-3.2405e-02,0.275,0.155
-3.2403e-02,0.335,0.505
-3.2402e-02,0.32,0.175
-3.2400e-02,0.325,0.47
-3.2398e-02,0.34,0.185
-3.2397e-02,0.26,0.47
-3.2395e-02,0.41,0.185
-3.2394e-02,0.33,0.47
-3.2392e-02,0.405,0.195
-3.2390e-02,0.315,0.465
-3.2389e-02,0.38,0.185
-3.2387e-02,0.33,0.47
-3.2386e-02,0.395,0.165
-3.2384e-02,0.27,0.485
-3.2382e-02,0.33,0.18
-3.2381e-02,0.23,0.465
-3.2379e-02,0.36,0.175
-3.2378e-02,0.295,0.475
-3.2376e-02,0.315,0.18
-3.2374e-02,0.4,0.47
-3.2373e-02,0.295,0.195
-3.2371e-02,0.415,0.46
-3.2370e-02,0.36,0.2
-3.2368e-02,0.43,0.455
-3.2366e-02,0.435,0.165
-3.2365e-02,0.305,0.49
-3.2363e-02,0.39,0.175
-3.2362e-02,0.365,0.47
-3.2360e-02,0.41,0.16
-3.2358e-02,0.415,0.5
-3.2357e-02,0.31,0.175
-3.2355e-02,0.29,0.48
-3.2354e-02,0.31,0.175
-3.2352e-02,0.26,0.475
-3.2350e-02,0.265,0.155
-3.2349e-02,0.305,0.49
-3.2347e-02,0.28,0.17
-3.2346e-02,0.385,0.485
-3.2344e-02,0.37,0.185
-3.2342e-02,0.41,0.465
-3.2341e-02,0.38,0.17
-3.2339e-02,0.285,0.49
-3.2338e-02,0.305,0.185
-3.2336e-02,0.285,0.47
-3.2334e-02,0.375,0.19
-3.2333e-02,0.315,0.47
-3.2331e-02,0.32,0.155
-3.2330e-02,0.28,0.5
-3.2328e-02,0.4,0.165
-3.2326e-02,0.31,0.495
-3.2325e-02,0.36,0.185
-3.2323e-02,0.365,0.47
-3.2322e-02,0.32,0.2
-3.2320e-02,0.37,0.455
-3.2318e-02,0.31,0.19
-3.2317e-02,0.365,0.47
-3.2315e-02,0.3,0.155
-3.2314e-02,0.3,0.495
-3.2312e-02,0.295,0.175
-3.2310e-02,0.37,0.475
-3.2309e-02,0.355,0.185
-3.2307e-02,0.38,0.47
-3.2306e-02,0.28,0.165
-3.2304e-02,0.295,0.48
-3.2302e-02,0.285,0.165
-3.2301e-02,0.36,0.48
-3.2299e-02,0.25,0.2
-3.2298e-02,0.33,0.455
-3.2296e-02,0.31,0.195
-3.2294e-02,0.375,0.46
-3.2293e-02,0.275,0.175
-3.2291e-02,0.315,0.48
-3.2290e-02,0.31,0.165
-3.2288e-02,0.305,0.49
-3.2286e-02,0.36,0.15
-3.2285e-02,0.355,0.5
-3.2283e-02,0.305,0.13
-3.2282e-02,0.3,0.52
-3.2280e-02,0.31,0.18
-3.2278e-02,0.315,0.47
-3.2277e-02,0.38,0.155
-3.2275e-02,0.345,0.495
-3.2274e-02,0.27,0.195
-3.2272e-02,0.325,0.45
-3.2270e-02,0.3,0.18
-3.2269e-02,0.38,0.47
-3.2267e-02,0.375,0.175
-3.2266e-02,0.29,0.48
-3.2264e-02,0.415,0.17
-3.2262e-02,0.3,0.475
-3.2261e-02,0.36,0.155
-3.2259e-02,0.285,0.485
-3.2258e-02,0.315,0.16
-3.2256e-02,0.245,0.49
-3.2254e-02,0.315,0.175
-3.2253e-02,0.31,0.475
-3.2251e-02,0.285,0.17
-3.2250e-02,0.345,0.475
-3.2248e-02,0.235,0.165
-3.2246e-02,0.305,0.475
-3.2245e-02,0.39,0.18
-3.2243e-02,0.3,0.46
-3.2242e-02,0.295,0.175
-3.2240e-02,0.255,0.46
-3.2238e-02,0.325,0.175
-3.2237e-02,0.385,0.465
-3.2235e-02,0.345,0.17
-3.2234e-02,0.325,0.47
-3.2232e-02,0.27,0.165
-3.2230e-02,0.33,0.485
-3.2229e-02,0.3,0.165
-3.2227e-02,0.375,0.475
-3.2226e-02,0.35,0.135
-3.2224e-02,0.365,0.5
-3.2222e-02,0.27,0.17
-3.2221e-02,0.295,0.475
-3.2219e-02,0.245,0.17
-3.2218e-02,0.305,0.475
-3.2216e-02,0.31,0.17
-3.2214e-02,0.34,0.47
-3.2213e-02,0.335,0.195
-3.2211e-02,0.42,0.455
-3.2210e-02,0.355,0.16
-3.2208e-02,0.25,0.49
-3.2206e-02,0.335,0.185
-3.2205e-02,0.285,0.46
-3.2203e-02,0.3,0.18
-3.2202e-02,0.29,0.465
-3.2200e-02,0.315,0.155
-3.2198e-02,0.245,0.49
-3.2197e-02,0.455,0.175
-3.2195e-02,0.3,0.465
-3.2194e-02,0.365,0.19
-3.2192e-02,0.295,0.46
-3.2190e-02,0.27,0.17
-3.2189e-02,0.295,0.475
-3.2187e-02,0.415,0.175
-3.2186e-02,0.375,0.475
-3.2184e-02,0.37,0.165
-3.2182e-02,0.32,0.48
-3.2181e-02,0.335,0.15
-3.2179e-02,0.375,0.5
-3.2178e-02,0.385,0.19
-3.2176e-02,0.23,0.46
-3.2174e-02,0.33,0.175
-3.2173e-02,0.245,0.485
-3.2171e-02,0.375,0.195
-3.2170e-02,0.345,0.46
-3.2168e-02,0.34,0.175
-3.2166e-02,0.3,0.48
-3.2165e-02,0.36,0.185
-3.2163e-02,0.2,0.465
-3.2162e-02,0.315,0.175
-3.2160e-02,0.285,0.47
-3.2158e-02,0.295,0.18
-3.2157e-02,0.325,0.47
-3.2155e-02,0.315,0.155
-3.2154e-02,0.365,0.49
-3.2152e-02,0.405,0.175
-3.2150e-02,0.335,0.47
-3.2149e-02,0.34,0.185
-3.2147e-02,0.35,0.47
-3.2146e-02,0.325,0.185
-3.2144e-02,0.295,0.465
-3.2142e-02,0.33,0.185
-3.2141e-02,0.3,0.46
-3.2139e-02,0.395,0.18
-3.2138e-02,0.3,0.47
-3.2136e-02,0.28,0.17
-3.2134e-02,0.31,0.47
-3.2133e-02,0.38,0.16
-3.2131e-02,0.325,0.485
-3.2130e-02,0.37,0.165
-3.2128e-02,0.32,0.475
-3.2126e-02,0.26,0.17
-3.2125e-02,0.38,0.475
-3.2123e-02,0.335,0.195
-3.2122e-02,0.385,0.455
-3.2120e-02,0.335,0.16
-3.2118e-02,0.315,0.475
-3.2117e-02,0.185,0.185
-3.2115e-02,0.34,0.46
-3.2114e-02,0.345,0.175
-3.2112e-02,0.365,0.465
-3.2110e-02,0.33,0.155
-3.2109e-02,0.33,0.48
-3.2107e-02,0.355,0.175
-3.2106e-02,0.37,0.47
-3.2104e-02,0.31,0.195
-3.2102e-02,0.3,0.45
-3.2101e-02,0.295,0.165
-3.2099e-02,0.305,0.47
-3.2098e-02,0.365,0.155
-3.2096e-02,0.35,0.475
-3.2094e-02,0.325,0.17
-3.2093e-02,0.305,0.465
-3.2091e-02,0.36,0.185
-3.2090e-02,0.335,0.455
-3.2088e-02,0.455,0.175
-3.2086e-02,0.28,0.47
-3.2085e-02,0.27,0.17
-3.2083e-02,0.26,0.465
-3.2082e-02,0.375,0.155
-3.2080e-02,0.325,0.475
-3.2078e-02,0.37,0.14
-3.2077e-02,0.285,0.495
-3.2075e-02,0.455,0.18
-3.2074e-02,0.38,0.46
-3.2072e-02,0.36,0.155
-3.2070e-02,0.285,0.475
-3.2069e-02,0.295,0.185
-3.2067e-02,0.26,0.455
-3.2066e-02,0.33,0.175
-3.2064e-02,0.36,0.47
-3.2062e-02,0.325,0.18
-3.2061e-02,0.33,0.46
-3.2059e-02,0.275,0.18
-3.2058e-02,0.33,0.46
-3.2056e-02,0.37,0.17
-3.2054e-02,0.38,0.465
-3.2053e-02,0.305,0.17
-3.2051e-02,0.34,0.47
-3.2050e-02,0.34,0.175
-3.2048e-02,0.315,0.465
-3.2046e-02,0.32,0.14
-3.2045e-02,0.205,0.495
-3.2043e-02,0.26,0.145
-3.2042e-02,0.375,0.49
-3.2040e-02,0.365,0.195
-3.2038e-02,0.335,0.45
-3.2037e-02,0.225,0.16
-3.2035e-02,0.365,0.475
-3.2034e-02,0.335,0.17
-3.2032e-02,0.41,0.465
-3.2030e-02,0.32,0.17
-3.2029e-02,0.355,0.47
-3.2027e-02,0.235,0.185
-3.2026e-02,0.345,0.45
-3.2024e-02,0.355,0.17
-3.2022e-02,0.34,0.47
-3.2021e-02,0.275,0.175
-3.2019e-02,0.39,0.465
-3.2018e-02,0.33,0.18
-3.2016e-02,0.405,0.46
-3.2014e-02,0.345,0.14
-3.2013e-02,0.265,0.5
-3.2011e-02,0.345,0.155
-3.2010e-02,0.355,0.485
-3.2008e-02,0.345,0.16
-3.2006e-02,0.33,0.475
-3.2005e-02,0.18,0.15
-3.2003e-02,0.24,0.49
-3.2002e-02,0.305,0.155
-3.2000e-02,0.32,0.48
-3.1998e-02,0.395,0.165
-3.1997e-02,0.325,0.47
-3.1995e-02,0.365,0.185
-3.1994e-02,0.32,0.455
-3.1992e-02,0.31,0.18
-3.1990e-02,0.325,0.465
-3.1989e-02,0.245,0.18
-3.1987e-02,0.235,0.46
-3.1986e-02,0.31,0.18
-3.1984e-02,0.36,0.455
-3.1982e-02,0.405,0.15
-3.1981e-02,0.3,0.49
-3.1979e-02,0.335,0.19
-3.1978e-02,0.36,0.445
-3.1976e-02,0.305,0.16
-3.1974e-02,0.29,0.48
-3.1973e-02,0.22,0.15
-3.1971e-02,0.305,0.49
-3.1970e-02,0.32,0.17
-3.1968e-02,0.435,0.47
-3.1966e-02,0.32,0.18
-3.1965e-02,0.36,0.46
-3.1963e-02,0.33,0.175
-3.1962e-02,0.33,0.46
-3.1960e-02,0.3,0.15
-3.1958e-02,0.345,0.48
-3.1957e-02,0.265,0.16
-3.1955e-02,0.3,0.48
-3.1954e-02,0.28,0.115
-3.1952e-02,0.31,0.515
-3.1950e-02,0.34,0.175
-3.1949e-02,0.275,0.47
-3.1947e-02,0.295,0.15
-3.1946e-02,0.315,0.49
-3.1944e-02,0.44,0.155
-3.1942e-02,0.345,0.48
-3.1941e-02,0.345,0.165
-3.1939e-02,0.22,0.47
-3.1938e-02,0.285,0.175
-3.1936e-02,0.28,0.455
-3.1934e-02,0.26,0.17
-3.1933e-02,0.34,0.455
-3.1931e-02,0.27,0.18
-3.1930e-02,0.38,0.455
-3.1928e-02,0.34,0.165
-3.1926e-02,0.335,0.465
-3.1925e-02,0.325,0.165
-3.1923e-02,0.255,0.465
-3.1922e-02,0.29,0.185
-3.1920e-02,0.31,0.445
-3.1918e-02,0.305,0.175
-3.1917e-02,0.3,0.46
-3.1915e-02,0.31,0.16
-3.1914e-02,0.34,0.475
-3.1912e-02,0.415,0.15
-3.1910e-02,0.315,0.48
-3.1909e-02,0.235,0.175
-3.1907e-02,0.245,0.455
-3.1906e-02,0.3,0.175
-3.1904e-02,0.335,0.465
-3.1902e-02,0.285,0.185
-3.1901e-02,0.31,0.45
-3.1899e-02,0.26,0.135
-3.1898e-02,0.29,0.505
-3.1896e-02,0.245,0.17
-3.1894e-02,0.365,0.465
-3.1893e-02,0.29,0.17
-3.1891e-02,0.395,0.46
-3.1890e-02,0.335,0.17
-3.1888e-02,0.395,0.465
-3.1886e-02,0.33,0.175
-3.1885e-02,0.29,0.455
-3.1883e-02,0.26,0.195
-3.1882e-02,0.22,0.44
-3.1880e-02,0.305,0.17
-3.1878e-02,0.29,0.465
-3.1877e-02,0.335,0.18
-3.1875e-02,0.315,0.455
-3.1874e-02,0.4,0.17
-3.1872e-02,0.345,0.46
-3.1870e-02,0.36,0.175
-3.1869e-02,0.26,0.46
-3.1867e-02,0.345,0.175
-3.1866e-02,0.22,0.455
-3.1864e-02,0.285,0.165
-3.1862e-02,0.28,0.465
-3.1861e-02,0.28,0.165
-3.1859e-02,0.38,0.475
-3.1858e-02,0.29,0.165
-3.1856e-02,0.425,0.46
-3.1854e-02,0.3,0.16
-3.1853e-02,0.35,0.475
-3.1851e-02,0.325,0.15
-3.1850e-02,0.235,0.475
-3.1848e-02,0.42,0.11
-3.1846e-02,0.25,0.52
-3.1845e-02,0.345,0.16
-3.1843e-02,0.275,0.465
-3.1842e-02,0.325,0.155
-3.1840e-02,0.38,0.47
-3.1838e-02,0.255,0.175
-3.1837e-02,0.3,0.45
-3.1835e-02,0.22,0.15
-3.1834e-02,0.385,0.475
-3.1832e-02,0.29,0.175
-3.1830e-02,0.365,0.455
-3.1829e-02,0.29,0.155
-3.1827e-02,0.35,0.475
-3.1826e-02,0.335,0.16
-3.1824e-02,0.345,0.465
-3.1822e-02,0.245,0.175
-3.1821e-02,0.26,0.45
-3.1819e-02,0.19,0.16
-3.1818e-02,0.325,0.465
-3.1816e-02,0.32,0.145
-3.1814e-02,0.34,0.485
-3.1813e-02,0.32,0.15
-3.1811e-02,0.22,0.48
-3.1810e-02,0.38,0.17
-3.1808e-02,0.305,0.455
-3.1806e-02,0.32,0.17
-3.1805e-02,0.32,0.465
-3.1803e-02,0.265,0.165
-3.1802e-02,0.37,0.47
-3.1800e-02,0.33,0.165
-3.1798e-02,0.285,0.455
-3.1797e-02,0.245,0.165
-3.1795e-02,0.225,0.46
-3.1794e-02,0.33,0.16
-3.1792e-02,0.33,0.465
-3.1790e-02,0.405,0.15
-3.1789e-02,0.375,0.48
-3.1787e-02,0.325,0.165
-3.1786e-02,0.23,0.46
-3.1784e-02,0.335,0.18
-3.1782e-02,0.28,0.445
-3.1781e-02,0.3,0.15
-3.1779e-02,0.285,0.475
-3.1778e-02,0.28,0.165
-3.1776e-02,0.4,0.455
-3.1774e-02,0.385,0.16
-3.1773e-02,0.325,0.465
-3.1771e-02,0.295,0.17
-3.1770e-02,0.29,0.455
-3.1768e-02,0.32,0.17
-3.1766e-02,0.245,0.465
-3.1765e-02,0.26,0.175
-3.1763e-02,0.315,0.45
-3.1762e-02,0.27,0.175
-3.1760e-02,0.39,0.455
-3.1758e-02,0.32,0.165
-3.1757e-02,0.37,0.455
-3.1755e-02,0.325,0.17
-3.1754e-02,0.31,0.46
-3.1752e-02,0.235,0.155
-3.1750e-02,0.3,0.48
-3.1749e-02,0.22,0.145
-3.1747e-02,0.31,0.485
-3.1746e-02,0.205,0.19
-3.1744e-02,0.34,0.44
-3.1742e-02,0.34,0.15
-3.1741e-02,0.275,0.48
-3.1739e-02,0.335,0.175
-3.1738e-02,0.345,0.455
-3.1736e-02,0.415,0.165
-3.1734e-02,0.29,0.46
-3.1733e-02,0.295,0.175
-3.1731e-02,0.23,0.45
-3.1730e-02,0.305,0.15
-3.1728e-02,0.305,0.48
-3.1726e-02,0.345,0.16
-3.1725e-02,0.245,0.47
-3.1723e-02,0.26,0.175
-3.1722e-02,0.25,0.46
-3.1720e-02,0.285,0.165
-3.1718e-02,0.335,0.46
-3.1717e-02,0.36,0.165
-3.1715e-02,0.29,0.465
-3.1714e-02,0.315,0.15
-3.1712e-02,0.325,0.475
-3.1710e-02,0.38,0.145
-3.1709e-02,0.27,0.485
-3.1707e-02,0.25,0.17
-3.1706e-02,0.23,0.455
-3.1704e-02,0.345,0.16
-3.1702e-02,0.34,0.465
-3.1701e-02,0.37,0.18
-3.1699e-02,0.32,0.455
-3.1698e-02,0.3,0.17
-3.1696e-02,0.26,0.455
-3.1694e-02,0.33,0.17
-3.1693e-02,0.28,0.455
-3.1691e-02,0.42,0.17
-3.1690e-02,0.325,0.45
-3.1688e-02,0.305,0.185
-3.1686e-02,0.29,0.44
-3.1685e-02,0.35,0.16
-3.1683e-02,0.275,0.45
-3.1682e-02,0.345,0.17
-3.1680e-02,0.29,0.455
-3.1678e-02,0.31,0.19
-3.1677e-02,0.395,0.44
-3.1675e-02,0.325,0.15
-3.1674e-02,0.325,0.47
-3.1672e-02,0.32,0.155
-3.1670e-02,0.335,0.46
-3.1669e-02,0.305,0.155
-3.1667e-02,0.315,0.465
-3.1666e-02,0.235,0.16
-3.1664e-02,0.34,0.455
-3.1662e-02,0.3,0.175
-3.1661e-02,0.33,0.445
-3.1659e-02,0.345,0.175
-3.1658e-02,0.245,0.45
-3.1656e-02,0.275,0.16
-3.1654e-02,0.305,0.46
-3.1653e-02,0.34,0.165
-3.1651e-02,0.38,0.455
-3.1650e-02,0.31,0.145
-3.1648e-02,0.24,0.48
-3.1646e-02,0.355,0.135
-3.1645e-02,0.315,0.485
-3.1643e-02,0.345,0.135
-3.1642e-02,0.325,0.475
-3.1640e-02,0.355,0.135
-3.1638e-02,0.325,0.475
-3.1637e-02,0.37,0.16
-3.1635e-02,0.255,0.45
-3.1634e-02,0.235,0.175
-3.1632e-02,0.225,0.445
-3.1630e-02,0.3,0.185
-3.1629e-02,0.35,0.43
-3.1627e-02,0.345,0.155
-3.1626e-02,0.365,0.465
-3.1624e-02,0.33,0.165
-3.1622e-02,0.28,0.45
-3.1621e-02,0.325,0.145
-3.1619e-02,0.29,0.465
-3.1618e-02,0.29,0.17
-3.1616e-02,0.255,0.45
-3.1614e-02,0.36,0.15
-3.1613e-02,0.295,0.47
-3.1611e-02,0.375,0.18
-3.1610e-02,0.295,0.435
-3.1608e-02,0.345,0.145
-3.1606e-02,0.315,0.475
-3.1605e-02,0.365,0.14
-3.1603e-02,0.17,0.48
-3.1602e-02,0.24,0.155
-3.1600e-02,0.285,0.46
-3.1598e-02,0.36,0.17
-3.1597e-02,0.325,0.45
-3.1595e-02,0.34,0.16
-3.1594e-02,0.285,0.465
-3.1592e-02,0.315,0.17
-3.1590e-02,0.31,0.45
-3.1589e-02,0.33,0.155
-3.1587e-02,0.305,0.46
-3.1586e-02,0.33,0.155
-3.1584e-02,0.255,0.465
-3.1582e-02,0.355,0.17
-3.1581e-02,0.33,0.455
-3.1579e-02,0.37,0.16
-3.1578e-02,0.315,0.455
-3.1576e-02,0.265,0.155
-3.1574e-02,0.32,0.46
-3.1573e-02,0.345,0.155
-3.1571e-02,0.31,0.465
-3.1570e-02,0.305,0.17
-3.1568e-02,0.275,0.445
-3.1566e-02,0.325,0.17
-3.1565e-02,0.295,0.445
-3.1563e-02,0.245,0.17
-3.1562e-02,0.21,0.45
-3.1560e-02,0.315,0.18
-3.1558e-02,0.365,0.435
-3.1557e-02,0.395,0.18
-3.1555e-02,0.325,0.44
-3.1554e-02,0.265,0.18
-3.1552e-02,0.23,0.435
-3.1550e-02,0.225,0.165
-3.1549e-02,0.31,0.45
-3.1547e-02,0.37,0.155
-3.1546e-02,0.315,0.465
-3.1544e-02,0.335,0.18
-3.1542e-02,0.335,0.435
-3.1541e-02,0.27,0.15
-3.1539e-02,0.295,0.465
-3.1538e-02,0.235,0.155
-3.1536e-02,0.255,0.46
-3.1534e-02,0.3,0.18
-3.1533e-02,0.335,0.44
-3.1531e-02,0.23,0.17
-3.1530e-02,0.3,0.445
-3.1528e-02,0.325,0.175
-3.1526e-02,0.345,0.44
-3.1525e-02,0.385,0.145
-3.1523e-02,0.265,0.47
-3.1522e-02,0.255,0.155
-3.1520e-02,0.255,0.46
-3.1518e-02,0.25,0.185
-3.1517e-02,0.385,0.43
-3.1515e-02,0.345,0.16
-3.1514e-02,0.34,0.445
-3.1512e-02,0.31,0.165
-3.1510e-02,0.275,0.45
-3.1509e-02,0.365,0.165
-3.1507e-02,0.37,0.445
-3.1506e-02,0.27,0.135
-3.1504e-02,0.285,0.48
-3.1502e-02,0.32,0.16
-3.1501e-02,0.31,0.445
-3.1499e-02,0.4,0.155
-3.1498e-02,0.28,0.455
-3.1496e-02,0.295,0.15
-3.1494e-02,0.29,0.465
-3.1493e-02,0.255,0.17
-3.1491e-02,0.335,0.435
-3.1490e-02,0.325,0.16
-3.1488e-02,0.345,0.45
-3.1486e-02,0.36,0.155
-3.1485e-02,0.28,0.455
-3.1483e-02,0.28,0.165
-3.1482e-02,0.33,0.445
-3.1480e-02,0.255,0.165
-3.1478e-02,0.315,0.44
-3.1477e-02,0.35,0.145
-3.1475e-02,0.35,0.465
-3.1474e-02,0.355,0.16
-3.1472e-02,0.29,0.45
-3.1470e-02,0.25,0.175
-3.1469e-02,0.29,0.43
-3.1467e-02,0.29,0.16
-3.1466e-02,0.315,0.455
-3.1464e-02,0.34,0.155
-3.1462e-02,0.31,0.455
-3.1461e-02,0.41,0.165
-3.1459e-02,0.25,0.44
-3.1458e-02,0.31,0.16
-3.1456e-02,0.235,0.445
-3.1454e-02,0.28,0.165
-3.1453e-02,0.245,0.445
-3.1451e-02,0.25,0.155
-3.1450e-02,0.325,0.445
-3.1448e-02,0.32,0.16
-3.1446e-02,0.365,0.455
-3.1445e-02,0.27,0.155
-3.1443e-02,0.27,0.455
-3.1442e-02,0.285,0.185
-3.1440e-02,0.195,0.425
-3.1438e-02,0.335,0.15
-3.1437e-02,0.28,0.455
-3.1435e-02,0.315,0.14
-3.1434e-02,0.29,0.465
-3.1432e-02,0.355,0.165
-3.1430e-02,0.37,0.435
-3.1429e-02,0.385,0.15
-3.1427e-02,0.3,0.46
-3.1426e-02,0.205,0.17
-3.1424e-02,0.255,0.44
-3.1422e-02,0.335,0.16
-3.1421e-02,0.33,0.44
-3.1419e-02,0.27,0.16
-3.1418e-02,0.325,0.44
-3.1416e-02,0.28,0.165
-3.1414e-02,0.445,0.445
-3.1413e-02,0.315,0.155
-3.1411e-02,0.265,0.45
-3.1410e-02,0.26,0.155
-3.1408e-02,0.24,0.455
-3.1406e-02,0.32,0.15
-3.1405e-02,0.27,0.45
-3.1403e-02,0.28,0.16
-3.1402e-02,0.355,0.45
-3.1400e-02,0.315,0.17
-3.1398e-02,0.395,0.43
-3.1397e-02,0.3,0.16
-3.1395e-02,0.2,0.445
-3.1394e-02,0.24,0.13
-3.1392e-02,0.28,0.465
-3.1390e-02,0.345,0.135
-3.1389e-02,0.32,0.47
-3.1387e-02,0.295,0.14
-3.1386e-02,0.28,0.47
-3.1384e-02,0.305,0.14
-3.1382e-02,0.335,0.46
-3.1381e-02,0.265,0.155
-3.1379e-02,0.235,0.445
-3.1378e-02,0.305,0.145
-3.1376e-02,0.285,0.45
-3.1374e-02,0.36,0.15
-3.1373e-02,0.26,0.455
-3.1371e-02,0.26,0.13
-3.1370e-02,0.265,0.46
-3.1368e-02,0.245,0.13
-3.1366e-02,0.335,0.48
-3.1365e-02,0.3,0.15
-3.1363e-02,0.33,0.45
-3.1362e-02,0.325,0.115
-3.1360e-02,0.27,0.475
-3.1358e-02,0.315,0.17
-3.1357e-02,0.26,0.43
-3.1355e-02,0.275,0.15
-3.1354e-02,0.23,0.445
-3.1352e-02,0.265,0.17
-3.1350e-02,0.38,0.43
-3.1349e-02,0.285,0.155
-3.1347e-02,0.355,0.445
-3.1346e-02,0.335,0.15
-3.1344e-02,0.29,0.45
-3.1342e-02,0.305,0.165
-3.1341e-02,0.255,0.43
-3.1339e-02,0.28,0.16
-3.1338e-02,0.315,0.44
-3.1336e-02,0.33,0.165
-3.1334e-02,0.29,0.445
-3.1333e-02,0.315,0.165
-3.1331e-02,0.3,0.44
-3.1330e-02,0.3,0.155
-3.1328e-02,0.255,0.445
-3.1326e-02,0.315,0.135
-3.1325e-02,0.29,0.465
-3.1323e-02,0.36,0.16
-3.1322e-02,0.325,0.445
-3.1320e-02,0.285,0.155
-3.1318e-02,0.285,0.455
-3.1317e-02,0.22,0.15
-3.1315e-02,0.245,0.46
-3.1314e-02,0.255,0.165
-3.1312e-02,0.37,0.44
-3.1310e-02,0.32,0.145
-3.1309e-02,0.36,0.465
-3.1307e-02,0.215,0.155
-3.1306e-02,0.415,0.445
-3.1304e-02,0.265,0.15
-3.1302e-02,0.355,0.45
-3.1301e-02,0.21,0.155
-3.1299e-02,0.305,0.445
-3.1298e-02,0.32,0.135
-3.1296e-02,0.345,0.46
-3.1294e-02,0.325,0.125
-3.1293e-02,0.305,0.475
-3.1291e-02,0.33,0.13
-3.1290e-02,0.33,0.465
-3.1288e-02,0.3,0.165
-3.1286e-02,0.275,0.44
-3.1285e-02,0.28,0.15
-3.1283e-02,0.225,0.445
-3.1282e-02,0.285,0.17
-3.1280e-02,0.315,0.435
-3.1278e-02,0.325,0.16
-3.1277e-02,0.31,0.445
-3.1275e-02,0.31,0.15
-3.1274e-02,0.355,0.45
-3.1272e-02,0.32,0.15
-3.1270e-02,0.275,0.45
-3.1269e-02,0.26,0.135
-3.1267e-02,0.215,0.47
-3.1266e-02,0.335,0.16
-3.1264e-02,0.34,0.435
-3.1262e-02,0.365,0.145
-3.1261e-02,0.28,0.45
-3.1259e-02,0.34,0.17
-3.1258e-02,0.285,0.425
-3.1256e-02,0.31,0.135
-3.1254e-02,0.215,0.465
-3.1253e-02,0.36,0.095
-3.1251e-02,0.265,0.495
-3.1250e-02,0.335,0.155
-3.1248e-02,0.29,0.44
-3.1246e-02,0.26,0.16
-3.1245e-02,0.31,0.435
-3.1243e-02,0.25,0.145
-3.1242e-02,0.265,0.455
-3.1240e-02,0.275,0.145
-3.1238e-02,0.28,0.44
-3.1237e-02,0.38,0.145
-3.1235e-02,0.33,0.445
-3.1234e-02,0.35,0.15
-3.1232e-02,0.265,0.445
-3.1230e-02,0.21,0.15
-3.1229e-02,0.27,0.445
-3.1227e-02,0.32,0.14
-3.1226e-02,0.315,0.445
-3.1224e-02,0.285,0.165
-3.1222e-02,0.23,0.425
-3.1221e-02,0.305,0.16
-3.1219e-02,0.3,0.425
-3.1218e-02,0.26,0.155
-3.1216e-02,0.305,0.435
-3.1214e-02,0.195,0.16
-3.1213e-02,0.355,0.43
-3.1211e-02,0.28,0.135
-3.1210e-02,0.31,0.455
-3.1208e-02,0.295,0.13
-3.1206e-02,0.335,0.46
-3.1205e-02,0.38,0.155
-3.1203e-02,0.295,0.43
-3.1202e-02,0.24,0.16
-3.1200e-02,0.215,0.435
-3.1198e-02,0.21,0.16
-3.1197e-02,0.285,0.43
-3.1195e-02,0.305,0.135
-3.1194e-02,0.285,0.455
-3.1192e-02,0.33,0.155
-3.1190e-02,0.29,0.44
-3.1189e-02,0.34,0.15
-3.1187e-02,0.325,0.435
-3.1186e-02,0.295,0.13
-3.1184e-02,0.25,0.455
-3.1182e-02,0.235,0.135
-3.1181e-02,0.3,0.46
-3.1179e-02,0.28,0.12
-3.1178e-02,0.245,0.46
-3.1176e-02,0.34,0.125
-3.1174e-02,0.31,0.46
-3.1173e-02,0.33,0.14
-3.1171e-02,0.305,0.455
-3.1170e-02,0.28,0.17
-3.1168e-02,0.295,0.415
-3.1166e-02,0.315,0.165
-3.1165e-02,0.26,0.425
-3.1163e-02,0.305,0.17
-3.1162e-02,0.29,0.425
-3.1160e-02,0.35,0.145
-3.1158e-02,0.29,0.445
-3.1157e-02,0.33,0.165
-3.1155e-02,0.25,0.43
-3.1154e-02,0.335,0.125
-3.1152e-02,0.18,0.46
-3.1150e-02,0.31,0.155
-3.1149e-02,0.22,0.435
-3.1147e-02,0.28,0.14
-3.1146e-02,0.295,0.45
-3.1144e-02,0.335,0.16
-3.1142e-02,0.34,0.43
-3.1141e-02,0.34,0.15
-3.1139e-02,0.24,0.445
-3.1138e-02,0.255,0.16
-3.1136e-02,0.265,0.435
-3.1134e-02,0.33,0.155
-3.1133e-02,0.26,0.445
-3.1131e-02,0.275,0.135
-3.1130e-02,0.32,0.46
-3.1128e-02,0.345,0.13
-3.1126e-02,0.38,0.465
-3.1125e-02,0.245,0.125
-3.1123e-02,0.25,0.465
-3.1122e-02,0.26,0.11
-3.1120e-02,0.335,0.48
-3.1118e-02,0.325,0.155
-3.1117e-02,0.38,0.43
-3.1115e-02,0.29,0.135
-3.1114e-02,0.23,0.445
-3.1112e-02,0.3,0.15
-3.1110e-02,0.26,0.435
-3.1109e-02,0.385,0.145
-3.1107e-02,0.225,0.44
-3.1106e-02,0.31,0.16
-3.1104e-02,0.26,0.42
-3.1102e-02,0.375,0.17
-3.1101e-02,0.375,0.415
-3.1099e-02,0.295,0.145
-3.1098e-02,0.255,0.445
-3.1096e-02,0.335,0.16
-3.1094e-02,0.33,0.43
-3.1093e-02,0.295,0.15
-3.1091e-02,0.275,0.435
-3.1090e-02,0.25,0.15
-3.1088e-02,0.365,0.435
-3.1086e-02,0.305,0.165
-3.1085e-02,0.33,0.42
-3.1083e-02,0.26,0.14
-3.1082e-02,0.215,0.44
-3.1080e-02,0.31,0.15
-3.1078e-02,0.265,0.425
-3.1077e-02,0.32,0.145
-3.1075e-02,0.265,0.44
-3.1074e-02,0.325,0.135
-3.1072e-02,0.335,0.45
-3.1070e-02,0.365,0.14
-3.1069e-02,0.295,0.44
-3.1067e-02,0.29,0.175
-3.1066e-02,0.185,0.405
-3.1064e-02,0.34,0.155
-3.1062e-02,0.3,0.44
-3.1061e-02,0.28,0.14
-3.1059e-02,0.285,0.445
-3.1058e-02,0.255,0.155
-3.1056e-02,0.25,0.425
-3.1054e-02,0.225,0.16
-3.1053e-02,0.245,0.425
-3.1051e-02,0.225,0.14
-3.1050e-02,0.32,0.44
-3.1048e-02,0.28,0.115
-3.1046e-02,0.3,0.47
-3.1045e-02,0.305,0.13
-3.1043e-02,0.32,0.45
-3.1042e-02,0.305,0.125
-3.1040e-02,0.28,0.45
-3.1038e-02,0.23,0.145
-3.1037e-02,0.295,0.435
-3.1035e-02,0.27,0.15
-3.1034e-02,0.38,0.425
-3.1032e-02,0.28,0.14
-3.1030e-02,0.29,0.44
-3.1029e-02,0.285,0.125
-3.1027e-02,0.28,0.45
-3.1026e-02,0.305,0.12
-3.1024e-02,0.29,0.46
-3.1022e-02,0.18,0.15
-3.1021e-02,0.33,0.435
-3.1019e-02,0.27,0.145
-3.1018e-02,0.45,0.44
-3.1016e-02,0.295,0.135
-3.1014e-02,0.31,0.45
-3.1013e-02,0.245,0.11
-3.1011e-02,0.32,0.47
-3.1010e-02,0.27,0.14
-3.1008e-02,0.345,0.44
-3.1006e-02,0.27,0.135
-3.1005e-02,0.385,0.445
-3.1003e-02,0.215,0.145
-3.1002e-02,0.3,0.435
-3.1000e-02,0.205,0.165
-3.0998e-02,0.275,0.41
-3.0997e-02,0.26,0.145
-3.0995e-02,0.295,0.43
-3.0994e-02,0.275,0.135
-3.0992e-02,0.28,0.445
-3.0990e-02,0.295,0.135
-3.0989e-02,0.325,0.455
-3.0987e-02,0.315,0.14
-3.0986e-02,0.23,0.435
-3.0984e-02,0.265,0.165
-3.0982e-02,0.265,0.415
-3.0981e-02,0.405,0.14
-3.0979e-02,0.355,0.44
-3.0978e-02,0.315,0.125
-3.0976e-02,0.335,0.455
-3.0974e-02,0.22,0.15
-3.0973e-02,0.325,0.435
-3.0971e-02,0.205,0.14
-3.0970e-02,0.24,0.435
-3.0968e-02,0.245,0.115
-3.0966e-02,0.34,0.46
-3.0965e-02,0.27,0.145
-3.0963e-02,0.305,0.435
-3.0962e-02,0.23,0.135
-3.0960e-02,0.365,0.44
-3.0958e-02,0.285,0.135
-3.0957e-02,0.29,0.44
-3.0955e-02,0.205,0.15
-3.0954e-02,0.325,0.425
-3.0952e-02,0.34,0.165
-3.0950e-02,0.385,0.415
-3.0949e-02,0.3,0.165
-3.0947e-02,0.265,0.41
-3.0946e-02,0.24,0.145
-3.0944e-02,0.335,0.435
-3.0942e-02,0.255,0.12
-3.0941e-02,0.3,0.46
-3.0939e-02,0.235,0.125
-3.0938e-02,0.31,0.455
-3.0936e-02,0.305,0.105
-3.0934e-02,0.36,0.46
-3.0933e-02,0.245,0.115
-3.0931e-02,0.23,0.45
-3.0930e-02,0.245,0.15
-3.0928e-02,0.325,0.43
-3.0926e-02,0.31,0.125
-3.0925e-02,0.275,0.44
-3.0923e-02,0.285,0.155
-3.0922e-02,0.35,0.42
-3.0920e-02,0.295,0.14
-3.0918e-02,0.285,0.43
-3.0917e-02,0.205,0.125
-3.0915e-02,0.23,0.45
-3.0914e-02,0.3,0.13
-3.0912e-02,0.275,0.44
-3.0910e-02,0.305,0.15
-3.0909e-02,0.235,0.415
-3.0907e-02,0.325,0.155
-3.0906e-02,0.23,0.415
-3.0904e-02,0.27,0.15
-3.0902e-02,0.245,0.42
-3.0901e-02,0.335,0.12
-3.0899e-02,0.365,0.445
-3.0898e-02,0.285,0.14
-3.0896e-02,0.305,0.43
-3.0894e-02,0.26,0.14
-3.0893e-02,0.31,0.435
-3.0891e-02,0.285,0.14
-3.0890e-02,0.29,0.42
-3.0888e-02,0.205,0.13
-3.0886e-02,0.235,0.435
-3.0885e-02,0.265,0.145
-3.0883e-02,0.34,0.415
-3.0882e-02,0.28,0.165
-3.0880e-02,0.275,0.41
-3.0878e-02,0.19,0.145
-3.0877e-02,0.3,0.425
-3.0875e-02,0.245,0.13
-3.0874e-02,0.255,0.435
-3.0872e-02,0.285,0.15
-3.0870e-02,0.265,0.425
-3.0869e-02,0.375,0.13
-3.0867e-02,0.325,0.44
-3.0866e-02,0.325,0.13
-3.0864e-02,0.335,0.435
-3.0862e-02,0.345,0.135
-3.0861e-02,0.295,0.44
-3.0859e-02,0.195,0.145
-3.0858e-02,0.245,0.425
-3.0856e-02,0.31,0.15
-3.0854e-02,0.32,0.42
-3.0853e-02,0.32,0.13
-3.0851e-02,0.145,0.44
-3.0850e-02,0.28,0.125
-3.0848e-02,0.215,0.425
-3.0846e-02,0.345,0.115
-3.0845e-02,0.305,0.45
-3.0843e-02,0.21,0.14
-3.0842e-02,0.315,0.43
-3.0840e-02,0.31,0.135
-3.0838e-02,0.365,0.43
-3.0837e-02,0.335,0.15
-3.0835e-02,0.23,0.42
-3.0834e-02,0.255,0.14
-3.0832e-02,0.23,0.43
-3.0830e-02,0.315,0.12
-3.0829e-02,0.275,0.44
-3.0827e-02,0.265,0.14
-3.0826e-02,0.245,0.43
-3.0824e-02,0.315,0.145
-3.0822e-02,0.28,0.42
-3.0821e-02,0.21,0.135
-3.0819e-02,0.21,0.43
-3.0818e-02,0.245,0.15
-3.0816e-02,0.305,0.41
-3.0814e-02,0.3,0.15
-3.0813e-02,0.285,0.41
-3.0811e-02,0.315,0.14
-3.0810e-02,0.355,0.43
-3.0808e-02,0.32,0.125
-3.0806e-02,0.335,0.44
-3.0805e-02,0.24,0.145
-3.0803e-02,0.3,0.42
-3.0802e-02,0.255,0.145
-3.0800e-02,0.295,0.425
-3.0798e-02,0.285,0.145
-3.0797e-02,0.35,0.425
-3.0795e-02,0.285,0.14
-3.0794e-02,0.325,0.43
-3.0792e-02,0.16,0.135
-3.0790e-02,0.3,0.42
-3.0789e-02,0.21,0.145
-3.0787e-02,0.27,0.42
-3.0786e-02,0.24,0.135
-3.0784e-02,0.22,0.43
-3.0782e-02,0.28,0.145
-3.0781e-02,0.265,0.425
-3.0779e-02,0.365,0.12
-3.0778e-02,0.27,0.435
-3.0776e-02,0.27,0.105
-3.0774e-02,0.28,0.46
-3.0773e-02,0.27,0.12
-3.0771e-02,0.35,0.44
-3.0770e-02,0.215,0.125
-3.0768e-02,0.235,0.445
-3.0766e-02,0.245,0.125
-3.0765e-02,0.355,0.435
-3.0763e-02,0.29,0.14
-3.0762e-02,0.29,0.42
-3.0760e-02,0.275,0.145
-3.0758e-02,0.31,0.41
-3.0757e-02,0.37,0.13
-3.0755e-02,0.31,0.43
-3.0754e-02,0.285,0.13
-3.0752e-02,0.24,0.425
-3.0750e-02,0.23,0.14
-3.0749e-02,0.32,0.425
-3.0747e-02,0.235,0.145
-3.0746e-02,0.395,0.41
-3.0744e-02,0.295,0.14
-3.0742e-02,0.305,0.42
-3.0741e-02,0.335,0.125
-3.0739e-02,0.205,0.43
-3.0738e-02,0.255,0.135
-3.0736e-02,0.195,0.425
-3.0734e-02,0.25,0.125
-3.0733e-02,0.305,0.43
-3.0731e-02,0.34,0.12
-3.0730e-02,0.24,0.435
-3.0728e-02,0.32,0.125
-3.0726e-02,0.265,0.43
-3.0725e-02,0.31,0.125
-3.0723e-02,0.18,0.44
-3.0722e-02,0.215,0.135
-3.0720e-02,0.29,0.425
-3.0718e-02,0.385,0.14
-3.0717e-02,0.275,0.415
-3.0715e-02,0.3,0.12
-3.0714e-02,0.27,0.435
-3.0712e-02,0.28,0.105
-3.0710e-02,0.225,0.44
-3.0709e-02,0.23,0.095
-3.0707e-02,0.205,0.47
-3.0706e-02,0.31,0.11
-3.0704e-02,0.325,0.44
-3.0702e-02,0.37,0.11
-3.0701e-02,0.315,0.435
-3.0699e-02,0.27,0.125
-3.0698e-02,0.23,0.435
-3.0696e-02,0.265,0.14
-3.0694e-02,0.235,0.41
-3.0693e-02,0.285,0.12
-3.0691e-02,0.305,0.435
-3.0690e-02,0.29,0.115
-3.0688e-02,0.355,0.44
-3.0686e-02,0.345,0.14
-3.0685e-02,0.28,0.415
-3.0683e-02,0.17,0.095
-3.0682e-02,0.265,0.45
-3.0680e-02,0.28,0.115
-3.0678e-02,0.315,0.45
-3.0677e-02,0.26,0.12
-3.0675e-02,0.205,0.435
-3.0674e-02,0.315,0.115
-3.0672e-02,0.34,0.44
-3.0670e-02,0.295,0.12
-3.0669e-02,0.26,0.43
-3.0667e-02,0.245,0.095
-3.0666e-02,0.2,0.455
-3.0664e-02,0.265,0.12
-3.0662e-02,0.24,0.43
-3.0661e-02,0.225,0.115
-3.0659e-02,0.245,0.44
-3.0658e-02,0.29,0.09
-3.0656e-02,0.285,0.46
-3.0654e-02,0.27,0.11
-3.0653e-02,0.24,0.44
-3.0651e-02,0.18,0.14
-3.0650e-02,0.22,0.415
-3.0648e-02,0.35,0.13
-3.0646e-02,0.31,0.425
-3.0645e-02,0.29,0.105
-3.0643e-02,0.205,0.44
-3.0642e-02,0.24,0.135
-3.0640e-02,0.235,0.42
-3.0638e-02,0.345,0.13
-3.0637e-02,0.225,0.42
-3.0635e-02,0.32,0.155
-3.0634e-02,0.305,0.395
-3.0632e-02,0.295,0.125
-3.0630e-02,0.21,0.425
-3.0629e-02,0.25,0.13
-3.0627e-02,0.25,0.42
-3.0626e-02,0.285,0.135
-3.0624e-02,0.275,0.42
-3.0622e-02,0.325,0.14
-3.0621e-02,0.23,0.405
-3.0619e-02,0.32,0.14
-3.0618e-02,0.285,0.42
-3.0616e-02,0.25,0.13
-3.0614e-02,0.285,0.42
-3.0613e-02,0.22,0.1
-3.0611e-02,0.28,0.455
-3.0610e-02,0.335,0.105
-3.0608e-02,0.39,0.445
-3.0606e-02,0.21,0.145
-3.0605e-02,0.3,0.41
-3.0603e-02,0.205,0.13
-3.0602e-02,0.315,0.415
-3.0600e-02,0.255,0.11
-3.0598e-02,0.345,0.435
-3.0597e-02,0.215,0.1
-3.0595e-02,0.36,0.445
-3.0594e-02,0.265,0.12
-3.0592e-02,0.275,0.425
-3.0590e-02,0.15,0.13
-3.0589e-02,0.3,0.415
-3.0587e-02,0.305,0.115
-3.0586e-02,0.31,0.425
-3.0584e-02,0.29,0.135
-3.0582e-02,0.27,0.415
-3.0581e-02,0.195,0.13
-3.0579e-02,0.245,0.41
-3.0578e-02,0.235,0.145
-3.0576e-02,0.29,0.4
-3.0574e-02,0.31,0.145
-3.0573e-02,0.295,0.4
-3.0571e-02,0.405,0.125
-3.0570e-02,0.23,0.425
-3.0568e-02,0.315,0.125
-3.0566e-02,0.17,0.42
-3.0565e-02,0.245,0.115
-3.0563e-02,0.265,0.425
-3.0562e-02,0.265,0.115
-3.0560e-02,0.23,0.43
-3.0558e-02,0.28,0.12
-3.0557e-02,0.335,0.42
-3.0555e-02,0.245,0.11
-3.0554e-02,0.285,0.435
-3.0552e-02,0.215,0.12
-3.0550e-02,0.315,0.425
-3.0549e-02,0.24,0.105
-3.0547e-02,0.28,0.435
-3.0546e-02,0.2,0.14
-3.0544e-02,0.28,0.405
-3.0542e-02,0.33,0.115
-3.0541e-02,0.27,0.42
-3.0539e-02,0.2,0.125
-3.0538e-02,0.195,0.415
-3.0536e-02,0.235,0.12
-3.0534e-02,0.22,0.425
-3.0533e-02,0.215,0.12
-3.0531e-02,0.225,0.42
-3.0530e-02,0.28,0.135
-3.0528e-02,0.315,0.41
-3.0526e-02,0.335,0.13
-3.0525e-02,0.28,0.42
-3.0523e-02,0.23,0.12
-3.0522e-02,0.27,0.42
-3.0520e-02,0.28,0.115
-3.0518e-02,0.255,0.425
-3.0517e-02,0.365,0.135
-3.0515e-02,0.25,0.41
-3.0514e-02,0.32,0.12
-3.0512e-02,0.255,0.42
-3.0510e-02,0.235,0.135
-3.0509e-02,0.235,0.41
-3.0507e-02,0.28,0.105
-3.0506e-02,0.325,0.435
-3.0504e-02,0.31,0.135
-3.0502e-02,0.29,0.405
-3.0501e-02,0.22,0.12
-3.0499e-02,0.225,0.42
-3.0498e-02,0.255,0.115
-3.0496e-02,0.385,0.425
-3.0494e-02,0.235,0.135
-3.0493e-02,0.255,0.4
-3.0491e-02,0.175,0.1
-3.0490e-02,0.24,0.445
-3.0488e-02,0.305,0.11
-3.0486e-02,0.3,0.43
-3.0485e-02,0.24,0.12
-3.0483e-02,0.29,0.42
-3.0482e-02,0.265,0.15
-3.0480e-02,0.285,0.39
-3.0478e-02,0.22,0.13
-3.0477e-02,0.28,0.415
-3.0475e-02,0.22,0.115
-3.0474e-02,0.255,0.42
-3.0472e-02,0.35,0.12
-3.0470e-02,0.305,0.425
-3.0469e-02,0.325,0.11
-3.0467e-02,0.305,0.425
-3.0466e-02,0.22,0.11
-3.0464e-02,0.32,0.43
-3.0462e-02,0.275,0.135
-3.0461e-02,0.23,0.405
-3.0459e-02,0.265,0.145
-3.0458e-02,0.245,0.4
-3.0456e-02,0.25,0.135
-3.0454e-02,0.245,0.4
-3.0453e-02,0.24,0.115
-3.0451e-02,0.29,0.42
-3.0450e-02,0.38,0.11
-3.0448e-02,0.22,0.43
-3.0446e-02,0.215,0.13
-3.0445e-02,0.235,0.4
-3.0443e-02,0.23,0.115
-3.0442e-02,0.25,0.42
-3.0440e-02,0.26,0.1
-3.0438e-02,0.28,0.435
-3.0437e-02,0.295,0.115
-3.0435e-02,0.34,0.415
-3.0434e-02,0.265,0.12
-3.0432e-02,0.29,0.42
-3.0430e-02,0.23,0.115
-3.0429e-02,0.16,0.425
-3.0427e-02,0.26,0.125
-3.0426e-02,0.265,0.41
-3.0424e-02,0.28,0.125
-3.0422e-02,0.3,0.405
-3.0421e-02,0.23,0.14
-3.0419e-02,0.275,0.395
-3.0418e-02,0.265,0.125
-3.0416e-02,0.255,0.41
-3.0414e-02,0.205,0.13
-3.0413e-02,0.26,0.41
-3.0411e-02,0.28,0.125
-3.0410e-02,0.305,0.41
-3.0408e-02,0.295,0.11
-3.0406e-02,0.19,0.42
-3.0405e-02,0.33,0.13
-3.0403e-02,0.285,0.4
-3.0402e-02,0.27,0.1
-3.0400e-02,0.3,0.43
-3.0398e-02,0.245,0.13
-3.0397e-02,0.27,0.4
-3.0395e-02,0.205,0.08
-3.0394e-02,0.22,0.45
-3.0392e-02,0.255,0.1
-3.0390e-02,0.27,0.425
-3.0389e-02,0.325,0.105
-3.0387e-02,0.285,0.42
-3.0386e-02,0.18,0.12
-3.0384e-02,0.285,0.405
-3.0382e-02,0.2,0.12
-3.0381e-02,0.335,0.4
-3.0379e-02,0.34,0.12
-3.0378e-02,0.285,0.41
-3.0376e-02,0.215,0.13
-3.0374e-02,0.265,0.39
-3.0373e-02,0.27,0.13
-3.0371e-02,0.27,0.4
-3.0370e-02,0.19,0.09
-3.0368e-02,0.235,0.44
-3.0366e-02,0.19,0.095
-3.0365e-02,0.385,0.43
-3.0363e-02,0.275,0.095
-3.0362e-02,0.215,0.42
-3.0360e-02,0.21,0.105
-3.0358e-02,0.29,0.41
-3.0357e-02,0.27,0.125
-3.0355e-02,0.215,0.395
-3.0354e-02,0.165,0.105
-3.0352e-02,0.24,0.41
-3.0350e-02,0.3,0.095
-3.0349e-02,0.325,0.415
-3.0347e-02,0.26,0.12
-3.0346e-02,0.275,0.405
-3.0344e-02,0.3,0.11
-3.0342e-02,0.235,0.415
-3.0341e-02,0.245,0.115
-3.0339e-02,0.265,0.405
-3.0338e-02,0.3,0.115
-3.0336e-02,0.31,0.41
-3.0334e-02,0.285,0.115
-3.0333e-02,0.24,0.4
-3.0331e-02,0.24,0.115
-3.0330e-02,0.285,0.405
-3.0328e-02,0.24,0.09
-3.0326e-02,0.28,0.43
-3.0325e-02,0.3,0.11
-3.0323e-02,0.235,0.415
-3.0322e-02,0.265,0.125
-3.0320e-02,0.215,0.405
-3.0318e-02,0.225,0.13
-3.0317e-02,0.205,0.39
-3.0315e-02,0.315,0.125
-3.0314e-02,0.285,0.4
-3.0312e-02,0.245,0.13
-3.0310e-02,0.235,0.4
-3.0309e-02,0.16,0.12
-3.0307e-02,0.275,0.4
-3.0306e-02,0.31,0.12
-3.0304e-02,0.23,0.4
-3.0302e-02,0.255,0.115
-3.0301e-02,0.235,0.405
-3.0299e-02,0.34,0.135
-3.0298e-02,0.245,0.39
-3.0296e-02,0.21,0.09
-3.0294e-02,0.17,0.425
-3.0293e-02,0.275,0.095
-3.0291e-02,0.315,0.43
-3.0290e-02,0.31,0.135
-3.0288e-02,0.19,0.39
-3.0286e-02,0.315,0.1
-3.0285e-02,0.205,0.42
-3.0283e-02,0.305,0.12
-3.0282e-02,0.29,0.41
-3.0280e-02,0.24,0.1
-3.0278e-02,0.26,0.425
-3.0277e-02,0.275,0.11
-3.0275e-02,0.275,0.415
-3.0274e-02,0.31,0.13
-3.0272e-02,0.295,0.4
-3.0270e-02,0.17,0.105
-3.0269e-02,0.185,0.415
-3.0267e-02,0.24,0.105
-3.0266e-02,0.315,0.425
-3.0264e-02,0.25,0.1
-3.0262e-02,0.295,0.42
-3.0261e-02,0.295,0.14
-3.0259e-02,0.25,0.385
-3.0258e-02,0.27,0.1
-3.0256e-02,0.195,0.425
-3.0254e-02,0.205,0.11
-3.0253e-02,0.34,0.405
-3.0251e-02,0.29,0.115
-3.0250e-02,0.26,0.41
-3.0248e-02,0.285,0.105
-3.0246e-02,0.24,0.41
-3.0245e-02,0.3,0.12
-3.0243e-02,0.25,0.4
-3.0242e-02,0.21,0.12
-3.0240e-02,0.255,0.405
-3.0238e-02,0.3,0.095
-3.0237e-02,0.315,0.43
-3.0235e-02,0.3,0.12
-3.0234e-02,0.35,0.395
-3.0232e-02,0.21,0.09
-3.0230e-02,0.21,0.425
-3.0229e-02,0.24,0.12
-3.0227e-02,0.235,0.395
-3.0226e-02,0.235,0.11
-3.0224e-02,0.21,0.405
-3.0222e-02,0.22,0.1
-3.0221e-02,0.27,0.41
-3.0219e-02,0.26,0.115
-3.0218e-02,0.2,0.395
-3.0216e-02,0.24,0.095
-3.0214e-02,0.36,0.415
-3.0213e-02,0.285,0.105
-3.0211e-02,0.28,0.415
-3.0210e-02,0.18,0.105
-3.0208e-02,0.21,0.39
-3.0206e-02,0.205,0.11
-3.0205e-02,0.335,0.405
-3.0203e-02,0.26,0.105
-3.0202e-02,0.3,0.405
-3.0200e-02,0.24,0.095
-3.0198e-02,0.215,0.41
-3.0197e-02,0.255,0.085
-3.0195e-02,0.195,0.425
-3.0194e-02,0.27,0.07
-3.0192e-02,0.205,0.435
-3.0190e-02,0.3,0.105
-3.0189e-02,0.235,0.395
-3.0187e-02,0.255,0.1
-3.0186e-02,0.21,0.41
-3.0184e-02,0.275,0.08
-3.0182e-02,0.215,0.42
-3.0181e-02,0.245,0.095
-3.0179e-02,0.285,0.41
-3.0178e-02,0.245,0.075
-3.0176e-02,0.255,0.43
-3.0174e-02,0.27,0.09
-3.0173e-02,0.245,0.41
-3.0171e-02,0.13,0.09
-3.0170e-02,0.285,0.42
-3.0168e-02,0.36,0.09
-3.0166e-02,0.335,0.415
-3.0165e-02,0.28,0.08
-3.0163e-02,0.225,0.43
-3.0162e-02,0.23,0.1
-3.0160e-02,0.3,0.395
-3.0158e-02,0.27,0.085
-3.0157e-02,0.255,0.42
-3.0155e-02,0.205,0.09
-3.0154e-02,0.31,0.41
-3.0152e-02,0.33,0.095
-3.0150e-02,0.195,0.405
-3.0149e-02,0.21,0.09
-3.0147e-02,0.245,0.41
-3.0146e-02,0.165,0.075
-3.0144e-02,0.275,0.425
-3.0142e-02,0.23,0.105
-3.0141e-02,0.29,0.4
-3.0139e-02,0.25,0.085
-3.0138e-02,0.265,0.415
-3.0136e-02,0.255,0.075
-3.0134e-02,0.185,0.435
-3.0133e-02,0.215,0.095
-3.0131e-02,0.225,0.41
-3.0130e-02,0.195,0.105
-3.0128e-02,0.315,0.395
-3.0126e-02,0.245,0.075
-3.0125e-02,0.275,0.43
-3.0123e-02,0.175,0.09
-3.0122e-02,0.27,0.42
-3.0120e-02,0.205,0.095
-3.0118e-02,0.245,0.41
-3.0117e-02,0.31,0.085
-3.0115e-02,0.3,0.415
-3.0114e-02,0.18,0.095
-3.0112e-02,0.14,0.415
-3.0110e-02,0.205,0.1
-3.0109e-02,0.29,0.415
-3.0107e-02,0.245,0.085
-3.0106e-02,0.27,0.42
-3.0104e-02,0.265,0.115
-3.0102e-02,0.25,0.4
-3.0101e-02,0.2,0.1
-3.0099e-02,0.175,0.405
-3.0098e-02,0.175,0.09
-3.0096e-02,0.185,0.42
-3.0094e-02,0.29,0.09
-3.0093e-02,0.34,0.42
-3.0091e-02,0.205,0.085
-3.0090e-02,0.255,0.42
-3.0088e-02,0.255,0.115
-3.0086e-02,0.245,0.4
-3.0085e-02,0.15,0.095
-3.0083e-02,0.215,0.41
-3.0082e-02,0.23,0.105
-3.0080e-02,0.225,0.4
-3.0078e-02,0.275,0.105
-3.0077e-02,0.305,0.4
-3.0075e-02,0.245,0.115
-3.0074e-02,0.205,0.39
-3.0072e-02,0.27,0.105
-3.0070e-02,0.315,0.405
-3.0069e-02,0.27,0.095
-3.0067e-02,0.305,0.405
-3.0066e-02,0.265,0.09
-3.0064e-02,0.255,0.405
-3.0062e-02,0.245,0.105
-3.0061e-02,0.22,0.395
-3.0059e-02,0.195,0.11
-3.0058e-02,0.17,0.385
-3.0056e-02,0.31,0.09
-3.0054e-02,0.345,0.415
-3.0053e-02,0.3,0.09
-3.0051e-02,0.225,0.41
-3.0050e-02,0.275,0.08
-3.0048e-02,0.235,0.425
-3.0046e-02,0.24,0.075
-3.0045e-02,0.26,0.43
-3.0043e-02,0.255,0.06
-3.0042e-02,0.29,0.445
-3.0040e-02,0.315,0.09
-3.0038e-02,0.24,0.405
-3.0037e-02,0.19,0.095
-3.0035e-02,0.27,0.4
-3.0034e-02,0.255,0.08
-3.0032e-02,0.23,0.415
-3.0030e-02,0.23,0.085
-3.0029e-02,0.345,0.41
-3.0027e-02,0.27,0.1
-3.0026e-02,0.315,0.395
-3.0024e-02,0.225,0.105
-3.0022e-02,0.18,0.4
-3.0021e-02,0.29,0.09
-3.0019e-02,0.36,0.41
-3.0018e-02,0.245,0.075
-3.0016e-02,0.3,0.42
-3.0014e-02,0.155,0.11
-3.0013e-02,0.155,0.39
-3.0011e-02,0.285,0.12
-3.0010e-02,0.25,0.385
-3.0008e-02,0.295,0.08
-3.0006e-02,0.195,0.415
-3.0005e-02,0.25,0.105
-3.0003e-02,0.215,0.39
-3.0002e-02,0.205,0.11
-3.0000e-02,0.18,0.385
-2.9998e-02,0.26,0.105
-2.9997e-02,0.195,0.39
-2.9995e-02,0.365,0.095
-2.9994e-02,0.23,0.405
-2.9992e-02,0.24,0.095
-2.9990e-02,0.195,0.4
-2.9989e-02,0.325,0.105
-2.9987e-02,0.19,0.39
-2.9986e-02,0.245,0.105
-2.9984e-02,0.135,0.39
-2.9982e-02,0.265,0.085
-2.9981e-02,0.275,0.415
-2.9979e-02,0.305,0.095
-2.9978e-02,0.25,0.4
-2.9976e-02,0.29,0.12
-2.9974e-02,0.265,0.375
-2.9973e-02,0.18,0.065
-2.9971e-02,0.21,0.43
-2.9970e-02,0.195,0.065
-2.9968e-02,0.23,0.43
-2.9966e-02,0.305,0.07
-2.9965e-02,0.315,0.415
-2.9963e-02,0.24,0.08
-2.9962e-02,0.27,0.405
-2.9960e-02,0.15,0.105
-2.9958e-02,0.28,0.38
-2.9957e-02,0.285,0.09
-2.9955e-02,0.345,0.4
-2.9954e-02,0.215,0.11
-2.9952e-02,0.33,0.375
-2.9950e-02,0.215,0.09
-2.9949e-02,0.39,0.4
-2.9947e-02,0.21,0.08
-2.9946e-02,0.205,0.41
-2.9944e-02,0.245,0.09
-2.9942e-02,0.27,0.395
-2.9941e-02,0.305,0.1
-2.9939e-02,0.275,0.39
-2.9938e-02,0.255,0.08
-2.9936e-02,0.245,0.405
-2.9934e-02,0.27,0.1
-2.9933e-02,0.17,0.385
-2.9931e-02,0.27,0.08
-2.9930e-02,0.27,0.4
-2.9928e-02,0.23,0.09
-2.9926e-02,0.255,0.39
-2.9925e-02,0.26,0.085
-2.9923e-02,0.19,0.39
-2.9922e-02,0.285,0.07
-2.9920e-02,0.215,0.41
-2.9918e-02,0.265,0.085
-2.9917e-02,0.25,0.395
-2.9915e-02,0.22,0.07
-2.9914e-02,0.26,0.41
-2.9912e-02,0.32,0.05
-2.9910e-02,0.23,0.43
-2.9909e-02,0.24,0.07
-2.9907e-02,0.185,0.41
-2.9906e-02,0.295,0.105
-2.9904e-02,0.21,0.375
-2.9902e-02,0.23,0.095
-2.9901e-02,0.165,0.385
-2.9899e-02,0.125,0.08
-2.9898e-02,0.255,0.395
-2.9896e-02,0.26,0.07
-2.9894e-02,0.24,0.41
-2.9893e-02,0.325,0.08
-2.9891e-02,0.24,0.395
-2.9890e-02,0.26,0.1
-2.9888e-02,0.285,0.385
-2.9886e-02,0.165,0.09
-2.9885e-02,0.18,0.39
-2.9883e-02,0.21,0.075
-2.9882e-02,0.25,0.405
-2.9880e-02,0.275,0.08
-2.9878e-02,0.305,0.405
-2.9877e-02,0.245,0.065
-2.9875e-02,0.26,0.41
-2.9874e-02,0.27,0.08
-2.9872e-02,0.155,0.405
-2.9870e-02,0.145,0.095
-2.9869e-02,0.155,0.38
-2.9867e-02,0.25,0.09
-2.9866e-02,0.255,0.39
-2.9864e-02,0.36,0.085
-2.9862e-02,0.12,0.4
-2.9861e-02,0.195,0.095
-2.9859e-02,0.165,0.395
-2.9858e-02,0.295,0.08
-2.9856e-02,0.2,0.405
-2.9854e-02,0.29,0.095
-2.9853e-02,0.225,0.39
-2.9851e-02,0.255,0.1
-2.9850e-02,0.22,0.39
-2.9848e-02,0.23,0.075
-2.9846e-02,0.14,0.41
-2.9845e-02,0.26,0.09
-2.9843e-02,0.245,0.395
-2.9842e-02,0.25,0.085
-2.9840e-02,0.25,0.4
-2.9838e-02,0.265,0.105
-2.9837e-02,0.22,0.38
-2.9835e-02,0.18,0.07
-2.9834e-02,0.18,0.41
-2.9832e-02,0.255,0.075
-2.9830e-02,0.225,0.41
-2.9829e-02,0.275,0.085
-2.9827e-02,0.275,0.4
-2.9826e-02,0.23,0.095
-2.9824e-02,0.26,0.4
-2.9822e-02,0.205,0.075
-2.9821e-02,0.185,0.41
-2.9819e-02,0.32,0.07
-2.9818e-02,0.28,0.405
-2.9816e-02,0.235,0.085
-2.9814e-02,0.305,0.395
-2.9813e-02,0.3,0.09
-2.9811e-02,0.245,0.39
-2.9810e-02,0.19,0.07
-2.9808e-02,0.23,0.41
-2.9806e-02,0.255,0.07
-2.9805e-02,0.285,0.42
-2.9803e-02,0.285,0.1
-2.9802e-02,0.255,0.385
-2.9800e-02,0.145,0.07
-2.9798e-02,0.215,0.415
-2.9797e-02,0.225,0.075
-2.9795e-02,0.245,0.4
-2.9794e-02,0.175,0.055
-2.9792e-02,0.26,0.415
-2.9790e-02,0.2,0.055
-2.9789e-02,0.23,0.415
-2.9787e-02,0.255,0.06
-2.9786e-02,0.225,0.41
-2.9784e-02,0.165,0.09
-2.9782e-02,0.155,0.38
-2.9781e-02,0.25,0.06
-2.9779e-02,0.26,0.41
-2.9778e-02,0.24,0.07
-2.9776e-02,0.23,0.405
-2.9774e-02,0.245,0.07
-2.9773e-02,0.285,0.4
-2.9771e-02,0.28,0.085
-2.9770e-02,0.19,0.395
-2.9768e-02,0.1,0.08
-2.9766e-02,0.26,0.395
-2.9765e-02,0.25,0.055
-2.9763e-02,0.245,0.41
-2.9762e-02,0.155,0.065
-2.9760e-02,0.275,0.4
-2.9758e-02,0.17,0.055
-2.9757e-02,0.265,0.405
-2.9755e-02,0.23,0.08
-2.9754e-02,0.195,0.38
-2.9752e-02,0.2,0.075
-2.9750e-02,0.27,0.395
-2.9749e-02,0.345,0.05
-2.9747e-02,0.25,0.41
-2.9746e-02,0.24,0.07
-2.9744e-02,0.155,0.39
-2.9742e-02,0.195,0.08
-2.9741e-02,0.245,0.38
-2.9739e-02,0.335,0.065
-2.9738e-02,0.25,0.39
-2.9736e-02,0.17,0.075
-2.9734e-02,0.26,0.38
-2.9733e-02,0.29,0.085
-2.9731e-02,0.185,0.38
-2.9730e-02,0.185,0.085
-2.9728e-02,0.165,0.375
-2.9726e-02,0.22,0.085
-2.9725e-02,0.29,0.375
-2.9723e-02,0.29,0.06
-2.9722e-02,0.32,0.41
-2.9720e-02,0.245,0.065
-2.9718e-02,0.28,0.4
-2.9717e-02,0.295,0.06
-2.9715e-02,0.14,0.4
-2.9714e-02,0.285,0.055
-2.9712e-02,0.2,0.405
-2.9710e-02,0.195,0.06
-2.9709e-02,0.23,0.4
-2.9707e-02,0.225,0.06
-2.9706e-02,0.175,0.405
-2.9704e-02,0.23,0.07
-2.9702e-02,0.175,0.385
-2.9701e-02,0.255,0.08
-2.9699e-02,0.19,0.375
-2.9698e-02,0.305,0.055
-2.9696e-02,0.35,0.405
-2.9694e-02,0.25,0.075
-2.9693e-02,0.195,0.385
-2.9691e-02,0.2,0.08
-2.9690e-02,0.17,0.385
-2.9688e-02,0.255,0.08
-2.9686e-02,0.245,0.39
-2.9685e-02,0.225,0.08
-2.9683e-02,0.19,0.385
-2.9682e-02,0.3,0.065
-2.9680e-02,0.32,0.395
-2.9678e-02,0.265,0.065
-2.9677e-02,0.205,0.4
-2.9675e-02,0.175,0.075
-2.9674e-02,0.275,0.39
-2.9672e-02,0.215,0.06
-2.9670e-02,0.225,0.4
-2.9669e-02,0.215,0.06
-2.9667e-02,0.195,0.405
-2.9666e-02,0.305,0.085
-2.9664e-02,0.28,0.375
-2.9662e-02,0.225,0.1
-2.9661e-02,0.275,0.36
-2.9659e-02,0.225,0.055
-2.9658e-02,0.17,0.405
-2.9656e-02,0.2,0.07
-2.9654e-02,0.235,0.39
-2.9653e-02,0.16,0.07
-2.9651e-02,0.24,0.4
-2.9650e-02,0.22,0.065
-2.9648e-02,0.25,0.4
-2.9646e-02,0.205,0.085
-2.9645e-02,0.26,0.385
-2.9643e-02,0.22,0.07
-2.9642e-02,0.215,0.395
-2.9640e-02,0.195,0.065
-2.9638e-02,0.265,0.395
-2.9637e-02,0.27,0.06
-2.9635e-02,0.245,0.4
-2.9634e-02,0.225,0.04
-2.9632e-02,0.175,0.415
-2.9630e-02,0.175,0.08
-2.9629e-02,0.305,0.385
-2.9627e-02,0.24,0.085
-2.9626e-02,0.16,0.38
-2.9624e-02,0.19,0.08
-2.9622e-02,0.225,0.385
-2.9621e-02,0.29,0.075
-2.9619e-02,0.225,0.39
-2.9618e-02,0.17,0.08
-2.9616e-02,0.15,0.385
-2.9614e-02,0.235,0.075
-2.9613e-02,0.31,0.38
-2.9611e-02,0.16,0.075
-2.9610e-02,0.23,0.385
-2.9608e-02,0.22,0.05
-2.9606e-02,0.255,0.41
-2.9605e-02,0.235,0.08
-2.9603e-02,0.26,0.375
-2.9602e-02,0.18,0.075
-2.9600e-02,0.155,0.39
-2.9598e-02,0.235,0.07
-2.9597e-02,0.26,0.39
-2.9595e-02,0.255,0.065
-2.9594e-02,0.24,0.395
-2.9592e-02,0.215,0.065
-2.9590e-02,0.225,0.395
-2.9589e-02,0.165,0.08
-2.9587e-02,0.27,0.38
-2.9586e-02,0.145,0.075
-2.9584e-02,0.245,0.38
-2.9582e-02,0.27,0.07
-2.9581e-02,0.23,0.395
-2.9579e-02,0.165,0.065
-2.9578e-02,0.18,0.395
-2.9576e-02,0.17,0.065
-2.9574e-02,0.24,0.39
-2.9573e-02,0.19,0.07
-2.9571e-02,0.195,0.385
-2.9570e-02,0.225,0.085
-2.9568e-02,0.325,0.37
-2.9566e-02,0.195,0.075
-2.9565e-02,0.215,0.375
-2.9563e-02,0.205,0.08
-2.9562e-02,0.25,0.37
-2.9560e-02,0.22,0.07
-2.9558e-02,0.225,0.375
-2.9557e-02,0.2,0.065
-2.9555e-02,0.28,0.38
-2.9554e-02,0.155,0.055
-2.9552e-02,0.3,0.395
-2.9550e-02,0.165,0.065
-2.9549e-02,0.185,0.375
-2.9547e-02,0.17,0.075
-2.9546e-02,0.265,0.375
-2.9544e-02,0.255,0.08
-2.9542e-02,0.305,0.37
-2.9541e-02,0.13,0.075
-2.9539e-02,0.18,0.37
-2.9538e-02,0.15,0.085
-2.9536e-02,0.345,0.365
-2.9534e-02,0.225,0.07
-2.9533e-02,0.215,0.38
-2.9531e-02,0.195,0.02
-2.9530e-02,0.215,0.425
-2.9528e-02,0.28,0.045
-2.9526e-02,0.2,0.41
-2.9525e-02,0.175,0.055
-2.9523e-02,0.225,0.39
-2.9522e-02,0.18,0.065
-2.9520e-02,0.3,0.39
-2.9518e-02,0.255,0.065
-2.9517e-02,0.175,0.38
-2.9515e-02,0.19,0.05
-2.9514e-02,0.28,0.4
-2.9512e-02,0.25,0.08
-2.9510e-02,0.28,0.37
-2.9509e-02,0.13,0.06
-2.9507e-02,0.145,0.39
-2.9506e-02,0.235,0.045
-2.9504e-02,0.27,0.4
-2.9502e-02,0.225,0.05
-2.9501e-02,0.215,0.395
-2.9499e-02,0.185,0.04
-2.9498e-02,0.32,0.405
-2.9496e-02,0.24,0.06
-2.9494e-02,0.23,0.385
-2.9493e-02,0.21,0.085
-2.9491e-02,0.175,0.36
-2.9490e-02,0.255,0.055
-2.9488e-02,0.21,0.385
-2.9486e-02,0.225,0.06
-2.9485e-02,0.17,0.385
-2.9483e-02,0.32,0.025
-2.9482e-02,0.225,0.415
-2.9480e-02,0.275,0.05
-2.9478e-02,0.175,0.39
-2.9477e-02,0.185,0.05
-2.9475e-02,0.165,0.395
-2.9474e-02,0.18,0
-2.9472e-02,0.175,0.445
-2.9470e-02,0.3,0.035
-2.9469e-02,0.18,0.405
-2.9467e-02,0.3,0.045
-2.9466e-02,0.17,0.39
-2.9464e-02,0.23,0.07
-2.9462e-02,0.145,0.37
-2.9461e-02,0.23,0.065
-2.9459e-02,0.15,0.37
-2.9458e-02,0.305,0.065
-2.9456e-02,0.14,0.375
-2.9454e-02,0.24,0.055
-2.9453e-02,0.19,0.38
-2.9451e-02,0.315,0.065
-2.9450e-02,0.255,0.37
-2.9448e-02,0.21,0.06
-2.9446e-02,0.13,0.38
-2.9445e-02,0.235,0.065
-2.9443e-02,0.2,0.375
-2.9442e-02,0.28,0.065
-2.9440e-02,0.16,0.365
-2.9438e-02,0.245,0.06
-2.9437e-02,0.27,0.38
-2.9435e-02,0.225,0.07
-2.9434e-02,0.205,0.36
-2.9432e-02,0.17,0.03
-2.9430e-02,0.235,0.41
-2.9429e-02,0.155,0.035
-2.9427e-02,0.285,0.405
-2.9426e-02,0.08,0.06
-2.9424e-02,0.265,0.375
-2.9422e-02,0.15,0.06
-2.9421e-02,0.26,0.38
-2.9419e-02,0.275,0.07
-2.9418e-02,0.25,0.36
-2.9416e-02,0.16,0.07
-2.9414e-02,0.165,0.36
-2.9413e-02,0.125,0.015
-2.9411e-02,0.245,0.42
-2.9410e-02,0.24,0.015
-2.9408e-02,0.165,0.41
-2.9406e-02,0.145,0.07
-2.9405e-02,0.24,0.365
-2.9403e-02,0.285,0.06
-2.9402e-02,0.25,0.37
-2.9400e-02,0.22,0.05
-2.9398e-02,0.125,0.385
-2.9397e-02,0.305,0.05
-2.9395e-02,0.175,0.39
-2.9394e-02,0.24,0.045
-2.9392e-02,0.145,0.395
-2.9390e-02,0.17,0.065
-2.9389e-02,0.21,0.375
-2.9387e-02,0.29,0.045
-2.9386e-02,0.205,0.39
-2.9384e-02,0.24,0.06
-2.9382e-02,0.125,0.37
-2.9381e-02,0.15,0.045
-2.9379e-02,0.2,0.385
-2.9378e-02,0.28,0.035
-2.9376e-02,0.18,0.405
-2.9374e-02,0.195,0.04
-2.9373e-02,0.15,0.39
-2.9371e-02,0.22,0.055
-2.9370e-02,0.315,0.375
-2.9368e-02,0.26,0.07
-2.9366e-02,0.17,0.36
-2.9365e-02,0.165,0.03
-2.9363e-02,0.175,0.4
-2.9362e-02,0.235,0.07
-2.9360e-02,0.27,0.36
-2.9358e-02,0.21,0.05
-2.9357e-02,0.17,0.38
-2.9355e-02,0.26,0.025
-2.9354e-02,0.23,0.4
-2.9352e-02,0.275,0.035
-2.9350e-02,0.245,0.395
-2.9349e-02,0.205,0.01
-2.9347e-02,0.21,0.42
-2.9346e-02,0.27,-0.015
-2.9344e-02,0.185,0.44
-2.9342e-02,0.215,0.03
-2.9341e-02,0.195,0.4
-2.9339e-02,0.155,0.06
-2.9338e-02,0.3,0.37
-2.9336e-02,0.21,0.06
-2.9334e-02,0.235,0.375
-2.9333e-02,0.155,0.045
-2.9331e-02,0.245,0.385
-2.9330e-02,0.115,0.07
-2.9328e-02,0.21,0.36
-2.9326e-02,0.195,0.055
-2.9325e-02,0.185,0.375
-2.9323e-02,0.2,0.055
-2.9322e-02,0.205,0.375
-2.9320e-02,0.205,0.07
-2.9318e-02,0.235,0.355
-2.9317e-02,0.25,0.035
-2.9315e-02,0.14,0.395
-2.9314e-02,0.205,0.055
-2.9312e-02,0.13,0.37
-2.9310e-02,0.165,0.07
-2.9309e-02,0.19,0.35
-2.9307e-02,0.26,0.07
-2.9306e-02,0.175,0.355
-2.9304e-02,0.19,0.02
-2.9302e-02,0.27,0.405
-2.9301e-02,0.205,0.06
-2.9299e-02,0.305,0.365
-2.9298e-02,0.23,0.05
-2.9296e-02,0.13,0.375
-2.9294e-02,0.21,0.065
-2.9293e-02,0.23,0.365
-2.9291e-02,0.21,0.03
-2.9290e-02,0.195,0.395
-2.9288e-02,0.07,0.01
-2.9286e-02,0.215,0.405
-2.9285e-02,0.27,0.05
-2.9283e-02,0.27,0.375
-2.9282e-02,0.18,0.065
-2.9280e-02,0.245,0.355
-2.9278e-02,0.19,0.05
-2.9277e-02,0.21,0.38
-2.9275e-02,0.2,0.045
-2.9274e-02,0.185,0.38
-2.9272e-02,0.155,0.045
-2.9270e-02,0.21,0.37
-2.9269e-02,0.14,0.05
-2.9267e-02,0.125,0.365
-2.9266e-02,0.22,0.04
-2.9264e-02,0.16,0.385
-2.9262e-02,0.295,0.025
-2.9261e-02,0.215,0.39
-2.9259e-02,0.24,0.055
-2.9258e-02,0.205,0.36
-2.9256e-02,0.155,0.03
-2.9254e-02,0.165,0.385
-2.9253e-02,0.21,0.05
-2.9251e-02,0.225,0.37
-2.9250e-02,0.115,0.04
-2.9248e-02,0.205,0.375
-2.9246e-02,0.215,0.03
-2.9245e-02,0.205,0.385
-2.9243e-02,0.205,0.05
-2.9242e-02,0.135,0.375
-2.9240e-02,0.21,0.035
-2.9238e-02,0.28,0.38
-2.9237e-02,0.245,0.025
-2.9235e-02,0.275,0.39
-2.9234e-02,0.24,0.03
-2.9232e-02,0.21,0.385
-2.9230e-02,0.205,0.03
-2.9229e-02,0.2,0.39
-2.9227e-02,0.145,0.065
-2.9226e-02,0.19,0.36
-2.9224e-02,0.195,0.02
-2.9222e-02,0.18,0.4
-2.9221e-02,0.215,0.02
-2.9219e-02,0.3,0.4
-2.9218e-02,0.14,0.04
-2.9216e-02,0.22,0.375
-2.9214e-02,0.17,0.045
-2.9213e-02,0.165,0.365
-2.9211e-02,0.21,0.07
-2.9210e-02,0.15,0.345
-2.9208e-02,0.14,0.05
-2.9206e-02,0.21,0.37
-2.9205e-02,0.185,0.06
-2.9203e-02,0.175,0.355
-2.9202e-02,0.23,0.065
-2.9200e-02,0.245,0.345
-2.9198e-02,0.265,0.06
-2.9197e-02,0.22,0.355
-2.9195e-02,0.23,-0.01
-2.9194e-02,0.23,0.415
-2.9192e-02,0.235,0.055
-2.9190e-02,0.23,0.36
-2.9189e-02,0.16,0.04
-2.9187e-02,0.21,0.37
-2.9186e-02,0.215,0.055
-2.9184e-02,0.125,0.35
-2.9182e-02,0.21,0.04
-2.9181e-02,0.14,0.37
-2.9179e-02,0.225,0.035
-2.9178e-02,0.245,0.375
-2.9176e-02,0.29,0.02
-2.9174e-02,0.135,0.38
-2.9173e-02,0.3,0.03
-2.9171e-02,0.145,0.375
-2.9170e-02,0.27,0.035
-2.9168e-02,0.2,0.375
-2.9166e-02,0.2,0.04
-2.9165e-02,0.12,0.365
-2.9163e-02,0.115,0.045
-2.9162e-02,0.285,0.36
-2.9160e-02,0.175,0.045
-2.9158e-02,0.235,0.365
-2.9157e-02,0.08,0.04
-2.9155e-02,0.215,0.36
-2.9154e-02,0.235,0.015
-2.9152e-02,0.37,0.39
-2.9150e-02,0.15,0.02
-2.9149e-02,0.185,0.385
-2.9147e-02,0.23,0.035
-2.9146e-02,0.33,0.375
-2.9144e-02,0.255,0.035
-2.9142e-02,0.16,0.37
-2.9141e-02,0.22,0.04
-2.9139e-02,0.125,0.36
-2.9138e-02,0.34,0.05
-2.9136e-02,0.165,0.36
-2.9134e-02,0.17,0.06
-2.9133e-02,0.09,0.345
-2.9131e-02,0.23,0.045
-2.9130e-02,0.21,0.36
-2.9128e-02,0.28,0.025
-2.9126e-02,0.21,0.38
-2.9125e-02,0.1,0.04
-2.9123e-02,0.23,0.365
-2.9122e-02,0.255,0.05
-2.9120e-02,0.285,0.35
-2.9118e-02,0.135,0.06
-2.9117e-02,0.14,0.345
-2.9115e-02,0.145,0.05
-2.9114e-02,0.165,0.355
-2.9112e-02,0.23,0.015
-2.9110e-02,0.205,0.39
-2.9109e-02,0.13,0.04
-2.9107e-02,0.225,0.365
-2.9106e-02,0.205,0.035
-2.9104e-02,0.27,0.37
-2.9102e-02,0.205,0.065
-2.9101e-02,0.31,0.345
-2.9099e-02,0.185,0.06
-2.9098e-02,0.205,0.35
-2.9096e-02,0.205,0.045
-2.9094e-02,0.2,0.365
-2.9093e-02,0.16,0.03
-2.9091e-02,0.185,0.38
-2.9090e-02,0.2,0.03
-2.9088e-02,0.17,0.375
-2.9086e-02,0.15,0.045
-2.9085e-02,0.2,0.36
-2.9083e-02,0.215,0.04
-2.9082e-02,0.275,0.365
-2.9080e-02,0.275,0.025
-2.9078e-02,0.16,0.375
-2.9077e-02,0.125,0.025
-2.9075e-02,0.23,0.375
-2.9074e-02,0.215,0.02
-2.9072e-02,0.16,0.385
-2.9070e-02,0.155,0.025
-2.9069e-02,0.165,0.38
-2.9067e-02,0.15,0.015
-2.9066e-02,0.21,0.385
-2.9064e-02,0.24,0.05
-2.9062e-02,0.245,0.36
-2.9061e-02,0.195,0.055
-2.9059e-02,0.225,0.35
-2.9058e-02,0.155,0.04
-2.9056e-02,0.125,0.365
-2.9054e-02,0.2,0.03
-2.9053e-02,0.23,0.37
-2.9051e-02,0.1,0.04
-2.9050e-02,0.155,0.355
-2.9048e-02,0.17,0.04
-2.9046e-02,0.23,0.36
-2.9045e-02,0.245,0.05
-2.9043e-02,0.16,0.345
-2.9042e-02,0.225,0.04
-2.9040e-02,0.15,0.355
-2.9038e-02,0.335,0.025
-2.9037e-02,0.21,0.37
-2.9035e-02,0.165,0.03
-2.9034e-02,0.205,0.365
-2.9032e-02,0.195,0.035
-2.9030e-02,0.21,0.355
-2.9029e-02,0.23,0.05
-2.9027e-02,0.14,0.345
-2.9026e-02,0.1,0.02
-2.9024e-02,0.11,0.38
-2.9022e-02,0.295,0.03
-2.9021e-02,0.15,0.36
-2.9019e-02,0.18,0.015
-2.9018e-02,0.105,0.38
-2.9016e-02,0.205,0.03
-2.9014e-02,0.28,0.355
-2.9013e-02,0.31,0.035
-2.9011e-02,0.22,0.355
-2.9010e-02,0.12,0.04
-2.9008e-02,0.195,0.345
-2.9006e-02,0.27,0.03
-2.9005e-02,0.205,0.35
-2.9003e-02,0.2,0.045
-2.9002e-02,0.125,0.335
-2.9000e-02,0.1,0.03
-2.8998e-02,0.245,0.36
-2.8997e-02,0.225,0.01
-2.8995e-02,0.225,0.375
-2.8994e-02,0.125,0.035
-2.8992e-02,0.26,0.355
-2.8990e-02,0.15,0.015
-2.8989e-02,0.37,0.37
-2.8987e-02,0.19,0.035
-2.8986e-02,0.16,0.37
-2.8984e-02,0.12,0.015
-2.8982e-02,0.235,0.36
-2.8981e-02,0.19,0.025
-2.8979e-02,0.235,0.36
-2.8978e-02,0.105,0.035
-2.8976e-02,0.225,0.355
-2.8974e-02,0.26,0.03
-2.8973e-02,0.35,0.355
-2.8971e-02,0.165,0.03
-2.8970e-02,0.22,0.35
-2.8968e-02,0.11,0.015
-2.8966e-02,0.22,0.36
-2.8965e-02,0.155,0.03
-2.8963e-02,0.18,0.35
-2.8962e-02,0.11,0.03
-2.8960e-02,0.195,0.345
-2.8958e-02,0.18,0.035
-2.8957e-02,0.225,0.35
-2.8955e-02,0.265,0.02
-2.8954e-02,0.21,0.365
-2.8952e-02,0.175,0.01
-2.8950e-02,0.18,0.375
-2.8949e-02,0.18,0.01
-2.8947e-02,0.2,0.37
-2.8946e-02,0.165,0.025
-2.8944e-02,0.12,0.36
-2.8942e-02,0.15,0.005
-2.8941e-02,0.215,0.38
-2.8939e-02,0.22,0.015
-2.8938e-02,0.155,0.36
-2.8936e-02,0.22,0.005
-2.8934e-02,0.165,0.38
-2.8933e-02,0.295,0.04
-2.8931e-02,0.15,0.34
-2.8930e-02,0.24,0
-2.8928e-02,0.17,0.385
-2.8926e-02,0.155,0.04
-2.8925e-02,0.185,0.34
-2.8923e-02,0.13,0.04
-2.8922e-02,0.225,0.345
-2.8920e-02,0.135,0.035
-2.8918e-02,0.15,0.35
-2.8917e-02,0.135,0.035
-2.8915e-02,0.305,0.35
-2.8914e-02,0.245,0.01
-2.8912e-02,0.28,0.38
-2.8910e-02,0.13,0.025
-2.8909e-02,0.215,0.365
-2.8907e-02,0.205,0.025
-2.8906e-02,0.225,0.355
-2.8904e-02,0.19,0.025
-2.8902e-02,0.2,0.35
-2.8901e-02,0.09,0.035
-2.8899e-02,0.16,0.35
-2.8898e-02,0.18,0.04
-2.8896e-02,0.2,0.34
-2.8894e-02,0.255,0.015
-2.8893e-02,0.19,0.365
-2.8891e-02,0.185,0.04
-2.8890e-02,0.245,0.35
-2.8888e-02,0.215,0.045
-2.8886e-02,0.17,0.345
-2.8885e-02,0.135,0.015
-2.8883e-02,0.13,0.365
-2.8882e-02,0.23,0.03
-2.8880e-02,0.14,0.35
-2.8878e-02,0.13,0.03
-2.8877e-02,0.06,0.35
-2.8875e-02,0.16,0.045
-2.8874e-02,0.27,0.335
-2.8872e-02,0.165,0.005
-2.8870e-02,0.23,0.37
-2.8869e-02,0.18,0.035
-2.8867e-02,0.225,0.345
-2.8866e-02,0.195,0.04
-2.8864e-02,0.185,0.34
-2.8862e-02,0.105,0.035
-2.8861e-02,0.205,0.335
-2.8859e-02,0.115,0.02
-2.8858e-02,0.23,0.355
-2.8856e-02,0.125,0.025
-2.8854e-02,0.205,0.36
-2.8853e-02,0.13,0.03
-2.8851e-02,0.205,0.35
-2.8850e-02,0.25,0.015
-2.8848e-02,0.295,0.36
-2.8846e-02,0.17,0.015
-2.8845e-02,0.205,0.36
-2.8843e-02,0.13,0.015
-2.8842e-02,0.24,0.35
-2.8840e-02,0.23,0.02
-2.8838e-02,0.14,0.35
-2.8837e-02,0.145,0.02
-2.8835e-02,0.2,0.34
-2.8834e-02,0.165,0.035
-2.8832e-02,0.22,0.34
-2.8830e-02,0.06,0.025
-2.8829e-02,0.13,0.345
-2.8827e-02,0.17,0.045
-2.8826e-02,0.155,0.325
-2.8824e-02,0.285,0.025
-2.8822e-02,0.13,0.345
-2.8821e-02,0.225,0.035
-2.8819e-02,0.215,0.325
-2.8818e-02,0.23,0.045
-2.8816e-02,0.285,0.33
-2.8814e-02,0.165,0.04
-2.8813e-02,0.13,0.315
-2.8811e-02,0.18,0.02
-2.8810e-02,0.17,0.35
-2.8808e-02,0.175,0.02
-2.8806e-02,0.115,0.34
-2.8805e-02,0.07,-0.005
-2.8803e-02,0.195,0.37
-2.8802e-02,0.225,0.01
-2.8800e-02,0.225,0.35
-2.8798e-02,0.155,0.015
-2.8797e-02,0.135,0.345
-2.8795e-02,0.125,0.03
-2.8794e-02,0.215,0.34
-2.8792e-02,0.115,0.025
-2.8790e-02,0.175,0.34
-2.8789e-02,0.115,0.015
-2.8787e-02,0.185,0.345
-2.8786e-02,0.245,0.035
-2.8784e-02,0.245,0.33
-2.8782e-02,0.27,0.035
-2.8781e-02,0.19,0.33
-2.8779e-02,0.18,0.01
-2.8778e-02,0.165,0.35
-2.8776e-02,0.23,0.01
-2.8774e-02,0.06,0.35
-2.8773e-02,0.14,0.025
-2.8771e-02,0.1,0.33
-2.8770e-02,0.285,0.01
-2.8768e-02,0.265,0.355
-2.8766e-02,0.16,0.03
-2.8765e-02,0.245,0.33
-2.8763e-02,0.115,-0.015
-2.8762e-02,0.31,0.375
-2.8760e-02,0.115,0.01
-2.8758e-02,0.185,0.35
-2.8757e-02,0.085,0.025
-2.8755e-02,0.2,0.34
-2.8754e-02,0.08,0.025
-2.8752e-02,0.205,0.335
-2.8750e-02,0.085,0
-2.8749e-02,0.175,0.37
-2.8747e-02,0.185,-0.015
-2.8746e-02,0.145,0.38
-2.8744e-02,0.235,0.025
-2.8742e-02,0.175,0.33
-2.8741e-02,0.16,0.02
-2.8739e-02,0.18,0.35
-2.8738e-02,0.195,0.025
-2.8736e-02,0.27,0.33
-2.8734e-02,0.215,0.015
-2.8733e-02,0.13,0.35
-2.8731e-02,0.19,0.035
-2.8730e-02,0.18,0.325
-2.8728e-02,0.265,0.03
-2.8726e-02,0.155,0.335
-2.8725e-02,0.125,0.025
-2.8723e-02,0.15,0.335
-2.8722e-02,0.15,0.01
-2.8720e-02,0.14,0.345
-2.8718e-02,0.165,0.01
-2.8717e-02,0.12,0.34
-2.8715e-02,0.145,0.03
-2.8714e-02,0.17,0.33
-2.8712e-02,0.115,0.01
-2.8710e-02,0.31,0.35
-2.8709e-02,0.105,0.02
-2.8707e-02,0.245,0.335
-2.8706e-02,0.12,0.005
-2.8704e-02,0.21,0.355
-2.8702e-02,0.16,0.015
-2.8701e-02,0.195,0.345
-2.8699e-02,0.03,0.015
-2.8698e-02,0.21,0.345
-2.8696e-02,0.15,-0.02
-2.8694e-02,0.25,0.375
-2.8693e-02,0.205,0.02
-2.8691e-02,0.17,0.335
-2.8690e-02,0.185,0.015
-2.8688e-02,0.18,0.33
-2.8686e-02,0.14,0.03
-2.8685e-02,0.195,0.33
-2.8683e-02,0.125,0.03
-2.8682e-02,0.235,0.325
-2.8680e-02,0.195,0.005
-2.8678e-02,0.195,0.345
-2.8677e-02,0.26,0.015
-2.8675e-02,0.19,0.345
-2.8674e-02,0.195,-0.005
-2.8672e-02,0.15,0.35
-2.8670e-02,0.14,-0.01
-2.8669e-02,0.145,0.355
-2.8667e-02,0.17,-0.05
-2.8666e-02,0.12,0.395
-2.8664e-02,0.235,-0.04
-2.8662e-02,0.195,0.4
-2.8661e-02,0.15,-0.03
-2.8659e-02,0.225,0.385
-2.8658e-02,0.16,0.005
-2.8656e-02,0.28,0.34
-2.8654e-02,0.095,0.01
-2.8653e-02,0.13,0.34
-2.8651e-02,0.1,0.025
-2.8650e-02,0.16,0.33
-2.8648e-02,0.16,0.025
-2.8646e-02,0.13,0.325
-2.8645e-02,0.07,0.01
-2.8643e-02,0.15,0.325
-2.8642e-02,0.1,0.01
-2.8640e-02,0.185,0.34
-2.8638e-02,0.24,0.02
-2.8637e-02,0.215,0.325
-2.8635e-02,0.15,0.015
-2.8634e-02,0.155,0.33
-2.8632e-02,0.195,0
-2.8630e-02,0.245,0.345
-2.8629e-02,0.315,0.03
-2.8627e-02,0.105,0.31
-2.8626e-02,0.18,0.02
-2.8624e-02,0.105,0.315
-2.8622e-02,0.24,0.015
-2.8621e-02,0.21,0.335
-2.8619e-02,0.1,-0.01
-2.8618e-02,0.1,0.355
-2.8616e-02,0.08,0.03
-2.8614e-02,0.215,0.315
-2.8613e-02,0.21,0.015
-2.8611e-02,0.195,0.325
-2.8610e-02,0.21,-0.01
-2.8608e-02,0.15,0.355
-2.8606e-02,0.17,-0.015
-2.8605e-02,0.235,0.355
-2.8603e-02,0.13,-0.025
-2.8602e-02,0.23,0.375
-2.8600e-02,0.09,0.025
-2.8598e-02,0.205,0.32
-2.8597e-02,0.18,0
-2.8595e-02,0.225,0.34
-2.8594e-02,0.18,0.01
-2.8592e-02,0.27,0.345
-2.8590e-02,0.15,0.01
-2.8589e-02,0.19,0.33
-2.8587e-02,0.05,0
-2.8586e-02,0.225,0.345
-2.8584e-02,0.23,0.01
-2.8582e-02,0.305,0.335
-2.8581e-02,0.19,0.01
-2.8579e-02,0.145,0.335
-2.8578e-02,0.16,0.01
-2.8576e-02,0.225,0.33
-2.8574e-02,0.23,0
-2.8573e-02,0.165,0.345
-2.8571e-02,0.105,0.02
-2.8570e-02,0.145,0.325
-2.8568e-02,0.125,-0.025
-2.8566e-02,0.215,0.375
-2.8565e-02,0.18,0.02
-2.8563e-02,0.235,0.325
-2.8562e-02,0.15,0.01
-2.8560e-02,0.205,0.33
-2.8558e-02,0.22,0.015
-2.8557e-02,0.23,0.33
-2.8555e-02,0.19,-0.005
-2.8554e-02,0.125,0.345
-2.8552e-02,0.24,0.035
-2.8550e-02,0.15,0.305
-2.8549e-02,0.2,-0.015
-2.8547e-02,0.045,0.36
-2.8546e-02,0.215,-0.005
-2.8544e-02,0.16,0.35
-2.8542e-02,0.21,-0.02
-2.8541e-02,0.11,0.37
-2.8539e-02,0.115,0.045
-2.8538e-02,0.17,0.295
-2.8536e-02,0.23,0.015
-2.8534e-02,0.245,0.325
-2.8533e-02,0.235,0.01
-2.8531e-02,0.16,0.335
-2.8530e-02,0.18,0.03
-2.8528e-02,0.14,0.315
-2.8526e-02,0.26,0.025
-2.8525e-02,0.19,0.32
-2.8523e-02,0.195,0.01
-2.8522e-02,0.06,0.325
-2.8520e-02,0.08,-0.02
-2.8518e-02,0.225,0.36
-2.8517e-02,0.125,-0.015
-2.8515e-02,0.205,0.35
-2.8514e-02,0.045,0.01
-2.8512e-02,0.285,0.325
-2.8510e-02,0.165,-0.005
-2.8509e-02,0.265,0.345
-2.8507e-02,0.08,-0.015
-2.8506e-02,0.21,0.345
-2.8504e-02,0.165,0
-2.8502e-02,0.185,0.325
-2.8501e-02,0.09,0.01
-2.8499e-02,0.105,0.33
-2.8498e-02,0.105,0.025
-2.8496e-02,0.14,0.31
-2.8494e-02,0.16,0.015
-2.8493e-02,0.185,0.315
-2.8491e-02,0.195,0.02
-2.8490e-02,0.16,0.315
-2.8488e-02,0.185,0
-2.8486e-02,0.145,0.335
-2.8485e-02,0.2,0.03
-2.8483e-02,0.09,0.3
-2.8482e-02,0.12,0
-2.8480e-02,0.125,0.325
-2.8478e-02,0.22,0
-2.8477e-02,0.22,0.325
-2.8475e-02,0.195,0.025
-2.8474e-02,0.2,0.31
-2.8472e-02,0.14,0.01
-2.8470e-02,0.275,0.315
-2.8469e-02,0.07,-0.03
-2.8467e-02,0.13,0.36
-2.8466e-02,0.035,-0.01
-2.8464e-02,0.25,0.33
-2.8462e-02,0.135,0.02
-2.8461e-02,0.21,0.305
-2.8459e-02,0.1,-0.01
-2.8458e-02,0.175,0.335
-2.8456e-02,0.145,-0.02
-2.8454e-02,0.195,0.34
-2.8453e-02,0.185,-0.005
-2.8451e-02,0.165,0.33
-2.8450e-02,0.175,0.01
-2.8448e-02,0.11,0.31
-2.8446e-02,0.135,0.01
-2.8445e-02,0.055,0.315
-2.8443e-02,0.135,-0.015
-2.8442e-02,0.1,0.34
-2.8440e-02,0.21,0
-2.8438e-02,0.12,0.32
-2.8437e-02,0.145,-0.005
-2.8435e-02,0.135,0.325
-2.8434e-02,0.175,0.015
-2.8432e-02,0.255,0.305
-2.8430e-02,0.17,0
-2.8429e-02,0.2,0.315
-2.8427e-02,0.065,0.015
-2.8426e-02,0.225,0.3
-2.8424e-02,0.155,0
-2.8422e-02,0.17,0.32
-2.8421e-02,0.04,0.005
-2.8419e-02,0.09,0.31
-2.8418e-02,0.13,0.015
-2.8416e-02,0.175,0.305
-2.8414e-02,0.185,-0.01
-2.8413e-02,0.155,0.325
-2.8411e-02,0.19,0.005
-2.8410e-02,0.165,0.31
-2.8408e-02,0.195,0.01
-2.8406e-02,0.155,0.31
-2.8405e-02,0.205,0
-2.8403e-02,0.24,0.32
-2.8402e-02,0.22,0.01
-2.8400e-02,0.14,0.315
-2.8398e-02,0.135,0
-2.8397e-02,0.09,0.315
-2.8395e-02,0.14,0
-2.8394e-02,0.115,0.32
-2.8392e-02,0.205,0.005
-2.8390e-02,0.16,0.315
-2.8389e-02,0.215,-0.01
-2.8387e-02,0.195,0.325
-2.8386e-02,0.19,0.005
-2.8384e-02,0.21,0.31
-2.8382e-02,0.04,0.01
-2.8381e-02,0.17,0.31
-2.8379e-02,0.085,-0.015
-2.8378e-02,0.225,0.33
-2.8376e-02,0.095,-0.015
-2.8374e-02,0.185,0.335
-2.8373e-02,0.11,0.01
-2.8371e-02,0.235,0.32
-2.8370e-02,0.13,0
-2.8368e-02,0.155,0.315
-2.8366e-02,0.14,0.005
-2.8365e-02,0.15,0.305
-2.8363e-02,0.195,-0.005
-2.8362e-02,0.08,0.325
-2.8360e-02,0.125,0.02
-2.8358e-02,0.115,0.305
-2.8357e-02,0.23,0.015
-2.8355e-02,0.16,0.3
-2.8354e-02,0.18,-0.045
-2.8352e-02,0.13,0.345
-2.8350e-02,0.245,-0.02
-2.8349e-02,0.215,0.335
-2.8347e-02,0.13,0.01
-2.8346e-02,0.11,0.31
-2.8344e-02,0.08,0.01
-2.8342e-02,0.115,0.31
-2.8341e-02,0.145,-0.015
-2.8339e-02,0.205,0.34
-2.8338e-02,0.15,0.005
-2.8336e-02,0.17,0.31
-2.8334e-02,0.12,0.015
-2.8333e-02,0.205,0.305
-2.8331e-02,0.12,0.01
-2.8330e-02,0.155,0.305
-2.8328e-02,0.07,0.01
-2.8326e-02,0.195,0.305
-2.8325e-02,0.155,0.005
-2.8323e-02,0.18,0.31
-2.8322e-02,0.095,-0.005
-2.8320e-02,0.11,0.33
-2.8318e-02,0.125,-0.02
-2.8317e-02,0.17,0.345
-2.8315e-02,0.135,0.005
-2.8314e-02,0.12,0.31
-2.8312e-02,0.145,-0.015
-2.8310e-02,0.245,0.33
-2.8309e-02,0.28,0.005
-2.8307e-02,0.155,0.31
-2.8306e-02,0.195,0
-2.8304e-02,0.145,0.315
-2.8302e-02,0.205,0
-2.8301e-02,0.07,0.31
-2.8299e-02,0.07,-0.015
-2.8298e-02,0.09,0.335
-2.8296e-02,0.095,0.015
-2.8294e-02,0.19,0.3
-2.8293e-02,0.125,-0.005
-2.8291e-02,0.23,0.31
-2.8290e-02,0.14,0.005
-2.8288e-02,0.275,0.31
-2.8286e-02,0.165,-0.035
-2.8285e-02,0.165,0.34
-2.8283e-02,0.06,-0.01
-2.8282e-02,0.085,0.315
-2.8280e-02,0.14,0.03
-2.8278e-02,0.16,0.28
-2.8277e-02,0.225,0
-2.8275e-02,0.105,0.305
-2.8274e-02,0.19,-0.01
-2.8272e-02,0.165,0.31
-2.8270e-02,0.19,-0.02
-2.8269e-02,0.185,0.32
-2.8267e-02,0.06,-0.01
-2.8266e-02,0.17,0.31
-2.8264e-02,0.11,-0.045
-2.8262e-02,0.185,0.335
-2.8261e-02,0.025,-0.02
-2.8259e-02,0.175,0.325
-2.8258e-02,0.09,-0.005
-2.8256e-02,0.195,0.315
-2.8254e-02,0.035,0
-2.8253e-02,0.15,0.305
-2.8251e-02,0.07,-0.005
-2.8250e-02,0.2,0.305
-2.8248e-02,0.08,-0.045
-2.8246e-02,0.175,0.345
-2.8245e-02,0.085,-0.04
-2.8243e-02,0.22,0.335
-2.8242e-02,0.205,0
-2.8240e-02,0.18,0.295
-2.8238e-02,0.16,0.01
-2.8237e-02,0.07,0.29
-2.8235e-02,0.13,-0.02
-2.8234e-02,0.09,0.315
-2.8232e-02,0.135,0
-2.8230e-02,0.1,0.29
-2.8229e-02,0.105,0
-2.8227e-02,0.12,0.295
-2.8226e-02,0.12,0.01
-2.8224e-02,0.235,0.285
-2.8222e-02,0.12,0.01
-2.8221e-02,0.165,0.28
-2.8219e-02,0.11,-0.015
-2.8218e-02,0.19,0.31
-2.8216e-02,0.165,-0.015
-2.8214e-02,0.105,0.305
-2.8213e-02,0.145,-0.005
-2.8211e-02,0.155,0.305
-2.8210e-02,0.135,0
-2.8208e-02,0.175,0.295
-2.8206e-02,0.05,0
-2.8205e-02,0.15,0.295
-2.8203e-02,0.04,-0.01
-2.8202e-02,0.225,0.305
-2.8200e-02,0.17,0.005
-2.8198e-02,0.235,0.295
-2.8197e-02,0.15,-0.025
-2.8195e-02,0.23,0.32
-2.8194e-02,0.13,-0.025
-2.8192e-02,0.21,0.325
-2.8190e-02,0.125,-0.015
-2.8189e-02,0.085,0.305
-2.8187e-02,0.15,-0.02
-2.8186e-02,0.1,0.315
-2.8184e-02,0.15,-0.01
-2.8182e-02,0,0.31
-2.8181e-02,0.095,-0.025
-2.8179e-02,0.155,0.32
-2.8178e-02,0.205,-0.005
-2.8176e-02,0.15,0.295
-2.8174e-02,0.11,-0.03
-2.8173e-02,0.175,0.325
-2.8171e-02,0.17,0
-2.8170e-02,0.24,0.295
-2.8168e-02,0.17,-0.03
-2.8166e-02,0.155,0.33
-2.8165e-02,0.085,-0.02
-2.8163e-02,0.11,0.325
-2.8162e-02,0.09,0
-2.8160e-02,0.115,0.305
-2.8158e-02,0.09,-0.005
-2.8157e-02,0.08,0.3
-2.8155e-02,0.08,-0.025
-2.8154e-02,0.095,0.325
-2.8152e-02,0.115,-0.015
-2.8150e-02,0.13,0.3
-2.8149e-02,0.14,-0.005
-2.8147e-02,0.175,0.305
-2.8146e-02,0.19,-0.035
-2.8144e-02,0.205,0.335
-2.8142e-02,0.155,0
-2.8141e-02,0.16,0.29
-2.8139e-02,0.195,0.01
-2.8138e-02,0.15,0.285
-2.8136e-02,0.125,-0.05
-2.8134e-02,0.12,0.355
-2.8133e-02,0.195,-0.005
-2.8131e-02,0.125,0.305
-2.8130e-02,0.11,-0.02
-2.8128e-02,0.115,0.305
-2.8126e-02,0.115,-0.025
-2.8125e-02,0.24,0.325
-2.8123e-02,0.115,-0.01
-2.8122e-02,0.21,0.295
-2.8120e-02,0.075,0
-2.8118e-02,0.175,0.295
-2.8117e-02,0.13,-0.05
-2.8115e-02,0.09,0.34
-2.8114e-02,0.14,-0.02
-2.8112e-02,0.055,0.31
-2.8110e-02,0.165,-0.005
-2.8109e-02,0.1,0.3
-2.8107e-02,0.18,-0.01
-2.8106e-02,0.195,0.305
-2.8104e-02,0.115,-0.03
-2.8102e-02,0.16,0.315
-2.8101e-02,0.105,-0.02
-2.8099e-02,0.295,0.315
-2.8098e-02,0.18,-0.005
-2.8096e-02,0.205,0.305
-2.8094e-02,0.075,-0.01
-2.8093e-02,0.21,0.3
-2.8091e-02,0.13,-0.005
-2.8090e-02,0.215,0.295
-2.8088e-02,0.07,-0.035
-2.8086e-02,0.065,0.325
-2.8085e-02,0.15,-0.015
-2.8083e-02,0.115,0.305
-2.8082e-02,0.15,-0.005
-2.8080e-02,0.135,0.29
-2.8078e-02,0.205,-0.015
-2.8077e-02,0.16,0.3
-2.8075e-02,0.175,0
-2.8074e-02,0.145,0.285
-2.8072e-02,0.17,-0.02
-2.8070e-02,0.165,0.31
-2.8069e-02,0.16,-0.02
-2.8067e-02,0.18,0.3
-2.8066e-02,0.105,-0.02
-2.8064e-02,0.12,0.305
-2.8062e-02,0.105,0
-2.8061e-02,0.225,0.28
-2.8059e-02,0.225,-0.02
-2.8058e-02,0.17,0.3
-2.8056e-02,0.165,-0.065
-2.8054e-02,0.055,0.35
-2.8053e-02,0.21,-0.01
-2.8051e-02,0.125,0.29
-2.8050e-02,0.24,-0.02
-2.8048e-02,0.005,0.29
-2.8046e-02,0.135,-0.015
-2.8045e-02,0.12,0.29
-2.8043e-02,0.205,-0.005
-2.8042e-02,0.095,0.285
-2.8040e-02,0.065,-0.015
-2.8038e-02,0.165,0.295
-2.8037e-02,0.23,-0.015
-2.8035e-02,0.18,0.295
-2.8034e-02,0.16,-0.02
-2.8032e-02,0.095,0.29
-2.8030e-02,0.17,-0.02
-2.8029e-02,0.12,0.29
-2.8027e-02,0.17,-0.005
-2.8026e-02,0.095,0.285
-2.8024e-02,0.085,-0.015
-2.8022e-02,0.055,0.285
-2.8021e-02,0.135,-0.02
-2.8019e-02,0.125,0.295
-2.8018e-02,0.07,-0.025
-2.8016e-02,0.05,0.295
-2.8014e-02,0.08,-0.02
-2.8013e-02,0.15,0.295
-2.8011e-02,0.18,-0.015
-2.8010e-02,0.175,0.29
-2.8008e-02,0.06,-0.005
-2.8006e-02,0.17,0.285
-2.8005e-02,0.125,-0.005
-2.8003e-02,0.225,0.275
-2.8002e-02,0.18,-0.02
-2.8000e-02,0.09,0.295
-2.7998e-02,0.155,-0.02
-2.7997e-02,0.11,0.29
-2.7995e-02,0.19,-0.015
-2.7994e-02,0.08,0.285
-2.7992e-02,0.14,-0.01
-2.7990e-02,0.045,0.28
-2.7989e-02,0.115,-0.025
-2.7987e-02,0.075,0.3
-2.7986e-02,0.15,-0.01
-2.7984e-02,0.065,0.28
-2.7982e-02,0.08,-0.03
-2.7981e-02,0.135,0.305
-2.7979e-02,0.14,-0.04
-2.7978e-02,0.205,0.305
-2.7976e-02,0.1,-0.015
-2.7974e-02,0.17,0.285
-2.7973e-02,0.18,0.01
-2.7971e-02,0.18,0.26
-2.7970e-02,0.165,-0.01
-2.7968e-02,0.145,0.28
-2.7966e-02,0.125,-0.055
-2.7965e-02,0.17,0.325
-2.7963e-02,0.1,-0.01
-2.7962e-02,0.08,0.285
-2.7960e-02,0.06,-0.035
-2.7958e-02,0.13,0.305
-2.7957e-02,0.115,-0.03
-2.7955e-02,0.145,0.305
-2.7954e-02,0.1,-0.015
-2.7952e-02,0.185,0.285
-2.7950e-02,0.15,-0.05
-2.7949e-02,0.1,0.325
-2.7947e-02,0.095,-0.01
-2.7946e-02,0.06,0.285
-2.7944e-02,0.2,-0.025
-2.7942e-02,0.045,0.3
-2.7941e-02,0.155,-0.035
-2.7939e-02,0.03,0.31
-2.7938e-02,0.145,-0.05
-2.7936e-02,0.045,0.325
-2.7934e-02,0.165,-0.005
-2.7933e-02,0.085,0.28
-2.7931e-02,0.135,-0.04
-2.7930e-02,0.12,0.31
-2.7928e-02,0.155,-0.035
-2.7926e-02,0.175,0.31
-2.7925e-02,0.065,-0.035
-2.7923e-02,0.13,0.295
-2.7922e-02,0.05,-0.025
-2.7920e-02,0.15,0.3
-2.7918e-02,0.12,-0.02
-2.7917e-02,0.065,0.305
-2.7915e-02,0.035,-0.015
-2.7914e-02,0.09,0.29
-2.7912e-02,0.195,-0.015
-2.7910e-02,0.15,0.285
-2.7909e-02,0.125,-0.015
-2.7907e-02,0.07,0.28
-2.7906e-02,0.155,-0.01
-2.7904e-02,0.19,0.28
-2.7902e-02,0.13,-0.04
-2.7901e-02,0.17,0.31
-2.7899e-02,0.05,-0.035
-2.7898e-02,0.13,0.305
-2.7896e-02,0.13,-0.03
-2.7894e-02,0.175,0.29
-2.7893e-02,0.09,-0.06
-2.7891e-02,0.135,0.325
-2.7890e-02,0.07,-0.055
-2.7888e-02,0.25,0.325
-2.7886e-02,0.13,0
-2.7885e-02,0.24,0.27
-2.7883e-02,0.08,-0.05
-2.7882e-02,0.175,0.315
-2.7880e-02,0.17,-0.01
-2.7878e-02,0.26,0.27
-2.7877e-02,0.17,-0.025
-2.7875e-02,0.08,0.29
-2.7874e-02,0.22,-0.01
-2.7872e-02,0.16,0.27
-2.7870e-02,0.17,-0.005
-2.7869e-02,0.045,0.255
-2.7867e-02,0.07,-0.025
-2.7866e-02,0.11,0.285
-2.7864e-02,0.18,-0.025
-2.7862e-02,0.115,0.29
-2.7861e-02,0.085,-0.04
-2.7859e-02,0.08,0.295
-2.7858e-02,0.14,-0.02
-2.7856e-02,0.2,0.28
-2.7854e-02,0.16,-0.03
-2.7853e-02,0.135,0.29
-2.7851e-02,0.11,-0.01
-2.7850e-02,0.095,0.27
-2.7848e-02,0.12,-0.065
-2.7846e-02,0.14,0.32
-2.7845e-02,0.08,-0.025
-2.7843e-02,0.075,0.285
-2.7842e-02,0.035,-0.05
-2.7840e-02,0.09,0.3
-2.7838e-02,0.165,-0.045
-2.7837e-02,0.09,0.3
-2.7835e-02,0.035,-0.06
-2.7834e-02,0.065,0.31
-2.7832e-02,0.15,-0.025
-2.7830e-02,0.115,0.275
-2.7829e-02,0.135,-0.035
-2.7827e-02,0.125,0.285
-2.7826e-02,0.16,-0.02
-2.7824e-02,0.235,0.28
-2.7822e-02,0.155,-0.025
-2.7821e-02,0.115,0.28
-2.7819e-02,0.105,-0.035
-2.7818e-02,0.16,0.285
-2.7816e-02,0.1,-0.03
-2.7814e-02,0.155,0.285
-2.7813e-02,0.05,-0.03
-2.7811e-02,0.135,0.275
-2.7810e-02,0.115,-0.03
-2.7808e-02,0.125,0.285
-2.7806e-02,0.14,-0.04
-2.7805e-02,0.16,0.295
-2.7803e-02,0.16,-0.03
-2.7802e-02,0.125,0.28
-2.7800e-02,0.18,-0.02
-2.7798e-02,0.175,0.275
-2.7797e-02,0.13,-0.035
-2.7795e-02,0.085,0.285
-2.7794e-02,0.07,-0.03
-2.7792e-02,0.1,0.275
-2.7790e-02,0.205,-0.04
-2.7789e-02,0.01,0.295
-2.7787e-02,0.19,-0.05
-2.7786e-02,0.065,0.3
-2.7784e-02,0.215,-0.04
-2.7782e-02,0.13,0.29
-2.7781e-02,0.13,-0.04
-2.7779e-02,0.19,0.285
-2.7778e-02,0.19,-0.03
-2.7776e-02,0.18,0.28
-2.7774e-02,0.095,-0.06
-2.7773e-02,0.11,0.31
-2.7771e-02,0.13,-0.06
-2.7770e-02,0.13,0.31
-2.7768e-02,0.115,-0.045
-2.7766e-02,0.1,0.3
-2.7765e-02,0.015,-0.055
-2.7763e-02,0.155,0.3
-2.7762e-02,0.07,-0.04
-2.7760e-02,0.12,0.29
-2.7758e-02,0.115,-0.065
-2.7757e-02,0.125,0.31
-2.7755e-02,0.145,-0.05
-2.7754e-02,0.195,0.3
-2.7752e-02,0.13,-0.03
-2.7750e-02,0.16,0.28
-2.7749e-02,0.04,-0.025
-2.7747e-02,0.12,0.27
-2.7746e-02,0.05,-0.025
-2.7744e-02,0.11,0.27
-2.7742e-02,0.075,-0.015
-2.7741e-02,0,0.26
-2.7739e-02,0.14,-0.04
-2.7738e-02,0.185,0.28
-2.7736e-02,0.13,-0.07
-2.7734e-02,0.115,0.315
-2.7733e-02,0.09,-0.07
-2.7731e-02,0.13,0.315
-2.7730e-02,0.215,-0.055
-2.7728e-02,0.11,0.295
-2.7726e-02,0.185,-0.07
-2.7725e-02,0.165,0.31
-2.7723e-02,0.205,-0.03
-2.7722e-02,0.14,0.275
-2.7720e-02,0.075,-0.035
-2.7718e-02,0.13,0.285
-2.7717e-02,0.07,-0.025
-2.7715e-02,0.115,0.27
-2.7714e-02,0.165,-0.05
-2.7712e-02,0.105,0.29
-2.7710e-02,0.105,-0.045
-2.7709e-02,0.09,0.285
-2.7707e-02,0.13,-0.025
-2.7706e-02,0.205,0.26
-2.7704e-02,0.185,-0.035
-2.7702e-02,0.03,0.275
-2.7701e-02,0.03,-0.035
-2.7699e-02,0.065,0.275
-2.7698e-02,0.1,-0.035
-2.7696e-02,0.17,0.27
-2.7694e-02,0.02,-0.025
-2.7693e-02,0.125,0.275
-2.7691e-02,0.125,-0.045
-2.7690e-02,0.175,0.285
-2.7688e-02,0.17,-0.035
-2.7686e-02,0.145,0.27
-2.7685e-02,0.085,-0.03
-2.7683e-02,0.15,0.27
-2.7682e-02,0.05,-0.02
-2.7680e-02,0.16,0.265
-2.7678e-02,0.09,-0.02
-2.7677e-02,0.04,0.255
-2.7675e-02,0.105,-0.06
-2.7674e-02,0.115,0.29
-2.7672e-02,0.135,-0.035
-2.7670e-02,0.14,0.27
-2.7669e-02,0.06,-0.035
-2.7667e-02,0.195,0.275
-2.7666e-02,0.14,-0.045
-2.7664e-02,0.23,0.28
-2.7662e-02,0.09,-0.05
-2.7661e-02,0.135,0.28
-2.7659e-02,0.13,-0.025
-2.7658e-02,0.115,0.255
-2.7656e-02,0.12,-0.075
-2.7654e-02,0.075,0.315
-2.7653e-02,0.065,-0.04
-2.7651e-02,0.1,0.28
-2.7650e-02,0.02,-0.05
-2.7648e-02,0.135,0.29
-2.7646e-02,0.05,-0.015
-2.7645e-02,0.165,0.26
-2.7643e-02,0.115,-0.025
-2.7642e-02,0.115,0.265
-2.7640e-02,0.145,-0.03
-2.7638e-02,0.07,0.265
-2.7637e-02,0.165,-0.045
-2.7635e-02,0.09,0.285
-2.7634e-02,0.12,-0.02
-2.7632e-02,0.09,0.26
-2.7630e-02,0.09,-0.035
-2.7629e-02,0.095,0.27
-2.7627e-02,0.14,-0.02
-2.7626e-02,0.13,0.25
-2.7624e-02,0.17,-0.025
-2.7622e-02,0.125,0.26
-2.7621e-02,0.06,-0.05
-2.7619e-02,0.2,0.275
-2.7618e-02,0.19,-0.03
-2.7616e-02,0.135,0.255
-2.7614e-02,0.065,-0.035
-2.7613e-02,0.025,0.275
-2.7611e-02,0.165,-0.055
-2.7610e-02,0.15,0.305
-2.7608e-02,0.105,-0.045
-2.7606e-02,0.14,0.28
-2.7605e-02,0.075,-0.04
-2.7603e-02,0.18,0.28
-2.7602e-02,0.11,-0.03
-2.7600e-02,0.105,0.255
-2.7598e-02,0.085,-0.04
-2.7597e-02,0.07,0.275
-2.7595e-02,0.075,-0.055
-2.7594e-02,0.055,0.275
-2.7592e-02,0.1,-0.04
-2.7590e-02,0.13,0.27
-2.7589e-02,0.13,-0.015
-2.7587e-02,0.16,0.25
-2.7586e-02,0.18,-0.025
-2.7584e-02,0.16,0.255
-2.7582e-02,0.135,-0.02
-2.7581e-02,0.13,0.25
-2.7579e-02,0.16,-0.035
-2.7578e-02,0.17,0.27
-2.7576e-02,0.1,-0.03
-2.7574e-02,0.05,0.26
-2.7573e-02,0.035,-0.035
-2.7571e-02,0.225,0.265
-2.7570e-02,0.04,-0.045
-2.7568e-02,0.15,0.27
-2.7566e-02,0.005,-0.03
-2.7565e-02,0.145,0.26
-2.7563e-02,0.18,-0.05
-2.7562e-02,0.15,0.285
-2.7560e-02,0.135,-0.035
-2.7558e-02,0.055,0.26
-2.7557e-02,0.16,-0.065
-2.7555e-02,0.14,0.285
-2.7554e-02,0.2,-0.045
-2.7552e-02,0.045,0.27
-2.7550e-02,0.085,-0.055
-2.7549e-02,0.025,0.285
-2.7547e-02,0.12,-0.04
-2.7546e-02,0.12,0.275
-2.7544e-02,0.11,-0.035
-2.7542e-02,0.015,0.255
-2.7541e-02,0.09,-0.07
-2.7539e-02,0.06,0.295
-2.7538e-02,0.285,-0.04
-2.7536e-02,0.12,0.265
-2.7534e-02,0.12,-0.075
-2.7533e-02,0.02,0.29
-2.7531e-02,0.06,-0.055
-2.7530e-02,0.15,0.28
-2.7528e-02,0.015,-0.035
-2.7526e-02,0.11,0.255
-2.7525e-02,-0.02,-0.035
-2.7523e-02,0.1,0.255
-2.7522e-02,0.08,-0.045
-2.7520e-02,0.085,0.27
-2.7518e-02,0.15,-0.04
-2.7517e-02,0.115,0.27
-2.7515e-02,0.125,-0.04
-2.7514e-02,0.17,0.265
-2.7512e-02,0.205,-0.015
-2.7510e-02,0.15,0.235
-2.7509e-02,0.105,-0.03
-2.7507e-02,0.08,0.25
-2.7506e-02,0.115,-0.065
-2.7504e-02,0.165,0.285
-2.7502e-02,0.115,-0.025
-2.7501e-02,0.11,0.245
-2.7499e-02,0.115,-0.05
-2.7498e-02,0.16,0.26
-2.7496e-02,0.145,-0.06
-2.7494e-02,0.135,0.275
-2.7493e-02,0.05,-0.055
-2.7491e-02,0.11,0.275
-2.7490e-02,0.08,-0.065
-2.7488e-02,0.07,0.29
-2.7486e-02,0.07,-0.045
-2.7485e-02,0.14,0.26
-2.7483e-02,0.165,-0.045
-2.7482e-02,0.21,0.27
-2.7480e-02,0.085,-0.04
-2.7478e-02,0.15,0.255
-2.7477e-02,0.07,-0.035
-2.7475e-02,0.13,0.25
-2.7474e-02,0.05,-0.04
-2.7472e-02,0.145,0.26
-2.7470e-02,0.085,-0.055
-2.7469e-02,0.06,0.275
-2.7467e-02,0.075,-0.035
-2.7466e-02,0.07,0.26
-2.7464e-02,0.1,-0.06
-2.7462e-02,0.065,0.27
-2.7461e-02,-0.015,-0.05
-2.7459e-02,0.12,0.27
-2.7458e-02,0.135,-0.06
-2.7456e-02,0.165,0.275
-2.7454e-02,0.15,-0.06
-2.7453e-02,0.115,0.28
-2.7451e-02,0.165,-0.035
-2.7450e-02,0.16,0.245
-2.7448e-02,0.09,-0.07
-2.7446e-02,0.09,0.28
-2.7445e-02,0.065,-0.085
-2.7443e-02,0.075,0.3
-2.7442e-02,0.085,-0.055
-2.7440e-02,0.105,0.26
-2.7438e-02,0.075,-0.07
-2.7437e-02,0.065,0.29
-2.7435e-02,0.035,-0.055
-2.7434e-02,0.09,0.265
-2.7432e-02,0.04,-0.05
-2.7430e-02,0.09,0.27
-2.7429e-02,0.085,-0.035
-2.7427e-02,0.105,0.24
-2.7426e-02,0.18,-0.05
-2.7424e-02,0.16,0.26
-2.7422e-02,0.135,-0.055
-2.7421e-02,0.055,0.275
-2.7419e-02,0.04,-0.05
-2.7418e-02,0.115,0.26
-2.7416e-02,0.08,-0.055
-2.7414e-02,0.085,0.26
-2.7413e-02,-0.015,-0.085
-2.7411e-02,0.085,0.295
-2.7410e-02,0.1,-0.05
-2.7408e-02,0.15,0.265
-2.7406e-02,0.115,-0.05
-2.7405e-02,0.08,0.265
-2.7403e-02,0.135,-0.045
-2.7402e-02,0.11,0.245
-2.7400e-02,0.065,-0.05
-2.7398e-02,0.09,0.255
-2.7397e-02,0.015,-0.03
-2.7395e-02,0.095,0.245
-2.7394e-02,0.11,-0.035
-2.7392e-02,0.175,0.245
-2.7390e-02,0.14,-0.055
-2.7389e-02,0.045,0.26
-2.7387e-02,0.02,-0.045
-2.7386e-02,0.125,0.255
-2.7384e-02,0.12,-0.055
-2.7382e-02,0.135,0.265
-2.7381e-02,0.045,-0.05
-2.7379e-02,0.095,0.25
-2.7378e-02,0.12,-0.04
-2.7376e-02,0.145,0.245
-2.7374e-02,0.135,-0.045
-2.7373e-02,0.02,0.255
-2.7371e-02,0.1,-0.03
-2.7370e-02,-0.045,0.24
-2.7368e-02,0.125,-0.07
-2.7366e-02,0.095,0.28
-2.7365e-02,0.145,-0.07
-2.7363e-02,0.115,0.29
-2.7362e-02,0.035,-0.065
-2.7360e-02,0.125,0.265
-2.7358e-02,0.2,-0.04
-2.7357e-02,0.15,0.245
-2.7355e-02,0.12,-0.035
-2.7354e-02,0.035,0.245
-2.7352e-02,0.08,-0.045
-2.7350e-02,0.07,0.25
-2.7349e-02,0.075,-0.03
-2.7347e-02,0.045,0.235
-2.7346e-02,0.06,-0.035
-2.7344e-02,0.08,0.24
-2.7342e-02,0.055,-0.065
-2.7341e-02,0.05,0.27
-2.7339e-02,0.09,-0.07
-2.7338e-02,0.13,0.27
-2.7336e-02,0.13,-0.045
-2.7334e-02,0.09,0.255
-2.7333e-02,0.1,-0.05
-2.7331e-02,0.045,0.25
-2.7330e-02,0.105,-0.07
-2.7328e-02,0.035,0.27
-2.7326e-02,0.12,-0.05
-2.7325e-02,0.105,0.245
-2.7323e-02,0.07,-0.04
-2.7322e-02,0.005,0.245
-2.7320e-02,0.05,-0.035
-2.7318e-02,0.12,0.24
-2.7317e-02,0.17,-0.035
-2.7315e-02,0.13,0.24
-2.7314e-02,0.105,-0.075
-2.7312e-02,0.055,0.285
-2.7310e-02,0.12,-0.055
-2.7309e-02,0.005,0.255
-2.7307e-02,0.1,-0.06
-2.7306e-02,0.08,0.26
-2.7304e-02,0.07,-0.06
-2.7302e-02,0.145,0.265
-2.7301e-02,0.1,-0.06
-2.7299e-02,0.12,0.265
-2.7298e-02,0.14,-0.07
-2.7296e-02,0.075,0.265
-2.7294e-02,0.11,-0.055
-2.7293e-02,0.135,0.25
-2.7291e-02,0.07,-0.04
-2.7290e-02,0.065,0.24
-2.7288e-02,0.115,-0.05
-2.7286e-02,0.13,0.255
-2.7285e-02,0.215,-0.05
-2.7283e-02,0.13,0.25
-2.7282e-02,0.05,-0.08
-2.7280e-02,0.015,0.28
-2.7278e-02,0.09,-0.1
-2.7277e-02,0.095,0.295
-2.7275e-02,0.165,-0.065
-2.7274e-02,0.125,0.26
-2.7272e-02,0.08,-0.075
-2.7270e-02,0.06,0.265
-2.7269e-02,0.105,-0.065
-2.7267e-02,0.015,0.26
-2.7266e-02,0.135,-0.065
-2.7264e-02,0.065,0.25
-2.7262e-02,0.045,-0.04
-2.7261e-02,0.05,0.24
-2.7259e-02,0.115,-0.065
-2.7258e-02,0.155,0.265
-2.7256e-02,0.14,-0.075
-2.7254e-02,0.145,0.275
-2.7253e-02,0.095,-0.08
-2.7251e-02,0.19,0.265
-2.7250e-02,0.04,-0.095
-2.7248e-02,0.035,0.285
-2.7246e-02,0.085,-0.06
-2.7245e-02,0.075,0.26
-2.7243e-02,0.115,-0.06
-2.7242e-02,0.115,0.255
-2.7240e-02,0.04,-0.045
-2.7238e-02,0.095,0.23
-2.7237e-02,0.145,-0.055
-2.7235e-02,0.12,0.245
-2.7234e-02,0.165,-0.05
-2.7232e-02,0.105,0.235
-2.7230e-02,0.075,-0.055
-2.7229e-02,0.045,0.24
-2.7227e-02,0.065,-0.05
-2.7226e-02,0.09,0.235
-2.7224e-02,0.125,-0.06
-2.7222e-02,0.12,0.245
-2.7221e-02,0.075,-0.055
-2.7219e-02,0.135,0.235
-2.7218e-02,0.14,-0.05
-2.7216e-02,0.025,0.24
-2.7214e-02,-0.035,-0.04
-2.7213e-02,0.045,0.225
-2.7211e-02,0.075,-0.065
-2.7210e-02,0.155,0.245
-2.7208e-02,0.17,-0.09
-2.7206e-02,0.105,0.27
-2.7205e-02,0.075,-0.065
-2.7203e-02,0.19,0.24
-2.7202e-02,0.07,-0.07
-2.7200e-02,0.09,0.255
-2.7198e-02,0.07,-0.075
-2.7197e-02,0.025,0.255
-2.7195e-02,0.11,-0.055
-2.7194e-02,0.065,0.235
-2.7192e-02,0.08,-0.075
-2.7190e-02,0.1,0.26
-2.7189e-02,0.07,-0.06
-2.7187e-02,0.09,0.25
-2.7186e-02,0.125,-0.04
-2.7184e-02,0.19,0.225
-2.7182e-02,0.005,-0.065
-2.7181e-02,0.16,0.25
-2.7179e-02,0.08,-0.075
-2.7178e-02,0.17,0.255
-2.7176e-02,0.07,-0.065
-2.7174e-02,0.12,0.25
-2.7173e-02,-0.025,-0.085
-2.7171e-02,0.13,0.27
-2.7170e-02,0.01,-0.055
-2.7168e-02,0.095,0.24
-2.7166e-02,0.1,-0.08
-2.7165e-02,0.1,0.27
-2.7163e-02,0.15,-0.065
-2.7162e-02,0.135,0.25
-2.7160e-02,0.205,-0.065
-2.7158e-02,0.02,0.245
-2.7157e-02,0.14,-0.05
-2.7155e-02,0.055,0.24
-2.7154e-02,0.115,-0.095
-2.7152e-02,0.045,0.275
-2.7150e-02,0.12,-0.065
-2.7149e-02,0.005,0.245
-2.7147e-02,0.12,-0.06
-2.7146e-02,0.105,0.25
-2.7144e-02,0.17,-0.055
-2.7142e-02,0.14,0.24
-2.7141e-02,0.045,-0.05
-2.7139e-02,0.05,0.235
-2.7138e-02,0.145,-0.045
-2.7136e-02,0.025,0.22
-2.7134e-02,0.03,-0.065
-2.7133e-02,0.045,0.245
-2.7131e-02,0.14,-0.08
-2.7130e-02,0.1,0.255
-2.7128e-02,0.21,-0.07
-2.7126e-02,0.07,0.255
-2.7125e-02,0.16,-0.08
-2.7123e-02,0.1,0.265
-2.7122e-02,0.08,-0.06
-2.7120e-02,0.03,0.245
-2.7118e-02,0.095,-0.075
-2.7117e-02,-0.045,0.255
-2.7115e-02,0.125,-0.06
-2.7114e-02,0.045,0.24
-2.7112e-02,0.105,-0.045
-2.7110e-02,0.08,0.225
-2.7109e-02,0.085,-0.075
-2.7107e-02,0.115,0.255
-2.7106e-02,0.1,-0.06
-2.7104e-02,0.205,0.235
-2.7102e-02,0.085,-0.08
-2.7101e-02,0.05,0.255
-2.7099e-02,0.075,-0.08
-2.7098e-02,0.04,0.26
-2.7096e-02,0.105,-0.08
-2.7094e-02,0.1,0.25
-2.7093e-02,0.045,-0.08
-2.7091e-02,0.115,0.265
-2.7090e-02,0.155,-0.06
-2.7088e-02,0.09,0.235
-2.7086e-02,0.045,-0.065
-2.7085e-02,0.115,0.24
-2.7083e-02,0.05,-0.075
-2.7082e-02,0.11,0.245
-2.7080e-02,0.07,-0.09
-2.7078e-02,0.08,0.265
-2.7077e-02,0.075,-0.05
-2.7075e-02,0.175,0.225
-2.7074e-02,0.09,-0.065
-2.7072e-02,0.18,0.24
-2.7070e-02,0.085,-0.075
-2.7069e-02,0.06,0.25
-2.7067e-02,-0.03,-0.09
-2.7066e-02,0.11,0.255
-2.7064e-02,0.075,-0.055
-2.7062e-02,0.125,0.225
-2.7061e-02,0.095,-0.05
-2.7059e-02,0.16,0.225
-2.7058e-02,0.075,-0.09
-2.7056e-02,0.2,0.255
-2.7054e-02,0.065,-0.07
-2.7053e-02,0.09,0.245
-2.7051e-02,0.13,-0.065
-2.7050e-02,0.17,0.235
-2.7048e-02,0.09,-0.06
-2.7046e-02,0.115,0.225
-2.7045e-02,0.055,-0.095
-2.7043e-02,0.04,0.255
-2.7042e-02,0.15,-0.065
-2.7040e-02,-0.005,0.235
-2.7038e-02,0.055,-0.09
-2.7037e-02,0.005,0.26
-2.7035e-02,0.1,-0.07
-2.7034e-02,0.075,0.235
-2.7032e-02,0.175,-0.055
-2.7030e-02,0.14,0.23
-2.7029e-02,0.09,-0.06
-2.7027e-02,0.14,0.23
-2.7026e-02,0.08,-0.05
-2.7024e-02,0.105,0.225
-2.7022e-02,0.04,-0.055
-2.7021e-02,0.025,0.225
-2.7019e-02,0.1,-0.085
-2.7018e-02,0.105,0.255
-2.7016e-02,0.08,-0.075
-2.7014e-02,0.02,0.24
-2.7013e-02,0.07,-0.105
-2.7011e-02,0.02,0.28
-2.7010e-02,0.12,-0.075
-2.7008e-02,0.07,0.245
-2.7006e-02,0.065,-0.09
-2.7005e-02,0.035,0.26
-2.7003e-02,0.11,-0.09
-2.7002e-02,0.08,0.26
-2.7000e-02,-0.005,-0.055
-2.6998e-02,0.035,0.22
-2.6997e-02,0.01,-0.065
-2.6995e-02,0.085,0.23
-2.6994e-02,0.115,-0.095
-2.6992e-02,0.105,0.26
-2.6990e-02,0.03,-0.095
-2.6989e-02,0.02,0.26
-2.6987e-02,0.01,-0.1
-2.6986e-02,0.03,0.27
-2.6984e-02,0.1,-0.08
-2.6982e-02,0.05,0.245
-2.6981e-02,0.025,-0.085
-2.6979e-02,0.055,0.245
-2.6978e-02,0.025,-0.08
-2.6976e-02,0.035,0.24
-2.6974e-02,0.025,-0.065
-2.6973e-02,0.015,0.225
-2.6971e-02,0.08,-0.07
-2.6970e-02,0.1,0.235
-2.6968e-02,0.015,-0.065
-2.6966e-02,0.095,0.23
-2.6965e-02,0.17,-0.12
-2.6963e-02,0.17,0.285
-2.6962e-02,0.2,-0.09
-2.6960e-02,0.085,0.255
-2.6958e-02,0.06,-0.105
-2.6957e-02,-0.055,0.265
-2.6955e-02,0.1,-0.07
-2.6954e-02,-0.04,0.23
-2.6952e-02,0.115,-0.065
-2.6950e-02,0.025,0.225
-2.6949e-02,0.125,-0.085
-2.6947e-02,0.065,0.245
-2.6946e-02,0.135,-0.075
-2.6944e-02,0.09,0.235
-2.6942e-02,0.125,-0.065
-2.6941e-02,0.1,0.225
-2.6939e-02,0.04,-0.075
-2.6938e-02,0.175,0.235
-2.6936e-02,0.14,-0.105
-2.6934e-02,0.1,0.265
-2.6933e-02,0.12,-0.105
-2.6931e-02,0.095,0.27
-2.6930e-02,0.06,-0.065
-2.6928e-02,0.095,0.23
-2.6926e-02,-0.045,-0.075
-2.6925e-02,0.025,0.235
-2.6923e-02,0.125,-0.075
-2.6922e-02,0.12,0.24
-2.6920e-02,0.095,-0.105
-2.6918e-02,0.13,0.255
-2.6917e-02,0.02,-0.1
-2.6915e-02,0.115,0.26
-2.6914e-02,0.085,-0.055
-2.6912e-02,0.1,0.21
-2.6910e-02,0.085,-0.105
-2.6909e-02,0.085,0.255
-2.6907e-02,0.045,-0.09
-2.6906e-02,0.115,0.245
-2.6904e-02,0.105,-0.075
-2.6902e-02,0.08,0.23
-2.6901e-02,0.045,-0.06
-2.6899e-02,0.04,0.225
-2.6898e-02,0.035,-0.08
-2.6896e-02,0.19,0.24
-2.6894e-02,0.12,-0.055
-2.6893e-02,0.12,0.215
-2.6891e-02,0.06,-0.08
-2.6890e-02,0.015,0.235
-2.6888e-02,0.07,-0.065
-2.6886e-02,0.025,0.225
-2.6885e-02,0.08,-0.085
-2.6883e-02,0.165,0.24
-2.6882e-02,0.075,-0.075
-2.6880e-02,0.19,0.235
-2.6878e-02,0.01,-0.075
-2.6877e-02,0.065,0.23
-2.6875e-02,0.005,-0.055
-2.6874e-02,0.08,0.215
-2.6872e-02,0.115,-0.07
-2.6870e-02,0.17,0.23
-2.6869e-02,0.11,-0.08
-2.6867e-02,0.08,0.23
-2.6866e-02,0.075,-0.11
-2.6864e-02,0.025,0.265
-2.6862e-02,0.14,-0.08
-2.6861e-02,-0.06,0.23
-2.6859e-02,0.05,-0.095
-2.6858e-02,0.035,0.25
-2.6856e-02,0.14,-0.065
-2.6854e-02,0.165,0.225
-2.6853e-02,0.15,-0.1
-2.6851e-02,0.095,0.245
-2.6850e-02,0.05,-0.085
-2.6848e-02,0.045,0.24
-2.6846e-02,0.025,-0.085
-2.6845e-02,0.105,0.235
-2.6843e-02,0.03,-0.06
-2.6842e-02,0.04,0.21
-2.6840e-02,0.025,-0.07
-2.6838e-02,0.03,0.225
-2.6837e-02,0.135,-0.085
-2.6835e-02,0.07,0.225
-2.6834e-02,0.055,-0.09
-2.6832e-02,0.03,0.24
-2.6830e-02,0.11,-0.06
-2.6829e-02,0.145,0.21
-2.6827e-02,0.14,-0.07
-2.6826e-02,0.07,0.22
-2.6824e-02,-0.01,-0.105
-2.6822e-02,0.1,0.25
-2.6821e-02,0.03,-0.08
-2.6819e-02,0.13,0.225
-2.6818e-02,0.115,-0.06
-2.6816e-02,0.07,0.22
-2.6814e-02,0.13,-0.085
-2.6813e-02,0.03,0.235
-2.6811e-02,0.12,-0.07
-2.6810e-02,0.115,0.22
-2.6808e-02,0.04,-0.09
-2.6806e-02,0.01,0.23
-2.6805e-02,0.015,-0.085
-2.6803e-02,0.04,0.235
-2.6802e-02,0.095,-0.08
-2.6800e-02,0.095,0.22
-2.6798e-02,0.075,-0.135
-2.6797e-02,0.075,0.28
-2.6795e-02,0.055,-0.07
-2.6794e-02,0.025,0.225
-2.6792e-02,0.025,-0.08
-2.6790e-02,0.125,0.22
-2.6789e-02,0.06,-0.12
-2.6787e-02,0.175,0.27
-2.6786e-02,0.04,-0.07
-2.6784e-02,0.02,0.215
-2.6782e-02,0.11,-0.06
-2.6781e-02,0.065,0.2
-2.6779e-02,-0.005,-0.1
-2.6778e-02,0,0.24
-2.6776e-02,-0.04,-0.11
-2.6774e-02,0.055,0.255
-2.6773e-02,0.065,-0.115
-2.6771e-02,0.135,0.26
-2.6770e-02,0.07,-0.11
-2.6768e-02,0.115,0.25
-2.6766e-02,0.14,-0.07
-2.6765e-02,0.07,0.215
-2.6763e-02,0.15,-0.105
-2.6762e-02,0.045,0.25
-2.6760e-02,-0.025,-0.095
-2.6758e-02,0.025,0.23
-2.6757e-02,0.1,-0.1
-2.6755e-02,0.075,0.245
-2.6754e-02,0.14,-0.08
-2.6752e-02,0.035,0.22
-2.6750e-02,0.1,-0.1
-2.6749e-02,0.08,0.235
-2.6747e-02,0.195,-0.1
-2.6746e-02,0.03,0.235
-2.6744e-02,0.04,-0.08
-2.6742e-02,-0.02,0.215
-2.6741e-02,0.05,-0.095
-2.6739e-02,0.03,0.235
-2.6738e-02,0.09,-0.08
-2.6736e-02,0.07,0.225
-2.6734e-02,0.035,-0.075
-2.6733e-02,0.095,0.215
-2.6731e-02,0.12,-0.105
-2.6730e-02,0.15,0.24
-2.6728e-02,0.185,-0.08
-2.6726e-02,0.09,0.22
-2.6725e-02,0.035,-0.09
-2.6723e-02,0.01,0.225
-2.6722e-02,0.105,-0.065
-2.6720e-02,0.01,0.21
-2.6718e-02,0.02,-0.095
-2.6717e-02,0.11,0.23
-2.6715e-02,0.045,-0.1
-2.6714e-02,0.18,0.235
-2.6712e-02,0.01,-0.095
-2.6710e-02,-0.025,0.23
-2.6709e-02,0.055,-0.115
-2.6707e-02,0.05,0.245
-2.6706e-02,0.1,-0.1
-2.6704e-02,0.05,0.24
-2.6702e-02,0.125,-0.095
-2.6701e-02,0.005,0.225
-2.6699e-02,0.11,-0.07
-2.6698e-02,0.075,0.205
-2.6696e-02,0.11,-0.09
-2.6694e-02,0.01,0.225
-2.6693e-02,0.085,-0.09
-2.6691e-02,0.03,0.22
-2.6690e-02,0.135,-0.07
-2.6688e-02,0.165,0.205
-2.6686e-02,0.105,-0.09
-2.6685e-02,-0.01,0.225
-2.6683e-02,0.025,-0.075
-2.6682e-02,0.045,0.21
-2.6680e-02,0.11,-0.095
-2.6678e-02,0.05,0.235
-2.6677e-02,0.015,-0.115
-2.6675e-02,-0.015,0.245
-2.6674e-02,0.16,-0.09
-2.6672e-02,0.02,0.225
-2.6670e-02,0.09,-0.08
-2.6669e-02,0.035,0.215
-2.6667e-02,0.03,-0.115
-2.6666e-02,0.085,0.245
-2.6664e-02,0.1,-0.095
-2.6662e-02,0.065,0.235
-2.6661e-02,0.015,-0.095
-2.6659e-02,0.085,0.23
-2.6658e-02,0.045,-0.1
-2.6656e-02,0.11,0.23
-2.6654e-02,0.06,-0.075
-2.6653e-02,0.03,0.205
-2.6651e-02,0.085,-0.075
-2.6650e-02,0.13,0.21
-2.6648e-02,0.135,-0.1
-2.6646e-02,0.075,0.22
-2.6645e-02,0.015,-0.095
-2.6643e-02,-0.05,0.22
-2.6642e-02,0.035,-0.095
-2.6640e-02,0.045,0.225
-2.6638e-02,0.025,-0.095
-2.6637e-02,-0.03,0.23
-2.6635e-02,0.06,-0.105
-2.6634e-02,0.07,0.225
-2.6632e-02,0.13,-0.105
-2.6630e-02,0.135,0.225
-2.6629e-02,0.125,-0.08
-2.6627e-02,0.02,0.2
-2.6626e-02,0.125,-0.095
-2.6624e-02,0.02,0.235
-2.6622e-02,0.1,-0.09
-2.6621e-02,0.005,0.215
-2.6619e-02,0.035,-0.13
-2.6618e-02,-0.015,0.255
-2.6616e-02,0.14,-0.08
-2.6614e-02,0.075,0.215
-2.6613e-02,0.015,-0.1
-2.6611e-02,0.02,0.22
-2.6610e-02,-0.05,-0.11
-2.6608e-02,0.08,0.23
-2.6606e-02,0.025,-0.115
-2.6605e-02,0,0.245
-2.6603e-02,-0.055,-0.105
-2.6602e-02,0.145,0.22
-2.6600e-02,0.105,-0.095
-2.6598e-02,0.09,0.225
-2.6597e-02,0.05,-0.095
-2.6595e-02,0.09,0.225
-2.6594e-02,-0.01,-0.11
-2.6592e-02,0.13,0.235
-2.6590e-02,0.045,-0.12
-2.6589e-02,0.09,0.255
-2.6587e-02,0.035,-0.075
-2.6586e-02,0.065,0.2
-2.6584e-02,0.045,-0.1
-2.6582e-02,0.15,0.22
-2.6581e-02,0.16,-0.085
-2.6579e-02,0.01,0.205
-2.6578e-02,0.045,-0.115
-2.6576e-02,0.015,0.24
-2.6574e-02,0.07,-0.115
-2.6573e-02,0.03,0.24
-2.6571e-02,0.065,-0.105
-2.6570e-02,-0.035,0.22
-2.6568e-02,0.065,-0.11
-2.6566e-02,0.01,0.235
-2.6565e-02,0.145,-0.095
-2.6563e-02,-0.03,0.22
-2.6562e-02,0.18,-0.13
-2.6560e-02,0.025,0.25
-2.6558e-02,0.065,-0.09
-2.6557e-02,-0.025,0.22
-2.6555e-02,0.015,-0.105
-2.6554e-02,0.03,0.225
-2.6552e-02,0.08,-0.125
-2.6550e-02,0.06,0.255
-2.6549e-02,0.105,-0.12
-2.6547e-02,0.095,0.24
-2.6546e-02,0.045,-0.09
-2.6544e-02,-0.015,0.215
-2.6542e-02,0.08,-0.105
-2.6541e-02,0.035,0.225
-2.6539e-02,0.04,-0.14
-2.6538e-02,0.06,0.27
-2.6536e-02,0.105,-0.105
-2.6534e-02,0.09,0.22
-2.6533e-02,0.08,-0.1
-2.6531e-02,0.07,0.225
-2.6530e-02,0.015,-0.12
-2.6528e-02,0.155,0.24
-2.6526e-02,-0.02,-0.115
-2.6525e-02,0.075,0.235
-2.6523e-02,0.01,-0.075
-2.6522e-02,0.045,0.195
-2.6520e-02,0.035,-0.105
-2.6518e-02,0.055,0.23
-2.6517e-02,-0.005,-0.12
-2.6515e-02,-0.015,0.23
-2.6514e-02,0.095,-0.11
-2.6512e-02,0.09,0.22
-2.6510e-02,0.135,-0.11
-2.6509e-02,0.085,0.225
-2.6507e-02,0.035,-0.105
-2.6506e-02,0.06,0.215
-2.6504e-02,0.11,-0.11
-2.6502e-02,0.09,0.225
-2.6501e-02,0.16,-0.125
-2.6499e-02,0,0.245
-2.6498e-02,0.035,-0.085
-2.6496e-02,0.045,0.2
-2.6494e-02,0.075,-0.11
-2.6493e-02,0.01,0.225
-2.6491e-02,-0.07,-0.11
-2.6490e-02,0.035,0.225
-2.6488e-02,0.02,-0.12
-2.6486e-02,0.14,0.235
-2.6485e-02,0.125,-0.135
-2.6483e-02,0.03,0.245
-2.6482e-02,0.105,-0.105
-2.6480e-02,0.06,0.22
-2.6478e-02,0.015,-0.125
-2.6477e-02,0.05,0.24
-2.6475e-02,0,-0.12
-2.6474e-02,0.065,0.23
-2.6472e-02,0.015,-0.095
-2.6470e-02,0.06,0.21
-2.6469e-02,0.07,-0.105
-2.6467e-02,0.1,0.22
-2.6466e-02,0.115,-0.09
-2.6464e-02,0.035,0.21
-2.6462e-02,0.16,-0.085
-2.6461e-02,0.125,0.2
-2.6459e-02,0.035,-0.11
-2.6458e-02,0.055,0.215
-2.6456e-02,0.03,-0.105
-2.6454e-02,0.035,0.21
-2.6453e-02,-0.015,-0.125
-2.6451e-02,-0.075,0.235
-2.6450e-02,0.02,-0.145
-2.6448e-02,0.045,0.255
-2.6446e-02,0.11,-0.13
-2.6445e-02,-0.025,0.23
-2.6443e-02,0.06,-0.105
-2.6442e-02,0,0.215
-2.6440e-02,0.07,-0.1
-2.6438e-02,0.075,0.215
-2.6437e-02,-0.005,-0.105
-2.6435e-02,0.065,0.21
-2.6434e-02,0.015,-0.1
-2.6432e-02,0.125,0.21
-2.6430e-02,0.07,-0.105
-2.6429e-02,0.17,0.215
-2.6427e-02,0.13,-0.085
-2.6426e-02,0.045,0.2
-2.6424e-02,0.07,-0.12
-2.6422e-02,0.085,0.22
-2.6421e-02,0.075,-0.13
-2.6419e-02,0.04,0.23
-2.6418e-02,-0.055,-0.09
-2.6416e-02,-0.04,0.195
-2.6414e-02,0.04,-0.09
-2.6413e-02,0.09,0.2
-2.6411e-02,0.005,-0.105
-2.6410e-02,0.1,0.21
-2.6408e-02,0.075,-0.125
-2.6406e-02,0.135,0.24
-2.6405e-02,0.09,-0.11
-2.6403e-02,0.155,0.21
-2.6402e-02,0.015,-0.11
-2.6400e-02,0.085,0.215
-2.6398e-02,0.06,-0.13
-2.6397e-02,-0.035,0.23
-2.6395e-02,0.065,-0.1
-2.6394e-02,0,0.205
-2.6392e-02,0.035,-0.125
-2.6390e-02,0.04,0.225
-2.6389e-02,0.1,-0.1
-2.6387e-02,0.035,0.205
-2.6386e-02,0.095,-0.09
-2.6384e-02,0.035,0.195
-2.6382e-02,0.02,-0.115
-2.6381e-02,0.08,0.215
-2.6379e-02,0.085,-0.095
-2.6378e-02,0.02,0.2
-2.6376e-02,0.025,-0.085
-2.6374e-02,0.105,0.19
-2.6373e-02,0.115,-0.125
-2.6371e-02,-0.03,0.22
-2.6370e-02,0.025,-0.13
-2.6368e-02,-0.03,0.225
-2.6366e-02,0.095,-0.1
-2.6365e-02,0.1,0.205
-2.6363e-02,0.175,-0.11
-2.6362e-02,0.01,0.21
-2.6360e-02,0.085,-0.09
-2.6358e-02,-0.015,0.195
-2.6357e-02,0.06,-0.125
-2.6355e-02,0.045,0.215
-2.6354e-02,0.08,-0.1
-2.6352e-02,0.03,0.2
-2.6350e-02,-0.005,-0.115
-2.6349e-02,0.03,0.205
-2.6347e-02,0,-0.13
-2.6346e-02,-0.015,0.225
-2.6344e-02,0.015,-0.09
-2.6342e-02,0.06,0.19
-2.6341e-02,0.035,-0.11
-2.6339e-02,0.14,0.205
-2.6338e-02,0.01,-0.11
-2.6336e-02,0.015,0.205
-2.6334e-02,-0.005,-0.13
-2.6333e-02,0.105,0.225
-2.6331e-02,0.03,-0.095
-2.6330e-02,-0.01,0.195
-2.6328e-02,0.015,-0.095
-2.6326e-02,0.05,0.195
-2.6325e-02,-0.005,-0.13
-2.6323e-02,0.005,0.22
-2.6322e-02,0,-0.13
-2.6320e-02,0.005,0.23
-2.6318e-02,0.01,-0.115
-2.6317e-02,0.105,0.225
-2.6315e-02,0.13,-0.09
-2.6314e-02,0.12,0.195
-2.6312e-02,0.04,-0.1
-2.6310e-02,0.055,0.195
-2.6309e-02,0.025,-0.105
-2.6307e-02,0.06,0.205
-2.6306e-02,0.14,-0.11
-2.6304e-02,0.055,0.2
-2.6302e-02,0.06,-0.115
-2.6301e-02,0,0.215
-2.6299e-02,0.075,-0.09
-2.6298e-02,-0.015,0.185
-2.6296e-02,-0.08,-0.11
-2.6294e-02,0.015,0.205
-2.6293e-02,0.04,-0.115
-2.6291e-02,0.1,0.21
-2.6290e-02,-0.025,-0.145
-2.6288e-02,0.07,0.24
-2.6286e-02,0.045,-0.12
-2.6285e-02,0.105,0.215
-2.6283e-02,0.05,-0.115
-2.6282e-02,0.095,0.21
-2.6280e-02,0.045,-0.11
-2.6278e-02,-0.005,0.21
-2.6277e-02,0.045,-0.105
-2.6275e-02,0.04,0.205
-2.6274e-02,0.08,-0.105
-2.6272e-02,0.01,0.195
-2.6270e-02,0.01,-0.12
-2.6269e-02,0.015,0.21
-2.6267e-02,0.045,-0.115
-2.6266e-02,0.01,0.205
-2.6264e-02,-0.045,-0.095
-2.6262e-02,0.04,0.19
-2.6261e-02,0.07,-0.115
-2.6259e-02,0.15,0.2
-2.6258e-02,0.05,-0.11
-2.6256e-02,0.125,0.205
-2.6254e-02,-0.005,-0.12
-2.6253e-02,0.065,0.205
-2.6251e-02,0.01,-0.15
-2.6250e-02,0.085,0.235
-2.6248e-02,0.05,-0.105
-2.6246e-02,-0.025,0.195
-2.6245e-02,0.085,-0.115
-2.6243e-02,0.045,0.205
-2.6242e-02,0.06,-0.105
-2.6240e-02,-0.055,0.19
-2.6238e-02,-0.035,-0.125
-2.6237e-02,0.065,0.22
-2.6235e-02,0.125,-0.115
-2.6234e-02,0.145,0.205
-2.6232e-02,0.025,-0.105
-2.6230e-02,0.06,0.195
-2.6229e-02,-0.005,-0.12
-2.6227e-02,0.155,0.21
-2.6226e-02,0.025,-0.13
-2.6224e-02,0.125,0.215
-2.6222e-02,-0.045,-0.11
-2.6221e-02,0.055,0.195
-2.6219e-02,0.08,-0.135
-2.6218e-02,0.065,0.225
-2.6216e-02,0.01,-0.125
-2.6214e-02,-0.05,0.215
-2.6213e-02,0.02,-0.105
-2.6211e-02,0.03,0.19
-2.6210e-02,0.065,-0.105
-2.6208e-02,0.03,0.19
-2.6206e-02,0.075,-0.12
-2.6205e-02,-0.055,0.2
-2.6203e-02,0.015,-0.1
-2.6202e-02,0.02,0.195
-2.6200e-02,0.08,-0.11
-2.6198e-02,-0.01,0.2
-2.6197e-02,0.09,-0.115
-2.6195e-02,0.055,0.2
-2.6194e-02,0.11,-0.11
-2.6192e-02,-0.035,0.19
-2.6190e-02,0.085,-0.105
-2.6189e-02,0.04,0.195
-2.6187e-02,0.17,-0.1
-2.6186e-02,0.08,0.185
-2.6184e-02,0.11,-0.1
-2.6182e-02,0.005,0.19
-2.6181e-02,0.07,-0.105
-2.6179e-02,0.08,0.195
-2.6178e-02,0.065,-0.115
-2.6176e-02,-0.005,0.205
-2.6174e-02,0.015,-0.15
-2.6173e-02,0.08,0.23
-2.6171e-02,0.06,-0.115
-2.6170e-02,0.04,0.205
-2.6168e-02,0.045,-0.125
-2.6166e-02,0.045,0.205
-2.6165e-02,-0.03,-0.13
-2.6163e-02,-0.02,0.22
-2.6162e-02,0.09,-0.125
-2.6160e-02,0.095,0.21
-2.6158e-02,0.09,-0.125
-2.6157e-02,0.055,0.205
-2.6155e-02,0.105,-0.11
-2.6154e-02,0.04,0.19
-2.6152e-02,0.045,-0.125
-2.6150e-02,-0.045,0.2
-2.6149e-02,0.02,-0.11
-2.6147e-02,-0.01,0.205
-2.6146e-02,0.13,-0.11
-2.6144e-02,0.06,0.195
-2.6142e-02,-0.02,-0.15
-2.6141e-02,-0.055,0.23
-2.6139e-02,0.05,-0.115
-2.6138e-02,0.015,0.2
-2.6136e-02,0.005,-0.14
-2.6134e-02,-0.015,0.22
-2.6133e-02,0.06,-0.145
-2.6131e-02,-0.015,0.23
-2.6130e-02,0.05,-0.12
-2.6128e-02,0.045,0.205
-2.6126e-02,0.085,-0.135
-2.6125e-02,0.005,0.215
-2.6123e-02,0.105,-0.135
-2.6122e-02,0.045,0.21
-2.6120e-02,0.085,-0.095
-2.6118e-02,0,0.175
-2.6117e-02,0.125,-0.125
-2.6115e-02,0.07,0.205
-2.6114e-02,0.1,-0.13
-2.6112e-02,0.12,0.205
-2.6110e-02,0.07,-0.145
-2.6109e-02,-0.01,0.22
-2.6107e-02,0.04,-0.11
-2.6106e-02,0.125,0.19
-2.6104e-02,0.125,-0.11
-2.6102e-02,0.105,0.185
-2.6101e-02,0.02,-0.125
-2.6099e-02,0.115,0.195
-2.6098e-02,-0.005,-0.115
-2.6096e-02,0.01,0.195
-2.6094e-02,0.045,-0.125
-2.6093e-02,0.075,0.195
-2.6091e-02,0.03,-0.125
-2.6090e-02,0.125,0.2
-2.6088e-02,0.06,-0.125
-2.6086e-02,0.02,0.2
-2.6085e-02,0.01,-0.135
-2.6083e-02,0,0.21
-2.6082e-02,0.02,-0.135
-2.6080e-02,0.06,0.205
-2.6078e-02,0.04,-0.125
-2.6077e-02,-0.035,0.195
-2.6075e-02,0.01,-0.11
-2.6074e-02,0.045,0.19
-2.6072e-02,0.06,-0.12
-2.6070e-02,-0.1,0.19
-2.6069e-02,0.02,-0.155
-2.6067e-02,-0.05,0.225
-2.6066e-02,0.135,-0.115
-2.6064e-02,0.035,0.18
-2.6062e-02,0.16,-0.12
-2.6061e-02,-0.04,0.19
-2.6059e-02,0.135,-0.135
-2.6058e-02,0.045,0.205
-2.6056e-02,0.075,-0.135
-2.6054e-02,-0.08,0.195
-2.6053e-02,0.05,-0.125
-2.6051e-02,-0.02,0.195
-2.6050e-02,0.04,-0.13
-2.6048e-02,0.075,0.205
-2.6046e-02,0.03,-0.125
-2.6045e-02,0.08,0.195
-2.6043e-02,0.075,-0.115
-2.6042e-02,0.14,0.18
-2.6040e-02,0.085,-0.12
-2.6038e-02,0.09,0.19
-2.6037e-02,0.13,-0.155
-2.6035e-02,0.05,0.225
-2.6034e-02,0.13,-0.105
-2.6032e-02,0.095,0.175
-2.6030e-02,0.08,-0.14
-2.6029e-02,-0.055,0.2
-2.6027e-02,0.05,-0.135
-2.6026e-02,-0.005,0.205
-2.6024e-02,0,-0.12
-2.6022e-02,-0.02,0.195
-2.6021e-02,0.025,-0.13
-2.6019e-02,0.03,0.2
-2.6018e-02,0.04,-0.13
-2.6016e-02,0.085,0.19
-2.6014e-02,-0.055,-0.13
-2.6013e-02,0.025,0.2
-2.6011e-02,0.065,-0.11
-2.6010e-02,0.05,0.18
-2.6008e-02,-0.03,-0.15
-2.6006e-02,-0.035,0.22
-2.6005e-02,-0.015,-0.12
-2.6003e-02,0.04,0.195
-2.6002e-02,0.01,-0.135
-2.6000e-02,0.105,0.205
-2.5998e-02,-0.07,-0.115
-2.5997e-02,0.035,0.19
-2.5995e-02,0.035,-0.115
-2.5994e-02,-0.01,0.185
-2.5992e-02,0.025,-0.12
-2.5990e-02,-0.005,0.185
-2.5989e-02,-0.05,-0.125
-2.5987e-02,0,0.19
-2.5986e-02,0.02,-0.165
-2.5984e-02,0.06,0.23
-2.5982e-02,0.005,-0.145
-2.5981e-02,0.015,0.21
-2.5979e-02,0.04,-0.15
-2.5978e-02,0.005,0.225
-2.5976e-02,0.04,-0.155
-2.5974e-02,-0.07,0.225
-2.5973e-02,0.025,-0.17
-2.5971e-02,0.075,0.235
-2.5970e-02,-0.005,-0.125
-2.5968e-02,0.07,0.195
-2.5966e-02,0.025,-0.125
-2.5965e-02,0.04,0.19
-2.5963e-02,0.11,-0.145
-2.5962e-02,0.08,0.21
-2.5960e-02,0,-0.155
-2.5958e-02,0.02,0.21
-2.5957e-02,0.025,-0.115
-2.5955e-02,0.065,0.175
-2.5954e-02,0.05,-0.12
-2.5952e-02,0.105,0.185
-2.5950e-02,0.01,-0.13
-2.5949e-02,0.1,0.195
-2.5947e-02,0.04,-0.145
-2.5946e-02,0.025,0.205
-2.5944e-02,0.03,-0.155
-2.5942e-02,-0.1,0.21
-2.5941e-02,-0.055,-0.14
-2.5939e-02,-0.05,0.205
-2.5938e-02,0.04,-0.135
-2.5936e-02,-0.03,0.195
-2.5934e-02,0.05,-0.115
-2.5933e-02,0.02,0.175
-2.5931e-02,0.085,-0.13
-2.5930e-02,0.09,0.195
-2.5928e-02,-0.035,-0.155
-2.5926e-02,0.07,0.215
-2.5925e-02,0.005,-0.175
-2.5923e-02,0.04,0.225
-2.5922e-02,-0.045,-0.16
-2.5920e-02,-0.045,0.21
-2.5918e-02,0.02,-0.18
-2.5917e-02,0.045,0.23
-2.5915e-02,0.035,-0.175
-2.5914e-02,0.01,0.225
-2.5912e-02,0.03,-0.185
-2.5910e-02,-0.04,0.235
-2.5909e-02,0.095,-0.14
-2.5907e-02,-0.045,0.195
-2.5906e-02,0.02,-0.15
-2.5904e-02,-0.055,0.205
-2.5902e-02,0.005,-0.13
-2.5901e-02,-0.04,0.185
-2.5899e-02,0.075,-0.125
-2.5898e-02,-0.035,0.175
-2.5896e-02,0.035,-0.145
-2.5894e-02,-0.01,0.2
-2.5893e-02,-0.01,-0.15
-2.5891e-02,0.08,0.2
-2.5890e-02,-0.015,-0.15
-2.5888e-02,0,0.21
-2.5886e-02,0.005,-0.13
-2.5885e-02,0.06,0.18
-2.5883e-02,0.06,-0.165
-2.5882e-02,0.075,0.22
-2.5880e-02,0.005,-0.13
-2.5878e-02,0.055,0.185
-2.5877e-02,0.105,-0.155
-2.5875e-02,0.035,0.205
-2.5874e-02,0.04,-0.135
-2.5872e-02,-0.005,0.19
-2.5870e-02,0.05,-0.125
-2.5869e-02,0.095,0.18
-2.5867e-02,0.045,-0.14
-2.5866e-02,0.03,0.19
-2.5864e-02,0.1,-0.14
-2.5862e-02,0.045,0.19
-2.5861e-02,0.07,-0.13
-2.5859e-02,0.03,0.185
-2.5858e-02,-0.045,-0.125
-2.5856e-02,0.03,0.175
-2.5854e-02,0.035,-0.13
-2.5853e-02,0.01,0.185
-2.5851e-02,0.04,-0.135
-2.5850e-02,0.02,0.195
-2.5848e-02,0.045,-0.125
-2.5846e-02,0.095,0.175
-2.5845e-02,0.06,-0.14
-2.5843e-02,0.01,0.195
-2.5842e-02,-0.03,-0.12
-2.5840e-02,0.01,0.175
-2.5838e-02,-0.055,-0.125
-2.5837e-02,0.105,0.185
-2.5835e-02,-0.065,-0.12
-2.5834e-02,-0.055,0.17
-2.5832e-02,0.04,-0.13
-2.5830e-02,-0.055,0.18
-2.5829e-02,0.135,-0.14
-2.5827e-02,-0.045,0.185
-2.5826e-02,0.035,-0.135
-2.5824e-02,0.095,0.2
-2.5822e-02,0.085,-0.135
-2.5821e-02,0.045,0.2
-2.5819e-02,0.025,-0.155
-2.5818e-02,0.01,0.205
-2.5816e-02,0.005,-0.165
-2.5814e-02,0.04,0.225
-2.5813e-02,-0.135,-0.19
-2.5811e-02,0.025,0.245
-2.5810e-02,0.02,-0.165
-2.5808e-02,0.025,0.22
-2.5806e-02,0.07,-0.16
-2.5805e-02,0.01,0.22
-2.5803e-02,0.02,-0.15
-2.5802e-02,0.055,0.2
-2.5800e-02,0.01,-0.135
-2.5798e-02,-0.09,0.195
-2.5797e-02,0.025,-0.125
-2.5795e-02,-0.13,0.185
-2.5794e-02,0.005,-0.13
-2.5792e-02,0.005,0.17
-2.5790e-02,0.01,-0.14
-2.5789e-02,0.01,0.195
-2.5787e-02,0.03,-0.15
-2.5786e-02,-0.035,0.2
-2.5784e-02,0.01,-0.145
-2.5782e-02,0.005,0.195
-2.5781e-02,-0.02,-0.16
-2.5779e-02,-0.015,0.205
-2.5778e-02,0.015,-0.125
-2.5776e-02,-0.03,0.165
-2.5774e-02,-0.025,-0.135
-2.5773e-02,-0.02,0.185
-2.5771e-02,-0.06,-0.13
-2.5770e-02,0.075,0.175
-2.5768e-02,0.02,-0.15
-2.5766e-02,0.04,0.195
-2.5765e-02,0.035,-0.15
-2.5763e-02,0.075,0.195
-2.5762e-02,0.08,-0.135
-2.5760e-02,0.045,0.175
-2.5758e-02,0.045,-0.15
-2.5757e-02,-0.01,0.19
-2.5755e-02,0.095,-0.15
-2.5754e-02,0.035,0.18
-2.5752e-02,0,-0.125
-2.5750e-02,-0.01,0.165
-2.5749e-02,-0.03,-0.135
-2.5747e-02,0.025,0.18
-2.5746e-02,0.09,-0.14
-2.5744e-02,-0.015,0.19
-2.5742e-02,-0.045,-0.14
-2.5741e-02,-0.02,0.18
-2.5739e-02,-0.03,-0.185
-2.5738e-02,-0.05,0.22
-2.5736e-02,-0.005,-0.165
-2.5734e-02,-0.03,0.205
-2.5733e-02,-0.035,-0.14
-2.5731e-02,0.035,0.175
-2.5730e-02,0.045,-0.135
-2.5728e-02,0.025,0.17
-2.5726e-02,-0.015,-0.135
-2.5725e-02,0.015,0.175
-2.5723e-02,-0.025,-0.16
-2.5722e-02,0.04,0.2
-2.5720e-02,0,-0.145
-2.5718e-02,-0.06,0.185
-2.5717e-02,0.035,-0.145
-2.5715e-02,0.065,0.19
-2.5714e-02,0.095,-0.145
-2.5712e-02,0.08,0.18
-2.5710e-02,0.04,-0.115
-2.5709e-02,0.045,0.155
-2.5707e-02,0.06,-0.155
-2.5706e-02,0.1,0.185
-2.5704e-02,0,-0.12
-2.5702e-02,0.075,0.17
-2.5701e-02,0.06,-0.15
-2.5699e-02,0.045,0.19
-2.5698e-02,0.04,-0.115
-2.5696e-02,0.05,0.155
-2.5694e-02,0.04,-0.145
-2.5693e-02,0.13,0.175
-2.5691e-02,0.035,-0.145
-2.5690e-02,0.13,0.18
-2.5688e-02,0.075,-0.145
-2.5686e-02,0.06,0.185
-2.5685e-02,-0.05,-0.13
-2.5683e-02,0.06,0.17
-2.5682e-02,0.08,-0.14
-2.5680e-02,0.08,0.175
-2.5678e-02,0.085,-0.12
-2.5677e-02,-0.055,0.16
-2.5675e-02,0.085,-0.135
-2.5674e-02,0.065,0.18
-2.5672e-02,0.04,-0.15
-2.5670e-02,0.075,0.19
-2.5669e-02,0.02,-0.155
-2.5667e-02,0.14,0.185
-2.5666e-02,0.11,-0.135
-2.5664e-02,0.11,0.18
-2.5662e-02,0.025,-0.135
-2.5661e-02,0.045,0.18
-2.5659e-02,0.055,-0.14
-2.5658e-02,0.045,0.18
-2.5656e-02,0,-0.15
-2.5654e-02,-0.015,0.185
-2.5653e-02,-0.025,-0.175
-2.5651e-02,0.005,0.2
-2.5650e-02,0.005,-0.155
-2.5648e-02,0.055,0.19
-2.5646e-02,-0.035,-0.14
-2.5645e-02,0.03,0.18
-2.5643e-02,-0.03,-0.145
-2.5642e-02,0.04,0.19
-2.5640e-02,0.07,-0.135
-2.5638e-02,-0.05,0.165
-2.5637e-02,0.01,-0.13
-2.5635e-02,0.005,0.165
-2.5634e-02,0.06,-0.14
-2.5632e-02,0.08,0.175
-2.5630e-02,0.06,-0.14
-2.5629e-02,0.035,0.185
-2.5627e-02,0.1,-0.15
-2.5626e-02,0.125,0.185
-2.5624e-02,0.09,-0.155
-2.5622e-02,0.08,0.195
-2.5621e-02,0.05,-0.165
-2.5619e-02,0.04,0.195
-2.5618e-02,0.05,-0.13
-2.5616e-02,0.04,0.16
-2.5614e-02,-0.02,-0.145
-2.5613e-02,0.04,0.18
-2.5611e-02,-0.06,-0.15
-2.5610e-02,0.105,0.175
-2.5608e-02,-0.04,-0.135
-2.5606e-02,0.07,0.165
-2.5605e-02,-0.015,-0.145
-2.5603e-02,0.01,0.175
-2.5602e-02,0.085,-0.145
-2.5600e-02,0.115,0.17
-2.5598e-02,0.02,-0.145
-2.5597e-02,0.04,0.17
-2.5595e-02,-0.04,-0.155
-2.5594e-02,0.105,0.18
-2.5592e-02,0.025,-0.165
-2.5590e-02,-0.035,0.195
-2.5589e-02,-0.015,-0.145
-2.5587e-02,-0.04,0.175
-2.5586e-02,-0.01,-0.15
-2.5584e-02,0,0.175
-2.5582e-02,-0.055,-0.165
-2.5581e-02,-0.055,0.195
-2.5579e-02,-0.025,-0.145
-2.5578e-02,-0.025,0.17
-2.5576e-02,-0.005,-0.155
-2.5574e-02,0.015,0.185
-2.5573e-02,-0.035,-0.145
-2.5571e-02,0.04,0.17
-2.5570e-02,-0.025,-0.155
-2.5568e-02,0.055,0.18
-2.5566e-02,0.01,-0.18
-2.5565e-02,-0.03,0.2
-2.5563e-02,-0.02,-0.16
-2.5562e-02,-0.04,0.185
-2.5560e-02,0.08,-0.15
-2.5558e-02,0.02,0.185
-2.5557e-02,-0.005,-0.155
-2.5555e-02,-0.02,0.185
-2.5554e-02,0.055,-0.145
-2.5552e-02,0.04,0.165
-2.5550e-02,0.065,-0.165
-2.5549e-02,-0.02,0.195
-2.5547e-02,0.05,-0.145
-2.5546e-02,0.005,0.175
-2.5544e-02,0.01,-0.145
-2.5542e-02,-0.015,0.175
-2.5541e-02,0.03,-0.145
-2.5539e-02,-0.065,0.175
-2.5538e-02,-0.055,-0.145
-2.5536e-02,-0.1,0.175
-2.5534e-02,-0.015,-0.145
-2.5533e-02,0.01,0.17
-2.5531e-02,-0.065,-0.14
-2.5530e-02,-0.055,0.165
-2.5528e-02,-0.04,-0.14
-2.5526e-02,-0.035,0.165
-2.5525e-02,0.03,-0.17
-2.5523e-02,-0.04,0.2
-2.5522e-02,-0.015,-0.165
-2.5520e-02,-0.045,0.185
-2.5518e-02,0.005,-0.16
-2.5517e-02,0.045,0.19
-2.5515e-02,0.01,-0.17
-2.5514e-02,0,0.19
-2.5512e-02,0.015,-0.16
-2.5510e-02,-0.015,0.19
-2.5509e-02,0.005,-0.155
-2.5507e-02,-0.025,0.175
-2.5506e-02,0.03,-0.15
-2.5504e-02,0,0.175
-2.5502e-02,0.025,-0.135
-2.5501e-02,0.09,0.155
-2.5499e-02,0.105,-0.13
-2.5498e-02,0.02,0.15
-2.5496e-02,-0.025,-0.115
-2.5494e-02,0.08,0.14
-2.5493e-02,0.01,-0.155
-2.5491e-02,0.115,0.17
-2.5490e-02,-0.015,-0.145
-2.5488e-02,0.035,0.16
-2.5486e-02,0.04,-0.175
-2.5485e-02,-0.005,0.19
-2.5483e-02,0.05,-0.155
-2.5482e-02,-0.05,0.17
-2.5480e-02,-0.005,-0.135
-2.5478e-02,0.02,0.145
-2.5477e-02,0.065,-0.16
-2.5475e-02,0.045,0.17
-2.5474e-02,0.005,-0.165
-2.5472e-02,-0.06,0.185
-2.5470e-02,-0.01,-0.185
-2.5469e-02,-0.06,0.2
-2.5467e-02,0.02,-0.15
-2.5466e-02,0.015,0.16
-2.5464e-02,0.035,-0.18
-2.5462e-02,-0.035,0.2
-2.5461e-02,0.03,-0.18
-2.5459e-02,-0.005,0.2
-2.5458e-02,0.07,-0.145
-2.5456e-02,-0.06,0.15
-2.5454e-02,-0.025,-0.155
-2.5453e-02,0.045,0.17
-2.5451e-02,0.045,-0.16
-2.5450e-02,0.015,0.17
-2.5448e-02,0.075,-0.145
-2.5446e-02,-0.05,0.16
-2.5445e-02,0.095,-0.14
-2.5443e-02,0.01,0.15
-2.5442e-02,0.015,-0.15
-2.5440e-02,0,0.155
-2.5438e-02,-0.015,-0.15
-2.5437e-02,-0.005,0.165
-2.5435e-02,0.025,-0.15
-2.5434e-02,-0.055,0.16
-2.5432e-02,-0.02,-0.155
-2.5430e-02,-0.045,0.16
-2.5429e-02,-0.11,-0.155
-2.5427e-02,-0.06,0.165
-2.5426e-02,0.025,-0.165
-2.5424e-02,-0.08,0.17
-2.5422e-02,-0.05,-0.14
-2.5421e-02,-0.085,0.15
-2.5419e-02,-0.075,-0.155
-2.5418e-02,0.01,0.17
-2.5416e-02,-0.025,-0.155
-2.5414e-02,-0.09,0.165
-2.5413e-02,-0.02,-0.15
-2.5411e-02,-0.025,0.155
-2.5410e-02,0.04,-0.14
-2.5408e-02,0.035,0.15
-2.5406e-02,-0.075,-0.17
-2.5405e-02,0.065,0.175
-2.5403e-02,0.01,-0.155
-2.5402e-02,0.03,0.165
-2.5400e-02,-0.01,-0.18
-2.5398e-02,-0.015,0.195
-2.5397e-02,-0.015,-0.175
-2.5395e-02,-0.055,0.175
-2.5394e-02,0.015,-0.175
-2.5392e-02,-0.095,0.185
-2.5390e-02,0.005,-0.165
-2.5389e-02,-0.175,0.175
-2.5387e-02,0.04,-0.175
-2.5386e-02,-0.055,0.19
-2.5384e-02,-0.05,-0.16
-2.5382e-02,-0.055,0.175
-2.5381e-02,-0.055,-0.145
-2.5379e-02,0.01,0.16
-2.5378e-02,0.035,-0.14
-2.5376e-02,0.05,0.16
-2.5374e-02,-0.07,-0.17
-2.5373e-02,0.01,0.185
-2.5371e-02,-0.065,-0.17
-2.5370e-02,0.13,0.18
-2.5368e-02,-0.04,-0.16
-2.5366e-02,0.035,0.17
-2.5365e-02,-0.02,-0.16
-2.5363e-02,0.04,0.175
-2.5362e-02,0.04,-0.16
-2.5360e-02,0.01,0.17
-2.5358e-02,-0.025,-0.17
-2.5357e-02,-0.02,0.17
-2.5355e-02,-0.025,-0.155
-2.5354e-02,-0.03,0.17
-2.5352e-02,-0.015,-0.17
-2.5350e-02,-0.045,0.175
-2.5349e-02,-0.085,-0.155
-2.5347e-02,0.005,0.16
-2.5346e-02,-0.03,-0.17
-2.5344e-02,-0.025,0.18
-2.5342e-02,-0.035,-0.145
-2.5341e-02,-0.1,0.15
-2.5339e-02,-0.035,-0.17
-2.5338e-02,0.01,0.17
-2.5336e-02,-0.045,-0.17
-2.5334e-02,-0.095,0.175
-2.5333e-02,-0.07,-0.145
-2.5331e-02,-0.02,0.155
-2.5330e-02,0.04,-0.15
-2.5328e-02,-0.04,0.16
-2.5326e-02,0,-0.145
-2.5325e-02,-0.02,0.155
-2.5323e-02,0.035,-0.145
-2.5322e-02,0.04,0.15
-2.5320e-02,0.02,-0.155
-2.5318e-02,-0.015,0.165
-2.5317e-02,-0.065,-0.145
-2.5315e-02,0.07,0.145
-2.5314e-02,-0.09,-0.16
-2.5312e-02,0.03,0.16
-2.5310e-02,-0.02,-0.15
-2.5309e-02,0,0.15
-2.5307e-02,-0.05,-0.14
-2.5306e-02,-0.02,0.145
-2.5304e-02,-0.025,-0.145
-2.5302e-02,-0.025,0.145
-2.5301e-02,-0.08,-0.16
-2.5299e-02,0.015,0.155
-2.5298e-02,0.005,-0.155
-2.5296e-02,0.015,0.16
-2.5294e-02,-0.07,-0.165
-2.5293e-02,-0.015,0.165
-2.5291e-02,-0.07,-0.16
-2.5290e-02,0.045,0.16
-2.5288e-02,-0.025,-0.155
-2.5286e-02,-0.12,0.15
-2.5285e-02,0.02,-0.15
-2.5283e-02,-0.035,0.145
-2.5282e-02,0,-0.15
-2.5280e-02,-0.015,0.15
-2.5278e-02,-0.06,-0.14
-2.5277e-02,0,0.135
-2.5275e-02,0.065,-0.175
-2.5274e-02,0.015,0.17
-2.5272e-02,0.045,-0.18
-2.5270e-02,0.035,0.18
-2.5269e-02,0.03,-0.175
-2.5267e-02,0.065,0.165
-2.5266e-02,0.035,-0.165
-2.5264e-02,0.045,0.16
-2.5262e-02,0.02,-0.175
-2.5261e-02,-0.015,0.18
-2.5259e-02,0,-0.14
-2.5258e-02,0.05,0.135
-2.5256e-02,-0.025,-0.16
-2.5254e-02,0.035,0.16
-2.5253e-02,-0.1,-0.18
-2.5251e-02,0.025,0.175
-2.5250e-02,0.095,-0.17
-2.5248e-02,-0.015,0.17
-2.5246e-02,0.055,-0.15
-2.5245e-02,0,0.15
-2.5243e-02,0.105,-0.145
-2.5242e-02,0.045,0.135
-2.5240e-02,0.075,-0.15
-2.5238e-02,-0.015,0.15
-2.5237e-02,0.09,-0.165
-2.5235e-02,0.055,0.165
-2.5234e-02,0.085,-0.155
-2.5232e-02,0.035,0.15
-2.5230e-02,0.07,-0.145
-2.5229e-02,0.005,0.145
-2.5227e-02,0.095,-0.15
-2.5226e-02,0.02,0.15
-2.5224e-02,0.06,-0.15
-2.5222e-02,0.045,0.155
-2.5221e-02,-0.035,-0.16
-2.5219e-02,0.02,0.155
-2.5218e-02,0.015,-0.185
-2.5216e-02,0.025,0.18
-2.5214e-02,0.02,-0.215
-2.5213e-02,-0.085,0.21
-2.5211e-02,0.025,-0.175
-2.5210e-02,-0.02,0.17
-2.5208e-02,0.05,-0.21
-2.5206e-02,-0.07,0.205
-2.5205e-02,0.005,-0.205
-2.5203e-02,-0.09,0.205
-2.5202e-02,0.015,-0.165
-2.5200e-02,-0.03,0.16
-2.5198e-02,-0.08,-0.16
-2.5197e-02,-0.065,0.155
-2.5195e-02,-0.065,-0.14
-2.5194e-02,0.01,0.135
-2.5192e-02,-0.045,-0.165
-2.5190e-02,-0.04,0.155
-2.5189e-02,0.005,-0.155
-2.5187e-02,-0.07,0.145
-2.5186e-02,0.02,-0.165
-2.5184e-02,-0.015,0.15
-2.5182e-02,-0.02,-0.155
-2.5181e-02,-0.035,0.155
-2.5179e-02,-0.01,-0.165
-2.5178e-02,-0.005,0.165
-2.5176e-02,0.065,-0.15
-2.5174e-02,-0.01,0.14
-2.5173e-02,-0.015,-0.14
-2.5171e-02,-0.015,0.135
-2.5170e-02,0.03,-0.18
-2.5168e-02,0.02,0.17
-2.5166e-02,0.05,-0.17
-2.5165e-02,0,0.165
-2.5163e-02,-0.025,-0.16
-2.5162e-02,0.085,0.15
-2.5160e-02,0.055,-0.175
-2.5158e-02,0.025,0.165
-2.5157e-02,0.04,-0.155
-2.5155e-02,0.005,0.14
-2.5154e-02,0.035,-0.16
-2.5152e-02,0.035,0.145
-2.5150e-02,0.015,-0.17
-2.5149e-02,0.025,0.16
-2.5147e-02,-0.05,-0.17
-2.5146e-02,0,0.165
-2.5144e-02,-0.055,-0.18
-2.5142e-02,0.06,0.17
-2.5141e-02,-0.07,-0.155
-2.5139e-02,0.04,0.14
-2.5138e-02,-0.17,-0.16
-2.5136e-02,0.05,0.155
-2.5134e-02,-0.045,-0.19
-2.5133e-02,-0.055,0.18
-2.5131e-02,-0.08,-0.145
-2.5130e-02,-0.03,0.135
-2.5128e-02,-0.045,-0.18
-2.5126e-02,0.005,0.175
-2.5125e-02,-0.085,-0.15
-2.5123e-02,-0.055,0.14
-2.5122e-02,-0.06,-0.15
-2.5120e-02,-0.05,0.14
-2.5118e-02,-0.06,-0.15
-2.5117e-02,0.01,0.135
-2.5115e-02,-0.105,-0.16
-2.5114e-02,-0.005,0.145
-2.5112e-02,-0.085,-0.155
-2.5110e-02,-0.015,0.145
-2.5109e-02,-0.02,-0.18
-2.5107e-02,0.08,0.175
-2.5106e-02,-0.03,-0.165
-2.5104e-02,-0.01,0.15
-2.5102e-02,0.075,-0.155
-2.5101e-02,0.04,0.145
-2.5099e-02,0.08,-0.15
-2.5098e-02,-0.045,0.14
-2.5096e-02,0,-0.155
-2.5094e-02,0.02,0.15
-2.5093e-02,0.02,-0.145
-2.5091e-02,0.01,0.135
-2.5090e-02,0.035,-0.15
-2.5088e-02,-0.015,0.145
-2.5086e-02,0.055,-0.155
-2.5085e-02,-0.035,0.14
-2.5083e-02,-0.045,-0.15
-2.5082e-02,0.01,0.14
-2.5080e-02,-0.04,-0.175
-2.5078e-02,-0.02,0.165
-2.5077e-02,0.035,-0.15
-2.5075e-02,-0.01,0.135
-2.5074e-02,-0.025,-0.155
-2.5072e-02,-0.08,0.14
-2.5070e-02,-0.08,-0.165
-2.5069e-02,0.065,0.145
-2.5067e-02,-0.03,-0.15
-2.5066e-02,-0.055,0.135
-2.5064e-02,-0.05,-0.15
-2.5062e-02,-0.075,0.14
-2.5061e-02,-0.045,-0.145
-2.5059e-02,0.035,0.13
-2.5058e-02,-0.065,-0.15
-2.5056e-02,-0.015,0.125
-2.5054e-02,-0.025,-0.165
-2.5053e-02,-0.04,0.145
-2.5051e-02,0.005,-0.195
-2.5050e-02,0.04,0.18
-2.5048e-02,-0.085,-0.165
-2.5046e-02,0.085,0.145
-2.5045e-02,-0.115,-0.19
-2.5043e-02,0.065,0.16
-2.5042e-02,-0.02,-0.145
-2.5040e-02,0.095,0.13
-2.5038e-02,-0.07,-0.15
-2.5037e-02,0.07,0.125
-2.5035e-02,0,-0.155
-2.5034e-02,0.07,0.125
-2.5032e-02,-0.015,-0.18
-2.5030e-02,-0.02,0.145
-2.5029e-02,0,-0.175
-2.5027e-02,0,0.145
-2.5026e-02,0.035,-0.175
-2.5024e-02,0.01,0.145
-2.5022e-02,-0.03,-0.18
-2.5021e-02,-0.025,0.15
-2.5019e-02,-0.01,-0.185
-2.5018e-02,-0.01,0.16
-2.5016e-02,-0.015,-0.17
-2.5014e-02,0.03,0.14
-2.5013e-02,-0.03,-0.185
-2.5011e-02,-0.015,0.15
-2.5010e-02,0.005,-0.16
-2.5008e-02,0.015,0.125
-2.5006e-02,0.01,-0.185
-2.5005e-02,0.025,0.15
-2.5003e-02,-0.05,-0.14
-2.5002e-02,0.04,0.1
-2.5000e-02,0.085,-0.17
-2.4998e-02,0.015,0.14
-2.4997e-02,0.005,-0.16
-2.4995e-02,0.015,0.13
-2.4994e-02,0,-0.16
-2.4992e-02,0.05,0.125
-2.4990e-02,0.02,-0.175
-2.4989e-02,0.045,0.145
-2.4987e-02,0.02,-0.18
-2.4986e-02,0.035,0.16
-2.4984e-02,0.02,-0.18
-2.4982e-02,0.06,0.145
-2.4981e-02,0.02,-0.155
-2.4979e-02,-0.015,0.125
-2.4978e-02,-0.02,-0.16
-2.4976e-02,-0.02,0.135
-2.4974e-02,0.005,-0.195
-2.4973e-02,-0.015,0.175
-2.4971e-02,-0.035,-0.18
-2.4970e-02,-0.055,0.15
-2.4968e-02,-0.03,-0.17
-2.4966e-02,-0.015,0.14
-2.4965e-02,-0.02,-0.16
-2.4963e-02,-0.105,0.135
-2.4962e-02,-0.045,-0.145
-2.4960e-02,-0.105,0.115
-2.4958e-02,0.03,-0.15
-2.4957e-02,-0.085,0.125
-2.4955e-02,0.03,-0.17
-2.4954e-02,-0.055,0.14
-2.4952e-02,0.005,-0.15
-2.4950e-02,-0.02,0.13
-2.4949e-02,0.045,-0.17
-2.4947e-02,0.015,0.14
-2.4946e-02,0.035,-0.165
-2.4944e-02,-0.04,0.14
-2.4942e-02,-0.015,-0.165
-2.4941e-02,0,0.145
-2.4939e-02,0.05,-0.165
-2.4938e-02,-0.01,0.13
-2.4936e-02,-0.045,-0.14
-2.4934e-02,0.01,0.12
-2.4933e-02,0.03,-0.175
-2.4931e-02,0.055,0.16
-2.4930e-02,-0.035,-0.155
-2.4928e-02,-0.015,0.14
-2.4926e-02,-0.025,-0.145
-2.4925e-02,-0.065,0.125
-2.4923e-02,-0.005,-0.15
-2.4922e-02,-0.045,0.125
-2.4920e-02,-0.06,-0.17
-2.4918e-02,0.015,0.145
-2.4917e-02,-0.025,-0.16
-2.4915e-02,0.08,0.135
-2.4914e-02,0,-0.175
-2.4912e-02,0.005,0.15
-2.4910e-02,0.005,-0.15
-2.4909e-02,-0.04,0.13
-2.4907e-02,0.02,-0.19
-2.4906e-02,-0.025,0.17
-2.4904e-02,-0.02,-0.15
-2.4902e-02,-0.07,0.125
-2.4901e-02,-0.1,-0.17
-2.4899e-02,0,0.14
-2.4898e-02,-0.03,-0.165
-2.4896e-02,-0.055,0.14
-2.4894e-02,-0.09,-0.16
-2.4893e-02,-0.065,0.13
-2.4891e-02,0.03,-0.175
-2.4890e-02,-0.045,0.145
-2.4888e-02,-0.01,-0.175
-2.4886e-02,-0.015,0.145
-2.4885e-02,-0.085,-0.17
-2.4883e-02,-0.035,0.135
-2.4882e-02,-0.07,-0.155
-2.4880e-02,0.005,0.12
-2.4878e-02,-0.015,-0.17
-2.4877e-02,-0.075,0.135
-2.4875e-02,-0.045,-0.165
-2.4874e-02,0.005,0.125
-2.4872e-02,-0.035,-0.155
-2.4870e-02,-0.045,0.115
-2.4869e-02,-0.065,-0.175
-2.4867e-02,-0.06,0.14
-2.4866e-02,-0.02,-0.165
-2.4864e-02,0.005,0.125
-2.4862e-02,-0.055,-0.175
-2.4861e-02,-0.025,0.14
-2.4859e-02,-0.035,-0.19
-2.4858e-02,-0.03,0.14
-2.4856e-02,-0.005,-0.155
-2.4854e-02,-0.05,0.11
-2.4853e-02,0.015,-0.17
-2.4851e-02,-0.055,0.125
-2.4850e-02,-0.035,-0.18
-2.4848e-02,0,0.14
-2.4846e-02,-0.015,-0.185
-2.4845e-02,0,0.135
-2.4843e-02,-0.005,-0.18
-2.4842e-02,-0.08,0.135
-2.4840e-02,0.02,-0.165
-2.4838e-02,-0.065,0.12
-2.4837e-02,0.05,-0.18
-2.4835e-02,-0.09,0.14
-2.4834e-02,-0.03,-0.17
-2.4832e-02,-0.035,0.125
-2.4830e-02,0.015,-0.18
-2.4829e-02,-0.01,0.14
-2.4827e-02,-0.055,-0.165
-2.4826e-02,-0.06,0.115
-2.4824e-02,-0.01,-0.195
-2.4822e-02,-0.03,0.145
-2.4821e-02,-0.005,-0.19
-2.4819e-02,-0.035,0.14
-2.4818e-02,-0.025,-0.185
-2.4816e-02,-0.01,0.135
-2.4814e-02,-0.04,-0.175
-2.4813e-02,-0.02,0.13
-2.4811e-02,0,-0.16
-2.4810e-02,-0.115,0.125
-2.4808e-02,-0.01,-0.175
-2.4806e-02,-0.085,0.13
-2.4805e-02,0.005,-0.165
-2.4803e-02,-0.045,0.12
-2.4802e-02,-0.03,-0.18
-2.4800e-02,-0.065,0.135
-2.4798e-02,0,-0.155
-2.4797e-02,-0.06,0.115
-2.4795e-02,0.105,-0.205
-2.4794e-02,-0.07,0.16
-2.4792e-02,0.005,-0.195
-2.4790e-02,0.01,0.15
-2.4789e-02,-0.01,-0.18
-2.4787e-02,0.01,0.145
-2.4786e-02,0.03,-0.175
-2.4784e-02,0,0.135
-2.4782e-02,-0.01,-0.17
-2.4781e-02,-0.04,0.125
-2.4779e-02,0,-0.19
-2.4778e-02,0.045,0.155
-2.4776e-02,0.035,-0.18
-2.4774e-02,-0.01,0.14
-2.4773e-02,-0.015,-0.16
-2.4771e-02,0.03,0.12
-2.4770e-02,0.04,-0.16
-2.4768e-02,-0.005,0.125
-2.4766e-02,-0.045,-0.175
-2.4765e-02,-0.02,0.13
-2.4763e-02,0.01,-0.18
-2.4762e-02,0.02,0.14
-2.4760e-02,-0.055,-0.185
-2.4758e-02,0,0.145
-2.4757e-02,-0.045,-0.16
-2.4755e-02,-0.07,0.125
-2.4754e-02,0.01,-0.195
-2.4752e-02,0.01,0.15
-2.4750e-02,-0.005,-0.19
-2.4749e-02,-0.01,0.155
-2.4747e-02,-0.11,-0.18
-2.4746e-02,0.03,0.135
-2.4744e-02,0.005,-0.155
-2.4742e-02,0.01,0.11
-2.4741e-02,0,-0.18
-2.4739e-02,-0.105,0.14
-2.4738e-02,0.05,-0.195
-2.4736e-02,-0.08,0.145
-2.4734e-02,0.04,-0.19
-2.4733e-02,-0.055,0.14
-2.4731e-02,-0.06,-0.16
-2.4730e-02,-0.07,0.12
-2.4728e-02,-0.045,-0.16
-2.4726e-02,-0.02,0.11
-2.4725e-02,-0.055,-0.175
-2.4723e-02,-0.06,0.13
-2.4722e-02,-0.125,-0.175
-2.4720e-02,-0.035,0.12
-2.4718e-02,-0.1,-0.18
-2.4717e-02,-0.05,0.135
-2.4715e-02,-0.095,-0.155
-2.4714e-02,-0.13,0.105
-2.4712e-02,-0.04,-0.21
-2.4710e-02,-0.09,0.165
-2.4709e-02,-0.055,-0.175
-2.4707e-02,-0.075,0.125
-2.4706e-02,-0.13,-0.185
-2.4704e-02,-0.085,0.135
-2.4702e-02,-0.025,-0.185
-2.4701e-02,-0.115,0.13
-2.4699e-02,-0.005,-0.16
-2.4698e-02,-0.175,0.105
-2.4696e-02,-0.06,-0.175
-2.4694e-02,-0.095,0.12
-2.4693e-02,-0.08,-0.185
-2.4691e-02,-0.055,0.13
-2.4690e-02,-0.07,-0.165
-2.4688e-02,-0.12,0.105
-2.4686e-02,0.02,-0.195
-2.4685e-02,-0.055,0.14
-2.4683e-02,0.02,-0.175
-2.4682e-02,0.04,0.115
-2.4680e-02,-0.06,-0.18
-2.4678e-02,-0.05,0.115
-2.4677e-02,-0.01,-0.175
-2.4675e-02,0.015,0.115
-2.4674e-02,0.035,-0.17
-2.4672e-02,-0.035,0.115
-2.4670e-02,-0.06,-0.17
-2.4669e-02,0.015,0.115
-2.4667e-02,-0.01,-0.19
-2.4666e-02,0,0.13
-2.4664e-02,0.035,-0.18
-2.4662e-02,0.02,0.13
-2.4661e-02,0.035,-0.185
-2.4659e-02,0.02,0.125
-2.4658e-02,0.055,-0.18
-2.4656e-02,0.04,0.135
-2.4654e-02,-0.055,-0.165
-2.4653e-02,0.04,0.115
-2.4651e-02,0.005,-0.18
-2.4650e-02,0.08,0.125
-2.4648e-02,0.035,-0.17
-2.4646e-02,0,0.11
-2.4645e-02,-0.045,-0.165
-2.4643e-02,-0.02,0.11
-2.4642e-02,0.035,-0.17
-2.4640e-02,0.055,0.11
-2.4638e-02,0.01,-0.185
-2.4637e-02,-0.005,0.13
-2.4635e-02,-0.025,-0.165
-2.4634e-02,0.045,0.115
-2.4632e-02,-0.03,-0.205
-2.4630e-02,0.01,0.15
-2.4629e-02,-0.04,-0.165
-2.4627e-02,-0.01,0.11
-2.4626e-02,-0.035,-0.215
-2.4624e-02,-0.05,0.16
-2.4622e-02,-0.035,-0.17
-2.4621e-02,-0.02,0.11
-2.4619e-02,-0.075,-0.17
-2.4618e-02,-0.075,0.115
-2.4616e-02,-0.05,-0.185
-2.4614e-02,-0.02,0.14
-2.4613e-02,-0.04,-0.155
-2.4611e-02,-0.1,0.11
-2.4610e-02,-0.07,-0.165
-2.4608e-02,0.03,0.11
-2.4606e-02,-0.01,-0.17
-2.4605e-02,-0.045,0.12
-2.4603e-02,-0.04,-0.17
-2.4602e-02,-0.03,0.115
-2.4600e-02,0.015,-0.18
-2.4598e-02,-0.005,0.125
-2.4597e-02,-0.015,-0.175
-2.4595e-02,-0.025,0.115
-2.4594e-02,-0.015,-0.205
-2.4592e-02,-0.09,0.155
-2.4590e-02,-0.02,-0.185
-2.4589e-02,-0.005,0.13
-2.4587e-02,-0.015,-0.195
-2.4586e-02,-0.045,0.14
-2.4584e-02,-0.08,-0.185
-2.4582e-02,-0.025,0.13
-2.4581e-02,-0.005,-0.16
-2.4579e-02,-0.015,0.1
-2.4578e-02,-0.085,-0.175
-2.4576e-02,-0.05,0.11
-2.4574e-02,-0.03,-0.185
-2.4573e-02,0.03,0.13
-2.4571e-02,0.02,-0.205
-2.4570e-02,-0.06,0.145
-2.4568e-02,-0.02,-0.19
-2.4566e-02,-0.08,0.13
-2.4565e-02,0,-0.165
-2.4563e-02,-0.075,0.105
-2.4562e-02,-0.105,-0.18
-2.4560e-02,-0.045,0.12
-2.4558e-02,-0.055,-0.185
-2.4557e-02,-0.025,0.115
-2.4555e-02,-0.025,-0.175
-2.4554e-02,-0.035,0.115
-2.4552e-02,-0.035,-0.18
-2.4550e-02,0.015,0.12
-2.4549e-02,0.015,-0.175
-2.4547e-02,-0.01,0.105
-2.4546e-02,0.06,-0.17
-2.4544e-02,-0.06,0.11
-2.4542e-02,-0.01,-0.185
-2.4541e-02,0,0.12
-2.4539e-02,0.04,-0.18
-2.4538e-02,-0.035,0.115
-2.4536e-02,-0.05,-0.19
-2.4534e-02,-0.095,0.125
-2.4533e-02,0.01,-0.195
-2.4531e-02,-0.075,0.14
-2.4530e-02,0.015,-0.21
-2.4528e-02,-0.1,0.145
-2.4526e-02,0.02,-0.185
-2.4525e-02,-0.01,0.12
-2.4523e-02,-0.02,-0.17
-2.4522e-02,0.025,0.105
-2.4520e-02,-0.02,-0.185
-2.4518e-02,0.06,0.125
-2.4517e-02,-0.05,-0.175
-2.4515e-02,0.02,0.105
-2.4514e-02,0.01,-0.235
-2.4512e-02,0.035,0.17
-2.4510e-02,-0.03,-0.205
-2.4509e-02,-0.025,0.13
-2.4507e-02,-0.015,-0.21
-2.4506e-02,0.055,0.135
-2.4504e-02,-0.02,-0.205
-2.4502e-02,-0.035,0.13
-2.4501e-02,-0.045,-0.205
-2.4499e-02,-0.005,0.14
-2.4498e-02,0.03,-0.18
-2.4496e-02,-0.105,0.105
-2.4494e-02,-0.025,-0.23
-2.4493e-02,-0.1,0.155
-2.4491e-02,-0.005,-0.21
-2.4490e-02,-0.08,0.145
-2.4488e-02,-0.06,-0.195
-2.4486e-02,-0.09,0.125
-2.4485e-02,-0.08,-0.185
-2.4483e-02,-0.105,0.12
-2.4482e-02,-0.075,-0.175
-2.4480e-02,-0.075,0.11
-2.4478e-02,-0.05,-0.195
-2.4477e-02,-0.07,0.12
-2.4475e-02,-0.03,-0.175
-2.4474e-02,-0.025,0.105
-2.4472e-02,0.08,-0.195
-2.4470e-02,-0.005,0.12
-2.4469e-02,0.045,-0.18
-2.4467e-02,-0.115,0.11
-2.4466e-02,-0.015,-0.165
-2.4464e-02,0,0.095
-2.4462e-02,-0.07,-0.2
-2.4461e-02,-0.015,0.125
-2.4459e-02,-0.095,-0.205
-2.4458e-02,0.045,0.13
-2.4456e-02,-0.02,-0.19
-2.4454e-02,-0.05,0.115
-2.4453e-02,-0.055,-0.2
-2.4451e-02,-0.06,0.125
-2.4450e-02,-0.015,-0.185
-2.4448e-02,0.005,0.115
-2.4446e-02,0,-0.175
-2.4445e-02,-0.04,0.1
-2.4443e-02,-0.08,-0.2
-2.4442e-02,-0.115,0.125
-2.4440e-02,-0.04,-0.18
-2.4438e-02,-0.045,0.105
-2.4437e-02,-0.015,-0.175
-2.4435e-02,-0.09,0.105
-2.4434e-02,-0.06,-0.18
-2.4432e-02,-0.065,0.11
-2.4430e-02,0.025,-0.165
-2.4429e-02,-0.07,0.105
-2.4427e-02,-0.06,-0.18
-2.4426e-02,-0.095,0.11
-2.4424e-02,0,-0.175
-2.4422e-02,-0.015,0.105
-2.4421e-02,0.015,-0.21
-2.4419e-02,-0.09,0.135
-2.4418e-02,0,-0.185
-2.4416e-02,-0.075,0.11
-2.4414e-02,-0.035,-0.175
-2.4413e-02,-0.015,0.09
-2.4411e-02,-0.06,-0.205
-2.4410e-02,-0.045,0.14
-2.4408e-02,-0.105,-0.21
-2.4406e-02,-0.115,0.135
-2.4405e-02,-0.055,-0.205
-2.4403e-02,-0.085,0.125
-2.4402e-02,-0.075,-0.195
-2.4400e-02,-0.12,0.12
-2.4398e-02,-0.05,-0.185
-2.4397e-02,-0.025,0.115
-2.4395e-02,-0.03,-0.19
-2.4394e-02,-0.045,0.115
-2.4392e-02,-0.06,-0.205
-2.4390e-02,-0.03,0.125
-2.4389e-02,-0.015,-0.225
-2.4387e-02,-0.02,0.145
-2.4386e-02,0.01,-0.2
-2.4384e-02,-0.07,0.125
-2.4382e-02,-0.025,-0.185
-2.4381e-02,-0.07,0.115
-2.4379e-02,-0.015,-0.18
-2.4378e-02,0.025,0.105
-2.4376e-02,-0.01,-0.2
-2.4374e-02,0.015,0.12
-2.4373e-02,-0.06,-0.185
-2.4371e-02,0.08,0.11
-2.4370e-02,0.01,-0.19
-2.4368e-02,0.05,0.115
-2.4366e-02,-0.065,-0.18
-2.4365e-02,-0.015,0.105
-2.4363e-02,-0.04,-0.175
-2.4362e-02,-0.03,0.095
-2.4360e-02,-0.08,-0.17
-2.4358e-02,-0.12,0.095
-2.4357e-02,-0.13,-0.225
-2.4355e-02,-0.035,0.15
-2.4354e-02,-0.15,-0.21
-2.4352e-02,0.05,0.145
-2.4350e-02,-0.095,-0.195
-2.4349e-02,-0.035,0.125
-2.4347e-02,-0.08,-0.18
-2.4346e-02,-0.055,0.105
-2.4344e-02,-0.005,-0.185
-2.4342e-02,-0.01,0.105
-2.4341e-02,-0.12,-0.19
-2.4339e-02,-0.015,0.11
-2.4338e-02,-0.06,-0.175
-2.4336e-02,0.1,0.1
-2.4334e-02,-0.025,-0.195
-2.4333e-02,0.015,0.12
-2.4331e-02,-0.06,-0.18
-2.4330e-02,0.005,0.105
-2.4328e-02,-0.045,-0.165
-2.4326e-02,-0.09,0.085
-2.4325e-02,-0.025,-0.21
-2.4323e-02,-0.045,0.125
-2.4322e-02,-0.08,-0.23
-2.4320e-02,-0.03,0.15
-2.4318e-02,-0.115,-0.195
-2.4317e-02,0.08,0.12
-2.4315e-02,-0.075,-0.205
-2.4314e-02,-0.035,0.125
-2.4312e-02,-0.15,-0.195
-2.4310e-02,-0.055,0.115
-2.4309e-02,-0.07,-0.18
-2.4307e-02,-0.03,0.1
-2.4306e-02,-0.15,-0.2
-2.4304e-02,-0.04,0.12
-2.4302e-02,-0.07,-0.22
-2.4301e-02,0.015,0.135
-2.4299e-02,-0.025,-0.23
-2.4298e-02,0.045,0.145
-2.4296e-02,-0.03,-0.19
-2.4294e-02,0.02,0.1
-2.4293e-02,-0.06,-0.2
-2.4291e-02,0.005,0.115
-2.4290e-02,-0.005,-0.18
-2.4288e-02,-0.015,0.095
-2.4286e-02,-0.09,-0.195
-2.4285e-02,0.015,0.105
-2.4283e-02,-0.055,-0.2
-2.4282e-02,0.035,0.11
-2.4280e-02,-0.155,-0.225
-2.4278e-02,-0.045,0.13
-2.4277e-02,-0.135,-0.21
-2.4275e-02,0.02,0.12
-2.4274e-02,-0.055,-0.23
-2.4272e-02,0.015,0.15
-2.4270e-02,-0.015,-0.195
-2.4269e-02,0,0.11
-2.4267e-02,-0.075,-0.22
-2.4266e-02,0.05,0.13
-2.4264e-02,-0.08,-0.235
-2.4262e-02,0.03,0.135
-2.4261e-02,-0.065,-0.2
-2.4259e-02,-0.14,0.11
-2.4258e-02,-0.055,-0.185
-2.4256e-02,0.035,0.095
-2.4254e-02,-0.03,-0.245
-2.4253e-02,-0.03,0.155
-2.4251e-02,-0.105,-0.205
-2.4250e-02,-0.02,0.115
-2.4248e-02,-0.08,-0.265
-2.4246e-02,0.005,0.17
-2.4245e-02,-0.085,-0.2
-2.4243e-02,-0.04,0.11
-2.4242e-02,-0.05,-0.21
-2.4240e-02,-0.015,0.125
-2.4238e-02,-0.04,-0.195
-2.4237e-02,-0.005,0.105
-2.4235e-02,-0.09,-0.225
-2.4234e-02,-0.035,0.14
-2.4232e-02,-0.045,-0.215
-2.4230e-02,-0.005,0.12
-2.4229e-02,0.02,-0.22
-2.4227e-02,-0.025,0.125
-2.4226e-02,-0.055,-0.19
-2.4224e-02,-0.125,0.1
-2.4222e-02,-0.11,-0.18
-2.4221e-02,-0.04,0.095
-2.4219e-02,-0.135,-0.2
-2.4218e-02,-0.07,0.11
-2.4216e-02,-0.115,-0.21
-2.4214e-02,-0.08,0.12
-2.4213e-02,-0.025,-0.205
-2.4211e-02,-0.05,0.11
-2.4210e-02,-0.12,-0.18
-2.4208e-02,-0.045,0.09
-2.4206e-02,-0.135,-0.215
-2.4205e-02,0.01,0.12
-2.4203e-02,-0.025,-0.195
-2.4202e-02,0.025,0.095
-2.4200e-02,-0.015,-0.215
-2.4198e-02,-0.07,0.125
-2.4197e-02,-0.07,-0.22
-2.4195e-02,-0.02,0.13
-2.4194e-02,-0.015,-0.19
-2.4192e-02,-0.07,0.1
-2.4190e-02,-0.095,-0.2
-2.4189e-02,0.005,0.1
-2.4187e-02,-0.015,-0.195
-2.4186e-02,-0.005,0.105
-2.4184e-02,-0.04,-0.21
-2.4182e-02,-0.07,0.12
-2.4181e-02,0.06,-0.24
-2.4179e-02,0.01,0.15
-2.4178e-02,0.03,-0.22
-2.4176e-02,0.035,0.12
-2.4174e-02,-0.035,-0.225
-2.4173e-02,-0.015,0.135
-2.4171e-02,-0.055,-0.23
-2.4170e-02,-0.03,0.135
-2.4168e-02,0.065,-0.2
-2.4166e-02,-0.095,0.105
-2.4165e-02,-0.025,-0.185
-2.4163e-02,-0.175,0.1
-2.4162e-02,-0.07,-0.205
-2.4160e-02,-0.06,0.11
-2.4158e-02,-0.095,-0.2
-2.4157e-02,-0.08,0.105
-2.4155e-02,-0.09,-0.185
-2.4154e-02,-0.055,0.09
-2.4152e-02,-0.065,-0.2
-2.4150e-02,-0.065,0.11
-2.4149e-02,-0.1,-0.185
-2.4147e-02,-0.055,0.1
-2.4146e-02,-0.11,-0.21
-2.4144e-02,-0.04,0.11
-2.4142e-02,-0.14,-0.245
-2.4141e-02,-0.005,0.145
-2.4139e-02,-0.14,-0.205
-2.4138e-02,-0.125,0.115
-2.4136e-02,-0.035,-0.21
-2.4134e-02,0.025,0.11
-2.4133e-02,-0.05,-0.23
-2.4131e-02,-0.04,0.13
-2.4130e-02,-0.14,-0.24
-2.4128e-02,-0.005,0.14
-2.4126e-02,-0.09,-0.22
-2.4125e-02,0.02,0.12
-2.4123e-02,-0.175,-0.205
-2.4122e-02,-0.055,0.1
-2.4120e-02,-0.12,-0.2
-2.4118e-02,-0.06,0.095
-2.4117e-02,-0.07,-0.195
-2.4115e-02,0.015,0.085
-2.4114e-02,-0.045,-0.21
-2.4112e-02,-0.025,0.115
-2.4110e-02,-0.015,-0.195
-2.4109e-02,-0.05,0.085
-2.4107e-02,0.01,-0.205
-2.4106e-02,-0.02,0.105
-2.4104e-02,-0.075,-0.18
-2.4102e-02,-0.015,0.085
-2.4101e-02,0.005,-0.215
-2.4099e-02,-0.015,0.11
-2.4098e-02,-0.035,-0.195
-2.4096e-02,-0.115,0.095
-2.4094e-02,-0.025,-0.22
-2.4093e-02,-0.035,0.12
-2.4091e-02,0.005,-0.2
-2.4090e-02,-0.085,0.1
-2.4088e-02,-0.05,-0.2
-2.4086e-02,-0.075,0.105
-2.4085e-02,0.01,-0.195
-2.4083e-02,-0.025,0.09
-2.4082e-02,-0.035,-0.195
-2.4080e-02,-0.095,0.095
-2.4078e-02,-0.11,-0.19
-2.4077e-02,-0.085,0.08
-2.4075e-02,-0.075,-0.205
-2.4074e-02,-0.055,0.1
-2.4072e-02,-0.075,-0.19
-2.4070e-02,-0.14,0.085
-2.4069e-02,-0.1,-0.2
-2.4067e-02,-0.055,0.1
-2.4066e-02,-0.045,-0.205
-2.4064e-02,-0.055,0.105
-2.4062e-02,-0.165,-0.2
-2.4061e-02,-0.055,0.095
-2.4059e-02,-0.12,-0.205
-2.4058e-02,-0.035,0.1
-2.4056e-02,-0.15,-0.195
-2.4054e-02,-0.05,0.095
-2.4053e-02,-0.095,-0.205
-2.4051e-02,-0.075,0.1
-2.4050e-02,-0.03,-0.19
-2.4048e-02,-0.105,0.09
-2.4046e-02,0.01,-0.2
-2.4045e-02,-0.07,0.09
-2.4043e-02,-0.015,-0.195
-2.4042e-02,0.015,0.09
-2.4040e-02,-0.01,-0.195
-2.4038e-02,0,0.09
-2.4037e-02,-0.075,-0.19
-2.4035e-02,-0.055,0.095
-2.4034e-02,-0.045,-0.185
-2.4032e-02,-0.065,0.085
-2.4030e-02,-0.09,-0.22
-2.4029e-02,-0.11,0.115
-2.4027e-02,-0.115,-0.205
-2.4026e-02,-0.015,0.105
-2.4024e-02,-0.065,-0.2
-2.4022e-02,-0.08,0.095
-2.4021e-02,-0.08,-0.22
-2.4019e-02,-0.08,0.11
-2.4018e-02,-0.05,-0.19
-2.4016e-02,-0.02,0.09
-2.4014e-02,-0.07,-0.195
-2.4013e-02,-0.035,0.09
-2.4011e-02,-0.11,-0.205
-2.4010e-02,-0.11,0.095
-2.4008e-02,-0.1,-0.21
-2.4006e-02,-0.085,0.1
-2.4005e-02,0,-0.2
-2.4003e-02,-0.175,0.09
-2.4002e-02,-0.105,-0.195
-2.4000e-02,-0.17,0.085
-2.3998e-02,-0.04,-0.2
-2.3997e-02,-0.09,0.1
-2.3995e-02,-0.09,-0.225
-2.3994e-02,-0.13,0.11
-2.3992e-02,-0.09,-0.205
-2.3990e-02,-0.065,0.09
-2.3989e-02,-0.04,-0.225
-2.3987e-02,0,0.125
-2.3986e-02,-0.03,-0.25
-2.3984e-02,-0.1,0.135
-2.3982e-02,-0.06,-0.22
-2.3981e-02,-0.03,0.105
-2.3979e-02,-0.005,-0.2
-2.3978e-02,-0.035,0.09
-2.3976e-02,-0.11,-0.225
-2.3974e-02,-0.045,0.11
-2.3973e-02,-0.055,-0.205
-2.3971e-02,0.045,0.095
-2.3970e-02,-0.095,-0.22
-2.3968e-02,-0.085,0.115
-2.3966e-02,-0.065,-0.23
-2.3965e-02,-0.045,0.12
-2.3963e-02,-0.005,-0.255
-2.3962e-02,-0.04,0.135
-2.3960e-02,-0.085,-0.225
-2.3958e-02,-0.02,0.115
-2.3957e-02,-0.15,-0.225
-2.3955e-02,-0.015,0.11
-2.3954e-02,-0.06,-0.205
-2.3952e-02,0.03,0.09
-2.3950e-02,-0.125,-0.2
-2.3949e-02,0.015,0.08
-2.3947e-02,-0.12,-0.195
-2.3946e-02,0.07,0.08
-2.3944e-02,-0.015,-0.22
-2.3942e-02,-0.03,0.11
-2.3941e-02,-0.065,-0.215
-2.3939e-02,-0.015,0.105
-2.3938e-02,-0.02,-0.225
-2.3936e-02,0.02,0.115
-2.3934e-02,-0.09,-0.215
-2.3933e-02,-0.06,0.11
-2.3931e-02,-0.075,-0.21
-2.3930e-02,-0.1,0.105
-2.3928e-02,-0.07,-0.22
-2.3926e-02,-0.105,0.115
-2.3925e-02,-0.075,-0.22
-2.3923e-02,-0.16,0.11
-2.3922e-02,-0.095,-0.21
-2.3920e-02,-0.055,0.1
-2.3918e-02,-0.095,-0.195
-2.3917e-02,-0.115,0.085
-2.3915e-02,-0.1,-0.225
-2.3914e-02,-0.14,0.105
-2.3912e-02,-0.06,-0.22
-2.3910e-02,-0.06,0.11
-2.3909e-02,-0.175,-0.22
-2.3907e-02,-0.07,0.11
-2.3906e-02,-0.14,-0.225
-2.3904e-02,-0.075,0.11
-2.3902e-02,0.005,-0.21
-2.3901e-02,-0.09,0.105
-2.3899e-02,-0.065,-0.24
-2.3898e-02,-0.07,0.13
-2.3896e-02,-0.08,-0.205
-2.3894e-02,-0.025,0.09
-2.3893e-02,-0.04,-0.21
-2.3891e-02,-0.045,0.095
-2.3890e-02,-0.05,-0.22
-2.3888e-02,-0.07,0.1
-2.3886e-02,-0.065,-0.22
-2.3885e-02,0,0.11
-2.3883e-02,-0.03,-0.21
-2.3882e-02,-0.045,0.1
-2.3880e-02,-0.035,-0.2
-2.3878e-02,-0.04,0.085
-2.3877e-02,0.055,-0.205
-2.3875e-02,-0.03,0.1
-2.3874e-02,-0.055,-0.225
-2.3872e-02,-0.02,0.105
-2.3870e-02,-0.05,-0.235
-2.3869e-02,0.01,0.115
-2.3867e-02,-0.04,-0.24
-2.3866e-02,-0.075,0.13
-2.3864e-02,-0.035,-0.205
-2.3862e-02,-0.095,0.085
-2.3861e-02,-0.025,-0.22
-2.3859e-02,-0.035,0.1
-2.3858e-02,-0.045,-0.23
-2.3856e-02,-0.135,0.105
-2.3854e-02,-0.105,-0.215
-2.3853e-02,-0.085,0.095
-2.3851e-02,0.005,-0.23
-2.3850e-02,-0.005,0.1
-2.3848e-02,-0.125,-0.2
-2.3846e-02,-0.085,0.08
-2.3845e-02,-0.1,-0.2
-2.3843e-02,-0.025,0.075
-2.3842e-02,-0.06,-0.21
-2.3840e-02,-0.155,0.09
-2.3838e-02,-0.155,-0.215
-2.3837e-02,-0.115,0.085
-2.3835e-02,-0.065,-0.205
-2.3834e-02,-0.03,0.075
-2.3832e-02,-0.105,-0.225
-2.3830e-02,-0.075,0.1
-2.3829e-02,-0.055,-0.22
-2.3827e-02,-0.025,0.09
-2.3826e-02,0.03,-0.225
-2.3824e-02,-0.01,0.1
-2.3822e-02,-0.025,-0.2
-2.3821e-02,-0.025,0.07
-2.3819e-02,0.025,-0.215
-2.3818e-02,0.035,0.085
-2.3816e-02,-0.005,-0.215
-2.3814e-02,0.005,0.09
-2.3813e-02,-0.07,-0.23
-2.3811e-02,0.03,0.105
-2.3810e-02,0.06,-0.24
-2.3808e-02,0.025,0.105
-2.3806e-02,-0.035,-0.205
-2.3805e-02,-0.08,0.08
-2.3803e-02,0.01,-0.225
-2.3802e-02,-0.08,0.105
-2.3800e-02,-0.005,-0.21
-2.3798e-02,-0.11,0.09
-2.3797e-02,-0.095,-0.195
-2.3795e-02,-0.11,0.07
-2.3794e-02,-0.105,-0.25
-2.3792e-02,-0.12,0.125
-2.3790e-02,-0.08,-0.22
-2.3789e-02,-0.09,0.09
-2.3787e-02,-0.07,-0.22
-2.3786e-02,-0.105,0.095
-2.3784e-02,0,-0.205
-2.3782e-02,-0.03,0.08
-2.3781e-02,-0.055,-0.23
-2.3779e-02,-0.05,0.105
-2.3778e-02,-0.025,-0.2
-2.3776e-02,0.06,0.075
-2.3774e-02,-0.025,-0.205
-2.3773e-02,0.02,0.085
-2.3771e-02,-0.09,-0.2
-2.3770e-02,0.02,0.08
-2.3768e-02,0.02,-0.2
-2.3766e-02,-0.035,0.08
-2.3765e-02,-0.035,-0.22
-2.3763e-02,-0.075,0.095
-2.3762e-02,-0.005,-0.215
-2.3760e-02,-0.03,0.09
-2.3758e-02,-0.06,-0.21
-2.3757e-02,-0.04,0.09
-2.3755e-02,0.01,-0.225
-2.3754e-02,-0.045,0.1
-2.3752e-02,-0.045,-0.2
-2.3750e-02,-0.05,0.085
-2.3749e-02,0.025,-0.2
-2.3747e-02,-0.035,0.08
-2.3746e-02,0.045,-0.19
-2.3744e-02,-0.025,0.07
-2.3742e-02,0.005,-0.21
-2.3741e-02,-0.01,0.085
-2.3739e-02,0.02,-0.21
-2.3738e-02,-0.02,0.09
-2.3736e-02,0,-0.19
-2.3734e-02,-0.04,0.075
-2.3733e-02,-0.04,-0.24
-2.3731e-02,-0.01,0.11
-2.3730e-02,-0.01,-0.23
-2.3728e-02,-0.025,0.11
-2.3726e-02,-0.135,-0.225
-2.3725e-02,-0.1,0.1
-2.3723e-02,-0.045,-0.22
-2.3722e-02,-0.125,0.095
-2.3720e-02,-0.075,-0.21
-2.3718e-02,-0.145,0.08
-2.3717e-02,-0.22,-0.205
-2.3715e-02,-0.01,0.07
-2.3714e-02,-0.13,-0.23
-2.3712e-02,-0.105,0.1
-2.3710e-02,-0.09,-0.21
-2.3709e-02,-0.1,0.085
-2.3707e-02,-0.095,-0.225
-2.3706e-02,0.005,0.09
-2.3704e-02,-0.05,-0.23
-2.3702e-02,-0.055,0.095
-2.3701e-02,-0.065,-0.25
-2.3699e-02,-0.025,0.115
-2.3698e-02,0.035,-0.21
-2.3696e-02,0.015,0.075
-2.3694e-02,-0.015,-0.215
-2.3693e-02,-0.025,0.08
-2.3691e-02,-0.1,-0.22
-2.3690e-02,-0.03,0.085
-2.3688e-02,0.035,-0.21
-2.3686e-02,-0.04,0.075
-2.3685e-02,-0.05,-0.215
-2.3683e-02,-0.105,0.085
-2.3682e-02,-0.135,-0.21
-2.3680e-02,0.02,0.075
-2.3678e-02,-0.05,-0.22
-2.3677e-02,-0.06,0.085
-2.3675e-02,-0.19,-0.22
-2.3674e-02,-0.03,0.08
-2.3672e-02,-0.075,-0.22
-2.3670e-02,-0.06,0.085
-2.3669e-02,-0.07,-0.23
-2.3667e-02,-0.09,0.085
-2.3666e-02,-0.065,-0.22
-2.3664e-02,-0.045,0.075
-2.3662e-02,-0.05,-0.225
-2.3661e-02,-0.095,0.085
-2.3659e-02,-0.05,-0.21
-2.3658e-02,-0.16,0.07
-2.3656e-02,0,-0.225
-2.3654e-02,-0.06,0.08
-2.3653e-02,-0.045,-0.215
-2.3651e-02,-0.11,0.085
-2.3650e-02,-0.005,-0.24
-2.3648e-02,-0.005,0.105
-2.3646e-02,-0.005,-0.225
-2.3645e-02,-0.055,0.085
-2.3643e-02,-0.045,-0.22
-2.3642e-02,-0.1,0.09
-2.3640e-02,0.04,-0.225
-2.3638e-02,-0.065,0.08
-2.3637e-02,-0.035,-0.225
-2.3635e-02,-0.045,0.09
-2.3634e-02,-0.1,-0.215
-2.3632e-02,-0.05,0.08
-2.3630e-02,-0.055,-0.21
-2.3629e-02,-0.11,0.08
-2.3627e-02,-0.05,-0.225
-2.3626e-02,-0.1,0.085
-2.3624e-02,-0.125,-0.215
-2.3622e-02,-0.08,0.075
-2.3621e-02,-0.105,-0.205
-2.3619e-02,-0.1,0.075
-2.3618e-02,-0.155,-0.215
-2.3616e-02,-0.07,0.08
-2.3614e-02,-0.115,-0.215
-2.3613e-02,-0.065,0.08
-2.3611e-02,-0.105,-0.21
-2.3610e-02,-0.11,0.07
-2.3608e-02,-0.075,-0.205
-2.3606e-02,-0.025,0.07
-2.3605e-02,-0.085,-0.235
-2.3603e-02,-0.035,0.095
-2.3602e-02,-0.115,-0.215
-2.3600e-02,-0.03,0.09
-2.3598e-02,-0.045,-0.2
-2.3597e-02,-0.01,0.07
-2.3595e-02,-0.12,-0.21
-2.3594e-02,0.035,0.08
-2.3592e-02,-0.04,-0.225
-2.3590e-02,-0.025,0.09
-2.3589e-02,-0.08,-0.195
-2.3587e-02,-0.01,0.06
-2.3586e-02,-0.02,-0.225
-2.3584e-02,-0.05,0.08
-2.3582e-02,-0.07,-0.23
-2.3581e-02,-0.11,0.1
-2.3579e-02,-0.01,-0.2
-2.3578e-02,-0.07,0.065
-2.3576e-02,-0.085,-0.205
-2.3574e-02,-0.12,0.07
-2.3573e-02,-0.02,-0.255
-2.3571e-02,-0.105,0.11
-2.3570e-02,-0.065,-0.205
-2.3568e-02,-0.1,0.07
-2.3566e-02,-0.11,-0.24
-2.3565e-02,-0.055,0.1
-2.3563e-02,-0.06,-0.21
-2.3562e-02,-0.135,0.07
-2.3560e-02,-0.05,-0.215
-2.3558e-02,-0.095,0.075
-2.3557e-02,-0.13,-0.24
-2.3555e-02,-0.025,0.09
-2.3554e-02,-0.135,-0.21
-2.3552e-02,-0.065,0.065
-2.3550e-02,-0.065,-0.225
-2.3549e-02,-0.13,0.08
-2.3547e-02,-0.05,-0.225
-2.3546e-02,-0.075,0.085
-2.3544e-02,-0.05,-0.225
-2.3542e-02,-0.1,0.08
-2.3541e-02,-0.015,-0.235
-2.3539e-02,-0.075,0.09
-2.3538e-02,-0.05,-0.22
-2.3536e-02,-0.08,0.075
-2.3534e-02,-0.05,-0.205
-2.3533e-02,-0.105,0.065
-2.3531e-02,-0.04,-0.21
-2.3530e-02,-0.125,0.065
-2.3528e-02,-0.055,-0.21
-2.3526e-02,-0.095,0.06
-2.3525e-02,-0.08,-0.2
-2.3523e-02,-0.07,0.06
-2.3522e-02,-0.085,-0.225
-2.3520e-02,-0.07,0.085
-2.3518e-02,-0.03,-0.22
-2.3517e-02,-0.085,0.07
-2.3515e-02,-0.025,-0.24
-2.3514e-02,-0.1,0.085
-2.3512e-02,0,-0.21
-2.3510e-02,-0.06,0.065
-2.3509e-02,0.005,-0.23
-2.3507e-02,-0.08,0.085
-2.3506e-02,0.035,-0.23
-2.3504e-02,-0.09,0.085
-2.3502e-02,0.035,-0.23
-2.3501e-02,-0.12,0.075
-2.3499e-02,-0.05,-0.22
-2.3498e-02,-0.085,0.075
-2.3496e-02,-0.045,-0.24
-2.3494e-02,-0.12,0.085
-2.3493e-02,-0.06,-0.245
-2.3491e-02,-0.165,0.095
-2.3490e-02,-0.085,-0.255
-2.3488e-02,-0.1,0.1
-2.3486e-02,-0.145,-0.235
-2.3485e-02,-0.045,0.09
-2.3483e-02,-0.135,-0.235
-2.3482e-02,-0.09,0.085
-2.3480e-02,-0.105,-0.2
-2.3478e-02,-0.07,0.055
-2.3477e-02,-0.075,-0.215
-2.3475e-02,-0.065,0.065
-2.3474e-02,-0.12,-0.23
-2.3472e-02,-0.045,0.08
-2.3470e-02,-0.07,-0.225
-2.3469e-02,-0.01,0.075
-2.3467e-02,-0.085,-0.205
-2.3466e-02,-0.065,0.06
-2.3464e-02,0.01,-0.225
-2.3462e-02,-0.055,0.08
-2.3461e-02,0,-0.24
-2.3459e-02,-0.055,0.08
-2.3458e-02,0.02,-0.22
-2.3456e-02,-0.01,0.08
-2.3454e-02,-0.01,-0.225
-2.3453e-02,-0.025,0.075
-2.3451e-02,0.02,-0.215
-2.3450e-02,-0.025,0.07
-2.3448e-02,-0.035,-0.23
-2.3446e-02,-0.03,0.075
-2.3445e-02,-0.06,-0.22
-2.3443e-02,-0.02,0.075
-2.3442e-02,-0.105,-0.23
-2.3440e-02,-0.09,0.09
-2.3438e-02,-0.07,-0.225
-2.3437e-02,-0.125,0.085
-2.3435e-02,-0.07,-0.215
-2.3434e-02,-0.15,0.065
-2.3432e-02,-0.085,-0.25
-2.3430e-02,-0.065,0.1
-2.3429e-02,-0.125,-0.22
-2.3427e-02,-0.145,0.08
-2.3426e-02,-0.145,-0.26
-2.3424e-02,-0.08,0.115
-2.3422e-02,-0.085,-0.245
-2.3421e-02,-0.09,0.1
-2.3419e-02,-0.17,-0.235
-2.3418e-02,-0.05,0.095
-2.3416e-02,-0.115,-0.215
-2.3414e-02,-0.015,0.075
-2.3413e-02,-0.14,-0.21
-2.3411e-02,-0.11,0.07
-2.3410e-02,-0.055,-0.235
-2.3408e-02,-0.01,0.08
-2.3406e-02,-0.025,-0.225
-2.3405e-02,-0.035,0.07
-2.3403e-02,-0.115,-0.22
-2.3402e-02,0.01,0.065
-2.3400e-02,-0.045,-0.235
-2.3398e-02,0.005,0.085
-2.3397e-02,-0.07,-0.23
-2.3395e-02,-0.05,0.08
-2.3394e-02,-0.05,-0.225
-2.3392e-02,-0.025,0.07
-2.3390e-02,0.035,-0.245
-2.3389e-02,-0.14,0.085
-2.3387e-02,-0.065,-0.235
-2.3386e-02,-0.175,0.09
-2.3384e-02,-0.015,-0.215
-2.3382e-02,-0.07,0.06
-2.3381e-02,-0.085,-0.23
-2.3379e-02,-0.17,0.075
-2.3378e-02,-0.135,-0.225
-2.3376e-02,-0.12,0.07
-2.3374e-02,-0.075,-0.23
-2.3373e-02,-0.115,0.08
-2.3371e-02,-0.12,-0.225
-2.3370e-02,-0.115,0.07
-2.3368e-02,-0.15,-0.225
-2.3366e-02,-0.06,0.065
-2.3365e-02,-0.115,-0.26
-2.3363e-02,-0.14,0.1
-2.3362e-02,-0.11,-0.215
-2.3360e-02,-0.17,0.06
-2.3358e-02,-0.08,-0.22
-2.3357e-02,-0.125,0.07
-2.3355e-02,-0.065,-0.25
-2.3354e-02,-0.14,0.085
-2.3352e-02,-0.06,-0.24
-2.3350e-02,-0.095,0.085
-2.3349e-02,-0.035,-0.24
-2.3347e-02,-0.105,0.08
-2.3346e-02,-0.07,-0.215
-2.3344e-02,-0.015,0.055
-2.3342e-02,-0.03,-0.25
-2.3341e-02,-0.095,0.085
-2.3339e-02,-0.04,-0.23
-2.3338e-02,-0.09,0.07
-2.3336e-02,-0.025,-0.28
-2.3334e-02,-0.055,0.12
-2.3333e-02,-0.17,-0.23
-2.3331e-02,-0.045,0.07
-2.3330e-02,-0.15,-0.255
-2.3328e-02,-0.005,0.09
-2.3326e-02,-0.05,-0.24
-2.3325e-02,-0.125,0.07
-2.3323e-02,-0.09,-0.24
-2.3322e-02,-0.13,0.08
-2.3320e-02,-0.08,-0.215
-2.3318e-02,-0.055,0.055
-2.3317e-02,-0.165,-0.245
-2.3315e-02,-0.085,0.09
-2.3314e-02,-0.205,-0.23
-2.3312e-02,-0.125,0.07
-2.3310e-02,-0.12,-0.225
-2.3309e-02,-0.125,0.06
-2.3307e-02,-0.145,-0.25
-2.3306e-02,-0.155,0.085
-2.3304e-02,-0.2,-0.205
-2.3302e-02,-0.04,0.05
-2.3301e-02,-0.165,-0.225
-2.3299e-02,-0.125,0.065
-2.3298e-02,-0.15,-0.21
-2.3296e-02,-0.17,0.05
-2.3294e-02,-0.12,-0.24
-2.3293e-02,-0.14,0.07
-2.3291e-02,-0.2,-0.255
-2.3290e-02,-0.115,0.09
-2.3288e-02,-0.145,-0.24
-2.3286e-02,-0.11,0.07
-2.3285e-02,-0.14,-0.22
-2.3283e-02,-0.185,0.055
-2.3282e-02,-0.09,-0.24
-2.3280e-02,-0.095,0.075
-2.3278e-02,-0.07,-0.255
-2.3277e-02,-0.11,0.085
-2.3275e-02,-0.145,-0.24
-2.3274e-02,-0.13,0.07
-2.3272e-02,-0.05,-0.22
-2.3270e-02,-0.095,0.055
-2.3269e-02,-0.055,-0.225
-2.3267e-02,-0.105,0.06
-2.3266e-02,-0.12,-0.235
-2.3264e-02,-0.045,0.07
-2.3262e-02,-0.025,-0.265
-2.3261e-02,-0.045,0.1
-2.3259e-02,-0.055,-0.23
-2.3258e-02,-0.105,0.065
-2.3256e-02,-0.035,-0.235
-2.3254e-02,-0.03,0.07
-2.3253e-02,-0.025,-0.22
-2.3251e-02,-0.105,0.055
-2.3250e-02,-0.05,-0.24
-2.3248e-02,-0.005,0.07
-2.3246e-02,-0.085,-0.23
-2.3245e-02,-0.015,0.06
-2.3243e-02,-0.145,-0.23
-2.3242e-02,0.025,0.065
-2.3240e-02,-0.025,-0.235
-2.3238e-02,-0.07,0.07
-2.3237e-02,-0.08,-0.26
-2.3235e-02,-0.12,0.095
-2.3234e-02,0,-0.23
-2.3232e-02,-0.04,0.065
-2.3230e-02,-0.1,-0.235
-2.3229e-02,-0.06,0.065
-2.3227e-02,-0.1,-0.25
-2.3226e-02,-0.005,0.075
-2.3224e-02,-0.05,-0.235
-2.3222e-02,-0.01,0.07
-2.3221e-02,-0.065,-0.23
-2.3219e-02,-0.02,0.065
-2.3218e-02,-0.04,-0.225
-2.3216e-02,-0.1,0.06
-2.3214e-02,-0.015,-0.225
-2.3213e-02,-0.045,0.055
-2.3211e-02,-0.11,-0.26
-2.3210e-02,-0.045,0.09
-2.3208e-02,-0.095,-0.23
-2.3206e-02,-0.06,0.065
-2.3205e-02,-0.065,-0.24
-2.3203e-02,-0.135,0.065
-2.3202e-02,-0.09,-0.245
-2.3200e-02,0.01,0.075
-2.3198e-02,-0.1,-0.24
-2.3197e-02,-0.145,0.075
-2.3195e-02,-0.09,-0.22
-2.3194e-02,-0.15,0.055
-2.3192e-02,-0.055,-0.22
-2.3190e-02,-0.06,0.055
-2.3189e-02,-0.165,-0.225
-2.3187e-02,-0.09,0.06
-2.3186e-02,-0.09,-0.265
-2.3184e-02,-0.09,0.1
-2.3182e-02,-0.05,-0.255
-2.3181e-02,-0.095,0.08
-2.3179e-02,-0.09,-0.245
-2.3178e-02,-0.08,0.075
-2.3176e-02,-0.065,-0.245
-2.3174e-02,-0.15,0.07
-2.3173e-02,-0.06,-0.23
-2.3171e-02,-0.135,0.065
-2.3170e-02,-0.09,-0.225
-2.3168e-02,-0.06,0.055
-2.3166e-02,-0.09,-0.24
-2.3165e-02,-0.195,0.07
-2.3163e-02,-0.125,-0.225
-2.3162e-02,-0.195,0.055
-2.3160e-02,-0.075,-0.225
-2.3158e-02,-0.125,0.055
-2.3157e-02,-0.165,-0.245
-2.3155e-02,-0.18,0.07
-2.3154e-02,-0.14,-0.235
-2.3152e-02,-0.14,0.06
-2.3150e-02,-0.115,-0.23
-2.3149e-02,-0.155,0.06
-2.3147e-02,-0.135,-0.22
-2.3146e-02,-0.08,0.045
-2.3144e-02,-0.13,-0.22
-2.3142e-02,-0.135,0.06
-2.3141e-02,-0.115,-0.235
-2.3139e-02,-0.155,0.06
-2.3138e-02,-0.06,-0.235
-2.3136e-02,-0.11,0.06
-2.3134e-02,-0.065,-0.255
-2.3133e-02,-0.185,0.075
-2.3131e-02,-0.11,-0.22
-2.3130e-02,-0.12,0.04
-2.3128e-02,-0.045,-0.23
-2.3126e-02,-0.09,0.06
-2.3125e-02,-0.065,-0.245
-2.3123e-02,-0.12,0.08
-2.3122e-02,-0.105,-0.24
-2.3120e-02,-0.035,0.07
-2.3118e-02,-0.045,-0.245
-2.3117e-02,-0.06,0.07
-2.3115e-02,-0.045,-0.235
-2.3114e-02,-0.01,0.065
-2.3112e-02,0.03,-0.24
-2.3110e-02,-0.03,0.065
-2.3109e-02,-0.07,-0.225
-2.3107e-02,-0.09,0.05
-2.3106e-02,-0.04,-0.235
-2.3104e-02,-0.005,0.055
-2.3102e-02,-0.04,-0.235
-2.3101e-02,-0.035,0.06
-2.3099e-02,-0.005,-0.23
-2.3098e-02,-0.055,0.06
-2.3096e-02,-0.06,-0.225
-2.3094e-02,-0.005,0.055
-2.3093e-02,-0.035,-0.23
-2.3091e-02,-0.05,0.055
-2.3090e-02,-0.055,-0.245
-2.3088e-02,0.02,0.065
-2.3086e-02,-0.08,-0.245
-2.3085e-02,-0.05,0.07
-2.3083e-02,-0.14,-0.24
-2.3082e-02,-0.03,0.06
-2.3080e-02,0.015,-0.225
-2.3078e-02,-0.04,0.04
-2.3077e-02,-0.035,-0.225
-2.3075e-02,-0.1,0.05
-2.3074e-02,-0.025,-0.22
-2.3072e-02,-0.03,0.045
-2.3070e-02,-0.085,-0.215
-2.3069e-02,-0.04,0.04
-2.3067e-02,-0.13,-0.245
-2.3066e-02,-0.01,0.065
-2.3064e-02,-0.065,-0.25
-2.3062e-02,-0.085,0.07
-2.3061e-02,-0.055,-0.24
-2.3059e-02,-0.145,0.06
-2.3058e-02,-0.115,-0.225
-2.3056e-02,-0.105,0.05
-2.3054e-02,-0.135,-0.23
-2.3053e-02,-0.045,0.055
-2.3051e-02,-0.145,-0.22
-2.3050e-02,-0.045,0.045
-2.3048e-02,-0.095,-0.235
-2.3046e-02,-0.095,0.06
-2.3045e-02,-0.085,-0.235
-2.3043e-02,-0.13,0.05
-2.3042e-02,-0.07,-0.245
-2.3040e-02,-0.07,0.075
-2.3038e-02,-0.02,-0.255
-2.3037e-02,-0.07,0.07
-2.3035e-02,-0.075,-0.245
-2.3034e-02,-0.09,0.06
-2.3032e-02,-0.01,-0.235
-2.3030e-02,-0.135,0.055
-2.3029e-02,-0.075,-0.215
-2.3027e-02,-0.125,0.04
-2.3026e-02,-0.045,-0.24
-2.3024e-02,-0.025,0.055
-2.3022e-02,-0.1,-0.265
-2.3021e-02,-0.11,0.08
-2.3019e-02,-0.105,-0.235
-2.3018e-02,-0.075,0.06
-2.3016e-02,-0.1,-0.23
-2.3014e-02,-0.1,0.055
-2.3013e-02,-0.13,-0.255
-2.3011e-02,-0.055,0.065
-2.3010e-02,-0.12,-0.235
-2.3008e-02,-0.07,0.055
-2.3006e-02,-0.095,-0.245
-2.3005e-02,-0.1,0.06
-2.3003e-02,-0.115,-0.265
-2.3002e-02,-0.115,0.085
-2.3000e-02,-0.105,-0.26
-2.2998e-02,-0.05,0.075
-2.2997e-02,-0.06,-0.255
-2.2995e-02,-0.145,0.065
-2.2994e-02,-0.04,-0.245
-2.2992e-02,-0.03,0.06
-2.2990e-02,-0.035,-0.23
-2.2989e-02,-0.07,0.05
-2.2987e-02,-0.105,-0.25
-2.2986e-02,-0.015,0.055
-2.2984e-02,-0.055,-0.25
-2.2982e-02,0.005,0.07
-2.2981e-02,-0.115,-0.23
-2.2979e-02,-0.01,0.05
-2.2978e-02,-0.045,-0.255
-2.2976e-02,-0.005,0.07
-2.2974e-02,-0.07,-0.25
-2.2973e-02,-0.07,0.07
-2.2971e-02,-0.115,-0.245
-2.2970e-02,-0.09,0.06
-2.2968e-02,-0.055,-0.265
-2.2966e-02,-0.065,0.075
-2.2965e-02,-0.11,-0.255
-2.2963e-02,-0.06,0.075
-2.2962e-02,-0.11,-0.255
-2.2960e-02,-0.04,0.07
-2.2958e-02,-0.06,-0.25
-2.2957e-02,-0.16,0.06
-2.2955e-02,-0.105,-0.235
-2.2954e-02,-0.19,0.05
-2.2952e-02,-0.115,-0.23
-2.2950e-02,-0.125,0.055
-2.2949e-02,-0.125,-0.255
-2.2947e-02,-0.135,0.065
-2.2946e-02,-0.14,-0.24
-2.2944e-02,-0.085,0.05
-2.2942e-02,-0.02,-0.25
-2.2941e-02,-0.15,0.055
-2.2939e-02,-0.055,-0.235
-2.2938e-02,-0.15,0.045
-2.2936e-02,-0.035,-0.25
-2.2934e-02,-0.095,0.06
-2.2933e-02,-0.1,-0.235
-2.2931e-02,-0.11,0.055
-2.2930e-02,-0.05,-0.275
-2.2928e-02,-0.13,0.08
-2.2926e-02,-0.015,-0.23
-2.2925e-02,-0.08,0.045
-2.2923e-02,-0.08,-0.25
-2.2922e-02,-0.12,0.05
-2.2920e-02,-0.025,-0.25
-2.2918e-02,-0.09,0.065
-2.2917e-02,-0.08,-0.245
-2.2915e-02,-0.11,0.055
-2.2914e-02,-0.09,-0.24
-2.2912e-02,-0.04,0.05
-2.2910e-02,-0.02,-0.24
-2.2909e-02,-0.075,0.05
-2.2907e-02,-0.085,-0.235
-2.2906e-02,-0.09,0.05
-2.2904e-02,-0.07,-0.235
-2.2902e-02,-0.065,0.05
-2.2901e-02,-0.09,-0.235
-2.2899e-02,-0.15,0.05
-2.2898e-02,-0.11,-0.255
-2.2896e-02,-0.17,0.065
-2.2894e-02,-0.09,-0.23
-2.2893e-02,-0.165,0.035
-2.2891e-02,-0.08,-0.225
-2.2890e-02,-0.165,0.035
-2.2888e-02,-0.125,-0.23
-2.2886e-02,-0.145,0.045
-2.2885e-02,-0.095,-0.255
-2.2883e-02,-0.125,0.06
-2.2882e-02,-0.145,-0.245
-2.2880e-02,-0.155,0.055
-2.2878e-02,-0.08,-0.245
-2.2877e-02,-0.06,0.055
-2.2875e-02,-0.145,-0.225
-2.2874e-02,-0.18,0.045
-2.2872e-02,-0.13,-0.235
-2.2870e-02,-0.095,0.045
-2.2869e-02,-0.2,-0.215
-2.2867e-02,-0.125,0.03
-2.2866e-02,-0.19,-0.24
-2.2864e-02,-0.11,0.045
-2.2862e-02,-0.12,-0.23
-2.2861e-02,-0.095,0.045
-2.2859e-02,-0.065,-0.245
-2.2858e-02,-0.095,0.055
-2.2856e-02,-0.1,-0.235
-2.2854e-02,-0.065,0.045
-2.2853e-02,-0.08,-0.245
-2.2851e-02,-0.03,0.05
-2.2850e-02,-0.155,-0.23
-2.2848e-02,-0.1,0.04
-2.2846e-02,-0.05,-0.27
-2.2845e-02,-0.09,0.075
-2.2843e-02,-0.11,-0.25
-2.2842e-02,-0.095,0.05
-2.2840e-02,-0.23,-0.27
-2.2838e-02,-0.06,0.075
-2.2837e-02,-0.155,-0.25
-2.2835e-02,-0.13,0.055
-2.2834e-02,-0.145,-0.245
-2.2832e-02,-0.195,0.05
-2.2830e-02,-0.07,-0.23
-2.2829e-02,-0.08,0.04
-2.2827e-02,-0.1,-0.245
-2.2826e-02,-0.045,0.055
-2.2824e-02,-0.075,-0.235
-2.2822e-02,-0.025,0.04
-2.2821e-02,-0.04,-0.275
-2.2819e-02,-0.05,0.08
-2.2818e-02,-0.06,-0.26
-2.2816e-02,-0.095,0.065
-2.2814e-02,-0.01,-0.27
-2.2813e-02,-0.07,0.06
-2.2811e-02,-0.015,-0.26
-2.2810e-02,-0.155,0.055
-2.2808e-02,-0.075,-0.275
-2.2806e-02,-0.05,0.075
-2.2805e-02,-0.02,-0.27
-2.2803e-02,-0.1,0.07
-2.2802e-02,-0.07,-0.25
-2.2800e-02,-0.105,0.055
-2.2798e-02,-0.06,-0.255
-2.2797e-02,-0.075,0.055
-2.2795e-02,-0.105,-0.26
-2.2794e-02,-0.17,0.06
-2.2792e-02,-0.11,-0.245
-2.2790e-02,-0.095,0.045
-2.2789e-02,-0.09,-0.265
-2.2787e-02,-0.14,0.06
-2.2786e-02,-0.14,-0.23
-2.2784e-02,-0.125,0.03
-2.2782e-02,-0.07,-0.25
-2.2781e-02,-0.185,0.055
-2.2779e-02,-0.135,-0.255
-2.2778e-02,-0.18,0.05
-2.2776e-02,-0.145,-0.24
-2.2774e-02,-0.13,0.035
-2.2773e-02,-0.15,-0.235
-2.2771e-02,-0.13,0.03
-2.2770e-02,-0.155,-0.235
-2.2768e-02,-0.095,0.04
-2.2766e-02,-0.095,-0.27
-2.2765e-02,-0.075,0.06
-2.2763e-02,-0.09,-0.25
-2.2762e-02,-0.135,0.05
-2.2760e-02,-0.07,-0.26
-2.2758e-02,-0.095,0.06
-2.2757e-02,-0.165,-0.25
-2.2755e-02,-0.15,0.045
-2.2754e-02,-0.12,-0.245
-2.2752e-02,-0.035,0.04
-2.2750e-02,-0.04,-0.24
-2.2749e-02,-0.1,0.04
-2.2747e-02,-0.11,-0.25
-2.2746e-02,-0.045,0.05
-2.2744e-02,-0.09,-0.25
-2.2742e-02,-0.06,0.05
-2.2741e-02,-0.125,-0.26
-2.2739e-02,-0.155,0.065
-2.2738e-02,-0.03,-0.245
-2.2736e-02,-0.065,0.04
-2.2734e-02,-0.02,-0.24
-2.2733e-02,-0.05,0.035
-2.2731e-02,-0.08,-0.24
-2.2730e-02,-0.055,0.04
-2.2728e-02,-0.04,-0.255
-2.2726e-02,-0.125,0.055
-2.2725e-02,-0.025,-0.235
-2.2723e-02,-0.155,0.04
-2.2722e-02,-0.03,-0.245
-2.2720e-02,-0.035,0.05
-2.2718e-02,-0.135,-0.24
-2.2717e-02,-0.085,0.035
-2.2715e-02,-0.07,-0.245
-2.2714e-02,-0.125,0.05
-2.2712e-02,-0.02,-0.24
-2.2710e-02,-0.05,0.04
-2.2709e-02,-0.16,-0.27
-2.2707e-02,-0.005,0.065
-2.2706e-02,-0.08,-0.26
-2.2704e-02,-0.04,0.06
-2.2702e-02,-0.115,-0.285
-2.2701e-02,-0.075,0.085
-2.2699e-02,-0.1,-0.27
-2.2698e-02,-0.005,0.07
-2.2696e-02,-0.145,-0.23
-2.2694e-02,-0.085,0.035
-2.2693e-02,-0.125,-0.25
-2.2691e-02,-0.085,0.04
-2.2690e-02,-0.08,-0.24
-2.2688e-02,-0.12,0.035
-2.2686e-02,-0.2,-0.255
-2.2685e-02,-0.125,0.05
-2.2683e-02,-0.12,-0.26
-2.2682e-02,-0.125,0.055
-2.2680e-02,-0.14,-0.285
-2.2678e-02,-0.205,0.075
-2.2677e-02,-0.125,-0.255
-2.2675e-02,-0.12,0.06
-2.2674e-02,-0.18,-0.265
-2.2672e-02,-0.185,0.06
-2.2670e-02,-0.135,-0.23
-2.2669e-02,-0.13,0.03
-2.2667e-02,-0.14,-0.235
-2.2666e-02,-0.165,0.035
-2.2664e-02,-0.15,-0.26
-2.2662e-02,-0.155,0.055
-2.2661e-02,-0.115,-0.265
-2.2659e-02,-0.17,0.06
-2.2658e-02,-0.12,-0.24
-2.2656e-02,-0.22,0.035
-2.2654e-02,-0.1,-0.245
-2.2653e-02,-0.14,0.04
-2.2651e-02,-0.125,-0.27
-2.2650e-02,-0.105,0.07
-2.2648e-02,-0.135,-0.255
-2.2646e-02,-0.115,0.05
-2.2645e-02,-0.07,-0.25
-2.2643e-02,0,0.04
-2.2642e-02,-0.04,-0.245
-2.2640e-02,-0.095,0.04
-2.2638e-02,-0.05,-0.25
-2.2637e-02,-0.03,0.04
-2.2635e-02,-0.02,-0.25
-2.2634e-02,-0.045,0.045
-2.2632e-02,-0.08,-0.26
-2.2630e-02,-0.085,0.045
-2.2629e-02,-0.005,-0.235
-2.2627e-02,-0.12,0.03
-2.2626e-02,-0.075,-0.23
-2.2624e-02,-0.125,0.025
-2.2622e-02,-0.155,-0.255
-2.2621e-02,-0.035,0.05
-2.2619e-02,-0.11,-0.275
-2.2618e-02,-0.15,0.055
-2.2616e-02,-0.06,-0.255
-2.2614e-02,-0.165,0.05
-2.2613e-02,-0.03,-0.25
-2.2611e-02,-0.105,0.04
-2.2610e-02,-0.09,-0.255
-2.2608e-02,-0.075,0.045
-2.2606e-02,-0.11,-0.28
-2.2605e-02,-0.08,0.075
-2.2603e-02,-0.085,-0.27
-2.2602e-02,-0.155,0.055
-2.2600e-02,-0.13,-0.24
-2.2598e-02,-0.115,0.03
-2.2597e-02,-0.095,-0.275
-2.2595e-02,-0.085,0.06
-2.2594e-02,-0.07,-0.265
-2.2592e-02,-0.14,0.055
-2.2590e-02,-0.095,-0.255
-2.2589e-02,-0.005,0.045
-2.2587e-02,-0.03,-0.25
-2.2586e-02,-0.095,0.04
-2.2584e-02,-0.03,-0.275
-2.2582e-02,-0.135,0.06
-2.2581e-02,-0.005,-0.255
-2.2579e-02,-0.115,0.045
-2.2578e-02,-0.125,-0.26
-2.2576e-02,-0.125,0.045
-2.2574e-02,-0.13,-0.28
-2.2573e-02,-0.12,0.065
-2.2571e-02,-0.095,-0.255
-2.2570e-02,-0.215,0.04
-2.2568e-02,-0.19,-0.265
-2.2566e-02,-0.14,0.045
-2.2565e-02,-0.15,-0.275
-2.2563e-02,-0.155,0.06
-2.2562e-02,-0.12,-0.235
-2.2560e-02,-0.17,0.025
-2.2558e-02,-0.135,-0.285
-2.2557e-02,-0.085,0.065
-2.2555e-02,-0.105,-0.26
-2.2554e-02,-0.14,0.055
-2.2552e-02,-0.11,-0.245
-2.2550e-02,-0.085,0.035
-2.2549e-02,-0.095,-0.3
-2.2547e-02,-0.085,0.08
-2.2546e-02,-0.175,-0.27
-2.2544e-02,-0.155,0.06
-2.2542e-02,-0.06,-0.275
-2.2541e-02,-0.12,0.06
-2.2539e-02,-0.085,-0.265
-2.2538e-02,-0.135,0.055
-2.2536e-02,-0.135,-0.245
-2.2534e-02,-0.03,0.035
-2.2533e-02,-0.095,-0.265
-2.2531e-02,-0.045,0.045
-2.2530e-02,-0.15,-0.265
-2.2528e-02,-0.035,0.04
-2.2526e-02,-0.14,-0.255
-2.2525e-02,-0.095,0.04
-2.2523e-02,-0.085,-0.235
-2.2522e-02,-0.13,0.02
-2.2520e-02,-0.145,-0.25
-2.2518e-02,-0.105,0.03
-2.2517e-02,-0.19,-0.25
-2.2515e-02,-0.01,0.035
-2.2514e-02,-0.135,-0.265
-2.2512e-02,-0.105,0.045
-2.2510e-02,-0.13,-0.245
-2.2509e-02,-0.095,0.03
-2.2507e-02,-0.16,-0.25
-2.2506e-02,-0.16,0.03
-2.2504e-02,-0.17,-0.265
-2.2502e-02,-0.17,0.05
-2.2501e-02,-0.12,-0.245
-2.2499e-02,-0.095,0.03
-2.2498e-02,-0.235,-0.26
-2.2496e-02,-0.105,0.05
-2.2494e-02,-0.135,-0.255
-2.2493e-02,-0.14,0.035
-2.2491e-02,-0.12,-0.26
-2.2490e-02,-0.165,0.035
-2.2488e-02,-0.175,-0.27
-2.2486e-02,-0.105,0.055
-2.2485e-02,-0.135,-0.245
-2.2483e-02,-0.12,0.03
-2.2482e-02,-0.065,-0.245
-2.2480e-02,-0.09,0.025
-2.2478e-02,-0.065,-0.295
-2.2477e-02,-0.03,0.07
-2.2475e-02,-0.01,-0.26
-2.2474e-02,-0.065,0.04
-2.2472e-02,-0.065,-0.28
-2.2470e-02,-0.095,0.055
-2.2469e-02,-0.035,-0.28
-2.2467e-02,-0.025,0.06
-2.2466e-02,-0.095,-0.27
-2.2464e-02,-0.14,0.055
-2.2462e-02,-0.15,-0.275
-2.2461e-02,-0.045,0.055
-2.2459e-02,-0.16,-0.245
-2.2458e-02,-0.145,0.03
-2.2456e-02,-0.225,-0.275
-2.2454e-02,-0.16,0.055
-2.2453e-02,-0.17,-0.255
-2.2451e-02,-0.11,0.035
-2.2450e-02,-0.275,-0.27
-2.2448e-02,-0.13,0.045
-2.2446e-02,-0.17,-0.275
-2.2445e-02,-0.125,0.045
-2.2443e-02,-0.195,-0.265
-2.2442e-02,-0.1,0.045
-2.2440e-02,-0.205,-0.26
-2.2438e-02,-0.065,0.04
-2.2437e-02,-0.165,-0.25
-2.2435e-02,-0.14,0.025
-2.2434e-02,-0.165,-0.25
-2.2432e-02,-0.14,0.03
-2.2430e-02,-0.175,-0.255
-2.2429e-02,-0.14,0.04
-2.2427e-02,-0.14,-0.25
-2.2426e-02,-0.155,0.035
-2.2424e-02,-0.215,-0.26
-2.2422e-02,-0.09,0.045
-2.2421e-02,-0.185,-0.265
-2.2419e-02,-0.085,0.035
-2.2418e-02,-0.165,-0.275
-2.2416e-02,-0.15,0.055
-2.2414e-02,-0.13,-0.26
-2.2413e-02,-0.055,0.035
-2.2411e-02,-0.14,-0.285
-2.2410e-02,-0.17,0.065
-2.2408e-02,-0.115,-0.27
-2.2406e-02,-0.125,0.04
-2.2405e-02,-0.1,-0.255
-2.2403e-02,-0.16,0.035
-2.2402e-02,-0.25,-0.27
-2.2400e-02,-0.14,0.035
-2.2398e-02,-0.125,-0.28
-2.2397e-02,-0.205,0.06
-2.2395e-02,-0.15,-0.29
-2.2394e-02,-0.15,0.055
-2.2392e-02,-0.175,-0.29
-2.2390e-02,-0.135,0.06
-2.2389e-02,-0.16,-0.265
-2.2387e-02,-0.225,0.035
-2.2386e-02,-0.085,-0.255
-2.2384e-02,-0.15,0.03
-2.2382e-02,-0.105,-0.28
-2.2381e-02,-0.045,0.045
-2.2379e-02,-0.1,-0.245
-2.2378e-02,-0.1,0.025
-2.2376e-02,-0.015,-0.26
-2.2374e-02,-0.13,0.035
-2.2373e-02,0.01,-0.25
-2.2371e-02,-0.12,0.025
-2.2370e-02,-0.07,-0.265
-2.2368e-02,-0.12,0.03
-2.2366e-02,-0.035,-0.26
-2.2365e-02,-0.155,0.035
-2.2363e-02,-0.16,-0.275
-2.2362e-02,-0.19,0.045
-2.2360e-02,-0.135,-0.265
-2.2358e-02,-0.125,0.035
-2.2357e-02,-0.12,-0.255
-2.2355e-02,-0.19,0.03
-2.2354e-02,-0.095,-0.245
-2.2352e-02,-0.105,0.02
-2.2350e-02,-0.075,-0.255
-2.2349e-02,-0.15,0.035
-2.2347e-02,-0.155,-0.26
-2.2346e-02,-0.155,0.03
-2.2344e-02,-0.09,-0.265
-2.2342e-02,-0.195,0.035
-2.2341e-02,-0.19,-0.265
-2.2339e-02,-0.17,0.045
-2.2338e-02,-0.17,-0.255
-2.2336e-02,-0.115,0.025
-2.2334e-02,-0.115,-0.26
-2.2333e-02,-0.115,0.035
-2.2331e-02,-0.07,-0.3
-2.2330e-02,-0.085,0.07
-2.2328e-02,-0.08,-0.25
-2.2326e-02,-0.085,0.025
-2.2325e-02,-0.13,-0.28
-2.2323e-02,-0.135,0.055
-2.2322e-02,-0.155,-0.255
-2.2320e-02,-0.07,0.02
-2.2318e-02,-0.155,-0.25
-2.2317e-02,-0.115,0.025
-2.2315e-02,-0.15,-0.25
-2.2314e-02,-0.125,0.015
-2.2312e-02,-0.01,-0.245
-2.2310e-02,-0.13,0.02
-2.2309e-02,-0.155,-0.27
-2.2307e-02,-0.09,0.035
-2.2306e-02,-0.09,-0.275
-2.2304e-02,-0.075,0.045
-2.2302e-02,-0.115,-0.28
-2.2301e-02,-0.185,0.05
-2.2299e-02,-0.105,-0.265
-2.2298e-02,-0.08,0.03
-2.2296e-02,-0.165,-0.27
-2.2294e-02,-0.21,0.03
-2.2293e-02,-0.125,-0.265
-2.2291e-02,-0.155,0.03
-2.2290e-02,-0.105,-0.265
-2.2288e-02,-0.185,0.03
-2.2286e-02,-0.23,-0.265
-2.2285e-02,-0.11,0.03
-2.2283e-02,-0.095,-0.27
-2.2282e-02,-0.21,0.035
-2.2280e-02,-0.09,-0.26
-2.2278e-02,-0.185,0.03
-2.2277e-02,-0.08,-0.26
-2.2275e-02,-0.07,0.02
-2.2274e-02,-0.065,-0.275
-2.2272e-02,-0.155,0.04
-2.2270e-02,0,-0.255
-2.2269e-02,-0.115,0.02
-2.2267e-02,-0.01,-0.265
-2.2266e-02,-0.07,0.03
-2.2264e-02,-0.04,-0.265
-2.2262e-02,-0.09,0.025
-2.2261e-02,-0.035,-0.255
-2.2259e-02,-0.09,0.025
-2.2258e-02,-0.15,-0.26
-2.2256e-02,-0.135,0.025
-2.2254e-02,-0.185,-0.275
-2.2253e-02,-0.18,0.04
-2.2251e-02,-0.13,-0.295
-2.2250e-02,-0.25,0.055
-2.2248e-02,-0.22,-0.265
-2.2246e-02,-0.22,0.035
-2.2245e-02,-0.115,-0.275
-2.2243e-02,-0.215,0.04
-2.2242e-02,-0.19,-0.26
-2.2240e-02,-0.215,0.025
-2.2238e-02,-0.135,-0.27
-2.2237e-02,-0.115,0.03
-2.2235e-02,-0.14,-0.265
-2.2234e-02,-0.23,0.03
-2.2232e-02,-0.1,-0.265
-2.2230e-02,-0.125,0.03
-2.2229e-02,-0.055,-0.27
-2.2227e-02,-0.185,0.03
-2.2226e-02,-0.075,-0.245
-2.2224e-02,-0.145,0.005
-2.2222e-02,-0.055,-0.245
-2.2221e-02,-0.025,0.01
-2.2219e-02,-0.105,-0.26
-2.2218e-02,-0.095,0.035
-2.2216e-02,-0.03,-0.26
-2.2214e-02,-0.08,0.035
-2.2213e-02,-0.06,-0.26
-2.2211e-02,-0.085,0.025
-2.2210e-02,-0.1,-0.275
-2.2208e-02,-0.095,0.045
-2.2206e-02,-0.14,-0.275
-2.2205e-02,-0.055,0.045
-2.2203e-02,-0.155,-0.255
-2.2202e-02,-0.195,0.02
-2.2200e-02,-0.065,-0.285
-2.2198e-02,-0.17,0.05
-2.2197e-02,-0.07,-0.285
-2.2195e-02,-0.165,0.04
-2.2194e-02,-0.13,-0.285
-2.2192e-02,-0.11,0.045
-2.2190e-02,-0.01,-0.28
-2.2189e-02,-0.12,0.05
-2.2187e-02,-0.095,-0.305
-2.2186e-02,-0.025,0.06
-2.2184e-02,-0.045,-0.295
-2.2182e-02,-0.095,0.06
-2.2181e-02,-0.06,-0.27
-2.2179e-02,-0.11,0.03
-2.2178e-02,-0.06,-0.26
-2.2176e-02,-0.1,0.02
-2.2174e-02,-0.095,-0.25
-2.2173e-02,-0.21,0.015
-2.2171e-02,-0.12,-0.275
-2.2170e-02,-0.105,0.04
-2.2168e-02,-0.16,-0.27
-2.2166e-02,-0.175,0.03
-2.2165e-02,-0.14,-0.24
-2.2163e-02,-0.185,0
-2.2162e-02,-0.13,-0.285
-2.2160e-02,-0.19,0.045
-2.2158e-02,-0.135,-0.27
-2.2157e-02,-0.21,0.025
-2.2155e-02,-0.1,-0.265
-2.2154e-02,-0.1,0.025
-2.2152e-02,-0.13,-0.265
-2.2150e-02,-0.125,0.025
-2.2149e-02,-0.08,-0.28
-2.2147e-02,-0.155,0.045
-2.2146e-02,-0.035,-0.265
-2.2144e-02,-0.15,0.02
-2.2142e-02,-0.095,-0.255
-2.2141e-02,-0.12,0.02
-2.2139e-02,-0.095,-0.25
-2.2138e-02,-0.13,0.015
-2.2136e-02,-0.145,-0.255
-2.2134e-02,-0.115,0.01
-2.2133e-02,-0.1,-0.265
-2.2131e-02,-0.095,0.025
-2.2130e-02,-0.07,-0.29
-2.2128e-02,-0.135,0.05
-2.2126e-02,-0.13,-0.27
-2.2125e-02,-0.06,0.03
-2.2123e-02,-0.055,-0.255
-2.2122e-02,-0.17,0.02
-2.2120e-02,-0.125,-0.29
-2.2118e-02,-0.095,0.045
-2.2117e-02,-0.1,-0.285
-2.2115e-02,-0.05,0.04
-2.2114e-02,-0.135,-0.295
-2.2112e-02,-0.08,0.04
-2.2110e-02,-0.13,-0.27
-2.2109e-02,0.02,0.025
-2.2107e-02,-0.11,-0.26
-2.2106e-02,-0.15,0.02
-2.2104e-02,-0.075,-0.29
-2.2102e-02,-0.095,0.04
-2.2101e-02,-0.13,-0.26
-2.2099e-02,-0.14,0.015
-2.2098e-02,-0.145,-0.275
-2.2096e-02,-0.19,0.03
-2.2094e-02,-0.13,-0.26
-2.2093e-02,-0.11,0.02
-2.2091e-02,-0.205,-0.255
-2.2090e-02,-0.11,0.015
-2.2088e-02,-0.115,-0.275
-2.2086e-02,-0.115,0.025
-2.2085e-02,-0.1,-0.265
-2.2083e-02,-0.095,0.025
-2.2082e-02,-0.105,-0.27
-2.2080e-02,-0.09,0.02
-2.2078e-02,-0.06,-0.28
-2.2077e-02,-0.115,0.035
-2.2075e-02,-0.15,-0.285
-2.2074e-02,-0.135,0.04
-2.2072e-02,-0.14,-0.26
-2.2070e-02,-0.1,0.02
-2.2069e-02,-0.09,-0.265
-2.2067e-02,-0.18,0.02
-2.2066e-02,-0.14,-0.275
-2.2064e-02,-0.115,0.04
-2.2062e-02,-0.08,-0.255
-2.2061e-02,-0.165,0.01
-2.2059e-02,-0.125,-0.265
-2.2058e-02,-0.115,0.025
-2.2056e-02,-0.095,-0.275
-2.2054e-02,-0.06,0.03
-2.2053e-02,-0.185,-0.28
-2.2051e-02,-0.105,0.045
-2.2050e-02,-0.105,-0.295
-2.2048e-02,-0.02,0.05
-2.2046e-02,-0.12,-0.26
-2.2045e-02,-0.08,0.02
-2.2043e-02,-0.1,-0.26
-2.2042e-02,-0.08,0.015
-2.2040e-02,-0.085,-0.27
-2.2038e-02,-0.125,0.02
-2.2037e-02,-0.145,-0.255
-2.2035e-02,-0.15,0.01
-2.2034e-02,-0.09,-0.29
-2.2032e-02,-0.23,0.05
-2.2030e-02,-0.135,-0.27
-2.2029e-02,-0.175,0.03
-2.2027e-02,-0.185,-0.245
-2.2026e-02,-0.125,0
-2.2024e-02,-0.195,-0.27
-2.2022e-02,-0.17,0.02
-2.2021e-02,-0.165,-0.275
-2.2019e-02,-0.075,0.03
-2.2018e-02,-0.16,-0.27
-2.2016e-02,-0.09,0.03
-2.2014e-02,-0.1,-0.275
-2.2013e-02,-0.095,0.03
-2.2011e-02,-0.035,-0.285
-2.2010e-02,-0.07,0.04
-2.2008e-02,-0.07,-0.26
-2.2006e-02,-0.095,0.005
-2.2005e-02,-0.08,-0.265
-2.2003e-02,-0.075,0.01
-2.2002e-02,-0.1,-0.255
-2.2000e-02,-0.15,0.005
-2.1998e-02,-0.16,-0.27
-2.1997e-02,-0.125,0.02
-2.1995e-02,-0.14,-0.265
-2.1994e-02,-0.24,0.015
-2.1992e-02,-0.145,-0.305
-2.1990e-02,-0.275,0.05
-2.1989e-02,-0.135,-0.28
-2.1987e-02,-0.155,0.03
-2.1986e-02,-0.185,-0.26
-2.1984e-02,-0.12,0.015
-2.1982e-02,-0.05,-0.26
-2.1981e-02,-0.09,0.005
-2.1979e-02,-0.1,-0.275
-2.1978e-02,-0.15,0.02
-2.1976e-02,-0.045,-0.27
-2.1974e-02,-0.1,0.02
-2.1973e-02,-0.075,-0.26
-2.1971e-02,-0.135,0
-2.1970e-02,-0.02,-0.28
-2.1968e-02,-0.115,0.025
-2.1966e-02,-0.055,-0.27
-2.1965e-02,-0.165,0.02
-2.1963e-02,-0.135,-0.285
-2.1962e-02,-0.19,0.02
-2.1960e-02,-0.15,-0.27
-2.1958e-02,-0.2,0.02
-2.1957e-02,-0.22,-0.3
-2.1955e-02,-0.17,0.045
-2.1954e-02,-0.165,-0.265
-2.1952e-02,-0.17,0.01
-2.1950e-02,-0.11,-0.29
-2.1949e-02,-0.175,0.03
-2.1947e-02,-0.16,-0.275
-2.1946e-02,-0.09,0.015
-2.1944e-02,-0.12,-0.265
-2.1942e-02,-0.09,0.01
-2.1941e-02,-0.105,-0.27
-2.1939e-02,-0.105,0.015
-2.1938e-02,-0.085,-0.29
-2.1936e-02,-0.015,0.035
-2.1934e-02,-0.15,-0.28
-2.1933e-02,-0.065,0.02
-2.1931e-02,-0.155,-0.28
-2.1930e-02,-0.095,0.03
-2.1928e-02,-0.21,-0.28
-2.1926e-02,-0.155,0.025
-2.1925e-02,-0.23,-0.27
-2.1923e-02,-0.12,0.015
-2.1922e-02,-0.22,-0.275
-2.1920e-02,-0.175,0.015
-2.1918e-02,-0.215,-0.3
-2.1917e-02,-0.1,0.04
-2.1915e-02,-0.14,-0.285
-2.1914e-02,-0.175,0.03
-2.1912e-02,-0.125,-0.285
-2.1910e-02,-0.125,0.035
-2.1909e-02,-0.135,-0.295
-2.1907e-02,-0.085,0.035
-2.1906e-02,-0.1,-0.3
-2.1904e-02,-0.18,0.045
-2.1902e-02,-0.025,-0.27
-2.1901e-02,-0.105,0.015
-2.1899e-02,-0.115,-0.26
-2.1898e-02,-0.125,0.01
-2.1896e-02,-0.075,-0.285
-2.1894e-02,-0.115,0.03
-2.1893e-02,-0.095,-0.275
-2.1891e-02,-0.15,0.02
-2.1890e-02,-0.09,-0.28
-2.1888e-02,-0.15,0.025
-2.1886e-02,-0.02,-0.27
-2.1885e-02,-0.17,0.02
-2.1883e-02,-0.105,-0.27
-2.1882e-02,-0.11,0.02
-2.1880e-02,-0.095,-0.29
-2.1878e-02,-0.18,0.04
-2.1877e-02,-0.135,-0.305
-2.1875e-02,-0.15,0.05
-2.1874e-02,-0.115,-0.28
-2.1872e-02,-0.165,0.03
-2.1870e-02,-0.135,-0.285
-2.1869e-02,-0.2,0.035
-2.1867e-02,-0.065,-0.3
-2.1866e-02,-0.165,0.04
-2.1864e-02,-0.125,-0.275
-2.1862e-02,-0.115,0.02
-2.1861e-02,-0.125,-0.325
-2.1859e-02,-0.1,0.065
-2.1858e-02,-0.08,-0.295
-2.1856e-02,-0.11,0.04
-2.1854e-02,-0.115,-0.305
-2.1853e-02,-0.125,0.035
-2.1851e-02,-0.125,-0.28
-2.1850e-02,-0.15,0.02
-2.1848e-02,-0.135,-0.265
-2.1846e-02,-0.19,0
-2.1845e-02,-0.175,-0.275
-2.1843e-02,-0.065,0.01
-2.1842e-02,-0.11,-0.295
-2.1840e-02,-0.115,0.04
-2.1838e-02,-0.18,-0.285
-2.1837e-02,-0.145,0.02
-2.1835e-02,-0.17,-0.27
-2.1834e-02,-0.115,0.01
-2.1832e-02,-0.26,-0.27
-2.1830e-02,-0.115,0.01
-2.1829e-02,-0.11,-0.3
-2.1827e-02,-0.085,0.04
-2.1826e-02,-0.155,-0.29
-2.1824e-02,-0.085,0.025
-2.1822e-02,-0.075,-0.285
-2.1821e-02,-0.12,0.025
-2.1819e-02,-0.115,-0.3
-2.1818e-02,-0.17,0.035
-2.1816e-02,-0.18,-0.33
-2.1814e-02,-0.085,0.055
-2.1813e-02,-0.2,-0.275
-2.1811e-02,-0.24,0.005
-2.1810e-02,-0.195,-0.3
-2.1808e-02,-0.165,0.03
-2.1806e-02,-0.195,-0.285
-2.1805e-02,-0.135,0.02
-2.1803e-02,-0.205,-0.32
-2.1802e-02,-0.175,0.055
-2.1800e-02,-0.125,-0.285
-2.1798e-02,-0.105,0.015
-2.1797e-02,-0.16,-0.31
-2.1795e-02,-0.06,0.04
-2.1794e-02,-0.15,-0.33
-2.1792e-02,-0.115,0.065
-2.1790e-02,-0.085,-0.29
-2.1789e-02,-0.135,0.03
-2.1787e-02,-0.18,-0.295
-2.1786e-02,-0.215,0.03
-2.1784e-02,-0.12,-0.305
-2.1782e-02,-0.14,0.04
-2.1781e-02,-0.115,-0.29
-2.1779e-02,-0.155,0.025
-2.1778e-02,-0.07,-0.29
-2.1776e-02,-0.07,0.025
-2.1774e-02,-0.04,-0.3
-2.1773e-02,-0.165,0.04
-2.1771e-02,-0.075,-0.28
-2.1770e-02,-0.055,0.02
-2.1768e-02,-0.065,-0.29
-2.1766e-02,-0.105,0.03
-2.1765e-02,-0.1,-0.295
-2.1763e-02,-0.07,0.035
-2.1762e-02,-0.075,-0.285
-2.1760e-02,-0.115,0.03
-2.1758e-02,-0.21,-0.34
-2.1757e-02,-0.13,0.07
-2.1755e-02,-0.175,-0.29
-2.1754e-02,-0.16,0.03
-2.1752e-02,-0.225,-0.285
-2.1750e-02,-0.185,0.025
-2.1749e-02,-0.185,-0.285
-2.1747e-02,-0.135,0.025
-2.1746e-02,-0.11,-0.3
-2.1744e-02,-0.145,0.03
-2.1742e-02,-0.17,-0.34
-2.1741e-02,-0.13,0.075
-2.1739e-02,-0.08,-0.29
-2.1738e-02,-0.12,0.03
-2.1736e-02,-0.165,-0.31
-2.1734e-02,-0.13,0.055
-2.1733e-02,-0.085,-0.31
-2.1731e-02,-0.17,0.05
-2.1730e-02,-0.075,-0.295
-2.1728e-02,-0.16,0.035
-2.1726e-02,-0.16,-0.285
-2.1725e-02,-0.13,0.03
-2.1723e-02,-0.095,-0.29
-2.1722e-02,-0.155,0.025
-2.1720e-02,-0.095,-0.305
-2.1718e-02,-0.085,0.04
-2.1717e-02,-0.05,-0.3
-2.1715e-02,-0.06,0.03
-2.1714e-02,-0.06,-0.31
-2.1712e-02,-0.13,0.045
-2.1710e-02,-0.115,-0.29
-2.1709e-02,-0.08,0.025
-2.1707e-02,-0.155,-0.31
-2.1706e-02,-0.215,0.045
-2.1704e-02,-0.14,-0.28
-2.1702e-02,-0.095,0.02
-2.1701e-02,-0.14,-0.325
-2.1699e-02,-0.225,0.06
-2.1698e-02,-0.21,-0.28
-2.1696e-02,-0.185,0.01
-2.1694e-02,-0.22,-0.3
-2.1693e-02,-0.17,0.03
-2.1691e-02,-0.235,-0.285
-2.1690e-02,-0.155,0.02
-2.1688e-02,-0.115,-0.285
-2.1686e-02,-0.055,0.015
-2.1685e-02,-0.15,-0.32
-2.1683e-02,-0.125,0.045
-2.1682e-02,-0.12,-0.325
-2.1680e-02,-0.055,0.05
-2.1678e-02,-0.13,-0.305
-2.1677e-02,-0.1,0.04
-2.1675e-02,-0.09,-0.3
-2.1674e-02,-0.14,0.03
-2.1672e-02,-0.095,-0.31
-2.1670e-02,-0.115,0.03
-2.1669e-02,-0.18,-0.295
-2.1667e-02,-0.18,0.015
-2.1666e-02,-0.12,-0.305
-2.1664e-02,-0.085,0.03
-2.1662e-02,-0.175,-0.305
-2.1661e-02,-0.095,0.035
-2.1659e-02,-0.165,-0.315
-2.1658e-02,-0.13,0.04
-2.1656e-02,-0.09,-0.295
-2.1654e-02,-0.11,0.02
-2.1653e-02,-0.17,-0.305
-2.1651e-02,-0.085,0.03
-2.1650e-02,-0.05,-0.31
-2.1648e-02,-0.095,0.02
-2.1646e-02,-0.21,-0.29
-2.1645e-02,-0.135,0.01
-2.1643e-02,-0.16,-0.285
-2.1642e-02,-0.105,0.005
-2.1640e-02,-0.215,-0.3
-2.1638e-02,-0.135,0.02
-2.1637e-02,-0.215,-0.29
-2.1635e-02,-0.155,0.02
-2.1634e-02,-0.16,-0.29
-2.1632e-02,-0.115,0.02
-2.1630e-02,-0.215,-0.31
-2.1629e-02,-0.115,0.04
-2.1627e-02,-0.06,-0.28
-2.1626e-02,-0.08,0.005
-2.1624e-02,-0.115,-0.3
-2.1622e-02,-0.135,0.025
-2.1621e-02,-0.105,-0.305
-2.1619e-02,-0.19,0.03
-2.1618e-02,-0.08,-0.29
-2.1616e-02,-0.21,0.02
-2.1614e-02,-0.085,-0.29
-2.1613e-02,-0.155,0.02
-2.1611e-02,-0.08,-0.315
-2.1610e-02,-0.21,0.04
-2.1608e-02,-0.06,-0.325
-2.1606e-02,-0.115,0.045
-2.1605e-02,-0.085,-0.315
-2.1603e-02,-0.095,0.045
-2.1602e-02,-0.085,-0.3
-2.1600e-02,-0.175,0.035
-2.1598e-02,-0.04,-0.285
-2.1597e-02,-0.095,0.015
-2.1595e-02,-0.11,-0.295
-2.1594e-02,-0.135,0.03
-2.1592e-02,-0.065,-0.315
-2.1590e-02,-0.12,0.05
-2.1589e-02,-0.095,-0.31
-2.1587e-02,-0.215,0.045
-2.1586e-02,-0.14,-0.285
-2.1584e-02,-0.22,0.02
-2.1582e-02,-0.06,-0.295
-2.1581e-02,-0.175,0.03
-2.1579e-02,-0.21,-0.295
-2.1578e-02,-0.26,0.03
-2.1576e-02,-0.14,-0.305
-2.1574e-02,-0.225,0.045
-2.1573e-02,-0.165,-0.305
-2.1571e-02,-0.215,0.03
-2.1570e-02,-0.14,-0.29
-2.1568e-02,-0.2,0.02
-2.1566e-02,-0.13,-0.32
-2.1565e-02,-0.26,0.055
-2.1563e-02,-0.135,-0.325
-2.1562e-02,-0.05,0.055
-2.1560e-02,-0.13,-0.3
-2.1558e-02,-0.17,0.02
-2.1557e-02,-0.125,-0.285
-2.1555e-02,-0.14,0.01
-2.1554e-02,-0.115,-0.28
-2.1552e-02,-0.12,0.005
-2.1550e-02,-0.175,-0.3
-2.1549e-02,-0.16,0.025
-2.1547e-02,-0.1,-0.29
-2.1546e-02,-0.235,0.015
-2.1544e-02,-0.245,-0.295
-2.1542e-02,-0.17,0.015
-2.1541e-02,-0.16,-0.31
-2.1539e-02,-0.19,0.035
-2.1538e-02,-0.175,-0.29
-2.1536e-02,-0.265,0.01
-2.1534e-02,-0.165,-0.3
-2.1533e-02,-0.11,0.02
-2.1531e-02,-0.105,-0.315
-2.1530e-02,-0.12,0.03
-2.1528e-02,-0.09,-0.31
-2.1526e-02,-0.12,0.025
-2.1525e-02,-0.19,-0.34
-2.1523e-02,-0.115,0.055
-2.1522e-02,-0.17,-0.32
-2.1520e-02,-0.145,0.04
-2.1518e-02,-0.115,-0.3
-2.1517e-02,-0.09,0.02
-2.1515e-02,-0.24,-0.275
-2.1514e-02,-0.12,-0.01
-2.1512e-02,-0.235,-0.29
-2.1510e-02,-0.095,0.01
-2.1509e-02,-0.12,-0.315
-2.1507e-02,-0.115,0.03
-2.1506e-02,-0.14,-0.31
-2.1504e-02,-0.03,0.025
-2.1502e-02,-0.165,-0.32
-2.1501e-02,-0.085,0.04
-2.1499e-02,-0.165,-0.295
-2.1498e-02,-0.17,0.015
-2.1496e-02,-0.11,-0.285
-2.1494e-02,-0.175,0
-2.1493e-02,-0.215,-0.305
-2.1491e-02,-0.08,0.02
-2.1490e-02,-0.15,-0.29
-2.1488e-02,-0.055,0.01
-2.1486e-02,-0.185,-0.31
-2.1485e-02,-0.165,0.02
-2.1483e-02,-0.1,-0.315
-2.1482e-02,-0.055,0.035
-2.1480e-02,-0.055,-0.31
-2.1478e-02,-0.105,0.03
-2.1477e-02,-0.07,-0.3
-2.1475e-02,-0.095,0.015
-2.1474e-02,-0.025,-0.34
-2.1472e-02,-0.14,0.055
-2.1470e-02,-0.075,-0.3
-2.1469e-02,-0.14,0.025
-2.1467e-02,-0.05,-0.3
-2.1466e-02,-0.165,0.02
-2.1464e-02,-0.18,-0.33
-2.1462e-02,-0.2,0.05
-2.1461e-02,-0.085,-0.29
-2.1459e-02,-0.185,0.01
-2.1458e-02,-0.12,-0.295
-2.1456e-02,-0.225,0.005
-2.1454e-02,-0.1,-0.305
-2.1453e-02,-0.16,0.02
-2.1451e-02,-0.125,-0.29
-2.1450e-02,-0.18,0.01
-2.1448e-02,-0.05,-0.29
-2.1446e-02,-0.165,0.005
-2.1445e-02,-0.095,-0.315
-2.1443e-02,-0.2,0.025
-2.1442e-02,-0.085,-0.28
-2.1440e-02,-0.075,0.005
-2.1438e-02,-0.12,-0.3
-2.1437e-02,-0.19,0.015
-2.1435e-02,-0.195,-0.315
-2.1434e-02,-0.15,0.03
-2.1432e-02,-0.145,-0.29
-2.1430e-02,-0.09,0.01
-2.1429e-02,-0.21,-0.305
-2.1427e-02,-0.12,0.025
-2.1426e-02,-0.135,-0.3
-2.1424e-02,-0.14,0.015
-2.1422e-02,-0.055,-0.3
-2.1421e-02,-0.1,0.015
-2.1419e-02,-0.065,-0.31
-2.1418e-02,-0.12,0.015
-2.1416e-02,-0.08,-0.32
-2.1414e-02,-0.14,0.035
-2.1413e-02,-0.1,-0.28
-2.1411e-02,-0.155,-0.005
-2.1410e-02,-0.04,-0.365
-2.1408e-02,-0.2,0.075
-2.1406e-02,-0.155,-0.31
-2.1405e-02,-0.22,0.035
-2.1403e-02,-0.03,-0.33
-2.1402e-02,-0.135,0.05
-2.1400e-02,-0.075,-0.31
-2.1398e-02,-0.145,0.025
-2.1397e-02,-0.085,-0.325
-2.1395e-02,-0.09,0.035
-2.1394e-02,0.005,-0.305
-2.1392e-02,-0.185,0.025
-2.1390e-02,-0.105,-0.315
-2.1389e-02,-0.08,0.025
-2.1387e-02,-0.075,-0.3
-2.1386e-02,-0.09,0.015
-2.1384e-02,-0.16,-0.305
-2.1382e-02,-0.065,0.01
-2.1381e-02,-0.1,-0.3
-2.1379e-02,-0.12,0.02
-2.1378e-02,-0.225,-0.28
-2.1376e-02,-0.135,-0.005
-2.1374e-02,-0.095,-0.305
-2.1373e-02,-0.095,0.015
-2.1371e-02,-0.175,-0.325
-2.1370e-02,-0.225,0.035
-2.1368e-02,-0.17,-0.29
-2.1366e-02,-0.105,-0.005
-2.1365e-02,-0.125,-0.315
-2.1363e-02,-0.125,0.025
-2.1362e-02,-0.18,-0.31
-2.1360e-02,-0.135,0.025
-2.1358e-02,-0.07,-0.29
-2.1357e-02,-0.17,0.005
-2.1355e-02,-0.11,-0.325
-2.1354e-02,-0.09,0.035
-2.1352e-02,-0.125,-0.31
-2.1350e-02,-0.13,0.02
-2.1349e-02,-0.18,-0.315
-2.1347e-02,-0.14,0.015
-2.1346e-02,-0.085,-0.3
-2.1344e-02,-0.165,0.01
-2.1342e-02,-0.19,-0.31
-2.1341e-02,-0.18,0.03
-2.1339e-02,-0.185,-0.335
-2.1338e-02,-0.1,0.04
-2.1336e-02,-0.205,-0.3
-2.1334e-02,-0.12,0.01
-2.1333e-02,-0.22,-0.31
-2.1331e-02,-0.16,0.02
-2.1330e-02,-0.14,-0.315
-2.1328e-02,-0.065,0.03
-2.1326e-02,-0.13,-0.33
-2.1325e-02,-0.105,0.035
-2.1323e-02,-0.1,-0.285
-2.1322e-02,-0.065,-0.01
-2.1320e-02,-0.08,-0.33
-2.1318e-02,-0.13,0.035
-2.1317e-02,-0.1,-0.285
-2.1315e-02,-0.02,0
-2.1314e-02,-0.115,-0.315
-2.1312e-02,-0.1,0.02
-2.1310e-02,-0.185,-0.32
-2.1309e-02,-0.085,0.025
-2.1307e-02,-0.055,-0.315
-2.1306e-02,-0.145,0.015
-2.1304e-02,-0.195,-0.295
-2.1302e-02,-0.19,0
-2.1301e-02,-0.155,-0.305
-2.1299e-02,-0.13,0.015
-2.1298e-02,-0.25,-0.295
-2.1296e-02,-0.17,0
-2.1294e-02,-0.21,-0.305
-2.1293e-02,-0.18,0.005
-2.1291e-02,-0.225,-0.315
-2.1290e-02,-0.225,0.02
-2.1288e-02,-0.145,-0.32
-2.1286e-02,-0.155,0.025
-2.1285e-02,-0.265,-0.34
-2.1283e-02,-0.23,0.045
-2.1282e-02,-0.215,-0.315
-2.1280e-02,-0.14,0.015
-2.1278e-02,-0.13,-0.305
-2.1277e-02,-0.2,0.005
-2.1275e-02,-0.205,-0.31
-2.1274e-02,-0.165,0.015
-2.1272e-02,-0.19,-0.315
-2.1270e-02,-0.17,0.015
-2.1269e-02,-0.125,-0.335
-2.1267e-02,-0.24,0.03
-2.1266e-02,-0.13,-0.31
-2.1264e-02,-0.21,0.015
-2.1262e-02,-0.12,-0.31
-2.1261e-02,-0.155,0.01
-2.1259e-02,-0.105,-0.305
-2.1258e-02,-0.18,0
-2.1256e-02,-0.12,-0.32
-2.1254e-02,-0.22,0.015
-2.1253e-02,-0.14,-0.315
-2.1251e-02,-0.235,0.01
-2.1250e-02,-0.17,-0.315
-2.1248e-02,-0.125,0.015
-2.1246e-02,-0.155,-0.305
-2.1245e-02,-0.28,0
-2.1243e-02,-0.185,-0.3
-2.1242e-02,-0.17,0
-2.1240e-02,-0.135,-0.29
-2.1238e-02,-0.15,-0.005
-2.1237e-02,-0.245,-0.32
-2.1235e-02,-0.18,0.015
-2.1234e-02,-0.12,-0.325
-2.1232e-02,-0.095,0.025
-2.1230e-02,-0.175,-0.315
-2.1229e-02,-0.09,0.02
-2.1227e-02,-0.24,-0.305
-2.1226e-02,-0.015,0.01
-2.1224e-02,-0.24,-0.31
-2.1222e-02,-0.165,0.01
-2.1221e-02,-0.18,-0.335
-2.1219e-02,-0.085,0.03
-2.1218e-02,-0.11,-0.335
-2.1216e-02,-0.135,0.045
-2.1214e-02,-0.175,-0.3
-2.1213e-02,-0.145,0.005
-2.1211e-02,-0.07,-0.31
-2.1210e-02,-0.12,0.01
-2.1208e-02,-0.08,-0.305
-2.1206e-02,-0.125,0.005
-2.1205e-02,-0.165,-0.3
-2.1203e-02,-0.125,0
-2.1202e-02,-0.08,-0.305
-2.1200e-02,-0.16,0.005
-2.1198e-02,-0.115,-0.315
-2.1197e-02,-0.155,0.015
-2.1195e-02,-0.14,-0.29
-2.1194e-02,-0.155,-0.005
-2.1192e-02,-0.175,-0.3
-2.1190e-02,-0.18,0.005
-2.1189e-02,-0.115,-0.33
-2.1187e-02,-0.185,0.025
-2.1186e-02,-0.195,-0.305
-2.1184e-02,-0.22,0.005
-2.1182e-02,-0.2,-0.29
-2.1181e-02,-0.11,-0.01
-2.1179e-02,-0.15,-0.315
-2.1178e-02,-0.23,0.015
-2.1176e-02,-0.18,-0.32
-2.1174e-02,-0.18,0.025
-2.1173e-02,-0.085,-0.335
-2.1171e-02,-0.16,0.035
-2.1170e-02,-0.15,-0.32
-2.1168e-02,-0.185,0.025
-2.1166e-02,-0.03,-0.305
-2.1165e-02,-0.14,0.01
-2.1163e-02,-0.07,-0.305
-2.1162e-02,-0.125,0.005
-2.1160e-02,-0.11,-0.305
-2.1158e-02,0,0.005
-2.1157e-02,-0.155,-0.325
-2.1155e-02,-0.095,0.035
-2.1154e-02,-0.23,-0.295
-2.1152e-02,-0.09,0
-2.1150e-02,-0.125,-0.32
-2.1149e-02,-0.105,0.025
-2.1147e-02,-0.235,-0.31
-2.1146e-02,-0.12,0.005
-2.1144e-02,-0.145,-0.32
-2.1142e-02,-0.13,0.025
-2.1141e-02,-0.125,-0.325
-2.1139e-02,-0.13,0.03
-2.1138e-02,-0.075,-0.305
-2.1136e-02,-0.105,0
-2.1134e-02,-0.175,-0.33
-2.1133e-02,-0.13,0.025
-2.1131e-02,-0.135,-0.31
-2.1130e-02,-0.115,0.01
-2.1128e-02,-0.115,-0.325
-2.1126e-02,-0.205,0.025
-2.1125e-02,-0.18,-0.315
-2.1123e-02,-0.225,0.01
-2.1122e-02,-0.21,-0.3
-2.1120e-02,-0.15,-0.005
-2.1118e-02,-0.165,-0.315
-2.1117e-02,-0.19,0.02
-2.1115e-02,-0.195,-0.33
-2.1114e-02,-0.11,0.03
-2.1112e-02,-0.175,-0.33
-2.1110e-02,-0.135,0.025
-2.1109e-02,-0.175,-0.305
-2.1107e-02,-0.07,0
-2.1106e-02,-0.085,-0.32
-2.1104e-02,-0.055,0.005
-2.1102e-02,-0.185,-0.305
-2.1101e-02,-0.13,-0.005
-2.1099e-02,-0.165,-0.35
-2.1098e-02,-0.07,0.045
-2.1096e-02,-0.11,-0.355
-2.1094e-02,-0.235,0.04
-2.1093e-02,-0.125,-0.31
-2.1091e-02,-0.18,0
-2.1090e-02,-0.19,-0.35
-2.1088e-02,-0.24,0.04
-2.1086e-02,-0.2,-0.35
-2.1085e-02,-0.175,0.04
-2.1083e-02,-0.175,-0.315
-2.1082e-02,-0.255,0.005
-2.1080e-02,-0.225,-0.32
-2.1078e-02,-0.225,0.005
-2.1077e-02,-0.195,-0.325
-2.1075e-02,-0.145,0.01
-2.1074e-02,-0.235,-0.345
-2.1072e-02,-0.19,0.04
-2.1070e-02,-0.205,-0.3
-2.1069e-02,-0.12,-0.01
-2.1067e-02,-0.225,-0.325
-2.1066e-02,-0.1,0.01
-2.1064e-02,-0.17,-0.325
-2.1062e-02,-0.14,0.015
-2.1061e-02,-0.135,-0.355
-2.1059e-02,-0.095,0.04
-2.1058e-02,-0.14,-0.31
-2.1056e-02,-0.11,0
-2.1054e-02,-0.08,-0.34
-2.1053e-02,-0.055,0.03
-2.1051e-02,-0.005,-0.33
-2.1050e-02,-0.215,0.015
-2.1048e-02,-0.135,-0.31
-2.1046e-02,-0.135,0.005
-2.1045e-02,-0.135,-0.31
-2.1043e-02,-0.145,0.005
-2.1042e-02,-0.21,-0.33
-2.1040e-02,-0.17,0.025
-2.1038e-02,-0.125,-0.315
-2.1037e-02,-0.165,0.01
-2.1035e-02,-0.23,-0.335
-2.1034e-02,-0.1,0.025
-2.1032e-02,-0.12,-0.36
-2.1030e-02,-0.03,0.055
-2.1029e-02,-0.115,-0.33
-2.1027e-02,-0.19,0.02
-2.1026e-02,-0.09,-0.3
-2.1024e-02,-0.1,-0.005
-2.1022e-02,-0.2,-0.33
-2.1021e-02,-0.135,0.035
-2.1019e-02,-0.21,-0.325
-2.1018e-02,-0.155,0.015
-2.1016e-02,-0.155,-0.33
-2.1014e-02,-0.22,0.01
-2.1013e-02,-0.265,-0.305
-2.1011e-02,-0.25,0
-2.1010e-02,-0.145,-0.335
-2.1008e-02,-0.235,0.025
-2.1006e-02,-0.115,-0.315
-2.1005e-02,-0.2,0.005
-2.1003e-02,-0.15,-0.32
-2.1002e-02,-0.14,0.02
-2.1000e-02,-0.16,-0.32
-2.0998e-02,-0.145,0.02
-2.0997e-02,-0.12,-0.335
-2.0995e-02,-0.155,0.025
-2.0994e-02,-0.05,-0.34
-2.0992e-02,-0.115,0.035
-2.0990e-02,-0.115,-0.335
-2.0989e-02,-0.155,0.025
-2.0987e-02,-0.085,-0.315
-2.0986e-02,-0.17,0.005
-2.0984e-02,-0.075,-0.31
-2.0982e-02,-0.18,0.005
-2.0981e-02,-0.095,-0.305
-2.0979e-02,-0.085,0
-2.0978e-02,-0.05,-0.33
-2.0976e-02,-0.19,0.015
-2.0974e-02,-0.09,-0.34
-2.0973e-02,-0.17,0.025
-2.0971e-02,-0.01,-0.31
-2.0970e-02,-0.17,0
-2.0968e-02,-0.14,-0.315
-2.0966e-02,-0.17,0
-2.0965e-02,-0.15,-0.315
-2.0963e-02,-0.165,0
-2.0962e-02,-0.195,-0.325
-2.0960e-02,-0.185,0.015
-2.0958e-02,-0.175,-0.34
-2.0957e-02,-0.025,0.03
-2.0955e-02,-0.19,-0.335
-2.0954e-02,-0.11,0.02
-2.0952e-02,-0.205,-0.325
-2.0950e-02,-0.13,0.015
-2.0949e-02,-0.115,-0.325
-2.0947e-02,-0.215,0.01
-2.0946e-02,-0.15,-0.34
-2.0944e-02,-0.12,0.02
-2.0942e-02,-0.11,-0.315
-2.0941e-02,-0.055,0
-2.0939e-02,-0.145,-0.33
-2.0938e-02,-0.16,0.015
-2.0936e-02,-0.145,-0.32
-2.0934e-02,-0.15,0
-2.0933e-02,-0.2,-0.325
-2.0931e-02,-0.165,0.01
-2.0930e-02,-0.175,-0.32
-2.0928e-02,-0.16,0.01
-2.0926e-02,-0.155,-0.345
-2.0925e-02,-0.215,0.02
-2.0923e-02,-0.165,-0.315
-2.0922e-02,-0.215,-0.01
-2.0920e-02,-0.105,-0.36
-2.0918e-02,-0.145,0.035
-2.0917e-02,-0.11,-0.315
-2.0915e-02,-0.18,0.005
-2.0914e-02,-0.075,-0.345
-2.0912e-02,-0.16,0.02
-2.0910e-02,-0.1,-0.305
-2.0909e-02,-0.16,-0.015
-2.0907e-02,-0.185,-0.315
-2.0906e-02,-0.105,-0.005
-2.0904e-02,-0.085,-0.31
-2.0902e-02,-0.15,-0.01
-2.0901e-02,-0.16,-0.32
-2.0899e-02,-0.1,0
-2.0898e-02,-0.155,-0.31
-2.0896e-02,-0.04,-0.01
-2.0894e-02,-0.225,-0.34
-2.0893e-02,-0.145,0.02
-2.0891e-02,-0.13,-0.345
-2.0890e-02,-0.055,0.02
-2.0888e-02,-0.165,-0.335
-2.0886e-02,-0.115,0.02
-2.0885e-02,-0.14,-0.325
-2.0883e-02,-0.08,0.01
-2.0882e-02,-0.145,-0.325
-2.0880e-02,-0.17,0.01
-2.0878e-02,-0.105,-0.325
-2.0877e-02,-0.025,0.005
-2.0875e-02,-0.13,-0.34
-2.0874e-02,-0.1,0.025
-2.0872e-02,-0.115,-0.315
-2.0870e-02,-0.11,-0.005
-2.0869e-02,-0.135,-0.31
-2.0867e-02,-0.095,0
-2.0866e-02,-0.24,-0.33
-2.0864e-02,-0.025,0.02
-2.0862e-02,-0.165,-0.345
-2.0861e-02,-0.135,0.025
-2.0859e-02,-0.22,-0.34
-2.0858e-02,-0.15,0.025
-2.0856e-02,-0.23,-0.32
-2.0854e-02,-0.16,0
-2.0853e-02,-0.27,-0.335
-2.0851e-02,-0.23,0.02
-2.0850e-02,-0.16,-0.32
-2.0848e-02,-0.2,0.005
-2.0846e-02,-0.195,-0.34
-2.0845e-02,-0.175,0.03
-2.0843e-02,-0.175,-0.325
-2.0842e-02,-0.15,0.005
-2.0840e-02,-0.19,-0.315
-2.0838e-02,-0.115,-0.005
-2.0837e-02,-0.19,-0.335
-2.0835e-02,-0.15,0.01
-2.0834e-02,-0.08,-0.295
-2.0832e-02,-0.11,-0.02
-2.0830e-02,-0.055,-0.325
-2.0829e-02,-0.15,0
-2.0827e-02,-0.245,-0.325
-2.0826e-02,-0.13,-0.005
-2.0824e-02,-0.155,-0.31
-2.0822e-02,-0.215,-0.01
-2.0821e-02,-0.13,-0.315
-2.0819e-02,-0.165,-0.01
-2.0818e-02,-0.115,-0.32
-2.0816e-02,-0.16,0.005
-2.0814e-02,-0.195,-0.325
-2.0813e-02,-0.23,0
-2.0811e-02,-0.13,-0.31
-2.0810e-02,-0.13,-0.015
-2.0808e-02,-0.25,-0.315
-2.0806e-02,-0.185,-0.005
-2.0805e-02,-0.215,-0.315
-2.0803e-02,-0.185,-0.015
-2.0802e-02,-0.18,-0.33
-2.0800e-02,-0.2,0.015
-2.0798e-02,-0.275,-0.34
-2.0797e-02,-0.13,0.01
-2.0795e-02,-0.21,-0.375
-2.0794e-02,-0.185,0.045
-2.0792e-02,-0.205,-0.335
-2.0790e-02,-0.155,0.01
-2.0789e-02,-0.18,-0.345
-2.0787e-02,-0.15,0.015
-2.0786e-02,-0.155,-0.33
-2.0784e-02,-0.22,0
-2.0782e-02,-0.185,-0.35
-2.0781e-02,-0.13,0.03
-2.0779e-02,-0.195,-0.345
-2.0778e-02,-0.11,0.02
-2.0776e-02,-0.175,-0.345
-2.0774e-02,-0.13,0.015
-2.0773e-02,-0.115,-0.325
-2.0771e-02,-0.22,-0.005
-2.0770e-02,-0.185,-0.325
-2.0768e-02,-0.17,-0.005
-2.0766e-02,-0.165,-0.31
-2.0765e-02,-0.13,-0.02
-2.0763e-02,-0.115,-0.31
-2.0762e-02,-0.17,-0.015
-2.0760e-02,-0.16,-0.315
-2.0758e-02,-0.1,-0.01
-2.0757e-02,-0.165,-0.345
-2.0755e-02,-0.195,0.02
-2.0754e-02,-0.195,-0.34
-2.0752e-02,-0.15,0.01
-2.0750e-02,-0.155,-0.34
-2.0749e-02,-0.135,0.015
-2.0747e-02,-0.235,-0.355
-2.0746e-02,-0.155,0.015
-2.0744e-02,-0.115,-0.325
-2.0742e-02,-0.205,-0.005
-2.0741e-02,-0.22,-0.32
-2.0739e-02,-0.25,-0.01
-2.0738e-02,-0.21,-0.31
-2.0736e-02,-0.175,-0.01
-2.0734e-02,-0.135,-0.33
-2.0733e-02,-0.165,0.005
-2.0731e-02,-0.19,-0.325
-2.0730e-02,-0.055,0
-2.0728e-02,-0.145,-0.325
-2.0726e-02,-0.185,-0.005
-2.0725e-02,-0.125,-0.31
-2.0723e-02,-0.21,-0.015
-2.0722e-02,-0.095,-0.325
-2.0720e-02,-0.145,0
-2.0718e-02,-0.19,-0.3
-2.0717e-02,-0.08,-0.025
-2.0715e-02,-0.18,-0.315
-2.0714e-02,-0.135,-0.015
-2.0712e-02,-0.16,-0.33
-2.0710e-02,-0.21,0.01
-2.0709e-02,-0.205,-0.34
-2.0707e-02,-0.175,0.01
-2.0706e-02,-0.16,-0.375
-2.0704e-02,-0.165,0.04
-2.0702e-02,-0.185,-0.32
-2.0701e-02,-0.2,0.005
-2.0699e-02,-0.165,-0.335
-2.0698e-02,-0.125,0.015
-2.0696e-02,-0.225,-0.315
-2.0694e-02,-0.22,0
-2.0693e-02,-0.195,-0.345
-2.0691e-02,-0.215,0.02
-2.0690e-02,-0.15,-0.315
-2.0688e-02,-0.115,-0.01
-2.0686e-02,-0.265,-0.32
-2.0685e-02,-0.08,-0.01
-2.0683e-02,-0.095,-0.305
-2.0682e-02,-0.1,-0.015
-2.0680e-02,-0.13,-0.31
-2.0678e-02,-0.155,0
-2.0677e-02,-0.125,-0.3
-2.0675e-02,-0.13,-0.02
-2.0674e-02,-0.125,-0.32
-2.0672e-02,-0.24,-0.005
-2.0670e-02,-0.09,-0.325
-2.0669e-02,-0.14,0.01
-2.0667e-02,-0.135,-0.32
-2.0666e-02,-0.17,0
-2.0664e-02,-0.17,-0.325
-2.0662e-02,-0.15,-0.005
-2.0661e-02,-0.165,-0.31
-2.0659e-02,-0.185,-0.015
-2.0658e-02,-0.22,-0.325
-2.0656e-02,-0.165,0
-2.0654e-02,-0.205,-0.365
-2.0653e-02,-0.13,0.04
-2.0651e-02,-0.18,-0.31
-2.0650e-02,-0.175,-0.01
-2.0648e-02,-0.225,-0.36
-2.0646e-02,-0.155,0.035
-2.0645e-02,-0.165,-0.35
-2.0643e-02,-0.125,0.02
-2.0642e-02,-0.265,-0.315
-2.0640e-02,-0.09,-0.015
-2.0638e-02,-0.15,-0.315
-2.0637e-02,-0.105,-0.01
-2.0635e-02,-0.14,-0.33
-2.0634e-02,-0.16,-0.005
-2.0632e-02,-0.21,-0.335
-2.0630e-02,-0.105,-0.005
-2.0629e-02,-0.21,-0.32
-2.0627e-02,-0.265,-0.005
-2.0626e-02,-0.19,-0.335
-2.0624e-02,-0.24,-0.005
-2.0622e-02,-0.095,-0.355
-2.0621e-02,-0.19,0.02
-2.0619e-02,-0.185,-0.335
-2.0618e-02,-0.125,0
-2.0616e-02,-0.155,-0.355
-2.0614e-02,-0.105,0.01
-2.0613e-02,-0.235,-0.34
-2.0611e-02,-0.16,0
-2.0610e-02,-0.165,-0.32
-2.0608e-02,-0.13,-0.02
-2.0606e-02,-0.235,-0.33
-2.0605e-02,-0.165,-0.01
-2.0603e-02,-0.18,-0.325
-2.0602e-02,-0.23,-0.01
-2.0600e-02,-0.12,-0.35
-2.0598e-02,-0.245,0.005
-2.0597e-02,-0.175,-0.32
-2.0595e-02,-0.19,-0.015
-2.0594e-02,-0.21,-0.315
-2.0592e-02,-0.115,-0.025
-2.0590e-02,-0.19,-0.31
-2.0589e-02,-0.145,-0.03
-2.0587e-02,-0.16,-0.33
-2.0586e-02,-0.08,-0.01
-2.0584e-02,-0.13,-0.33
-2.0582e-02,-0.115,-0.015
-2.0581e-02,-0.22,-0.32
-2.0579e-02,-0.135,-0.02
-2.0578e-02,-0.205,-0.31
-2.0576e-02,-0.07,-0.035
-2.0574e-02,-0.2,-0.325
-2.0573e-02,-0.16,-0.025
-2.0571e-02,-0.135,-0.35
-2.0570e-02,-0.12,0.01
-2.0568e-02,-0.13,-0.335
-2.0566e-02,-0.26,-0.01
-2.0565e-02,-0.19,-0.345
-2.0563e-02,-0.21,0.005
-2.0562e-02,-0.22,-0.32
-2.0560e-02,-0.205,-0.025
-2.0558e-02,-0.2,-0.335
-2.0557e-02,-0.195,-0.01
-2.0555e-02,-0.11,-0.35
-2.0554e-02,-0.115,0.01
-2.0552e-02,-0.19,-0.325
-2.0550e-02,-0.155,-0.015
-2.0549e-02,-0.275,-0.32
-2.0547e-02,-0.25,-0.02
-2.0546e-02,-0.185,-0.34
-2.0544e-02,-0.175,0.005
-2.0542e-02,-0.21,-0.34
-2.0541e-02,-0.205,0
-2.0539e-02,-0.185,-0.33
-2.0538e-02,-0.135,-0.015
-2.0536e-02,-0.22,-0.315
-2.0534e-02,-0.205,-0.02
-2.0533e-02,-0.15,-0.305
-2.0531e-02,-0.24,-0.025
-2.0530e-02,-0.135,-0.3
-2.0528e-02,-0.25,-0.025
-2.0526e-02,-0.195,-0.31
-2.0525e-02,-0.24,-0.025
-2.0523e-02,-0.065,-0.315
-2.0522e-02,-0.17,-0.01
-2.0520e-02,-0.17,-0.3
-2.0518e-02,-0.18,-0.035
-2.0517e-02,-0.175,-0.325
-2.0515e-02,-0.11,-0.005
-2.0514e-02,-0.14,-0.31
-2.0512e-02,-0.075,-0.015
-2.0510e-02,-0.155,-0.32
-2.0509e-02,-0.155,-0.005
-2.0507e-02,-0.075,-0.315
-2.0506e-02,-0.165,-0.015
-2.0504e-02,-0.1,-0.305
-2.0502e-02,-0.22,-0.02
-2.0501e-02,-0.13,-0.325
-2.0499e-02,-0.11,-0.005
-2.0498e-02,-0.09,-0.335
-2.0496e-02,-0.105,0.005
-2.0494e-02,-0.125,-0.34
-2.0493e-02,-0.08,0.01
-2.0491e-02,-0.03,-0.345
-2.0490e-02,-0.085,0.01
-2.0488e-02,-0.145,-0.315
-2.0486e-02,-0.13,-0.01
-2.0485e-02,-0.12,-0.34
-2.0483e-02,-0.07,0.005
-2.0482e-02,-0.145,-0.335
-2.0480e-02,-0.125,0
-2.0478e-02,-0.145,-0.315
-2.0477e-02,-0.11,-0.015
-2.0475e-02,-0.12,-0.33
-2.0474e-02,-0.145,0
-2.0472e-02,-0.14,-0.335
-2.0470e-02,-0.185,0.005
-2.0469e-02,-0.22,-0.365
-2.0467e-02,-0.11,0.025
-2.0466e-02,-0.23,-0.37
-2.0464e-02,-0.14,0.035
-2.0462e-02,-0.24,-0.345
-2.0461e-02,-0.155,0.015
-2.0459e-02,-0.17,-0.345
-2.0458e-02,-0.175,0.01
-2.0456e-02,-0.215,-0.32
-2.0454e-02,-0.21,-0.015
-2.0453e-02,-0.21,-0.325
-2.0451e-02,-0.155,-0.015
-2.0450e-02,-0.21,-0.32
-2.0448e-02,-0.205,-0.015
-2.0446e-02,-0.185,-0.34
-2.0445e-02,-0.13,0
-2.0443e-02,-0.075,-0.315
-2.0442e-02,-0.21,-0.025
-2.0440e-02,-0.185,-0.32
-2.0438e-02,-0.15,-0.025
-2.0437e-02,-0.185,-0.325
-2.0435e-02,-0.105,-0.02
-2.0434e-02,-0.23,-0.34
-2.0432e-02,-0.16,-0.01
-2.0430e-02,-0.15,-0.365
-2.0429e-02,-0.19,0.015
-2.0427e-02,-0.095,-0.365
-2.0426e-02,-0.155,0.015
-2.0424e-02,-0.16,-0.345
-2.0422e-02,-0.155,-0.01
-2.0421e-02,-0.24,-0.315
-2.0419e-02,-0.14,-0.03
-2.0418e-02,-0.305,-0.35
-2.0416e-02,-0.2,-0.005
-2.0414e-02,-0.28,-0.34
-2.0413e-02,-0.25,-0.01
-2.0411e-02,-0.195,-0.34
-2.0410e-02,-0.2,-0.01
-2.0408e-02,-0.28,-0.33
-2.0406e-02,-0.18,-0.02
-2.0405e-02,-0.25,-0.32
-2.0403e-02,-0.07,-0.035
-2.0402e-02,-0.32,-0.34
-2.0400e-02,-0.175,-0.01
-2.0398e-02,-0.265,-0.35
-2.0397e-02,-0.125,0
-2.0395e-02,-0.215,-0.34
-2.0394e-02,-0.23,-0.015
-2.0392e-02,-0.235,-0.32
-2.0390e-02,-0.215,-0.03
-2.0389e-02,-0.21,-0.315
-2.0387e-02,-0.23,-0.03
-2.0386e-02,-0.29,-0.34
-2.0384e-02,-0.2,-0.01
-2.0382e-02,-0.27,-0.325
-2.0381e-02,-0.14,-0.02
-2.0379e-02,-0.205,-0.335
-2.0378e-02,-0.17,-0.02
-2.0376e-02,-0.19,-0.325
-2.0374e-02,-0.185,-0.025
-2.0373e-02,-0.17,-0.34
-2.0371e-02,-0.135,-0.005
-2.0370e-02,-0.215,-0.32
-2.0368e-02,-0.13,-0.03
-2.0366e-02,-0.305,-0.32
-2.0365e-02,-0.145,-0.03
-2.0363e-02,-0.25,-0.34
-2.0362e-02,-0.155,-0.01
-2.0360e-02,-0.28,-0.33
-2.0358e-02,-0.21,-0.015
-2.0357e-02,-0.135,-0.325
-2.0355e-02,-0.145,-0.02
-2.0354e-02,-0.165,-0.345
-2.0352e-02,-0.205,-0.005
-2.0350e-02,-0.19,-0.34
-2.0349e-02,-0.19,-0.005
-2.0347e-02,-0.15,-0.345
-2.0346e-02,-0.26,-0.005
-2.0344e-02,-0.19,-0.325
-2.0342e-02,-0.195,-0.025
-2.0341e-02,-0.15,-0.355
-2.0339e-02,-0.155,0.005
-2.0338e-02,-0.155,-0.325
-2.0336e-02,-0.135,-0.015
-2.0334e-02,-0.19,-0.34
-2.0333e-02,-0.155,-0.015
-2.0331e-02,-0.135,-0.335
-2.0330e-02,-0.17,-0.01
-2.0328e-02,-0.17,-0.325
-2.0326e-02,-0.29,-0.025
-2.0325e-02,-0.18,-0.355
-2.0323e-02,-0.18,0
-2.0322e-02,-0.17,-0.32
-2.0320e-02,-0.225,-0.035
-2.0318e-02,-0.185,-0.33
-2.0317e-02,-0.17,-0.02
-2.0315e-02,-0.195,-0.35
-2.0314e-02,-0.105,0.005
-2.0312e-02,-0.245,-0.34
-2.0310e-02,-0.165,-0.015
-2.0309e-02,-0.24,-0.355
-2.0307e-02,-0.135,0.01
-2.0306e-02,-0.185,-0.36
-2.0304e-02,-0.21,0.01
-2.0302e-02,-0.14,-0.335
-2.0301e-02,-0.225,-0.015
-2.0299e-02,-0.15,-0.365
-2.0298e-02,-0.185,0.015
-2.0296e-02,-0.215,-0.35
-2.0294e-02,-0.24,-0.005
-2.0293e-02,-0.26,-0.33
-2.0291e-02,-0.22,-0.02
-2.0290e-02,-0.2,-0.355
-2.0288e-02,-0.235,0.01
-2.0286e-02,-0.29,-0.37
-2.0285e-02,-0.17,0.005
-2.0283e-02,-0.2,-0.36
-2.0282e-02,-0.145,0.02
-2.0280e-02,-0.255,-0.34
-2.0278e-02,-0.19,-0.015
-2.0277e-02,-0.245,-0.33
-2.0275e-02,-0.125,-0.02
-2.0274e-02,-0.26,-0.325
-2.0272e-02,-0.17,-0.025
-2.0270e-02,-0.275,-0.325
-2.0269e-02,-0.16,-0.03
-2.0267e-02,-0.13,-0.35
-2.0266e-02,-0.155,-0.01
-2.0264e-02,-0.155,-0.335
-2.0262e-02,-0.135,-0.015
-2.0261e-02,-0.195,-0.32
-2.0259e-02,-0.21,-0.03
-2.0258e-02,-0.095,-0.325
-2.0256e-02,-0.22,-0.03
-2.0254e-02,-0.115,-0.325
-2.0253e-02,-0.23,-0.035
-2.0251e-02,-0.125,-0.33
-2.0250e-02,-0.185,-0.02
-2.0248e-02,-0.18,-0.31
-2.0246e-02,-0.29,-0.035
-2.0245e-02,-0.125,-0.335
-2.0243e-02,-0.245,-0.02
-2.0242e-02,-0.015,-0.345
-2.0240e-02,-0.235,-0.01
-2.0238e-02,-0.18,-0.35
-2.0237e-02,-0.2,0
-2.0235e-02,-0.135,-0.33
-2.0234e-02,-0.19,-0.015
-2.0232e-02,-0.18,-0.36
-2.0230e-02,-0.11,0
-2.0229e-02,-0.185,-0.31
-2.0227e-02,-0.13,-0.045
-2.0226e-02,-0.18,-0.325
-2.0224e-02,-0.27,-0.02
-2.0222e-02,-0.205,-0.315
-2.0221e-02,-0.195,-0.04
-2.0219e-02,-0.175,-0.345
-2.0218e-02,-0.09,-0.015
-2.0216e-02,-0.155,-0.34
-2.0214e-02,-0.14,-0.015
-2.0213e-02,-0.18,-0.35
-2.0211e-02,-0.14,0
-2.0210e-02,-0.19,-0.35
-2.0208e-02,-0.15,-0.005
-2.0206e-02,-0.26,-0.315
-2.0205e-02,-0.29,-0.035
-2.0203e-02,-0.165,-0.32
-2.0202e-02,-0.16,-0.025
-2.0200e-02,-0.21,-0.345
-2.0198e-02,-0.18,-0.015
-2.0197e-02,-0.095,-0.355
-2.0195e-02,-0.165,-0.005
-2.0194e-02,-0.05,-0.35
-2.0192e-02,-0.195,-0.005
-2.0190e-02,-0.195,-0.335
-2.0189e-02,-0.095,-0.025
-2.0187e-02,-0.2,-0.345
-2.0186e-02,-0.165,-0.015
-2.0184e-02,-0.21,-0.345
-2.0182e-02,-0.12,-0.02
-2.0181e-02,-0.205,-0.34
-2.0179e-02,-0.09,-0.02
-2.0178e-02,-0.16,-0.355
-2.0176e-02,-0.17,-0.01
-2.0174e-02,-0.12,-0.365
-2.0173e-02,-0.135,0.005
-2.0171e-02,-0.165,-0.345
-2.0170e-02,-0.175,-0.015
-2.0168e-02,-0.2,-0.345
-2.0166e-02,-0.205,-0.02
-2.0165e-02,-0.24,-0.355
-2.0163e-02,-0.14,-0.01
-2.0162e-02,-0.25,-0.34
-2.0160e-02,-0.24,-0.015
-2.0158e-02,-0.245,-0.365
-2.0157e-02,-0.22,-0.01
-2.0155e-02,-0.17,-0.37
-2.0154e-02,-0.25,0
-2.0152e-02,-0.215,-0.325
-2.0150e-02,-0.325,-0.04
-2.0149e-02,-0.1,-0.345
-2.0147e-02,-0.225,-0.015
-2.0146e-02,-0.205,-0.34
-2.0144e-02,-0.26,-0.03
-2.0142e-02,-0.135,-0.34
-2.0141e-02,-0.21,-0.02
-2.0139e-02,-0.235,-0.34
-2.0138e-02,-0.24,-0.035
-2.0136e-02,-0.245,-0.315
-2.0134e-02,-0.255,-0.05
-2.0133e-02,-0.19,-0.335
-2.0131e-02,-0.255,-0.03
-2.0130e-02,-0.225,-0.345
-2.0128e-02,-0.275,-0.015
-2.0126e-02,-0.17,-0.34
-2.0125e-02,-0.26,-0.015
-2.0123e-02,-0.16,-0.365
-2.0122e-02,-0.21,0.005
-2.0120e-02,-0.17,-0.36
-2.0118e-02,-0.175,-0.01
-2.0117e-02,-0.09,-0.33
-2.0115e-02,-0.04,-0.03
-2.0114e-02,-0.12,-0.34
-2.0112e-02,-0.165,-0.015
-2.0110e-02,-0.125,-0.335
-2.0109e-02,-0.14,-0.025
-2.0107e-02,-0.115,-0.37
-2.0106e-02,-0.175,0
-2.0104e-02,-0.215,-0.39
-2.0102e-02,-0.225,0.02
-2.0101e-02,-0.125,-0.34
-2.0099e-02,-0.22,-0.02
-2.0098e-02,-0.23,-0.345
-2.0096e-02,-0.235,-0.015
-2.0094e-02,-0.235,-0.345
-2.0093e-02,-0.245,-0.02
-2.0091e-02,-0.22,-0.35
-2.0090e-02,-0.27,-0.015
-2.0088e-02,-0.275,-0.335
-2.0086e-02,-0.26,-0.025
-2.0085e-02,-0.2,-0.345
-2.0083e-02,-0.255,-0.015
-2.0082e-02,-0.205,-0.36
-2.0080e-02,-0.3,0.005
-2.0078e-02,-0.265,-0.345
-2.0077e-02,-0.165,-0.01
-2.0075e-02,-0.24,-0.34
-2.0074e-02,-0.23,-0.03
-2.0072e-02,-0.26,-0.35
-2.0070e-02,-0.205,-0.015
-2.0069e-02,-0.23,-0.335
-2.0067e-02,-0.115,-0.025
-2.0066e-02,-0.28,-0.345
-2.0064e-02,-0.17,-0.01
-2.0062e-02,-0.19,-0.335
-2.0061e-02,-0.13,-0.03
-2.0059e-02,-0.2,-0.355
-2.0058e-02,-0.185,-0.01
-2.0056e-02,-0.14,-0.32
-2.0054e-02,-0.25,-0.035
-2.0053e-02,-0.19,-0.335
-2.0051e-02,-0.13,-0.025
-2.0050e-02,-0.18,-0.345
-2.0048e-02,-0.175,-0.005
-2.0046e-02,-0.15,-0.355
-2.0045e-02,-0.27,-0.01
-2.0043e-02,-0.12,-0.33
-2.0042e-02,-0.175,-0.035
-2.0040e-02,-0.175,-0.325
-2.0038e-02,-0.225,-0.04
-2.0037e-02,-0.21,-0.345
-2.0035e-02,-0.15,-0.025
-2.0034e-02,-0.11,-0.335
-2.0032e-02,-0.26,-0.025
-2.0030e-02,-0.185,-0.355
-2.0029e-02,-0.235,-0.01
-2.0027e-02,-0.17,-0.335
-2.0026e-02,-0.225,-0.035
-2.0024e-02,-0.155,-0.345
-2.0022e-02,-0.245,-0.015
-2.0021e-02,-0.225,-0.355
-2.0019e-02,-0.175,-0.01
-2.0018e-02,-0.23,-0.35
-2.0016e-02,-0.135,-0.015
-2.0014e-02,-0.175,-0.335
-2.0013e-02,-0.17,-0.025
-2.0011e-02,-0.195,-0.335
-2.0010e-02,-0.105,-0.03
-2.0008e-02,-0.13,-0.345
-2.0006e-02,-0.025,-0.02
-2.0005e-02,-0.2,-0.35
-2.0003e-02,-0.115,-0.02
-2.0002e-02,-0.105,-0.325
-2.0000e-02,-0.06,-0.035
-1.9998e-02,-0.17,-0.33
-1.9997e-02,-0.095,-0.035
-1.9995e-02,-0.2,-0.325
-1.9994e-02,-0.085,-0.045
-1.9992e-02,-0.17,-0.325
-1.9990e-02,-0.165,-0.045
-1.9989e-02,-0.16,-0.345
-1.9987e-02,-0.215,-0.025
-1.9986e-02,-0.225,-0.355
-1.9984e-02,-0.165,-0.015
-1.9982e-02,-0.22,-0.35
-1.9981e-02,-0.16,-0.025
-1.9979e-02,-0.33,-0.335
-1.9978e-02,-0.215,-0.03
-1.9976e-02,-0.225,-0.34
-1.9974e-02,-0.225,-0.03
-1.9973e-02,-0.17,-0.34
-1.9971e-02,-0.255,-0.03
-1.9970e-02,-0.22,-0.345
-1.9968e-02,-0.17,-0.025
-1.9966e-02,-0.16,-0.335
-1.9965e-02,-0.165,-0.04
-1.9963e-02,-0.16,-0.34
-1.9962e-02,-0.19,-0.03
-1.9960e-02,-0.14,-0.37
-1.9958e-02,-0.24,-0.005
-1.9957e-02,-0.16,-0.345
-1.9955e-02,-0.165,-0.025
-1.9954e-02,-0.22,-0.35
-1.9952e-02,-0.19,-0.02
-1.9950e-02,-0.27,-0.36
-1.9949e-02,-0.14,-0.01
-1.9947e-02,-0.18,-0.375
-1.9946e-02,-0.195,-0.005
-1.9944e-02,-0.235,-0.38
-1.9942e-02,-0.22,0.005
-1.9941e-02,-0.23,-0.36
-1.9939e-02,-0.145,-0.015
-1.9938e-02,-0.21,-0.34
-1.9936e-02,-0.15,-0.025
-1.9934e-02,-0.2,-0.335
-1.9933e-02,-0.13,-0.03
-1.9931e-02,-0.19,-0.325
-1.9930e-02,-0.14,-0.045
-1.9928e-02,-0.195,-0.34
-1.9926e-02,-0.185,-0.025
-1.9925e-02,-0.265,-0.345
-1.9923e-02,-0.165,-0.025
-1.9922e-02,-0.185,-0.35
-1.9920e-02,-0.175,-0.015
-1.9918e-02,-0.255,-0.34
-1.9917e-02,-0.27,-0.03
-1.9915e-02,-0.22,-0.335
-1.9914e-02,-0.145,-0.04
-1.9912e-02,-0.195,-0.34
-1.9910e-02,-0.175,-0.03
-1.9909e-02,-0.185,-0.35
-1.9907e-02,-0.16,-0.015
-1.9906e-02,-0.14,-0.335
-1.9904e-02,-0.155,-0.025
-1.9902e-02,-0.13,-0.34
-1.9901e-02,-0.075,-0.025
-1.9899e-02,-0.18,-0.34
-1.9898e-02,-0.12,-0.025
-1.9896e-02,-0.14,-0.34
-1.9894e-02,-0.095,-0.03
-1.9893e-02,-0.12,-0.335
-1.9891e-02,-0.185,-0.035
-1.9890e-02,-0.17,-0.35
-1.9888e-02,-0.085,-0.02
-1.9886e-02,-0.135,-0.355
-1.9885e-02,-0.125,-0.02
-1.9883e-02,-0.165,-0.345
-1.9882e-02,-0.155,-0.025
-1.9880e-02,-0.115,-0.34
-1.9878e-02,-0.115,-0.03
-1.9877e-02,-0.145,-0.345
-1.9875e-02,-0.095,-0.035
-1.9874e-02,-0.245,-0.355
-1.9872e-02,-0.11,-0.02
-1.9870e-02,-0.185,-0.345
-1.9869e-02,-0.19,-0.03
-1.9867e-02,-0.205,-0.34
-1.9866e-02,-0.235,-0.04
-1.9864e-02,-0.26,-0.355
-1.9862e-02,-0.14,-0.025
-1.9861e-02,-0.175,-0.33
-1.9859e-02,-0.22,-0.045
-1.9858e-02,-0.24,-0.36
-1.9856e-02,-0.24,-0.02
-1.9854e-02,-0.18,-0.365
-1.9853e-02,-0.22,-0.015
-1.9851e-02,-0.22,-0.355
-1.9850e-02,-0.285,-0.03
-1.9848e-02,-0.17,-0.385
-1.9846e-02,-0.235,0
-1.9845e-02,-0.19,-0.335
-1.9843e-02,-0.12,-0.045
-1.9842e-02,-0.21,-0.35
-1.9840e-02,-0.165,-0.03
-1.9838e-02,-0.175,-0.345
-1.9837e-02,-0.16,-0.03
-1.9835e-02,-0.15,-0.34
-1.9834e-02,-0.11,-0.035
-1.9832e-02,-0.18,-0.355
-1.9830e-02,-0.2,-0.03
-1.9829e-02,-0.125,-0.345
-1.9827e-02,-0.145,-0.035
-1.9826e-02,-0.115,-0.35
-1.9824e-02,-0.24,-0.03
-1.9822e-02,-0.135,-0.365
-1.9821e-02,-0.14,-0.015
-1.9819e-02,-0.115,-0.34
-1.9818e-02,-0.17,-0.035
-1.9816e-02,-0.125,-0.36
-1.9814e-02,-0.19,-0.02
-1.9813e-02,-0.175,-0.395
-1.9811e-02,-0.155,0.01
-1.9810e-02,-0.21,-0.35
-1.9808e-02,-0.175,-0.03
-1.9806e-02,-0.205,-0.36
-1.9805e-02,-0.235,-0.02
-1.9803e-02,-0.215,-0.385
-1.9802e-02,-0.15,0
-1.9800e-02,-0.22,-0.37
-1.9798e-02,-0.16,-0.015
-1.9797e-02,-0.3,-0.375
-1.9795e-02,-0.175,-0.01
-1.9794e-02,-0.175,-0.355
-1.9792e-02,-0.185,-0.025
-1.9790e-02,-0.23,-0.36
-1.9789e-02,-0.18,-0.02
-1.9787e-02,-0.23,-0.355
-1.9786e-02,-0.135,-0.02
-1.9784e-02,-0.195,-0.335
-1.9782e-02,-0.155,-0.045
-1.9781e-02,-0.215,-0.355
-1.9779e-02,-0.205,-0.015
-1.9778e-02,-0.22,-0.335
-1.9776e-02,-0.175,-0.045
-1.9774e-02,-0.235,-0.345
-1.9773e-02,-0.16,-0.035
-1.9771e-02,-0.305,-0.34
-1.9770e-02,-0.18,-0.04
-1.9768e-02,-0.165,-0.35
-1.9766e-02,-0.225,-0.025
-1.9765e-02,-0.22,-0.355
-1.9763e-02,-0.225,-0.02
-1.9762e-02,-0.185,-0.35
-1.9760e-02,-0.195,-0.025
-1.9758e-02,-0.17,-0.335
-1.9757e-02,-0.27,-0.04
-1.9755e-02,-0.21,-0.355
-1.9754e-02,-0.17,-0.025
-1.9752e-02,-0.18,-0.37
-1.9750e-02,-0.155,-0.01
-1.9749e-02,-0.145,-0.355
-1.9747e-02,-0.185,-0.025
-1.9746e-02,-0.185,-0.35
-1.9744e-02,-0.12,-0.02
-1.9742e-02,-0.22,-0.345
-1.9741e-02,-0.1,-0.03
-1.9739e-02,-0.2,-0.33
-1.9738e-02,-0.205,-0.045
-1.9736e-02,-0.22,-0.33
-1.9734e-02,-0.135,-0.05
-1.9733e-02,-0.16,-0.335
-1.9731e-02,-0.19,-0.04
-1.9730e-02,-0.225,-0.355
-1.9728e-02,-0.235,-0.02
-1.9726e-02,-0.21,-0.345
-1.9725e-02,-0.19,-0.025
-1.9723e-02,-0.25,-0.355
-1.9722e-02,-0.195,-0.02
-1.9720e-02,-0.195,-0.35
-1.9718e-02,-0.225,-0.03
-1.9717e-02,-0.13,-0.32
-1.9715e-02,-0.135,-0.055
-1.9714e-02,-0.16,-0.345
-1.9712e-02,-0.17,-0.035
-1.9710e-02,-0.11,-0.335
-1.9709e-02,-0.145,-0.045
-1.9707e-02,-0.075,-0.335
-1.9706e-02,-0.16,-0.045
-1.9704e-02,-0.19,-0.36
-1.9702e-02,-0.2,-0.015
-1.9701e-02,-0.11,-0.35
-1.9699e-02,-0.22,-0.03
-1.9698e-02,-0.22,-0.345
-1.9696e-02,-0.23,-0.035
-1.9694e-02,-0.24,-0.345
-1.9693e-02,-0.23,-0.035
-1.9691e-02,-0.21,-0.34
-1.9690e-02,-0.22,-0.045
-1.9688e-02,-0.255,-0.355
-1.9686e-02,-0.175,-0.03
-1.9685e-02,-0.245,-0.355
-1.9683e-02,-0.185,-0.02
-1.9682e-02,-0.145,-0.355
-1.9680e-02,-0.165,-0.03
-1.9678e-02,-0.225,-0.375
-1.9677e-02,-0.195,-0.005
-1.9675e-02,-0.15,-0.34
-1.9674e-02,-0.175,-0.04
-1.9672e-02,-0.145,-0.325
-1.9670e-02,-0.245,-0.06
-1.9669e-02,-0.155,-0.34
-1.9667e-02,-0.165,-0.04
-1.9666e-02,-0.15,-0.365
-1.9664e-02,-0.26,-0.02
-1.9662e-02,-0.125,-0.345
-1.9661e-02,-0.245,-0.04
-1.9659e-02,-0.165,-0.35
-1.9658e-02,-0.135,-0.035
-1.9656e-02,-0.18,-0.37
-1.9654e-02,-0.165,-0.02
-1.9653e-02,-0.155,-0.36
-1.9651e-02,-0.18,-0.025
-1.9650e-02,-0.175,-0.385
-1.9648e-02,-0.135,0.005
-1.9646e-02,-0.175,-0.365
-1.9645e-02,-0.22,-0.015
-1.9643e-02,-0.18,-0.355
-1.9642e-02,-0.185,-0.03
-1.9640e-02,-0.195,-0.375
-1.9638e-02,-0.17,-0.015
-1.9637e-02,-0.235,-0.37
-1.9635e-02,-0.21,-0.02
-1.9634e-02,-0.15,-0.36
-1.9632e-02,-0.19,-0.02
-1.9630e-02,-0.195,-0.35
-1.9629e-02,-0.195,-0.04
-1.9627e-02,-0.175,-0.35
-1.9626e-02,-0.215,-0.04
-1.9624e-02,-0.135,-0.34
-1.9622e-02,-0.18,-0.045
-1.9621e-02,-0.16,-0.34
-1.9619e-02,-0.165,-0.045
-1.9618e-02,-0.185,-0.37
-1.9616e-02,-0.115,-0.015
-1.9614e-02,-0.095,-0.39
-1.9613e-02,-0.205,-0.005
-1.9611e-02,-0.22,-0.39
-1.9610e-02,-0.225,0
-1.9608e-02,-0.225,-0.365
-1.9606e-02,-0.17,-0.02
-1.9605e-02,-0.275,-0.355
-1.9603e-02,-0.26,-0.04
-1.9602e-02,-0.235,-0.35
-1.9600e-02,-0.165,-0.04
-1.9598e-02,-0.235,-0.37
-1.9597e-02,-0.165,-0.015
-1.9595e-02,-0.245,-0.36
-1.9594e-02,-0.205,-0.035
-1.9592e-02,-0.16,-0.365
-1.9590e-02,-0.18,-0.025
-1.9589e-02,-0.14,-0.34
-1.9587e-02,-0.125,-0.055
-1.9586e-02,-0.25,-0.35
-1.9584e-02,-0.175,-0.04
-1.9582e-02,-0.15,-0.36
-1.9581e-02,-0.16,-0.025
-1.9579e-02,-0.135,-0.385
-1.9578e-02,-0.185,-0.01
-1.9576e-02,-0.255,-0.345
-1.9574e-02,-0.15,-0.045
-1.9573e-02,-0.125,-0.37
-1.9571e-02,-0.2,-0.015
-1.9570e-02,-0.175,-0.375
-1.9568e-02,-0.21,-0.015
-1.9566e-02,-0.105,-0.35
-1.9565e-02,-0.175,-0.045
-1.9563e-02,-0.12,-0.345
-1.9562e-02,-0.275,-0.045
-1.9560e-02,-0.14,-0.355
-1.9558e-02,-0.245,-0.045
-1.9557e-02,-0.175,-0.345
-1.9555e-02,-0.225,-0.05
-1.9554e-02,-0.225,-0.365
-1.9552e-02,-0.24,-0.02
-1.9550e-02,-0.23,-0.35
-1.9549e-02,-0.195,-0.035
-1.9547e-02,-0.16,-0.35
-1.9546e-02,-0.2,-0.04
-1.9544e-02,-0.26,-0.35
-1.9542e-02,-0.14,-0.045
-1.9541e-02,-0.215,-0.345
-1.9539e-02,-0.15,-0.045
-1.9538e-02,-0.17,-0.33
-1.9536e-02,-0.26,-0.055
-1.9534e-02,-0.17,-0.34
-1.9533e-02,-0.23,-0.06
-1.9531e-02,-0.15,-0.37
-1.9530e-02,-0.19,-0.02
-1.9528e-02,-0.18,-0.34
-1.9526e-02,-0.225,-0.05
-1.9525e-02,-0.16,-0.37
-1.9523e-02,-0.22,-0.02
-1.9522e-02,-0.17,-0.355
-1.9520e-02,-0.09,-0.03
-1.9518e-02,-0.27,-0.345
-1.9517e-02,-0.18,-0.04
-1.9515e-02,-0.205,-0.325
-1.9514e-02,-0.18,-0.06
-1.9512e-02,-0.19,-0.335
-1.9510e-02,-0.25,-0.06
-1.9509e-02,-0.25,-0.355
-1.9507e-02,-0.19,-0.025
-1.9506e-02,-0.21,-0.355
-1.9504e-02,-0.205,-0.03
-1.9502e-02,-0.24,-0.37
-1.9501e-02,-0.26,-0.015
-1.9499e-02,-0.165,-0.37
-1.9498e-02,-0.245,-0.02
-1.9496e-02,-0.12,-0.34
-1.9494e-02,-0.185,-0.05
-1.9493e-02,-0.19,-0.4
-1.9491e-02,-0.24,0.01
-1.9490e-02,-0.16,-0.36
-1.9488e-02,-0.205,-0.035
-1.9486e-02,-0.13,-0.345
-1.9485e-02,-0.215,-0.05
-1.9483e-02,-0.255,-0.36
-1.9482e-02,-0.145,-0.025
-1.9480e-02,-0.21,-0.38
-1.9478e-02,-0.135,-0.01
-1.9477e-02,-0.215,-0.345
-1.9475e-02,-0.235,-0.045
-1.9474e-02,-0.2,-0.345
-1.9472e-02,-0.185,-0.035
-1.9470e-02,-0.185,-0.385
-1.9469e-02,-0.17,-0.01
-1.9467e-02,-0.215,-0.365
-1.9466e-02,-0.225,-0.03
-1.9464e-02,-0.24,-0.39
-1.9462e-02,-0.2,-0.005
-1.9461e-02,-0.16,-0.36
-1.9459e-02,-0.175,-0.035
-1.9458e-02,-0.24,-0.36
-1.9456e-02,-0.175,-0.025
-1.9454e-02,-0.16,-0.375
-1.9453e-02,-0.155,-0.02
-1.9451e-02,-0.205,-0.36
-1.9450e-02,-0.245,-0.03
-1.9448e-02,-0.22,-0.375
-1.9446e-02,-0.185,-0.02
-1.9445e-02,-0.285,-0.375
-1.9443e-02,-0.185,-0.015
-1.9442e-02,-0.275,-0.37
-1.9440e-02,-0.245,-0.025
-1.9438e-02,-0.23,-0.36
-1.9437e-02,-0.19,-0.035
-1.9435e-02,-0.205,-0.345
-1.9434e-02,-0.115,-0.05
-1.9432e-02,-0.26,-0.35
-1.9430e-02,-0.2,-0.04
-1.9429e-02,-0.28,-0.355
-1.9427e-02,-0.125,-0.035
-1.9426e-02,-0.295,-0.375
-1.9424e-02,-0.16,-0.02
-1.9422e-02,-0.285,-0.375
-1.9421e-02,-0.16,-0.025
-1.9419e-02,-0.19,-0.36
-1.9418e-02,-0.15,-0.04
-1.9416e-02,-0.19,-0.375
-1.9414e-02,-0.135,-0.02
-1.9413e-02,-0.19,-0.35
-1.9411e-02,-0.145,-0.055
-1.9410e-02,-0.13,-0.355
-1.9408e-02,-0.155,-0.045
-1.9406e-02,-0.17,-0.35
-1.9405e-02,-0.205,-0.05
-1.9403e-02,-0.18,-0.345
-1.9402e-02,-0.16,-0.05
-1.9400e-02,-0.065,-0.36
-1.9398e-02,-0.275,-0.04
-1.9397e-02,-0.155,-0.375
-1.9395e-02,-0.255,-0.03
-1.9394e-02,-0.165,-0.365
-1.9392e-02,-0.245,-0.045
-1.9390e-02,-0.165,-0.365
-1.9389e-02,-0.325,-0.035
-1.9387e-02,-0.19,-0.375
-1.9386e-02,-0.265,-0.03
-1.9384e-02,-0.29,-0.38
-1.9382e-02,-0.225,-0.02
-1.9381e-02,-0.27,-0.37
-1.9379e-02,-0.33,-0.02
-1.9378e-02,-0.28,-0.355
-1.9376e-02,-0.22,-0.045
-1.9374e-02,-0.24,-0.345
-1.9373e-02,-0.275,-0.055
-1.9371e-02,-0.26,-0.36
-1.9370e-02,-0.29,-0.04
-1.9368e-02,-0.25,-0.34
-1.9366e-02,-0.21,-0.055
-1.9365e-02,-0.205,-0.34
-1.9363e-02,-0.315,-0.065
-1.9362e-02,-0.25,-0.37
-1.9360e-02,-0.255,-0.03
-1.9358e-02,-0.225,-0.36
-1.9357e-02,-0.205,-0.04
-1.9355e-02,-0.22,-0.375
-1.9354e-02,-0.265,-0.03
-1.9352e-02,-0.21,-0.36
-1.9350e-02,-0.205,-0.045
-1.9349e-02,-0.21,-0.355
-1.9347e-02,-0.18,-0.045
-1.9346e-02,-0.19,-0.355
-1.9344e-02,-0.195,-0.055
-1.9342e-02,-0.135,-0.35
-1.9341e-02,-0.125,-0.055
-1.9339e-02,-0.205,-0.37
-1.9338e-02,-0.26,-0.04
-1.9336e-02,-0.205,-0.36
-1.9334e-02,-0.265,-0.05
-1.9333e-02,-0.24,-0.36
-1.9331e-02,-0.21,-0.045
-1.9330e-02,-0.26,-0.35
-1.9328e-02,-0.23,-0.05
-1.9326e-02,-0.215,-0.355
-1.9325e-02,-0.19,-0.045
-1.9323e-02,-0.16,-0.355
-1.9322e-02,-0.1,-0.045
-1.9320e-02,-0.195,-0.345
-1.9318e-02,-0.16,-0.06
-1.9317e-02,-0.21,-0.375
-1.9315e-02,-0.165,-0.02
-1.9314e-02,-0.205,-0.345
-1.9312e-02,-0.24,-0.055
-1.9310e-02,-0.26,-0.345
-1.9309e-02,-0.31,-0.05
-1.9307e-02,-0.115,-0.33
-1.9306e-02,-0.275,-0.07
-1.9304e-02,-0.205,-0.355
-1.9302e-02,-0.275,-0.05
-1.9301e-02,-0.26,-0.36
-1.9299e-02,-0.28,-0.045
-1.9298e-02,-0.2,-0.365
-1.9296e-02,-0.28,-0.03
-1.9294e-02,-0.235,-0.345
-1.9293e-02,-0.26,-0.055
-1.9291e-02,-0.215,-0.37
-1.9290e-02,-0.205,-0.03
-1.9288e-02,-0.1,-0.38
-1.9286e-02,-0.2,-0.02
-1.9285e-02,-0.245,-0.38
-1.9283e-02,-0.205,-0.02
-1.9282e-02,-0.215,-0.375
-1.9280e-02,-0.2,-0.025
-1.9278e-02,-0.19,-0.365
-1.9277e-02,-0.26,-0.035
-1.9275e-02,-0.225,-0.35
-1.9274e-02,-0.25,-0.055
-1.9272e-02,-0.255,-0.395
-1.9270e-02,-0.245,-0.01
-1.9269e-02,-0.245,-0.39
-1.9267e-02,-0.225,-0.015
-1.9266e-02,-0.275,-0.375
-1.9264e-02,-0.22,-0.03
-1.9262e-02,-0.24,-0.375
-1.9261e-02,-0.135,-0.03
-1.9259e-02,-0.19,-0.36
-1.9258e-02,-0.14,-0.05
-1.9256e-02,-0.23,-0.365
-1.9254e-02,-0.105,-0.04
-1.9253e-02,-0.145,-0.36
-1.9251e-02,-0.16,-0.045
-1.9250e-02,-0.185,-0.36
-1.9248e-02,-0.16,-0.045
-1.9246e-02,-0.17,-0.365
-1.9245e-02,-0.215,-0.04
-1.9243e-02,-0.105,-0.395
-1.9242e-02,-0.275,-0.02
-1.9240e-02,-0.19,-0.41
-1.9238e-02,-0.26,0
-1.9237e-02,-0.215,-0.375
-1.9235e-02,-0.26,-0.03
-1.9234e-02,-0.115,-0.4
-1.9232e-02,-0.295,-0.01
-1.9230e-02,-0.23,-0.395
-1.9229e-02,-0.275,-0.015
-1.9227e-02,-0.13,-0.37
-1.9226e-02,-0.28,-0.04
-1.9224e-02,-0.23,-0.345
-1.9222e-02,-0.21,-0.06
-1.9221e-02,-0.23,-0.36
-1.9219e-02,-0.255,-0.05
-1.9218e-02,-0.225,-0.365
-1.9216e-02,-0.18,-0.04
-1.9214e-02,-0.22,-0.385
-1.9213e-02,-0.22,-0.015
-1.9211e-02,-0.2,-0.35
-1.9210e-02,-0.175,-0.05
-1.9208e-02,-0.195,-0.35
-1.9206e-02,-0.155,-0.06
-1.9205e-02,-0.19,-0.375
-1.9203e-02,-0.235,-0.035
-1.9202e-02,-0.235,-0.345
-1.9200e-02,-0.08,-0.06
-1.9198e-02,-0.19,-0.33
-1.9197e-02,-0.165,-0.07
-1.9195e-02,-0.23,-0.345
-1.9194e-02,-0.125,-0.06
-1.9192e-02,-0.195,-0.35
-1.9190e-02,-0.19,-0.06
-1.9189e-02,-0.13,-0.35
-1.9187e-02,-0.235,-0.055
-1.9186e-02,-0.205,-0.36
-1.9184e-02,-0.265,-0.055
-1.9182e-02,-0.16,-0.345
-1.9181e-02,-0.255,-0.06
-1.9179e-02,-0.255,-0.345
-1.9178e-02,-0.28,-0.055
-1.9176e-02,-0.165,-0.375
-1.9174e-02,-0.195,-0.035
-1.9173e-02,-0.16,-0.35
-1.9171e-02,-0.185,-0.055
-1.9170e-02,-0.125,-0.365
-1.9168e-02,-0.25,-0.04
-1.9166e-02,-0.155,-0.345
-1.9165e-02,-0.15,-0.06
-1.9163e-02,-0.15,-0.37
-1.9162e-02,-0.165,-0.035
-1.9160e-02,-0.245,-0.37
-1.9158e-02,-0.195,-0.035
-1.9157e-02,-0.265,-0.34
-1.9155e-02,-0.255,-0.065
-1.9154e-02,-0.25,-0.355
-1.9152e-02,-0.18,-0.05
-1.9150e-02,-0.295,-0.375
-1.9149e-02,-0.245,-0.025
-1.9147e-02,-0.23,-0.34
-1.9146e-02,-0.15,-0.065
-1.9144e-02,-0.28,-0.375
-1.9142e-02,-0.155,-0.035
-1.9141e-02,-0.145,-0.345
-1.9139e-02,-0.09,-0.065
-1.9138e-02,-0.18,-0.37
-1.9136e-02,-0.16,-0.045
-1.9134e-02,-0.19,-0.355
-1.9133e-02,-0.215,-0.055
-1.9131e-02,-0.25,-0.34
-1.9130e-02,-0.145,-0.07
-1.9128e-02,-0.19,-0.34
-1.9126e-02,-0.2,-0.06
-1.9125e-02,-0.345,-0.355
-1.9123e-02,-0.245,-0.06
-1.9122e-02,-0.265,-0.355
-1.9120e-02,-0.165,-0.05
-1.9118e-02,-0.21,-0.37
-1.9117e-02,-0.15,-0.035
-1.9115e-02,-0.105,-0.36
-1.9114e-02,-0.145,-0.045
-1.9112e-02,-0.145,-0.37
-1.9110e-02,-0.15,-0.035
-1.9109e-02,-0.145,-0.355
-1.9107e-02,-0.23,-0.05
-1.9106e-02,-0.21,-0.385
-1.9104e-02,-0.27,-0.025
-1.9102e-02,-0.2,-0.38
-1.9101e-02,-0.25,-0.025
-1.9099e-02,-0.135,-0.35
-1.9098e-02,-0.27,-0.055
-1.9096e-02,-0.25,-0.36
-1.9094e-02,-0.22,-0.05
-1.9093e-02,-0.115,-0.375
-1.9091e-02,-0.16,-0.03
-1.9090e-02,-0.2,-0.375
-1.9088e-02,-0.13,-0.04
-1.9086e-02,-0.155,-0.365
-1.9085e-02,-0.13,-0.045
-1.9083e-02,-0.2,-0.355
-1.9082e-02,-0.09,-0.055
-1.9080e-02,-0.23,-0.375
-1.9078e-02,-0.18,-0.045
-1.9077e-02,-0.25,-0.345
-1.9075e-02,-0.145,-0.065
-1.9074e-02,-0.175,-0.365
-1.9072e-02,-0.28,-0.055
-1.9070e-02,-0.22,-0.35
-1.9069e-02,-0.29,-0.07
-1.9067e-02,-0.19,-0.355
-1.9066e-02,-0.26,-0.065
-1.9064e-02,-0.2,-0.385
-1.9062e-02,-0.24,-0.035
-1.9061e-02,-0.255,-0.36
-1.9059e-02,-0.305,-0.05
-1.9058e-02,-0.175,-0.35
-1.9056e-02,-0.255,-0.065
-1.9054e-02,-0.155,-0.385
-1.9053e-02,-0.12,-0.025
-1.9051e-02,-0.17,-0.355
-1.9050e-02,-0.23,-0.055
-1.9048e-02,-0.145,-0.355
-1.9046e-02,-0.175,-0.06
-1.9045e-02,-0.25,-0.39
-1.9043e-02,-0.28,-0.03
-1.9042e-02,-0.275,-0.375
-1.9040e-02,-0.185,-0.04
-1.9038e-02,-0.265,-0.36
-1.9037e-02,-0.15,-0.06
-1.9035e-02,-0.155,-0.37
-1.9034e-02,-0.255,-0.045
-1.9032e-02,-0.15,-0.365
-1.9030e-02,-0.19,-0.05
-1.9029e-02,-0.11,-0.395
-1.9027e-02,-0.19,-0.025
-1.9026e-02,-0.13,-0.365
-1.9024e-02,-0.33,-0.06
-1.9022e-02,-0.195,-0.345
-1.9021e-02,-0.275,-0.075
-1.9019e-02,-0.115,-0.365
-1.9018e-02,-0.315,-0.05
-1.9016e-02,-0.14,-0.355
-1.9014e-02,-0.195,-0.055
-1.9013e-02,-0.185,-0.35
-1.9011e-02,-0.25,-0.065
-1.9010e-02,-0.225,-0.39
-1.9008e-02,-0.215,-0.02
-1.9006e-02,-0.235,-0.365
-1.9005e-02,-0.205,-0.055
-1.9003e-02,-0.195,-0.355
-1.9002e-02,-0.22,-0.055
-1.9000e-02,-0.235,-0.355
-1.8998e-02,-0.215,-0.055
-1.8997e-02,-0.29,-0.355
-1.8995e-02,-0.22,-0.055
-1.8994e-02,-0.195,-0.36
-1.8992e-02,-0.115,-0.05
-1.8990e-02,-0.28,-0.385
-1.8989e-02,-0.205,-0.03
-1.8987e-02,-0.165,-0.365
-1.8986e-02,-0.19,-0.04
-1.8984e-02,-0.175,-0.38
-1.8982e-02,-0.165,-0.035
-1.8981e-02,-0.155,-0.345
-1.8979e-02,-0.215,-0.06
-1.8978e-02,-0.09,-0.355
-1.8976e-02,-0.18,-0.055
-1.8974e-02,-0.135,-0.36
-1.8973e-02,-0.155,-0.05
-1.8971e-02,-0.17,-0.35
-1.8970e-02,-0.25,-0.055
-1.8968e-02,-0.165,-0.385
-1.8966e-02,-0.205,-0.03
-1.8965e-02,-0.285,-0.365
-1.8963e-02,-0.275,-0.055
-1.8962e-02,-0.21,-0.37
-1.8960e-02,-0.15,-0.055
-1.8958e-02,-0.195,-0.355
-1.8957e-02,-0.18,-0.06
-1.8955e-02,-0.13,-0.38
-1.8954e-02,-0.24,-0.035
-1.8952e-02,-0.19,-0.395
-1.8950e-02,-0.215,-0.025
-1.8949e-02,-0.185,-0.385
-1.8947e-02,-0.26,-0.02
-1.8946e-02,-0.155,-0.35
-1.8944e-02,-0.28,-0.07
-1.8942e-02,-0.155,-0.37
-1.8941e-02,-0.13,-0.05
-1.8939e-02,-0.135,-0.36
-1.8938e-02,-0.235,-0.06
-1.8936e-02,-0.21,-0.365
-1.8934e-02,-0.195,-0.055
-1.8933e-02,-0.2,-0.385
-1.8931e-02,-0.16,-0.04
-1.8930e-02,-0.23,-0.365
-1.8928e-02,-0.215,-0.055
-1.8926e-02,-0.245,-0.39
-1.8925e-02,-0.165,-0.03
-1.8923e-02,-0.22,-0.375
-1.8922e-02,-0.16,-0.045
-1.8920e-02,-0.145,-0.375
-1.8918e-02,-0.24,-0.05
-1.8917e-02,-0.17,-0.375
-1.8915e-02,-0.135,-0.055
-1.8914e-02,-0.235,-0.365
-1.8912e-02,-0.22,-0.06
-1.8910e-02,-0.29,-0.39
-1.8909e-02,-0.235,-0.04
-1.8907e-02,-0.305,-0.37
-1.8906e-02,-0.16,-0.065
-1.8904e-02,-0.25,-0.395
-1.8902e-02,-0.24,-0.035
-1.8901e-02,-0.25,-0.385
-1.8899e-02,-0.21,-0.035
-1.8898e-02,-0.3,-0.36
-1.8896e-02,-0.11,-0.065
-1.8894e-02,-0.195,-0.39
-1.8893e-02,-0.13,-0.04
-1.8891e-02,-0.16,-0.36
-1.8890e-02,-0.19,-0.06
-1.8888e-02,-0.1,-0.355
-1.8886e-02,-0.155,-0.07
-1.8885e-02,-0.2,-0.355
-1.8883e-02,-0.275,-0.07
-1.8882e-02,-0.225,-0.37
-1.8880e-02,-0.265,-0.06
-1.8878e-02,-0.175,-0.36
-1.8877e-02,-0.2,-0.065
-1.8875e-02,-0.205,-0.37
-1.8874e-02,-0.29,-0.06
-1.8872e-02,-0.22,-0.37
-1.8870e-02,-0.275,-0.05
-1.8869e-02,-0.225,-0.365
-1.8867e-02,-0.145,-0.055
-1.8866e-02,-0.19,-0.395
-1.8864e-02,-0.165,-0.03
-1.8862e-02,-0.205,-0.36
-1.8861e-02,-0.185,-0.065
-1.8859e-02,-0.255,-0.35
-1.8858e-02,-0.25,-0.075
-1.8856e-02,-0.29,-0.385
-1.8854e-02,-0.15,-0.03
-1.8853e-02,-0.18,-0.35
-1.8851e-02,-0.185,-0.07
-1.8850e-02,-0.205,-0.37
-1.8848e-02,-0.205,-0.06
-1.8846e-02,-0.265,-0.355
-1.8845e-02,-0.185,-0.07
-1.8843e-02,-0.155,-0.365
-1.8842e-02,-0.21,-0.055
-1.8840e-02,-0.115,-0.39
-1.8838e-02,-0.33,-0.03
-1.8837e-02,-0.26,-0.36
-1.8835e-02,-0.2,-0.06
-1.8834e-02,-0.215,-0.35
-1.8832e-02,-0.17,-0.08
-1.8830e-02,-0.21,-0.36
-1.8829e-02,-0.22,-0.065
-1.8827e-02,-0.165,-0.375
-1.8826e-02,-0.19,-0.055
-1.8824e-02,-0.245,-0.37
-1.8822e-02,-0.225,-0.05
-1.8821e-02,-0.18,-0.37
-1.8819e-02,-0.24,-0.05
-1.8818e-02,-0.155,-0.35
-1.8816e-02,-0.31,-0.08
-1.8814e-02,-0.175,-0.37
-1.8813e-02,-0.28,-0.065
-1.8811e-02,-0.275,-0.37
-1.8810e-02,-0.22,-0.055
-1.8808e-02,-0.165,-0.39
-1.8806e-02,-0.15,-0.04
-1.8805e-02,-0.235,-0.385
-1.8803e-02,-0.205,-0.035
-1.8802e-02,-0.24,-0.385
-1.8800e-02,-0.19,-0.035
-1.8798e-02,-0.165,-0.365
-1.8797e-02,-0.245,-0.055
-1.8795e-02,-0.15,-0.365
-1.8794e-02,-0.24,-0.065
-1.8792e-02,-0.26,-0.36
-1.8790e-02,-0.23,-0.07
-1.8789e-02,-0.195,-0.375
-1.8787e-02,-0.195,-0.055
-1.8786e-02,-0.165,-0.36
-1.8784e-02,-0.33,-0.07
-1.8782e-02,-0.25,-0.385
-1.8781e-02,-0.275,-0.04
-1.8779e-02,-0.24,-0.385
-1.8778e-02,-0.24,-0.05
-1.8776e-02,-0.265,-0.4
-1.8774e-02,-0.3,-0.025
-1.8773e-02,-0.305,-0.375
-1.8771e-02,-0.27,-0.05
-1.8770e-02,-0.27,-0.445
-1.8768e-02,-0.27,0.01
-1.8766e-02,-0.24,-0.395
-1.8765e-02,-0.305,-0.03
-1.8763e-02,-0.23,-0.38
-1.8762e-02,-0.21,-0.045
-1.8760e-02,-0.19,-0.38
-1.8758e-02,-0.125,-0.05
-1.8757e-02,-0.21,-0.375
-1.8755e-02,-0.255,-0.05
-1.8754e-02,-0.205,-0.38
-1.8752e-02,-0.2,-0.05
-1.8750e-02,-0.25,-0.375
-1.8749e-02,-0.19,-0.055
-1.8747e-02,-0.215,-0.395
-1.8746e-02,-0.235,-0.045
-1.8744e-02,-0.16,-0.385
-1.8742e-02,-0.265,-0.045
-1.8741e-02,-0.16,-0.37
-1.8739e-02,-0.11,-0.065
-1.8738e-02,-0.21,-0.385
-1.8736e-02,-0.185,-0.045
-1.8734e-02,-0.21,-0.375
-1.8733e-02,-0.265,-0.055
-1.8731e-02,-0.21,-0.375
-1.8730e-02,-0.28,-0.05
-1.8728e-02,-0.23,-0.36
-1.8726e-02,-0.24,-0.065
-1.8725e-02,-0.12,-0.36
-1.8723e-02,-0.245,-0.065
-1.8722e-02,-0.2,-0.365
-1.8720e-02,-0.205,-0.055
-1.8718e-02,-0.225,-0.355
-1.8717e-02,-0.27,-0.065
-1.8715e-02,-0.185,-0.37
-1.8714e-02,-0.19,-0.055
-1.8712e-02,-0.235,-0.38
-1.8710e-02,-0.265,-0.05
-1.8709e-02,-0.325,-0.385
-1.8707e-02,-0.125,-0.04
-1.8706e-02,-0.175,-0.375
-1.8704e-02,-0.115,-0.05
-1.8702e-02,-0.2,-0.355
-1.8701e-02,-0.105,-0.075
-1.8699e-02,-0.265,-0.385
-1.8698e-02,-0.215,-0.035
-1.8696e-02,-0.27,-0.365
-1.8694e-02,-0.205,-0.06
-1.8693e-02,-0.29,-0.365
-1.8691e-02,-0.255,-0.06
-1.8690e-02,-0.28,-0.385
-1.8688e-02,-0.265,-0.035
-1.8686e-02,-0.14,-0.425
-1.8685e-02,-0.2,0
-1.8683e-02,-0.23,-0.405
-1.8682e-02,-0.205,-0.03
-1.8680e-02,-0.24,-0.375
-1.8678e-02,-0.16,-0.045
-1.8677e-02,-0.14,-0.355
-1.8675e-02,-0.17,-0.065
-1.8674e-02,-0.19,-0.345
-1.8672e-02,-0.22,-0.08
-1.8670e-02,-0.245,-0.355
-1.8669e-02,-0.21,-0.07
-1.8667e-02,-0.14,-0.375
-1.8666e-02,-0.14,-0.055
-1.8664e-02,-0.345,-0.37
-1.8662e-02,-0.265,-0.05
-1.8661e-02,-0.265,-0.375
-1.8659e-02,-0.19,-0.055
-1.8658e-02,-0.195,-0.37
-1.8656e-02,-0.24,-0.06
-1.8654e-02,-0.255,-0.36
-1.8653e-02,-0.245,-0.07
-1.8651e-02,-0.19,-0.365
-1.8650e-02,-0.175,-0.065
-1.8648e-02,-0.1,-0.395
-1.8646e-02,-0.14,-0.04
-1.8645e-02,-0.22,-0.36
-1.8643e-02,-0.25,-0.07
-1.8642e-02,-0.255,-0.405
-1.8640e-02,-0.235,-0.02
-1.8638e-02,-0.25,-0.405
-1.8637e-02,-0.205,-0.025
-1.8635e-02,-0.28,-0.355
-1.8634e-02,-0.245,-0.08
-1.8632e-02,-0.22,-0.395
-1.8630e-02,-0.21,-0.035
-1.8629e-02,-0.215,-0.385
-1.8627e-02,-0.195,-0.05
-1.8626e-02,-0.245,-0.405
-1.8624e-02,-0.36,-0.025
-1.8622e-02,-0.25,-0.395
-1.8621e-02,-0.34,-0.035
-1.8619e-02,-0.175,-0.37
-1.8618e-02,-0.275,-0.06
-1.8616e-02,-0.27,-0.37
-1.8614e-02,-0.27,-0.07
-1.8613e-02,-0.165,-0.36
-1.8611e-02,-0.275,-0.075
-1.8610e-02,-0.145,-0.37
-1.8608e-02,-0.3,-0.07
-1.8606e-02,-0.265,-0.375
-1.8605e-02,-0.26,-0.06
-1.8603e-02,-0.285,-0.375
-1.8602e-02,-0.2,-0.06
-1.8600e-02,-0.21,-0.385
-1.8598e-02,-0.2,-0.06
-1.8597e-02,-0.285,-0.38
-1.8595e-02,-0.175,-0.06
-1.8594e-02,-0.23,-0.375
-1.8592e-02,-0.17,-0.065
-1.8590e-02,-0.26,-0.39
-1.8589e-02,-0.265,-0.055
-1.8587e-02,-0.33,-0.4
-1.8586e-02,-0.22,-0.035
-1.8584e-02,-0.28,-0.38
-1.8582e-02,-0.18,-0.07
-1.8581e-02,-0.125,-0.4
-1.8579e-02,-0.21,-0.035
-1.8578e-02,-0.18,-0.405
-1.8576e-02,-0.22,-0.04
-1.8574e-02,-0.22,-0.395
-1.8573e-02,-0.145,-0.055
-1.8571e-02,-0.29,-0.375
-1.8570e-02,-0.345,-0.065
-1.8568e-02,-0.235,-0.37
-1.8566e-02,-0.23,-0.075
-1.8565e-02,-0.2,-0.375
-1.8563e-02,-0.19,-0.065
-1.8562e-02,-0.29,-0.395
-1.8560e-02,-0.23,-0.045
-1.8558e-02,-0.17,-0.375
-1.8557e-02,-0.23,-0.065
-1.8555e-02,-0.225,-0.385
-1.8554e-02,-0.28,-0.055
-1.8552e-02,-0.325,-0.39
-1.8550e-02,-0.21,-0.05
-1.8549e-02,-0.155,-0.375
-1.8547e-02,-0.195,-0.06
-1.8546e-02,-0.19,-0.41
-1.8544e-02,-0.3,-0.025
-1.8542e-02,-0.335,-0.395
-1.8541e-02,-0.17,-0.035
-1.8539e-02,-0.18,-0.37
-1.8538e-02,-0.13,-0.06
-1.8536e-02,-0.19,-0.37
-1.8534e-02,-0.18,-0.08
-1.8533e-02,-0.26,-0.38
-1.8531e-02,-0.195,-0.055
-1.8530e-02,-0.285,-0.365
-1.8528e-02,-0.16,-0.07
-1.8526e-02,-0.23,-0.4
-1.8525e-02,-0.26,-0.025
-1.8523e-02,-0.25,-0.385
-1.8522e-02,-0.195,-0.05
-1.8520e-02,-0.215,-0.36
-1.8518e-02,-0.09,-0.07
-1.8517e-02,-0.2,-0.395
-1.8515e-02,-0.23,-0.035
-1.8514e-02,-0.21,-0.36
-1.8512e-02,-0.21,-0.065
-1.8510e-02,-0.29,-0.38
-1.8509e-02,-0.24,-0.055
-1.8507e-02,-0.255,-0.4
-1.8506e-02,-0.13,-0.035
-1.8504e-02,-0.215,-0.385
-1.8502e-02,-0.1,-0.045
-1.8501e-02,-0.185,-0.395
-1.8499e-02,-0.13,-0.045
-1.8498e-02,-0.23,-0.4
-1.8496e-02,-0.165,-0.04
-1.8494e-02,-0.225,-0.39
-1.8493e-02,-0.195,-0.045
-1.8491e-02,-0.27,-0.375
-1.8490e-02,-0.285,-0.065
-1.8488e-02,-0.32,-0.375
-1.8486e-02,-0.22,-0.055
-1.8485e-02,-0.26,-0.375
-1.8483e-02,-0.265,-0.05
-1.8482e-02,-0.265,-0.41
-1.8480e-02,-0.245,-0.035
-1.8478e-02,-0.19,-0.395
-1.8477e-02,-0.21,-0.035
-1.8475e-02,-0.22,-0.41
-1.8474e-02,-0.24,-0.02
-1.8472e-02,-0.23,-0.405
-1.8470e-02,-0.255,-0.025
-1.8469e-02,-0.3,-0.4
-1.8467e-02,-0.265,-0.035
-1.8466e-02,-0.215,-0.4
-1.8464e-02,-0.31,-0.04
-1.8462e-02,-0.225,-0.4
-1.8461e-02,-0.24,-0.045
-1.8459e-02,-0.18,-0.4
-1.8458e-02,-0.24,-0.04
-1.8456e-02,-0.2,-0.37
-1.8454e-02,-0.255,-0.07
-1.8453e-02,-0.17,-0.4
-1.8451e-02,-0.225,-0.035
-1.8450e-02,-0.23,-0.38
-1.8448e-02,-0.22,-0.055
-1.8446e-02,-0.195,-0.375
-1.8445e-02,-0.16,-0.06
-1.8443e-02,-0.265,-0.4
-1.8442e-02,-0.14,-0.05
-1.8440e-02,-0.17,-0.385
-1.8438e-02,-0.235,-0.055
-1.8437e-02,-0.255,-0.39
-1.8435e-02,-0.305,-0.05
-1.8434e-02,-0.295,-0.385
-1.8432e-02,-0.205,-0.06
-1.8430e-02,-0.185,-0.37
-1.8429e-02,-0.185,-0.075
-1.8427e-02,-0.18,-0.385
-1.8426e-02,-0.245,-0.055
-1.8424e-02,-0.26,-0.375
-1.8422e-02,-0.27,-0.07
-1.8421e-02,-0.2,-0.37
-1.8419e-02,-0.215,-0.07
-1.8418e-02,-0.275,-0.37
-1.8416e-02,-0.28,-0.07
-1.8414e-02,-0.205,-0.38
-1.8413e-02,-0.185,-0.06
-1.8411e-02,-0.185,-0.375
-1.8410e-02,-0.185,-0.07
-1.8408e-02,-0.22,-0.39
-1.8406e-02,-0.21,-0.05
-1.8405e-02,-0.09,-0.385
-1.8403e-02,-0.255,-0.06
-1.8402e-02,-0.22,-0.415
-1.8400e-02,-0.215,-0.035
-1.8398e-02,-0.235,-0.375
-1.8397e-02,-0.215,-0.07
-1.8395e-02,-0.305,-0.375
-1.8394e-02,-0.22,-0.075
-1.8392e-02,-0.3,-0.39
-1.8390e-02,-0.195,-0.06
-1.8389e-02,-0.145,-0.37
-1.8387e-02,-0.145,-0.07
-1.8386e-02,-0.205,-0.395
-1.8384e-02,-0.21,-0.05
-1.8382e-02,-0.215,-0.395
-1.8381e-02,-0.24,-0.05
-1.8379e-02,-0.16,-0.405
-1.8378e-02,-0.255,-0.055
-1.8376e-02,-0.28,-0.405
-1.8374e-02,-0.27,-0.045
-1.8373e-02,-0.215,-0.38
-1.8371e-02,-0.11,-0.06
-1.8370e-02,-0.17,-0.385
-1.8368e-02,-0.175,-0.07
-1.8366e-02,-0.22,-0.375
-1.8365e-02,-0.125,-0.07
-1.8363e-02,-0.2,-0.385
-1.8362e-02,-0.145,-0.065
-1.8360e-02,-0.2,-0.395
-1.8358e-02,-0.245,-0.055
-1.8357e-02,-0.24,-0.385
-1.8355e-02,-0.21,-0.055
-1.8354e-02,-0.2,-0.395
-1.8352e-02,-0.19,-0.055
-1.8350e-02,-0.265,-0.395
-1.8349e-02,-0.23,-0.05
-1.8347e-02,-0.175,-0.385
-1.8346e-02,-0.17,-0.06
-1.8344e-02,-0.195,-0.385
-1.8342e-02,-0.345,-0.065
-1.8341e-02,-0.26,-0.38
-1.8339e-02,-0.245,-0.07
-1.8338e-02,-0.205,-0.395
-1.8336e-02,-0.265,-0.055
-1.8334e-02,-0.195,-0.41
-1.8333e-02,-0.235,-0.04
-1.8331e-02,-0.15,-0.385
-1.8330e-02,-0.135,-0.06
-1.8328e-02,-0.14,-0.37
-1.8326e-02,-0.21,-0.07
-1.8325e-02,-0.21,-0.395
-1.8323e-02,-0.295,-0.05
-1.8322e-02,-0.27,-0.39
-1.8320e-02,-0.165,-0.065
-1.8318e-02,-0.26,-0.385
-1.8317e-02,-0.235,-0.065
-1.8315e-02,-0.26,-0.38
-1.8314e-02,-0.18,-0.075
-1.8312e-02,-0.17,-0.4
-1.8310e-02,-0.15,-0.055
-1.8309e-02,-0.32,-0.39
-1.8307e-02,-0.29,-0.06
-1.8306e-02,-0.235,-0.37
-1.8304e-02,-0.18,-0.07
-1.8302e-02,-0.175,-0.37
-1.8301e-02,-0.17,-0.075
-1.8299e-02,-0.2,-0.38
-1.8298e-02,-0.3,-0.065
-1.8296e-02,-0.175,-0.365
-1.8294e-02,-0.27,-0.08
-1.8293e-02,-0.23,-0.375
-1.8291e-02,-0.285,-0.075
-1.8290e-02,-0.235,-0.41
-1.8288e-02,-0.135,-0.03
-1.8286e-02,-0.18,-0.375
-1.8285e-02,-0.235,-0.075
-1.8283e-02,-0.26,-0.36
-1.8282e-02,-0.305,-0.085
-1.8280e-02,-0.2,-0.39
-1.8278e-02,-0.22,-0.055
-1.8277e-02,-0.155,-0.395
-1.8275e-02,-0.27,-0.045
-1.8274e-02,-0.135,-0.375
-1.8272e-02,-0.165,-0.07
-1.8270e-02,-0.135,-0.395
-1.8269e-02,-0.165,-0.04
-1.8267e-02,-0.15,-0.36
-1.8266e-02,-0.28,-0.09
-1.8264e-02,-0.275,-0.38
-1.8262e-02,-0.215,-0.065
-1.8261e-02,-0.25,-0.38
-1.8259e-02,-0.2,-0.06
-1.8258e-02,-0.285,-0.38
-1.8256e-02,-0.24,-0.06
-1.8254e-02,-0.19,-0.365
-1.8253e-02,-0.15,-0.075
-1.8251e-02,-0.225,-0.375
-1.8250e-02,-0.275,-0.07
-1.8248e-02,-0.215,-0.38
-1.8246e-02,-0.115,-0.065
-1.8245e-02,-0.2,-0.38
-1.8243e-02,-0.19,-0.065
-1.8242e-02,-0.31,-0.38
-1.8240e-02,-0.29,-0.07
-1.8238e-02,-0.19,-0.375
-1.8237e-02,-0.23,-0.065
-1.8235e-02,-0.165,-0.36
-1.8234e-02,-0.255,-0.085
-1.8232e-02,-0.195,-0.4
-1.8230e-02,-0.25,-0.045
-1.8229e-02,-0.135,-0.37
-1.8227e-02,-0.19,-0.075
-1.8226e-02,-0.29,-0.38
-1.8224e-02,-0.355,-0.065
-1.8222e-02,-0.235,-0.38
-1.8221e-02,-0.19,-0.065
-1.8219e-02,-0.18,-0.38
-1.8218e-02,-0.2,-0.075
-1.8216e-02,-0.225,-0.375
-1.8214e-02,-0.285,-0.07
-1.8213e-02,-0.215,-0.375
-1.8211e-02,-0.21,-0.07
-1.8210e-02,-0.31,-0.375
-1.8208e-02,-0.225,-0.07
-1.8206e-02,-0.245,-0.415
-1.8205e-02,-0.235,-0.035
-1.8203e-02,-0.195,-0.385
-1.8202e-02,-0.22,-0.075
-1.8200e-02,-0.28,-0.39
-1.8198e-02,-0.26,-0.065
-1.8197e-02,-0.205,-0.37
-1.8195e-02,-0.15,-0.08
-1.8194e-02,-0.16,-0.38
-1.8192e-02,-0.22,-0.075
-1.8190e-02,-0.22,-0.37
-1.8189e-02,-0.18,-0.08
-1.8187e-02,-0.165,-0.4
-1.8186e-02,-0.235,-0.065
-1.8184e-02,-0.275,-0.45
-1.8182e-02,-0.27,-0.005
-1.8181e-02,-0.125,-0.37
-1.8179e-02,-0.175,-0.085
-1.8178e-02,-0.16,-0.385
-1.8176e-02,-0.215,-0.07
-1.8174e-02,-0.21,-0.38
-1.8173e-02,-0.255,-0.07
-1.8171e-02,-0.15,-0.39
-1.8170e-02,-0.265,-0.06
-1.8168e-02,-0.225,-0.385
-1.8166e-02,-0.27,-0.07
-1.8165e-02,-0.155,-0.37
-1.8163e-02,-0.26,-0.08
-1.8162e-02,-0.09,-0.39
-1.8160e-02,-0.135,-0.065
-1.8158e-02,-0.175,-0.39
-1.8157e-02,-0.255,-0.075
-1.8155e-02,-0.185,-0.38
-1.8154e-02,-0.15,-0.075
-1.8152e-02,-0.305,-0.375
-1.8150e-02,-0.23,-0.075
-1.8149e-02,-0.33,-0.405
-1.8147e-02,-0.27,-0.055
-1.8146e-02,-0.175,-0.39
-1.8144e-02,-0.21,-0.065
-1.8142e-02,-0.3,-0.395
-1.8141e-02,-0.21,-0.055
-1.8139e-02,-0.29,-0.39
-1.8138e-02,-0.21,-0.07
-1.8136e-02,-0.27,-0.395
-1.8134e-02,-0.315,-0.065
-1.8133e-02,-0.36,-0.405
-1.8131e-02,-0.265,-0.055
-1.8130e-02,-0.2,-0.365
-1.8128e-02,-0.235,-0.085
-1.8126e-02,-0.235,-0.37
-1.8125e-02,-0.35,-0.085
-1.8123e-02,-0.325,-0.4
-1.8122e-02,-0.265,-0.055
-1.8120e-02,-0.19,-0.38
-1.8118e-02,-0.195,-0.07
-1.8117e-02,-0.24,-0.38
-1.8115e-02,-0.265,-0.08
-1.8114e-02,-0.275,-0.385
-1.8112e-02,-0.155,-0.075
-1.8110e-02,-0.245,-0.38
-1.8109e-02,-0.18,-0.07
-1.8107e-02,-0.18,-0.365
-1.8106e-02,-0.25,-0.085
-1.8104e-02,-0.105,-0.41
-1.8102e-02,-0.165,-0.045
-1.8101e-02,-0.17,-0.395
-1.8099e-02,-0.22,-0.065
-1.8098e-02,-0.23,-0.39
-1.8096e-02,-0.26,-0.065
-1.8094e-02,-0.115,-0.38
-1.8093e-02,-0.17,-0.075
-1.8091e-02,-0.14,-0.38
-1.8090e-02,-0.22,-0.08
-1.8088e-02,-0.205,-0.395
-1.8086e-02,-0.14,-0.06
-1.8085e-02,-0.205,-0.385
-1.8083e-02,-0.325,-0.07
-1.8082e-02,-0.24,-0.385
-1.8080e-02,-0.3,-0.07
-1.8078e-02,-0.175,-0.39
-1.8077e-02,-0.23,-0.065
-1.8075e-02,-0.19,-0.385
-1.8074e-02,-0.255,-0.07
-1.8072e-02,-0.165,-0.37
-1.8070e-02,-0.155,-0.085
-1.8069e-02,-0.17,-0.395
-1.8067e-02,-0.095,-0.055
-1.8066e-02,-0.275,-0.39
-1.8064e-02,-0.265,-0.07
-1.8062e-02,-0.22,-0.385
-1.8061e-02,-0.25,-0.07
-1.8059e-02,-0.14,-0.375
-1.8058e-02,-0.16,-0.075
-1.8056e-02,-0.23,-0.375
-1.8054e-02,-0.13,-0.08
-1.8053e-02,-0.2,-0.38
-1.8051e-02,-0.14,-0.07
-1.8050e-02,-0.24,-0.395
-1.8048e-02,-0.26,-0.06
-1.8046e-02,-0.29,-0.39
-1.8045e-02,-0.195,-0.065
-1.8043e-02,-0.28,-0.415
-1.8042e-02,-0.18,-0.035
-1.8040e-02,-0.2,-0.385
-1.8038e-02,-0.24,-0.075
-1.8037e-02,-0.17,-0.375
-1.8035e-02,-0.255,-0.085
-1.8034e-02,-0.19,-0.375
-1.8032e-02,-0.23,-0.08
-1.8030e-02,-0.23,-0.395
-1.8029e-02,-0.255,-0.065
-1.8027e-02,-0.19,-0.39
-1.8026e-02,-0.255,-0.065
-1.8024e-02,-0.2,-0.365
-1.8022e-02,-0.23,-0.09
-1.8021e-02,-0.18,-0.375
-1.8019e-02,-0.195,-0.08
-1.8018e-02,-0.175,-0.41
-1.8016e-02,-0.32,-0.045
-1.8014e-02,-0.22,-0.425
-1.8013e-02,-0.25,-0.045
-1.8011e-02,-0.245,-0.375
-1.8010e-02,-0.17,-0.08
-1.8008e-02,-0.29,-0.42
-1.8006e-02,-0.235,-0.045
-1.8005e-02,-0.245,-0.38
-1.8003e-02,-0.265,-0.075
-1.8002e-02,-0.24,-0.375
-1.8000e-02,-0.23,-0.075
-1.7998e-02,-0.3,-0.395
-1.7997e-02,-0.315,-0.07
-1.7995e-02,-0.305,-0.37
-1.7994e-02,-0.19,-0.085
-1.7992e-02,-0.13,-0.395
-1.7990e-02,-0.185,-0.065
-1.7989e-02,-0.205,-0.39
-1.7987e-02,-0.25,-0.07
-1.7986e-02,-0.21,-0.42
-1.7984e-02,-0.205,-0.045
-1.7982e-02,-0.235,-0.375
-1.7981e-02,-0.265,-0.08
-1.7979e-02,-0.19,-0.385
-1.7978e-02,-0.25,-0.08
-1.7976e-02,-0.19,-0.4
-1.7974e-02,-0.21,-0.06
-1.7973e-02,-0.24,-0.39
-1.7971e-02,-0.205,-0.08
-1.7970e-02,-0.225,-0.395
-1.7968e-02,-0.155,-0.065
-1.7966e-02,-0.12,-0.39
-1.7965e-02,-0.21,-0.07
-1.7963e-02,-0.215,-0.39
-1.7962e-02,-0.295,-0.075
-1.7960e-02,-0.25,-0.38
-1.7958e-02,-0.255,-0.085
-1.7957e-02,-0.28,-0.385
-1.7955e-02,-0.26,-0.075
-1.7954e-02,-0.165,-0.38
-1.7952e-02,-0.185,-0.075
-1.7950e-02,-0.185,-0.39
-1.7949e-02,-0.255,-0.065
-1.7947e-02,-0.305,-0.39
-1.7946e-02,-0.19,-0.07
-1.7944e-02,-0.215,-0.415
-1.7942e-02,-0.205,-0.045
-1.7941e-02,-0.18,-0.41
-1.7939e-02,-0.25,-0.055
-1.7938e-02,-0.235,-0.4
-1.7936e-02,-0.205,-0.055
-1.7934e-02,-0.275,-0.39
-1.7933e-02,-0.215,-0.07
-1.7931e-02,-0.28,-0.375
-1.7930e-02,-0.32,-0.08
-1.7928e-02,-0.19,-0.38
-1.7926e-02,-0.165,-0.085
-1.7925e-02,-0.225,-0.385
-1.7923e-02,-0.185,-0.08
-1.7922e-02,-0.32,-0.395
-1.7920e-02,-0.175,-0.07
-1.7918e-02,-0.18,-0.405
-1.7917e-02,-0.225,-0.06
-1.7915e-02,-0.13,-0.415
-1.7914e-02,-0.23,-0.055
-1.7912e-02,-0.17,-0.38
-1.7910e-02,-0.24,-0.08
-1.7909e-02,-0.265,-0.375
-1.7907e-02,-0.23,-0.085
-1.7906e-02,-0.23,-0.39
-1.7904e-02,-0.195,-0.075
-1.7902e-02,-0.125,-0.43
-1.7901e-02,-0.265,-0.03
-1.7899e-02,-0.185,-0.39
-1.7898e-02,-0.34,-0.065
-1.7896e-02,-0.295,-0.39
-1.7894e-02,-0.28,-0.08
-1.7893e-02,-0.165,-0.385
-1.7891e-02,-0.2,-0.08
-1.7890e-02,-0.19,-0.415
-1.7888e-02,-0.23,-0.055
-1.7886e-02,-0.21,-0.36
-1.7885e-02,-0.19,-0.1
-1.7883e-02,-0.24,-0.385
-1.7882e-02,-0.265,-0.08
-1.7880e-02,-0.265,-0.385
-1.7878e-02,-0.215,-0.075
-1.7877e-02,-0.215,-0.395
-1.7875e-02,-0.215,-0.07
-1.7874e-02,-0.185,-0.38
-1.7872e-02,-0.155,-0.085
-1.7870e-02,-0.185,-0.42
-1.7869e-02,-0.16,-0.045
-1.7867e-02,-0.305,-0.41
-1.7866e-02,-0.285,-0.055
-1.7864e-02,-0.275,-0.38
-1.7862e-02,-0.285,-0.09
-1.7861e-02,-0.145,-0.405
-1.7859e-02,-0.245,-0.07
-1.7858e-02,-0.23,-0.43
-1.7856e-02,-0.315,-0.05
-1.7854e-02,-0.28,-0.385
-1.7853e-02,-0.24,-0.08
-1.7851e-02,-0.22,-0.38
-1.7850e-02,-0.245,-0.085
-1.7848e-02,-0.245,-0.385
-1.7846e-02,-0.26,-0.08
-1.7845e-02,-0.175,-0.385
-1.7843e-02,-0.22,-0.085
-1.7842e-02,-0.2,-0.395
-1.7840e-02,-0.25,-0.07
-1.7838e-02,-0.21,-0.41
-1.7837e-02,-0.28,-0.06
-1.7835e-02,-0.205,-0.385
-1.7834e-02,-0.325,-0.085
-1.7832e-02,-0.18,-0.4
-1.7830e-02,-0.315,-0.06
-1.7829e-02,-0.15,-0.405
-1.7827e-02,-0.205,-0.07
-1.7826e-02,-0.23,-0.375
-1.7824e-02,-0.28,-0.09
-1.7822e-02,-0.28,-0.385
-1.7821e-02,-0.28,-0.09
-1.7819e-02,-0.135,-0.39
-1.7818e-02,-0.28,-0.075
-1.7816e-02,-0.18,-0.385
-1.7814e-02,-0.2,-0.085
-1.7813e-02,-0.165,-0.4
-1.7811e-02,-0.22,-0.08
-1.7810e-02,-0.23,-0.415
-1.7808e-02,-0.27,-0.055
-1.7806e-02,-0.215,-0.43
-1.7805e-02,-0.165,-0.05
-1.7803e-02,-0.17,-0.41
-1.7802e-02,-0.23,-0.06
-1.7800e-02,-0.295,-0.405
-1.7798e-02,-0.245,-0.055
-1.7797e-02,-0.305,-0.39
-1.7795e-02,-0.25,-0.08
-1.7794e-02,-0.24,-0.39
-1.7792e-02,-0.235,-0.075
-1.7790e-02,-0.28,-0.385
-1.7789e-02,-0.215,-0.085
-1.7787e-02,-0.265,-0.4
-1.7786e-02,-0.155,-0.075
-1.7784e-02,-0.195,-0.395
-1.7782e-02,-0.225,-0.07
-1.7781e-02,-0.24,-0.385
-1.7779e-02,-0.185,-0.09
-1.7778e-02,-0.225,-0.4
-1.7776e-02,-0.255,-0.065
-1.7774e-02,-0.325,-0.39
-1.7773e-02,-0.25,-0.08
-1.7771e-02,-0.205,-0.395
-1.7770e-02,-0.255,-0.075
-1.7768e-02,-0.21,-0.39
-1.7766e-02,-0.27,-0.085
-1.7765e-02,-0.195,-0.415
-1.7763e-02,-0.2,-0.06
-1.7762e-02,-0.23,-0.395
-1.7760e-02,-0.28,-0.07
-1.7758e-02,-0.235,-0.39
-1.7757e-02,-0.275,-0.085
-1.7755e-02,-0.24,-0.41
-1.7754e-02,-0.21,-0.065
-1.7752e-02,-0.19,-0.395
-1.7750e-02,-0.3,-0.075
-1.7749e-02,-0.265,-0.395
-1.7747e-02,-0.32,-0.07
-1.7746e-02,-0.175,-0.385
-1.7744e-02,-0.23,-0.09
-1.7742e-02,-0.26,-0.39
-1.7741e-02,-0.2,-0.08
-1.7739e-02,-0.235,-0.415
-1.7738e-02,-0.19,-0.06
-1.7736e-02,-0.26,-0.39
-1.7734e-02,-0.31,-0.075
-1.7733e-02,-0.295,-0.405
-1.7731e-02,-0.285,-0.07
-1.7730e-02,-0.26,-0.4
-1.7728e-02,-0.31,-0.075
-1.7726e-02,-0.25,-0.4
-1.7725e-02,-0.28,-0.07
-1.7723e-02,-0.17,-0.385
-1.7722e-02,-0.2,-0.085
-1.7720e-02,-0.23,-0.385
-1.7718e-02,-0.235,-0.085
-1.7717e-02,-0.275,-0.39
-1.7715e-02,-0.26,-0.075
-1.7714e-02,-0.17,-0.395
-1.7712e-02,-0.255,-0.08
-1.7710e-02,-0.21,-0.41
-1.7709e-02,-0.305,-0.065
-1.7707e-02,-0.22,-0.415
-1.7706e-02,-0.14,-0.055
-1.7704e-02,-0.27,-0.44
-1.7702e-02,-0.3,-0.035
-1.7701e-02,-0.275,-0.41
-1.7699e-02,-0.24,-0.06
-1.7698e-02,-0.23,-0.38
-1.7696e-02,-0.11,-0.09
-1.7694e-02,-0.27,-0.4
-1.7693e-02,-0.155,-0.07
-1.7691e-02,-0.325,-0.39
-1.7690e-02,-0.205,-0.08
-1.7688e-02,-0.29,-0.385
-1.7686e-02,-0.19,-0.085
-1.7685e-02,-0.215,-0.39
-1.7683e-02,-0.245,-0.085
-1.7682e-02,-0.245,-0.41
-1.7680e-02,-0.21,-0.07
-1.7678e-02,-0.26,-0.4
-1.7677e-02,-0.29,-0.07
-1.7675e-02,-0.26,-0.375
-1.7674e-02,-0.215,-0.095
-1.7672e-02,-0.13,-0.375
-1.7670e-02,-0.275,-0.09
-1.7669e-02,-0.245,-0.425
-1.7667e-02,-0.215,-0.055
-1.7666e-02,-0.28,-0.445
-1.7664e-02,-0.165,-0.03
-1.7662e-02,-0.305,-0.42
-1.7661e-02,-0.215,-0.045
-1.7659e-02,-0.17,-0.415
-1.7658e-02,-0.175,-0.06
-1.7656e-02,-0.13,-0.385
-1.7654e-02,-0.215,-0.085
-1.7653e-02,-0.15,-0.39
-1.7651e-02,-0.19,-0.09
-1.7650e-02,-0.2,-0.415
-1.7648e-02,-0.27,-0.065
-1.7646e-02,-0.235,-0.42
-1.7645e-02,-0.32,-0.055
-1.7643e-02,-0.205,-0.4
-1.7642e-02,-0.27,-0.075
-1.7640e-02,-0.145,-0.4
-1.7638e-02,-0.22,-0.075
-1.7637e-02,-0.29,-0.41
-1.7635e-02,-0.185,-0.065
-1.7634e-02,-0.23,-0.405
-1.7632e-02,-0.16,-0.075
-1.7630e-02,-0.255,-0.395
-1.7629e-02,-0.25,-0.08
-1.7627e-02,-0.25,-0.4
-1.7626e-02,-0.135,-0.08
-1.7624e-02,-0.24,-0.415
-1.7622e-02,-0.255,-0.065
-1.7621e-02,-0.255,-0.415
-1.7619e-02,-0.155,-0.06
-1.7618e-02,-0.275,-0.395
-1.7616e-02,-0.21,-0.08
-1.7614e-02,-0.33,-0.395
-1.7613e-02,-0.275,-0.09
-1.7611e-02,-0.225,-0.43
-1.7610e-02,-0.29,-0.05
-1.7608e-02,-0.16,-0.42
-1.7606e-02,-0.23,-0.065
-1.7605e-02,-0.12,-0.415
-1.7603e-02,-0.215,-0.07
-1.7602e-02,-0.18,-0.395
-1.7600e-02,-0.27,-0.085
-1.7598e-02,-0.27,-0.42
-1.7597e-02,-0.28,-0.065
-1.7595e-02,-0.155,-0.43
-1.7594e-02,-0.22,-0.05
-1.7592e-02,-0.165,-0.42
-1.7590e-02,-0.3,-0.065
-1.7589e-02,-0.285,-0.4
-1.7587e-02,-0.27,-0.085
-1.7586e-02,-0.255,-0.405
-1.7584e-02,-0.28,-0.085
-1.7582e-02,-0.23,-0.42
-1.7581e-02,-0.24,-0.07
-1.7579e-02,-0.185,-0.415
-1.7578e-02,-0.27,-0.065
-1.7576e-02,-0.305,-0.41
-1.7574e-02,-0.295,-0.07
-1.7573e-02,-0.285,-0.425
-1.7571e-02,-0.105,-0.06
-1.7570e-02,-0.285,-0.395
-1.7568e-02,-0.155,-0.09
-1.7566e-02,-0.275,-0.395
-1.7565e-02,-0.19,-0.085
-1.7563e-02,-0.295,-0.375
-1.7562e-02,-0.225,-0.11
-1.7560e-02,-0.34,-0.4
-1.7558e-02,-0.19,-0.085
-1.7557e-02,-0.3,-0.415
-1.7555e-02,-0.12,-0.08
-1.7554e-02,-0.28,-0.395
-1.7552e-02,-0.195,-0.08
-1.7550e-02,-0.255,-0.39
-1.7549e-02,-0.225,-0.09
-1.7547e-02,-0.205,-0.385
-1.7546e-02,-0.265,-0.095
-1.7544e-02,-0.345,-0.395
-1.7542e-02,-0.27,-0.085
-1.7541e-02,-0.295,-0.4
-1.7539e-02,-0.165,-0.075
-1.7538e-02,-0.28,-0.405
-1.7536e-02,-0.22,-0.075
-1.7534e-02,-0.285,-0.395
-1.7533e-02,-0.155,-0.085
-1.7531e-02,-0.24,-0.395
-1.7530e-02,-0.175,-0.085
-1.7528e-02,-0.325,-0.39
-1.7526e-02,-0.185,-0.095
-1.7525e-02,-0.26,-0.4
-1.7523e-02,-0.2,-0.075
-1.7522e-02,-0.265,-0.38
-1.7520e-02,-0.21,-0.09
-1.7518e-02,-0.225,-0.415
-1.7517e-02,-0.205,-0.07
-1.7515e-02,-0.19,-0.435
-1.7514e-02,-0.19,-0.035
-1.7512e-02,-0.295,-0.435
-1.7510e-02,-0.205,-0.045
-1.7509e-02,-0.27,-0.41
-1.7507e-02,-0.245,-0.065
-1.7506e-02,-0.24,-0.38
-1.7504e-02,-0.305,-0.09
-1.7502e-02,-0.21,-0.41
-1.7501e-02,-0.135,-0.075
-1.7499e-02,-0.195,-0.385
-1.7498e-02,-0.16,-0.095
-1.7496e-02,-0.325,-0.38
-1.7494e-02,-0.14,-0.09
-1.7493e-02,-0.31,-0.415
-1.7491e-02,-0.21,-0.06
-1.7490e-02,-0.265,-0.4
-1.7488e-02,-0.245,-0.08
-1.7486e-02,-0.225,-0.405
-1.7485e-02,-0.24,-0.075
-1.7483e-02,-0.275,-0.435
-1.7482e-02,-0.29,-0.035
-1.7480e-02,-0.285,-0.4
-1.7478e-02,-0.215,-0.08
-1.7477e-02,-0.175,-0.41
-1.7475e-02,-0.19,-0.07
-1.7474e-02,-0.185,-0.38
-1.7472e-02,-0.225,-0.095
-1.7470e-02,-0.26,-0.43
-1.7469e-02,-0.28,-0.045
-1.7467e-02,-0.27,-0.415
-1.7466e-02,-0.245,-0.06
-1.7464e-02,-0.3,-0.4
-1.7462e-02,-0.185,-0.08
-1.7461e-02,-0.175,-0.38
-1.7459e-02,-0.195,-0.095
-1.7458e-02,-0.26,-0.385
-1.7456e-02,-0.33,-0.095
-1.7454e-02,-0.33,-0.405
-1.7453e-02,-0.235,-0.075
-1.7451e-02,-0.235,-0.385
-1.7450e-02,-0.225,-0.1
-1.7448e-02,-0.21,-0.41
-1.7446e-02,-0.29,-0.07
-1.7445e-02,-0.22,-0.425
-1.7443e-02,-0.365,-0.055
-1.7442e-02,-0.225,-0.39
-1.7440e-02,-0.3,-0.095
-1.7438e-02,-0.3,-0.415
-1.7437e-02,-0.23,-0.065
-1.7435e-02,-0.23,-0.4
-1.7434e-02,-0.255,-0.085
-1.7432e-02,-0.205,-0.405
-1.7430e-02,-0.3,-0.075
-1.7429e-02,-0.205,-0.43
-1.7427e-02,-0.275,-0.055
-1.7426e-02,-0.23,-0.4
-1.7424e-02,-0.315,-0.08
-1.7422e-02,-0.275,-0.385
-1.7421e-02,-0.22,-0.095
-1.7419e-02,-0.225,-0.38
-1.7418e-02,-0.215,-0.105
-1.7416e-02,-0.28,-0.39
-1.7414e-02,-0.21,-0.095
-1.7413e-02,-0.27,-0.405
-1.7411e-02,-0.19,-0.085
-1.7410e-02,-0.345,-0.41
-1.7408e-02,-0.225,-0.075
-1.7406e-02,-0.325,-0.39
-1.7405e-02,-0.305,-0.09
-1.7403e-02,-0.29,-0.395
-1.7402e-02,-0.24,-0.095
-1.7400e-02,-0.21,-0.405
-1.7398e-02,-0.28,-0.07
-1.7397e-02,-0.14,-0.43
-1.7395e-02,-0.225,-0.06
-1.7394e-02,-0.215,-0.39
-1.7392e-02,-0.26,-0.095
-1.7390e-02,-0.345,-0.42
-1.7389e-02,-0.275,-0.07
-1.7387e-02,-0.19,-0.395
-1.7386e-02,-0.24,-0.09
-1.7384e-02,-0.17,-0.4
-1.7382e-02,-0.24,-0.085
-1.7381e-02,-0.195,-0.38
-1.7379e-02,-0.27,-0.105
-1.7378e-02,-0.24,-0.43
-1.7376e-02,-0.245,-0.05
-1.7374e-02,-0.28,-0.425
-1.7373e-02,-0.265,-0.065
-1.7371e-02,-0.33,-0.415
-1.7370e-02,-0.2,-0.07
-1.7368e-02,-0.305,-0.375
-1.7366e-02,-0.195,-0.11
-1.7365e-02,-0.32,-0.37
-1.7363e-02,-0.27,-0.115
-1.7362e-02,-0.185,-0.42
-1.7360e-02,-0.185,-0.065
-1.7358e-02,-0.275,-0.425
-1.7357e-02,-0.27,-0.06
-1.7355e-02,-0.32,-0.405
-1.7354e-02,-0.265,-0.08
-1.7352e-02,-0.255,-0.39
-1.7350e-02,-0.305,-0.095
-1.7349e-02,-0.23,-0.405
-1.7347e-02,-0.28,-0.075
-1.7346e-02,-0.205,-0.425
-1.7344e-02,-0.285,-0.065
-1.7342e-02,-0.26,-0.415
-1.7341e-02,-0.275,-0.07
-1.7339e-02,-0.33,-0.395
-1.7338e-02,-0.195,-0.1
-1.7336e-02,-0.23,-0.4
-1.7334e-02,-0.185,-0.095
-1.7333e-02,-0.21,-0.4
-1.7331e-02,-0.325,-0.085
-1.7330e-02,-0.2,-0.43
-1.7328e-02,-0.22,-0.055
-1.7326e-02,-0.195,-0.405
-1.7325e-02,-0.255,-0.085
-1.7323e-02,-0.27,-0.44
-1.7322e-02,-0.245,-0.055
-1.7320e-02,-0.245,-0.385
-1.7318e-02,-0.265,-0.1
-1.7317e-02,-0.245,-0.405
-1.7315e-02,-0.235,-0.085
-1.7314e-02,-0.195,-0.4
-1.7312e-02,-0.19,-0.085
-1.7310e-02,-0.185,-0.4
-1.7309e-02,-0.225,-0.08
-1.7307e-02,-0.225,-0.39
-1.7306e-02,-0.215,-0.1
-1.7304e-02,-0.22,-0.4
-1.7302e-02,-0.245,-0.08
-1.7301e-02,-0.245,-0.405
-1.7299e-02,-0.28,-0.085
-1.7298e-02,-0.255,-0.415
-1.7296e-02,-0.145,-0.08
-1.7294e-02,-0.205,-0.41
-1.7293e-02,-0.3,-0.075
-1.7291e-02,-0.325,-0.395
-1.7290e-02,-0.22,-0.095
-1.7288e-02,-0.295,-0.395
-1.7286e-02,-0.145,-0.09
-1.7285e-02,-0.4,-0.405
-1.7283e-02,-0.225,-0.085
-1.7282e-02,-0.235,-0.41
-1.7280e-02,-0.125,-0.08
-1.7278e-02,-0.275,-0.395
-1.7277e-02,-0.285,-0.095
-1.7275e-02,-0.34,-0.405
-1.7274e-02,-0.305,-0.09
-1.7272e-02,-0.19,-0.39
-1.7270e-02,-0.215,-0.1
-1.7269e-02,-0.25,-0.4
-1.7267e-02,-0.25,-0.09
-1.7266e-02,-0.355,-0.41
-1.7264e-02,-0.175,-0.08
-1.7262e-02,-0.29,-0.39
-1.7261e-02,-0.2,-0.1
-1.7259e-02,-0.32,-0.41
-1.7258e-02,-0.295,-0.075
-1.7256e-02,-0.15,-0.415
-1.7254e-02,-0.165,-0.08
-1.7253e-02,-0.2,-0.375
-1.7251e-02,-0.305,-0.115
-1.7250e-02,-0.205,-0.39
-1.7248e-02,-0.265,-0.1
-1.7246e-02,-0.21,-0.385
-1.7245e-02,-0.275,-0.105
-1.7243e-02,-0.33,-0.38
-1.7242e-02,-0.17,-0.11
-1.7240e-02,-0.21,-0.395
-1.7238e-02,-0.22,-0.095
-1.7237e-02,-0.24,-0.385
-1.7235e-02,-0.31,-0.105
-1.7234e-02,-0.215,-0.41
-1.7232e-02,-0.32,-0.08
-1.7230e-02,-0.245,-0.395
-1.7229e-02,-0.265,-0.095
-1.7227e-02,-0.27,-0.425
-1.7226e-02,-0.21,-0.065
-1.7224e-02,-0.24,-0.405
-1.7222e-02,-0.28,-0.08
-1.7221e-02,-0.24,-0.4
-1.7219e-02,-0.33,-0.09
-1.7218e-02,-0.265,-0.405
-1.7216e-02,-0.26,-0.085
-1.7214e-02,-0.24,-0.4
-1.7213e-02,-0.295,-0.085
-1.7211e-02,-0.22,-0.385
-1.7210e-02,-0.235,-0.11
-1.7208e-02,-0.09,-0.415
-1.7206e-02,-0.29,-0.07
-1.7205e-02,-0.22,-0.405
-1.7203e-02,-0.395,-0.09
-1.7202e-02,-0.275,-0.395
-1.7200e-02,-0.19,-0.105
-1.7198e-02,-0.265,-0.39
-1.7197e-02,-0.23,-0.1
-1.7195e-02,-0.24,-0.385
-1.7194e-02,-0.21,-0.105
-1.7192e-02,-0.215,-0.4
-1.7190e-02,-0.285,-0.1
-1.7189e-02,-0.225,-0.425
-1.7187e-02,-0.265,-0.07
-1.7186e-02,-0.24,-0.4
-1.7184e-02,-0.24,-0.095
-1.7182e-02,-0.21,-0.405
-1.7181e-02,-0.195,-0.095
-1.7179e-02,-0.235,-0.385
-1.7178e-02,-0.255,-0.105
-1.7176e-02,-0.245,-0.405
-1.7174e-02,-0.33,-0.095
-1.7173e-02,-0.265,-0.4
-1.7171e-02,-0.28,-0.095
-1.7170e-02,-0.21,-0.39
-1.7168e-02,-0.26,-0.105
-1.7166e-02,-0.21,-0.395
-1.7165e-02,-0.41,-0.105
-1.7163e-02,-0.255,-0.43
-1.7162e-02,-0.265,-0.06
-1.7160e-02,-0.225,-0.4
-1.7158e-02,-0.265,-0.085
-1.7157e-02,-0.3,-0.415
-1.7155e-02,-0.155,-0.08
-1.7154e-02,-0.22,-0.45
-1.7152e-02,-0.155,-0.05
-1.7150e-02,-0.355,-0.4
-1.7149e-02,-0.26,-0.095
-1.7147e-02,-0.255,-0.4
-1.7146e-02,-0.185,-0.095
-1.7144e-02,-0.24,-0.415
-1.7142e-02,-0.245,-0.085
-1.7141e-02,-0.245,-0.415
-1.7139e-02,-0.22,-0.085
-1.7138e-02,-0.215,-0.41
-1.7136e-02,-0.27,-0.085
-1.7134e-02,-0.29,-0.42
-1.7133e-02,-0.255,-0.075
-1.7131e-02,-0.265,-0.42
-1.7130e-02,-0.12,-0.075
-1.7128e-02,-0.195,-0.39
-1.7126e-02,-0.225,-0.11
-1.7125e-02,-0.22,-0.4
-1.7123e-02,-0.245,-0.105
-1.7122e-02,-0.175,-0.4
-1.7120e-02,-0.27,-0.095
-1.7118e-02,-0.235,-0.41
-1.7117e-02,-0.275,-0.08
-1.7115e-02,-0.17,-0.4
-1.7114e-02,-0.235,-0.105
-1.7112e-02,-0.245,-0.395
-1.7110e-02,-0.28,-0.105
-1.7109e-02,-0.275,-0.41
-1.7107e-02,-0.225,-0.085
-1.7106e-02,-0.195,-0.38
-1.7104e-02,-0.33,-0.115
-1.7102e-02,-0.24,-0.4
-1.7101e-02,-0.265,-0.1
-1.7099e-02,-0.245,-0.415
-1.7098e-02,-0.235,-0.08
-1.7096e-02,-0.24,-0.405
-1.7094e-02,-0.24,-0.095
-1.7093e-02,-0.21,-0.435
-1.7091e-02,-0.22,-0.065
-1.7090e-02,-0.22,-0.39
-1.7088e-02,-0.28,-0.105
-1.7086e-02,-0.26,-0.38
-1.7085e-02,-0.29,-0.115
-1.7083e-02,-0.18,-0.39
-1.7082e-02,-0.275,-0.105
-1.7080e-02,-0.245,-0.39
-1.7078e-02,-0.225,-0.105
-1.7077e-02,-0.19,-0.4
-1.7075e-02,-0.17,-0.1
-1.7074e-02,-0.235,-0.425
-1.7072e-02,-0.325,-0.08
-1.7070e-02,-0.275,-0.4
-1.7069e-02,-0.245,-0.095
-1.7067e-02,-0.22,-0.405
-1.7066e-02,-0.225,-0.095
-1.7064e-02,-0.3,-0.39
-1.7062e-02,-0.145,-0.105
-1.7061e-02,-0.34,-0.39
-1.7059e-02,-0.19,-0.105
-1.7058e-02,-0.325,-0.425
-1.7056e-02,-0.25,-0.07
-1.7054e-02,-0.185,-0.41
-1.7053e-02,-0.225,-0.08
-1.7051e-02,-0.205,-0.39
-1.7050e-02,-0.32,-0.105
-1.7048e-02,-0.29,-0.39
-1.7046e-02,-0.31,-0.105
-1.7045e-02,-0.26,-0.415
-1.7043e-02,-0.26,-0.085
-1.7042e-02,-0.255,-0.39
-1.7040e-02,-0.28,-0.105
-1.7038e-02,-0.255,-0.4
-1.7037e-02,-0.175,-0.09
-1.7035e-02,-0.275,-0.4
-1.7034e-02,-0.295,-0.095
-1.7032e-02,-0.285,-0.415
-1.7030e-02,-0.24,-0.085
-1.7029e-02,-0.145,-0.41
-1.7027e-02,-0.175,-0.085
-1.7026e-02,-0.34,-0.435
-1.7024e-02,-0.2,-0.065
-1.7022e-02,-0.365,-0.41
-1.7021e-02,-0.205,-0.09
-1.7019e-02,-0.335,-0.395
-1.7018e-02,-0.275,-0.1
-1.7016e-02,-0.29,-0.42
-1.7014e-02,-0.195,-0.08
-1.7013e-02,-0.29,-0.42
-1.7011e-02,-0.27,-0.08
-1.7010e-02,-0.25,-0.455
-1.7008e-02,-0.3,-0.05
-1.7006e-02,-0.26,-0.405
-1.7005e-02,-0.195,-0.09
-1.7003e-02,-0.275,-0.415
-1.7002e-02,-0.15,-0.075
-1.7000e-02,-0.25,-0.4
-1.6998e-02,-0.145,-0.095
-1.6997e-02,-0.19,-0.41
-1.6995e-02,-0.255,-0.09
-1.6994e-02,-0.225,-0.41
-1.6992e-02,-0.295,-0.085
-1.6990e-02,-0.215,-0.41
-1.6989e-02,-0.17,-0.09
-1.6987e-02,-0.275,-0.39
-1.6986e-02,-0.265,-0.1
-1.6984e-02,-0.215,-0.41
-1.6982e-02,-0.1,-0.09
-1.6981e-02,-0.225,-0.41
-1.6979e-02,-0.245,-0.09
-1.6978e-02,-0.32,-0.42
-1.6976e-02,-0.19,-0.075
-1.6974e-02,-0.26,-0.405
-1.6973e-02,-0.2,-0.095
-1.6971e-02,-0.33,-0.415
-1.6970e-02,-0.205,-0.09
-1.6968e-02,-0.225,-0.395
-1.6966e-02,-0.14,-0.105
-1.6965e-02,-0.195,-0.375
-1.6963e-02,-0.26,-0.12
-1.6962e-02,-0.23,-0.385
-1.6960e-02,-0.295,-0.115
-1.6958e-02,-0.24,-0.4
-1.6957e-02,-0.17,-0.095
-1.6955e-02,-0.275,-0.42
-1.6954e-02,-0.29,-0.08
-1.6952e-02,-0.22,-0.42
-1.6950e-02,-0.19,-0.085
-1.6949e-02,-0.18,-0.41
-1.6947e-02,-0.195,-0.09
-1.6946e-02,-0.325,-0.395
-1.6944e-02,-0.33,-0.1
-1.6942e-02,-0.21,-0.385
-1.6941e-02,-0.24,-0.11
-1.6939e-02,-0.295,-0.405
-1.6938e-02,-0.295,-0.095
-1.6936e-02,-0.25,-0.415
-1.6934e-02,-0.17,-0.09
-1.6933e-02,-0.275,-0.425
-1.6931e-02,-0.245,-0.07
-1.6930e-02,-0.34,-0.415
-1.6928e-02,-0.3,-0.085
-1.6926e-02,-0.255,-0.405
-1.6925e-02,-0.275,-0.095
-1.6923e-02,-0.3,-0.405
-1.6922e-02,-0.2,-0.09
-1.6920e-02,-0.275,-0.4
-1.6918e-02,-0.27,-0.105
-1.6917e-02,-0.225,-0.42
-1.6915e-02,-0.315,-0.075
-1.6914e-02,-0.3,-0.41
-1.6912e-02,-0.255,-0.09
-1.6910e-02,-0.225,-0.42
-1.6909e-02,-0.27,-0.08
-1.6907e-02,-0.205,-0.43
-1.6906e-02,-0.315,-0.075
-1.6904e-02,-0.305,-0.39
-1.6902e-02,-0.215,-0.105
-1.6901e-02,-0.23,-0.4
-1.6899e-02,-0.29,-0.095
-1.6898e-02,-0.145,-0.405
-1.6896e-02,-0.245,-0.095
-1.6894e-02,-0.255,-0.4
-1.6893e-02,-0.305,-0.095
-1.6891e-02,-0.35,-0.41
-1.6890e-02,-0.205,-0.09
-1.6888e-02,-0.2,-0.405
-1.6886e-02,-0.235,-0.09
-1.6885e-02,-0.3,-0.41
-1.6883e-02,-0.26,-0.09
-1.6882e-02,-0.225,-0.395
-1.6880e-02,-0.22,-0.11
-1.6878e-02,-0.3,-0.395
-1.6877e-02,-0.275,-0.11
-1.6875e-02,-0.35,-0.405
-1.6874e-02,-0.225,-0.105
-1.6872e-02,-0.26,-0.435
-1.6870e-02,-0.205,-0.08
-1.6869e-02,-0.28,-0.415
-1.6867e-02,-0.25,-0.095
-1.6866e-02,-0.33,-0.39
-1.6864e-02,-0.27,-0.115
-1.6862e-02,-0.295,-0.4
-1.6861e-02,-0.28,-0.11
-1.6859e-02,-0.265,-0.415
-1.6858e-02,-0.265,-0.095
-1.6856e-02,-0.21,-0.415
-1.6854e-02,-0.275,-0.09
-1.6853e-02,-0.31,-0.395
-1.6851e-02,-0.285,-0.115
-1.6850e-02,-0.235,-0.415
-1.6848e-02,-0.29,-0.095
-1.6846e-02,-0.205,-0.415
-1.6845e-02,-0.4,-0.095
-1.6843e-02,-0.195,-0.415
-1.6842e-02,-0.27,-0.095
-1.6840e-02,-0.215,-0.39
-1.6838e-02,-0.275,-0.12
-1.6837e-02,-0.33,-0.41
-1.6835e-02,-0.27,-0.1
-1.6834e-02,-0.33,-0.395
-1.6832e-02,-0.285,-0.12
-1.6830e-02,-0.295,-0.395
-1.6829e-02,-0.26,-0.12
-1.6827e-02,-0.19,-0.4
-1.6826e-02,-0.195,-0.11
-1.6824e-02,-0.235,-0.41
-1.6822e-02,-0.28,-0.1
-1.6821e-02,-0.28,-0.41
-1.6819e-02,-0.32,-0.1
-1.6818e-02,-0.26,-0.42
-1.6816e-02,-0.2,-0.095
-1.6814e-02,-0.285,-0.405
-1.6813e-02,-0.195,-0.1
-1.6811e-02,-0.255,-0.405
-1.6810e-02,-0.16,-0.11
-1.6808e-02,-0.26,-0.405
-1.6806e-02,-0.28,-0.1
-1.6805e-02,-0.34,-0.42
-1.6803e-02,-0.17,-0.09
-1.6802e-02,-0.25,-0.44
-1.6800e-02,-0.23,-0.08
-1.6798e-02,-0.25,-0.465
-1.6797e-02,-0.305,-0.04
-1.6795e-02,-0.24,-0.39
-1.6794e-02,-0.26,-0.12
-1.6792e-02,-0.265,-0.415
-1.6790e-02,-0.29,-0.095
-1.6789e-02,-0.195,-0.41
-1.6787e-02,-0.265,-0.095
-1.6786e-02,-0.17,-0.435
-1.6784e-02,-0.28,-0.085
-1.6782e-02,-0.27,-0.445
-1.6781e-02,-0.33,-0.07
-1.6779e-02,-0.23,-0.395
-1.6778e-02,-0.255,-0.11
-1.6776e-02,-0.22,-0.4
-1.6774e-02,-0.275,-0.115
-1.6773e-02,-0.24,-0.4
-1.6771e-02,-0.255,-0.105
-1.6770e-02,-0.23,-0.405
-1.6768e-02,-0.345,-0.105
-1.6766e-02,-0.285,-0.385
-1.6765e-02,-0.265,-0.12
-1.6763e-02,-0.23,-0.41
-1.6762e-02,-0.08,-0.1
-1.6760e-02,-0.315,-0.42
-1.6758e-02,-0.18,-0.075
-1.6757e-02,-0.25,-0.42
-1.6755e-02,-0.19,-0.085
-1.6754e-02,-0.245,-0.39
-1.6752e-02,-0.23,-0.105
-1.6750e-02,-0.26,-0.41
-1.6749e-02,-0.22,-0.09
-1.6747e-02,-0.23,-0.4
-1.6746e-02,-0.24,-0.105
-1.6744e-02,-0.345,-0.41
-1.6742e-02,-0.185,-0.09
-1.6741e-02,-0.325,-0.395
-1.6739e-02,-0.215,-0.105
-1.6738e-02,-0.275,-0.395
-1.6736e-02,-0.155,-0.11
-1.6734e-02,-0.25,-0.4
-1.6733e-02,-0.27,-0.105
-1.6731e-02,-0.215,-0.38
-1.6730e-02,-0.305,-0.12
-1.6728e-02,-0.275,-0.405
-1.6726e-02,-0.17,-0.09
-1.6725e-02,-0.235,-0.405
-1.6723e-02,-0.175,-0.105
-1.6722e-02,-0.18,-0.405
-1.6720e-02,-0.285,-0.1
-1.6718e-02,-0.235,-0.4
-1.6717e-02,-0.225,-0.11
-1.6715e-02,-0.21,-0.43
-1.6714e-02,-0.27,-0.08
-1.6712e-02,-0.26,-0.395
-1.6710e-02,-0.26,-0.11
-1.6709e-02,-0.23,-0.375
-1.6707e-02,-0.21,-0.13
-1.6706e-02,-0.35,-0.41
-1.6704e-02,-0.32,-0.105
-1.6702e-02,-0.2,-0.395
-1.6701e-02,-0.31,-0.105
-1.6699e-02,-0.185,-0.4
-1.6698e-02,-0.26,-0.11
-1.6696e-02,-0.255,-0.415
-1.6694e-02,-0.24,-0.095
-1.6693e-02,-0.23,-0.42
-1.6691e-02,-0.345,-0.09
-1.6690e-02,-0.22,-0.39
-1.6688e-02,-0.22,-0.12
-1.6686e-02,-0.22,-0.4
-1.6685e-02,-0.19,-0.11
-1.6683e-02,-0.27,-0.4
-1.6682e-02,-0.315,-0.11
-1.6680e-02,-0.28,-0.39
-1.6678e-02,-0.23,-0.125
-1.6677e-02,-0.3,-0.415
-1.6675e-02,-0.165,-0.105
-1.6674e-02,-0.32,-0.445
-1.6672e-02,-0.24,-0.07
-1.6670e-02,-0.24,-0.42
-1.6669e-02,-0.205,-0.095
-1.6667e-02,-0.265,-0.405
-1.6666e-02,-0.31,-0.11
-1.6664e-02,-0.28,-0.39
-1.6662e-02,-0.235,-0.125
-1.6661e-02,-0.15,-0.395
-1.6659e-02,-0.3,-0.12
-1.6658e-02,-0.29,-0.38
-1.6656e-02,-0.295,-0.13
-1.6654e-02,-0.22,-0.415
-1.6653e-02,-0.305,-0.1
-1.6651e-02,-0.27,-0.39
-1.6650e-02,-0.315,-0.12
-1.6648e-02,-0.195,-0.395
-1.6646e-02,-0.24,-0.12
-1.6645e-02,-0.185,-0.41
-1.6643e-02,-0.3,-0.105
-1.6642e-02,-0.315,-0.41
-1.6640e-02,-0.26,-0.105
-1.6638e-02,-0.205,-0.44
-1.6637e-02,-0.2,-0.07
-1.6635e-02,-0.21,-0.43
-1.6634e-02,-0.33,-0.085
-1.6632e-02,-0.31,-0.44
-1.6630e-02,-0.305,-0.075
-1.6629e-02,-0.18,-0.39
-1.6627e-02,-0.27,-0.12
-1.6626e-02,-0.22,-0.42
-1.6624e-02,-0.24,-0.09
-1.6622e-02,-0.27,-0.41
-1.6621e-02,-0.205,-0.105
-1.6619e-02,-0.355,-0.41
-1.6618e-02,-0.325,-0.095
-1.6616e-02,-0.19,-0.405
-1.6614e-02,-0.175,-0.1
-1.6613e-02,-0.255,-0.42
-1.6611e-02,-0.24,-0.085
-1.6610e-02,-0.39,-0.39
-1.6608e-02,-0.21,-0.125
-1.6606e-02,-0.33,-0.415
-1.6605e-02,-0.25,-0.085
-1.6603e-02,-0.245,-0.43
-1.6602e-02,-0.215,-0.085
-1.6600e-02,-0.195,-0.475
-1.6598e-02,-0.24,-0.04
-1.6597e-02,-0.26,-0.405
-1.6595e-02,-0.265,-0.105
-1.6594e-02,-0.25,-0.42
-1.6592e-02,-0.25,-0.085
-1.6590e-02,-0.225,-0.395
-1.6589e-02,-0.205,-0.11
-1.6587e-02,-0.315,-0.4
-1.6586e-02,-0.305,-0.11
-1.6584e-02,-0.295,-0.425
-1.6582e-02,-0.275,-0.08
-1.6581e-02,-0.22,-0.445
-1.6579e-02,-0.265,-0.07
-1.6578e-02,-0.2,-0.4
-1.6576e-02,-0.225,-0.105
-1.6574e-02,-0.255,-0.45
-1.6573e-02,-0.275,-0.06
-1.6571e-02,-0.355,-0.415
-1.6570e-02,-0.28,-0.1
-1.6568e-02,-0.2,-0.42
-1.6566e-02,-0.29,-0.1
-1.6565e-02,-0.225,-0.435
-1.6563e-02,-0.3,-0.08
-1.6562e-02,-0.23,-0.42
-1.6560e-02,-0.205,-0.095
-1.6558e-02,-0.2,-0.405
-1.6557e-02,-0.26,-0.115
-1.6555e-02,-0.27,-0.395
-1.6554e-02,-0.3,-0.115
-1.6552e-02,-0.26,-0.44
-1.6550e-02,-0.24,-0.075
-1.6549e-02,-0.23,-0.395
-1.6547e-02,-0.335,-0.12
-1.6546e-02,-0.305,-0.43
-1.6544e-02,-0.3,-0.09
-1.6542e-02,-0.18,-0.38
-1.6541e-02,-0.24,-0.13
-1.6539e-02,-0.195,-0.385
-1.6538e-02,-0.235,-0.125
-1.6536e-02,-0.25,-0.435
-1.6534e-02,-0.22,-0.085
-1.6533e-02,-0.315,-0.415
-1.6531e-02,-0.255,-0.105
-1.6530e-02,-0.28,-0.415
-1.6528e-02,-0.2,-0.1
-1.6526e-02,-0.23,-0.465
-1.6525e-02,-0.235,-0.045
-1.6523e-02,-0.3,-0.44
-1.6522e-02,-0.235,-0.08
-1.6520e-02,-0.29,-0.41
-1.6518e-02,-0.24,-0.115
-1.6517e-02,-0.27,-0.41
-1.6515e-02,-0.24,-0.105
-1.6514e-02,-0.24,-0.41
-1.6512e-02,-0.265,-0.1
-1.6510e-02,-0.27,-0.4
-1.6509e-02,-0.33,-0.11
-1.6507e-02,-0.255,-0.405
-1.6506e-02,-0.3,-0.11
-1.6504e-02,-0.2,-0.43
-1.6502e-02,-0.23,-0.08
-1.6501e-02,-0.36,-0.43
-1.6499e-02,-0.29,-0.08
-1.6498e-02,-0.375,-0.42
-1.6496e-02,-0.17,-0.095
-1.6494e-02,-0.25,-0.415
-1.6493e-02,-0.255,-0.1
-1.6491e-02,-0.235,-0.4
-1.6490e-02,-0.25,-0.11
-1.6488e-02,-0.25,-0.405
-1.6486e-02,-0.3,-0.11
-1.6485e-02,-0.34,-0.385
-1.6483e-02,-0.31,-0.125
-1.6482e-02,-0.185,-0.42
-1.6480e-02,-0.235,-0.09
-1.6478e-02,-0.155,-0.415
-1.6477e-02,-0.22,-0.105
-1.6475e-02,-0.215,-0.39
-1.6474e-02,-0.225,-0.125
-1.6472e-02,-0.215,-0.41
-1.6470e-02,-0.355,-0.105
-1.6469e-02,-0.23,-0.395
-1.6467e-02,-0.34,-0.11
-1.6466e-02,-0.17,-0.39
-1.6464e-02,-0.21,-0.12
-1.6462e-02,-0.23,-0.405
-1.6461e-02,-0.23,-0.105
-1.6459e-02,-0.225,-0.4
-1.6458e-02,-0.225,-0.11
-1.6456e-02,-0.195,-0.43
-1.6454e-02,-0.27,-0.09
-1.6453e-02,-0.27,-0.405
-1.6451e-02,-0.215,-0.11
-1.6450e-02,-0.23,-0.4
-1.6448e-02,-0.225,-0.11
-1.6446e-02,-0.23,-0.42
-1.6445e-02,-0.26,-0.095
-1.6443e-02,-0.235,-0.43
-1.6442e-02,-0.18,-0.085
-1.6440e-02,-0.275,-0.405
-1.6438e-02,-0.22,-0.105
-1.6437e-02,-0.275,-0.42
-1.6435e-02,-0.175,-0.1
-1.6434e-02,-0.165,-0.425
-1.6432e-02,-0.285,-0.09
-1.6430e-02,-0.22,-0.405
-1.6429e-02,-0.28,-0.11
-1.6427e-02,-0.215,-0.42
-1.6426e-02,-0.19,-0.095
-1.6424e-02,-0.245,-0.4
-1.6422e-02,-0.26,-0.115
-1.6421e-02,-0.215,-0.405
-1.6419e-02,-0.19,-0.105
-1.6418e-02,-0.25,-0.405
-1.6416e-02,-0.235,-0.11
-1.6414e-02,-0.28,-0.385
-1.6413e-02,-0.255,-0.13
-1.6411e-02,-0.275,-0.42
-1.6410e-02,-0.27,-0.095
-1.6408e-02,-0.27,-0.415
-1.6406e-02,-0.265,-0.105
-1.6405e-02,-0.215,-0.435
-1.6403e-02,-0.215,-0.085
-1.6402e-02,-0.245,-0.42
-1.6400e-02,-0.295,-0.1
-1.6398e-02,-0.355,-0.39
-1.6397e-02,-0.25,-0.13
-1.6395e-02,-0.235,-0.41
-1.6394e-02,-0.245,-0.11
-1.6392e-02,-0.16,-0.42
-1.6390e-02,-0.26,-0.105
-1.6389e-02,-0.2,-0.405
-1.6387e-02,-0.255,-0.115
-1.6386e-02,-0.375,-0.415
-1.6384e-02,-0.265,-0.11
-1.6382e-02,-0.28,-0.405
-1.6381e-02,-0.115,-0.115
-1.6379e-02,-0.195,-0.39
-1.6378e-02,-0.27,-0.115
-1.6376e-02,-0.305,-0.445
-1.6374e-02,-0.355,-0.09
-1.6373e-02,-0.28,-0.405
-1.6371e-02,-0.27,-0.115
-1.6370e-02,-0.29,-0.425
-1.6368e-02,-0.24,-0.1
-1.6366e-02,-0.245,-0.395
-1.6365e-02,-0.28,-0.13
-1.6363e-02,-0.24,-0.4
-1.6362e-02,-0.34,-0.13
-1.6360e-02,-0.26,-0.405
-1.6358e-02,-0.24,-0.115
-1.6357e-02,-0.28,-0.415
-1.6355e-02,-0.225,-0.11
-1.6354e-02,-0.265,-0.405
-1.6352e-02,-0.295,-0.12
-1.6350e-02,-0.2,-0.415
-1.6349e-02,-0.235,-0.11
-1.6347e-02,-0.265,-0.41
-1.6346e-02,-0.22,-0.11
-1.6344e-02,-0.315,-0.415
-1.6342e-02,-0.255,-0.11
-1.6341e-02,-0.265,-0.4
-1.6339e-02,-0.31,-0.125
-1.6338e-02,-0.265,-0.435
-1.6336e-02,-0.19,-0.09
-1.6334e-02,-0.235,-0.43
-1.6333e-02,-0.225,-0.1
-1.6331e-02,-0.36,-0.41
-1.6330e-02,-0.265,-0.12
-1.6328e-02,-0.275,-0.43
-1.6326e-02,-0.175,-0.1
-1.6325e-02,-0.295,-0.41
-1.6323e-02,-0.19,-0.115
-1.6322e-02,-0.35,-0.405
-1.6320e-02,-0.25,-0.12
-1.6318e-02,-0.32,-0.405
-1.6317e-02,-0.325,-0.115
-1.6315e-02,-0.23,-0.395
-1.6314e-02,-0.19,-0.125
-1.6312e-02,-0.21,-0.41
-1.6310e-02,-0.3,-0.115
-1.6309e-02,-0.325,-0.405
-1.6307e-02,-0.35,-0.12
-1.6306e-02,-0.265,-0.43
-1.6304e-02,-0.21,-0.095
-1.6302e-02,-0.235,-0.415
-1.6301e-02,-0.225,-0.105
-1.6299e-02,-0.3,-0.4
-1.6298e-02,-0.23,-0.12
-1.6296e-02,-0.23,-0.41
-1.6294e-02,-0.265,-0.105
-1.6293e-02,-0.285,-0.41
-1.6291e-02,-0.33,-0.12
-1.6290e-02,-0.245,-0.41
-1.6288e-02,-0.25,-0.11
-1.6286e-02,-0.22,-0.395
-1.6285e-02,-0.3,-0.125
-1.6283e-02,-0.24,-0.425
-1.6282e-02,-0.2,-0.1
-1.6280e-02,-0.29,-0.405
-1.6278e-02,-0.25,-0.115
-1.6277e-02,-0.305,-0.415
-1.6275e-02,-0.23,-0.105
-1.6274e-02,-0.235,-0.405
-1.6272e-02,-0.185,-0.125
-1.6270e-02,-0.34,-0.41
-1.6269e-02,-0.22,-0.11
-1.6267e-02,-0.28,-0.4
-1.6266e-02,-0.31,-0.125
-1.6264e-02,-0.235,-0.415
-1.6262e-02,-0.215,-0.115
-1.6261e-02,-0.28,-0.42
-1.6259e-02,-0.235,-0.11
-1.6258e-02,-0.225,-0.405
-1.6256e-02,-0.3,-0.125
-1.6254e-02,-0.255,-0.445
-1.6253e-02,-0.285,-0.08
-1.6251e-02,-0.305,-0.41
-1.6250e-02,-0.155,-0.12
-1.6248e-02,-0.225,-0.415
-1.6246e-02,-0.275,-0.115
-1.6245e-02,-0.25,-0.39
-1.6243e-02,-0.315,-0.14
-1.6242e-02,-0.195,-0.4
-1.6240e-02,-0.295,-0.13
-1.6238e-02,-0.245,-0.44
-1.6237e-02,-0.28,-0.09
-1.6235e-02,-0.145,-0.43
-1.6234e-02,-0.315,-0.09
-1.6232e-02,-0.285,-0.415
-1.6230e-02,-0.275,-0.11
-1.6229e-02,-0.3,-0.42
-1.6227e-02,-0.25,-0.095
-1.6226e-02,-0.28,-0.405
-1.6224e-02,-0.26,-0.12
-1.6222e-02,-0.26,-0.42
-1.6221e-02,-0.255,-0.105
-1.6219e-02,-0.26,-0.45
-1.6218e-02,-0.305,-0.07
-1.6216e-02,-0.255,-0.4
-1.6214e-02,-0.26,-0.125
-1.6213e-02,-0.25,-0.42
-1.6211e-02,-0.19,-0.105
-1.6210e-02,-0.195,-0.42
-1.6208e-02,-0.29,-0.105
-1.6206e-02,-0.34,-0.41
-1.6205e-02,-0.34,-0.11
-1.6203e-02,-0.295,-0.43
-1.6202e-02,-0.205,-0.09
-1.6200e-02,-0.21,-0.425
-1.6198e-02,-0.3,-0.095
-1.6197e-02,-0.23,-0.405
-1.6195e-02,-0.265,-0.125
-1.6194e-02,-0.28,-0.44
-1.6192e-02,-0.265,-0.08
-1.6190e-02,-0.345,-0.42
-1.6189e-02,-0.35,-0.1
-1.6187e-02,-0.295,-0.415
-1.6186e-02,-0.29,-0.105
-1.6184e-02,-0.29,-0.42
-1.6182e-02,-0.155,-0.105
-1.6181e-02,-0.205,-0.42
-1.6179e-02,-0.225,-0.105
-1.6178e-02,-0.275,-0.43
-1.6176e-02,-0.26,-0.095
-1.6174e-02,-0.33,-0.435
-1.6173e-02,-0.25,-0.09
-1.6171e-02,-0.25,-0.405
-1.6170e-02,-0.21,-0.12
-1.6168e-02,-0.185,-0.405
-1.6166e-02,-0.275,-0.12
-1.6165e-02,-0.255,-0.425
-1.6163e-02,-0.225,-0.1
-1.6162e-02,-0.22,-0.4
-1.6160e-02,-0.295,-0.125
-1.6158e-02,-0.33,-0.45
-1.6157e-02,-0.27,-0.08
-1.6155e-02,-0.28,-0.42
-1.6154e-02,-0.19,-0.105
-1.6152e-02,-0.22,-0.41
-1.6150e-02,-0.345,-0.115
-1.6149e-02,-0.315,-0.405
-1.6147e-02,-0.3,-0.125
-1.6146e-02,-0.225,-0.4
-1.6144e-02,-0.24,-0.125
-1.6142e-02,-0.235,-0.405
-1.6141e-02,-0.325,-0.115
-1.6139e-02,-0.27,-0.405
-1.6138e-02,-0.29,-0.12
-1.6136e-02,-0.3,-0.425
-1.6134e-02,-0.22,-0.105
-1.6133e-02,-0.325,-0.395
-1.6131e-02,-0.18,-0.13
-1.6130e-02,-0.255,-0.43
-1.6128e-02,-0.235,-0.105
-1.6126e-02,-0.35,-0.43
-1.6125e-02,-0.255,-0.105
-1.6123e-02,-0.2,-0.4
-1.6122e-02,-0.21,-0.125
-1.6120e-02,-0.17,-0.405
-1.6118e-02,-0.31,-0.13
-1.6117e-02,-0.25,-0.445
-1.6115e-02,-0.27,-0.09
-1.6114e-02,-0.22,-0.425
-1.6112e-02,-0.29,-0.11
-1.6110e-02,-0.28,-0.43
-1.6109e-02,-0.335,-0.1
-1.6107e-02,-0.25,-0.415
-1.6106e-02,-0.26,-0.125
-1.6104e-02,-0.2,-0.435
-1.6102e-02,-0.245,-0.095
-1.6101e-02,-0.2,-0.405
-1.6099e-02,-0.34,-0.12
-1.6098e-02,-0.28,-0.41
-1.6096e-02,-0.265,-0.115
-1.6094e-02,-0.26,-0.42
-1.6093e-02,-0.28,-0.115
-1.6091e-02,-0.32,-0.415
-1.6090e-02,-0.26,-0.12
-1.6088e-02,-0.27,-0.4
-1.6086e-02,-0.25,-0.135
-1.6085e-02,-0.31,-0.415
-1.6083e-02,-0.185,-0.125
-1.6082e-02,-0.295,-0.41
-1.6080e-02,-0.225,-0.125
-1.6078e-02,-0.33,-0.44
-1.6077e-02,-0.285,-0.095
-1.6075e-02,-0.275,-0.435
-1.6074e-02,-0.205,-0.095
-1.6072e-02,-0.26,-0.405
-1.6070e-02,-0.245,-0.125
-1.6069e-02,-0.32,-0.42
-1.6067e-02,-0.255,-0.11
-1.6066e-02,-0.33,-0.45
-1.6064e-02,-0.215,-0.085
-1.6062e-02,-0.235,-0.43
-1.6061e-02,-0.255,-0.105
-1.6059e-02,-0.29,-0.405
-1.6058e-02,-0.22,-0.13
-1.6056e-02,-0.3,-0.415
-1.6054e-02,-0.135,-0.115
-1.6053e-02,-0.295,-0.435
-1.6051e-02,-0.3,-0.1
-1.6050e-02,-0.22,-0.415
-1.6048e-02,-0.255,-0.11
-1.6046e-02,-0.265,-0.41
-1.6045e-02,-0.25,-0.125
-1.6043e-02,-0.2,-0.42
-1.6042e-02,-0.205,-0.115
-1.6040e-02,-0.26,-0.435
-1.6038e-02,-0.325,-0.105
-1.6037e-02,-0.385,-0.435
-1.6035e-02,-0.205,-0.09
-1.6034e-02,-0.275,-0.42
-1.6032e-02,-0.195,-0.105
-1.6030e-02,-0.25,-0.435
-1.6029e-02,-0.275,-0.1
-1.6027e-02,-0.28,-0.42
-1.6026e-02,-0.215,-0.11
-1.6024e-02,-0.31,-0.4
-1.6022e-02,-0.255,-0.13
-1.6021e-02,-0.285,-0.39
-1.6019e-02,-0.225,-0.135
-1.6018e-02,-0.27,-0.425
-1.6016e-02,-0.235,-0.1
-1.6014e-02,-0.265,-0.415
-1.6013e-02,-0.365,-0.11
-1.6011e-02,-0.315,-0.43
-1.6010e-02,-0.255,-0.105
-1.6008e-02,-0.23,-0.425
-1.6006e-02,-0.25,-0.11
-1.6005e-02,-0.26,-0.405
-1.6003e-02,-0.27,-0.12
-1.6002e-02,-0.23,-0.435
-1.6000e-02,-0.295,-0.09
-1.5998e-02,-0.35,-0.4
-1.5997e-02,-0.365,-0.125
-1.5995e-02,-0.22,-0.41
-1.5994e-02,-0.285,-0.12
-1.5992e-02,-0.145,-0.435
-1.5990e-02,-0.285,-0.095
-1.5989e-02,-0.225,-0.405
-1.5987e-02,-0.295,-0.12
-1.5986e-02,-0.235,-0.41
-1.5984e-02,-0.25,-0.13
-1.5982e-02,-0.33,-0.42
-1.5981e-02,-0.315,-0.115
-1.5979e-02,-0.33,-0.42
-1.5978e-02,-0.325,-0.11
-1.5976e-02,-0.205,-0.425
-1.5974e-02,-0.29,-0.105
-1.5973e-02,-0.28,-0.425
-1.5971e-02,-0.24,-0.11
-1.5970e-02,-0.275,-0.43
-1.5968e-02,-0.27,-0.105
-1.5966e-02,-0.36,-0.405
-1.5965e-02,-0.27,-0.125
-1.5963e-02,-0.305,-0.42
-1.5962e-02,-0.235,-0.11
-1.5960e-02,-0.22,-0.455
-1.5958e-02,-0.33,-0.08
-1.5957e-02,-0.31,-0.415
-1.5955e-02,-0.265,-0.115
-1.5954e-02,-0.19,-0.425
-1.5952e-02,-0.27,-0.115
-1.5950e-02,-0.335,-0.43
-1.5949e-02,-0.27,-0.11
-1.5947e-02,-0.385,-0.41
-1.5946e-02,-0.22,-0.13
-1.5944e-02,-0.2,-0.47
-1.5942e-02,-0.195,-0.075
-1.5941e-02,-0.205,-0.4
-1.5939e-02,-0.265,-0.14
-1.5938e-02,-0.23,-0.42
-1.5936e-02,-0.315,-0.125
-1.5934e-02,-0.295,-0.415
-1.5933e-02,-0.335,-0.125
-1.5931e-02,-0.305,-0.425
-1.5930e-02,-0.175,-0.11
-1.5928e-02,-0.24,-0.42
-1.5926e-02,-0.27,-0.12
-1.5925e-02,-0.295,-0.42
-1.5923e-02,-0.25,-0.12
-1.5922e-02,-0.315,-0.415
-1.5920e-02,-0.265,-0.125
-1.5918e-02,-0.415,-0.425
-1.5917e-02,-0.285,-0.11
-1.5915e-02,-0.2,-0.435
-1.5914e-02,-0.225,-0.1
-1.5912e-02,-0.305,-0.43
-1.5910e-02,-0.335,-0.105
-1.5909e-02,-0.3,-0.44
-1.5907e-02,-0.275,-0.1
-1.5906e-02,-0.295,-0.405
-1.5904e-02,-0.21,-0.13
-1.5902e-02,-0.265,-0.425
-1.5901e-02,-0.29,-0.115
-1.5899e-02,-0.235,-0.43
-1.5898e-02,-0.285,-0.1
-1.5896e-02,-0.295,-0.39
-1.5894e-02,-0.265,-0.15
-1.5893e-02,-0.26,-0.42
-1.5891e-02,-0.315,-0.11
-1.5890e-02,-0.21,-0.405
-1.5888e-02,-0.23,-0.13
-1.5886e-02,-0.245,-0.425
-1.5885e-02,-0.355,-0.115
-1.5883e-02,-0.245,-0.42
-1.5882e-02,-0.315,-0.12
-1.5880e-02,-0.26,-0.41
-1.5878e-02,-0.27,-0.115
-1.5877e-02,-0.255,-0.405
-1.5875e-02,-0.285,-0.135
-1.5874e-02,-0.19,-0.43
-1.5872e-02,-0.345,-0.11
-1.5870e-02,-0.235,-0.405
-1.5869e-02,-0.195,-0.13
-1.5867e-02,-0.28,-0.395
-1.5866e-02,-0.31,-0.135
-1.5864e-02,-0.31,-0.4
-1.5862e-02,-0.265,-0.13
-1.5861e-02,-0.215,-0.41
-1.5859e-02,-0.28,-0.12
-1.5858e-02,-0.265,-0.435
-1.5856e-02,-0.285,-0.1
-1.5854e-02,-0.265,-0.425
-1.5853e-02,-0.225,-0.11
-1.5851e-02,-0.315,-0.445
-1.5850e-02,-0.33,-0.09
-1.5848e-02,-0.265,-0.415
-1.5846e-02,-0.325,-0.12
-1.5845e-02,-0.165,-0.42
-1.5843e-02,-0.265,-0.115
-1.5842e-02,-0.215,-0.405
-1.5840e-02,-0.3,-0.125
-1.5838e-02,-0.285,-0.395
-1.5837e-02,-0.275,-0.135
-1.5835e-02,-0.235,-0.44
-1.5834e-02,-0.295,-0.095
-1.5832e-02,-0.265,-0.415
-1.5830e-02,-0.345,-0.125
-1.5829e-02,-0.17,-0.42
-1.5827e-02,-0.195,-0.12
-1.5826e-02,-0.27,-0.41
-1.5824e-02,-0.36,-0.125
-1.5822e-02,-0.18,-0.405
-1.5821e-02,-0.375,-0.13
-1.5819e-02,-0.26,-0.415
-1.5818e-02,-0.375,-0.13
-1.5816e-02,-0.235,-0.45
-1.5814e-02,-0.245,-0.09
-1.5813e-02,-0.165,-0.425
-1.5811e-02,-0.305,-0.115
-1.5810e-02,-0.26,-0.44
-1.5808e-02,-0.355,-0.11
-1.5806e-02,-0.24,-0.44
-1.5805e-02,-0.365,-0.095
-1.5803e-02,-0.255,-0.425
-1.5802e-02,-0.305,-0.115
-1.5800e-02,-0.245,-0.43
-1.5798e-02,-0.245,-0.115
-1.5797e-02,-0.2,-0.45
-1.5795e-02,-0.255,-0.1
-1.5794e-02,-0.295,-0.42
-1.5792e-02,-0.3,-0.12
-1.5790e-02,-0.22,-0.425
-1.5789e-02,-0.25,-0.125
-1.5787e-02,-0.24,-0.435
-1.5786e-02,-0.21,-0.105
-1.5784e-02,-0.31,-0.435
-1.5782e-02,-0.275,-0.115
-1.5781e-02,-0.34,-0.445
-1.5779e-02,-0.28,-0.105
-1.5778e-02,-0.385,-0.415
-1.5776e-02,-0.255,-0.13
-1.5774e-02,-0.23,-0.42
-1.5773e-02,-0.185,-0.13
-1.5771e-02,-0.355,-0.43
-1.5770e-02,-0.17,-0.115
-1.5768e-02,-0.26,-0.445
-1.5766e-02,-0.26,-0.1
-1.5765e-02,-0.315,-0.425
-1.5763e-02,-0.295,-0.115
-1.5762e-02,-0.34,-0.43
-1.5760e-02,-0.275,-0.11
-1.5758e-02,-0.3,-0.405
-1.5757e-02,-0.27,-0.135
-1.5755e-02,-0.29,-0.405
-1.5754e-02,-0.24,-0.14
-1.5752e-02,-0.18,-0.405
-1.5750e-02,-0.255,-0.145
-1.5749e-02,-0.335,-0.41
-1.5747e-02,-0.28,-0.135
-1.5746e-02,-0.315,-0.435
-1.5744e-02,-0.315,-0.105
-1.5742e-02,-0.32,-0.425
-1.5741e-02,-0.25,-0.12
-1.5739e-02,-0.315,-0.425
-1.5738e-02,-0.275,-0.12
-1.5736e-02,-0.215,-0.435
-1.5734e-02,-0.245,-0.11
-1.5733e-02,-0.325,-0.425
-1.5731e-02,-0.26,-0.12
-1.5730e-02,-0.26,-0.42
-1.5728e-02,-0.23,-0.125
-1.5726e-02,-0.34,-0.425
-1.5725e-02,-0.33,-0.115
-1.5723e-02,-0.32,-0.435
-1.5722e-02,-0.3,-0.115
-1.5720e-02,-0.26,-0.415
-1.5718e-02,-0.315,-0.13
-1.5717e-02,-0.36,-0.42
-1.5715e-02,-0.265,-0.115
-1.5714e-02,-0.205,-0.41
-1.5712e-02,-0.27,-0.135
-1.5710e-02,-0.22,-0.415
-1.5709e-02,-0.3,-0.12
-1.5707e-02,-0.27,-0.435
-1.5706e-02,-0.325,-0.11
-1.5704e-02,-0.31,-0.43
-1.5702e-02,-0.3,-0.11
-1.5701e-02,-0.26,-0.455
-1.5699e-02,-0.24,-0.08
-1.5698e-02,-0.245,-0.43
-1.5696e-02,-0.295,-0.105
-1.5694e-02,-0.19,-0.435
-1.5693e-02,-0.295,-0.11
-1.5691e-02,-0.29,-0.43
-1.5690e-02,-0.335,-0.11
-1.5688e-02,-0.28,-0.45
-1.5686e-02,-0.31,-0.095
-1.5685e-02,-0.24,-0.46
-1.5683e-02,-0.295,-0.075
-1.5682e-02,-0.23,-0.42
-1.5680e-02,-0.33,-0.12
-1.5678e-02,-0.21,-0.43
-1.5677e-02,-0.32,-0.105
-1.5675e-02,-0.215,-0.41
-1.5674e-02,-0.305,-0.13
-1.5672e-02,-0.335,-0.415
-1.5670e-02,-0.255,-0.12
-1.5669e-02,-0.225,-0.42
-1.5667e-02,-0.285,-0.12
-1.5666e-02,-0.27,-0.425
-1.5664e-02,-0.265,-0.11
-1.5662e-02,-0.24,-0.395
-1.5661e-02,-0.195,-0.145
-1.5659e-02,-0.28,-0.415
-1.5658e-02,-0.365,-0.125
-1.5656e-02,-0.34,-0.425
-1.5654e-02,-0.25,-0.115
-1.5653e-02,-0.235,-0.43
-1.5651e-02,-0.235,-0.11
-1.5650e-02,-0.22,-0.435
-1.5648e-02,-0.295,-0.11
-1.5646e-02,-0.235,-0.43
-1.5645e-02,-0.325,-0.11
-1.5643e-02,-0.365,-0.45
-1.5642e-02,-0.335,-0.095
-1.5640e-02,-0.215,-0.43
-1.5638e-02,-0.295,-0.115
-1.5637e-02,-0.24,-0.415
-1.5635e-02,-0.245,-0.13
-1.5634e-02,-0.235,-0.41
-1.5632e-02,-0.27,-0.13
-1.5630e-02,-0.195,-0.42
-1.5629e-02,-0.3,-0.125
-1.5627e-02,-0.33,-0.43
-1.5626e-02,-0.29,-0.115
-1.5624e-02,-0.275,-0.43
-1.5622e-02,-0.22,-0.115
-1.5621e-02,-0.32,-0.445
-1.5619e-02,-0.285,-0.1
-1.5618e-02,-0.375,-0.42
-1.5616e-02,-0.265,-0.125
-1.5614e-02,-0.195,-0.42
-1.5613e-02,-0.32,-0.13
-1.5611e-02,-0.215,-0.44
-1.5610e-02,-0.275,-0.125
-1.5608e-02,-0.18,-0.44
-1.5606e-02,-0.23,-0.105
-1.5605e-02,-0.325,-0.46
-1.5603e-02,-0.39,-0.095
-1.5602e-02,-0.26,-0.425
-1.5600e-02,-0.275,-0.125
-1.5598e-02,-0.275,-0.415
-1.5597e-02,-0.295,-0.13
-1.5595e-02,-0.355,-0.415
-1.5594e-02,-0.205,-0.14
-1.5592e-02,-0.27,-0.4
-1.5590e-02,-0.2,-0.145
-1.5589e-02,-0.35,-0.435
-1.5587e-02,-0.26,-0.115
-1.5586e-02,-0.31,-0.425
-1.5584e-02,-0.235,-0.12
-1.5582e-02,-0.285,-0.445
-1.5581e-02,-0.255,-0.105
-1.5579e-02,-0.325,-0.44
-1.5578e-02,-0.25,-0.115
-1.5576e-02,-0.285,-0.42
-1.5574e-02,-0.215,-0.13
-1.5573e-02,-0.255,-0.445
-1.5571e-02,-0.29,-0.11
-1.5570e-02,-0.255,-0.415
-1.5568e-02,-0.28,-0.13
-1.5566e-02,-0.255,-0.43
-1.5565e-02,-0.395,-0.12
-1.5563e-02,-0.275,-0.425
-1.5562e-02,-0.41,-0.125
-1.5560e-02,-0.22,-0.43
-1.5558e-02,-0.27,-0.125
-1.5557e-02,-0.275,-0.42
-1.5555e-02,-0.25,-0.135
-1.5554e-02,-0.26,-0.43
-1.5552e-02,-0.275,-0.12
-1.5550e-02,-0.33,-0.46
-1.5549e-02,-0.335,-0.095
-1.5547e-02,-0.325,-0.405
-1.5546e-02,-0.23,-0.145
-1.5544e-02,-0.28,-0.415
-1.5542e-02,-0.255,-0.135
-1.5541e-02,-0.235,-0.43
-1.5539e-02,-0.23,-0.12
-1.5538e-02,-0.33,-0.42
-1.5536e-02,-0.3,-0.125
-1.5534e-02,-0.32,-0.435
-1.5533e-02,-0.33,-0.115
-1.5531e-02,-0.225,-0.42
-1.5530e-02,-0.25,-0.135
-1.5528e-02,-0.315,-0.43
-1.5526e-02,-0.21,-0.125
-1.5525e-02,-0.305,-0.455
-1.5523e-02,-0.24,-0.095
-1.5522e-02,-0.275,-0.44
-1.5520e-02,-0.205,-0.115
-1.5518e-02,-0.29,-0.425
-1.5517e-02,-0.165,-0.12
-1.5515e-02,-0.275,-0.405
-1.5514e-02,-0.305,-0.14
-1.5512e-02,-0.255,-0.425
-1.5510e-02,-0.355,-0.12
-1.5509e-02,-0.32,-0.41
-1.5507e-02,-0.235,-0.135
-1.5506e-02,-0.265,-0.42
-1.5504e-02,-0.29,-0.13
-1.5502e-02,-0.22,-0.455
-1.5501e-02,-0.27,-0.09
-1.5499e-02,-0.185,-0.45
-1.5498e-02,-0.2,-0.1
-1.5496e-02,-0.34,-0.425
-1.5494e-02,-0.28,-0.115
-1.5493e-02,-0.205,-0.47
-1.5491e-02,-0.22,-0.075
-1.5490e-02,-0.235,-0.435
-1.5488e-02,-0.255,-0.105
-1.5486e-02,-0.24,-0.4
-1.5485e-02,-0.325,-0.14
-1.5483e-02,-0.3,-0.425
-1.5482e-02,-0.265,-0.12
-1.5480e-02,-0.335,-0.42
-1.5478e-02,-0.295,-0.12
-1.5477e-02,-0.245,-0.42
-1.5475e-02,-0.22,-0.12
-1.5474e-02,-0.215,-0.445
-1.5472e-02,-0.155,-0.1
-1.5470e-02,-0.26,-0.455
-1.5469e-02,-0.34,-0.09
-1.5467e-02,-0.25,-0.425
-1.5466e-02,-0.32,-0.12
-1.5464e-02,-0.32,-0.41
-1.5462e-02,-0.375,-0.13
-1.5461e-02,-0.225,-0.41
-1.5459e-02,-0.225,-0.135
-1.5458e-02,-0.23,-0.42
-1.5456e-02,-0.285,-0.13
-1.5454e-02,-0.32,-0.445
-1.5453e-02,-0.255,-0.105
-1.5451e-02,-0.21,-0.445
-1.5450e-02,-0.275,-0.1
-1.5448e-02,-0.3,-0.43
-1.5446e-02,-0.25,-0.11
-1.5445e-02,-0.335,-0.425
-1.5443e-02,-0.3,-0.125
-1.5442e-02,-0.28,-0.405
-1.5440e-02,-0.27,-0.145
-1.5438e-02,-0.27,-0.465
-1.5437e-02,-0.285,-0.085
-1.5435e-02,-0.19,-0.425
-1.5434e-02,-0.285,-0.125
-1.5432e-02,-0.275,-0.42
-1.5430e-02,-0.285,-0.125
-1.5429e-02,-0.24,-0.42
-1.5427e-02,-0.3,-0.135
-1.5426e-02,-0.26,-0.45
-1.5424e-02,-0.275,-0.105
-1.5422e-02,-0.3,-0.42
-1.5421e-02,-0.23,-0.125
-1.5419e-02,-0.2,-0.41
-1.5418e-02,-0.275,-0.135
-1.5416e-02,-0.26,-0.41
-1.5414e-02,-0.27,-0.14
-1.5413e-02,-0.23,-0.42
-1.5411e-02,-0.295,-0.135
-1.5410e-02,-0.33,-0.435
-1.5408e-02,-0.35,-0.12
-1.5406e-02,-0.305,-0.435
-1.5405e-02,-0.26,-0.12
-1.5403e-02,-0.25,-0.42
-1.5402e-02,-0.33,-0.13
-1.5400e-02,-0.295,-0.42
-1.5398e-02,-0.325,-0.13
-1.5397e-02,-0.28,-0.43
-1.5395e-02,-0.245,-0.12
-1.5394e-02,-0.21,-0.415
-1.5392e-02,-0.25,-0.135
-1.5390e-02,-0.19,-0.43
-1.5389e-02,-0.24,-0.13
-1.5387e-02,-0.24,-0.435
-1.5386e-02,-0.34,-0.115
-1.5384e-02,-0.235,-0.415
-1.5382e-02,-0.37,-0.135
-1.5381e-02,-0.285,-0.43
-1.5379e-02,-0.31,-0.13
-1.5378e-02,-0.275,-0.415
-1.5376e-02,-0.345,-0.145
-1.5374e-02,-0.18,-0.425
-1.5373e-02,-0.175,-0.125
-1.5371e-02,-0.205,-0.43
-1.5370e-02,-0.29,-0.125
-1.5368e-02,-0.32,-0.445
-1.5366e-02,-0.33,-0.115
-1.5365e-02,-0.25,-0.42
-1.5363e-02,-0.225,-0.135
-1.5362e-02,-0.36,-0.43
-1.5360e-02,-0.32,-0.13
-1.5358e-02,-0.235,-0.425
-1.5357e-02,-0.24,-0.13
-1.5355e-02,-0.25,-0.41
-1.5354e-02,-0.34,-0.14
-1.5352e-02,-0.22,-0.46
-1.5350e-02,-0.305,-0.1
-1.5349e-02,-0.21,-0.455
-1.5347e-02,-0.3,-0.105
-1.5346e-02,-0.325,-0.435
-1.5344e-02,-0.3,-0.115
-1.5342e-02,-0.25,-0.42
-1.5341e-02,-0.265,-0.14
-1.5339e-02,-0.215,-0.445
-1.5338e-02,-0.245,-0.115
-1.5336e-02,-0.3,-0.435
-1.5334e-02,-0.255,-0.125
-1.5333e-02,-0.21,-0.47
-1.5331e-02,-0.3,-0.09
-1.5330e-02,-0.335,-0.44
-1.5328e-02,-0.355,-0.12
-1.5326e-02,-0.27,-0.42
-1.5325e-02,-0.31,-0.135
-1.5323e-02,-0.245,-0.42
-1.5322e-02,-0.265,-0.13
-1.5320e-02,-0.24,-0.415
-1.5318e-02,-0.21,-0.135
-1.5317e-02,-0.265,-0.455
-1.5315e-02,-0.365,-0.095
-1.5314e-02,-0.355,-0.43
-1.5312e-02,-0.3,-0.125
-1.5310e-02,-0.225,-0.425
-1.5309e-02,-0.345,-0.13
-1.5307e-02,-0.305,-0.43
-1.5306e-02,-0.245,-0.13
-1.5304e-02,-0.26,-0.415
-1.5302e-02,-0.21,-0.14
-1.5301e-02,-0.245,-0.415
-1.5299e-02,-0.28,-0.14
-1.5298e-02,-0.315,-0.415
-1.5296e-02,-0.185,-0.13
-1.5294e-02,-0.325,-0.42
-1.5293e-02,-0.24,-0.125
-1.5291e-02,-0.25,-0.41
-1.5290e-02,-0.295,-0.14
-1.5288e-02,-0.34,-0.43
-1.5286e-02,-0.28,-0.12
-1.5285e-02,-0.35,-0.46
-1.5283e-02,-0.325,-0.09
-1.5282e-02,-0.235,-0.425
-1.5280e-02,-0.165,-0.13
-1.5278e-02,-0.265,-0.415
-1.5277e-02,-0.325,-0.14
-1.5275e-02,-0.275,-0.415
-1.5274e-02,-0.265,-0.135
-1.5272e-02,-0.225,-0.42
-1.5270e-02,-0.36,-0.13
-1.5269e-02,-0.35,-0.42
-1.5267e-02,-0.355,-0.135
-1.5266e-02,-0.32,-0.44
-1.5264e-02,-0.155,-0.11
-1.5262e-02,-0.285,-0.415
-1.5261e-02,-0.29,-0.135
-1.5259e-02,-0.285,-0.42
-1.5258e-02,-0.23,-0.135
-1.5256e-02,-0.27,-0.405
-1.5254e-02,-0.23,-0.15
-1.5253e-02,-0.26,-0.405
-1.5251e-02,-0.26,-0.15
-1.5250e-02,-0.265,-0.42
-1.5248e-02,-0.175,-0.135
-1.5246e-02,-0.27,-0.435
-1.5245e-02,-0.315,-0.12
-1.5243e-02,-0.345,-0.42
-1.5242e-02,-0.28,-0.13
-1.5240e-02,-0.25,-0.42
-1.5238e-02,-0.29,-0.135
-1.5237e-02,-0.265,-0.42
-1.5235e-02,-0.3,-0.13
-1.5234e-02,-0.235,-0.43
-1.5232e-02,-0.16,-0.125
-1.5230e-02,-0.31,-0.445
-1.5229e-02,-0.36,-0.105
-1.5227e-02,-0.315,-0.43
-1.5226e-02,-0.305,-0.13
-1.5224e-02,-0.275,-0.415
-1.5222e-02,-0.28,-0.135
-1.5221e-02,-0.3,-0.415
-1.5219e-02,-0.19,-0.14
-1.5218e-02,-0.27,-0.455
-1.5216e-02,-0.205,-0.105
-1.5214e-02,-0.285,-0.45
-1.5213e-02,-0.3,-0.105
-1.5211e-02,-0.335,-0.45
-1.5210e-02,-0.31,-0.1
-1.5208e-02,-0.325,-0.425
-1.5206e-02,-0.305,-0.135
-1.5205e-02,-0.28,-0.42
-1.5203e-02,-0.32,-0.14
-1.5202e-02,-0.35,-0.415
-1.5200e-02,-0.225,-0.135
-1.5198e-02,-0.32,-0.42
-1.5197e-02,-0.28,-0.14
-1.5195e-02,-0.25,-0.435
-1.5194e-02,-0.295,-0.13
-1.5192e-02,-0.245,-0.47
-1.5190e-02,-0.3,-0.1
-1.5189e-02,-0.255,-0.425
-1.5187e-02,-0.275,-0.135
-1.5186e-02,-0.19,-0.41
-1.5184e-02,-0.33,-0.145
-1.5182e-02,-0.335,-0.415
-1.5181e-02,-0.34,-0.14
-1.5179e-02,-0.32,-0.42
-1.5178e-02,-0.26,-0.14
-1.5176e-02,-0.29,-0.44
-1.5174e-02,-0.23,-0.12
-1.5173e-02,-0.235,-0.41
-1.5171e-02,-0.245,-0.15
-1.5170e-02,-0.19,-0.425
-1.5168e-02,-0.285,-0.14
-1.5166e-02,-0.33,-0.435
-1.5165e-02,-0.285,-0.13
-1.5163e-02,-0.285,-0.43
-1.5162e-02,-0.27,-0.135
-1.5160e-02,-0.295,-0.43
-1.5158e-02,-0.29,-0.13
-1.5157e-02,-0.235,-0.43
-1.5155e-02,-0.25,-0.13
-1.5154e-02,-0.33,-0.435
-1.5152e-02,-0.335,-0.13
-1.5150e-02,-0.29,-0.425
-1.5149e-02,-0.32,-0.135
-1.5147e-02,-0.29,-0.425
-1.5146e-02,-0.24,-0.135
-1.5144e-02,-0.25,-0.42
-1.5142e-02,-0.315,-0.135
-1.5141e-02,-0.255,-0.435
-1.5139e-02,-0.19,-0.125
-1.5138e-02,-0.33,-0.415
-1.5136e-02,-0.265,-0.14
-1.5134e-02,-0.36,-0.445
-1.5133e-02,-0.325,-0.12
-1.5131e-02,-0.265,-0.45
-1.5130e-02,-0.34,-0.115
-1.5128e-02,-0.23,-0.42
-1.5126e-02,-0.26,-0.135
-1.5125e-02,-0.24,-0.405
-1.5123e-02,-0.195,-0.15
-1.5122e-02,-0.315,-0.415
-1.5120e-02,-0.295,-0.145
-1.5118e-02,-0.325,-0.44
-1.5117e-02,-0.27,-0.115
-1.5115e-02,-0.275,-0.435
-1.5114e-02,-0.31,-0.12
-1.5112e-02,-0.265,-0.415
-1.5110e-02,-0.27,-0.135
-1.5109e-02,-0.29,-0.44
-1.5107e-02,-0.26,-0.125
-1.5106e-02,-0.225,-0.415
-1.5104e-02,-0.3,-0.145
-1.5102e-02,-0.21,-0.425
-1.5101e-02,-0.31,-0.125
-1.5099e-02,-0.265,-0.42
-1.5098e-02,-0.265,-0.145
-1.5096e-02,-0.355,-0.41
-1.5094e-02,-0.31,-0.145
-1.5093e-02,-0.24,-0.425
-1.5091e-02,-0.28,-0.12
-1.5090e-02,-0.29,-0.415
-1.5088e-02,-0.275,-0.135
-1.5086e-02,-0.335,-0.41
-1.5085e-02,-0.22,-0.14
-1.5083e-02,-0.26,-0.45
-1.5082e-02,-0.265,-0.105
-1.5080e-02,-0.255,-0.415
-1.5078e-02,-0.25,-0.145
-1.5077e-02,-0.245,-0.45
-1.5075e-02,-0.22,-0.105
-1.5074e-02,-0.33,-0.415
-1.5072e-02,-0.19,-0.14
-1.5070e-02,-0.305,-0.42
-1.5069e-02,-0.29,-0.14
-1.5067e-02,-0.415,-0.41
-1.5066e-02,-0.27,-0.15
-1.5064e-02,-0.32,-0.425
-1.5062e-02,-0.225,-0.14
-1.5061e-02,-0.325,-0.43
-1.5059e-02,-0.24,-0.13
-1.5058e-02,-0.27,-0.425
-1.5056e-02,-0.225,-0.14
-1.5054e-02,-0.195,-0.425
-1.5053e-02,-0.22,-0.135
-1.5051e-02,-0.275,-0.425
-1.5050e-02,-0.295,-0.13
-1.5048e-02,-0.255,-0.42
-1.5046e-02,-0.295,-0.14
-1.5045e-02,-0.27,-0.44
-1.5043e-02,-0.3,-0.12
-1.5042e-02,-0.365,-0.425
-1.5040e-02,-0.3,-0.135
-1.5038e-02,-0.225,-0.41
-1.5037e-02,-0.22,-0.145
-1.5035e-02,-0.165,-0.42
-1.5034e-02,-0.34,-0.13
-1.5032e-02,-0.19,-0.455
-1.5030e-02,-0.35,-0.105
-1.5029e-02,-0.305,-0.43
-1.5027e-02,-0.385,-0.12
-1.5026e-02,-0.32,-0.42
-1.5024e-02,-0.28,-0.14
-1.5022e-02,-0.28,-0.42
-1.5021e-02,-0.37,-0.135
-1.5019e-02,-0.32,-0.43
-1.5018e-02,-0.335,-0.135
-1.5016e-02,-0.27,-0.415
-1.5014e-02,-0.215,-0.15
-1.5013e-02,-0.28,-0.42
-1.5011e-02,-0.2,-0.14
-1.5010e-02,-0.28,-0.43
-1.5008e-02,-0.29,-0.13
-1.5006e-02,-0.375,-0.435
-1.5005e-02,-0.315,-0.13
-1.5003e-02,-0.375,-0.425
-1.5002e-02,-0.31,-0.14
-1.5000e-02,-0.29,-0.43
-1.4998e-02,-0.32,-0.13
-1.4997e-02,-0.32,-0.43
-1.4995e-02,-0.325,-0.13
-1.4994e-02,-0.37,-0.43
-1.4992e-02,-0.185,-0.13
-1.4990e-02,-0.31,-0.44
-1.4989e-02,-0.26,-0.125
-1.4987e-02,-0.29,-0.43
-1.4986e-02,-0.29,-0.135
-1.4984e-02,-0.205,-0.44
-1.4982e-02,-0.235,-0.125
-1.4981e-02,-0.35,-0.445
-1.4979e-02,-0.265,-0.12
-1.4978e-02,-0.27,-0.425
-1.4976e-02,-0.295,-0.14
-1.4974e-02,-0.255,-0.435
-1.4973e-02,-0.35,-0.135
-1.4971e-02,-0.245,-0.41
-1.4970e-02,-0.315,-0.15
-1.4968e-02,-0.245,-0.43
-1.4966e-02,-0.36,-0.13
-1.4965e-02,-0.255,-0.42
-1.4963e-02,-0.325,-0.14
-1.4962e-02,-0.255,-0.425
-1.4960e-02,-0.305,-0.14
-1.4958e-02,-0.28,-0.415
-1.4957e-02,-0.27,-0.155
-1.4955e-02,-0.265,-0.425
-1.4954e-02,-0.33,-0.14
-1.4952e-02,-0.25,-0.42
-1.4950e-02,-0.36,-0.14
-1.4949e-02,-0.275,-0.47
-1.4947e-02,-0.345,-0.095
-1.4946e-02,-0.295,-0.41
-1.4944e-02,-0.265,-0.155
-1.4942e-02,-0.305,-0.43
-1.4941e-02,-0.235,-0.135
-1.4939e-02,-0.29,-0.43
-1.4938e-02,-0.21,-0.14
-1.4936e-02,-0.28,-0.43
-1.4934e-02,-0.295,-0.135
-1.4933e-02,-0.23,-0.43
-1.4931e-02,-0.31,-0.14
-1.4930e-02,-0.25,-0.415
-1.4928e-02,-0.435,-0.15
-1.4926e-02,-0.325,-0.435
-1.4925e-02,-0.28,-0.13
-1.4923e-02,-0.235,-0.415
-1.4922e-02,-0.26,-0.13
-1.4920e-02,-0.27,-0.42
-1.4918e-02,-0.29,-0.14
-1.4917e-02,-0.26,-0.455
-1.4915e-02,-0.29,-0.11
-1.4914e-02,-0.295,-0.415
-1.4912e-02,-0.355,-0.15
-1.4910e-02,-0.31,-0.43
-1.4909e-02,-0.28,-0.14
-1.4907e-02,-0.25,-0.415
-1.4906e-02,-0.23,-0.15
-1.4904e-02,-0.34,-0.405
-1.4902e-02,-0.255,-0.165
-1.4901e-02,-0.385,-0.44
-1.4899e-02,-0.285,-0.13
-1.4898e-02,-0.35,-0.435
-1.4896e-02,-0.29,-0.135
-1.4894e-02,-0.38,-0.445
-1.4893e-02,-0.3,-0.12
-1.4891e-02,-0.28,-0.455
-1.4890e-02,-0.27,-0.115
-1.4888e-02,-0.365,-0.43
-1.4886e-02,-0.27,-0.14
-1.4885e-02,-0.285,-0.44
-1.4883e-02,-0.17,-0.135
-1.4882e-02,-0.3,-0.43
-1.4880e-02,-0.33,-0.14
-1.4878e-02,-0.265,-0.455
-1.4877e-02,-0.26,-0.12
-1.4875e-02,-0.26,-0.415
-1.4874e-02,-0.24,-0.15
-1.4872e-02,-0.405,-0.46
-1.4870e-02,-0.28,-0.11
-1.4869e-02,-0.28,-0.415
-1.4867e-02,-0.255,-0.145
-1.4866e-02,-0.295,-0.44
-1.4864e-02,-0.235,-0.13
-1.4862e-02,-0.375,-0.42
-1.4861e-02,-0.195,-0.15
-1.4859e-02,-0.325,-0.435
-1.4858e-02,-0.17,-0.14
-1.4856e-02,-0.295,-0.42
-1.4854e-02,-0.275,-0.145
-1.4853e-02,-0.35,-0.44
-1.4851e-02,-0.265,-0.125
-1.4850e-02,-0.345,-0.43
-1.4848e-02,-0.29,-0.13
-1.4846e-02,-0.325,-0.42
-1.4845e-02,-0.295,-0.145
-1.4843e-02,-0.265,-0.42
-1.4842e-02,-0.265,-0.145
-1.4840e-02,-0.36,-0.405
-1.4838e-02,-0.295,-0.165
-1.4837e-02,-0.335,-0.435
-1.4835e-02,-0.215,-0.13
-1.4834e-02,-0.25,-0.425
-1.4832e-02,-0.215,-0.14
-1.4830e-02,-0.28,-0.42
-1.4829e-02,-0.28,-0.145
-1.4827e-02,-0.35,-0.415
-1.4826e-02,-0.275,-0.145
-1.4824e-02,-0.31,-0.415
-1.4822e-02,-0.325,-0.145
-1.4821e-02,-0.205,-0.415
-1.4819e-02,-0.225,-0.15
-1.4818e-02,-0.225,-0.425
-1.4816e-02,-0.255,-0.135
-1.4814e-02,-0.37,-0.445
-1.4813e-02,-0.315,-0.115
-1.4811e-02,-0.215,-0.42
-1.4810e-02,-0.285,-0.145
-1.4808e-02,-0.21,-0.425
-1.4806e-02,-0.315,-0.145
-1.4805e-02,-0.285,-0.455
-1.4803e-02,-0.285,-0.115
-1.4802e-02,-0.275,-0.435
-1.4800e-02,-0.305,-0.13
-1.4798e-02,-0.245,-0.45
-1.4797e-02,-0.335,-0.12
-1.4795e-02,-0.22,-0.44
-1.4794e-02,-0.275,-0.12
-1.4792e-02,-0.245,-0.41
-1.4790e-02,-0.29,-0.15
-1.4789e-02,-0.29,-0.415
-1.4787e-02,-0.385,-0.15
-1.4786e-02,-0.265,-0.41
-1.4784e-02,-0.225,-0.15
-1.4782e-02,-0.32,-0.425
-1.4781e-02,-0.27,-0.14
-1.4779e-02,-0.345,-0.435
-1.4778e-02,-0.2,-0.13
-1.4776e-02,-0.205,-0.425
-1.4774e-02,-0.27,-0.135
-1.4773e-02,-0.35,-0.43
-1.4771e-02,-0.225,-0.135
-1.4770e-02,-0.31,-0.43
-1.4768e-02,-0.21,-0.135
-1.4766e-02,-0.295,-0.435
-1.4765e-02,-0.395,-0.135
-1.4763e-02,-0.285,-0.44
-1.4762e-02,-0.34,-0.135
-1.4760e-02,-0.33,-0.415
-1.4758e-02,-0.325,-0.15
-1.4757e-02,-0.32,-0.43
-1.4755e-02,-0.305,-0.14
-1.4754e-02,-0.305,-0.42
-1.4752e-02,-0.305,-0.145
-1.4750e-02,-0.36,-0.435
-1.4749e-02,-0.31,-0.14
-1.4747e-02,-0.285,-0.435
-1.4746e-02,-0.27,-0.14
-1.4744e-02,-0.235,-0.455
-1.4742e-02,-0.26,-0.11
-1.4741e-02,-0.39,-0.435
-1.4739e-02,-0.315,-0.14
-1.4738e-02,-0.31,-0.445
-1.4736e-02,-0.325,-0.13
-1.4734e-02,-0.265,-0.435
-1.4733e-02,-0.355,-0.135
-1.4731e-02,-0.325,-0.42
-1.4730e-02,-0.34,-0.155
-1.4728e-02,-0.27,-0.425
-1.4726e-02,-0.265,-0.15
-1.4725e-02,-0.25,-0.44
-1.4723e-02,-0.28,-0.13
-1.4722e-02,-0.24,-0.41
-1.4720e-02,-0.26,-0.16
-1.4718e-02,-0.315,-0.44
-1.4717e-02,-0.26,-0.14
-1.4715e-02,-0.335,-0.42
-1.4714e-02,-0.28,-0.155
-1.4712e-02,-0.33,-0.415
-1.4710e-02,-0.265,-0.16
-1.4709e-02,-0.305,-0.43
-1.4707e-02,-0.22,-0.145
-1.4706e-02,-0.305,-0.415
-1.4704e-02,-0.27,-0.16
-1.4702e-02,-0.275,-0.435
-1.4701e-02,-0.29,-0.14
-1.4699e-02,-0.335,-0.425
-1.4698e-02,-0.32,-0.145
-1.4696e-02,-0.34,-0.425
-1.4694e-02,-0.34,-0.145
-1.4693e-02,-0.27,-0.42
-1.4691e-02,-0.33,-0.155
-1.4690e-02,-0.325,-0.415
-1.4688e-02,-0.245,-0.155
-1.4686e-02,-0.275,-0.42
-1.4685e-02,-0.28,-0.155
-1.4683e-02,-0.245,-0.425
-1.4682e-02,-0.255,-0.14
-1.4680e-02,-0.235,-0.445
-1.4678e-02,-0.28,-0.135
-1.4677e-02,-0.33,-0.45
-1.4675e-02,-0.26,-0.115
-1.4674e-02,-0.215,-0.45
-1.4672e-02,-0.36,-0.115
-1.4670e-02,-0.255,-0.43
-1.4669e-02,-0.37,-0.13
-1.4667e-02,-0.24,-0.435
-1.4666e-02,-0.235,-0.135
-1.4664e-02,-0.3,-0.445
-1.4662e-02,-0.24,-0.13
-1.4661e-02,-0.26,-0.42
-1.4659e-02,-0.275,-0.15
-1.4658e-02,-0.22,-0.425
-1.4656e-02,-0.3,-0.145
-1.4654e-02,-0.345,-0.435
-1.4653e-02,-0.33,-0.135
-1.4651e-02,-0.345,-0.425
-1.4650e-02,-0.235,-0.135
-1.4648e-02,-0.215,-0.42
-1.4646e-02,-0.285,-0.145
-1.4645e-02,-0.245,-0.43
-1.4643e-02,-0.37,-0.135
-1.4642e-02,-0.265,-0.425
-1.4640e-02,-0.265,-0.135
-1.4638e-02,-0.325,-0.41
-1.4637e-02,-0.33,-0.16
-1.4635e-02,-0.375,-0.43
-1.4634e-02,-0.28,-0.135
-1.4632e-02,-0.235,-0.42
-1.4630e-02,-0.265,-0.15
-1.4629e-02,-0.235,-0.41
-1.4627e-02,-0.32,-0.16
-1.4626e-02,-0.205,-0.435
-1.4624e-02,-0.29,-0.13
-1.4622e-02,-0.185,-0.43
-1.4621e-02,-0.32,-0.14
-1.4619e-02,-0.29,-0.43
-1.4618e-02,-0.28,-0.135
-1.4616e-02,-0.27,-0.425
-1.4614e-02,-0.3,-0.145
-1.4613e-02,-0.305,-0.42
-1.4611e-02,-0.34,-0.15
-1.4610e-02,-0.29,-0.445
-1.4608e-02,-0.28,-0.125
-1.4606e-02,-0.245,-0.45
-1.4605e-02,-0.3,-0.13
-1.4603e-02,-0.28,-0.44
-1.4602e-02,-0.21,-0.13
-1.4600e-02,-0.235,-0.41
-1.4598e-02,-0.265,-0.155
-1.4597e-02,-0.29,-0.43
-1.4595e-02,-0.3,-0.145
-1.4594e-02,-0.33,-0.43
-1.4592e-02,-0.265,-0.14
-1.4590e-02,-0.38,-0.45
-1.4589e-02,-0.26,-0.12
-1.4587e-02,-0.285,-0.43
-1.4586e-02,-0.285,-0.135
-1.4584e-02,-0.215,-0.42
-1.4582e-02,-0.32,-0.15
-1.4581e-02,-0.24,-0.425
-1.4579e-02,-0.34,-0.145
-1.4578e-02,-0.28,-0.43
-1.4576e-02,-0.385,-0.145
-1.4574e-02,-0.275,-0.42
-1.4573e-02,-0.355,-0.15
-1.4571e-02,-0.255,-0.45
-1.4570e-02,-0.315,-0.13
-1.4568e-02,-0.235,-0.445
-1.4566e-02,-0.29,-0.13
-1.4565e-02,-0.265,-0.465
-1.4563e-02,-0.3,-0.12
-1.4562e-02,-0.275,-0.44
-1.4560e-02,-0.33,-0.14
-1.4558e-02,-0.34,-0.435
-1.4557e-02,-0.3,-0.145
-1.4555e-02,-0.295,-0.44
-1.4554e-02,-0.22,-0.135
-1.4552e-02,-0.335,-0.435
-1.4550e-02,-0.3,-0.145
-1.4549e-02,-0.27,-0.48
-1.4547e-02,-0.255,-0.1
-1.4546e-02,-0.185,-0.45
-1.4544e-02,-0.345,-0.13
-1.4542e-02,-0.31,-0.46
-1.4541e-02,-0.41,-0.11
-1.4539e-02,-0.3,-0.425
-1.4538e-02,-0.355,-0.15
-1.4536e-02,-0.3,-0.42
-1.4534e-02,-0.305,-0.155
-1.4533e-02,-0.265,-0.435
-1.4531e-02,-0.23,-0.14
-1.4530e-02,-0.275,-0.45
-1.4528e-02,-0.255,-0.125
-1.4526e-02,-0.315,-0.43
-1.4525e-02,-0.265,-0.15
-1.4523e-02,-0.305,-0.425
-1.4522e-02,-0.22,-0.155
-1.4520e-02,-0.25,-0.44
-1.4518e-02,-0.245,-0.135
-1.4517e-02,-0.27,-0.465
-1.4515e-02,-0.255,-0.12
-1.4514e-02,-0.19,-0.435
-1.4512e-02,-0.27,-0.14
-1.4510e-02,-0.33,-0.42
-1.4509e-02,-0.325,-0.155
-1.4507e-02,-0.35,-0.435
-1.4506e-02,-0.205,-0.14
-1.4504e-02,-0.375,-0.45
-1.4502e-02,-0.32,-0.12
-1.4501e-02,-0.285,-0.445
-1.4499e-02,-0.27,-0.13
-1.4498e-02,-0.325,-0.44
-1.4496e-02,-0.395,-0.14
-1.4494e-02,-0.355,-0.435
-1.4493e-02,-0.36,-0.14
-1.4491e-02,-0.3,-0.465
-1.4490e-02,-0.305,-0.115
-1.4488e-02,-0.245,-0.45
-1.4486e-02,-0.28,-0.12
-1.4485e-02,-0.25,-0.45
-1.4483e-02,-0.36,-0.125
-1.4482e-02,-0.3,-0.44
-1.4480e-02,-0.36,-0.14
-1.4478e-02,-0.27,-0.425
-1.4477e-02,-0.325,-0.15
-1.4475e-02,-0.23,-0.425
-1.4474e-02,-0.225,-0.15
-1.4472e-02,-0.315,-0.425
-1.4470e-02,-0.29,-0.155
-1.4469e-02,-0.42,-0.44
-1.4467e-02,-0.27,-0.135
-1.4466e-02,-0.29,-0.435
-1.4464e-02,-0.315,-0.145
-1.4462e-02,-0.285,-0.415
-1.4461e-02,-0.295,-0.165
-1.4459e-02,-0.275,-0.435
-1.4458e-02,-0.265,-0.145
-1.4456e-02,-0.355,-0.43
-1.4454e-02,-0.305,-0.145
-1.4453e-02,-0.28,-0.435
-1.4451e-02,-0.275,-0.14
-1.4450e-02,-0.335,-0.45
-1.4448e-02,-0.31,-0.125
-1.4446e-02,-0.3,-0.45
-1.4445e-02,-0.25,-0.125
-1.4443e-02,-0.2,-0.425
-1.4442e-02,-0.26,-0.155
-1.4440e-02,-0.305,-0.425
-1.4438e-02,-0.245,-0.15
-1.4437e-02,-0.335,-0.44
-1.4435e-02,-0.32,-0.14
-1.4434e-02,-0.275,-0.435
-1.4432e-02,-0.365,-0.145
-1.4430e-02,-0.235,-0.41
-1.4429e-02,-0.325,-0.165
-1.4427e-02,-0.295,-0.44
-1.4426e-02,-0.23,-0.135
-1.4424e-02,-0.365,-0.43
-1.4422e-02,-0.25,-0.15
-1.4421e-02,-0.32,-0.45
-1.4419e-02,-0.21,-0.135
-1.4418e-02,-0.27,-0.46
-1.4416e-02,-0.325,-0.12
-1.4414e-02,-0.335,-0.43
-1.4413e-02,-0.195,-0.145
-1.4411e-02,-0.265,-0.43
-1.4410e-02,-0.235,-0.155
-1.4408e-02,-0.37,-0.435
-1.4406e-02,-0.26,-0.145
-1.4405e-02,-0.26,-0.43
-1.4403e-02,-0.28,-0.15
-1.4402e-02,-0.32,-0.44
-1.4400e-02,-0.37,-0.135
-1.4398e-02,-0.225,-0.435
-1.4397e-02,-0.275,-0.145
-1.4395e-02,-0.265,-0.44
-1.4394e-02,-0.275,-0.135
-1.4392e-02,-0.29,-0.425
-1.4390e-02,-0.245,-0.15
-1.4389e-02,-0.235,-0.42
-1.4387e-02,-0.24,-0.16
-1.4386e-02,-0.295,-0.44
-1.4384e-02,-0.355,-0.14
-1.4382e-02,-0.37,-0.43
-1.4381e-02,-0.255,-0.15
-1.4379e-02,-0.27,-0.44
-1.4378e-02,-0.24,-0.135
-1.4376e-02,-0.35,-0.415
-1.4374e-02,-0.34,-0.155
-1.4373e-02,-0.29,-0.43
-1.4371e-02,-0.22,-0.14
-1.4370e-02,-0.295,-0.42
-1.4368e-02,-0.39,-0.155
-1.4366e-02,-0.34,-0.43
-1.4365e-02,-0.29,-0.15
-1.4363e-02,-0.22,-0.42
-1.4362e-02,-0.285,-0.15
-1.4360e-02,-0.26,-0.435
-1.4358e-02,-0.33,-0.14
-1.4357e-02,-0.16,-0.435
-1.4355e-02,-0.295,-0.135
-1.4354e-02,-0.285,-0.43
-1.4352e-02,-0.33,-0.15
-1.4350e-02,-0.34,-0.42
-1.4349e-02,-0.245,-0.16
-1.4347e-02,-0.23,-0.435
-1.4346e-02,-0.28,-0.145
-1.4344e-02,-0.255,-0.445
-1.4342e-02,-0.305,-0.14
-1.4341e-02,-0.22,-0.43
-1.4339e-02,-0.23,-0.15
-1.4338e-02,-0.275,-0.43
-1.4336e-02,-0.32,-0.145
-1.4334e-02,-0.33,-0.44
-1.4333e-02,-0.33,-0.14
-1.4331e-02,-0.255,-0.445
-1.4330e-02,-0.325,-0.135
-1.4328e-02,-0.32,-0.465
-1.4326e-02,-0.365,-0.12
-1.4325e-02,-0.29,-0.42
-1.4323e-02,-0.22,-0.165
-1.4322e-02,-0.255,-0.43
-1.4320e-02,-0.33,-0.15
-1.4318e-02,-0.295,-0.45
-1.4317e-02,-0.325,-0.13
-1.4315e-02,-0.27,-0.425
-1.4314e-02,-0.29,-0.155
-1.4312e-02,-0.36,-0.425
-1.4310e-02,-0.315,-0.155
-1.4309e-02,-0.305,-0.45
-1.4307e-02,-0.3,-0.125
-1.4306e-02,-0.26,-0.43
-1.4304e-02,-0.315,-0.145
-1.4302e-02,-0.235,-0.44
-1.4301e-02,-0.28,-0.14
-1.4299e-02,-0.24,-0.43
-1.4298e-02,-0.24,-0.155
-1.4296e-02,-0.285,-0.46
-1.4294e-02,-0.335,-0.13
-1.4293e-02,-0.265,-0.445
-1.4291e-02,-0.325,-0.13
-1.4290e-02,-0.275,-0.43
-1.4288e-02,-0.345,-0.15
-1.4286e-02,-0.36,-0.425
-1.4285e-02,-0.335,-0.15
-1.4283e-02,-0.23,-0.435
-1.4282e-02,-0.31,-0.145
-1.4280e-02,-0.25,-0.42
-1.4278e-02,-0.315,-0.16
-1.4277e-02,-0.235,-0.44
-1.4275e-02,-0.3,-0.15
-1.4274e-02,-0.29,-0.44
-1.4272e-02,-0.38,-0.145
-1.4270e-02,-0.295,-0.455
-1.4269e-02,-0.335,-0.125
-1.4267e-02,-0.315,-0.425
-1.4266e-02,-0.22,-0.16
-1.4264e-02,-0.305,-0.44
-1.4262e-02,-0.245,-0.145
-1.4261e-02,-0.3,-0.425
-1.4259e-02,-0.24,-0.15
-1.4258e-02,-0.39,-0.425
-1.4256e-02,-0.21,-0.155
-1.4254e-02,-0.355,-0.44
-1.4253e-02,-0.245,-0.15
-1.4251e-02,-0.3,-0.42
-1.4250e-02,-0.29,-0.16
-1.4248e-02,-0.255,-0.44
-1.4246e-02,-0.26,-0.145
-1.4245e-02,-0.24,-0.42
-1.4243e-02,-0.21,-0.16
-1.4242e-02,-0.305,-0.455
-1.4240e-02,-0.3,-0.125
-1.4238e-02,-0.315,-0.435
-1.4237e-02,-0.21,-0.15
-1.4235e-02,-0.31,-0.44
-1.4234e-02,-0.275,-0.15
-1.4232e-02,-0.325,-0.42
-1.4230e-02,-0.29,-0.165
-1.4229e-02,-0.215,-0.43
-1.4227e-02,-0.25,-0.15
-1.4226e-02,-0.26,-0.42
-1.4224e-02,-0.305,-0.165
-1.4222e-02,-0.38,-0.445
-1.4221e-02,-0.33,-0.145
-1.4219e-02,-0.31,-0.42
-1.4218e-02,-0.325,-0.16
-1.4216e-02,-0.305,-0.435
-1.4214e-02,-0.395,-0.15
-1.4213e-02,-0.375,-0.455
-1.4211e-02,-0.24,-0.125
-1.4210e-02,-0.27,-0.42
-1.4208e-02,-0.29,-0.165
-1.4206e-02,-0.31,-0.42
-1.4205e-02,-0.405,-0.165
-1.4203e-02,-0.175,-0.44
-1.4202e-02,-0.27,-0.145
-1.4200e-02,-0.25,-0.42
-1.4198e-02,-0.365,-0.155
-1.4197e-02,-0.265,-0.45
-1.4195e-02,-0.3,-0.13
-1.4194e-02,-0.21,-0.47
-1.4192e-02,-0.41,-0.105
-1.4190e-02,-0.33,-0.43
-1.4189e-02,-0.37,-0.155
-1.4187e-02,-0.295,-0.45
-1.4186e-02,-0.345,-0.13
-1.4184e-02,-0.345,-0.46
-1.4182e-02,-0.345,-0.13
-1.4181e-02,-0.33,-0.445
-1.4179e-02,-0.285,-0.13
-1.4178e-02,-0.245,-0.45
-1.4176e-02,-0.235,-0.135
-1.4174e-02,-0.34,-0.435
-1.4173e-02,-0.335,-0.155
-1.4171e-02,-0.27,-0.45
-1.4170e-02,-0.26,-0.13
-1.4168e-02,-0.265,-0.435
-1.4166e-02,-0.3,-0.15
-1.4165e-02,-0.42,-0.43
-1.4163e-02,-0.27,-0.155
-1.4162e-02,-0.29,-0.44
-1.4160e-02,-0.22,-0.145
-1.4158e-02,-0.295,-0.43
-1.4157e-02,-0.325,-0.15
-1.4155e-02,-0.325,-0.43
-1.4154e-02,-0.275,-0.155
-1.4152e-02,-0.295,-0.435
-1.4150e-02,-0.37,-0.145
-1.4149e-02,-0.28,-0.43
-1.4147e-02,-0.335,-0.155
-1.4146e-02,-0.25,-0.43
-1.4144e-02,-0.285,-0.155
-1.4142e-02,-0.285,-0.425
-1.4141e-02,-0.32,-0.165
-1.4139e-02,-0.365,-0.425
-1.4138e-02,-0.315,-0.155
-1.4136e-02,-0.25,-0.42
-1.4134e-02,-0.285,-0.165
-1.4133e-02,-0.3,-0.44
-1.4131e-02,-0.34,-0.145
-1.4130e-02,-0.275,-0.43
-1.4128e-02,-0.29,-0.155
-1.4126e-02,-0.32,-0.43
-1.4125e-02,-0.38,-0.155
-1.4123e-02,-0.3,-0.47
-1.4122e-02,-0.295,-0.115
-1.4120e-02,-0.27,-0.46
-1.4118e-02,-0.32,-0.13
-1.4117e-02,-0.3,-0.43
-1.4115e-02,-0.26,-0.15
-1.4114e-02,-0.31,-0.455
-1.4112e-02,-0.35,-0.135
-1.4110e-02,-0.32,-0.46
-1.4109e-02,-0.345,-0.125
-1.4107e-02,-0.29,-0.44
-1.4106e-02,-0.27,-0.14
-1.4104e-02,-0.3,-0.495
-1.4102e-02,-0.32,-0.09
-1.4101e-02,-0.325,-0.46
-1.4099e-02,-0.34,-0.12
-1.4098e-02,-0.24,-0.485
-1.4096e-02,-0.29,-0.105
-1.4094e-02,-0.16,-0.44
-1.4093e-02,-0.295,-0.145
-1.4091e-02,-0.235,-0.43
-1.4090e-02,-0.315,-0.145
-1.4088e-02,-0.24,-0.45
-1.4086e-02,-0.32,-0.13
-1.4085e-02,-0.28,-0.455
-1.4083e-02,-0.315,-0.125
-1.4082e-02,-0.3,-0.475
-1.4080e-02,-0.275,-0.105
-1.4078e-02,-0.365,-0.44
-1.4077e-02,-0.325,-0.135
-1.4075e-02,-0.305,-0.415
-1.4074e-02,-0.295,-0.165
-1.4072e-02,-0.21,-0.455
-1.4070e-02,-0.295,-0.13
-1.4069e-02,-0.3,-0.465
-1.4067e-02,-0.3,-0.12
-1.4066e-02,-0.33,-0.46
-1.4064e-02,-0.3,-0.125
-1.4062e-02,-0.3,-0.45
-1.4061e-02,-0.33,-0.13
-1.4059e-02,-0.26,-0.42
-1.4058e-02,-0.35,-0.16
-1.4056e-02,-0.285,-0.435
-1.4054e-02,-0.24,-0.15
-1.4053e-02,-0.29,-0.42
-1.4051e-02,-0.3,-0.165
-1.4050e-02,-0.34,-0.42
-1.4048e-02,-0.335,-0.165
-1.4046e-02,-0.27,-0.43
-1.4045e-02,-0.31,-0.155
-1.4043e-02,-0.325,-0.43
-1.4042e-02,-0.305,-0.15
-1.4040e-02,-0.28,-0.45
-1.4038e-02,-0.235,-0.13
-1.4037e-02,-0.32,-0.44
-1.4035e-02,-0.305,-0.145
-1.4034e-02,-0.335,-0.45
-1.4032e-02,-0.335,-0.14
-1.4030e-02,-0.25,-0.435
-1.4029e-02,-0.31,-0.15
-1.4027e-02,-0.27,-0.435
-1.4026e-02,-0.27,-0.15
-1.4024e-02,-0.295,-0.45
-1.4022e-02,-0.21,-0.135
-1.4021e-02,-0.255,-0.435
-1.4019e-02,-0.29,-0.15
-1.4018e-02,-0.31,-0.435
-1.4016e-02,-0.35,-0.165
-1.4014e-02,-0.275,-0.47
-1.4013e-02,-0.27,-0.125
-1.4011e-02,-0.33,-0.465
-1.4010e-02,-0.265,-0.125
-1.4008e-02,-0.33,-0.435
-1.4006e-02,-0.22,-0.155
-1.4005e-02,-0.29,-0.43
-1.4003e-02,-0.315,-0.165
-1.4002e-02,-0.315,-0.43
-1.4000e-02,-0.315,-0.16
-1.3998e-02,-0.35,-0.435
-1.3997e-02,-0.32,-0.165
-1.3995e-02,-0.385,-0.445
-1.3994e-02,-0.28,-0.145
-1.3992e-02,-0.38,-0.42
-1.3990e-02,-0.315,-0.17
-1.3989e-02,-0.35,-0.435
-1.3987e-02,-0.285,-0.165
-1.3986e-02,-0.285,-0.435
-1.3984e-02,-0.305,-0.16
-1.3982e-02,-0.25,-0.44
-1.3981e-02,-0.26,-0.16
-1.3979e-02,-0.3,-0.43
-1.3978e-02,-0.37,-0.16
-1.3976e-02,-0.355,-0.455
-1.3974e-02,-0.365,-0.14
-1.3973e-02,-0.235,-0.45
-1.3971e-02,-0.365,-0.155
-1.3970e-02,-0.31,-0.425
-1.3968e-02,-0.355,-0.17
-1.3966e-02,-0.285,-0.42
-1.3965e-02,-0.27,-0.18
-1.3963e-02,-0.29,-0.425
-1.3962e-02,-0.31,-0.17
-1.3960e-02,-0.3,-0.44
-1.3958e-02,-0.31,-0.15
-1.3957e-02,-0.23,-0.46
-1.3955e-02,-0.24,-0.13
-1.3954e-02,-0.24,-0.46
-1.3952e-02,-0.21,-0.13
-1.3950e-02,-0.25,-0.455
-1.3949e-02,-0.25,-0.135
-1.3947e-02,-0.245,-0.47
-1.3946e-02,-0.29,-0.12
-1.3944e-02,-0.335,-0.45
-1.3942e-02,-0.33,-0.135
-1.3941e-02,-0.36,-0.435
-1.3939e-02,-0.26,-0.155
-1.3938e-02,-0.315,-0.455
-1.3936e-02,-0.325,-0.135
-1.3934e-02,-0.29,-0.44
-1.3933e-02,-0.25,-0.15
-1.3931e-02,-0.19,-0.45
-1.3930e-02,-0.31,-0.14
-1.3928e-02,-0.28,-0.45
-1.3926e-02,-0.315,-0.145
-1.3925e-02,-0.3,-0.44
-1.3923e-02,-0.305,-0.155
-1.3922e-02,-0.375,-0.45
-1.3920e-02,-0.32,-0.135
-1.3918e-02,-0.365,-0.44
-1.3917e-02,-0.3,-0.14
-1.3915e-02,-0.265,-0.44
-1.3914e-02,-0.285,-0.14
-1.3912e-02,-0.24,-0.455
-1.3910e-02,-0.28,-0.13
-1.3909e-02,-0.205,-0.44
-1.3907e-02,-0.185,-0.15
-1.3906e-02,-0.28,-0.445
-1.3904e-02,-0.265,-0.14
-1.3902e-02,-0.355,-0.445
-1.3901e-02,-0.315,-0.14
-1.3899e-02,-0.305,-0.435
-1.3898e-02,-0.26,-0.15
-1.3896e-02,-0.305,-0.43
-1.3894e-02,-0.285,-0.15
-1.3893e-02,-0.33,-0.425
-1.3891e-02,-0.23,-0.16
-1.3890e-02,-0.335,-0.425
-1.3888e-02,-0.25,-0.165
-1.3886e-02,-0.35,-0.435
-1.3885e-02,-0.21,-0.155
-1.3883e-02,-0.285,-0.445
-1.3882e-02,-0.245,-0.14
-1.3880e-02,-0.32,-0.44
-1.3878e-02,-0.34,-0.145
-1.3877e-02,-0.39,-0.475
-1.3875e-02,-0.29,-0.115
-1.3874e-02,-0.315,-0.435
-1.3872e-02,-0.255,-0.15
-1.3870e-02,-0.345,-0.43
-1.3869e-02,-0.26,-0.15
-1.3867e-02,-0.26,-0.425
-1.3866e-02,-0.195,-0.165
-1.3864e-02,-0.195,-0.435
-1.3862e-02,-0.33,-0.145
-1.3861e-02,-0.265,-0.435
-1.3859e-02,-0.355,-0.155
-1.3858e-02,-0.26,-0.44
-1.3856e-02,-0.315,-0.15
-1.3854e-02,-0.35,-0.455
-1.3853e-02,-0.315,-0.135
-1.3851e-02,-0.25,-0.435
-1.3850e-02,-0.285,-0.155
-1.3848e-02,-0.195,-0.45
-1.3846e-02,-0.32,-0.15
-1.3845e-02,-0.29,-0.465
-1.3843e-02,-0.33,-0.135
-1.3842e-02,-0.32,-0.475
-1.3840e-02,-0.295,-0.12
-1.3838e-02,-0.305,-0.445
-1.3837e-02,-0.375,-0.15
-1.3835e-02,-0.29,-0.455
-1.3834e-02,-0.29,-0.135
-1.3832e-02,-0.205,-0.445
-1.3830e-02,-0.28,-0.145
-1.3829e-02,-0.285,-0.45
-1.3827e-02,-0.305,-0.14
-1.3826e-02,-0.295,-0.435
-1.3824e-02,-0.33,-0.165
-1.3822e-02,-0.29,-0.46
-1.3821e-02,-0.34,-0.14
-1.3819e-02,-0.25,-0.45
-1.3818e-02,-0.225,-0.155
-1.3816e-02,-0.315,-0.465
-1.3814e-02,-0.23,-0.14
-1.3813e-02,-0.38,-0.44
-1.3811e-02,-0.225,-0.155
-1.3810e-02,-0.33,-0.445
-1.3808e-02,-0.325,-0.155
-1.3806e-02,-0.325,-0.445
-1.3805e-02,-0.31,-0.15
-1.3803e-02,-0.285,-0.45
-1.3802e-02,-0.27,-0.145
-1.3800e-02,-0.285,-0.44
-1.3798e-02,-0.26,-0.155
-1.3797e-02,-0.275,-0.44
-1.3795e-02,-0.355,-0.155
-1.3794e-02,-0.27,-0.435
-1.3792e-02,-0.315,-0.165
-1.3790e-02,-0.3,-0.43
-1.3789e-02,-0.28,-0.165
-1.3787e-02,-0.3,-0.44
-1.3786e-02,-0.31,-0.16
-1.3784e-02,-0.22,-0.44
-1.3782e-02,-0.28,-0.155
-1.3781e-02,-0.23,-0.44
-1.3779e-02,-0.28,-0.15
-1.3778e-02,-0.235,-0.45
-1.3776e-02,-0.315,-0.14
-1.3774e-02,-0.395,-0.445
-1.3773e-02,-0.33,-0.155
-1.3771e-02,-0.265,-0.435
-1.3770e-02,-0.27,-0.15
-1.3768e-02,-0.32,-0.46
-1.3766e-02,-0.375,-0.14
-1.3765e-02,-0.29,-0.445
-1.3763e-02,-0.24,-0.15
-1.3762e-02,-0.24,-0.445
-1.3760e-02,-0.315,-0.14
-1.3758e-02,-0.28,-0.445
-1.3757e-02,-0.31,-0.145
-1.3755e-02,-0.205,-0.46
-1.3754e-02,-0.385,-0.13
-1.3752e-02,-0.3,-0.43
-1.3750e-02,-0.42,-0.16
-1.3749e-02,-0.285,-0.455
-1.3747e-02,-0.355,-0.135
-1.3746e-02,-0.22,-0.435
-1.3744e-02,-0.305,-0.165
-1.3742e-02,-0.22,-0.45
-1.3741e-02,-0.325,-0.14
-1.3739e-02,-0.245,-0.43
-1.3738e-02,-0.275,-0.16
-1.3736e-02,-0.325,-0.435
-1.3734e-02,-0.36,-0.16
-1.3733e-02,-0.36,-0.45
-1.3731e-02,-0.305,-0.14
-1.3730e-02,-0.275,-0.435
-1.3728e-02,-0.39,-0.15
-1.3726e-02,-0.265,-0.44
-1.3725e-02,-0.33,-0.15
-1.3723e-02,-0.115,-0.49
-1.3722e-02,-0.31,-0.1
-1.3720e-02,-0.265,-0.5
-1.3718e-02,-0.41,-0.1
-1.3717e-02,-0.3,-0.43
-1.3715e-02,-0.275,-0.16
-1.3714e-02,-0.275,-0.47
-1.3712e-02,-0.25,-0.125
-1.3710e-02,-0.32,-0.445
-1.3709e-02,-0.29,-0.15
-1.3707e-02,-0.265,-0.49
-1.3706e-02,-0.255,-0.105
-1.3704e-02,-0.245,-0.465
-1.3702e-02,-0.315,-0.13
-1.3701e-02,-0.33,-0.465
-1.3699e-02,-0.275,-0.13
-1.3698e-02,-0.255,-0.485
-1.3696e-02,-0.28,-0.11
-1.3694e-02,-0.33,-0.445
-1.3693e-02,-0.355,-0.15
-1.3691e-02,-0.275,-0.465
-1.3690e-02,-0.275,-0.13
-1.3688e-02,-0.285,-0.445
-1.3686e-02,-0.29,-0.145
-1.3685e-02,-0.405,-0.445
-1.3683e-02,-0.235,-0.15
-1.3682e-02,-0.295,-0.45
-1.3680e-02,-0.225,-0.145
-1.3678e-02,-0.29,-0.46
-1.3677e-02,-0.32,-0.135
-1.3675e-02,-0.25,-0.445
-1.3674e-02,-0.28,-0.155
-1.3672e-02,-0.285,-0.45
-1.3670e-02,-0.33,-0.15
-1.3669e-02,-0.375,-0.455
-1.3667e-02,-0.3,-0.14
-1.3666e-02,-0.295,-0.47
-1.3664e-02,-0.18,-0.13
-1.3662e-02,-0.285,-0.44
-1.3661e-02,-0.265,-0.15
-1.3659e-02,-0.33,-0.445
-1.3658e-02,-0.25,-0.15
-1.3656e-02,-0.295,-0.435
-1.3654e-02,-0.29,-0.16
-1.3653e-02,-0.425,-0.46
-1.3651e-02,-0.295,-0.14
-1.3650e-02,-0.29,-0.435
-1.3648e-02,-0.24,-0.155
-1.3646e-02,-0.305,-0.44
-1.3645e-02,-0.385,-0.15
-1.3643e-02,-0.255,-0.475
-1.3642e-02,-0.265,-0.13
-1.3640e-02,-0.19,-0.45
-1.3638e-02,-0.275,-0.14
-1.3637e-02,-0.355,-0.455
-1.3635e-02,-0.385,-0.14
-1.3634e-02,-0.36,-0.465
-1.3632e-02,-0.32,-0.14
-1.3630e-02,-0.27,-0.45
-1.3629e-02,-0.35,-0.15
-1.3627e-02,-0.32,-0.445
-1.3626e-02,-0.36,-0.145
-1.3624e-02,-0.28,-0.435
-1.3622e-02,-0.255,-0.16
-1.3621e-02,-0.31,-0.445
-1.3619e-02,-0.26,-0.145
-1.3618e-02,-0.33,-0.485
-1.3616e-02,-0.24,-0.115
-1.3614e-02,-0.38,-0.47
-1.3613e-02,-0.35,-0.12
-1.3611e-02,-0.35,-0.435
-1.3610e-02,-0.26,-0.165
-1.3608e-02,-0.25,-0.445
-1.3606e-02,-0.27,-0.145
-1.3605e-02,-0.345,-0.465
-1.3603e-02,-0.3,-0.135
-1.3602e-02,-0.315,-0.475
-1.3600e-02,-0.22,-0.12
-1.3598e-02,-0.34,-0.48
-1.3597e-02,-0.28,-0.125
-1.3595e-02,-0.315,-0.455
-1.3594e-02,-0.315,-0.135
-1.3592e-02,-0.295,-0.45
-1.3590e-02,-0.335,-0.15
-1.3589e-02,-0.27,-0.43
-1.3587e-02,-0.27,-0.165
-1.3586e-02,-0.375,-0.47
-1.3584e-02,-0.265,-0.125
-1.3582e-02,-0.355,-0.445
-1.3581e-02,-0.26,-0.15
-1.3579e-02,-0.31,-0.455
-1.3578e-02,-0.285,-0.14
-1.3576e-02,-0.26,-0.44
-1.3574e-02,-0.245,-0.155
-1.3573e-02,-0.245,-0.425
-1.3571e-02,-0.355,-0.175
-1.3570e-02,-0.285,-0.45
-1.3568e-02,-0.39,-0.145
-1.3566e-02,-0.21,-0.435
-1.3565e-02,-0.31,-0.155
-1.3563e-02,-0.235,-0.445
-1.3562e-02,-0.295,-0.15
-1.3560e-02,-0.24,-0.435
-1.3558e-02,-0.245,-0.165
-1.3557e-02,-0.28,-0.445
-1.3555e-02,-0.27,-0.155
-1.3554e-02,-0.245,-0.455
-1.3552e-02,-0.28,-0.15
-1.3550e-02,-0.265,-0.44
-1.3549e-02,-0.375,-0.155
-1.3547e-02,-0.295,-0.45
-1.3546e-02,-0.325,-0.145
-1.3544e-02,-0.285,-0.44
-1.3542e-02,-0.285,-0.155
-1.3541e-02,-0.285,-0.44
-1.3539e-02,-0.285,-0.155
-1.3538e-02,-0.26,-0.45
-1.3536e-02,-0.32,-0.145
-1.3534e-02,-0.245,-0.48
-1.3533e-02,-0.295,-0.115
-1.3531e-02,-0.305,-0.475
-1.3530e-02,-0.32,-0.13
-1.3528e-02,-0.41,-0.445
-1.3526e-02,-0.255,-0.15
-1.3525e-02,-0.39,-0.445
-1.3523e-02,-0.275,-0.155
-1.3522e-02,-0.35,-0.43
-1.3520e-02,-0.295,-0.155
-1.3518e-02,-0.32,-0.43
-1.3517e-02,-0.29,-0.16
-1.3515e-02,-0.325,-0.435
-1.3514e-02,-0.21,-0.165
-1.3512e-02,-0.325,-0.435
-1.3510e-02,-0.235,-0.16
-1.3509e-02,-0.395,-0.435
-1.3507e-02,-0.3,-0.155
-1.3506e-02,-0.305,-0.445
-1.3504e-02,-0.325,-0.16
-1.3502e-02,-0.27,-0.455
-1.3501e-02,-0.34,-0.135
-1.3499e-02,-0.235,-0.45
-1.3498e-02,-0.26,-0.145
-1.3496e-02,-0.315,-0.475
-1.3494e-02,-0.27,-0.12
-1.3493e-02,-0.295,-0.48
-1.3491e-02,-0.21,-0.12
-1.3490e-02,-0.28,-0.45
-1.3488e-02,-0.375,-0.15
-1.3486e-02,-0.275,-0.45
-1.3485e-02,-0.32,-0.145
-1.3483e-02,-0.245,-0.44
-1.3482e-02,-0.26,-0.155
-1.3480e-02,-0.315,-0.43
-1.3478e-02,-0.3,-0.165
-1.3477e-02,-0.28,-0.47
-1.3475e-02,-0.34,-0.125
-1.3474e-02,-0.2,-0.47
-1.3472e-02,-0.33,-0.125
-1.3470e-02,-0.305,-0.465
-1.3469e-02,-0.335,-0.13
-1.3467e-02,-0.265,-0.475
-1.3466e-02,-0.19,-0.115
-1.3464e-02,-0.225,-0.46
-1.3462e-02,-0.275,-0.135
-1.3461e-02,-0.375,-0.445
-1.3459e-02,-0.345,-0.15
-1.3458e-02,-0.29,-0.46
-1.3456e-02,-0.29,-0.13
-1.3454e-02,-0.33,-0.445
-1.3453e-02,-0.335,-0.155
-1.3451e-02,-0.375,-0.47
-1.3450e-02,-0.225,-0.135
-1.3448e-02,-0.28,-0.465
-1.3446e-02,-0.23,-0.135
-1.3445e-02,-0.33,-0.465
-1.3443e-02,-0.265,-0.135
-1.3442e-02,-0.365,-0.465
-1.3440e-02,-0.26,-0.13
-1.3438e-02,-0.345,-0.475
-1.3437e-02,-0.28,-0.125
-1.3435e-02,-0.375,-0.465
-1.3434e-02,-0.36,-0.13
-1.3432e-02,-0.33,-0.445
-1.3430e-02,-0.315,-0.155
-1.3429e-02,-0.22,-0.46
-1.3427e-02,-0.285,-0.14
-1.3426e-02,-0.295,-0.46
-1.3424e-02,-0.295,-0.145
-1.3422e-02,-0.26,-0.45
-1.3421e-02,-0.36,-0.15
-1.3419e-02,-0.24,-0.475
-1.3418e-02,-0.27,-0.125
-1.3416e-02,-0.26,-0.485
-1.3414e-02,-0.28,-0.125
-1.3413e-02,-0.365,-0.455
-1.3411e-02,-0.3,-0.145
-1.3410e-02,-0.305,-0.48
-1.3408e-02,-0.275,-0.14
-1.3406e-02,-0.265,-0.46
-1.3405e-02,-0.385,-0.15
-1.3403e-02,-0.21,-0.465
-1.3402e-02,-0.295,-0.145
-1.3400e-02,-0.255,-0.46
-1.3398e-02,-0.35,-0.15
-1.3397e-02,-0.3,-0.465
-1.3395e-02,-0.37,-0.145
-1.3394e-02,-0.235,-0.44
-1.3392e-02,-0.31,-0.165
-1.3390e-02,-0.32,-0.455
-1.3389e-02,-0.29,-0.15
-1.3387e-02,-0.355,-0.5
-1.3386e-02,-0.235,-0.1
-1.3384e-02,-0.235,-0.47
-1.3382e-02,-0.25,-0.135
-1.3381e-02,-0.315,-0.455
-1.3379e-02,-0.415,-0.155
-1.3378e-02,-0.315,-0.45
-1.3376e-02,-0.285,-0.155
-1.3374e-02,-0.275,-0.46
-1.3373e-02,-0.34,-0.145
-1.3371e-02,-0.29,-0.455
-1.3370e-02,-0.36,-0.155
-1.3368e-02,-0.23,-0.45
-1.3366e-02,-0.365,-0.155
-1.3365e-02,-0.355,-0.465
-1.3363e-02,-0.35,-0.15
-1.3362e-02,-0.265,-0.445
-1.3360e-02,-0.295,-0.155
-1.3358e-02,-0.26,-0.465
-1.3357e-02,-0.33,-0.14
-1.3355e-02,-0.3,-0.45
-1.3354e-02,-0.28,-0.15
-1.3352e-02,-0.345,-0.47
-1.3350e-02,-0.29,-0.135
-1.3349e-02,-0.36,-0.475
-1.3347e-02,-0.3,-0.13
-1.3346e-02,-0.245,-0.465
-1.3344e-02,-0.285,-0.14
-1.3342e-02,-0.295,-0.46
-1.3341e-02,-0.225,-0.14
-1.3339e-02,-0.33,-0.46
-1.3338e-02,-0.17,-0.145
-1.3336e-02,-0.295,-0.47
-1.3334e-02,-0.255,-0.125
-1.3333e-02,-0.31,-0.49
-1.3331e-02,-0.255,-0.12
-1.3330e-02,-0.33,-0.465
-1.3328e-02,-0.255,-0.135
-1.3326e-02,-0.37,-0.445
-1.3325e-02,-0.345,-0.155
-1.3323e-02,-0.35,-0.47
-1.3322e-02,-0.21,-0.135
-1.3320e-02,-0.305,-0.445
-1.3318e-02,-0.19,-0.15
-1.3317e-02,-0.31,-0.46
-1.3315e-02,-0.32,-0.135
-1.3314e-02,-0.22,-0.47
-1.3312e-02,-0.23,-0.14
-1.3310e-02,-0.32,-0.5
-1.3309e-02,-0.305,-0.1
-1.3307e-02,-0.31,-0.455
-1.3306e-02,-0.335,-0.145
-1.3304e-02,-0.28,-0.475
-1.3302e-02,-0.305,-0.125
-1.3301e-02,-0.365,-0.47
-1.3299e-02,-0.245,-0.14
-1.3298e-02,-0.3,-0.445
-1.3296e-02,-0.23,-0.15
-1.3294e-02,-0.265,-0.455
-1.3293e-02,-0.275,-0.14
-1.3291e-02,-0.395,-0.455
-1.3290e-02,-0.305,-0.145
-1.3288e-02,-0.275,-0.47
-1.3286e-02,-0.215,-0.13
-1.3285e-02,-0.35,-0.445
-1.3283e-02,-0.22,-0.155
-1.3282e-02,-0.29,-0.455
-1.3280e-02,-0.33,-0.14
-1.3278e-02,-0.365,-0.46
-1.3277e-02,-0.34,-0.14
-1.3275e-02,-0.31,-0.475
-1.3274e-02,-0.175,-0.12
-1.3272e-02,-0.27,-0.455
-1.3270e-02,-0.385,-0.15
-1.3269e-02,-0.415,-0.44
-1.3267e-02,-0.335,-0.16
-1.3266e-02,-0.29,-0.45
-1.3264e-02,-0.28,-0.155
-1.3262e-02,-0.29,-0.455
-1.3261e-02,-0.24,-0.15
-1.3259e-02,-0.36,-0.475
-1.3258e-02,-0.21,-0.135
-1.3256e-02,-0.3,-0.455
-1.3254e-02,-0.285,-0.145
-1.3253e-02,-0.385,-0.47
-1.3251e-02,-0.305,-0.135
-1.3250e-02,-0.345,-0.46
-1.3248e-02,-0.23,-0.15
-1.3246e-02,-0.24,-0.475
-1.3245e-02,-0.345,-0.135
-1.3243e-02,-0.385,-0.46
-1.3242e-02,-0.225,-0.15
-1.3240e-02,-0.245,-0.485
-1.3238e-02,-0.33,-0.125
-1.3237e-02,-0.365,-0.46
-1.3235e-02,-0.37,-0.15
-1.3234e-02,-0.28,-0.485
-1.3232e-02,-0.275,-0.125
-1.3230e-02,-0.34,-0.455
-1.3229e-02,-0.41,-0.155
-1.3227e-02,-0.31,-0.46
-1.3226e-02,-0.22,-0.15
-1.3224e-02,-0.24,-0.46
-1.3222e-02,-0.285,-0.15
-1.3221e-02,-0.285,-0.465
-1.3219e-02,-0.335,-0.15
-1.3218e-02,-0.355,-0.47
-1.3216e-02,-0.29,-0.145
-1.3214e-02,-0.295,-0.45
-1.3213e-02,-0.35,-0.155
-1.3211e-02,-0.345,-0.455
-1.3210e-02,-0.32,-0.155
-1.3208e-02,-0.265,-0.465
-1.3206e-02,-0.23,-0.14
-1.3205e-02,-0.285,-0.445
-1.3203e-02,-0.345,-0.165
-1.3202e-02,-0.315,-0.475
-1.3200e-02,-0.24,-0.14
-1.3198e-02,-0.335,-0.47
-1.3197e-02,-0.375,-0.14
-1.3195e-02,-0.34,-0.44
-1.3194e-02,-0.36,-0.165
-1.3192e-02,-0.27,-0.47
-1.3190e-02,-0.26,-0.135
-1.3189e-02,-0.335,-0.465
-1.3187e-02,-0.29,-0.15
-1.3186e-02,-0.29,-0.455
-1.3184e-02,-0.295,-0.15
-1.3182e-02,-0.38,-0.465
-1.3181e-02,-0.285,-0.14
-1.3179e-02,-0.325,-0.465
-1.3178e-02,-0.275,-0.14
-1.3176e-02,-0.225,-0.45
-1.3174e-02,-0.325,-0.155
-1.3173e-02,-0.34,-0.485
-1.3171e-02,-0.305,-0.13
-1.3170e-02,-0.295,-0.445
-1.3168e-02,-0.29,-0.155
-1.3166e-02,-0.26,-0.44
-1.3165e-02,-0.34,-0.165
-1.3163e-02,-0.27,-0.48
-1.3162e-02,-0.35,-0.13
-1.3160e-02,-0.265,-0.46
-1.3158e-02,-0.395,-0.14
-1.3157e-02,-0.345,-0.44
-1.3155e-02,-0.32,-0.165
-1.3154e-02,-0.28,-0.465
-1.3152e-02,-0.2,-0.135
-1.3150e-02,-0.27,-0.445
-1.3149e-02,-0.3,-0.16
-1.3147e-02,-0.35,-0.475
-1.3146e-02,-0.28,-0.125
-1.3144e-02,-0.345,-0.47
-1.3142e-02,-0.27,-0.135
-1.3141e-02,-0.39,-0.46
-1.3139e-02,-0.245,-0.14
-1.3138e-02,-0.205,-0.465
-1.3136e-02,-0.185,-0.135
-1.3134e-02,-0.335,-0.455
-1.3133e-02,-0.285,-0.15
-1.3131e-02,-0.335,-0.48
-1.3130e-02,-0.31,-0.12
-1.3128e-02,-0.37,-0.485
-1.3126e-02,-0.39,-0.125
-1.3125e-02,-0.4,-0.495
-1.3123e-02,-0.27,-0.115
-1.3122e-02,-0.295,-0.465
-1.3120e-02,-0.28,-0.135
-1.3118e-02,-0.255,-0.485
-1.3117e-02,-0.28,-0.115
-1.3115e-02,-0.335,-0.455
-1.3114e-02,-0.25,-0.145
-1.3112e-02,-0.365,-0.455
-1.3110e-02,-0.37,-0.15
-1.3109e-02,-0.365,-0.45
-1.3107e-02,-0.355,-0.155
-1.3106e-02,-0.305,-0.475
-1.3104e-02,-0.26,-0.135
-1.3102e-02,-0.27,-0.46
-1.3101e-02,-0.31,-0.145
-1.3099e-02,-0.235,-0.475
-1.3098e-02,-0.31,-0.135
-1.3096e-02,-0.285,-0.495
-1.3094e-02,-0.295,-0.115
-1.3093e-02,-0.325,-0.465
-1.3091e-02,-0.355,-0.145
-1.3090e-02,-0.335,-0.475
-1.3088e-02,-0.4,-0.135
-1.3086e-02,-0.3,-0.485
-1.3085e-02,-0.3,-0.125
-1.3083e-02,-0.295,-0.45
-1.3082e-02,-0.32,-0.155
-1.3080e-02,-0.275,-0.5
-1.3078e-02,-0.3,-0.11
-1.3077e-02,-0.255,-0.45
-1.3075e-02,-0.315,-0.16
-1.3074e-02,-0.35,-0.455
-1.3072e-02,-0.34,-0.155
-1.3070e-02,-0.27,-0.46
-1.3069e-02,-0.26,-0.145
-1.3067e-02,-0.25,-0.465
-1.3066e-02,-0.305,-0.145
-1.3064e-02,-0.33,-0.455
-1.3062e-02,-0.325,-0.15
-1.3061e-02,-0.285,-0.48
-1.3059e-02,-0.385,-0.13
-1.3058e-02,-0.34,-0.45
-1.3056e-02,-0.285,-0.16
-1.3054e-02,-0.305,-0.46
-1.3053e-02,-0.22,-0.15
-1.3051e-02,-0.315,-0.465
-1.3050e-02,-0.28,-0.15
-1.3048e-02,-0.37,-0.465
-1.3046e-02,-0.28,-0.15
-1.3045e-02,-0.395,-0.47
-1.3043e-02,-0.22,-0.145
-1.3042e-02,-0.35,-0.445
-1.3040e-02,-0.32,-0.165
-1.3038e-02,-0.27,-0.45
-1.3037e-02,-0.195,-0.155
-1.3035e-02,-0.335,-0.45
-1.3034e-02,-0.255,-0.155
-1.3032e-02,-0.375,-0.47
-1.3030e-02,-0.265,-0.14
-1.3029e-02,-0.315,-0.465
-1.3027e-02,-0.325,-0.15
-1.3026e-02,-0.325,-0.48
-1.3024e-02,-0.27,-0.135
-1.3022e-02,-0.305,-0.475
-1.3021e-02,-0.24,-0.145
-1.3019e-02,-0.33,-0.475
-1.3018e-02,-0.31,-0.13
-1.3016e-02,-0.35,-0.46
-1.3014e-02,-0.26,-0.15
-1.3013e-02,-0.395,-0.46
-1.3011e-02,-0.31,-0.145
-1.3010e-02,-0.35,-0.485
-1.3008e-02,-0.265,-0.125
-1.3006e-02,-0.275,-0.465
-1.3005e-02,-0.245,-0.15
-1.3003e-02,-0.33,-0.455
-1.3002e-02,-0.24,-0.15
-1.3000e-02,-0.305,-0.465
-1.2998e-02,-0.265,-0.14
-1.2997e-02,-0.28,-0.49
-1.2995e-02,-0.385,-0.115
-1.2994e-02,-0.335,-0.485
-1.2992e-02,-0.305,-0.135
-1.2990e-02,-0.355,-0.46
-1.2989e-02,-0.295,-0.145
-1.2987e-02,-0.365,-0.455
-1.2986e-02,-0.29,-0.155
-1.2984e-02,-0.34,-0.455
-1.2982e-02,-0.24,-0.16
-1.2981e-02,-0.365,-0.47
-1.2979e-02,-0.27,-0.145
-1.2978e-02,-0.3,-0.475
-1.2976e-02,-0.21,-0.14
-1.2974e-02,-0.245,-0.445
-1.2973e-02,-0.335,-0.165
-1.2971e-02,-0.43,-0.45
-1.2970e-02,-0.28,-0.165
-1.2968e-02,-0.34,-0.465
-1.2966e-02,-0.225,-0.15
-1.2965e-02,-0.36,-0.46
-1.2963e-02,-0.305,-0.155
-1.2962e-02,-0.38,-0.445
-1.2960e-02,-0.225,-0.16
-1.2958e-02,-0.33,-0.46
-1.2957e-02,-0.325,-0.15
-1.2955e-02,-0.275,-0.455
-1.2954e-02,-0.385,-0.16
-1.2952e-02,-0.35,-0.475
-1.2950e-02,-0.28,-0.14
-1.2949e-02,-0.315,-0.485
-1.2947e-02,-0.26,-0.13
-1.2946e-02,-0.355,-0.495
-1.2944e-02,-0.26,-0.125
-1.2942e-02,-0.245,-0.475
-1.2941e-02,-0.205,-0.14
-1.2939e-02,-0.375,-0.48
-1.2938e-02,-0.335,-0.14
-1.2936e-02,-0.41,-0.455
-1.2934e-02,-0.3,-0.155
-1.2933e-02,-0.255,-0.485
-1.2931e-02,-0.335,-0.125
-1.2930e-02,-0.36,-0.465
-1.2928e-02,-0.235,-0.145
-1.2926e-02,-0.305,-0.465
-1.2925e-02,-0.255,-0.145
-1.2923e-02,-0.365,-0.455
-1.2922e-02,-0.325,-0.15
-1.2920e-02,-0.27,-0.47
-1.2918e-02,-0.29,-0.135
-1.2917e-02,-0.33,-0.485
-1.2915e-02,-0.315,-0.12
-1.2914e-02,-0.35,-0.495
-1.2912e-02,-0.26,-0.13
-1.2910e-02,-0.205,-0.475
-1.2909e-02,-0.265,-0.14
-1.2907e-02,-0.255,-0.495
-1.2906e-02,-0.305,-0.115
-1.2904e-02,-0.33,-0.465
-1.2902e-02,-0.3,-0.15
-1.2901e-02,-0.225,-0.49
-1.2899e-02,-0.405,-0.13
-1.2898e-02,-0.34,-0.465
-1.2896e-02,-0.48,-0.155
-1.2894e-02,-0.27,-0.485
-1.2893e-02,-0.24,-0.125
-1.2891e-02,-0.27,-0.485
-1.2890e-02,-0.335,-0.13
-1.2888e-02,-0.275,-0.465
-1.2886e-02,-0.33,-0.15
-1.2885e-02,-0.255,-0.47
-1.2883e-02,-0.31,-0.145
-1.2882e-02,-0.29,-0.455
-1.2880e-02,-0.29,-0.145
-1.2878e-02,-0.305,-0.48
-1.2877e-02,-0.34,-0.14
-1.2875e-02,-0.32,-0.49
-1.2874e-02,-0.3,-0.135
-1.2872e-02,-0.325,-0.49
-1.2870e-02,-0.295,-0.12
-1.2869e-02,-0.34,-0.48
-1.2867e-02,-0.295,-0.135
-1.2866e-02,-0.275,-0.49
-1.2864e-02,-0.3,-0.125
-1.2862e-02,-0.34,-0.485
-1.2861e-02,-0.28,-0.135
-1.2859e-02,-0.405,-0.515
-1.2858e-02,-0.325,-0.105
-1.2856e-02,-0.305,-0.455
-1.2854e-02,-0.235,-0.15
-1.2853e-02,-0.26,-0.455
-1.2851e-02,-0.235,-0.16
-1.2850e-02,-0.385,-0.46
-1.2848e-02,-0.245,-0.15
-1.2846e-02,-0.275,-0.465
-1.2845e-02,-0.31,-0.15
-1.2843e-02,-0.355,-0.465
-1.2842e-02,-0.41,-0.145
-1.2840e-02,-0.355,-0.475
-1.2838e-02,-0.255,-0.145
-1.2837e-02,-0.335,-0.47
-1.2835e-02,-0.35,-0.15
-1.2834e-02,-0.305,-0.475
-1.2832e-02,-0.265,-0.135
-1.2830e-02,-0.255,-0.47
-1.2829e-02,-0.2,-0.15
-1.2827e-02,-0.325,-0.49
-1.2826e-02,-0.32,-0.13
-1.2824e-02,-0.34,-0.48
-1.2822e-02,-0.345,-0.135
-1.2821e-02,-0.275,-0.49
-1.2819e-02,-0.31,-0.135
-1.2818e-02,-0.365,-0.495
-1.2816e-02,-0.305,-0.12
-1.2814e-02,-0.32,-0.465
-1.2813e-02,-0.225,-0.155
-1.2811e-02,-0.29,-0.475
-1.2810e-02,-0.305,-0.145
-1.2808e-02,-0.25,-0.46
-1.2806e-02,-0.285,-0.16
-1.2805e-02,-0.33,-0.505
-1.2803e-02,-0.405,-0.115
-1.2802e-02,-0.28,-0.48
-1.2800e-02,-0.34,-0.145
-1.2798e-02,-0.245,-0.46
-1.2797e-02,-0.31,-0.155
-1.2795e-02,-0.32,-0.47
-1.2794e-02,-0.33,-0.145
-1.2792e-02,-0.23,-0.47
-1.2790e-02,-0.31,-0.15
-1.2789e-02,-0.22,-0.455
-1.2787e-02,-0.31,-0.16
-1.2786e-02,-0.3,-0.465
-1.2784e-02,-0.33,-0.15
-1.2782e-02,-0.24,-0.465
-1.2781e-02,-0.4,-0.155
-1.2779e-02,-0.325,-0.45
-1.2778e-02,-0.405,-0.165
-1.2776e-02,-0.31,-0.465
-1.2774e-02,-0.295,-0.145
-1.2773e-02,-0.22,-0.46
-1.2771e-02,-0.335,-0.15
-1.2770e-02,-0.32,-0.485
-1.2768e-02,-0.315,-0.135
-1.2766e-02,-0.275,-0.48
-1.2765e-02,-0.23,-0.135
-1.2763e-02,-0.275,-0.455
-1.2762e-02,-0.355,-0.16
-1.2760e-02,-0.28,-0.48
-1.2758e-02,-0.385,-0.13
-1.2757e-02,-0.32,-0.48
-1.2755e-02,-0.285,-0.145
-1.2754e-02,-0.235,-0.5
-1.2752e-02,-0.29,-0.11
-1.2750e-02,-0.23,-0.46
-1.2749e-02,-0.345,-0.15
-1.2747e-02,-0.34,-0.445
-1.2746e-02,-0.365,-0.165
-1.2744e-02,-0.305,-0.455
-1.2742e-02,-0.305,-0.165
-1.2741e-02,-0.34,-0.45
-1.2739e-02,-0.305,-0.16
-1.2738e-02,-0.38,-0.45
-1.2736e-02,-0.205,-0.165
-1.2734e-02,-0.305,-0.465
-1.2733e-02,-0.16,-0.155
-1.2731e-02,-0.29,-0.485
-1.2730e-02,-0.335,-0.13
-1.2728e-02,-0.38,-0.455
-1.2726e-02,-0.225,-0.155
-1.2725e-02,-0.36,-0.475
-1.2723e-02,-0.27,-0.14
-1.2722e-02,-0.405,-0.45
-1.2720e-02,-0.32,-0.165
-1.2718e-02,-0.25,-0.45
-1.2717e-02,-0.23,-0.17
-1.2715e-02,-0.34,-0.465
-1.2714e-02,-0.275,-0.15
-1.2712e-02,-0.33,-0.46
-1.2710e-02,-0.23,-0.15
-1.2709e-02,-0.335,-0.47
-1.2707e-02,-0.34,-0.14
-1.2706e-02,-0.325,-0.45
-1.2704e-02,-0.315,-0.16
-1.2702e-02,-0.325,-0.445
-1.2701e-02,-0.22,-0.17
-1.2699e-02,-0.28,-0.465
-1.2698e-02,-0.275,-0.15
-1.2696e-02,-0.29,-0.475
-1.2694e-02,-0.33,-0.13
-1.2693e-02,-0.3,-0.46
-1.2691e-02,-0.265,-0.15
-1.2690e-02,-0.31,-0.46
-1.2688e-02,-0.305,-0.15
-1.2686e-02,-0.285,-0.47
-1.2685e-02,-0.36,-0.15
-1.2683e-02,-0.33,-0.475
-1.2682e-02,-0.425,-0.15
-1.2680e-02,-0.32,-0.475
-1.2678e-02,-0.265,-0.145
-1.2677e-02,-0.315,-0.46
-1.2675e-02,-0.36,-0.16
-1.2674e-02,-0.28,-0.465
-1.2672e-02,-0.315,-0.155
-1.2670e-02,-0.2,-0.495
-1.2669e-02,-0.295,-0.125
-1.2667e-02,-0.315,-0.475
-1.2666e-02,-0.255,-0.14
-1.2664e-02,-0.27,-0.495
-1.2662e-02,-0.305,-0.13
-1.2661e-02,-0.28,-0.47
-1.2659e-02,-0.425,-0.15
-1.2658e-02,-0.295,-0.47
-1.2656e-02,-0.415,-0.155
-1.2654e-02,-0.265,-0.48
-1.2653e-02,-0.28,-0.145
-1.2651e-02,-0.315,-0.475
-1.2650e-02,-0.3,-0.155
-1.2648e-02,-0.27,-0.51
-1.2646e-02,-0.265,-0.125
-1.2645e-02,-0.235,-0.495
-1.2643e-02,-0.285,-0.135
-1.2642e-02,-0.365,-0.495
-1.2640e-02,-0.29,-0.13
-1.2638e-02,-0.295,-0.46
-1.2637e-02,-0.3,-0.16
-1.2635e-02,-0.36,-0.465
-1.2634e-02,-0.38,-0.15
-1.2632e-02,-0.305,-0.48
-1.2630e-02,-0.24,-0.145
-1.2629e-02,-0.27,-0.475
-1.2627e-02,-0.28,-0.14
-1.2626e-02,-0.28,-0.475
-1.2624e-02,-0.315,-0.155
-1.2622e-02,-0.27,-0.49
-1.2621e-02,-0.4,-0.135
-1.2619e-02,-0.36,-0.495
-1.2618e-02,-0.345,-0.135
-1.2616e-02,-0.345,-0.5
-1.2614e-02,-0.315,-0.13
-1.2613e-02,-0.275,-0.485
-1.2611e-02,-0.315,-0.14
-1.2610e-02,-0.35,-0.505
-1.2608e-02,-0.28,-0.115
-1.2606e-02,-0.36,-0.51
-1.2605e-02,-0.27,-0.115
-1.2603e-02,-0.395,-0.51
-1.2602e-02,-0.34,-0.12
-1.2600e-02,-0.275,-0.475
-1.2598e-02,-0.21,-0.145
-1.2597e-02,-0.27,-0.46
-1.2595e-02,-0.225,-0.165
-1.2594e-02,-0.36,-0.455
-1.2592e-02,-0.31,-0.16
-1.2590e-02,-0.295,-0.465
-1.2589e-02,-0.325,-0.16
-1.2587e-02,-0.34,-0.48
-1.2586e-02,-0.25,-0.15
-1.2584e-02,-0.265,-0.485
-1.2582e-02,-0.275,-0.135
-1.2581e-02,-0.32,-0.515
-1.2579e-02,-0.345,-0.115
-1.2578e-02,-0.345,-0.5
-1.2576e-02,-0.305,-0.115
-1.2574e-02,-0.33,-0.455
-1.2573e-02,-0.345,-0.15
-1.2571e-02,-0.325,-0.48
-1.2570e-02,-0.33,-0.14
-1.2568e-02,-0.29,-0.47
-1.2566e-02,-0.24,-0.145
-1.2565e-02,-0.23,-0.465
-1.2563e-02,-0.37,-0.155
-1.2562e-02,-0.275,-0.46
-1.2560e-02,-0.3,-0.155
-1.2558e-02,-0.275,-0.485
-1.2557e-02,-0.275,-0.135
-1.2555e-02,-0.355,-0.485
-1.2554e-02,-0.355,-0.135
-1.2552e-02,-0.28,-0.46
-1.2550e-02,-0.235,-0.16
-1.2549e-02,-0.345,-0.475
-1.2547e-02,-0.385,-0.135
-1.2546e-02,-0.375,-0.5
-1.2544e-02,-0.28,-0.12
-1.2542e-02,-0.265,-0.475
-1.2541e-02,-0.225,-0.145
-1.2539e-02,-0.365,-0.445
-1.2538e-02,-0.29,-0.17
-1.2536e-02,-0.27,-0.445
-1.2534e-02,-0.285,-0.17
-1.2533e-02,-0.32,-0.445
-1.2531e-02,-0.305,-0.165
-1.2530e-02,-0.32,-0.47
-1.2528e-02,-0.405,-0.14
-1.2526e-02,-0.25,-0.465
-1.2525e-02,-0.295,-0.15
-1.2523e-02,-0.315,-0.45
-1.2522e-02,-0.395,-0.16
-1.2520e-02,-0.27,-0.475
-1.2518e-02,-0.295,-0.155
-1.2517e-02,-0.225,-0.44
-1.2515e-02,-0.305,-0.18
-1.2514e-02,-0.365,-0.45
-1.2512e-02,-0.34,-0.175
-1.2510e-02,-0.26,-0.465
-1.2509e-02,-0.315,-0.16
-1.2507e-02,-0.38,-0.47
-1.2506e-02,-0.325,-0.15
-1.2504e-02,-0.365,-0.47
-1.2502e-02,-0.315,-0.155
-1.2501e-02,-0.41,-0.48
-1.2499e-02,-0.285,-0.145
-1.2498e-02,-0.345,-0.49
-1.2496e-02,-0.25,-0.135
-1.2494e-02,-0.29,-0.49
-1.2493e-02,-0.31,-0.135
-1.2491e-02,-0.385,-0.465
-1.2490e-02,-0.255,-0.16
-1.2488e-02,-0.335,-0.47
-1.2486e-02,-0.315,-0.16
-1.2485e-02,-0.34,-0.47
-1.2483e-02,-0.345,-0.15
-1.2482e-02,-0.395,-0.525
-1.2480e-02,-0.35,-0.1
-1.2478e-02,-0.29,-0.54
-1.2477e-02,-0.26,-0.09
-1.2475e-02,-0.33,-0.485
-1.2474e-02,-0.23,-0.135
-1.2472e-02,-0.315,-0.485
-1.2470e-02,-0.205,-0.145
-1.2469e-02,-0.27,-0.47
-1.2467e-02,-0.28,-0.155
-1.2466e-02,-0.35,-0.465
-1.2464e-02,-0.19,-0.155
-1.2462e-02,-0.27,-0.485
-1.2461e-02,-0.29,-0.135
-1.2459e-02,-0.395,-0.485
-1.2458e-02,-0.315,-0.14
-1.2456e-02,-0.365,-0.48
-1.2454e-02,-0.305,-0.145
-1.2453e-02,-0.355,-0.455
-1.2451e-02,-0.385,-0.17
-1.2450e-02,-0.35,-0.48
-1.2448e-02,-0.27,-0.155
-1.2446e-02,-0.3,-0.48
-1.2445e-02,-0.345,-0.145
-1.2443e-02,-0.28,-0.475
-1.2442e-02,-0.305,-0.145
-1.2440e-02,-0.315,-0.495
-1.2438e-02,-0.27,-0.14
-1.2437e-02,-0.3,-0.485
-1.2435e-02,-0.265,-0.145
-1.2434e-02,-0.245,-0.475
-1.2432e-02,-0.285,-0.15
-1.2430e-02,-0.31,-0.51
-1.2429e-02,-0.305,-0.115
-1.2427e-02,-0.35,-0.465
-1.2426e-02,-0.395,-0.16
-1.2424e-02,-0.335,-0.495
-1.2422e-02,-0.29,-0.125
-1.2421e-02,-0.375,-0.465
-1.2419e-02,-0.38,-0.155
-1.2418e-02,-0.27,-0.47
-1.2416e-02,-0.265,-0.15
-1.2414e-02,-0.29,-0.47
-1.2413e-02,-0.255,-0.16
-1.2411e-02,-0.39,-0.46
-1.2410e-02,-0.205,-0.165
-1.2408e-02,-0.285,-0.49
-1.2406e-02,-0.275,-0.13
-1.2405e-02,-0.37,-0.475
-1.2403e-02,-0.23,-0.15
-1.2402e-02,-0.34,-0.5
-1.2400e-02,-0.245,-0.13
-1.2398e-02,-0.365,-0.46
-1.2397e-02,-0.28,-0.165
-1.2395e-02,-0.36,-0.5
-1.2394e-02,-0.28,-0.13
-1.2392e-02,-0.37,-0.445
-1.2390e-02,-0.34,-0.18
-1.2389e-02,-0.34,-0.47
-1.2387e-02,-0.295,-0.155
-1.2386e-02,-0.355,-0.485
-1.2384e-02,-0.22,-0.135
-1.2382e-02,-0.275,-0.47
-1.2381e-02,-0.28,-0.155
-1.2379e-02,-0.3,-0.48
-1.2378e-02,-0.225,-0.14
-1.2376e-02,-0.325,-0.465
-1.2374e-02,-0.245,-0.16
-1.2373e-02,-0.325,-0.46
-1.2371e-02,-0.29,-0.165
-1.2370e-02,-0.3,-0.465
-1.2368e-02,-0.26,-0.155
-1.2366e-02,-0.355,-0.45
-1.2365e-02,-0.395,-0.175
-1.2363e-02,-0.28,-0.455
-1.2362e-02,-0.26,-0.16
-1.2360e-02,-0.325,-0.465
-1.2358e-02,-0.315,-0.16
-1.2357e-02,-0.34,-0.495
-1.2355e-02,-0.23,-0.135
-1.2354e-02,-0.26,-0.475
-1.2352e-02,-0.285,-0.15
-1.2350e-02,-0.375,-0.475
-1.2349e-02,-0.315,-0.145
-1.2347e-02,-0.275,-0.45
-1.2346e-02,-0.295,-0.17
-1.2344e-02,-0.275,-0.47
-1.2342e-02,-0.285,-0.16
-1.2341e-02,-0.37,-0.455
-1.2339e-02,-0.295,-0.165
-1.2338e-02,-0.295,-0.465
-1.2336e-02,-0.275,-0.155
-1.2334e-02,-0.395,-0.475
-1.2333e-02,-0.275,-0.15
-1.2331e-02,-0.385,-0.45
-1.2330e-02,-0.26,-0.17
-1.2328e-02,-0.285,-0.445
-1.2326e-02,-0.295,-0.175
-1.2325e-02,-0.395,-0.465
-1.2323e-02,-0.355,-0.15
-1.2322e-02,-0.29,-0.465
-1.2320e-02,-0.35,-0.155
-1.2318e-02,-0.42,-0.465
-1.2317e-02,-0.37,-0.16
-1.2315e-02,-0.4,-0.465
-1.2314e-02,-0.38,-0.155
-1.2312e-02,-0.37,-0.475
-1.2310e-02,-0.35,-0.15
-1.2309e-02,-0.365,-0.48
-1.2307e-02,-0.31,-0.145
-1.2306e-02,-0.32,-0.5
-1.2304e-02,-0.35,-0.135
-1.2302e-02,-0.33,-0.5
-1.2301e-02,-0.37,-0.135
-1.2299e-02,-0.39,-0.495
-1.2298e-02,-0.355,-0.135
-1.2296e-02,-0.285,-0.465
-1.2294e-02,-0.315,-0.165
-1.2293e-02,-0.325,-0.475
-1.2291e-02,-0.31,-0.16
-1.2290e-02,-0.31,-0.46
-1.2288e-02,-0.305,-0.175
-1.2286e-02,-0.285,-0.475
-1.2285e-02,-0.325,-0.155
-1.2283e-02,-0.325,-0.475
-1.2282e-02,-0.19,-0.155
-1.2280e-02,-0.285,-0.485
-1.2278e-02,-0.315,-0.155
-1.2277e-02,-0.29,-0.48
-1.2275e-02,-0.3,-0.165
-1.2274e-02,-0.295,-0.47
-1.2272e-02,-0.27,-0.165
-1.2270e-02,-0.23,-0.485
-1.2269e-02,-0.255,-0.15
-1.2267e-02,-0.335,-0.46
-1.2266e-02,-0.25,-0.175
-1.2264e-02,-0.335,-0.465
-1.2262e-02,-0.26,-0.17
-1.2261e-02,-0.29,-0.465
-1.2259e-02,-0.26,-0.175
-1.2258e-02,-0.415,-0.485
-1.2256e-02,-0.315,-0.15
-1.2254e-02,-0.335,-0.475
-1.2253e-02,-0.28,-0.165
-1.2251e-02,-0.34,-0.475
-1.2250e-02,-0.32,-0.15
-1.2248e-02,-0.475,-0.5
-1.2246e-02,-0.26,-0.13
-1.2245e-02,-0.34,-0.485
-1.2243e-02,-0.315,-0.145
-1.2242e-02,-0.35,-0.5
-1.2240e-02,-0.305,-0.13
-1.2238e-02,-0.355,-0.47
-1.2237e-02,-0.295,-0.16
-1.2235e-02,-0.285,-0.465
-1.2234e-02,-0.225,-0.165
-1.2232e-02,-0.39,-0.475
-1.2230e-02,-0.23,-0.15
-1.2229e-02,-0.355,-0.465
-1.2227e-02,-0.21,-0.16
-1.2226e-02,-0.265,-0.47
-1.2224e-02,-0.275,-0.165
-1.2222e-02,-0.345,-0.465
-1.2221e-02,-0.175,-0.16
-1.2219e-02,-0.315,-0.495
-1.2218e-02,-0.255,-0.14
-1.2216e-02,-0.345,-0.485
-1.2214e-02,-0.255,-0.15
-1.2213e-02,-0.37,-0.475
-1.2211e-02,-0.24,-0.155
-1.2210e-02,-0.29,-0.49
-1.2208e-02,-0.29,-0.14
-1.2206e-02,-0.355,-0.5
-1.2205e-02,-0.27,-0.135
-1.2203e-02,-0.36,-0.47
-1.2202e-02,-0.225,-0.155
-1.2200e-02,-0.29,-0.47
-1.2198e-02,-0.3,-0.16
-1.2197e-02,-0.295,-0.455
-1.2195e-02,-0.31,-0.17
-1.2194e-02,-0.255,-0.49
-1.2192e-02,-0.26,-0.145
-1.2190e-02,-0.335,-0.45
-1.2189e-02,-0.27,-0.17
-1.2187e-02,-0.22,-0.48
-1.2186e-02,-0.315,-0.14
-1.2184e-02,-0.325,-0.475
-1.2182e-02,-0.35,-0.155
-1.2181e-02,-0.31,-0.465
-1.2179e-02,-0.225,-0.155
-1.2178e-02,-0.26,-0.49
-1.2176e-02,-0.29,-0.14
-1.2174e-02,-0.265,-0.48
-1.2173e-02,-0.32,-0.15
-1.2171e-02,-0.32,-0.455
-1.2170e-02,-0.29,-0.16
-1.2168e-02,-0.315,-0.475
-1.2166e-02,-0.31,-0.155
-1.2165e-02,-0.32,-0.465
-1.2163e-02,-0.395,-0.16
-1.2162e-02,-0.31,-0.455
-1.2160e-02,-0.215,-0.17
-1.2158e-02,-0.32,-0.465
-1.2157e-02,-0.27,-0.155
-1.2155e-02,-0.315,-0.46
-1.2154e-02,-0.295,-0.165
-1.2152e-02,-0.23,-0.475
-1.2150e-02,-0.355,-0.15
-1.2149e-02,-0.355,-0.47
-1.2147e-02,-0.29,-0.155
-1.2146e-02,-0.3,-0.46
-1.2144e-02,-0.23,-0.165
-1.2142e-02,-0.295,-0.46
-1.2141e-02,-0.27,-0.165
-1.2139e-02,-0.31,-0.475
-1.2138e-02,-0.33,-0.15
-1.2136e-02,-0.295,-0.46
-1.2134e-02,-0.335,-0.16
-1.2133e-02,-0.325,-0.49
-1.2131e-02,-0.345,-0.14
-1.2130e-02,-0.4,-0.485
-1.2128e-02,-0.335,-0.15
-1.2126e-02,-0.315,-0.465
-1.2125e-02,-0.38,-0.16
-1.2123e-02,-0.33,-0.47
-1.2122e-02,-0.37,-0.16
-1.2120e-02,-0.305,-0.445
-1.2118e-02,-0.3,-0.175
-1.2117e-02,-0.345,-0.46
-1.2115e-02,-0.355,-0.17
-1.2114e-02,-0.275,-0.46
-1.2112e-02,-0.39,-0.17
-1.2110e-02,-0.285,-0.475
-1.2109e-02,-0.405,-0.155
-1.2107e-02,-0.275,-0.485
-1.2106e-02,-0.345,-0.145
-1.2104e-02,-0.365,-0.475
-1.2102e-02,-0.365,-0.16
-1.2101e-02,-0.32,-0.47
-1.2099e-02,-0.38,-0.165
-1.2098e-02,-0.29,-0.475
-1.2096e-02,-0.385,-0.155
-1.2094e-02,-0.26,-0.505
-1.2093e-02,-0.375,-0.135
-1.2091e-02,-0.325,-0.46
-1.2090e-02,-0.405,-0.18
-1.2088e-02,-0.24,-0.475
-1.2086e-02,-0.35,-0.155
-1.2085e-02,-0.255,-0.48
-1.2083e-02,-0.44,-0.155
-1.2082e-02,-0.34,-0.47
-1.2080e-02,-0.265,-0.16
-1.2078e-02,-0.33,-0.485
-1.2077e-02,-0.275,-0.15
-1.2075e-02,-0.415,-0.475
-1.2074e-02,-0.295,-0.16
-1.2072e-02,-0.365,-0.49
-1.2070e-02,-0.28,-0.14
-1.2069e-02,-0.325,-0.455
-1.2067e-02,-0.27,-0.17
-1.2066e-02,-0.365,-0.485
-1.2064e-02,-0.315,-0.15
-1.2062e-02,-0.325,-0.505
-1.2061e-02,-0.32,-0.135
-1.2059e-02,-0.295,-0.47
-1.2058e-02,-0.245,-0.16
-1.2056e-02,-0.395,-0.475
-1.2054e-02,-0.28,-0.155
-1.2053e-02,-0.36,-0.47
-1.2051e-02,-0.245,-0.155
-1.2050e-02,-0.29,-0.47
-1.2048e-02,-0.35,-0.165
-1.2046e-02,-0.27,-0.505
-1.2045e-02,-0.29,-0.14
-1.2043e-02,-0.31,-0.49
-1.2042e-02,-0.305,-0.145
-1.2040e-02,-0.315,-0.45
-1.2038e-02,-0.29,-0.175
-1.2037e-02,-0.275,-0.45
-1.2035e-02,-0.28,-0.17
-1.2034e-02,-0.335,-0.47
-1.2032e-02,-0.24,-0.155
-1.2030e-02,-0.355,-0.5
-1.2029e-02,-0.215,-0.135
-1.2027e-02,-0.335,-0.49
-1.2026e-02,-0.29,-0.14
-1.2024e-02,-0.33,-0.505
-1.2022e-02,-0.285,-0.125
-1.2021e-02,-0.35,-0.485
-1.2019e-02,-0.275,-0.145
-1.2018e-02,-0.335,-0.465
-1.2016e-02,-0.31,-0.165
-1.2014e-02,-0.29,-0.45
-1.2013e-02,-0.37,-0.175
-1.2011e-02,-0.235,-0.46
-1.2010e-02,-0.325,-0.17
-1.2008e-02,-0.305,-0.52
-1.2006e-02,-0.28,-0.105
-1.2005e-02,-0.245,-0.475
-1.2003e-02,-0.295,-0.155
-1.2002e-02,-0.265,-0.48
-1.2000e-02,-0.345,-0.15
-1.1998e-02,-0.23,-0.465
-1.1997e-02,-0.265,-0.155
-1.1995e-02,-0.335,-0.455
-1.1994e-02,-0.325,-0.17
-1.1992e-02,-0.305,-0.485
-1.1990e-02,-0.295,-0.14
-1.1989e-02,-0.28,-0.475
-1.1987e-02,-0.33,-0.16
-1.1986e-02,-0.365,-0.485
-1.1984e-02,-0.265,-0.145
-1.1982e-02,-0.32,-0.465
-1.1981e-02,-0.33,-0.15
-1.1979e-02,-0.36,-0.465
-1.1978e-02,-0.375,-0.155
-1.1976e-02,-0.325,-0.455
-1.1974e-02,-0.33,-0.175
-1.1973e-02,-0.335,-0.475
-1.1971e-02,-0.36,-0.15
-1.1970e-02,-0.375,-0.475
-1.1968e-02,-0.34,-0.155
-1.1966e-02,-0.245,-0.515
-1.1965e-02,-0.29,-0.125
-1.1963e-02,-0.26,-0.485
-1.1962e-02,-0.34,-0.15
-1.1960e-02,-0.355,-0.495
-1.1958e-02,-0.26,-0.135
-1.1957e-02,-0.155,-0.475
-1.1955e-02,-0.32,-0.155
-1.1954e-02,-0.21,-0.49
-1.1952e-02,-0.345,-0.14
-1.1950e-02,-0.2,-0.465
-1.1949e-02,-0.285,-0.17
-1.1947e-02,-0.27,-0.465
-1.1946e-02,-0.36,-0.165
-1.1944e-02,-0.26,-0.455
-1.1942e-02,-0.39,-0.17
-1.1941e-02,-0.22,-0.45
-1.1939e-02,-0.35,-0.18
-1.1938e-02,-0.29,-0.485
-1.1936e-02,-0.345,-0.145
-1.1934e-02,-0.29,-0.48
-1.1933e-02,-0.385,-0.155
-1.1931e-02,-0.28,-0.47
-1.1930e-02,-0.435,-0.155
-1.1928e-02,-0.315,-0.495
-1.1926e-02,-0.345,-0.135
-1.1925e-02,-0.285,-0.475
-1.1923e-02,-0.245,-0.16
-1.1922e-02,-0.415,-0.5
-1.1920e-02,-0.305,-0.14
-1.1918e-02,-0.395,-0.465
-1.1917e-02,-0.325,-0.17
-1.1915e-02,-0.405,-0.495
-1.1914e-02,-0.405,-0.14
-1.1912e-02,-0.42,-0.46
-1.1910e-02,-0.265,-0.17
-1.1909e-02,-0.33,-0.47
-1.1907e-02,-0.37,-0.16
-1.1906e-02,-0.385,-0.455
-1.1904e-02,-0.385,-0.18
-1.1902e-02,-0.32,-0.475
-1.1901e-02,-0.325,-0.155
-1.1899e-02,-0.31,-0.47
-1.1898e-02,-0.305,-0.16
-1.1896e-02,-0.335,-0.485
-1.1894e-02,-0.34,-0.15
-1.1893e-02,-0.245,-0.45
-1.1891e-02,-0.26,-0.18
-1.1890e-02,-0.3,-0.505
-1.1888e-02,-0.28,-0.135
-1.1886e-02,-0.3,-0.495
-1.1885e-02,-0.25,-0.145
-1.1883e-02,-0.2,-0.48
-1.1882e-02,-0.34,-0.155
-1.1880e-02,-0.315,-0.475
-1.1878e-02,-0.325,-0.155
-1.1877e-02,-0.245,-0.475
-1.1875e-02,-0.31,-0.165
-1.1874e-02,-0.285,-0.48
-1.1872e-02,-0.415,-0.155
-1.1870e-02,-0.23,-0.465
-1.1869e-02,-0.33,-0.165
-1.1867e-02,-0.28,-0.47
-1.1866e-02,-0.37,-0.165
-1.1864e-02,-0.35,-0.445
-1.1862e-02,-0.29,-0.185
-1.1861e-02,-0.29,-0.495
-1.1859e-02,-0.305,-0.14
-1.1858e-02,-0.305,-0.475
-1.1856e-02,-0.28,-0.155
-1.1854e-02,-0.325,-0.49
-1.1853e-02,-0.32,-0.15
-1.1851e-02,-0.27,-0.47
-1.1850e-02,-0.29,-0.17
-1.1848e-02,-0.345,-0.485
-1.1846e-02,-0.32,-0.155
-1.1845e-02,-0.345,-0.45
-1.1843e-02,-0.26,-0.19
-1.1842e-02,-0.305,-0.485
-1.1840e-02,-0.325,-0.155
-1.1838e-02,-0.3,-0.47
-1.1837e-02,-0.265,-0.165
-1.1835e-02,-0.3,-0.47
-1.1834e-02,-0.25,-0.17
-1.1832e-02,-0.29,-0.475
-1.1830e-02,-0.315,-0.155
-1.1829e-02,-0.27,-0.455
-1.1827e-02,-0.265,-0.175
-1.1826e-02,-0.36,-0.465
-1.1824e-02,-0.25,-0.165
-1.1822e-02,-0.265,-0.45
-1.1821e-02,-0.26,-0.18
-1.1819e-02,-0.345,-0.46
-1.1818e-02,-0.34,-0.17
-1.1816e-02,-0.34,-0.495
-1.1814e-02,-0.215,-0.14
-1.1813e-02,-0.34,-0.465
-1.1811e-02,-0.3,-0.175
-1.1810e-02,-0.33,-0.48
-1.1808e-02,-0.345,-0.155
-1.1806e-02,-0.37,-0.505
-1.1805e-02,-0.3,-0.135
-1.1803e-02,-0.32,-0.495
-1.1802e-02,-0.315,-0.135
-1.1800e-02,-0.305,-0.45
-1.1798e-02,-0.24,-0.175
-1.1797e-02,-0.255,-0.47
-1.1795e-02,-0.28,-0.17
-1.1794e-02,-0.26,-0.49
-1.1792e-02,-0.32,-0.14
-1.1790e-02,-0.33,-0.465
-1.1789e-02,-0.255,-0.17
-1.1787e-02,-0.205,-0.49
-1.1786e-02,-0.37,-0.15
-1.1784e-02,-0.24,-0.48
-1.1782e-02,-0.26,-0.15
-1.1781e-02,-0.225,-0.45
-1.1779e-02,-0.34,-0.185
-1.1778e-02,-0.31,-0.49
-1.1776e-02,-0.38,-0.145
-1.1774e-02,-0.35,-0.49
-1.1773e-02,-0.285,-0.15
-1.1771e-02,-0.315,-0.46
-1.1770e-02,-0.34,-0.17
-1.1768e-02,-0.32,-0.475
-1.1766e-02,-0.305,-0.165
-1.1765e-02,-0.33,-0.525
-1.1763e-02,-0.365,-0.11
-1.1762e-02,-0.275,-0.47
-1.1760e-02,-0.355,-0.17
-1.1758e-02,-0.315,-0.485
-1.1757e-02,-0.33,-0.155
-1.1755e-02,-0.33,-0.515
-1.1754e-02,-0.355,-0.125
-1.1752e-02,-0.34,-0.5
-1.1750e-02,-0.25,-0.14
-1.1749e-02,-0.34,-0.465
-1.1747e-02,-0.315,-0.17
-1.1746e-02,-0.355,-0.47
-1.1744e-02,-0.41,-0.16
-1.1742e-02,-0.315,-0.475
-1.1741e-02,-0.29,-0.165
-1.1739e-02,-0.295,-0.48
-1.1738e-02,-0.47,-0.165
-1.1736e-02,-0.35,-0.48
-1.1734e-02,-0.31,-0.16
-1.1733e-02,-0.325,-0.48
-1.1731e-02,-0.35,-0.155
-1.1730e-02,-0.345,-0.505
-1.1728e-02,-0.42,-0.135
-1.1726e-02,-0.255,-0.5
-1.1725e-02,-0.275,-0.14
-1.1723e-02,-0.35,-0.51
-1.1722e-02,-0.335,-0.135
-1.1720e-02,-0.33,-0.47
-1.1718e-02,-0.28,-0.165
-1.1717e-02,-0.275,-0.485
-1.1715e-02,-0.26,-0.155
-1.1714e-02,-0.38,-0.465
-1.1712e-02,-0.28,-0.17
-1.1710e-02,-0.32,-0.495
-1.1709e-02,-0.225,-0.14
-1.1707e-02,-0.315,-0.48
-1.1706e-02,-0.295,-0.155
-1.1704e-02,-0.4,-0.455
-1.1702e-02,-0.225,-0.18
-1.1701e-02,-0.265,-0.47
-1.1699e-02,-0.255,-0.17
-1.1698e-02,-0.32,-0.495
-1.1696e-02,-0.285,-0.145
-1.1694e-02,-0.32,-0.48
-1.1693e-02,-0.17,-0.155
-1.1691e-02,-0.255,-0.485
-1.1690e-02,-0.285,-0.155
-1.1688e-02,-0.34,-0.495
-1.1686e-02,-0.27,-0.135
-1.1685e-02,-0.29,-0.515
-1.1683e-02,-0.28,-0.135
-1.1682e-02,-0.275,-0.495
-1.1680e-02,-0.41,-0.145
-1.1678e-02,-0.315,-0.45
-1.1677e-02,-0.335,-0.185
-1.1675e-02,-0.315,-0.48
-1.1674e-02,-0.355,-0.165
-1.1672e-02,-0.355,-0.495
-1.1670e-02,-0.465,-0.15
-1.1669e-02,-0.31,-0.475
-1.1667e-02,-0.33,-0.16
-1.1666e-02,-0.345,-0.48
-1.1664e-02,-0.465,-0.16
-1.1662e-02,-0.345,-0.465
-1.1661e-02,-0.35,-0.17
-1.1659e-02,-0.27,-0.475
-1.1658e-02,-0.39,-0.16
-1.1656e-02,-0.43,-0.49
-1.1654e-02,-0.33,-0.15
-1.1653e-02,-0.31,-0.475
-1.1651e-02,-0.345,-0.16
-1.1650e-02,-0.25,-0.47
-1.1648e-02,-0.435,-0.165
-1.1646e-02,-0.315,-0.49
-1.1645e-02,-0.34,-0.15
-1.1643e-02,-0.275,-0.505
-1.1642e-02,-0.315,-0.13
-1.1640e-02,-0.28,-0.47
-1.1638e-02,-0.36,-0.17
-1.1637e-02,-0.34,-0.48
-1.1635e-02,-0.335,-0.155
-1.1634e-02,-0.295,-0.485
-1.1632e-02,-0.29,-0.155
-1.1630e-02,-0.3,-0.495
-1.1629e-02,-0.335,-0.145
-1.1627e-02,-0.31,-0.48
-1.1626e-02,-0.245,-0.16
-1.1624e-02,-0.41,-0.485
-1.1622e-02,-0.33,-0.16
-1.1621e-02,-0.315,-0.475
-1.1619e-02,-0.255,-0.165
-1.1618e-02,-0.295,-0.475
-1.1616e-02,-0.345,-0.165
-1.1614e-02,-0.355,-0.475
-1.1613e-02,-0.325,-0.165
-1.1611e-02,-0.355,-0.49
-1.1610e-02,-0.39,-0.15
-1.1608e-02,-0.34,-0.495
-1.1606e-02,-0.4,-0.15
-1.1605e-02,-0.29,-0.48
-1.1603e-02,-0.355,-0.155
-1.1602e-02,-0.37,-0.475
-1.1600e-02,-0.375,-0.17
-1.1598e-02,-0.39,-0.455
-1.1597e-02,-0.39,-0.175
-1.1595e-02,-0.295,-0.465
-1.1594e-02,-0.325,-0.175
-1.1592e-02,-0.31,-0.46
-1.1590e-02,-0.255,-0.18
-1.1589e-02,-0.31,-0.465
-1.1587e-02,-0.27,-0.175
-1.1586e-02,-0.27,-0.48
-1.1584e-02,-0.27,-0.16
-1.1582e-02,-0.355,-0.48
-1.1581e-02,-0.255,-0.16
-1.1579e-02,-0.22,-0.495
-1.1578e-02,-0.33,-0.145
-1.1576e-02,-0.325,-0.455
-1.1574e-02,-0.335,-0.18
-1.1573e-02,-0.32,-0.475
-1.1571e-02,-0.28,-0.16
-1.1570e-02,-0.37,-0.475
-1.1568e-02,-0.48,-0.165
-1.1566e-02,-0.345,-0.49
-1.1565e-02,-0.39,-0.145
-1.1563e-02,-0.375,-0.505
-1.1562e-02,-0.365,-0.13
-1.1560e-02,-0.405,-0.505
-1.1558e-02,-0.355,-0.135
-1.1557e-02,-0.285,-0.485
-1.1555e-02,-0.355,-0.145
-1.1554e-02,-0.36,-0.52
-1.1552e-02,-0.395,-0.125
-1.1550e-02,-0.32,-0.465
-1.1549e-02,-0.35,-0.17
-1.1547e-02,-0.26,-0.475
-1.1546e-02,-0.35,-0.165
-1.1544e-02,-0.325,-0.46
-1.1542e-02,-0.39,-0.175
-1.1541e-02,-0.32,-0.475
-1.1539e-02,-0.305,-0.165
-1.1538e-02,-0.29,-0.465
-1.1536e-02,-0.43,-0.165
-1.1534e-02,-0.42,-0.49
-1.1533e-02,-0.33,-0.145
-1.1531e-02,-0.285,-0.485
-1.1530e-02,-0.34,-0.155
-1.1528e-02,-0.34,-0.49
-1.1526e-02,-0.405,-0.15
-1.1525e-02,-0.37,-0.485
-1.1523e-02,-0.29,-0.16
-1.1522e-02,-0.305,-0.47
-1.1520e-02,-0.355,-0.165
-1.1518e-02,-0.36,-0.52
-1.1517e-02,-0.28,-0.12
-1.1515e-02,-0.34,-0.49
-1.1514e-02,-0.225,-0.155
-1.1512e-02,-0.43,-0.465
-1.1510e-02,-0.345,-0.175
-1.1509e-02,-0.38,-0.46
-1.1507e-02,-0.325,-0.175
-1.1506e-02,-0.375,-0.46
-1.1504e-02,-0.335,-0.185
-1.1502e-02,-0.425,-0.5
-1.1501e-02,-0.405,-0.135
-1.1499e-02,-0.3,-0.465
-1.1498e-02,-0.285,-0.17
-1.1496e-02,-0.4,-0.49
-1.1494e-02,-0.425,-0.155
-1.1493e-02,-0.28,-0.46
-1.1491e-02,-0.375,-0.185
-1.1490e-02,-0.235,-0.465
-1.1488e-02,-0.38,-0.17
-1.1486e-02,-0.365,-0.485
-1.1485e-02,-0.4,-0.165
-1.1483e-02,-0.295,-0.485
-1.1482e-02,-0.365,-0.165
-1.1480e-02,-0.37,-0.485
-1.1478e-02,-0.315,-0.155
-1.1477e-02,-0.375,-0.485
-1.1475e-02,-0.355,-0.155
-1.1474e-02,-0.34,-0.495
-1.1472e-02,-0.295,-0.15
-1.1470e-02,-0.325,-0.49
-1.1469e-02,-0.29,-0.15
-1.1467e-02,-0.295,-0.49
-1.1466e-02,-0.275,-0.16
-1.1464e-02,-0.27,-0.475
-1.1462e-02,-0.315,-0.175
-1.1461e-02,-0.335,-0.49
-1.1459e-02,-0.205,-0.155
-1.1458e-02,-0.205,-0.455
-1.1456e-02,-0.355,-0.18
-1.1454e-02,-0.33,-0.485
-1.1453e-02,-0.355,-0.155
-1.1451e-02,-0.305,-0.46
-1.1450e-02,-0.335,-0.19
-1.1448e-02,-0.27,-0.475
-1.1446e-02,-0.41,-0.17
-1.1445e-02,-0.305,-0.47
-1.1443e-02,-0.3,-0.17
-1.1442e-02,-0.26,-0.49
-1.1440e-02,-0.32,-0.16
-1.1438e-02,-0.235,-0.51
-1.1437e-02,-0.315,-0.135
-1.1435e-02,-0.31,-0.505
-1.1434e-02,-0.295,-0.145
-1.1432e-02,-0.375,-0.505
-1.1430e-02,-0.33,-0.15
-1.1429e-02,-0.31,-0.5
-1.1427e-02,-0.37,-0.14
-1.1426e-02,-0.32,-0.505
-1.1424e-02,-0.33,-0.135
-1.1422e-02,-0.325,-0.5
-1.1421e-02,-0.42,-0.155
-1.1419e-02,-0.245,-0.505
-1.1418e-02,-0.25,-0.145
-1.1416e-02,-0.31,-0.47
-1.1414e-02,-0.36,-0.175
-1.1413e-02,-0.345,-0.485
-1.1411e-02,-0.34,-0.165
-1.1410e-02,-0.25,-0.485
-1.1408e-02,-0.345,-0.17
-1.1406e-02,-0.405,-0.465
-1.1405e-02,-0.36,-0.17
-1.1403e-02,-0.295,-0.495
-1.1402e-02,-0.325,-0.145
-1.1400e-02,-0.3,-0.465
-1.1398e-02,-0.37,-0.19
-1.1397e-02,-0.39,-0.495
-1.1395e-02,-0.285,-0.155
-1.1394e-02,-0.325,-0.49
-1.1392e-02,-0.34,-0.155
-1.1390e-02,-0.385,-0.49
-1.1389e-02,-0.28,-0.16
-1.1387e-02,-0.395,-0.49
-1.1386e-02,-0.215,-0.155
-1.1384e-02,-0.315,-0.515
-1.1382e-02,-0.315,-0.14
-1.1381e-02,-0.425,-0.465
-1.1379e-02,-0.29,-0.19
-1.1378e-02,-0.365,-0.47
-1.1376e-02,-0.265,-0.17
-1.1374e-02,-0.375,-0.495
-1.1373e-02,-0.415,-0.155
-1.1371e-02,-0.395,-0.455
-1.1370e-02,-0.25,-0.185
-1.1368e-02,-0.255,-0.475
-1.1366e-02,-0.365,-0.165
-1.1365e-02,-0.305,-0.465
-1.1363e-02,-0.34,-0.175
-1.1362e-02,-0.32,-0.51
-1.1360e-02,-0.295,-0.135
-1.1358e-02,-0.32,-0.485
-1.1357e-02,-0.395,-0.155
-1.1355e-02,-0.25,-0.49
-1.1354e-02,-0.23,-0.16
-1.1352e-02,-0.28,-0.47
-1.1350e-02,-0.3,-0.17
-1.1349e-02,-0.315,-0.47
-1.1347e-02,-0.41,-0.175
-1.1346e-02,-0.285,-0.48
-1.1344e-02,-0.315,-0.165
-1.1342e-02,-0.305,-0.47
-1.1341e-02,-0.41,-0.175
-1.1339e-02,-0.25,-0.505
-1.1338e-02,-0.305,-0.145
-1.1336e-02,-0.22,-0.475
-1.1334e-02,-0.295,-0.17
-1.1333e-02,-0.39,-0.495
-1.1331e-02,-0.36,-0.145
-1.1330e-02,-0.28,-0.49
-1.1328e-02,-0.265,-0.155
-1.1326e-02,-0.415,-0.49
-1.1325e-02,-0.35,-0.155
-1.1323e-02,-0.345,-0.48
-1.1322e-02,-0.375,-0.165
-1.1320e-02,-0.235,-0.475
-1.1318e-02,-0.355,-0.175
-1.1317e-02,-0.34,-0.505
-1.1315e-02,-0.4,-0.145
-1.1314e-02,-0.28,-0.45
-1.1312e-02,-0.41,-0.19
-1.1310e-02,-0.245,-0.465
-1.1309e-02,-0.36,-0.175
-1.1307e-02,-0.325,-0.49
-1.1306e-02,-0.375,-0.155
-1.1304e-02,-0.2,-0.5
-1.1302e-02,-0.35,-0.14
-1.1301e-02,-0.315,-0.49
-1.1299e-02,-0.355,-0.155
-1.1298e-02,-0.37,-0.47
-1.1296e-02,-0.29,-0.18
-1.1294e-02,-0.26,-0.48
-1.1293e-02,-0.295,-0.17
-1.1291e-02,-0.355,-0.49
-1.1290e-02,-0.23,-0.15
-1.1288e-02,-0.325,-0.505
-1.1286e-02,-0.32,-0.14
-1.1285e-02,-0.29,-0.505
-1.1283e-02,-0.29,-0.13
-1.1282e-02,-0.22,-0.485
-1.1280e-02,-0.23,-0.165
-1.1278e-02,-0.25,-0.495
-1.1277e-02,-0.355,-0.15
-1.1275e-02,-0.28,-0.51
-1.1274e-02,-0.35,-0.14
-1.1272e-02,-0.275,-0.49
-1.1270e-02,-0.28,-0.165
-1.1269e-02,-0.255,-0.47
-1.1267e-02,-0.36,-0.175
-1.1266e-02,-0.305,-0.46
-1.1264e-02,-0.315,-0.185
-1.1262e-02,-0.265,-0.495
-1.1261e-02,-0.305,-0.15
-1.1259e-02,-0.365,-0.5
-1.1258e-02,-0.4,-0.15
-1.1256e-02,-0.285,-0.475
-1.1254e-02,-0.36,-0.18
-1.1253e-02,-0.33,-0.495
-1.1251e-02,-0.375,-0.15
-1.1250e-02,-0.335,-0.47
-1.1248e-02,-0.385,-0.175
-1.1246e-02,-0.345,-0.475
-1.1245e-02,-0.425,-0.17
-1.1243e-02,-0.31,-0.49
-1.1242e-02,-0.24,-0.16
-1.1240e-02,-0.31,-0.48
-1.1238e-02,-0.25,-0.165
-1.1237e-02,-0.35,-0.485
-1.1235e-02,-0.275,-0.16
-1.1234e-02,-0.245,-0.465
-1.1232e-02,-0.325,-0.185
-1.1230e-02,-0.285,-0.455
-1.1229e-02,-0.315,-0.19
-1.1227e-02,-0.225,-0.485
-1.1226e-02,-0.26,-0.17
-1.1224e-02,-0.235,-0.49
-1.1222e-02,-0.385,-0.16
-1.1221e-02,-0.305,-0.495
-1.1219e-02,-0.325,-0.15
-1.1218e-02,-0.345,-0.47
-1.1216e-02,-0.22,-0.175
-1.1214e-02,-0.315,-0.47
-1.1213e-02,-0.325,-0.18
-1.1211e-02,-0.355,-0.495
-1.1210e-02,-0.39,-0.14
-1.1208e-02,-0.205,-0.49
-1.1206e-02,-0.41,-0.165
-1.1205e-02,-0.32,-0.5
-1.1203e-02,-0.42,-0.155
-1.1202e-02,-0.3,-0.465
-1.1200e-02,-0.275,-0.18
-1.1198e-02,-0.37,-0.515
-1.1197e-02,-0.365,-0.14
-1.1195e-02,-0.41,-0.495
-1.1194e-02,-0.37,-0.155
-1.1192e-02,-0.325,-0.47
-1.1190e-02,-0.35,-0.175
-1.1189e-02,-0.395,-0.485
-1.1187e-02,-0.35,-0.16
-1.1186e-02,-0.435,-0.5
-1.1184e-02,-0.34,-0.15
-1.1182e-02,-0.405,-0.47
-1.1181e-02,-0.345,-0.17
-1.1179e-02,-0.35,-0.49
-1.1178e-02,-0.36,-0.16
-1.1176e-02,-0.4,-0.505
-1.1174e-02,-0.35,-0.155
-1.1173e-02,-0.365,-0.47
-1.1171e-02,-0.385,-0.175
-1.1170e-02,-0.345,-0.475
-1.1168e-02,-0.39,-0.175
-1.1166e-02,-0.265,-0.47
-1.1165e-02,-0.39,-0.175
-1.1163e-02,-0.34,-0.47
-1.1162e-02,-0.38,-0.175
-1.1160e-02,-0.375,-0.495
-1.1158e-02,-0.405,-0.155
-1.1157e-02,-0.345,-0.495
-1.1155e-02,-0.365,-0.15
-1.1154e-02,-0.285,-0.505
-1.1152e-02,-0.285,-0.135
-1.1150e-02,-0.39,-0.48
-1.1149e-02,-0.375,-0.165
-1.1147e-02,-0.42,-0.475
-1.1146e-02,-0.2,-0.17
-1.1144e-02,-0.34,-0.47
-1.1142e-02,-0.29,-0.175
-1.1141e-02,-0.33,-0.49
-1.1139e-02,-0.23,-0.165
-1.1138e-02,-0.34,-0.495
-1.1136e-02,-0.3,-0.145
-1.1134e-02,-0.41,-0.495
-1.1133e-02,-0.215,-0.145
-1.1131e-02,-0.3,-0.46
-1.1130e-02,-0.285,-0.19
-1.1128e-02,-0.335,-0.48
-1.1126e-02,-0.31,-0.165
-1.1125e-02,-0.295,-0.51
-1.1123e-02,-0.245,-0.14
-1.1122e-02,-0.285,-0.49
-1.1120e-02,-0.265,-0.155
-1.1118e-02,-0.3,-0.49
-1.1117e-02,-0.355,-0.155
-1.1115e-02,-0.33,-0.51
-1.1114e-02,-0.33,-0.135
-1.1112e-02,-0.355,-0.47
-1.1110e-02,-0.33,-0.175
-1.1109e-02,-0.395,-0.495
-1.1107e-02,-0.34,-0.16
-1.1106e-02,-0.28,-0.48
-1.1104e-02,-0.33,-0.175
-1.1102e-02,-0.395,-0.475
-1.1101e-02,-0.365,-0.175
-1.1099e-02,-0.345,-0.505
-1.1098e-02,-0.275,-0.14
-1.1096e-02,-0.3,-0.485
-1.1094e-02,-0.37,-0.16
-1.1093e-02,-0.295,-0.475
-1.1091e-02,-0.31,-0.175
-1.1090e-02,-0.31,-0.485
-1.1088e-02,-0.305,-0.175
-1.1086e-02,-0.28,-0.495
-1.1085e-02,-0.275,-0.155
-1.1083e-02,-0.29,-0.47
-1.1082e-02,-0.325,-0.175
-1.1080e-02,-0.24,-0.475
-1.1078e-02,-0.29,-0.175
-1.1077e-02,-0.24,-0.475
-1.1075e-02,-0.285,-0.175
-1.1074e-02,-0.33,-0.475
-1.1072e-02,-0.315,-0.175
-1.1070e-02,-0.27,-0.525
-1.1069e-02,-0.36,-0.125
-1.1067e-02,-0.2,-0.48
-1.1066e-02,-0.335,-0.165
-1.1064e-02,-0.28,-0.49
-1.1062e-02,-0.35,-0.17
-1.1061e-02,-0.32,-0.48
-1.1059e-02,-0.325,-0.17
-1.1058e-02,-0.255,-0.475
-1.1056e-02,-0.395,-0.175
-1.1054e-02,-0.265,-0.495
-1.1053e-02,-0.41,-0.155
-1.1051e-02,-0.31,-0.5
-1.1050e-02,-0.41,-0.15
-1.1048e-02,-0.37,-0.49
-1.1046e-02,-0.4,-0.165
-1.1045e-02,-0.24,-0.485
-1.1043e-02,-0.39,-0.175
-1.1042e-02,-0.26,-0.47
-1.1040e-02,-0.39,-0.185
-1.1038e-02,-0.305,-0.485
-1.1037e-02,-0.3,-0.17
-1.1035e-02,-0.275,-0.515
-1.1034e-02,-0.27,-0.14
-1.1032e-02,-0.295,-0.49
-1.1030e-02,-0.34,-0.155
-1.1029e-02,-0.295,-0.49
-1.1027e-02,-0.28,-0.16
-1.1026e-02,-0.28,-0.49
-1.1024e-02,-0.26,-0.165
-1.1022e-02,-0.395,-0.475
-1.1021e-02,-0.305,-0.18
-1.1019e-02,-0.31,-0.5
-1.1018e-02,-0.315,-0.145
-1.1016e-02,-0.29,-0.49
-1.1014e-02,-0.36,-0.165
-1.1013e-02,-0.33,-0.485
-1.1011e-02,-0.29,-0.165
-1.1010e-02,-0.405,-0.48
-1.1008e-02,-0.365,-0.165
-1.1006e-02,-0.375,-0.47
-1.1005e-02,-0.34,-0.185
-1.1003e-02,-0.31,-0.49
-1.1002e-02,-0.31,-0.155
-1.1000e-02,-0.355,-0.475
-1.0998e-02,-0.365,-0.18
-1.0997e-02,-0.31,-0.5
-1.0995e-02,-0.385,-0.15
-1.0994e-02,-0.33,-0.53
-1.0992e-02,-0.305,-0.115
-1.0990e-02,-0.365,-0.545
-1.0989e-02,-0.33,-0.105
-1.0987e-02,-0.435,-0.51
-1.0986e-02,-0.29,-0.14
-1.0984e-02,-0.33,-0.48
-1.0982e-02,-0.34,-0.175
-1.0981e-02,-0.385,-0.5
-1.0979e-02,-0.32,-0.15
-1.0978e-02,-0.355,-0.485
-1.0976e-02,-0.32,-0.165
-1.0974e-02,-0.37,-0.465
-1.0973e-02,-0.405,-0.185
-1.0971e-02,-0.31,-0.485
-1.0970e-02,-0.3,-0.17
-1.0968e-02,-0.36,-0.47
-1.0966e-02,-0.325,-0.185
-1.0965e-02,-0.34,-0.49
-1.0963e-02,-0.37,-0.16
-1.0962e-02,-0.34,-0.5
-1.0960e-02,-0.29,-0.155
-1.0958e-02,-0.29,-0.505
-1.0957e-02,-0.18,-0.15
-1.0955e-02,-0.405,-0.495
-1.0954e-02,-0.32,-0.16
-1.0952e-02,-0.295,-0.475
-1.0950e-02,-0.225,-0.18
-1.0949e-02,-0.27,-0.495
-1.0947e-02,-0.29,-0.17
-1.0946e-02,-0.37,-0.475
-1.0944e-02,-0.33,-0.18
-1.0942e-02,-0.275,-0.48
-1.0941e-02,-0.365,-0.18
-1.0939e-02,-0.32,-0.495
-1.0938e-02,-0.32,-0.16
-1.0936e-02,-0.28,-0.5
-1.0934e-02,-0.345,-0.145
-1.0933e-02,-0.31,-0.525
-1.0931e-02,-0.4,-0.135
-1.0930e-02,-0.255,-0.48
-1.0928e-02,-0.28,-0.165
-1.0926e-02,-0.265,-0.49
-1.0925e-02,-0.285,-0.165
-1.0923e-02,-0.295,-0.49
-1.0922e-02,-0.31,-0.16
-1.0920e-02,-0.305,-0.49
-1.0918e-02,-0.255,-0.165
-1.0917e-02,-0.335,-0.505
-1.0915e-02,-0.345,-0.155
-1.0914e-02,-0.29,-0.465
-1.0912e-02,-0.36,-0.185
-1.0910e-02,-0.23,-0.5
-1.0909e-02,-0.32,-0.155
-1.0907e-02,-0.305,-0.465
-1.0906e-02,-0.44,-0.195
-1.0904e-02,-0.32,-0.475
-1.0902e-02,-0.36,-0.17
-1.0901e-02,-0.325,-0.47
-1.0899e-02,-0.3,-0.185
-1.0898e-02,-0.33,-0.485
-1.0896e-02,-0.35,-0.17
-1.0894e-02,-0.28,-0.51
-1.0893e-02,-0.365,-0.15
-1.0891e-02,-0.395,-0.5
-1.0890e-02,-0.405,-0.155
-1.0888e-02,-0.32,-0.49
-1.0886e-02,-0.33,-0.17
-1.0885e-02,-0.265,-0.475
-1.0883e-02,-0.335,-0.18
-1.0882e-02,-0.37,-0.495
-1.0880e-02,-0.38,-0.155
-1.0878e-02,-0.325,-0.47
-1.0877e-02,-0.28,-0.19
-1.0875e-02,-0.285,-0.465
-1.0874e-02,-0.34,-0.185
-1.0872e-02,-0.4,-0.47
-1.0870e-02,-0.25,-0.185
-1.0869e-02,-0.34,-0.5
-1.0867e-02,-0.315,-0.155
-1.0866e-02,-0.315,-0.48
-1.0864e-02,-0.33,-0.175
-1.0862e-02,-0.28,-0.485
-1.0861e-02,-0.3,-0.17
-1.0859e-02,-0.345,-0.505
-1.0858e-02,-0.34,-0.15
-1.0856e-02,-0.25,-0.505
-1.0854e-02,-0.275,-0.155
-1.0853e-02,-0.36,-0.48
-1.0851e-02,-0.325,-0.175
-1.0850e-02,-0.33,-0.47
-1.0848e-02,-0.325,-0.185
-1.0846e-02,-0.25,-0.495
-1.0845e-02,-0.255,-0.16
-1.0843e-02,-0.34,-0.49
-1.0842e-02,-0.365,-0.165
-1.0840e-02,-0.305,-0.5
-1.0838e-02,-0.315,-0.15
-1.0837e-02,-0.225,-0.485
-1.0835e-02,-0.24,-0.17
-1.0834e-02,-0.31,-0.465
-1.0832e-02,-0.325,-0.185
-1.0830e-02,-0.355,-0.49
-1.0829e-02,-0.3,-0.16
-1.0827e-02,-0.335,-0.505
-1.0826e-02,-0.295,-0.15
-1.0824e-02,-0.33,-0.49
-1.0822e-02,-0.305,-0.165
-1.0821e-02,-0.29,-0.48
-1.0819e-02,-0.355,-0.17
-1.0818e-02,-0.385,-0.49
-1.0816e-02,-0.265,-0.16
-1.0814e-02,-0.29,-0.495
-1.0813e-02,-0.355,-0.165
-1.0811e-02,-0.42,-0.495
-1.0810e-02,-0.35,-0.16
-1.0808e-02,-0.36,-0.51
-1.0806e-02,-0.295,-0.15
-1.0805e-02,-0.34,-0.495
-1.0803e-02,-0.34,-0.165
-1.0802e-02,-0.38,-0.485
-1.0800e-02,-0.32,-0.165
-1.0798e-02,-0.365,-0.495
-1.0797e-02,-0.295,-0.16
-1.0795e-02,-0.27,-0.49
-1.0794e-02,-0.33,-0.165
-1.0792e-02,-0.315,-0.465
-1.0790e-02,-0.29,-0.185
-1.0789e-02,-0.245,-0.47
-1.0787e-02,-0.34,-0.18
-1.0786e-02,-0.22,-0.495
-1.0784e-02,-0.36,-0.16
-1.0782e-02,-0.245,-0.465
-1.0781e-02,-0.3,-0.185
-1.0779e-02,-0.285,-0.48
-1.0778e-02,-0.41,-0.175
-1.0776e-02,-0.225,-0.49
-1.0774e-02,-0.255,-0.17
-1.0773e-02,-0.325,-0.505
-1.0771e-02,-0.35,-0.145
-1.0770e-02,-0.37,-0.49
-1.0768e-02,-0.305,-0.165
-1.0766e-02,-0.285,-0.5
-1.0765e-02,-0.33,-0.145
-1.0763e-02,-0.375,-0.495
-1.0762e-02,-0.325,-0.165
-1.0760e-02,-0.34,-0.51
-1.0758e-02,-0.365,-0.155
-1.0757e-02,-0.315,-0.475
-1.0755e-02,-0.43,-0.18
-1.0754e-02,-0.35,-0.515
-1.0752e-02,-0.34,-0.145
-1.0750e-02,-0.35,-0.47
-1.0749e-02,-0.34,-0.19
-1.0747e-02,-0.375,-0.495
-1.0746e-02,-0.42,-0.155
-1.0744e-02,-0.43,-0.485
-1.0742e-02,-0.275,-0.17
-1.0741e-02,-0.31,-0.475
-1.0739e-02,-0.355,-0.18
-1.0738e-02,-0.425,-0.51
-1.0736e-02,-0.335,-0.15
-1.0734e-02,-0.335,-0.515
-1.0733e-02,-0.22,-0.145
-1.0731e-02,-0.38,-0.51
-1.0730e-02,-0.295,-0.15
-1.0728e-02,-0.31,-0.47
-1.0726e-02,-0.275,-0.185
-1.0725e-02,-0.32,-0.49
-1.0723e-02,-0.37,-0.17
-1.0722e-02,-0.375,-0.475
-1.0720e-02,-0.23,-0.185
-1.0718e-02,-0.31,-0.48
-1.0717e-02,-0.34,-0.18
-1.0715e-02,-0.345,-0.495
-1.0714e-02,-0.35,-0.165
-1.0712e-02,-0.325,-0.475
-1.0710e-02,-0.34,-0.175
-1.0709e-02,-0.335,-0.475
-1.0707e-02,-0.38,-0.18
-1.0706e-02,-0.365,-0.475
-1.0704e-02,-0.44,-0.185
-1.0702e-02,-0.375,-0.495
-1.0701e-02,-0.325,-0.165
-1.0699e-02,-0.42,-0.475
-1.0698e-02,-0.335,-0.18
-1.0696e-02,-0.37,-0.48
-1.0694e-02,-0.32,-0.17
-1.0693e-02,-0.33,-0.495
-1.0691e-02,-0.34,-0.17
-1.0690e-02,-0.41,-0.485
-1.0688e-02,-0.3,-0.18
-1.0686e-02,-0.21,-0.485
-1.0685e-02,-0.315,-0.17
-1.0683e-02,-0.27,-0.53
-1.0682e-02,-0.335,-0.13
-1.0680e-02,-0.3,-0.49
-1.0678e-02,-0.24,-0.17
-1.0677e-02,-0.315,-0.475
-1.0675e-02,-0.3,-0.18
-1.0674e-02,-0.225,-0.535
-1.0672e-02,-0.27,-0.14
-1.0670e-02,-0.34,-0.5
-1.0669e-02,-0.405,-0.165
-1.0667e-02,-0.335,-0.49
-1.0666e-02,-0.215,-0.17
-1.0664e-02,-0.325,-0.48
-1.0662e-02,-0.375,-0.17
-1.0661e-02,-0.33,-0.485
-1.0659e-02,-0.34,-0.17
-1.0658e-02,-0.275,-0.515
-1.0656e-02,-0.365,-0.15
-1.0654e-02,-0.43,-0.485
-1.0653e-02,-0.34,-0.175
-1.0651e-02,-0.385,-0.525
-1.0650e-02,-0.325,-0.135
-1.0648e-02,-0.39,-0.505
-1.0646e-02,-0.38,-0.155
-1.0645e-02,-0.35,-0.51
-1.0643e-02,-0.345,-0.145
-1.0642e-02,-0.38,-0.525
-1.0640e-02,-0.385,-0.14
-1.0638e-02,-0.335,-0.475
-1.0637e-02,-0.39,-0.18
-1.0635e-02,-0.36,-0.49
-1.0634e-02,-0.445,-0.18
-1.0632e-02,-0.36,-0.485
-1.0630e-02,-0.39,-0.17
-1.0629e-02,-0.325,-0.5
-1.0627e-02,-0.3,-0.16
-1.0626e-02,-0.33,-0.48
-1.0624e-02,-0.37,-0.165
-1.0622e-02,-0.34,-0.5
-1.0621e-02,-0.325,-0.16
-1.0619e-02,-0.29,-0.465
-1.0618e-02,-0.26,-0.185
-1.0616e-02,-0.36,-0.505
-1.0614e-02,-0.31,-0.155
-1.0613e-02,-0.275,-0.455
-1.0611e-02,-0.235,-0.2
-1.0610e-02,-0.305,-0.475
-1.0608e-02,-0.375,-0.185
-1.0606e-02,-0.26,-0.485
-1.0605e-02,-0.265,-0.175
-1.0603e-02,-0.235,-0.48
-1.0602e-02,-0.305,-0.175
-1.0600e-02,-0.36,-0.485
-1.0598e-02,-0.28,-0.175
-1.0597e-02,-0.275,-0.51
-1.0595e-02,-0.29,-0.155
-1.0594e-02,-0.26,-0.49
-1.0592e-02,-0.255,-0.17
-1.0590e-02,-0.31,-0.5
-1.0589e-02,-0.24,-0.165
-1.0587e-02,-0.385,-0.485
-1.0586e-02,-0.285,-0.17
-1.0584e-02,-0.35,-0.47
-1.0582e-02,-0.25,-0.185
-1.0581e-02,-0.3,-0.465
-1.0579e-02,-0.255,-0.19
-1.0578e-02,-0.335,-0.505
-1.0576e-02,-0.28,-0.155
-1.0574e-02,-0.345,-0.495
-1.0573e-02,-0.28,-0.16
-1.0571e-02,-0.3,-0.485
-1.0570e-02,-0.38,-0.175
-1.0568e-02,-0.305,-0.475
-1.0566e-02,-0.295,-0.18
-1.0565e-02,-0.27,-0.5
-1.0563e-02,-0.3,-0.155
-1.0562e-02,-0.365,-0.5
-1.0560e-02,-0.27,-0.155
-1.0558e-02,-0.34,-0.53
-1.0557e-02,-0.305,-0.135
-1.0555e-02,-0.415,-0.49
-1.0554e-02,-0.345,-0.17
-1.0552e-02,-0.27,-0.495
-1.0550e-02,-0.27,-0.165
-1.0549e-02,-0.31,-0.475
-1.0547e-02,-0.295,-0.19
-1.0546e-02,-0.335,-0.5
-1.0544e-02,-0.29,-0.165
-1.0542e-02,-0.33,-0.5
-1.0541e-02,-0.39,-0.16
-1.0539e-02,-0.37,-0.5
-1.0538e-02,-0.26,-0.16
-1.0536e-02,-0.355,-0.5
-1.0534e-02,-0.285,-0.16
-1.0533e-02,-0.32,-0.495
-1.0531e-02,-0.355,-0.165
-1.0530e-02,-0.275,-0.49
-1.0528e-02,-0.39,-0.17
-1.0526e-02,-0.22,-0.5
-1.0525e-02,-0.33,-0.165
-1.0523e-02,-0.315,-0.47
-1.0522e-02,-0.34,-0.19
-1.0520e-02,-0.355,-0.5
-1.0518e-02,-0.36,-0.16
-1.0517e-02,-0.4,-0.52
-1.0515e-02,-0.43,-0.145
-1.0514e-02,-0.31,-0.495
-1.0512e-02,-0.29,-0.165
-1.0510e-02,-0.355,-0.49
-1.0509e-02,-0.32,-0.17
-1.0507e-02,-0.4,-0.485
-1.0506e-02,-0.255,-0.17
-1.0504e-02,-0.39,-0.5
-1.0502e-02,-0.35,-0.165
-1.0501e-02,-0.39,-0.485
-1.0499e-02,-0.3,-0.18
-1.0498e-02,-0.335,-0.495
-1.0496e-02,-0.3,-0.165
-1.0494e-02,-0.435,-0.495
-1.0493e-02,-0.225,-0.155
-1.0491e-02,-0.37,-0.49
-1.0490e-02,-0.32,-0.17
-1.0488e-02,-0.415,-0.47
-1.0486e-02,-0.415,-0.195
-1.0485e-02,-0.34,-0.485
-1.0483e-02,-0.26,-0.18
-1.0482e-02,-0.325,-0.49
-1.0480e-02,-0.285,-0.165
-1.0478e-02,-0.365,-0.48
-1.0477e-02,-0.26,-0.185
-1.0475e-02,-0.35,-0.47
-1.0474e-02,-0.27,-0.185
-1.0472e-02,-0.4,-0.485
-1.0470e-02,-0.33,-0.17
-1.0469e-02,-0.385,-0.48
-1.0467e-02,-0.24,-0.18
-1.0466e-02,-0.355,-0.49
-1.0464e-02,-0.31,-0.17
-1.0462e-02,-0.38,-0.475
-1.0461e-02,-0.385,-0.19
-1.0459e-02,-0.29,-0.49
-1.0458e-02,-0.365,-0.16
-1.0456e-02,-0.275,-0.51
-1.0454e-02,-0.325,-0.15
-1.0453e-02,-0.355,-0.48
-1.0451e-02,-0.315,-0.175
-1.0450e-02,-0.33,-0.48
-1.0448e-02,-0.36,-0.175
-1.0446e-02,-0.265,-0.48
-1.0445e-02,-0.35,-0.185
-1.0443e-02,-0.21,-0.49
-1.0442e-02,-0.37,-0.17
-1.0440e-02,-0.285,-0.495
-1.0438e-02,-0.32,-0.17
-1.0437e-02,-0.26,-0.485
-1.0435e-02,-0.34,-0.18
-1.0434e-02,-0.205,-0.47
-1.0432e-02,-0.345,-0.185
-1.0430e-02,-0.22,-0.49
-1.0429e-02,-0.245,-0.175
-1.0427e-02,-0.35,-0.48
-1.0426e-02,-0.35,-0.175
-1.0424e-02,-0.335,-0.5
-1.0422e-02,-0.27,-0.17
-1.0421e-02,-0.235,-0.51
-1.0419e-02,-0.34,-0.155
-1.0418e-02,-0.395,-0.48
-1.0416e-02,-0.31,-0.185
-1.0414e-02,-0.39,-0.48
-1.0413e-02,-0.255,-0.18
-1.0411e-02,-0.425,-0.475
-1.0410e-02,-0.36,-0.19
-1.0408e-02,-0.29,-0.475
-1.0406e-02,-0.345,-0.185
-1.0405e-02,-0.34,-0.475
-1.0403e-02,-0.39,-0.185
-1.0402e-02,-0.405,-0.49
-1.0400e-02,-0.36,-0.165
-1.0398e-02,-0.385,-0.485
-1.0397e-02,-0.395,-0.185
-1.0395e-02,-0.325,-0.51
-1.0394e-02,-0.43,-0.155
-1.0392e-02,-0.325,-0.51
-1.0390e-02,-0.395,-0.165
-1.0389e-02,-0.38,-0.515
-1.0387e-02,-0.395,-0.155
-1.0386e-02,-0.355,-0.505
-1.0384e-02,-0.34,-0.155
-1.0382e-02,-0.27,-0.5
-1.0381e-02,-0.315,-0.17
-1.0379e-02,-0.365,-0.495
-1.0378e-02,-0.365,-0.175
-1.0376e-02,-0.365,-0.495
-1.0374e-02,-0.29,-0.175
-1.0373e-02,-0.295,-0.495
-1.0371e-02,-0.365,-0.175
-1.0370e-02,-0.275,-0.515
-1.0368e-02,-0.31,-0.15
-1.0366e-02,-0.225,-0.5
-1.0365e-02,-0.335,-0.165
-1.0363e-02,-0.405,-0.505
-1.0362e-02,-0.29,-0.16
-1.0360e-02,-0.37,-0.5
-1.0358e-02,-0.32,-0.165
-1.0357e-02,-0.335,-0.51
-1.0355e-02,-0.33,-0.16
-1.0354e-02,-0.285,-0.485
-1.0352e-02,-0.3,-0.18
-1.0350e-02,-0.34,-0.48
-1.0349e-02,-0.325,-0.185
-1.0347e-02,-0.385,-0.485
-1.0346e-02,-0.285,-0.175
-1.0344e-02,-0.265,-0.48
-1.0342e-02,-0.28,-0.18
-1.0341e-02,-0.34,-0.485
-1.0339e-02,-0.4,-0.175
-1.0338e-02,-0.345,-0.47
-1.0336e-02,-0.27,-0.19
-1.0334e-02,-0.29,-0.5
-1.0333e-02,-0.295,-0.165
-1.0331e-02,-0.385,-0.51
-1.0330e-02,-0.28,-0.165
-1.0328e-02,-0.335,-0.485
-1.0326e-02,-0.36,-0.175
-1.0325e-02,-0.345,-0.49
-1.0323e-02,-0.395,-0.17
-1.0322e-02,-0.27,-0.49
-1.0320e-02,-0.305,-0.17
-1.0318e-02,-0.315,-0.505
-1.0317e-02,-0.36,-0.165
-1.0315e-02,-0.39,-0.495
-1.0314e-02,-0.375,-0.165
-1.0312e-02,-0.405,-0.485
-1.0310e-02,-0.425,-0.175
-1.0309e-02,-0.41,-0.485
-1.0307e-02,-0.43,-0.18
-1.0306e-02,-0.3,-0.475
-1.0304e-02,-0.395,-0.185
-1.0302e-02,-0.345,-0.475
-1.0301e-02,-0.425,-0.18
-1.0299e-02,-0.355,-0.5
-1.0298e-02,-0.39,-0.17
-1.0296e-02,-0.355,-0.49
-1.0294e-02,-0.335,-0.165
-1.0293e-02,-0.33,-0.48
-1.0291e-02,-0.365,-0.18
-1.0290e-02,-0.34,-0.505
-1.0288e-02,-0.35,-0.16
-1.0286e-02,-0.38,-0.505
-1.0285e-02,-0.385,-0.155
-1.0283e-02,-0.335,-0.52
-1.0282e-02,-0.225,-0.14
-1.0280e-02,-0.3,-0.525
-1.0278e-02,-0.235,-0.145
-1.0277e-02,-0.435,-0.49
-1.0275e-02,-0.26,-0.17
-1.0274e-02,-0.36,-0.48
-1.0272e-02,-0.315,-0.18
-1.0270e-02,-0.4,-0.49
-1.0269e-02,-0.35,-0.18
-1.0267e-02,-0.27,-0.5
-1.0266e-02,-0.31,-0.165
-1.0264e-02,-0.225,-0.475
-1.0262e-02,-0.38,-0.185
-1.0261e-02,-0.355,-0.47
-1.0259e-02,-0.365,-0.185
-1.0258e-02,-0.305,-0.49
-1.0256e-02,-0.27,-0.17
-1.0254e-02,-0.33,-0.505
-1.0253e-02,-0.335,-0.16
-1.0251e-02,-0.325,-0.505
-1.0250e-02,-0.36,-0.155
-1.0248e-02,-0.305,-0.485
-1.0246e-02,-0.38,-0.18
-1.0245e-02,-0.335,-0.48
-1.0243e-02,-0.38,-0.18
-1.0242e-02,-0.275,-0.515
-1.0240e-02,-0.305,-0.145
-1.0238e-02,-0.37,-0.515
-1.0237e-02,-0.375,-0.145
-1.0235e-02,-0.38,-0.5
-1.0234e-02,-0.29,-0.16
-1.0232e-02,-0.36,-0.48
-1.0230e-02,-0.35,-0.185
-1.0229e-02,-0.28,-0.495
-1.0227e-02,-0.325,-0.17
-1.0226e-02,-0.275,-0.5
-1.0224e-02,-0.385,-0.175
-1.0222e-02,-0.42,-0.485
-1.0221e-02,-0.36,-0.18
-1.0219e-02,-0.32,-0.465
-1.0218e-02,-0.315,-0.2
-1.0216e-02,-0.32,-0.49
-1.0214e-02,-0.375,-0.18
-1.0213e-02,-0.34,-0.485
-1.0211e-02,-0.38,-0.185
-1.0210e-02,-0.34,-0.49
-1.0208e-02,-0.465,-0.18
-1.0206e-02,-0.385,-0.485
-1.0205e-02,-0.34,-0.195
-1.0203e-02,-0.3,-0.5
-1.0202e-02,-0.24,-0.17
-1.0200e-02,-0.31,-0.51
-1.0198e-02,-0.27,-0.16
-1.0197e-02,-0.31,-0.525
-1.0195e-02,-0.33,-0.15
-1.0194e-02,-0.32,-0.49
-1.0192e-02,-0.35,-0.175
-1.0190e-02,-0.31,-0.515
-1.0189e-02,-0.355,-0.155
-1.0187e-02,-0.315,-0.485
-1.0186e-02,-0.35,-0.185
-1.0184e-02,-0.35,-0.5
-1.0182e-02,-0.375,-0.175
-1.0181e-02,-0.31,-0.5
-1.0179e-02,-0.285,-0.165
-1.0178e-02,-0.3,-0.49
-1.0176e-02,-0.42,-0.185
-1.0174e-02,-0.36,-0.49
-1.0173e-02,-0.37,-0.185
-1.0171e-02,-0.315,-0.485
-1.0170e-02,-0.415,-0.18
-1.0168e-02,-0.355,-0.5
-1.0166e-02,-0.345,-0.165
-1.0165e-02,-0.245,-0.53
-1.0163e-02,-0.275,-0.135
-1.0162e-02,-0.285,-0.5
-1.0160e-02,-0.255,-0.16
-1.0158e-02,-0.32,-0.51
-1.0157e-02,-0.245,-0.155
-1.0155e-02,-0.375,-0.515
-1.0154e-02,-0.31,-0.155
-1.0152e-02,-0.36,-0.495
-1.0150e-02,-0.31,-0.165
-1.0149e-02,-0.255,-0.475
-1.0147e-02,-0.275,-0.19
-1.0146e-02,-0.33,-0.47
-1.0144e-02,-0.36,-0.2
-1.0142e-02,-0.375,-0.52
-1.0141e-02,-0.35,-0.145
-1.0139e-02,-0.355,-0.475
-1.0138e-02,-0.335,-0.195
-1.0136e-02,-0.275,-0.52
-1.0134e-02,-0.28,-0.145
-1.0133e-02,-0.275,-0.505
-1.0131e-02,-0.29,-0.16
-1.0130e-02,-0.38,-0.475
-1.0128e-02,-0.33,-0.185
-1.0126e-02,-0.29,-0.48
-1.0125e-02,-0.265,-0.185
-1.0123e-02,-0.255,-0.47
-1.0122e-02,-0.325,-0.195
-1.0120e-02,-0.33,-0.48
-1.0118e-02,-0.285,-0.185
-1.0117e-02,-0.25,-0.505
-1.0115e-02,-0.295,-0.155
-1.0114e-02,-0.31,-0.485
-1.0112e-02,-0.355,-0.18
-1.0110e-02,-0.255,-0.52
-1.0109e-02,-0.345,-0.14
-1.0107e-02,-0.255,-0.5
-1.0106e-02,-0.34,-0.175
-1.0104e-02,-0.23,-0.505
-1.0102e-02,-0.34,-0.16
-1.0101e-02,-0.29,-0.475
-1.0099e-02,-0.38,-0.19
-1.0098e-02,-0.36,-0.505
-1.0096e-02,-0.355,-0.15
-1.0094e-02,-0.36,-0.48
-1.0093e-02,-0.345,-0.185
-1.0091e-02,-0.42,-0.5
-1.0090e-02,-0.295,-0.17
-1.0088e-02,-0.375,-0.485
-1.0086e-02,-0.3,-0.175
-1.0085e-02,-0.405,-0.51
-1.0083e-02,-0.39,-0.155
-1.0082e-02,-0.375,-0.495
-1.0080e-02,-0.385,-0.165
-1.0078e-02,-0.29,-0.475
-1.0077e-02,-0.43,-0.19
-1.0075e-02,-0.34,-0.48
-1.0074e-02,-0.405,-0.19
-1.0072e-02,-0.3,-0.5
-1.0070e-02,-0.345,-0.17
-1.0069e-02,-0.395,-0.515
-1.0067e-02,-0.405,-0.15
-1.0066e-02,-0.38,-0.495
-1.0064e-02,-0.325,-0.175
-1.0062e-02,-0.255,-0.525
-1.0061e-02,-0.345,-0.145
-1.0059e-02,-0.355,-0.495
-1.0058e-02,-0.31,-0.17
-1.0056e-02,-0.29,-0.515
-1.0054e-02,-0.23,-0.15
-1.0053e-02,-0.34,-0.465
-1.0051e-02,-0.36,-0.2
-1.0050e-02,-0.35,-0.51
-1.0048e-02,-0.405,-0.155
-1.0046e-02,-0.275,-0.48
-1.0045e-02,-0.375,-0.185
-1.0043e-02,-0.295,-0.495
-1.0042e-02,-0.39,-0.175
-1.0040e-02,-0.335,-0.49
-1.0038e-02,-0.325,-0.18
-1.0037e-02,-0.31,-0.49
-1.0035e-02,-0.365,-0.18
-1.0034e-02,-0.405,-0.505
-1.0032e-02,-0.395,-0.175
-1.0030e-02,-0.355,-0.52
-1.0029e-02,-0.32,-0.145
-1.0027e-02,-0.37,-0.48
-1.0026e-02,-0.35,-0.195
-1.0024e-02,-0.35,-0.475
-1.0022e-02,-0.345,-0.19
-1.0021e-02,-0.375,-0.485
-1.0019e-02,-0.42,-0.19
-1.0018e-02,-0.26,-0.48
-1.0016e-02,-0.335,-0.2
-1.0014e-02,-0.28,-0.485
-1.0013e-02,-0.42,-0.19
-1.0011e-02,-0.34,-0.475
-1.0010e-02,-0.29,-0.195
-1.0008e-02,-0.28,-0.47
-1.0006e-02,-0.335,-0.2
-1.0005e-02,-0.26,-0.485
-1.0003e-02,-0.4,-0.19
-1.0002e-02,-0.3,-0.49
-1.0000e-02,-0.37,-0.185
-9.9984e-03,-0.33,-0.505
-9.9968e-03,-0.34,-0.165
-9.9952e-03,-0.41,-0.5
-9.9936e-03,-0.325,-0.175
-9.9920e-03,-0.365,-0.5
-9.9904e-03,-0.365,-0.17
-9.9888e-03,-0.325,-0.515
-9.9872e-03,-0.35,-0.17
-9.9856e-03,-0.345,-0.5
-9.9840e-03,-0.355,-0.18
-9.9824e-03,-0.4,-0.495
-9.9808e-03,-0.34,-0.175
-9.9792e-03,-0.42,-0.515
-9.9776e-03,-0.295,-0.16
-9.9760e-03,-0.4,-0.52
-9.9744e-03,-0.36,-0.155
-9.9728e-03,-0.34,-0.46
-9.9712e-03,-0.33,-0.21
-9.9696e-03,-0.32,-0.485
-9.9680e-03,-0.325,-0.19
-9.9664e-03,-0.42,-0.49
-9.9648e-03,-0.37,-0.18
-9.9632e-03,-0.305,-0.53
-9.9616e-03,-0.365,-0.14
-9.9600e-03,-0.325,-0.495
-9.9584e-03,-0.485,-0.18
-9.9568e-03,-0.36,-0.52
-9.9552e-03,-0.315,-0.17
-9.9536e-03,-0.325,-0.525
-9.9520e-03,-0.345,-0.145
-9.9504e-03,-0.415,-0.49
-9.9488e-03,-0.39,-0.185
-9.9472e-03,-0.32,-0.495
-9.9456e-03,-0.355,-0.18
-9.9440e-03,-0.34,-0.475
-9.9424e-03,-0.415,-0.195
-9.9408e-03,-0.39,-0.49
-9.9392e-03,-0.375,-0.18
-9.9376e-03,-0.33,-0.475
-9.9360e-03,-0.27,-0.19
-9.9344e-03,-0.435,-0.495
-9.9328e-03,-0.33,-0.17
-9.9312e-03,-0.32,-0.49
-9.9296e-03,-0.275,-0.175
-9.9280e-03,-0.315,-0.48
-9.9264e-03,-0.39,-0.19
-9.9248e-03,-0.35,-0.48
-9.9232e-03,-0.325,-0.19
-9.9216e-03,-0.3,-0.475
-9.9200e-03,-0.385,-0.2
-9.9184e-03,-0.36,-0.475
-9.9168e-03,-0.35,-0.195
-9.9152e-03,-0.32,-0.505
-9.9136e-03,-0.265,-0.17
-9.9120e-03,-0.365,-0.48
-9.9104e-03,-0.32,-0.185
-9.9088e-03,-0.35,-0.485
-9.9072e-03,-0.28,-0.18
-9.9056e-03,-0.3,-0.515
-9.9040e-03,-0.325,-0.15
-9.9024e-03,-0.355,-0.53
-9.9008e-03,-0.235,-0.145
-9.8992e-03,-0.33,-0.48
-9.8976e-03,-0.36,-0.185
-9.8960e-03,-0.35,-0.49
-9.8944e-03,-0.28,-0.185
-9.8928e-03,-0.295,-0.485
-9.8912e-03,-0.26,-0.17
-9.8896e-03,-0.325,-0.49
-9.8880e-03,-0.305,-0.185
-9.8864e-03,-0.3,-0.485
-9.8848e-03,-0.305,-0.185
-9.8832e-03,-0.31,-0.485
-9.8816e-03,-0.29,-0.18
-9.8800e-03,-0.31,-0.48
-9.8784e-03,-0.255,-0.19
-9.8768e-03,-0.32,-0.49
-9.8752e-03,-0.25,-0.185
-9.8736e-03,-0.345,-0.48
-9.8720e-03,-0.3,-0.185
-9.8704e-03,-0.34,-0.5
-9.8688e-03,-0.3,-0.17
-9.8672e-03,-0.39,-0.495
-9.8656e-03,-0.35,-0.18
-9.8640e-03,-0.38,-0.535
-9.8624e-03,-0.36,-0.15
-9.8608e-03,-0.325,-0.5
-9.8592e-03,-0.38,-0.17
-9.8576e-03,-0.405,-0.51
-9.8560e-03,-0.355,-0.165
-9.8544e-03,-0.27,-0.56
-9.8528e-03,-0.355,-0.11
-9.8512e-03,-0.275,-0.545
-9.8496e-03,-0.43,-0.135
-9.8480e-03,-0.22,-0.545
-9.8464e-03,-0.305,-0.125
-9.8448e-03,-0.375,-0.55
-9.8432e-03,-0.355,-0.13
-9.8416e-03,-0.335,-0.53
-9.8400e-03,-0.285,-0.14
-9.8384e-03,-0.275,-0.49
-9.8368e-03,-0.28,-0.18
-9.8352e-03,-0.305,-0.49
-9.8336e-03,-0.305,-0.185
-9.8320e-03,-0.29,-0.48
-9.8304e-03,-0.275,-0.185
-9.8288e-03,-0.235,-0.485
-9.8272e-03,-0.35,-0.185
-9.8256e-03,-0.255,-0.49
-9.8240e-03,-0.315,-0.185
-9.8224e-03,-0.29,-0.49
-9.8208e-03,-0.315,-0.19
-9.8192e-03,-0.325,-0.475
-9.8176e-03,-0.33,-0.2
-9.8160e-03,-0.385,-0.525
-9.8144e-03,-0.3,-0.145
-9.8128e-03,-0.395,-0.49
-9.8112e-03,-0.295,-0.195
-9.8096e-03,-0.45,-0.51
-9.8080e-03,-0.305,-0.17
-9.8064e-03,-0.365,-0.515
-9.8048e-03,-0.345,-0.16
-9.8032e-03,-0.41,-0.51
-9.8016e-03,-0.315,-0.175
-9.8000e-03,-0.4,-0.5
-9.7984e-03,-0.355,-0.17
-9.7968e-03,-0.4,-0.475
-9.7952e-03,-0.44,-0.2
-9.7936e-03,-0.265,-0.47
-9.7920e-03,-0.36,-0.2
-9.7904e-03,-0.39,-0.485
-9.7888e-03,-0.41,-0.185
-9.7872e-03,-0.4,-0.505
-9.7856e-03,-0.28,-0.165
-9.7840e-03,-0.32,-0.485
-9.7824e-03,-0.4,-0.19
-9.7808e-03,-0.39,-0.475
-9.7792e-03,-0.34,-0.195
-9.7776e-03,-0.34,-0.485
-9.7760e-03,-0.295,-0.19
-9.7744e-03,-0.37,-0.49
-9.7728e-03,-0.405,-0.175
-9.7712e-03,-0.32,-0.52
-9.7696e-03,-0.38,-0.16
-9.7680e-03,-0.3,-0.49
-9.7664e-03,-0.335,-0.185
-9.7648e-03,-0.39,-0.515
-9.7632e-03,-0.3,-0.155
-9.7616e-03,-0.33,-0.54
-9.7600e-03,-0.26,-0.135
-9.7584e-03,-0.26,-0.495
-9.7568e-03,-0.385,-0.175
-9.7552e-03,-0.32,-0.5
-9.7536e-03,-0.325,-0.17
-9.7520e-03,-0.275,-0.495
-9.7504e-03,-0.335,-0.175
-9.7488e-03,-0.335,-0.49
-9.7472e-03,-0.4,-0.18
-9.7456e-03,-0.34,-0.51
-9.7440e-03,-0.3,-0.155
-9.7424e-03,-0.37,-0.485
-9.7408e-03,-0.365,-0.19
-9.7392e-03,-0.38,-0.495
-9.7376e-03,-0.38,-0.18
-9.7360e-03,-0.285,-0.46
-9.7344e-03,-0.355,-0.21
-9.7328e-03,-0.375,-0.485
-9.7312e-03,-0.32,-0.185
-9.7296e-03,-0.405,-0.51
-9.7280e-03,-0.32,-0.165
-9.7264e-03,-0.34,-0.505
-9.7248e-03,-0.36,-0.175
-9.7232e-03,-0.355,-0.485
-9.7216e-03,-0.385,-0.185
-9.7200e-03,-0.305,-0.5
-9.7184e-03,-0.36,-0.18
-9.7168e-03,-0.34,-0.515
-9.7152e-03,-0.33,-0.16
-9.7136e-03,-0.38,-0.49
-9.7120e-03,-0.35,-0.185
-9.7104e-03,-0.295,-0.49
-9.7088e-03,-0.395,-0.18
-9.7072e-03,-0.325,-0.485
-9.7056e-03,-0.36,-0.19
-9.7040e-03,-0.34,-0.495
-9.7024e-03,-0.31,-0.18
-9.7008e-03,-0.405,-0.485
-9.6992e-03,-0.315,-0.185
-9.6976e-03,-0.325,-0.48
-9.6960e-03,-0.285,-0.195
-9.6944e-03,-0.405,-0.49
-9.6928e-03,-0.37,-0.185
-9.6912e-03,-0.38,-0.505
-9.6896e-03,-0.285,-0.17
-9.6880e-03,-0.385,-0.48
-9.6864e-03,-0.35,-0.19
-9.6848e-03,-0.315,-0.525
-9.6832e-03,-0.39,-0.155
-9.6816e-03,-0.27,-0.465
-9.6800e-03,-0.375,-0.205
-9.6784e-03,-0.26,-0.495
-9.6768e-03,-0.335,-0.19
-9.6752e-03,-0.395,-0.47
-9.6736e-03,-0.31,-0.205
-9.6720e-03,-0.305,-0.505
-9.6704e-03,-0.295,-0.17
-9.6688e-03,-0.365,-0.495
-9.6672e-03,-0.375,-0.185
-9.6656e-03,-0.285,-0.505
-9.6640e-03,-0.29,-0.175
-9.6624e-03,-0.325,-0.515
-9.6608e-03,-0.35,-0.16
-9.6592e-03,-0.36,-0.485
-9.6576e-03,-0.285,-0.195
-9.6560e-03,-0.32,-0.5
-9.6544e-03,-0.32,-0.18
-9.6528e-03,-0.33,-0.51
-9.6512e-03,-0.375,-0.17
-9.6496e-03,-0.305,-0.495
-9.6480e-03,-0.305,-0.185
-9.6464e-03,-0.33,-0.49
-9.6448e-03,-0.29,-0.19
-9.6432e-03,-0.405,-0.485
-9.6416e-03,-0.29,-0.185
-9.6400e-03,-0.345,-0.49
-9.6384e-03,-0.285,-0.19
-9.6368e-03,-0.255,-0.5
-9.6352e-03,-0.41,-0.18
-9.6336e-03,-0.28,-0.505
-9.6320e-03,-0.365,-0.17
-9.6304e-03,-0.235,-0.505
-9.6288e-03,-0.32,-0.17
-9.6272e-03,-0.38,-0.495
-9.6256e-03,-0.325,-0.19
-9.6240e-03,-0.34,-0.49
-9.6224e-03,-0.26,-0.19
-9.6208e-03,-0.345,-0.52
-9.6192e-03,-0.375,-0.15
-9.6176e-03,-0.275,-0.49
-9.6160e-03,-0.365,-0.19
-9.6144e-03,-0.25,-0.5
-9.6128e-03,-0.315,-0.18
-9.6112e-03,-0.395,-0.5
-9.6096e-03,-0.245,-0.175
-9.6080e-03,-0.42,-0.505
-9.6064e-03,-0.255,-0.18
-9.6048e-03,-0.39,-0.485
-9.6032e-03,-0.33,-0.195
-9.6016e-03,-0.42,-0.495
-9.6000e-03,-0.38,-0.18
-9.5984e-03,-0.305,-0.49
-9.5968e-03,-0.355,-0.19
-9.5952e-03,-0.385,-0.5
-9.5936e-03,-0.455,-0.18
-9.5920e-03,-0.4,-0.525
-9.5904e-03,-0.35,-0.155
-9.5888e-03,-0.37,-0.5
-9.5872e-03,-0.37,-0.175
-9.5856e-03,-0.46,-0.495
-9.5840e-03,-0.41,-0.18
-9.5824e-03,-0.365,-0.525
-9.5808e-03,-0.33,-0.135
-9.5792e-03,-0.405,-0.5
-9.5776e-03,-0.37,-0.18
-9.5760e-03,-0.445,-0.49
-9.5744e-03,-0.35,-0.18
-9.5728e-03,-0.34,-0.495
-9.5712e-03,-0.37,-0.175
-9.5696e-03,-0.26,-0.475
-9.5680e-03,-0.39,-0.19
-9.5664e-03,-0.365,-0.52
-9.5648e-03,-0.325,-0.155
-9.5632e-03,-0.37,-0.49
-9.5616e-03,-0.295,-0.19
-9.5600e-03,-0.415,-0.485
-9.5584e-03,-0.27,-0.19
-9.5568e-03,-0.31,-0.485
-9.5552e-03,-0.3,-0.18
-9.5536e-03,-0.415,-0.495
-9.5520e-03,-0.39,-0.18
-9.5504e-03,-0.35,-0.485
-9.5488e-03,-0.395,-0.19
-9.5472e-03,-0.315,-0.475
-9.5456e-03,-0.43,-0.2
-9.5440e-03,-0.315,-0.47
-9.5424e-03,-0.385,-0.2
-9.5408e-03,-0.21,-0.505
-9.5392e-03,-0.42,-0.165
-9.5376e-03,-0.325,-0.495
-9.5360e-03,-0.405,-0.18
-9.5344e-03,-0.31,-0.5
-9.5328e-03,-0.325,-0.18
-9.5312e-03,-0.325,-0.495
-9.5296e-03,-0.29,-0.18
-9.5280e-03,-0.295,-0.49
-9.5264e-03,-0.315,-0.185
-9.5248e-03,-0.315,-0.465
-9.5232e-03,-0.31,-0.205
-9.5216e-03,-0.315,-0.49
-9.5200e-03,-0.35,-0.185
-9.5184e-03,-0.27,-0.49
-9.5168e-03,-0.29,-0.175
-9.5152e-03,-0.325,-0.49
-9.5136e-03,-0.305,-0.185
-9.5120e-03,-0.365,-0.475
-9.5104e-03,-0.29,-0.19
-9.5088e-03,-0.275,-0.475
-9.5072e-03,-0.315,-0.2
-9.5056e-03,-0.36,-0.49
-9.5040e-03,-0.4,-0.175
-9.5024e-03,-0.285,-0.495
-9.5008e-03,-0.315,-0.175
-9.4992e-03,-0.37,-0.505
-9.4976e-03,-0.39,-0.165
-9.4960e-03,-0.44,-0.54
-9.4944e-03,-0.345,-0.13
-9.4928e-03,-0.31,-0.5
-9.4912e-03,-0.39,-0.175
-9.4896e-03,-0.385,-0.475
-9.4880e-03,-0.46,-0.2
-9.4864e-03,-0.34,-0.49
-9.4848e-03,-0.33,-0.185
-9.4832e-03,-0.35,-0.485
-9.4816e-03,-0.36,-0.195
-9.4800e-03,-0.38,-0.475
-9.4784e-03,-0.39,-0.195
-9.4768e-03,-0.385,-0.5
-9.4752e-03,-0.345,-0.17
-9.4736e-03,-0.335,-0.515
-9.4720e-03,-0.34,-0.16
-9.4704e-03,-0.42,-0.51
-9.4688e-03,-0.345,-0.17
-9.4672e-03,-0.39,-0.495
-9.4656e-03,-0.32,-0.185
-9.4640e-03,-0.44,-0.495
-9.4624e-03,-0.33,-0.18
-9.4608e-03,-0.36,-0.49
-9.4592e-03,-0.355,-0.2
-9.4576e-03,-0.455,-0.495
-9.4560e-03,-0.405,-0.185
-9.4544e-03,-0.38,-0.49
-9.4528e-03,-0.325,-0.185
-9.4512e-03,-0.365,-0.51
-9.4496e-03,-0.4,-0.175
-9.4480e-03,-0.4,-0.5
-9.4464e-03,-0.305,-0.18
-9.4448e-03,-0.375,-0.51
-9.4432e-03,-0.29,-0.18
-9.4416e-03,-0.425,-0.51
-9.4400e-03,-0.24,-0.17
-9.4384e-03,-0.315,-0.485
-9.4368e-03,-0.315,-0.205
-9.4352e-03,-0.34,-0.5
-9.4336e-03,-0.425,-0.18
-9.4320e-03,-0.35,-0.52
-9.4304e-03,-0.395,-0.165
-9.4288e-03,-0.375,-0.515
-9.4272e-03,-0.375,-0.175
-9.4256e-03,-0.37,-0.495
-9.4240e-03,-0.36,-0.185
-9.4224e-03,-0.325,-0.5
-9.4208e-03,-0.32,-0.185
-9.4192e-03,-0.31,-0.505
-9.4176e-03,-0.4,-0.17
-9.4160e-03,-0.335,-0.5
-9.4144e-03,-0.35,-0.185
-9.4128e-03,-0.28,-0.53
-9.4112e-03,-0.32,-0.15
-9.4096e-03,-0.34,-0.495
-9.4080e-03,-0.355,-0.185
-9.4064e-03,-0.385,-0.49
-9.4048e-03,-0.355,-0.195
-9.4032e-03,-0.385,-0.495
-9.4016e-03,-0.405,-0.19
-9.4000e-03,-0.37,-0.485
-9.3984e-03,-0.33,-0.19
-9.3968e-03,-0.345,-0.485
-9.3952e-03,-0.44,-0.19
-9.3936e-03,-0.38,-0.5
-9.3920e-03,-0.305,-0.18
-9.3904e-03,-0.295,-0.49
-9.3888e-03,-0.29,-0.19
-9.3872e-03,-0.45,-0.505
-9.3856e-03,-0.3,-0.18
-9.3840e-03,-0.36,-0.515
-9.3824e-03,-0.295,-0.16
-9.3808e-03,-0.31,-0.515
-9.3792e-03,-0.4,-0.165
-9.3776e-03,-0.295,-0.515
-9.3760e-03,-0.395,-0.165
-9.3744e-03,-0.29,-0.485
-9.3728e-03,-0.275,-0.195
-9.3712e-03,-0.31,-0.48
-9.3696e-03,-0.31,-0.19
-9.3680e-03,-0.415,-0.495
-9.3664e-03,-0.325,-0.185
-9.3648e-03,-0.28,-0.555
-9.3632e-03,-0.33,-0.125
-9.3616e-03,-0.38,-0.495
-9.3600e-03,-0.355,-0.18
-9.3584e-03,-0.34,-0.485
-9.3568e-03,-0.245,-0.185
-9.3552e-03,-0.355,-0.49
-9.3536e-03,-0.335,-0.18
-9.3520e-03,-0.35,-0.52
-9.3504e-03,-0.3,-0.16
-9.3488e-03,-0.28,-0.5
-9.3472e-03,-0.355,-0.17
-9.3456e-03,-0.29,-0.495
-9.3440e-03,-0.31,-0.18
-9.3424e-03,-0.27,-0.47
-9.3408e-03,-0.36,-0.2
-9.3392e-03,-0.315,-0.48
-9.3376e-03,-0.3,-0.185
-9.3360e-03,-0.3,-0.495
-9.3344e-03,-0.34,-0.175
-9.3328e-03,-0.355,-0.48
-9.3312e-03,-0.425,-0.19
-9.3296e-03,-0.385,-0.515
-9.3280e-03,-0.39,-0.15
-9.3264e-03,-0.3,-0.5
-9.3248e-03,-0.36,-0.17
-9.3232e-03,-0.325,-0.495
-9.3216e-03,-0.41,-0.165
-9.3200e-03,-0.335,-0.5
-9.3184e-03,-0.36,-0.17
-9.3168e-03,-0.32,-0.495
-9.3152e-03,-0.31,-0.165
-9.3136e-03,-0.385,-0.505
-9.3120e-03,-0.255,-0.17
-9.3104e-03,-0.295,-0.485
-9.3088e-03,-0.265,-0.19
-9.3072e-03,-0.285,-0.485
-9.3056e-03,-0.375,-0.18
-9.3040e-03,-0.315,-0.48
-9.3024e-03,-0.245,-0.195
-9.3008e-03,-0.36,-0.475
-9.2992e-03,-0.32,-0.2
-9.2976e-03,-0.38,-0.49
-9.2960e-03,-0.255,-0.18
-9.2944e-03,-0.285,-0.51
-9.2928e-03,-0.345,-0.165
-9.2912e-03,-0.37,-0.48
-9.2896e-03,-0.225,-0.195
-9.2880e-03,-0.315,-0.505
-9.2864e-03,-0.27,-0.17
-9.2848e-03,-0.25,-0.505
-9.2832e-03,-0.345,-0.175
-9.2816e-03,-0.205,-0.49
-9.2800e-03,-0.265,-0.19
-9.2784e-03,-0.28,-0.485
-9.2768e-03,-0.275,-0.195
-9.2752e-03,-0.345,-0.505
-9.2736e-03,-0.32,-0.18
-9.2720e-03,-0.28,-0.525
-9.2704e-03,-0.405,-0.16
-9.2688e-03,-0.29,-0.495
-9.2672e-03,-0.41,-0.19
-9.2656e-03,-0.41,-0.51
-9.2640e-03,-0.33,-0.17
-9.2624e-03,-0.385,-0.525
-9.2608e-03,-0.365,-0.155
-9.2592e-03,-0.44,-0.51
-9.2576e-03,-0.375,-0.175
-9.2560e-03,-0.3,-0.505
-9.2544e-03,-0.32,-0.17
-9.2528e-03,-0.35,-0.475
-9.2512e-03,-0.33,-0.2
-9.2496e-03,-0.335,-0.515
-9.2480e-03,-0.265,-0.175
-9.2464e-03,-0.33,-0.525
-9.2448e-03,-0.4,-0.16
-9.2432e-03,-0.33,-0.5
-9.2416e-03,-0.355,-0.185
-9.2400e-03,-0.335,-0.535
-9.2384e-03,-0.305,-0.155
-9.2368e-03,-0.395,-0.49
-9.2352e-03,-0.27,-0.2
-9.2336e-03,-0.265,-0.51
-9.2320e-03,-0.235,-0.165
-9.2304e-03,-0.31,-0.51
-9.2288e-03,-0.24,-0.175
-9.2272e-03,-0.31,-0.505
-9.2256e-03,-0.26,-0.18
-9.2240e-03,-0.32,-0.485
-9.2224e-03,-0.24,-0.2
-9.2208e-03,-0.315,-0.505
-9.2192e-03,-0.31,-0.18
-9.2176e-03,-0.285,-0.5
-9.2160e-03,-0.3,-0.185
-9.2144e-03,-0.225,-0.495
-9.2128e-03,-0.34,-0.185
-9.2112e-03,-0.32,-0.495
-9.2096e-03,-0.32,-0.19
-9.2080e-03,-0.235,-0.53
-9.2064e-03,-0.36,-0.155
-9.2048e-03,-0.335,-0.5
-9.2032e-03,-0.375,-0.185
-9.2016e-03,-0.355,-0.495
-9.2000e-03,-0.38,-0.195
-9.1984e-03,-0.39,-0.49
-9.1968e-03,-0.43,-0.195
-9.1952e-03,-0.415,-0.5
-9.1936e-03,-0.41,-0.185
-9.1920e-03,-0.415,-0.535
-9.1904e-03,-0.435,-0.15
-9.1888e-03,-0.385,-0.5
-9.1872e-03,-0.48,-0.18
-9.1856e-03,-0.355,-0.485
-9.1840e-03,-0.395,-0.19
-9.1824e-03,-0.35,-0.5
-9.1808e-03,-0.4,-0.18
-9.1792e-03,-0.355,-0.5
-9.1776e-03,-0.36,-0.185
-9.1760e-03,-0.265,-0.5
-9.1744e-03,-0.355,-0.18
-9.1728e-03,-0.355,-0.5
-9.1712e-03,-0.435,-0.175
-9.1696e-03,-0.335,-0.505
-9.1680e-03,-0.31,-0.17
-9.1664e-03,-0.365,-0.485
-9.1648e-03,-0.37,-0.195
-9.1632e-03,-0.37,-0.52
-9.1616e-03,-0.3,-0.16
-9.1600e-03,-0.335,-0.5
-9.1584e-03,-0.385,-0.17
-9.1568e-03,-0.375,-0.495
-9.1552e-03,-0.37,-0.175
-9.1536e-03,-0.39,-0.515
-9.1520e-03,-0.26,-0.155
-9.1504e-03,-0.37,-0.495
-9.1488e-03,-0.3,-0.185
-9.1472e-03,-0.37,-0.47
-9.1456e-03,-0.365,-0.205
-9.1440e-03,-0.36,-0.485
-9.1424e-03,-0.4,-0.185
-9.1408e-03,-0.325,-0.495
-9.1392e-03,-0.405,-0.175
-9.1376e-03,-0.34,-0.485
-9.1360e-03,-0.275,-0.185
-9.1344e-03,-0.325,-0.47
-9.1328e-03,-0.265,-0.195
-9.1312e-03,-0.39,-0.47
-9.1296e-03,-0.225,-0.2
-9.1280e-03,-0.3,-0.475
-9.1264e-03,-0.255,-0.195
-9.1248e-03,-0.35,-0.48
-9.1232e-03,-0.34,-0.19
-9.1216e-03,-0.355,-0.475
-9.1200e-03,-0.215,-0.195
-9.1184e-03,-0.325,-0.49
-9.1168e-03,-0.28,-0.19
-9.1152e-03,-0.37,-0.485
-9.1136e-03,-0.305,-0.185
-9.1120e-03,-0.245,-0.52
-9.1104e-03,-0.325,-0.155
-9.1088e-03,-0.385,-0.505
-9.1072e-03,-0.345,-0.165
-9.1056e-03,-0.35,-0.515
-9.1040e-03,-0.34,-0.165
-9.1024e-03,-0.38,-0.5
-9.1008e-03,-0.39,-0.175
-9.0992e-03,-0.39,-0.49
-9.0976e-03,-0.385,-0.185
-9.0960e-03,-0.415,-0.515
-9.0944e-03,-0.31,-0.16
-9.0928e-03,-0.375,-0.49
-9.0912e-03,-0.31,-0.185
-9.0896e-03,-0.385,-0.485
-9.0880e-03,-0.35,-0.19
-9.0864e-03,-0.215,-0.525
-9.0848e-03,-0.39,-0.16
-9.0832e-03,-0.375,-0.52
-9.0816e-03,-0.405,-0.155
-9.0800e-03,-0.285,-0.505
-9.0784e-03,-0.36,-0.17
-9.0768e-03,-0.28,-0.515
-9.0752e-03,-0.4,-0.165
-9.0736e-03,-0.305,-0.49
-9.0720e-03,-0.35,-0.19
-9.0704e-03,-0.38,-0.51
-9.0688e-03,-0.265,-0.165
-9.0672e-03,-0.31,-0.51
-9.0656e-03,-0.33,-0.165
-9.0640e-03,-0.32,-0.5
-9.0624e-03,-0.325,-0.185
-9.0608e-03,-0.305,-0.485
-9.0592e-03,-0.245,-0.2
-9.0576e-03,-0.4,-0.505
-9.0560e-03,-0.375,-0.175
-9.0544e-03,-0.295,-0.5
-9.0528e-03,-0.35,-0.18
-9.0512e-03,-0.28,-0.475
-9.0496e-03,-0.335,-0.205
-9.0480e-03,-0.385,-0.475
-9.0464e-03,-0.28,-0.2
-9.0448e-03,-0.365,-0.505
-9.0432e-03,-0.24,-0.185
-9.0416e-03,-0.37,-0.5
-9.0400e-03,-0.31,-0.18
-9.0384e-03,-0.275,-0.48
-9.0368e-03,-0.32,-0.195
-9.0352e-03,-0.3,-0.515
-9.0336e-03,-0.29,-0.165
-9.0320e-03,-0.295,-0.5
-9.0304e-03,-0.315,-0.175
-9.0288e-03,-0.31,-0.49
-9.0272e-03,-0.36,-0.195
-9.0256e-03,-0.255,-0.515
-9.0240e-03,-0.285,-0.17
-9.0224e-03,-0.28,-0.49
-9.0208e-03,-0.275,-0.19
-9.0192e-03,-0.32,-0.51
-9.0176e-03,-0.29,-0.17
-9.0160e-03,-0.365,-0.515
-9.0144e-03,-0.345,-0.165
-9.0128e-03,-0.255,-0.5
-9.0112e-03,-0.36,-0.185
-9.0096e-03,-0.33,-0.505
-9.0080e-03,-0.305,-0.175
-9.0064e-03,-0.365,-0.475
-9.0048e-03,-0.26,-0.2
-9.0032e-03,-0.32,-0.495
-9.0016e-03,-0.29,-0.185
-9.0000e-03,-0.335,-0.5
-8.9984e-03,-0.315,-0.18
-8.9968e-03,-0.28,-0.495
-8.9952e-03,-0.275,-0.185
-8.9936e-03,-0.37,-0.48
-8.9920e-03,-0.36,-0.195
-8.9904e-03,-0.355,-0.495
-8.9888e-03,-0.34,-0.185
-8.9872e-03,-0.355,-0.515
-8.9856e-03,-0.42,-0.165
-8.9840e-03,-0.45,-0.495
-8.9824e-03,-0.27,-0.175
-8.9808e-03,-0.375,-0.48
-8.9792e-03,-0.315,-0.195
-8.9776e-03,-0.37,-0.48
-8.9760e-03,-0.27,-0.195
-8.9744e-03,-0.285,-0.51
-8.9728e-03,-0.22,-0.16
-8.9712e-03,-0.345,-0.475
-8.9696e-03,-0.255,-0.195
-8.9680e-03,-0.28,-0.495
-8.9664e-03,-0.29,-0.175
-8.9648e-03,-0.28,-0.495
-8.9632e-03,-0.33,-0.18
-8.9616e-03,-0.305,-0.505
-8.9600e-03,-0.365,-0.165
-8.9584e-03,-0.335,-0.505
-8.9568e-03,-0.265,-0.165
-8.9552e-03,-0.255,-0.495
-8.9536e-03,-0.28,-0.185
-8.9520e-03,-0.31,-0.495
-8.9504e-03,-0.34,-0.17
-8.9488e-03,-0.28,-0.485
-8.9472e-03,-0.305,-0.19
-8.9456e-03,-0.335,-0.485
-8.9440e-03,-0.365,-0.185
-8.9424e-03,-0.27,-0.485
-8.9408e-03,-0.295,-0.19
-8.9392e-03,-0.275,-0.525
-8.9376e-03,-0.285,-0.15
-8.9360e-03,-0.335,-0.53
-8.9344e-03,-0.3,-0.155
-8.9328e-03,-0.36,-0.495
-8.9312e-03,-0.31,-0.18
-8.9296e-03,-0.355,-0.505
-8.9280e-03,-0.315,-0.165
-8.9264e-03,-0.3,-0.52
-8.9248e-03,-0.26,-0.165
-8.9232e-03,-0.245,-0.495
-8.9216e-03,-0.31,-0.175
-8.9200e-03,-0.285,-0.5
-8.9184e-03,-0.36,-0.185
-8.9168e-03,-0.315,-0.525
-8.9152e-03,-0.26,-0.155
-8.9136e-03,-0.35,-0.5
-8.9120e-03,-0.35,-0.17
-8.9104e-03,-0.395,-0.505
-8.9088e-03,-0.29,-0.175
-8.9072e-03,-0.295,-0.505
-8.9056e-03,-0.255,-0.175
-8.9040e-03,-0.41,-0.515
-8.9024e-03,-0.3,-0.17
-8.9008e-03,-0.285,-0.495
-8.8992e-03,-0.31,-0.19
-8.8976e-03,-0.35,-0.5
-8.8960e-03,-0.3,-0.18
-8.8944e-03,-0.375,-0.5
-8.8928e-03,-0.36,-0.185
-8.8912e-03,-0.335,-0.52
-8.8896e-03,-0.37,-0.16
-8.8880e-03,-0.315,-0.52
-8.8864e-03,-0.36,-0.16
-8.8848e-03,-0.36,-0.52
-8.8832e-03,-0.335,-0.16
-8.8816e-03,-0.29,-0.515
-8.8800e-03,-0.3,-0.165
-8.8784e-03,-0.325,-0.505
-8.8768e-03,-0.345,-0.18
-8.8752e-03,-0.31,-0.485
-8.8736e-03,-0.255,-0.195
-8.8720e-03,-0.385,-0.505
-8.8704e-03,-0.335,-0.175
-8.8688e-03,-0.37,-0.495
-8.8672e-03,-0.265,-0.19
-8.8656e-03,-0.355,-0.495
-8.8640e-03,-0.315,-0.185
-8.8624e-03,-0.395,-0.5
-8.8608e-03,-0.29,-0.18
-8.8592e-03,-0.345,-0.5
-8.8576e-03,-0.295,-0.17
-8.8560e-03,-0.305,-0.49
-8.8544e-03,-0.27,-0.195
-8.8528e-03,-0.36,-0.52
-8.8512e-03,-0.295,-0.165
-8.8496e-03,-0.24,-0.525
-8.8480e-03,-0.32,-0.16
-8.8464e-03,-0.305,-0.5
-8.8448e-03,-0.3,-0.18
-8.8432e-03,-0.415,-0.505
-8.8416e-03,-0.365,-0.175
-8.8400e-03,-0.285,-0.53
-8.8384e-03,-0.385,-0.15
-8.8368e-03,-0.31,-0.5
-8.8352e-03,-0.325,-0.175
-8.8336e-03,-0.275,-0.495
-8.8320e-03,-0.345,-0.185
-8.8304e-03,-0.325,-0.505
-8.8288e-03,-0.415,-0.18
-8.8272e-03,-0.3,-0.475
-8.8256e-03,-0.315,-0.2
-8.8240e-03,-0.335,-0.495
-8.8224e-03,-0.4,-0.185
-8.8208e-03,-0.34,-0.48
-8.8192e-03,-0.375,-0.19
-8.8176e-03,-0.34,-0.49
-8.8160e-03,-0.28,-0.19
-8.8144e-03,-0.295,-0.51
-8.8128e-03,-0.31,-0.17
-8.8112e-03,-0.335,-0.485
-8.8096e-03,-0.28,-0.19
-8.8080e-03,-0.385,-0.51
-8.8064e-03,-0.215,-0.165
-8.8048e-03,-0.375,-0.495
-8.8032e-03,-0.29,-0.18
-8.8016e-03,-0.4,-0.495
-8.8000e-03,-0.265,-0.18
-8.7984e-03,-0.335,-0.505
-8.7968e-03,-0.385,-0.17
-8.7952e-03,-0.365,-0.53
-8.7936e-03,-0.385,-0.15
-8.7920e-03,-0.345,-0.525
-8.7904e-03,-0.3,-0.155
-8.7888e-03,-0.295,-0.5
-8.7872e-03,-0.395,-0.18
-8.7856e-03,-0.285,-0.49
-8.7840e-03,-0.3,-0.19
-8.7824e-03,-0.35,-0.51
-8.7808e-03,-0.315,-0.165
-8.7792e-03,-0.385,-0.525
-8.7776e-03,-0.375,-0.145
-8.7760e-03,-0.37,-0.515
-8.7744e-03,-0.325,-0.165
-8.7728e-03,-0.35,-0.49
-8.7712e-03,-0.34,-0.19
-8.7696e-03,-0.37,-0.51
-8.7680e-03,-0.36,-0.165
-8.7664e-03,-0.3,-0.505
-8.7648e-03,-0.34,-0.175
-8.7632e-03,-0.295,-0.495
-8.7616e-03,-0.435,-0.185
-8.7600e-03,-0.275,-0.485
-8.7584e-03,-0.345,-0.2
-8.7568e-03,-0.285,-0.5
-8.7552e-03,-0.365,-0.18
-8.7536e-03,-0.28,-0.5
-8.7520e-03,-0.345,-0.18
-8.7504e-03,-0.225,-0.52
-8.7488e-03,-0.26,-0.16
-8.7472e-03,-0.3,-0.545
-8.7456e-03,-0.245,-0.13
-8.7440e-03,-0.31,-0.54
-8.7424e-03,-0.35,-0.135
-8.7408e-03,-0.325,-0.535
-8.7392e-03,-0.39,-0.15
-8.7376e-03,-0.365,-0.485
-8.7360e-03,-0.42,-0.2
-8.7344e-03,-0.3,-0.49
-8.7328e-03,-0.32,-0.19
-8.7312e-03,-0.3,-0.515
-8.7296e-03,-0.29,-0.17
-8.7280e-03,-0.415,-0.495
-8.7264e-03,-0.31,-0.185
-8.7248e-03,-0.36,-0.535
-8.7232e-03,-0.34,-0.145
-8.7216e-03,-0.44,-0.505
-8.7200e-03,-0.395,-0.175
-8.7184e-03,-0.36,-0.505
-8.7168e-03,-0.295,-0.175
-8.7152e-03,-0.385,-0.495
-8.7136e-03,-0.37,-0.185
-8.7120e-03,-0.345,-0.48
-8.7104e-03,-0.36,-0.2
-8.7088e-03,-0.355,-0.5
-8.7072e-03,-0.325,-0.175
-8.7056e-03,-0.35,-0.5
-8.7040e-03,-0.36,-0.18
-8.7024e-03,-0.265,-0.505
-8.7008e-03,-0.34,-0.175
-8.6992e-03,-0.21,-0.495
-8.6976e-03,-0.355,-0.18
-8.6960e-03,-0.27,-0.53
-8.6944e-03,-0.315,-0.155
-8.6928e-03,-0.275,-0.51
-8.6912e-03,-0.395,-0.165
-8.6896e-03,-0.315,-0.52
-8.6880e-03,-0.43,-0.155
-8.6864e-03,-0.375,-0.495
-8.6848e-03,-0.385,-0.18
-8.6832e-03,-0.31,-0.495
-8.6816e-03,-0.385,-0.18
-8.6800e-03,-0.36,-0.505
-8.6784e-03,-0.365,-0.18
-8.6768e-03,-0.295,-0.5
-8.6752e-03,-0.325,-0.175
-8.6736e-03,-0.41,-0.5
-8.6720e-03,-0.36,-0.185
-8.6704e-03,-0.365,-0.49
-8.6688e-03,-0.275,-0.185
-8.6672e-03,-0.34,-0.505
-8.6656e-03,-0.325,-0.17
-8.6640e-03,-0.325,-0.495
-8.6624e-03,-0.27,-0.175
-8.6608e-03,-0.345,-0.49
-8.6592e-03,-0.355,-0.185
-8.6576e-03,-0.29,-0.505
-8.6560e-03,-0.375,-0.18
-8.6544e-03,-0.31,-0.49
-8.6528e-03,-0.28,-0.18
-8.6512e-03,-0.265,-0.495
-8.6496e-03,-0.295,-0.175
-8.6480e-03,-0.36,-0.535
-8.6464e-03,-0.41,-0.145
-8.6448e-03,-0.29,-0.515
-8.6432e-03,-0.365,-0.165
-8.6416e-03,-0.42,-0.515
-8.6400e-03,-0.405,-0.175
-8.6384e-03,-0.395,-0.54
-8.6368e-03,-0.25,-0.135
-8.6352e-03,-0.28,-0.48
-8.6336e-03,-0.385,-0.195
-8.6320e-03,-0.32,-0.495
-8.6304e-03,-0.44,-0.175
-8.6288e-03,-0.38,-0.475
-8.6272e-03,-0.38,-0.195
-8.6256e-03,-0.415,-0.495
-8.6240e-03,-0.375,-0.18
-8.6224e-03,-0.265,-0.49
-8.6208e-03,-0.365,-0.18
-8.6192e-03,-0.315,-0.505
-8.6176e-03,-0.365,-0.175
-8.6160e-03,-0.435,-0.505
-8.6144e-03,-0.325,-0.175
-8.6128e-03,-0.38,-0.495
-8.6112e-03,-0.295,-0.18
-8.6096e-03,-0.28,-0.49
-8.6080e-03,-0.41,-0.185
-8.6064e-03,-0.335,-0.485
-8.6048e-03,-0.41,-0.19
-8.6032e-03,-0.375,-0.495
-8.6016e-03,-0.42,-0.18
-8.6000e-03,-0.385,-0.525
-8.5984e-03,-0.39,-0.16
-8.5968e-03,-0.25,-0.495
-8.5952e-03,-0.375,-0.175
-8.5936e-03,-0.28,-0.52
-8.5920e-03,-0.38,-0.155
-8.5904e-03,-0.33,-0.525
-8.5888e-03,-0.345,-0.155
-8.5872e-03,-0.235,-0.52
-8.5856e-03,-0.375,-0.165
-8.5840e-03,-0.26,-0.495
-8.5824e-03,-0.35,-0.185
-8.5808e-03,-0.245,-0.5
-8.5792e-03,-0.275,-0.175
-8.5776e-03,-0.275,-0.5
-8.5760e-03,-0.365,-0.18
-8.5744e-03,-0.29,-0.51
-8.5728e-03,-0.29,-0.17
-8.5712e-03,-0.27,-0.495
-8.5696e-03,-0.295,-0.185
-8.5680e-03,-0.355,-0.485
-8.5664e-03,-0.36,-0.19
-8.5648e-03,-0.325,-0.515
-8.5632e-03,-0.385,-0.16
-8.5616e-03,-0.375,-0.505
-8.5600e-03,-0.445,-0.17
-8.5584e-03,-0.35,-0.515
-8.5568e-03,-0.335,-0.165
-8.5552e-03,-0.39,-0.52
-8.5536e-03,-0.43,-0.16
-8.5520e-03,-0.405,-0.5
-8.5504e-03,-0.42,-0.18
-8.5488e-03,-0.36,-0.515
-8.5472e-03,-0.32,-0.165
-8.5456e-03,-0.36,-0.5
-8.5440e-03,-0.29,-0.19
-8.5424e-03,-0.335,-0.47
-8.5408e-03,-0.385,-0.205
-8.5392e-03,-0.315,-0.49
-8.5376e-03,-0.325,-0.185
-8.5360e-03,-0.49,-0.53
-8.5344e-03,-0.335,-0.15
-8.5328e-03,-0.405,-0.52
-8.5312e-03,-0.32,-0.155
-8.5296e-03,-0.335,-0.495
-8.5280e-03,-0.39,-0.175
-8.5264e-03,-0.39,-0.505
-8.5248e-03,-0.285,-0.17
-8.5232e-03,-0.35,-0.49
-8.5216e-03,-0.33,-0.195
-8.5200e-03,-0.325,-0.47
-8.5184e-03,-0.35,-0.21
-8.5168e-03,-0.27,-0.485
-8.5152e-03,-0.3,-0.195
-8.5136e-03,-0.315,-0.475
-8.5120e-03,-0.29,-0.2
-8.5104e-03,-0.345,-0.5
-8.5088e-03,-0.335,-0.175
-8.5072e-03,-0.29,-0.5
-8.5056e-03,-0.265,-0.185
-8.5040e-03,-0.355,-0.48
-8.5024e-03,-0.395,-0.2
-8.5008e-03,-0.375,-0.48
-8.4992e-03,-0.35,-0.195
-8.4976e-03,-0.295,-0.51
-8.4960e-03,-0.385,-0.17
-8.4944e-03,-0.38,-0.485
-8.4928e-03,-0.34,-0.19
-8.4912e-03,-0.3,-0.485
-8.4896e-03,-0.325,-0.185
-8.4880e-03,-0.365,-0.475
-8.4864e-03,-0.34,-0.2
-8.4848e-03,-0.39,-0.485
-8.4832e-03,-0.355,-0.19
-8.4816e-03,-0.365,-0.495
-8.4800e-03,-0.345,-0.18
-8.4784e-03,-0.305,-0.475
-8.4768e-03,-0.35,-0.195
-8.4752e-03,-0.315,-0.49
-8.4736e-03,-0.415,-0.19
-8.4720e-03,-0.305,-0.5
-8.4704e-03,-0.345,-0.18
-8.4688e-03,-0.445,-0.495
-8.4672e-03,-0.385,-0.175
-8.4656e-03,-0.31,-0.515
-8.4640e-03,-0.33,-0.155
-8.4624e-03,-0.27,-0.485
-8.4608e-03,-0.43,-0.185
-8.4592e-03,-0.41,-0.49
-8.4576e-03,-0.32,-0.18
-8.4560e-03,-0.33,-0.49
-8.4544e-03,-0.275,-0.185
-8.4528e-03,-0.335,-0.485
-8.4512e-03,-0.245,-0.19
-8.4496e-03,-0.355,-0.47
-8.4480e-03,-0.24,-0.21
-8.4464e-03,-0.33,-0.5
-8.4448e-03,-0.29,-0.175
-8.4432e-03,-0.32,-0.51
-8.4416e-03,-0.36,-0.165
-8.4400e-03,-0.385,-0.515
-8.4384e-03,-0.365,-0.165
-8.4368e-03,-0.3,-0.515
-8.4352e-03,-0.33,-0.165
-8.4336e-03,-0.37,-0.495
-8.4320e-03,-0.265,-0.185
-8.4304e-03,-0.275,-0.485
-8.4288e-03,-0.27,-0.19
-8.4272e-03,-0.305,-0.49
-8.4256e-03,-0.37,-0.18
-8.4240e-03,-0.36,-0.48
-8.4224e-03,-0.295,-0.19
-8.4208e-03,-0.3,-0.505
-8.4192e-03,-0.41,-0.185
-8.4176e-03,-0.315,-0.47
-8.4160e-03,-0.375,-0.205
-8.4144e-03,-0.345,-0.485
-8.4128e-03,-0.34,-0.19
-8.4112e-03,-0.265,-0.475
-8.4096e-03,-0.365,-0.195
-8.4080e-03,-0.35,-0.475
-8.4064e-03,-0.395,-0.2
-8.4048e-03,-0.355,-0.52
-8.4032e-03,-0.255,-0.155
-8.4016e-03,-0.255,-0.49
-8.4000e-03,-0.39,-0.185
-8.3984e-03,-0.33,-0.485
-8.3968e-03,-0.31,-0.19
-8.3952e-03,-0.37,-0.495
-8.3936e-03,-0.385,-0.18
-8.3920e-03,-0.325,-0.49
-8.3904e-03,-0.33,-0.19
-8.3888e-03,-0.33,-0.475
-8.3872e-03,-0.38,-0.2
-8.3856e-03,-0.35,-0.495
-8.3840e-03,-0.38,-0.18
-8.3824e-03,-0.315,-0.485
-8.3808e-03,-0.33,-0.185
-8.3792e-03,-0.325,-0.525
-8.3776e-03,-0.38,-0.15
-8.3760e-03,-0.315,-0.515
-8.3744e-03,-0.41,-0.165
-8.3728e-03,-0.335,-0.495
-8.3712e-03,-0.305,-0.18
-8.3696e-03,-0.285,-0.5
-8.3680e-03,-0.42,-0.17
-8.3664e-03,-0.365,-0.475
-8.3648e-03,-0.365,-0.2
-8.3632e-03,-0.265,-0.475
-8.3616e-03,-0.31,-0.2
-8.3600e-03,-0.295,-0.475
-8.3584e-03,-0.365,-0.2
-8.3568e-03,-0.355,-0.48
-8.3552e-03,-0.265,-0.19
-8.3536e-03,-0.315,-0.47
-8.3520e-03,-0.26,-0.2
-8.3504e-03,-0.305,-0.495
-8.3488e-03,-0.38,-0.185
-8.3472e-03,-0.415,-0.5
-8.3456e-03,-0.325,-0.175
-8.3440e-03,-0.225,-0.515
-8.3424e-03,-0.315,-0.16
-8.3408e-03,-0.32,-0.51
-8.3392e-03,-0.305,-0.155
-8.3376e-03,-0.33,-0.505
-8.3360e-03,-0.25,-0.165
-8.3344e-03,-0.3,-0.545
-8.3328e-03,-0.375,-0.13
-8.3312e-03,-0.365,-0.495
-8.3296e-03,-0.285,-0.185
-8.3280e-03,-0.31,-0.485
-8.3264e-03,-0.31,-0.19
-8.3248e-03,-0.34,-0.47
-8.3232e-03,-0.3,-0.205
-8.3216e-03,-0.335,-0.49
-8.3200e-03,-0.43,-0.19
-8.3184e-03,-0.33,-0.485
-8.3168e-03,-0.415,-0.195
-8.3152e-03,-0.34,-0.51
-8.3136e-03,-0.43,-0.17
-8.3120e-03,-0.35,-0.48
-8.3104e-03,-0.415,-0.195
-8.3088e-03,-0.28,-0.495
-8.3072e-03,-0.375,-0.185
-8.3056e-03,-0.355,-0.475
-8.3040e-03,-0.36,-0.2
-8.3024e-03,-0.28,-0.48
-8.3008e-03,-0.375,-0.19
-8.2992e-03,-0.375,-0.49
-8.2976e-03,-0.4,-0.185
-8.2960e-03,-0.245,-0.485
-8.2944e-03,-0.315,-0.185
-8.2928e-03,-0.315,-0.5
-8.2912e-03,-0.325,-0.18
-8.2896e-03,-0.295,-0.49
-8.2880e-03,-0.315,-0.185
-8.2864e-03,-0.275,-0.48
-8.2848e-03,-0.365,-0.195
-8.2832e-03,-0.385,-0.495
-8.2816e-03,-0.345,-0.185
-8.2800e-03,-0.395,-0.49
-8.2784e-03,-0.385,-0.185
-8.2768e-03,-0.35,-0.5
-8.2752e-03,-0.4,-0.185
-8.2736e-03,-0.365,-0.485
-8.2720e-03,-0.435,-0.195
-8.2704e-03,-0.29,-0.485
-8.2688e-03,-0.31,-0.195
-8.2672e-03,-0.335,-0.5
-8.2656e-03,-0.36,-0.18
-8.2640e-03,-0.35,-0.48
-8.2624e-03,-0.375,-0.195
-8.2608e-03,-0.26,-0.49
-8.2592e-03,-0.3,-0.19
-8.2576e-03,-0.355,-0.51
-8.2560e-03,-0.385,-0.175
-8.2544e-03,-0.265,-0.505
-8.2528e-03,-0.29,-0.175
-8.2512e-03,-0.33,-0.51
-8.2496e-03,-0.415,-0.165
-8.2480e-03,-0.44,-0.475
-8.2464e-03,-0.355,-0.195
-8.2448e-03,-0.345,-0.485
-8.2432e-03,-0.27,-0.19
-8.2416e-03,-0.42,-0.485
-8.2400e-03,-0.305,-0.195
-8.2384e-03,-0.315,-0.475
-8.2368e-03,-0.3,-0.205
-8.2352e-03,-0.32,-0.47
-8.2336e-03,-0.275,-0.2
-8.2320e-03,-0.345,-0.5
-8.2304e-03,-0.245,-0.17
-8.2288e-03,-0.345,-0.505
-8.2272e-03,-0.18,-0.165
-8.2256e-03,-0.405,-0.505
-8.2240e-03,-0.365,-0.18
-8.2224e-03,-0.32,-0.5
-8.2208e-03,-0.28,-0.18
-8.2192e-03,-0.235,-0.485
-8.2176e-03,-0.245,-0.19
-8.2160e-03,-0.365,-0.485
-8.2144e-03,-0.335,-0.19
-8.2128e-03,-0.3,-0.51
-8.2112e-03,-0.28,-0.16
-8.2096e-03,-0.37,-0.53
-8.2080e-03,-0.335,-0.14
-8.2064e-03,-0.35,-0.49
-8.2048e-03,-0.3,-0.185
-8.2032e-03,-0.315,-0.49
-8.2016e-03,-0.34,-0.17
-8.2000e-03,-0.435,-0.485
-8.1984e-03,-0.35,-0.185
-8.1968e-03,-0.465,-0.485
-8.1952e-03,-0.345,-0.185
-8.1936e-03,-0.33,-0.485
-8.1920e-03,-0.35,-0.19
-8.1904e-03,-0.41,-0.51
-8.1888e-03,-0.29,-0.16
-8.1872e-03,-0.29,-0.495
-8.1856e-03,-0.235,-0.18
-8.1840e-03,-0.385,-0.5
-8.1824e-03,-0.27,-0.175
-8.1808e-03,-0.28,-0.5
-8.1792e-03,-0.225,-0.17
-8.1776e-03,-0.315,-0.47
-8.1760e-03,-0.365,-0.2
-8.1744e-03,-0.32,-0.515
-8.1728e-03,-0.295,-0.16
-8.1712e-03,-0.31,-0.495
-8.1696e-03,-0.36,-0.17
-8.1680e-03,-0.29,-0.5
-8.1664e-03,-0.395,-0.165
-8.1648e-03,-0.28,-0.495
-8.1632e-03,-0.33,-0.18
-8.1616e-03,-0.27,-0.505
-8.1600e-03,-0.3,-0.17
-8.1584e-03,-0.285,-0.49
-8.1568e-03,-0.32,-0.185
-8.1552e-03,-0.25,-0.48
-8.1536e-03,-0.255,-0.19
-8.1520e-03,-0.3,-0.48
-8.1504e-03,-0.34,-0.19
-8.1488e-03,-0.315,-0.5
-8.1472e-03,-0.31,-0.175
-8.1456e-03,-0.315,-0.49
-8.1440e-03,-0.355,-0.19
-8.1424e-03,-0.405,-0.475
-8.1408e-03,-0.29,-0.19
-8.1392e-03,-0.345,-0.475
-8.1376e-03,-0.29,-0.2
-8.1360e-03,-0.39,-0.49
-8.1344e-03,-0.34,-0.185
-8.1328e-03,-0.33,-0.51
-8.1312e-03,-0.28,-0.175
-8.1296e-03,-0.37,-0.525
-8.1280e-03,-0.38,-0.16
-8.1264e-03,-0.295,-0.525
-8.1248e-03,-0.325,-0.15
-8.1232e-03,-0.265,-0.52
-8.1216e-03,-0.295,-0.165
-8.1200e-03,-0.29,-0.495
-8.1184e-03,-0.32,-0.185
-8.1168e-03,-0.275,-0.495
-8.1152e-03,-0.375,-0.185
-8.1136e-03,-0.335,-0.485
-8.1120e-03,-0.31,-0.195
-8.1104e-03,-0.415,-0.53
-8.1088e-03,-0.33,-0.155
-8.1072e-03,-0.36,-0.49
-8.1056e-03,-0.325,-0.19
-8.1040e-03,-0.38,-0.485
-8.1024e-03,-0.375,-0.195
-8.1008e-03,-0.395,-0.49
-8.0992e-03,-0.31,-0.19
-8.0976e-03,-0.27,-0.49
-8.0960e-03,-0.34,-0.195
-8.0944e-03,-0.33,-0.485
-8.0928e-03,-0.29,-0.195
-8.0912e-03,-0.345,-0.47
-8.0896e-03,-0.28,-0.2
-8.0880e-03,-0.28,-0.475
-8.0864e-03,-0.38,-0.195
-8.0848e-03,-0.29,-0.49
-8.0832e-03,-0.385,-0.18
-8.0816e-03,-0.355,-0.47
-8.0800e-03,-0.33,-0.2
-8.0784e-03,-0.415,-0.495
-8.0768e-03,-0.31,-0.175
-8.0752e-03,-0.325,-0.5
-8.0736e-03,-0.33,-0.185
-8.0720e-03,-0.345,-0.47
-8.0704e-03,-0.365,-0.2
-8.0688e-03,-0.385,-0.48
-8.0672e-03,-0.27,-0.19
-8.0656e-03,-0.245,-0.46
-8.0640e-03,-0.35,-0.21
-8.0624e-03,-0.255,-0.475
-8.0608e-03,-0.3,-0.2
-8.0592e-03,-0.225,-0.475
-8.0576e-03,-0.295,-0.195
-8.0560e-03,-0.31,-0.49
-8.0544e-03,-0.445,-0.17
-8.0528e-03,-0.26,-0.49
-8.0512e-03,-0.39,-0.175
-8.0496e-03,-0.315,-0.495
-8.0480e-03,-0.37,-0.165
-8.0464e-03,-0.345,-0.47
-8.0448e-03,-0.325,-0.19
-8.0432e-03,-0.35,-0.485
-8.0416e-03,-0.36,-0.185
-8.0400e-03,-0.375,-0.47
-8.0384e-03,-0.295,-0.2
-8.0368e-03,-0.34,-0.485
-8.0352e-03,-0.285,-0.18
-8.0336e-03,-0.265,-0.485
-8.0320e-03,-0.285,-0.175
-8.0304e-03,-0.325,-0.47
-8.0288e-03,-0.375,-0.19
-8.0272e-03,-0.315,-0.48
-8.0256e-03,-0.34,-0.19
-8.0240e-03,-0.41,-0.475
-8.0224e-03,-0.36,-0.19
-8.0208e-03,-0.335,-0.48
-8.0192e-03,-0.28,-0.185
-8.0176e-03,-0.305,-0.485
-8.0160e-03,-0.295,-0.185
-8.0144e-03,-0.37,-0.495
-8.0128e-03,-0.29,-0.175
-8.0112e-03,-0.305,-0.465
-8.0096e-03,-0.36,-0.195
-8.0080e-03,-0.33,-0.455
-8.0064e-03,-0.29,-0.21
-8.0048e-03,-0.32,-0.52
-8.0032e-03,-0.275,-0.155
-8.0016e-03,-0.245,-0.465
-8.0000e-03,-0.365,-0.2
-7.9984e-03,-0.325,-0.525
-7.9968e-03,-0.345,-0.145
-7.9952e-03,-0.365,-0.495
-7.9936e-03,-0.4,-0.175
-7.9920e-03,-0.33,-0.485
-7.9904e-03,-0.395,-0.19
-7.9888e-03,-0.335,-0.475
-7.9872e-03,-0.29,-0.2
-7.9856e-03,-0.34,-0.49
-7.9840e-03,-0.325,-0.185
-7.9824e-03,-0.26,-0.525
-7.9808e-03,-0.35,-0.14
-7.9792e-03,-0.305,-0.48
-7.9776e-03,-0.35,-0.19
-7.9760e-03,-0.3,-0.49
-7.9744e-03,-0.33,-0.18
-7.9728e-03,-0.27,-0.52
-7.9712e-03,-0.335,-0.16
-7.9696e-03,-0.28,-0.475
-7.9680e-03,-0.295,-0.2
-7.9664e-03,-0.325,-0.495
-7.9648e-03,-0.34,-0.175
-7.9632e-03,-0.355,-0.475
-7.9616e-03,-0.405,-0.2
-7.9600e-03,-0.315,-0.49
-7.9584e-03,-0.36,-0.185
-7.9568e-03,-0.335,-0.51
-7.9552e-03,-0.325,-0.17
-7.9536e-03,-0.405,-0.515
-7.9520e-03,-0.28,-0.16
-7.9504e-03,-0.3,-0.505
-7.9488e-03,-0.335,-0.17
-7.9472e-03,-0.375,-0.48
-7.9456e-03,-0.315,-0.2
-7.9440e-03,-0.325,-0.5
-7.9424e-03,-0.27,-0.175
-7.9408e-03,-0.355,-0.5
-7.9392e-03,-0.355,-0.175
-7.9376e-03,-0.27,-0.48
-7.9360e-03,-0.325,-0.195
-7.9344e-03,-0.33,-0.485
-7.9328e-03,-0.435,-0.18
-7.9312e-03,-0.38,-0.49
-7.9296e-03,-0.355,-0.175
-7.9280e-03,-0.25,-0.485
-7.9264e-03,-0.415,-0.19
-7.9248e-03,-0.305,-0.48
-7.9232e-03,-0.335,-0.185
-7.9216e-03,-0.245,-0.485
-7.9200e-03,-0.265,-0.185
-7.9184e-03,-0.29,-0.485
-7.9168e-03,-0.37,-0.19
-7.9152e-03,-0.26,-0.465
-7.9136e-03,-0.345,-0.2
-7.9120e-03,-0.36,-0.48
-7.9104e-03,-0.385,-0.195
-7.9088e-03,-0.41,-0.48
-7.9072e-03,-0.39,-0.185
-7.9056e-03,-0.355,-0.485
-7.9040e-03,-0.315,-0.185
-7.9024e-03,-0.375,-0.505
-7.9008e-03,-0.37,-0.165
-7.8992e-03,-0.295,-0.49
-7.8976e-03,-0.34,-0.185
-7.8960e-03,-0.23,-0.49
-7.8944e-03,-0.28,-0.185
-7.8928e-03,-0.345,-0.475
-7.8912e-03,-0.3,-0.195
-7.8896e-03,-0.295,-0.485
-7.8880e-03,-0.265,-0.18
-7.8864e-03,-0.36,-0.485
-7.8848e-03,-0.39,-0.185
-7.8832e-03,-0.38,-0.475
-7.8816e-03,-0.365,-0.185
-7.8800e-03,-0.325,-0.505
-7.8784e-03,-0.415,-0.165
-7.8768e-03,-0.425,-0.515
-7.8752e-03,-0.3,-0.15
-7.8736e-03,-0.27,-0.485
-7.8720e-03,-0.335,-0.175
-7.8704e-03,-0.335,-0.49
-7.8688e-03,-0.32,-0.17
-7.8672e-03,-0.325,-0.475
-7.8656e-03,-0.28,-0.185
-7.8640e-03,-0.29,-0.505
-7.8624e-03,-0.37,-0.155
-7.8608e-03,-0.385,-0.505
-7.8592e-03,-0.355,-0.15
-7.8576e-03,-0.3,-0.48
-7.8560e-03,-0.255,-0.19
-7.8544e-03,-0.415,-0.47
-7.8528e-03,-0.34,-0.195
-7.8512e-03,-0.305,-0.475
-7.8496e-03,-0.35,-0.185
-7.8480e-03,-0.295,-0.475
-7.8464e-03,-0.325,-0.19
-7.8448e-03,-0.36,-0.46
-7.8432e-03,-0.39,-0.205
-7.8416e-03,-0.33,-0.505
-7.8400e-03,-0.275,-0.16
-7.8384e-03,-0.3,-0.485
-7.8368e-03,-0.445,-0.185
-7.8352e-03,-0.35,-0.47
-7.8336e-03,-0.335,-0.2
-7.8320e-03,-0.28,-0.5
-7.8304e-03,-0.39,-0.165
-7.8288e-03,-0.36,-0.475
-7.8272e-03,-0.34,-0.19
-7.8256e-03,-0.28,-0.46
-7.8240e-03,-0.335,-0.2
-7.8224e-03,-0.31,-0.47
-7.8208e-03,-0.37,-0.2
-7.8192e-03,-0.34,-0.455
-7.8176e-03,-0.3,-0.2
-7.8160e-03,-0.315,-0.465
-7.8144e-03,-0.365,-0.21
-7.8128e-03,-0.35,-0.49
-7.8112e-03,-0.325,-0.18
-7.8096e-03,-0.325,-0.48
-7.8080e-03,-0.335,-0.19
-7.8064e-03,-0.295,-0.49
-7.8048e-03,-0.385,-0.185
-7.8032e-03,-0.34,-0.5
-7.8016e-03,-0.36,-0.17
-7.8000e-03,-0.29,-0.48
-7.7984e-03,-0.275,-0.195
-7.7968e-03,-0.36,-0.48
-7.7952e-03,-0.32,-0.19
-7.7936e-03,-0.31,-0.485
-7.7920e-03,-0.305,-0.185
-7.7904e-03,-0.315,-0.505
-7.7888e-03,-0.355,-0.175
-7.7872e-03,-0.375,-0.545
-7.7856e-03,-0.345,-0.135
-7.7840e-03,-0.31,-0.475
-7.7824e-03,-0.345,-0.2
-7.7808e-03,-0.375,-0.52
-7.7792e-03,-0.335,-0.15
-7.7776e-03,-0.31,-0.49
-7.7760e-03,-0.29,-0.18
-7.7744e-03,-0.38,-0.47
-7.7728e-03,-0.285,-0.195
-7.7712e-03,-0.275,-0.47
-7.7696e-03,-0.285,-0.19
-7.7680e-03,-0.295,-0.485
-7.7664e-03,-0.305,-0.185
-7.7648e-03,-0.33,-0.485
-7.7632e-03,-0.29,-0.18
-7.7616e-03,-0.275,-0.485
-7.7600e-03,-0.29,-0.18
-7.7584e-03,-0.365,-0.5
-7.7568e-03,-0.355,-0.165
-7.7552e-03,-0.365,-0.485
-7.7536e-03,-0.305,-0.185
-7.7520e-03,-0.27,-0.48
-7.7504e-03,-0.36,-0.19
-7.7488e-03,-0.325,-0.48
-7.7472e-03,-0.395,-0.19
-7.7456e-03,-0.235,-0.51
-7.7440e-03,-0.31,-0.16
-7.7424e-03,-0.335,-0.495
-7.7408e-03,-0.365,-0.185
-7.7392e-03,-0.34,-0.475
-7.7376e-03,-0.37,-0.19
-7.7360e-03,-0.32,-0.475
-7.7344e-03,-0.3,-0.195
-7.7328e-03,-0.405,-0.505
-7.7312e-03,-0.36,-0.155
-7.7296e-03,-0.41,-0.49
-7.7280e-03,-0.335,-0.18
-7.7264e-03,-0.375,-0.47
-7.7248e-03,-0.285,-0.2
-7.7232e-03,-0.33,-0.465
-7.7216e-03,-0.25,-0.205
-7.7200e-03,-0.315,-0.515
-7.7184e-03,-0.225,-0.145
-7.7168e-03,-0.385,-0.485
-7.7152e-03,-0.26,-0.175
-7.7136e-03,-0.29,-0.47
-7.7120e-03,-0.35,-0.195
-7.7104e-03,-0.385,-0.465
-7.7088e-03,-0.365,-0.195
-7.7072e-03,-0.395,-0.485
-7.7056e-03,-0.345,-0.175
-7.7040e-03,-0.365,-0.49
-7.7024e-03,-0.43,-0.175
-7.7008e-03,-0.36,-0.47
-7.6992e-03,-0.295,-0.185
-7.6976e-03,-0.33,-0.485
-7.6960e-03,-0.265,-0.185
-7.6944e-03,-0.315,-0.485
-7.6928e-03,-0.295,-0.185
-7.6912e-03,-0.36,-0.47
-7.6896e-03,-0.245,-0.185
-7.6880e-03,-0.31,-0.48
-7.6864e-03,-0.275,-0.185
-7.6848e-03,-0.365,-0.475
-7.6832e-03,-0.335,-0.185
-7.6816e-03,-0.425,-0.475
-7.6800e-03,-0.325,-0.19
-7.6784e-03,-0.36,-0.47
-7.6768e-03,-0.39,-0.185
-7.6752e-03,-0.395,-0.475
-7.6736e-03,-0.36,-0.185
-7.6720e-03,-0.335,-0.48
-7.6704e-03,-0.335,-0.185
-7.6688e-03,-0.34,-0.475
-7.6672e-03,-0.32,-0.185
-7.6656e-03,-0.19,-0.49
-7.6640e-03,-0.3,-0.175
-7.6624e-03,-0.3,-0.48
-7.6608e-03,-0.31,-0.185
-7.6592e-03,-0.33,-0.495
-7.6576e-03,-0.22,-0.175
-7.6560e-03,-0.305,-0.475
-7.6544e-03,-0.33,-0.19
-7.6528e-03,-0.35,-0.5
-7.6512e-03,-0.325,-0.16
-7.6496e-03,-0.33,-0.5
-7.6480e-03,-0.29,-0.155
-7.6464e-03,-0.28,-0.5
-7.6448e-03,-0.305,-0.16
-7.6432e-03,-0.285,-0.475
-7.6416e-03,-0.29,-0.19
-7.6400e-03,-0.33,-0.48
-7.6384e-03,-0.28,-0.175
-7.6368e-03,-0.32,-0.495
-7.6352e-03,-0.33,-0.165
-7.6336e-03,-0.28,-0.505
-7.6320e-03,-0.33,-0.155
-7.6304e-03,-0.345,-0.505
-7.6288e-03,-0.405,-0.155
-7.6272e-03,-0.43,-0.475
-7.6256e-03,-0.355,-0.185
-7.6240e-03,-0.28,-0.485
-7.6224e-03,-0.395,-0.18
-7.6208e-03,-0.36,-0.485
-7.6192e-03,-0.32,-0.18
-7.6176e-03,-0.325,-0.515
-7.6160e-03,-0.355,-0.15
-7.6144e-03,-0.345,-0.495
-7.6128e-03,-0.365,-0.165
-7.6112e-03,-0.27,-0.46
-7.6096e-03,-0.315,-0.2
-7.6080e-03,-0.28,-0.48
-7.6064e-03,-0.365,-0.175
-7.6048e-03,-0.305,-0.485
-7.6032e-03,-0.295,-0.185
-7.6016e-03,-0.23,-0.485
-7.6000e-03,-0.325,-0.175
-7.5984e-03,-0.3,-0.475
-7.5968e-03,-0.36,-0.19
-7.5952e-03,-0.35,-0.49
-7.5936e-03,-0.37,-0.175
-7.5920e-03,-0.335,-0.48
-7.5904e-03,-0.39,-0.18
-7.5888e-03,-0.39,-0.49
-7.5872e-03,-0.34,-0.18
-7.5856e-03,-0.355,-0.475
-7.5840e-03,-0.31,-0.185
-7.5824e-03,-0.33,-0.51
-7.5808e-03,-0.455,-0.155
-7.5792e-03,-0.275,-0.49
-7.5776e-03,-0.36,-0.17
-7.5760e-03,-0.245,-0.47
-7.5744e-03,-0.355,-0.195
-7.5728e-03,-0.345,-0.49
-7.5712e-03,-0.34,-0.16
-7.5696e-03,-0.32,-0.495
-7.5680e-03,-0.355,-0.17
-7.5664e-03,-0.38,-0.5
-7.5648e-03,-0.355,-0.165
-7.5632e-03,-0.305,-0.48
-7.5616e-03,-0.31,-0.19
-7.5600e-03,-0.275,-0.495
-7.5584e-03,-0.41,-0.175
-7.5568e-03,-0.315,-0.495
-7.5552e-03,-0.345,-0.165
-7.5536e-03,-0.34,-0.485
-7.5520e-03,-0.305,-0.18
-7.5504e-03,-0.315,-0.475
-7.5488e-03,-0.31,-0.185
-7.5472e-03,-0.33,-0.495
-7.5456e-03,-0.29,-0.175
-7.5440e-03,-0.385,-0.495
-7.5424e-03,-0.295,-0.165
-7.5408e-03,-0.425,-0.475
-7.5392e-03,-0.33,-0.19
-7.5376e-03,-0.335,-0.485
-7.5360e-03,-0.29,-0.18
-7.5344e-03,-0.36,-0.49
-7.5328e-03,-0.35,-0.17
-7.5312e-03,-0.305,-0.49
-7.5296e-03,-0.375,-0.17
-7.5280e-03,-0.325,-0.5
-7.5264e-03,-0.355,-0.165
-7.5248e-03,-0.39,-0.51
-7.5232e-03,-0.34,-0.15
-7.5216e-03,-0.26,-0.47
-7.5200e-03,-0.41,-0.19
-7.5184e-03,-0.295,-0.52
-7.5168e-03,-0.37,-0.135
-7.5152e-03,-0.24,-0.48
-7.5136e-03,-0.315,-0.18
-7.5120e-03,-0.28,-0.52
-7.5104e-03,-0.36,-0.14
-7.5088e-03,-0.2,-0.48
-7.5072e-03,-0.225,-0.175
-7.5056e-03,-0.255,-0.475
-7.5040e-03,-0.325,-0.185
-7.5024e-03,-0.245,-0.465
-7.5008e-03,-0.35,-0.19
-7.4992e-03,-0.28,-0.46
-7.4976e-03,-0.35,-0.195
-7.4960e-03,-0.36,-0.495
-7.4944e-03,-0.33,-0.15
-7.4928e-03,-0.315,-0.46
-7.4912e-03,-0.33,-0.195
-7.4896e-03,-0.36,-0.485
-7.4880e-03,-0.335,-0.165
-7.4864e-03,-0.39,-0.475
-7.4848e-03,-0.325,-0.18
-7.4832e-03,-0.33,-0.49
-7.4816e-03,-0.345,-0.165
-7.4800e-03,-0.33,-0.48
-7.4784e-03,-0.33,-0.175
-7.4768e-03,-0.345,-0.47
-7.4752e-03,-0.205,-0.18
-7.4736e-03,-0.305,-0.49
-7.4720e-03,-0.325,-0.16
-7.4704e-03,-0.305,-0.485
-7.4688e-03,-0.345,-0.165
-7.4672e-03,-0.26,-0.455
-7.4656e-03,-0.37,-0.19
-7.4640e-03,-0.4,-0.475
-7.4624e-03,-0.315,-0.17
-7.4608e-03,-0.31,-0.48
-7.4592e-03,-0.31,-0.17
-7.4576e-03,-0.27,-0.485
-7.4560e-03,-0.35,-0.16
-7.4544e-03,-0.2,-0.465
-7.4528e-03,-0.22,-0.19
-7.4512e-03,-0.28,-0.46
-7.4496e-03,-0.26,-0.185
-7.4480e-03,-0.265,-0.485
-7.4464e-03,-0.3,-0.17
-7.4448e-03,-0.215,-0.5
-7.4432e-03,-0.33,-0.15
-7.4416e-03,-0.295,-0.485
-7.4400e-03,-0.255,-0.17
-7.4384e-03,-0.29,-0.48
-7.4368e-03,-0.26,-0.175
-7.4352e-03,-0.245,-0.5
-7.4336e-03,-0.345,-0.16
-7.4320e-03,-0.31,-0.46
-7.4304e-03,-0.275,-0.2
-7.4288e-03,-0.375,-0.48
-7.4272e-03,-0.245,-0.18
-7.4256e-03,-0.44,-0.47
-7.4240e-03,-0.395,-0.18
-7.4224e-03,-0.43,-0.49
-7.4208e-03,-0.345,-0.165
-7.4192e-03,-0.395,-0.465
-7.4176e-03,-0.36,-0.195
-7.4160e-03,-0.41,-0.5
-7.4144e-03,-0.265,-0.165
-7.4128e-03,-0.305,-0.495
-7.4112e-03,-0.36,-0.165
-7.4096e-03,-0.345,-0.465
-7.4080e-03,-0.365,-0.185
-7.4064e-03,-0.33,-0.465
-7.4048e-03,-0.245,-0.195
-7.4032e-03,-0.36,-0.47
-7.4016e-03,-0.325,-0.19
-7.4000e-03,-0.315,-0.47
-7.3984e-03,-0.34,-0.185
-7.3968e-03,-0.345,-0.48
-7.3952e-03,-0.335,-0.185
-7.3936e-03,-0.355,-0.475
-7.3920e-03,-0.23,-0.185
-7.3904e-03,-0.31,-0.47
-7.3888e-03,-0.28,-0.195
-7.3872e-03,-0.375,-0.48
-7.3856e-03,-0.315,-0.19
-7.3840e-03,-0.435,-0.49
-7.3824e-03,-0.375,-0.175
-7.3808e-03,-0.37,-0.49
-7.3792e-03,-0.405,-0.175
-7.3776e-03,-0.355,-0.475
-7.3760e-03,-0.36,-0.185
-7.3744e-03,-0.31,-0.48
-7.3728e-03,-0.21,-0.19
-7.3712e-03,-0.345,-0.49
-7.3696e-03,-0.3,-0.175
-7.3680e-03,-0.295,-0.475
-7.3664e-03,-0.24,-0.18
-7.3648e-03,-0.31,-0.485
-7.3632e-03,-0.33,-0.175
-7.3616e-03,-0.36,-0.47
-7.3600e-03,-0.355,-0.195
-7.3584e-03,-0.295,-0.48
-7.3568e-03,-0.385,-0.18
-7.3552e-03,-0.335,-0.47
-7.3536e-03,-0.395,-0.19
-7.3520e-03,-0.25,-0.48
-7.3504e-03,-0.325,-0.175
-7.3488e-03,-0.3,-0.495
-7.3472e-03,-0.32,-0.16
-7.3456e-03,-0.28,-0.49
-7.3440e-03,-0.25,-0.17
-7.3424e-03,-0.3,-0.465
-7.3408e-03,-0.245,-0.185
-7.3392e-03,-0.31,-0.48
-7.3376e-03,-0.295,-0.175
-7.3360e-03,-0.23,-0.47
-7.3344e-03,-0.285,-0.18
-7.3328e-03,-0.33,-0.47
-7.3312e-03,-0.245,-0.185
-7.3296e-03,-0.4,-0.465
-7.3280e-03,-0.225,-0.19
-7.3264e-03,-0.265,-0.48
-7.3248e-03,-0.315,-0.17
-7.3232e-03,-0.33,-0.45
-7.3216e-03,-0.295,-0.2
-7.3200e-03,-0.33,-0.46
-7.3184e-03,-0.255,-0.19
-7.3168e-03,-0.34,-0.46
-7.3152e-03,-0.375,-0.185
-7.3136e-03,-0.31,-0.465
-7.3120e-03,-0.305,-0.175
-7.3104e-03,-0.345,-0.475
-7.3088e-03,-0.34,-0.175
-7.3072e-03,-0.36,-0.465
-7.3056e-03,-0.335,-0.18
-7.3040e-03,-0.27,-0.47
-7.3024e-03,-0.345,-0.17
-7.3008e-03,-0.375,-0.46
-7.2992e-03,-0.305,-0.19
-7.2976e-03,-0.335,-0.46
-7.2960e-03,-0.315,-0.185
-7.2944e-03,-0.345,-0.47
-7.2928e-03,-0.39,-0.185
-7.2912e-03,-0.32,-0.49
-7.2896e-03,-0.315,-0.16
-7.2880e-03,-0.42,-0.5
-7.2864e-03,-0.33,-0.155
-7.2848e-03,-0.395,-0.465
-7.2832e-03,-0.375,-0.175
-7.2816e-03,-0.31,-0.505
-7.2800e-03,-0.35,-0.14
-7.2784e-03,-0.36,-0.48
-7.2768e-03,-0.33,-0.17
-7.2752e-03,-0.4,-0.475
-7.2736e-03,-0.29,-0.165
-7.2720e-03,-0.25,-0.47
-7.2704e-03,-0.34,-0.185
-7.2688e-03,-0.335,-0.485
-7.2672e-03,-0.3,-0.155
-7.2656e-03,-0.37,-0.47
-7.2640e-03,-0.23,-0.17
-7.2624e-03,-0.31,-0.495
-7.2608e-03,-0.445,-0.16
-7.2592e-03,-0.255,-0.495
-7.2576e-03,-0.355,-0.155
-7.2560e-03,-0.29,-0.47
-7.2544e-03,-0.325,-0.18
-7.2528e-03,-0.385,-0.485
-7.2512e-03,-0.37,-0.165
-7.2496e-03,-0.255,-0.475
-7.2480e-03,-0.42,-0.18
-7.2464e-03,-0.31,-0.485
-7.2448e-03,-0.365,-0.165
-7.2432e-03,-0.375,-0.48
-7.2416e-03,-0.295,-0.17
-7.2400e-03,-0.365,-0.485
-7.2384e-03,-0.385,-0.165
-7.2368e-03,-0.295,-0.48
-7.2352e-03,-0.33,-0.175
-7.2336e-03,-0.245,-0.49
-7.2320e-03,-0.315,-0.16
-7.2304e-03,-0.255,-0.5
-7.2288e-03,-0.34,-0.165
-7.2272e-03,-0.25,-0.47
-7.2256e-03,-0.33,-0.18
-7.2240e-03,-0.245,-0.49
-7.2224e-03,-0.33,-0.165
-7.2208e-03,-0.345,-0.47
-7.2192e-03,-0.315,-0.185
-7.2176e-03,-0.27,-0.46
-7.2160e-03,-0.365,-0.195
-7.2144e-03,-0.28,-0.475
-7.2128e-03,-0.365,-0.18
-7.2112e-03,-0.315,-0.475
-7.2096e-03,-0.2,-0.19
-7.2080e-03,-0.37,-0.485
-7.2064e-03,-0.28,-0.165
-7.2048e-03,-0.375,-0.47
-7.2032e-03,-0.31,-0.175
-7.2016e-03,-0.28,-0.515
-7.2000e-03,-0.385,-0.13
-7.1984e-03,-0.34,-0.49
-7.1968e-03,-0.31,-0.165
-7.1952e-03,-0.34,-0.495
-7.1936e-03,-0.305,-0.16
-7.1920e-03,-0.355,-0.48
-7.1904e-03,-0.41,-0.175
-7.1888e-03,-0.285,-0.53
-7.1872e-03,-0.44,-0.12
-7.1856e-03,-0.32,-0.475
-7.1840e-03,-0.42,-0.175
-7.1824e-03,-0.365,-0.495
-7.1808e-03,-0.35,-0.155
-7.1792e-03,-0.3,-0.5
-7.1776e-03,-0.335,-0.145
-7.1760e-03,-0.3,-0.46
-7.1744e-03,-0.36,-0.185
-7.1728e-03,-0.32,-0.505
-7.1712e-03,-0.26,-0.145
-7.1696e-03,-0.27,-0.495
-7.1680e-03,-0.26,-0.145
-7.1664e-03,-0.315,-0.515
-7.1648e-03,-0.29,-0.13
-7.1632e-03,-0.275,-0.47
-7.1616e-03,-0.21,-0.175
-7.1600e-03,-0.315,-0.445
-7.1584e-03,-0.29,-0.195
-7.1568e-03,-0.35,-0.455
-7.1552e-03,-0.27,-0.18
-7.1536e-03,-0.295,-0.475
-7.1520e-03,-0.35,-0.17
-7.1504e-03,-0.3,-0.46
-7.1488e-03,-0.335,-0.175
-7.1472e-03,-0.305,-0.465
-7.1456e-03,-0.29,-0.175
-7.1440e-03,-0.345,-0.485
-7.1424e-03,-0.34,-0.15
-7.1408e-03,-0.34,-0.47
-7.1392e-03,-0.315,-0.17
-7.1376e-03,-0.315,-0.465
-7.1360e-03,-0.33,-0.175
-7.1344e-03,-0.35,-0.445
-7.1328e-03,-0.315,-0.19
-7.1312e-03,-0.35,-0.475
-7.1296e-03,-0.255,-0.16
-7.1280e-03,-0.29,-0.495
-7.1264e-03,-0.375,-0.145
-7.1248e-03,-0.255,-0.5
-7.1232e-03,-0.33,-0.135
-7.1216e-03,-0.195,-0.49
-7.1200e-03,-0.23,-0.145
-7.1184e-03,-0.28,-0.46
-7.1168e-03,-0.29,-0.175
-7.1152e-03,-0.255,-0.465
-7.1136e-03,-0.235,-0.175
-7.1120e-03,-0.245,-0.47
-7.1104e-03,-0.29,-0.175
-7.1088e-03,-0.285,-0.46
-7.1072e-03,-0.3,-0.185
-7.1056e-03,-0.29,-0.45
-7.1040e-03,-0.295,-0.19
-7.1024e-03,-0.36,-0.465
-7.1008e-03,-0.335,-0.17
-7.0992e-03,-0.325,-0.47
-7.0976e-03,-0.385,-0.17
-7.0960e-03,-0.315,-0.48
-7.0944e-03,-0.33,-0.155
-7.0928e-03,-0.435,-0.475
-7.0912e-03,-0.36,-0.17
-7.0896e-03,-0.395,-0.49
-7.0880e-03,-0.33,-0.155
-7.0864e-03,-0.375,-0.465
-7.0848e-03,-0.44,-0.175
-7.0832e-03,-0.315,-0.47
-7.0816e-03,-0.345,-0.175
-7.0800e-03,-0.235,-0.465
-7.0784e-03,-0.335,-0.175
-7.0768e-03,-0.27,-0.47
-7.0752e-03,-0.25,-0.175
-7.0736e-03,-0.26,-0.46
-7.0720e-03,-0.25,-0.18
-7.0704e-03,-0.26,-0.485
-7.0688e-03,-0.35,-0.165
-7.0672e-03,-0.275,-0.475
-7.0656e-03,-0.385,-0.175
-7.0640e-03,-0.33,-0.46
-7.0624e-03,-0.335,-0.18
-7.0608e-03,-0.38,-0.485
-7.0592e-03,-0.385,-0.165
-7.0576e-03,-0.37,-0.485
-7.0560e-03,-0.3,-0.165
-7.0544e-03,-0.28,-0.455
-7.0528e-03,-0.315,-0.19
-7.0512e-03,-0.32,-0.465
-7.0496e-03,-0.32,-0.19
-7.0480e-03,-0.25,-0.46
-7.0464e-03,-0.265,-0.185
-7.0448e-03,-0.31,-0.46
-7.0432e-03,-0.305,-0.18
-7.0416e-03,-0.29,-0.485
-7.0400e-03,-0.3,-0.16
-7.0384e-03,-0.26,-0.475
-7.0368e-03,-0.27,-0.175
-7.0352e-03,-0.315,-0.47
-7.0336e-03,-0.275,-0.175
-7.0320e-03,-0.345,-0.46
-7.0304e-03,-0.3,-0.185
-7.0288e-03,-0.38,-0.48
-7.0272e-03,-0.3,-0.17
-7.0256e-03,-0.345,-0.465
-7.0240e-03,-0.27,-0.18
-7.0224e-03,-0.255,-0.475
-7.0208e-03,-0.3,-0.165
-7.0192e-03,-0.3,-0.47
-7.0176e-03,-0.33,-0.18
-7.0160e-03,-0.225,-0.45
-7.0144e-03,-0.29,-0.19
-7.0128e-03,-0.32,-0.46
-7.0112e-03,-0.35,-0.185
-7.0096e-03,-0.375,-0.455
-7.0080e-03,-0.31,-0.185
-7.0064e-03,-0.33,-0.5
-7.0048e-03,-0.315,-0.145
-7.0032e-03,-0.375,-0.47
-7.0016e-03,-0.305,-0.175
-7.0000e-03,-0.275,-0.48
-6.9984e-03,-0.29,-0.16
-6.9968e-03,-0.35,-0.46
-6.9952e-03,-0.325,-0.18
-6.9936e-03,-0.39,-0.46
-6.9920e-03,-0.31,-0.18
-6.9904e-03,-0.375,-0.5
-6.9888e-03,-0.305,-0.135
-6.9872e-03,-0.34,-0.48
-6.9856e-03,-0.29,-0.155
-6.9840e-03,-0.33,-0.475
-6.9824e-03,-0.24,-0.155
-6.9808e-03,-0.345,-0.455
-6.9792e-03,-0.27,-0.18
-6.9776e-03,-0.335,-0.46
-6.9760e-03,-0.255,-0.175
-6.9744e-03,-0.305,-0.45
-6.9728e-03,-0.29,-0.185
-6.9712e-03,-0.43,-0.475
-6.9696e-03,-0.345,-0.165
-6.9680e-03,-0.385,-0.465
-6.9664e-03,-0.31,-0.165
-6.9648e-03,-0.41,-0.48
-6.9632e-03,-0.38,-0.16
-6.9616e-03,-0.385,-0.46
-6.9600e-03,-0.345,-0.175
-6.9584e-03,-0.345,-0.485
-6.9568e-03,-0.36,-0.15
-6.9552e-03,-0.395,-0.465
-6.9536e-03,-0.32,-0.17
-6.9520e-03,-0.33,-0.46
-6.9504e-03,-0.22,-0.17
-6.9488e-03,-0.35,-0.465
-6.9472e-03,-0.235,-0.17
-6.9456e-03,-0.34,-0.455
-6.9440e-03,-0.27,-0.175
-6.9424e-03,-0.265,-0.47
-6.9408e-03,-0.335,-0.165
-6.9392e-03,-0.295,-0.465
-6.9376e-03,-0.335,-0.17
-6.9360e-03,-0.31,-0.465
-6.9344e-03,-0.315,-0.165
-6.9328e-03,-0.295,-0.495
-6.9312e-03,-0.355,-0.15
-6.9296e-03,-0.325,-0.445
-6.9280e-03,-0.31,-0.18
-6.9264e-03,-0.26,-0.465
-6.9248e-03,-0.355,-0.165
-6.9232e-03,-0.37,-0.47
-6.9216e-03,-0.265,-0.155
-6.9200e-03,-0.335,-0.475
-6.9184e-03,-0.28,-0.16
-6.9168e-03,-0.35,-0.455
-6.9152e-03,-0.375,-0.175
-6.9136e-03,-0.22,-0.45
-6.9120e-03,-0.345,-0.19
-6.9104e-03,-0.27,-0.47
-6.9088e-03,-0.35,-0.165
-6.9072e-03,-0.295,-0.475
-6.9056e-03,-0.315,-0.15
-6.9040e-03,-0.285,-0.455
-6.9024e-03,-0.31,-0.175
-6.9008e-03,-0.31,-0.45
-6.8992e-03,-0.365,-0.185
-6.8976e-03,-0.33,-0.45
-6.8960e-03,-0.32,-0.175
-6.8944e-03,-0.325,-0.455
-6.8928e-03,-0.285,-0.175
-6.8912e-03,-0.385,-0.45
-6.8896e-03,-0.31,-0.18
-6.8880e-03,-0.27,-0.48
-6.8864e-03,-0.29,-0.15
-6.8848e-03,-0.29,-0.48
-6.8832e-03,-0.35,-0.15
-6.8816e-03,-0.265,-0.475
-6.8800e-03,-0.29,-0.16
-6.8784e-03,-0.335,-0.475
-6.8768e-03,-0.355,-0.165
-6.8752e-03,-0.41,-0.455
-6.8736e-03,-0.345,-0.17
-6.8720e-03,-0.285,-0.465
-6.8704e-03,-0.37,-0.18
-6.8688e-03,-0.285,-0.455
-6.8672e-03,-0.375,-0.175
-6.8656e-03,-0.3,-0.435
-6.8640e-03,-0.325,-0.195
-6.8624e-03,-0.35,-0.48
-6.8608e-03,-0.355,-0.15
-6.8592e-03,-0.335,-0.47
-6.8576e-03,-0.365,-0.16
-6.8560e-03,-0.33,-0.505
-6.8544e-03,-0.32,-0.13
-6.8528e-03,-0.39,-0.465
-6.8512e-03,-0.315,-0.17
-6.8496e-03,-0.39,-0.45
-6.8480e-03,-0.305,-0.185
-6.8464e-03,-0.28,-0.45
-6.8448e-03,-0.34,-0.18
-6.8432e-03,-0.355,-0.475
-6.8416e-03,-0.325,-0.165
-6.8400e-03,-0.325,-0.475
-6.8384e-03,-0.265,-0.155
-6.8368e-03,-0.375,-0.47
-6.8352e-03,-0.33,-0.165
-6.8336e-03,-0.305,-0.455
-6.8320e-03,-0.28,-0.175
-6.8304e-03,-0.29,-0.465
-6.8288e-03,-0.34,-0.17
-6.8272e-03,-0.29,-0.485
-6.8256e-03,-0.265,-0.145
-6.8240e-03,-0.245,-0.48
-6.8224e-03,-0.34,-0.16
-6.8208e-03,-0.295,-0.47
-6.8192e-03,-0.335,-0.165
-6.8176e-03,-0.255,-0.45
-6.8160e-03,-0.32,-0.18
-6.8144e-03,-0.32,-0.455
-6.8128e-03,-0.32,-0.18
-6.8112e-03,-0.26,-0.47
-6.8096e-03,-0.3,-0.17
-6.8080e-03,-0.25,-0.465
-6.8064e-03,-0.335,-0.17
-6.8048e-03,-0.26,-0.47
-6.8032e-03,-0.315,-0.17
-6.8016e-03,-0.285,-0.46
-6.8000e-03,-0.29,-0.18
-6.7984e-03,-0.255,-0.435
-6.7968e-03,-0.365,-0.195
-6.7952e-03,-0.25,-0.455
-6.7936e-03,-0.325,-0.185
-6.7920e-03,-0.305,-0.46
-6.7904e-03,-0.295,-0.18
-6.7888e-03,-0.37,-0.455
-6.7872e-03,-0.31,-0.18
-6.7856e-03,-0.315,-0.47
-6.7840e-03,-0.305,-0.155
-6.7824e-03,-0.315,-0.47
-6.7808e-03,-0.395,-0.155
-6.7792e-03,-0.285,-0.475
-6.7776e-03,-0.335,-0.16
-6.7760e-03,-0.345,-0.48
-6.7744e-03,-0.38,-0.145
-6.7728e-03,-0.355,-0.5
-6.7712e-03,-0.3,-0.125
-6.7696e-03,-0.26,-0.465
-6.7680e-03,-0.365,-0.165
-6.7664e-03,-0.29,-0.45
-6.7648e-03,-0.33,-0.175
-6.7632e-03,-0.27,-0.46
-6.7616e-03,-0.31,-0.165
-6.7600e-03,-0.385,-0.465
-6.7584e-03,-0.32,-0.165
-6.7568e-03,-0.3,-0.475
-6.7552e-03,-0.345,-0.16
-6.7536e-03,-0.255,-0.495
-6.7520e-03,-0.375,-0.14
-6.7504e-03,-0.3,-0.465
-6.7488e-03,-0.265,-0.16
-6.7472e-03,-0.32,-0.48
-6.7456e-03,-0.24,-0.15
-6.7440e-03,-0.335,-0.475
-6.7424e-03,-0.305,-0.145
-6.7408e-03,-0.32,-0.47
-6.7392e-03,-0.335,-0.155
-6.7376e-03,-0.33,-0.475
-6.7360e-03,-0.325,-0.155
-6.7344e-03,-0.43,-0.5
-6.7328e-03,-0.285,-0.13
-6.7312e-03,-0.36,-0.465
-6.7296e-03,-0.315,-0.165
-6.7280e-03,-0.35,-0.485
-6.7264e-03,-0.335,-0.145
-6.7248e-03,-0.28,-0.48
-6.7232e-03,-0.31,-0.145
-6.7216e-03,-0.32,-0.45
-6.7200e-03,-0.4,-0.175
-6.7184e-03,-0.35,-0.47
-6.7168e-03,-0.3,-0.155
-6.7152e-03,-0.335,-0.445
-6.7136e-03,-0.37,-0.175
-6.7120e-03,-0.335,-0.44
-6.7104e-03,-0.32,-0.185
-6.7088e-03,-0.275,-0.445
-6.7072e-03,-0.365,-0.175
-6.7056e-03,-0.365,-0.46
-6.7040e-03,-0.355,-0.165
-6.7024e-03,-0.315,-0.455
-6.7008e-03,-0.35,-0.165
-6.6992e-03,-0.335,-0.47
-6.6976e-03,-0.38,-0.16
-6.6960e-03,-0.305,-0.47
-6.6944e-03,-0.325,-0.16
-6.6928e-03,-0.275,-0.45
-6.6912e-03,-0.35,-0.165
-6.6896e-03,-0.33,-0.455
-6.6880e-03,-0.31,-0.175
-6.6864e-03,-0.29,-0.485
-6.6848e-03,-0.295,-0.145
-6.6832e-03,-0.325,-0.455
-6.6816e-03,-0.325,-0.175
-6.6800e-03,-0.28,-0.45
-6.6784e-03,-0.31,-0.165
-6.6768e-03,-0.275,-0.455
-6.6752e-03,-0.3,-0.17
-6.6736e-03,-0.325,-0.45
-6.6720e-03,-0.325,-0.17
-6.6704e-03,-0.3,-0.455
-6.6688e-03,-0.245,-0.17
-6.6672e-03,-0.345,-0.465
-6.6656e-03,-0.285,-0.155
-6.6640e-03,-0.345,-0.46
-6.6624e-03,-0.255,-0.17
-6.6608e-03,-0.34,-0.455
-6.6592e-03,-0.34,-0.17
-6.6576e-03,-0.335,-0.44
-6.6560e-03,-0.295,-0.185
-6.6544e-03,-0.235,-0.44
-6.6528e-03,-0.37,-0.18
-6.6512e-03,-0.24,-0.465
-6.6496e-03,-0.4,-0.155
-6.6480e-03,-0.185,-0.465
-6.6464e-03,-0.3,-0.155
-6.6448e-03,-0.285,-0.475
-6.6432e-03,-0.305,-0.155
-6.6416e-03,-0.27,-0.465
-6.6400e-03,-0.285,-0.16
-6.6384e-03,-0.245,-0.46
-6.6368e-03,-0.28,-0.165
-6.6352e-03,-0.315,-0.455
-6.6336e-03,-0.315,-0.165
-6.6320e-03,-0.3,-0.46
-6.6304e-03,-0.28,-0.16
-6.6288e-03,-0.26,-0.465
-6.6272e-03,-0.35,-0.155
-6.6256e-03,-0.285,-0.46
-6.6240e-03,-0.345,-0.155
-6.6224e-03,-0.29,-0.455
-6.6208e-03,-0.28,-0.165
-6.6192e-03,-0.39,-0.475
-6.6176e-03,-0.32,-0.145
-6.6160e-03,-0.345,-0.44
-6.6144e-03,-0.295,-0.175
-6.6128e-03,-0.34,-0.465
-6.6112e-03,-0.415,-0.16
-6.6096e-03,-0.345,-0.445
-6.6080e-03,-0.37,-0.175
-6.6064e-03,-0.32,-0.455
-6.6048e-03,-0.385,-0.165
-6.6032e-03,-0.34,-0.425
-6.6016e-03,-0.39,-0.19
-6.6000e-03,-0.25,-0.445
-6.5984e-03,-0.39,-0.17
-6.5968e-03,-0.25,-0.47
-6.5952e-03,-0.355,-0.15
-6.5936e-03,-0.29,-0.455
-6.5920e-03,-0.28,-0.155
-6.5904e-03,-0.34,-0.48
-6.5888e-03,-0.285,-0.135
-6.5872e-03,-0.375,-0.455
-6.5856e-03,-0.275,-0.155
-6.5840e-03,-0.35,-0.445
-6.5824e-03,-0.305,-0.165
-6.5808e-03,-0.31,-0.455
-6.5792e-03,-0.3,-0.155
-6.5776e-03,-0.34,-0.44
-6.5760e-03,-0.285,-0.175
-6.5744e-03,-0.345,-0.44
-6.5728e-03,-0.265,-0.17
-6.5712e-03,-0.345,-0.445
-6.5696e-03,-0.365,-0.17
-6.5680e-03,-0.31,-0.45
-6.5664e-03,-0.325,-0.165
-6.5648e-03,-0.29,-0.45
-6.5632e-03,-0.41,-0.165
-6.5616e-03,-0.33,-0.435
-6.5600e-03,-0.375,-0.18
-6.5584e-03,-0.285,-0.45
-6.5568e-03,-0.345,-0.165
-6.5552e-03,-0.38,-0.445
-6.5536e-03,-0.33,-0.18
-6.5520e-03,-0.3,-0.43
-6.5504e-03,-0.29,-0.18
-6.5488e-03,-0.34,-0.45
-6.5472e-03,-0.32,-0.165
-6.5456e-03,-0.285,-0.47
-6.5440e-03,-0.265,-0.145
-6.5424e-03,-0.285,-0.465
-6.5408e-03,-0.28,-0.155
-6.5392e-03,-0.275,-0.46
-6.5376e-03,-0.305,-0.155
-6.5360e-03,-0.265,-0.455
-6.5344e-03,-0.325,-0.165
-6.5328e-03,-0.28,-0.47
-6.5312e-03,-0.37,-0.145
-6.5296e-03,-0.345,-0.455
-6.5280e-03,-0.325,-0.16
-6.5264e-03,-0.325,-0.47
-6.5248e-03,-0.3,-0.15
-6.5232e-03,-0.32,-0.495
-6.5216e-03,-0.355,-0.125
-6.5200e-03,-0.34,-0.45
-6.5184e-03,-0.26,-0.165
-6.5168e-03,-0.345,-0.435
-6.5152e-03,-0.365,-0.18
-6.5136e-03,-0.355,-0.455
-6.5120e-03,-0.355,-0.155
-6.5104e-03,-0.24,-0.47
-6.5088e-03,-0.345,-0.145
-6.5072e-03,-0.345,-0.475
-6.5056e-03,-0.315,-0.15
-6.5040e-03,-0.29,-0.46
-6.5024e-03,-0.25,-0.16
-6.5008e-03,-0.3,-0.475
-6.4992e-03,-0.3,-0.145
-6.4976e-03,-0.29,-0.485
-6.4960e-03,-0.28,-0.13
-6.4944e-03,-0.265,-0.465
-6.4928e-03,-0.3,-0.15
-6.4912e-03,-0.305,-0.445
-6.4896e-03,-0.335,-0.17
-6.4880e-03,-0.32,-0.455
-6.4864e-03,-0.32,-0.16
-6.4848e-03,-0.265,-0.49
-6.4832e-03,-0.35,-0.13
-6.4816e-03,-0.345,-0.475
-6.4800e-03,-0.355,-0.15
-6.4784e-03,-0.35,-0.465
-6.4768e-03,-0.27,-0.15
-6.4752e-03,-0.375,-0.435
-6.4736e-03,-0.38,-0.18
-6.4720e-03,-0.395,-0.465
-6.4704e-03,-0.35,-0.145
-6.4688e-03,-0.345,-0.46
-6.4672e-03,-0.31,-0.155
-6.4656e-03,-0.425,-0.47
-6.4640e-03,-0.34,-0.145
-6.4624e-03,-0.38,-0.465
-6.4608e-03,-0.305,-0.155
-6.4592e-03,-0.395,-0.465
-6.4576e-03,-0.345,-0.145
-6.4560e-03,-0.305,-0.48
-6.4544e-03,-0.32,-0.135
-6.4528e-03,-0.285,-0.47
-6.4512e-03,-0.33,-0.145
-6.4496e-03,-0.305,-0.435
-6.4480e-03,-0.295,-0.175
-6.4464e-03,-0.285,-0.435
-6.4448e-03,-0.31,-0.17
-6.4432e-03,-0.28,-0.44
-6.4416e-03,-0.355,-0.165
-6.4400e-03,-0.31,-0.51
-6.4384e-03,-0.33,-0.11
-6.4368e-03,-0.28,-0.46
-6.4352e-03,-0.33,-0.145
-6.4336e-03,-0.335,-0.445
-6.4320e-03,-0.33,-0.16
-6.4304e-03,-0.36,-0.43
-6.4288e-03,-0.28,-0.17
-6.4272e-03,-0.345,-0.445
-6.4256e-03,-0.39,-0.16
-6.4240e-03,-0.345,-0.435
-6.4224e-03,-0.36,-0.165
-6.4208e-03,-0.31,-0.45
-6.4192e-03,-0.33,-0.16
-6.4176e-03,-0.405,-0.47
-6.4160e-03,-0.35,-0.13
-6.4144e-03,-0.235,-0.45
-6.4128e-03,-0.3,-0.15
-6.4112e-03,-0.295,-0.445
-6.4096e-03,-0.295,-0.16
-6.4080e-03,-0.275,-0.475
-6.4064e-03,-0.265,-0.13
-6.4048e-03,-0.255,-0.435
-6.4032e-03,-0.3,-0.16
-6.4016e-03,-0.28,-0.45
-6.4000e-03,-0.32,-0.155
-6.3984e-03,-0.27,-0.445
-6.3968e-03,-0.285,-0.16
-6.3952e-03,-0.315,-0.47
-6.3936e-03,-0.32,-0.14
-6.3920e-03,-0.36,-0.44
-6.3904e-03,-0.315,-0.16
-6.3888e-03,-0.285,-0.445
-6.3872e-03,-0.305,-0.165
-6.3856e-03,-0.35,-0.425
-6.3840e-03,-0.335,-0.18
-6.3824e-03,-0.3,-0.45
-6.3808e-03,-0.28,-0.165
-6.3792e-03,-0.28,-0.45
-6.3776e-03,-0.305,-0.16
-6.3760e-03,-0.27,-0.465
-6.3744e-03,-0.265,-0.15
-6.3728e-03,-0.22,-0.475
-6.3712e-03,-0.305,-0.13
-6.3696e-03,-0.315,-0.435
-6.3680e-03,-0.3,-0.175
-6.3664e-03,-0.345,-0.455
-6.3648e-03,-0.27,-0.155
-6.3632e-03,-0.335,-0.445
-6.3616e-03,-0.28,-0.17
-6.3600e-03,-0.29,-0.455
-6.3584e-03,-0.245,-0.155
-6.3568e-03,-0.28,-0.45
-6.3552e-03,-0.185,-0.16
-6.3536e-03,-0.37,-0.455
-6.3520e-03,-0.265,-0.155
-6.3504e-03,-0.355,-0.44
-6.3488e-03,-0.255,-0.165
-6.3472e-03,-0.305,-0.505
-6.3456e-03,-0.385,-0.105
-6.3440e-03,-0.28,-0.44
-6.3424e-03,-0.29,-0.17
-6.3408e-03,-0.27,-0.44
-6.3392e-03,-0.3,-0.165
-6.3376e-03,-0.315,-0.455
-6.3360e-03,-0.28,-0.155
-6.3344e-03,-0.285,-0.435
-6.3328e-03,-0.29,-0.17
-6.3312e-03,-0.315,-0.45
-6.3296e-03,-0.33,-0.165
-6.3280e-03,-0.33,-0.46
-6.3264e-03,-0.285,-0.145
-6.3248e-03,-0.28,-0.45
-6.3232e-03,-0.35,-0.155
-6.3216e-03,-0.275,-0.46
-6.3200e-03,-0.36,-0.15
-6.3184e-03,-0.31,-0.46
-6.3168e-03,-0.27,-0.155
-6.3152e-03,-0.365,-0.455
-6.3136e-03,-0.24,-0.155
-6.3120e-03,-0.375,-0.455
-6.3104e-03,-0.27,-0.15
-6.3088e-03,-0.26,-0.445
-6.3072e-03,-0.27,-0.155
-6.3056e-03,-0.28,-0.445
-6.3040e-03,-0.285,-0.16
-6.3024e-03,-0.265,-0.45
-6.3008e-03,-0.21,-0.155
-6.2992e-03,-0.31,-0.45
-6.2976e-03,-0.31,-0.15
-6.2960e-03,-0.315,-0.44
-6.2944e-03,-0.275,-0.165
-6.2928e-03,-0.21,-0.45
-6.2912e-03,-0.32,-0.15
-6.2896e-03,-0.265,-0.435
-6.2880e-03,-0.275,-0.165
-6.2864e-03,-0.24,-0.43
-6.2848e-03,-0.225,-0.165
-6.2832e-03,-0.29,-0.45
-6.2816e-03,-0.27,-0.145
-6.2800e-03,-0.35,-0.455
-6.2784e-03,-0.265,-0.14
-6.2768e-03,-0.305,-0.49
-6.2752e-03,-0.245,-0.11
-6.2736e-03,-0.325,-0.455
-6.2720e-03,-0.275,-0.15
-6.2704e-03,-0.32,-0.43
-6.2688e-03,-0.275,-0.17
-6.2672e-03,-0.23,-0.43
-6.2656e-03,-0.3,-0.17
-6.2640e-03,-0.255,-0.47
-6.2624e-03,-0.35,-0.13
-6.2608e-03,-0.26,-0.475
-6.2592e-03,-0.3,-0.12
-6.2576e-03,-0.335,-0.465
-6.2560e-03,-0.355,-0.135
-6.2544e-03,-0.315,-0.43
-6.2528e-03,-0.245,-0.165
-6.2512e-03,-0.27,-0.45
-6.2496e-03,-0.27,-0.145
-6.2480e-03,-0.3,-0.435
-6.2464e-03,-0.255,-0.165
-6.2448e-03,-0.295,-0.45
-6.2432e-03,-0.265,-0.145
-6.2416e-03,-0.295,-0.47
-6.2400e-03,-0.295,-0.125
-6.2384e-03,-0.29,-0.455
-6.2368e-03,-0.26,-0.15
-6.2352e-03,-0.275,-0.475
-6.2336e-03,-0.265,-0.125
-6.2320e-03,-0.335,-0.435
-6.2304e-03,-0.365,-0.165
-6.2288e-03,-0.28,-0.475
-6.2272e-03,-0.345,-0.125
-6.2256e-03,-0.33,-0.44
-6.2240e-03,-0.385,-0.155
-6.2224e-03,-0.355,-0.465
-6.2208e-03,-0.29,-0.135
-6.2192e-03,-0.295,-0.455
-6.2176e-03,-0.29,-0.145
-6.2160e-03,-0.35,-0.435
-6.2144e-03,-0.315,-0.16
-6.2128e-03,-0.305,-0.48
-6.2112e-03,-0.305,-0.12
-6.2096e-03,-0.345,-0.45
-6.2080e-03,-0.345,-0.15
-6.2064e-03,-0.38,-0.44
-6.2048e-03,-0.29,-0.16
-6.2032e-03,-0.32,-0.455
-6.2016e-03,-0.35,-0.135
-6.2000e-03,-0.325,-0.44
-6.1984e-03,-0.36,-0.155
-6.1968e-03,-0.31,-0.46
-6.1952e-03,-0.35,-0.14
-6.1936e-03,-0.33,-0.445
-6.1920e-03,-0.305,-0.155
-6.1904e-03,-0.35,-0.445
-6.1888e-03,-0.245,-0.15
-6.1872e-03,-0.265,-0.455
-6.1856e-03,-0.255,-0.145
-6.1840e-03,-0.29,-0.435
-6.1824e-03,-0.3,-0.155
-6.1808e-03,-0.3,-0.46
-6.1792e-03,-0.275,-0.145
-6.1776e-03,-0.265,-0.45
-6.1760e-03,-0.28,-0.155
-6.1744e-03,-0.305,-0.445
-6.1728e-03,-0.22,-0.15
-6.1712e-03,-0.22,-0.465
-6.1696e-03,-0.21,-0.13
-6.1680e-03,-0.31,-0.415
-6.1664e-03,-0.285,-0.175
-6.1648e-03,-0.265,-0.44
-6.1632e-03,-0.28,-0.155
-6.1616e-03,-0.225,-0.43
-6.1600e-03,-0.295,-0.155
-6.1584e-03,-0.295,-0.425
-6.1568e-03,-0.265,-0.17
-6.1552e-03,-0.265,-0.42
-6.1536e-03,-0.305,-0.17
-6.1520e-03,-0.32,-0.45
-6.1504e-03,-0.345,-0.15
-6.1488e-03,-0.295,-0.46
-6.1472e-03,-0.28,-0.14
-6.1456e-03,-0.27,-0.445
-6.1440e-03,-0.305,-0.135
-6.1424e-03,-0.24,-0.44
-6.1408e-03,-0.345,-0.145
-6.1392e-03,-0.28,-0.44
-6.1376e-03,-0.33,-0.15
-6.1360e-03,-0.405,-0.455
-6.1344e-03,-0.255,-0.14
-6.1328e-03,-0.4,-0.435
-6.1312e-03,-0.225,-0.15
-6.1296e-03,-0.33,-0.45
-6.1280e-03,-0.38,-0.135
-6.1264e-03,-0.34,-0.45
-6.1248e-03,-0.335,-0.135
-6.1232e-03,-0.27,-0.45
-6.1216e-03,-0.325,-0.14
-6.1200e-03,-0.37,-0.45
-6.1184e-03,-0.245,-0.125
-6.1168e-03,-0.29,-0.44
-6.1152e-03,-0.22,-0.14
-6.1136e-03,-0.33,-0.475
-6.1120e-03,-0.28,-0.115
-6.1104e-03,-0.32,-0.47
-6.1088e-03,-0.275,-0.12
-6.1072e-03,-0.19,-0.44
-6.1056e-03,-0.325,-0.145
-6.1040e-03,-0.23,-0.435
-6.1024e-03,-0.305,-0.15
-6.1008e-03,-0.32,-0.465
-6.0992e-03,-0.225,-0.125
-6.0976e-03,-0.345,-0.46
-6.0960e-03,-0.245,-0.13
-6.0944e-03,-0.325,-0.445
-6.0928e-03,-0.27,-0.14
-6.0912e-03,-0.26,-0.44
-6.0896e-03,-0.34,-0.14
-6.0880e-03,-0.315,-0.44
-6.0864e-03,-0.285,-0.15
-6.0848e-03,-0.295,-0.43
-6.0832e-03,-0.2,-0.155
-6.0816e-03,-0.35,-0.415
-6.0800e-03,-0.305,-0.17
-6.0784e-03,-0.31,-0.425
-6.0768e-03,-0.31,-0.16
-6.0752e-03,-0.35,-0.435
-6.0736e-03,-0.355,-0.15
-6.0720e-03,-0.355,-0.47
-6.0704e-03,-0.26,-0.12
-6.0688e-03,-0.305,-0.485
-6.0672e-03,-0.28,-0.1
-6.0656e-03,-0.34,-0.455
-6.0640e-03,-0.315,-0.135
-6.0624e-03,-0.265,-0.465
-6.0608e-03,-0.32,-0.12
-6.0592e-03,-0.29,-0.445
-6.0576e-03,-0.26,-0.14
-6.0560e-03,-0.355,-0.46
-6.0544e-03,-0.33,-0.13
-6.0528e-03,-0.315,-0.435
-6.0512e-03,-0.39,-0.15
-6.0496e-03,-0.305,-0.445
-6.0480e-03,-0.415,-0.145
-6.0464e-03,-0.29,-0.445
-6.0448e-03,-0.255,-0.135
-6.0432e-03,-0.29,-0.445
-6.0416e-03,-0.28,-0.14
-6.0400e-03,-0.35,-0.445
-6.0384e-03,-0.22,-0.15
-6.0368e-03,-0.26,-0.45
-6.0352e-03,-0.29,-0.145
-6.0336e-03,-0.34,-0.445
-6.0320e-03,-0.26,-0.15
-6.0304e-03,-0.36,-0.455
-6.0288e-03,-0.21,-0.13
-6.0272e-03,-0.385,-0.45
-6.0256e-03,-0.28,-0.145
-6.0240e-03,-0.24,-0.45
-6.0224e-03,-0.275,-0.145
-6.0208e-03,-0.255,-0.45
-6.0192e-03,-0.385,-0.135
-6.0176e-03,-0.28,-0.445
-6.0160e-03,-0.32,-0.145
-6.0144e-03,-0.33,-0.45
-6.0128e-03,-0.34,-0.14
-6.0112e-03,-0.345,-0.45
-6.0096e-03,-0.345,-0.135
-6.0080e-03,-0.285,-0.465
-6.0064e-03,-0.295,-0.12
-6.0048e-03,-0.315,-0.435
-6.0032e-03,-0.2,-0.145
-6.0016e-03,-0.3,-0.44
-6.0000e-03,-0.3,-0.145
-5.9984e-03,-0.295,-0.45
-5.9968e-03,-0.3,-0.135
-5.9952e-03,-0.335,-0.44
-5.9936e-03,-0.3,-0.14
-5.9920e-03,-0.385,-0.43
-5.9904e-03,-0.225,-0.15
-5.9888e-03,-0.355,-0.43
-5.9872e-03,-0.295,-0.155
-5.9856e-03,-0.385,-0.445
-5.9840e-03,-0.285,-0.135
-5.9824e-03,-0.23,-0.425
-5.9808e-03,-0.29,-0.16
-5.9792e-03,-0.26,-0.44
-5.9776e-03,-0.28,-0.135
-5.9760e-03,-0.26,-0.425
-5.9744e-03,-0.255,-0.16
-5.9728e-03,-0.265,-0.43
-5.9712e-03,-0.295,-0.155
-5.9696e-03,-0.215,-0.46
-5.9680e-03,-0.225,-0.12
-5.9664e-03,-0.195,-0.45
-5.9648e-03,-0.265,-0.13
-5.9632e-03,-0.275,-0.435
-5.9616e-03,-0.2,-0.15
-5.9600e-03,-0.22,-0.435
-5.9584e-03,-0.205,-0.14
-5.9568e-03,-0.235,-0.425
-5.9552e-03,-0.22,-0.155
-5.9536e-03,-0.305,-0.45
-5.9520e-03,-0.195,-0.125
-5.9504e-03,-0.28,-0.45
-5.9488e-03,-0.195,-0.13
-5.9472e-03,-0.215,-0.47
-5.9456e-03,-0.29,-0.105
-5.9440e-03,-0.265,-0.44
-5.9424e-03,-0.235,-0.14
-5.9408e-03,-0.27,-0.445
-5.9392e-03,-0.25,-0.125
-5.9376e-03,-0.29,-0.425
-5.9360e-03,-0.255,-0.145
-5.9344e-03,-0.21,-0.43
-5.9328e-03,-0.285,-0.145
-5.9312e-03,-0.3,-0.435
-5.9296e-03,-0.33,-0.14
-5.9280e-03,-0.25,-0.44
-5.9264e-03,-0.245,-0.135
-5.9248e-03,-0.285,-0.43
-5.9232e-03,-0.32,-0.145
-5.9216e-03,-0.33,-0.44
-5.9200e-03,-0.355,-0.135
-5.9184e-03,-0.33,-0.445
-5.9168e-03,-0.295,-0.135
-5.9152e-03,-0.33,-0.435
-5.9136e-03,-0.27,-0.14
-5.9120e-03,-0.33,-0.435
-5.9104e-03,-0.255,-0.13
-5.9088e-03,-0.3,-0.44
-5.9072e-03,-0.225,-0.13
-5.9056e-03,-0.33,-0.46
-5.9040e-03,-0.34,-0.115
-5.9024e-03,-0.265,-0.415
-5.9008e-03,-0.305,-0.155
-5.8992e-03,-0.325,-0.425
-5.8976e-03,-0.355,-0.145
-5.8960e-03,-0.32,-0.44
-5.8944e-03,-0.275,-0.14
-5.8928e-03,-0.205,-0.44
-5.8912e-03,-0.255,-0.14
-5.8896e-03,-0.305,-0.455
-5.8880e-03,-0.23,-0.125
-5.8864e-03,-0.38,-0.465
-5.8848e-03,-0.195,-0.12
-5.8832e-03,-0.33,-0.44
-5.8816e-03,-0.27,-0.135
-5.8800e-03,-0.34,-0.425
-5.8784e-03,-0.35,-0.15
-5.8768e-03,-0.335,-0.43
-5.8752e-03,-0.365,-0.14
-5.8736e-03,-0.32,-0.445
-5.8720e-03,-0.4,-0.135
-5.8704e-03,-0.305,-0.43
-5.8688e-03,-0.335,-0.15
-5.8672e-03,-0.315,-0.435
-5.8656e-03,-0.32,-0.135
-5.8640e-03,-0.375,-0.455
-5.8624e-03,-0.29,-0.13
-5.8608e-03,-0.285,-0.46
-5.8592e-03,-0.225,-0.125
-5.8576e-03,-0.35,-0.43
-5.8560e-03,-0.32,-0.15
-5.8544e-03,-0.355,-0.465
-5.8528e-03,-0.34,-0.115
-5.8512e-03,-0.25,-0.445
-5.8496e-03,-0.34,-0.13
-5.8480e-03,-0.3,-0.435
-5.8464e-03,-0.325,-0.145
-5.8448e-03,-0.275,-0.41
-5.8432e-03,-0.35,-0.165
-5.8416e-03,-0.21,-0.425
-5.8400e-03,-0.265,-0.15
-5.8384e-03,-0.265,-0.46
-5.8368e-03,-0.275,-0.12
-5.8352e-03,-0.285,-0.43
-5.8336e-03,-0.245,-0.145
-5.8320e-03,-0.23,-0.45
-5.8304e-03,-0.27,-0.125
-5.8288e-03,-0.29,-0.42
-5.8272e-03,-0.21,-0.15
-5.8256e-03,-0.24,-0.47
-5.8240e-03,-0.295,-0.115
-5.8224e-03,-0.295,-0.435
-5.8208e-03,-0.33,-0.14
-5.8192e-03,-0.22,-0.435
-5.8176e-03,-0.24,-0.135
-5.8160e-03,-0.3,-0.435
-5.8144e-03,-0.23,-0.135
-5.8128e-03,-0.31,-0.44
-5.8112e-03,-0.21,-0.13
-5.8096e-03,-0.29,-0.44
-5.8080e-03,-0.22,-0.135
-5.8064e-03,-0.35,-0.445
-5.8048e-03,-0.325,-0.13
-5.8032e-03,-0.4,-0.435
-5.8016e-03,-0.38,-0.13
-5.8000e-03,-0.215,-0.43
-5.7984e-03,-0.31,-0.145
-5.7968e-03,-0.28,-0.435
-5.7952e-03,-0.32,-0.14
-5.7936e-03,-0.285,-0.42
-5.7920e-03,-0.315,-0.15
-5.7904e-03,-0.29,-0.485
-5.7888e-03,-0.345,-0.09
-5.7872e-03,-0.345,-0.455
-5.7856e-03,-0.3,-0.12
-5.7840e-03,-0.33,-0.44
-5.7824e-03,-0.32,-0.135
-5.7808e-03,-0.34,-0.42
-5.7792e-03,-0.235,-0.14
-5.7776e-03,-0.29,-0.44
-5.7760e-03,-0.19,-0.13
-5.7744e-03,-0.24,-0.455
-5.7728e-03,-0.23,-0.12
-5.7712e-03,-0.26,-0.455
-5.7696e-03,-0.37,-0.115
-5.7680e-03,-0.2,-0.43
-5.7664e-03,-0.295,-0.14
-5.7648e-03,-0.28,-0.43
-5.7632e-03,-0.355,-0.13
-5.7616e-03,-0.26,-0.465
-5.7600e-03,-0.3,-0.115
-5.7584e-03,-0.15,-0.43
-5.7568e-03,-0.31,-0.14
-5.7552e-03,-0.31,-0.425
-5.7536e-03,-0.345,-0.14
-5.7520e-03,-0.35,-0.42
-5.7504e-03,-0.305,-0.145
-5.7488e-03,-0.335,-0.42
-5.7472e-03,-0.315,-0.14
-5.7456e-03,-0.305,-0.42
-5.7440e-03,-0.285,-0.15
-5.7424e-03,-0.29,-0.435
-5.7408e-03,-0.22,-0.135
-5.7392e-03,-0.225,-0.41
-5.7376e-03,-0.235,-0.15
-5.7360e-03,-0.215,-0.445
-5.7344e-03,-0.2,-0.13
-5.7328e-03,-0.24,-0.425
-5.7312e-03,-0.21,-0.14
-5.7296e-03,-0.325,-0.425
-5.7280e-03,-0.255,-0.13
-5.7264e-03,-0.325,-0.415
-5.7248e-03,-0.215,-0.14
-5.7232e-03,-0.34,-0.425
-5.7216e-03,-0.37,-0.14
-5.7200e-03,-0.375,-0.445
-5.7184e-03,-0.265,-0.125
-5.7168e-03,-0.31,-0.43
-5.7152e-03,-0.3,-0.13
-5.7136e-03,-0.315,-0.43
-5.7120e-03,-0.265,-0.135
-5.7104e-03,-0.29,-0.42
-5.7088e-03,-0.22,-0.14
-5.7072e-03,-0.31,-0.425
-5.7056e-03,-0.215,-0.14
-5.7040e-03,-0.275,-0.43
-5.7024e-03,-0.26,-0.13
-5.7008e-03,-0.285,-0.445
-5.6992e-03,-0.365,-0.12
-5.6976e-03,-0.33,-0.435
-5.6960e-03,-0.3,-0.12
-5.6944e-03,-0.325,-0.445
-5.6928e-03,-0.215,-0.115
-5.6912e-03,-0.235,-0.415
-5.6896e-03,-0.28,-0.145
-5.6880e-03,-0.265,-0.445
-5.6864e-03,-0.245,-0.12
-5.6848e-03,-0.24,-0.455
-5.6832e-03,-0.19,-0.105
-5.6816e-03,-0.27,-0.435
-5.6800e-03,-0.305,-0.125
-5.6784e-03,-0.265,-0.425
-5.6768e-03,-0.28,-0.135
-5.6752e-03,-0.275,-0.445
-5.6736e-03,-0.27,-0.115
-5.6720e-03,-0.285,-0.435
-5.6704e-03,-0.18,-0.12
-5.6688e-03,-0.205,-0.45
-5.6672e-03,-0.285,-0.105
-5.6656e-03,-0.28,-0.43
-5.6640e-03,-0.28,-0.13
-5.6624e-03,-0.155,-0.445
-5.6608e-03,-0.25,-0.11
-5.6592e-03,-0.26,-0.485
-5.6576e-03,-0.27,-0.08
-5.6560e-03,-0.3,-0.48
-5.6544e-03,-0.33,-0.075
-5.6528e-03,-0.28,-0.43
-5.6512e-03,-0.285,-0.12
-5.6496e-03,-0.31,-0.44
-5.6480e-03,-0.295,-0.12
-5.6464e-03,-0.29,-0.42
-5.6448e-03,-0.26,-0.14
-5.6432e-03,-0.245,-0.41
-5.6416e-03,-0.36,-0.15
-5.6400e-03,-0.24,-0.41
-5.6384e-03,-0.305,-0.145
-5.6368e-03,-0.2,-0.435
-5.6352e-03,-0.26,-0.12
-5.6336e-03,-0.315,-0.46
-5.6320e-03,-0.31,-0.09
-5.6304e-03,-0.28,-0.42
-5.6288e-03,-0.265,-0.135
-5.6272e-03,-0.225,-0.44
-5.6256e-03,-0.34,-0.11
-5.6240e-03,-0.305,-0.425
-5.6224e-03,-0.295,-0.125
-5.6208e-03,-0.295,-0.43
-5.6192e-03,-0.285,-0.125
-5.6176e-03,-0.3,-0.435
-5.6160e-03,-0.255,-0.12
-5.6144e-03,-0.255,-0.47
-5.6128e-03,-0.275,-0.085
-5.6112e-03,-0.2,-0.44
-5.6096e-03,-0.335,-0.105
-5.6080e-03,-0.225,-0.435
-5.6064e-03,-0.275,-0.115
-5.6048e-03,-0.18,-0.44
-5.6032e-03,-0.225,-0.125
-5.6016e-03,-0.29,-0.425
-5.6000e-03,-0.33,-0.135
-5.5984e-03,-0.26,-0.415
-5.5968e-03,-0.27,-0.135
-5.5952e-03,-0.255,-0.415
-5.5936e-03,-0.28,-0.135
-5.5920e-03,-0.34,-0.415
-5.5904e-03,-0.305,-0.14
-5.5888e-03,-0.335,-0.415
-5.5872e-03,-0.31,-0.145
-5.5856e-03,-0.285,-0.44
-5.5840e-03,-0.335,-0.115
-5.5824e-03,-0.24,-0.425
-5.5808e-03,-0.285,-0.13
-5.5792e-03,-0.215,-0.415
-5.5776e-03,-0.235,-0.14
-5.5760e-03,-0.295,-0.41
-5.5744e-03,-0.225,-0.145
-5.5728e-03,-0.23,-0.43
-5.5712e-03,-0.18,-0.125
-5.5696e-03,-0.2,-0.425
-5.5680e-03,-0.255,-0.125
-5.5664e-03,-0.32,-0.41
-5.5648e-03,-0.275,-0.145
-5.5632e-03,-0.28,-0.42
-5.5616e-03,-0.285,-0.125
-5.5600e-03,-0.325,-0.455
-5.5584e-03,-0.29,-0.1
-5.5568e-03,-0.24,-0.44
-5.5552e-03,-0.275,-0.11
-5.5536e-03,-0.32,-0.44
-5.5520e-03,-0.31,-0.12
-5.5504e-03,-0.225,-0.43
-5.5488e-03,-0.295,-0.12
-5.5472e-03,-0.24,-0.43
-5.5456e-03,-0.315,-0.115
-5.5440e-03,-0.35,-0.465
-5.5424e-03,-0.295,-0.095
-5.5408e-03,-0.355,-0.41
-5.5392e-03,-0.255,-0.135
-5.5376e-03,-0.345,-0.42
-5.5360e-03,-0.295,-0.125
-5.5344e-03,-0.32,-0.435
-5.5328e-03,-0.32,-0.115
-5.5312e-03,-0.33,-0.44
-5.5296e-03,-0.26,-0.115
-5.5280e-03,-0.31,-0.41
-5.5264e-03,-0.255,-0.14
-5.5248e-03,-0.28,-0.415
-5.5232e-03,-0.22,-0.125
-5.5216e-03,-0.255,-0.435
-5.5200e-03,-0.29,-0.115
-5.5184e-03,-0.32,-0.42
-5.5168e-03,-0.345,-0.12
-5.5152e-03,-0.245,-0.415
-5.5136e-03,-0.32,-0.13
-5.5120e-03,-0.355,-0.415
-5.5104e-03,-0.37,-0.13
-5.5088e-03,-0.275,-0.42
-5.5072e-03,-0.25,-0.12
-5.5056e-03,-0.21,-0.45
-5.5040e-03,-0.255,-0.095
-5.5024e-03,-0.22,-0.42
-5.5008e-03,-0.235,-0.13
-5.4992e-03,-0.225,-0.43
-5.4976e-03,-0.225,-0.125
-5.4960e-03,-0.265,-0.415
-5.4944e-03,-0.235,-0.125
-5.4928e-03,-0.225,-0.44
-5.4912e-03,-0.315,-0.095
-5.4896e-03,-0.2,-0.42
-5.4880e-03,-0.365,-0.125
-5.4864e-03,-0.215,-0.455
-5.4848e-03,-0.305,-0.085
-5.4832e-03,-0.18,-0.43
-5.4816e-03,-0.215,-0.115
-5.4800e-03,-0.26,-0.39
-5.4784e-03,-0.3,-0.145
-5.4768e-03,-0.29,-0.415
-5.4752e-03,-0.29,-0.13
-5.4736e-03,-0.195,-0.405
-5.4720e-03,-0.33,-0.135
-5.4704e-03,-0.315,-0.41
-5.4688e-03,-0.315,-0.135
-5.4672e-03,-0.315,-0.43
-5.4656e-03,-0.3,-0.12
-5.4640e-03,-0.305,-0.43
-5.4624e-03,-0.3,-0.115
-5.4608e-03,-0.27,-0.425
-5.4592e-03,-0.275,-0.12
-5.4576e-03,-0.3,-0.455
-5.4560e-03,-0.31,-0.085
-5.4544e-03,-0.29,-0.41
-5.4528e-03,-0.235,-0.13
-5.4512e-03,-0.23,-0.445
-5.4496e-03,-0.195,-0.1
-5.4480e-03,-0.29,-0.43
-5.4464e-03,-0.275,-0.115
-5.4448e-03,-0.3,-0.415
-5.4432e-03,-0.19,-0.13
-5.4416e-03,-0.305,-0.415
-5.4400e-03,-0.27,-0.13
-5.4384e-03,-0.35,-0.42
-5.4368e-03,-0.29,-0.125
-5.4352e-03,-0.275,-0.415
-5.4336e-03,-0.275,-0.135
-5.4320e-03,-0.325,-0.42
-5.4304e-03,-0.255,-0.125
-5.4288e-03,-0.195,-0.415
-5.4272e-03,-0.195,-0.13
-5.4256e-03,-0.24,-0.41
-5.4240e-03,-0.265,-0.135
-5.4224e-03,-0.27,-0.405
-5.4208e-03,-0.16,-0.135
-5.4192e-03,-0.215,-0.435
-5.4176e-03,-0.215,-0.115
-5.4160e-03,-0.2,-0.415
-5.4144e-03,-0.275,-0.125
-5.4128e-03,-0.225,-0.435
-5.4112e-03,-0.275,-0.11
-5.4096e-03,-0.245,-0.455
-5.4080e-03,-0.34,-0.085
-5.4064e-03,-0.22,-0.44
-5.4048e-03,-0.285,-0.095
-5.4032e-03,-0.28,-0.445
-5.4016e-03,-0.285,-0.11
-5.4000e-03,-0.335,-0.44
-5.3984e-03,-0.225,-0.1
-5.3968e-03,-0.26,-0.455
-5.3952e-03,-0.185,-0.09
-5.3936e-03,-0.29,-0.455
-5.3920e-03,-0.295,-0.095
-5.3904e-03,-0.355,-0.43
-5.3888e-03,-0.28,-0.125
-5.3872e-03,-0.285,-0.45
-5.3856e-03,-0.335,-0.1
-5.3840e-03,-0.32,-0.42
-5.3824e-03,-0.22,-0.115
-5.3808e-03,-0.245,-0.405
-5.3792e-03,-0.23,-0.135
-5.3776e-03,-0.2,-0.44
-5.3760e-03,-0.32,-0.105
-5.3744e-03,-0.225,-0.425
-5.3728e-03,-0.2,-0.12
-5.3712e-03,-0.265,-0.415
-5.3696e-03,-0.21,-0.125
-5.3680e-03,-0.315,-0.46
-5.3664e-03,-0.285,-0.085
-5.3648e-03,-0.185,-0.405
-5.3632e-03,-0.245,-0.135
-5.3616e-03,-0.265,-0.43
-5.3600e-03,-0.275,-0.105
-5.3584e-03,-0.195,-0.415
-5.3568e-03,-0.26,-0.125
-5.3552e-03,-0.245,-0.41
-5.3536e-03,-0.265,-0.125
-5.3520e-03,-0.21,-0.445
-5.3504e-03,-0.245,-0.095
-5.3488e-03,-0.145,-0.445
-5.3472e-03,-0.27,-0.09
-5.3456e-03,-0.265,-0.435
-5.3440e-03,-0.295,-0.1
-5.3424e-03,-0.285,-0.445
-5.3408e-03,-0.3,-0.085
-5.3392e-03,-0.245,-0.445
-5.3376e-03,-0.365,-0.09
-5.3360e-03,-0.325,-0.415
-5.3344e-03,-0.335,-0.12
-5.3328e-03,-0.32,-0.43
-5.3312e-03,-0.34,-0.1
-5.3296e-03,-0.34,-0.425
-5.3280e-03,-0.34,-0.115
-5.3264e-03,-0.235,-0.405
-5.3248e-03,-0.295,-0.125
-5.3232e-03,-0.175,-0.41
-5.3216e-03,-0.375,-0.115
-5.3200e-03,-0.275,-0.41
-5.3184e-03,-0.275,-0.12
-5.3168e-03,-0.24,-0.425
-5.3152e-03,-0.23,-0.11
-5.3136e-03,-0.235,-0.42
-5.3120e-03,-0.235,-0.115
-5.3104e-03,-0.215,-0.4
-5.3088e-03,-0.175,-0.125
-5.3072e-03,-0.245,-0.415
-5.3056e-03,-0.28,-0.12
-5.3040e-03,-0.21,-0.425
-5.3024e-03,-0.175,-0.1
-5.3008e-03,-0.305,-0.415
-5.2992e-03,-0.175,-0.115
-5.2976e-03,-0.305,-0.435
-5.2960e-03,-0.305,-0.1
-5.2944e-03,-0.27,-0.415
-5.2928e-03,-0.31,-0.11
-5.2912e-03,-0.31,-0.41
-5.2896e-03,-0.28,-0.12
-5.2880e-03,-0.37,-0.42
-5.2864e-03,-0.225,-0.11
-5.2848e-03,-0.305,-0.425
-5.2832e-03,-0.275,-0.11
-5.2816e-03,-0.305,-0.43
-5.2800e-03,-0.23,-0.105
-5.2784e-03,-0.225,-0.42
-5.2768e-03,-0.31,-0.11
-5.2752e-03,-0.365,-0.41
-5.2736e-03,-0.29,-0.11
-5.2720e-03,-0.34,-0.42
-5.2704e-03,-0.215,-0.11
-5.2688e-03,-0.22,-0.41
-5.2672e-03,-0.32,-0.115
-5.2656e-03,-0.225,-0.405
-5.2640e-03,-0.295,-0.12
-5.2624e-03,-0.26,-0.415
-5.2608e-03,-0.31,-0.11
-5.2592e-03,-0.275,-0.43
-5.2576e-03,-0.355,-0.09
-5.2560e-03,-0.285,-0.415
-5.2544e-03,-0.275,-0.115
-5.2528e-03,-0.35,-0.44
-5.2512e-03,-0.31,-0.08
-5.2496e-03,-0.305,-0.415
-5.2480e-03,-0.3,-0.11
-5.2464e-03,-0.26,-0.435
-5.2448e-03,-0.205,-0.085
-5.2432e-03,-0.335,-0.395
-5.2416e-03,-0.27,-0.13
-5.2400e-03,-0.28,-0.415
-5.2384e-03,-0.255,-0.11
-5.2368e-03,-0.26,-0.415
-5.2352e-03,-0.285,-0.115
-5.2336e-03,-0.28,-0.415
-5.2320e-03,-0.195,-0.11
-5.2304e-03,-0.225,-0.41
-5.2288e-03,-0.27,-0.11
-5.2272e-03,-0.235,-0.42
-5.2256e-03,-0.24,-0.105
-5.2240e-03,-0.18,-0.41
-5.2224e-03,-0.23,-0.115
-5.2208e-03,-0.185,-0.395
-5.2192e-03,-0.31,-0.13
-5.2176e-03,-0.24,-0.44
-5.2160e-03,-0.305,-0.095
-5.2144e-03,-0.25,-0.43
-5.2128e-03,-0.335,-0.105
-5.2112e-03,-0.23,-0.425
-5.2096e-03,-0.33,-0.1
-5.2080e-03,-0.355,-0.395
-5.2064e-03,-0.27,-0.125
-5.2048e-03,-0.335,-0.415
-5.2032e-03,-0.3,-0.11
-5.2016e-03,-0.34,-0.45
-5.2000e-03,-0.33,-0.08
-5.1984e-03,-0.21,-0.41
-5.1968e-03,-0.26,-0.115
-5.1952e-03,-0.275,-0.42
-5.1936e-03,-0.34,-0.11
-5.1920e-03,-0.265,-0.395
-5.1904e-03,-0.19,-0.13
-5.1888e-03,-0.29,-0.425
-5.1872e-03,-0.27,-0.1
-5.1856e-03,-0.265,-0.41
-5.1840e-03,-0.31,-0.105
-5.1824e-03,-0.29,-0.425
-5.1808e-03,-0.28,-0.105
-5.1792e-03,-0.305,-0.425
-5.1776e-03,-0.255,-0.1
-5.1760e-03,-0.26,-0.41
-5.1744e-03,-0.205,-0.11
-5.1728e-03,-0.265,-0.405
-5.1712e-03,-0.135,-0.125
-5.1696e-03,-0.28,-0.41
-5.1680e-03,-0.21,-0.11
-5.1664e-03,-0.24,-0.405
-5.1648e-03,-0.155,-0.12
-5.1632e-03,-0.275,-0.42
-5.1616e-03,-0.245,-0.105
-5.1600e-03,-0.28,-0.405
-5.1584e-03,-0.29,-0.115
-5.1568e-03,-0.22,-0.405
-5.1552e-03,-0.175,-0.115
-5.1536e-03,-0.235,-0.415
-5.1520e-03,-0.22,-0.105
-5.1504e-03,-0.17,-0.415
-5.1488e-03,-0.235,-0.11
-5.1472e-03,-0.25,-0.425
-5.1456e-03,-0.31,-0.09
-5.1440e-03,-0.245,-0.405
-5.1424e-03,-0.26,-0.11
-5.1408e-03,-0.195,-0.41
-5.1392e-03,-0.24,-0.105
-5.1376e-03,-0.245,-0.445
-5.1360e-03,-0.295,-0.075
-5.1344e-03,-0.17,-0.395
-5.1328e-03,-0.25,-0.125
-5.1312e-03,-0.265,-0.41
-5.1296e-03,-0.23,-0.115
-5.1280e-03,-0.325,-0.4
-5.1264e-03,-0.305,-0.11
-5.1248e-03,-0.35,-0.45
-5.1232e-03,-0.205,-0.07
-5.1216e-03,-0.35,-0.42
-5.1200e-03,-0.315,-0.09
-5.1184e-03,-0.22,-0.425
-5.1168e-03,-0.145,-0.085
-5.1152e-03,-0.235,-0.395
-5.1136e-03,-0.19,-0.11
-5.1120e-03,-0.28,-0.4
-5.1104e-03,-0.235,-0.11
-5.1088e-03,-0.21,-0.435
-5.1072e-03,-0.17,-0.085
-5.1056e-03,-0.285,-0.44
-5.1040e-03,-0.25,-0.075
-5.1024e-03,-0.26,-0.415
-5.1008e-03,-0.195,-0.095
-5.0992e-03,-0.31,-0.415
-5.0976e-03,-0.235,-0.085
-5.0960e-03,-0.295,-0.415
-5.0944e-03,-0.225,-0.095
-5.0928e-03,-0.275,-0.41
-5.0912e-03,-0.13,-0.09
-5.0896e-03,-0.155,-0.415
-5.0880e-03,-0.24,-0.09
-5.0864e-03,-0.21,-0.425
-5.0848e-03,-0.195,-0.085
-5.0832e-03,-0.2,-0.395
-5.0816e-03,-0.22,-0.105
-5.0800e-03,-0.26,-0.4
-5.0784e-03,-0.275,-0.105
-5.0768e-03,-0.23,-0.43
-5.0752e-03,-0.24,-0.08
-5.0736e-03,-0.2,-0.41
-5.0720e-03,-0.315,-0.09
-5.0704e-03,-0.17,-0.45
-5.0688e-03,-0.24,-0.06
-5.0672e-03,-0.145,-0.43
-5.0656e-03,-0.3,-0.08
-5.0640e-03,-0.225,-0.445
-5.0624e-03,-0.295,-0.065
-5.0608e-03,-0.235,-0.41
-5.0592e-03,-0.305,-0.095
-5.0576e-03,-0.18,-0.425
-5.0560e-03,-0.315,-0.08
-5.0544e-03,-0.265,-0.41
-5.0528e-03,-0.385,-0.1
-5.0512e-03,-0.265,-0.41
-5.0496e-03,-0.315,-0.095
-5.0480e-03,-0.3,-0.415
-5.0464e-03,-0.265,-0.09
-5.0448e-03,-0.33,-0.43
-5.0432e-03,-0.21,-0.085
-5.0416e-03,-0.26,-0.41
-5.0400e-03,-0.165,-0.1
-5.0384e-03,-0.305,-0.41
-5.0368e-03,-0.285,-0.105
-5.0352e-03,-0.23,-0.415
-5.0336e-03,-0.205,-0.1
-5.0320e-03,-0.265,-0.415
-5.0304e-03,-0.33,-0.1
-5.0288e-03,-0.21,-0.415
-5.0272e-03,-0.18,-0.095
-5.0256e-03,-0.18,-0.415
-5.0240e-03,-0.2,-0.095
-5.0224e-03,-0.14,-0.415
-5.0208e-03,-0.17,-0.1
-5.0192e-03,-0.185,-0.41
-5.0176e-03,-0.3,-0.11
-5.0160e-03,-0.205,-0.415
-5.0144e-03,-0.315,-0.105
-5.0128e-03,-0.24,-0.405
-5.0112e-03,-0.29,-0.105
-5.0096e-03,-0.155,-0.415
-5.0080e-03,-0.155,-0.095
-5.0064e-03,-0.215,-0.42
-5.0048e-03,-0.19,-0.09
-5.0032e-03,-0.175,-0.43
-5.0016e-03,-0.19,-0.085
-5.0000e-03,-0.19,-0.405
-4.9984e-03,-0.29,-0.105
-4.9968e-03,-0.25,-0.42
-4.9952e-03,-0.335,-0.095
-4.9936e-03,-0.25,-0.41
-4.9920e-03,-0.26,-0.1
-4.9904e-03,-0.31,-0.42
-4.9888e-03,-0.295,-0.085
-4.9872e-03,-0.31,-0.415
-4.9856e-03,-0.2,-0.1
-4.9840e-03,-0.315,-0.43
-4.9824e-03,-0.315,-0.075
-4.9808e-03,-0.285,-0.415
-4.9792e-03,-0.225,-0.09
-4.9776e-03,-0.29,-0.4
-4.9760e-03,-0.26,-0.105
-4.9744e-03,-0.32,-0.43
-4.9728e-03,-0.27,-0.075
-4.9712e-03,-0.325,-0.39
-4.9696e-03,-0.24,-0.115
-4.9680e-03,-0.235,-0.4
-4.9664e-03,-0.26,-0.105
-4.9648e-03,-0.305,-0.42
-4.9632e-03,-0.275,-0.08
-4.9616e-03,-0.22,-0.39
-4.9600e-03,-0.23,-0.105
-4.9584e-03,-0.29,-0.425
-4.9568e-03,-0.275,-0.08
-4.9552e-03,-0.215,-0.385
-4.9536e-03,-0.195,-0.11
-4.9520e-03,-0.145,-0.41
-4.9504e-03,-0.275,-0.09
-4.9488e-03,-0.165,-0.415
-4.9472e-03,-0.28,-0.08
-4.9456e-03,-0.155,-0.4
-4.9440e-03,-0.22,-0.1
-4.9424e-03,-0.24,-0.445
-4.9408e-03,-0.29,-0.04
-4.9392e-03,-0.275,-0.435
-4.9376e-03,-0.18,-0.06
-4.9360e-03,-0.265,-0.42
-4.9344e-03,-0.255,-0.075
-4.9328e-03,-0.22,-0.42
-4.9312e-03,-0.195,-0.075
-4.9296e-03,-0.19,-0.43
-4.9280e-03,-0.215,-0.06
-4.9264e-03,-0.27,-0.44
-4.9248e-03,-0.265,-0.05
-4.9232e-03,-0.395,-0.39
-4.9216e-03,-0.28,-0.095
-4.9200e-03,-0.29,-0.415
-4.9184e-03,-0.315,-0.075
-4.9168e-03,-0.315,-0.41
-4.9152e-03,-0.195,-0.08
-4.9136e-03,-0.21,-0.385
-4.9120e-03,-0.22,-0.105
-4.9104e-03,-0.33,-0.405
-4.9088e-03,-0.315,-0.085
-4.9072e-03,-0.245,-0.405
-4.9056e-03,-0.28,-0.08
-4.9040e-03,-0.26,-0.39
-4.9024e-03,-0.335,-0.1
-4.9008e-03,-0.19,-0.405
-4.8992e-03,-0.245,-0.095
-4.8976e-03,-0.14,-0.42
-4.8960e-03,-0.155,-0.075
-4.8944e-03,-0.18,-0.395
-4.8928e-03,-0.21,-0.1
-4.8912e-03,-0.225,-0.415
-4.8896e-03,-0.145,-0.08
-4.8880e-03,-0.235,-0.41
-4.8864e-03,-0.27,-0.085
-4.8848e-03,-0.29,-0.47
-4.8832e-03,-0.245,-0.025
-4.8816e-03,-0.315,-0.395
-4.8800e-03,-0.205,-0.105
-4.8784e-03,-0.3,-0.405
-4.8768e-03,-0.23,-0.09
-4.8752e-03,-0.255,-0.42
-4.8736e-03,-0.09,-0.075
-4.8720e-03,-0.175,-0.425
-4.8704e-03,-0.215,-0.075
-4.8688e-03,-0.25,-0.43
-4.8672e-03,-0.14,-0.07
-4.8656e-03,-0.27,-0.4
-4.8640e-03,-0.27,-0.105
-4.8624e-03,-0.345,-0.415
-4.8608e-03,-0.27,-0.09
-4.8592e-03,-0.25,-0.405
-4.8576e-03,-0.195,-0.085
-4.8560e-03,-0.21,-0.415
-4.8544e-03,-0.23,-0.08
-4.8528e-03,-0.235,-0.41
-4.8512e-03,-0.125,-0.09
-4.8496e-03,-0.215,-0.395
-4.8480e-03,-0.19,-0.105
-4.8464e-03,-0.29,-0.385
-4.8448e-03,-0.2,-0.11
-4.8432e-03,-0.23,-0.41
-4.8416e-03,-0.22,-0.09
-4.8400e-03,-0.2,-0.41
-4.8384e-03,-0.2,-0.09
-4.8368e-03,-0.29,-0.43
-4.8352e-03,-0.265,-0.075
-4.8336e-03,-0.235,-0.425
-4.8320e-03,-0.305,-0.065
-4.8304e-03,-0.325,-0.4
-4.8288e-03,-0.33,-0.085
-4.8272e-03,-0.22,-0.395
-4.8256e-03,-0.23,-0.09
-4.8240e-03,-0.235,-0.41
-4.8224e-03,-0.225,-0.085
-4.8208e-03,-0.245,-0.4
-4.8192e-03,-0.17,-0.09
-4.8176e-03,-0.215,-0.42
-4.8160e-03,-0.235,-0.075
-4.8144e-03,-0.33,-0.395
-4.8128e-03,-0.2,-0.095
-4.8112e-03,-0.225,-0.425
-4.8096e-03,-0.245,-0.065
-4.8080e-03,-0.255,-0.415
-4.8064e-03,-0.22,-0.07
-4.8048e-03,-0.25,-0.425
-4.8032e-03,-0.23,-0.07
-4.8016e-03,-0.23,-0.405
-4.8000e-03,-0.27,-0.085
-4.7984e-03,-0.32,-0.42
-4.7968e-03,-0.275,-0.07
-4.7952e-03,-0.245,-0.4
-4.7936e-03,-0.21,-0.085
-4.7920e-03,-0.185,-0.405
-4.7904e-03,-0.2,-0.075
-4.7888e-03,-0.19,-0.42
-4.7872e-03,-0.24,-0.07
-4.7856e-03,-0.15,-0.4
-4.7840e-03,-0.245,-0.085
-4.7824e-03,-0.21,-0.39
-4.7808e-03,-0.31,-0.085
-4.7792e-03,-0.135,-0.44
-4.7776e-03,-0.275,-0.045
-4.7760e-03,-0.295,-0.41
-4.7744e-03,-0.285,-0.08
-4.7728e-03,-0.245,-0.41
-4.7712e-03,-0.205,-0.07
-4.7696e-03,-0.215,-0.4
-4.7680e-03,-0.25,-0.085
-4.7664e-03,-0.205,-0.405
-4.7648e-03,-0.15,-0.075
-4.7632e-03,-0.17,-0.395
-4.7616e-03,-0.175,-0.085
-4.7600e-03,-0.215,-0.405
-4.7584e-03,-0.165,-0.07
-4.7568e-03,-0.275,-0.405
-4.7552e-03,-0.105,-0.07
-4.7536e-03,-0.245,-0.385
-4.7520e-03,-0.185,-0.08
-4.7504e-03,-0.265,-0.4
-4.7488e-03,-0.17,-0.08
-4.7472e-03,-0.22,-0.405
-4.7456e-03,-0.14,-0.075
-4.7440e-03,-0.18,-0.415
-4.7424e-03,-0.27,-0.07
-4.7408e-03,-0.215,-0.395
-4.7392e-03,-0.245,-0.08
-4.7376e-03,-0.24,-0.37
-4.7360e-03,-0.32,-0.1
-4.7344e-03,-0.305,-0.41
-4.7328e-03,-0.345,-0.07
-4.7312e-03,-0.205,-0.39
-4.7296e-03,-0.29,-0.085
-4.7280e-03,-0.32,-0.4
-4.7264e-03,-0.305,-0.07
-4.7248e-03,-0.205,-0.415
-4.7232e-03,-0.225,-0.06
-4.7216e-03,-0.31,-0.39
-4.7200e-03,-0.235,-0.09
-4.7184e-03,-0.365,-0.41
-4.7168e-03,-0.19,-0.065
-4.7152e-03,-0.36,-0.38
-4.7136e-03,-0.315,-0.1
-4.7120e-03,-0.365,-0.405
-4.7104e-03,-0.255,-0.075
-4.7088e-03,-0.25,-0.415
-4.7072e-03,-0.18,-0.065
-4.7056e-03,-0.205,-0.385
-4.7040e-03,-0.18,-0.09
-4.7024e-03,-0.165,-0.395
-4.7008e-03,-0.19,-0.08
-4.6992e-03,-0.19,-0.42
-4.6976e-03,-0.255,-0.055
-4.6960e-03,-0.235,-0.395
-4.6944e-03,-0.385,-0.08
-4.6928e-03,-0.245,-0.41
-4.6912e-03,-0.255,-0.07
-4.6896e-03,-0.225,-0.41
-4.6880e-03,-0.25,-0.07
-4.6864e-03,-0.205,-0.41
-4.6848e-03,-0.195,-0.06
-4.6832e-03,-0.075,-0.395
-4.6816e-03,-0.155,-0.085
-4.6800e-03,-0.28,-0.41
-4.6784e-03,-0.255,-0.07
-4.6768e-03,-0.28,-0.4
-4.6752e-03,-0.305,-0.08
-4.6736e-03,-0.25,-0.405
-4.6720e-03,-0.285,-0.08
-4.6704e-03,-0.325,-0.395
-4.6688e-03,-0.145,-0.08
-4.6672e-03,-0.235,-0.415
-4.6656e-03,-0.18,-0.055
-4.6640e-03,-0.255,-0.395
-4.6624e-03,-0.22,-0.085
-4.6608e-03,-0.255,-0.39
-4.6592e-03,-0.155,-0.09
-4.6576e-03,-0.29,-0.425
-4.6560e-03,-0.205,-0.055
-4.6544e-03,-0.26,-0.415
-4.6528e-03,-0.205,-0.05
-4.6512e-03,-0.255,-0.425
-4.6496e-03,-0.13,-0.045
-4.6480e-03,-0.31,-0.41
-4.6464e-03,-0.2,-0.065
-4.6448e-03,-0.24,-0.41
-4.6432e-03,-0.17,-0.07
-4.6416e-03,-0.23,-0.395
-4.6400e-03,-0.27,-0.075
-4.6384e-03,-0.3,-0.4
-4.6368e-03,-0.295,-0.07
-4.6352e-03,-0.205,-0.39
-4.6336e-03,-0.29,-0.075
-4.6320e-03,-0.24,-0.405
-4.6304e-03,-0.3,-0.055
-4.6288e-03,-0.21,-0.385
-4.6272e-03,-0.225,-0.075
-4.6256e-03,-0.17,-0.4
-4.6240e-03,-0.23,-0.065
-4.6224e-03,-0.21,-0.425
-4.6208e-03,-0.21,-0.045
-4.6192e-03,-0.235,-0.4
-4.6176e-03,-0.19,-0.07
-4.6160e-03,-0.24,-0.395
-4.6144e-03,-0.33,-0.065
-4.6128e-03,-0.26,-0.42
-4.6112e-03,-0.265,-0.035
-4.6096e-03,-0.225,-0.395
-4.6080e-03,-0.245,-0.07
-4.6064e-03,-0.21,-0.395
-4.6048e-03,-0.205,-0.07
-4.6032e-03,-0.11,-0.385
-4.6016e-03,-0.135,-0.08
-4.6000e-03,-0.255,-0.405
-4.5984e-03,-0.17,-0.065
-4.5968e-03,-0.22,-0.395
-4.5952e-03,-0.17,-0.07
-4.5936e-03,-0.195,-0.395
-4.5920e-03,-0.165,-0.065
-4.5904e-03,-0.235,-0.39
-4.5888e-03,-0.185,-0.07
-4.5872e-03,-0.18,-0.375
-4.5856e-03,-0.18,-0.09
-4.5840e-03,-0.245,-0.38
-4.5824e-03,-0.225,-0.085
-4.5808e-03,-0.305,-0.37
-4.5792e-03,-0.295,-0.095
-4.5776e-03,-0.22,-0.395
-4.5760e-03,-0.275,-0.06
-4.5744e-03,-0.22,-0.395
-4.5728e-03,-0.255,-0.07
-4.5712e-03,-0.26,-0.42
-4.5696e-03,-0.2,-0.045
-4.5680e-03,-0.22,-0.43
-4.5664e-03,-0.25,-0.035
-4.5648e-03,-0.305,-0.425
-4.5632e-03,-0.295,-0.04
-4.5616e-03,-0.2,-0.39
-4.5600e-03,-0.285,-0.07
-4.5584e-03,-0.215,-0.385
-4.5568e-03,-0.25,-0.075
-4.5552e-03,-0.23,-0.41
-4.5536e-03,-0.115,-0.055
-4.5520e-03,-0.22,-0.4
-4.5504e-03,-0.22,-0.055
-4.5488e-03,-0.255,-0.385
-4.5472e-03,-0.195,-0.075
-4.5456e-03,-0.27,-0.375
-4.5440e-03,-0.175,-0.09
-4.5424e-03,-0.23,-0.39
-4.5408e-03,-0.19,-0.07
-4.5392e-03,-0.26,-0.38
-4.5376e-03,-0.1,-0.085
-4.5360e-03,-0.19,-0.395
-4.5344e-03,-0.145,-0.06
-4.5328e-03,-0.18,-0.38
-4.5312e-03,-0.175,-0.08
-4.5296e-03,-0.255,-0.41
-4.5280e-03,-0.19,-0.055
-4.5264e-03,-0.18,-0.41
-4.5248e-03,-0.26,-0.055
-4.5232e-03,-0.285,-0.395
-4.5216e-03,-0.215,-0.06
-4.5200e-03,-0.175,-0.395
-4.5184e-03,-0.215,-0.06
-4.5168e-03,-0.24,-0.39
-4.5152e-03,-0.205,-0.075
-4.5136e-03,-0.26,-0.39
-4.5120e-03,-0.17,-0.065
-4.5104e-03,-0.21,-0.36
-4.5088e-03,-0.26,-0.095
-4.5072e-03,-0.29,-0.39
-4.5056e-03,-0.255,-0.065
-4.5040e-03,-0.295,-0.4
-4.5024e-03,-0.265,-0.055
-4.5008e-03,-0.22,-0.405
-4.4992e-03,-0.18,-0.05
-4.4976e-03,-0.23,-0.375
-4.4960e-03,-0.155,-0.08
-4.4944e-03,-0.14,-0.37
-4.4928e-03,-0.22,-0.08
-4.4912e-03,-0.255,-0.39
-4.4896e-03,-0.28,-0.07
-4.4880e-03,-0.225,-0.36
-4.4864e-03,-0.165,-0.09
-4.4848e-03,-0.155,-0.395
-4.4832e-03,-0.175,-0.06
-4.4816e-03,-0.225,-0.375
-4.4800e-03,-0.165,-0.08
-4.4784e-03,-0.175,-0.395
-4.4768e-03,-0.21,-0.055
-4.4752e-03,-0.26,-0.4
-4.4736e-03,-0.22,-0.05
-4.4720e-03,-0.235,-0.375
-4.4704e-03,-0.205,-0.07
-4.4688e-03,-0.145,-0.36
-4.4672e-03,-0.21,-0.09
-4.4656e-03,-0.19,-0.385
-4.4640e-03,-0.245,-0.055
-4.4624e-03,-0.2,-0.39
-4.4608e-03,-0.275,-0.06
-4.4592e-03,-0.215,-0.375
-4.4576e-03,-0.265,-0.07
-4.4560e-03,-0.24,-0.365
-4.4544e-03,-0.23,-0.08
-4.4528e-03,-0.17,-0.365
-4.4512e-03,-0.225,-0.09
-4.4496e-03,-0.29,-0.36
-4.4480e-03,-0.22,-0.09
-4.4464e-03,-0.225,-0.41
-4.4448e-03,-0.245,-0.045
-4.4432e-03,-0.25,-0.395
-4.4416e-03,-0.245,-0.055
-4.4400e-03,-0.235,-0.39
-4.4384e-03,-0.11,-0.055
-4.4368e-03,-0.18,-0.355
-4.4352e-03,-0.11,-0.095
-4.4336e-03,-0.285,-0.375
-4.4320e-03,-0.19,-0.07
-4.4304e-03,-0.295,-0.38
-4.4288e-03,-0.27,-0.065
-4.4272e-03,-0.275,-0.38
-4.4256e-03,-0.21,-0.065
-4.4240e-03,-0.28,-0.365
-4.4224e-03,-0.215,-0.08
-4.4208e-03,-0.175,-0.425
-4.4192e-03,-0.14,-0.025
-4.4176e-03,-0.225,-0.37
-4.4160e-03,-0.205,-0.075
-4.4144e-03,-0.265,-0.385
-4.4128e-03,-0.185,-0.065
-4.4112e-03,-0.275,-0.4
-4.4096e-03,-0.225,-0.05
-4.4080e-03,-0.36,-0.395
-4.4064e-03,-0.275,-0.055
-4.4048e-03,-0.21,-0.39
-4.4032e-03,-0.24,-0.055
-4.4016e-03,-0.24,-0.38
-4.4000e-03,-0.205,-0.07
-4.3984e-03,-0.14,-0.375
-4.3968e-03,-0.165,-0.075
-4.3952e-03,-0.165,-0.385
-4.3936e-03,-0.155,-0.065
-4.3920e-03,-0.22,-0.37
-4.3904e-03,-0.225,-0.08
-4.3888e-03,-0.16,-0.38
-4.3872e-03,-0.2,-0.065
-4.3856e-03,-0.165,-0.37
-4.3840e-03,-0.215,-0.08
-4.3824e-03,-0.17,-0.38
-4.3808e-03,-0.175,-0.07
-4.3792e-03,-0.215,-0.385
-4.3776e-03,-0.19,-0.06
-4.3760e-03,-0.34,-0.385
-4.3744e-03,-0.255,-0.055
-4.3728e-03,-0.245,-0.405
-4.3712e-03,-0.145,-0.04
-4.3696e-03,-0.245,-0.355
-4.3680e-03,-0.245,-0.095
-4.3664e-03,-0.25,-0.37
-4.3648e-03,-0.295,-0.08
-4.3632e-03,-0.245,-0.385
-4.3616e-03,-0.25,-0.06
-4.3600e-03,-0.265,-0.38
-4.3584e-03,-0.265,-0.065
-4.3568e-03,-0.245,-0.405
-4.3552e-03,-0.22,-0.05
-4.3536e-03,-0.275,-0.395
-4.3520e-03,-0.25,-0.045
-4.3504e-03,-0.29,-0.415
-4.3488e-03,-0.265,-0.03
-4.3472e-03,-0.18,-0.395
-4.3456e-03,-0.18,-0.045
-4.3440e-03,-0.23,-0.395
-4.3424e-03,-0.24,-0.05
-4.3408e-03,-0.16,-0.405
-4.3392e-03,-0.245,-0.04
-4.3376e-03,-0.225,-0.365
-4.3360e-03,-0.245,-0.075
-4.3344e-03,-0.2,-0.375
-4.3328e-03,-0.22,-0.07
-4.3312e-03,-0.105,-0.38
-4.3296e-03,-0.12,-0.06
-4.3280e-03,-0.22,-0.375
-4.3264e-03,-0.19,-0.065
-4.3248e-03,-0.215,-0.365
-4.3232e-03,-0.195,-0.075
-4.3216e-03,-0.265,-0.375
-4.3200e-03,-0.235,-0.06
-4.3184e-03,-0.19,-0.38
-4.3168e-03,-0.285,-0.055
-4.3152e-03,-0.125,-0.37
-4.3136e-03,-0.205,-0.07
-4.3120e-03,-0.19,-0.365
-4.3104e-03,-0.225,-0.075
-4.3088e-03,-0.23,-0.385
-4.3072e-03,-0.29,-0.05
-4.3056e-03,-0.215,-0.39
-4.3040e-03,-0.22,-0.055
-4.3024e-03,-0.26,-0.4
-4.3008e-03,-0.305,-0.035
-4.2992e-03,-0.08,-0.395
-4.2976e-03,-0.2,-0.045
-4.2960e-03,-0.165,-0.405
-4.2944e-03,-0.285,-0.03
-4.2928e-03,-0.14,-0.425
-4.2912e-03,-0.3,-0.015
-4.2896e-03,-0.18,-0.4
-4.2880e-03,-0.28,-0.04
-4.2864e-03,-0.19,-0.37
-4.2848e-03,-0.22,-0.065
-4.2832e-03,-0.07,-0.365
-4.2816e-03,-0.24,-0.06
-4.2800e-03,-0.175,-0.385
-4.2784e-03,-0.265,-0.055
-4.2768e-03,-0.165,-0.36
-4.2752e-03,-0.21,-0.07
-4.2736e-03,-0.18,-0.375
-4.2720e-03,-0.1,-0.06
-4.2704e-03,-0.23,-0.37
-4.2688e-03,-0.13,-0.065
-4.2672e-03,-0.24,-0.38
-4.2656e-03,-0.215,-0.05
-4.2640e-03,-0.24,-0.375
-4.2624e-03,-0.195,-0.06
-4.2608e-03,-0.315,-0.395
-4.2592e-03,-0.23,-0.025
-4.2576e-03,-0.19,-0.355
-4.2560e-03,-0.18,-0.08
-4.2544e-03,-0.225,-0.375
-4.2528e-03,-0.22,-0.045
-4.2512e-03,-0.145,-0.37
-4.2496e-03,-0.195,-0.05
-4.2480e-03,-0.145,-0.395
-4.2464e-03,-0.295,-0.045
-4.2448e-03,-0.255,-0.37
-4.2432e-03,-0.15,-0.06
-4.2416e-03,-0.195,-0.405
-4.2400e-03,-0.215,-0.03
-4.2384e-03,-0.21,-0.395
-4.2368e-03,-0.21,-0.03
-4.2352e-03,-0.225,-0.41
-4.2336e-03,-0.16,-0.015
-4.2320e-03,-0.315,-0.37
-4.2304e-03,-0.3,-0.055
-4.2288e-03,-0.285,-0.39
-4.2272e-03,-0.25,-0.03
-4.2256e-03,-0.275,-0.36
-4.2240e-03,-0.165,-0.07
-4.2224e-03,-0.21,-0.365
-4.2208e-03,-0.245,-0.06
-4.2192e-03,-0.21,-0.375
-4.2176e-03,-0.215,-0.04
-4.2160e-03,-0.27,-0.37
-4.2144e-03,-0.24,-0.055
-4.2128e-03,-0.285,-0.36
-4.2112e-03,-0.235,-0.055
-4.2096e-03,-0.17,-0.385
-4.2080e-03,-0.135,-0.05
-4.2064e-03,-0.27,-0.39
-4.2048e-03,-0.23,-0.03
-4.2032e-03,-0.185,-0.375
-4.2016e-03,-0.23,-0.05
-4.2000e-03,-0.22,-0.39
-4.1984e-03,-0.235,-0.04
-4.1968e-03,-0.21,-0.375
-4.1952e-03,-0.13,-0.05
-4.1936e-03,-0.115,-0.38
-4.1920e-03,-0.225,-0.045
-4.1904e-03,-0.22,-0.37
-4.1888e-03,-0.19,-0.05
-4.1872e-03,-0.21,-0.41
-4.1856e-03,-0.18,-0.01
-4.1840e-03,-0.215,-0.365
-4.1824e-03,-0.195,-0.055
-4.1808e-03,-0.17,-0.355
-4.1792e-03,-0.205,-0.07
-4.1776e-03,-0.205,-0.365
-4.1760e-03,-0.25,-0.055
-4.1744e-03,-0.275,-0.375
-4.1728e-03,-0.365,-0.045
-4.1712e-03,-0.23,-0.365
-4.1696e-03,-0.24,-0.055
-4.1680e-03,-0.235,-0.385
-4.1664e-03,-0.25,-0.04
-4.1648e-03,-0.18,-0.375
-4.1632e-03,-0.22,-0.055
-4.1616e-03,-0.15,-0.375
-4.1600e-03,-0.225,-0.05
-4.1584e-03,-0.285,-0.36
-4.1568e-03,-0.205,-0.065
-4.1552e-03,-0.235,-0.355
-4.1536e-03,-0.2,-0.07
-4.1520e-03,-0.2,-0.375
-4.1504e-03,-0.29,-0.045
-4.1488e-03,-0.17,-0.36
-4.1472e-03,-0.145,-0.07
-4.1456e-03,-0.115,-0.37
-4.1440e-03,-0.205,-0.055
-4.1424e-03,-0.105,-0.36
-4.1408e-03,-0.195,-0.065
-4.1392e-03,-0.11,-0.38
-4.1376e-03,-0.18,-0.04
-4.1360e-03,-0.205,-0.405
-4.1344e-03,-0.22,-0.005
-4.1328e-03,-0.19,-0.39
-4.1312e-03,-0.21,-0.025
-4.1296e-03,-0.21,-0.4
-4.1280e-03,-0.195,-0.025
-4.1264e-03,-0.3,-0.375
-4.1248e-03,-0.155,-0.055
-4.1232e-03,-0.205,-0.385
-4.1216e-03,-0.215,-0.035
-4.1200e-03,-0.235,-0.36
-4.1184e-03,-0.27,-0.06
-4.1168e-03,-0.295,-0.375
-4.1152e-03,-0.215,-0.045
-4.1136e-03,-0.185,-0.35
-4.1120e-03,-0.265,-0.07
-4.1104e-03,-0.245,-0.38
-4.1088e-03,-0.175,-0.045
-4.1072e-03,-0.18,-0.375
-4.1056e-03,-0.2,-0.04
-4.1040e-03,-0.185,-0.355
-4.1024e-03,-0.265,-0.06
-4.1008e-03,-0.19,-0.37
-4.0992e-03,-0.135,-0.055
-4.0976e-03,-0.265,-0.365
-4.0960e-03,-0.2,-0.05
-4.0944e-03,-0.28,-0.38
-4.0928e-03,-0.195,-0.025
-4.0912e-03,-0.22,-0.385
-4.0896e-03,-0.175,-0.035
-4.0880e-03,-0.245,-0.355
-4.0864e-03,-0.225,-0.055
-4.0848e-03,-0.195,-0.36
-4.0832e-03,-0.255,-0.045
-4.0816e-03,-0.19,-0.355
-4.0800e-03,-0.275,-0.05
-4.0784e-03,-0.235,-0.34
-4.0768e-03,-0.23,-0.07
-4.0752e-03,-0.12,-0.35
-4.0736e-03,-0.215,-0.06
-4.0720e-03,-0.14,-0.365
-4.0704e-03,-0.21,-0.035
-4.0688e-03,-0.17,-0.365
-4.0672e-03,-0.165,-0.035
-4.0656e-03,-0.22,-0.345
-4.0640e-03,-0.3,-0.06
-4.0624e-03,-0.19,-0.355
-4.0608e-03,-0.22,-0.045
-4.0592e-03,-0.14,-0.355
-4.0576e-03,-0.135,-0.045
-4.0560e-03,-0.185,-0.34
-4.0544e-03,-0.17,-0.065
-4.0528e-03,-0.185,-0.37
-4.0512e-03,-0.15,-0.035
-4.0496e-03,-0.215,-0.345
-4.0480e-03,-0.135,-0.06
-4.0464e-03,-0.28,-0.37
-4.0448e-03,-0.225,-0.035
-4.0432e-03,-0.2,-0.355
-4.0416e-03,-0.16,-0.05
-4.0400e-03,-0.18,-0.39
-4.0384e-03,-0.2,-0.015
-4.0368e-03,-0.205,-0.39
-4.0352e-03,-0.1,-0.015
-4.0336e-03,-0.17,-0.41
-4.0320e-03,-0.215,0
-4.0304e-03,-0.22,-0.38
-4.0288e-03,-0.255,-0.025
-4.0272e-03,-0.18,-0.355
-4.0256e-03,-0.225,-0.05
-4.0240e-03,-0.295,-0.35
-4.0224e-03,-0.155,-0.055
-4.0208e-03,-0.21,-0.35
-4.0192e-03,-0.115,-0.06
-4.0176e-03,-0.125,-0.36
-4.0160e-03,-0.205,-0.04
-4.0144e-03,-0.17,-0.36
-4.0128e-03,-0.205,-0.045
-4.0112e-03,-0.255,-0.37
-4.0096e-03,-0.17,-0.035
-4.0080e-03,-0.25,-0.36
-4.0064e-03,-0.23,-0.045
-4.0048e-03,-0.255,-0.355
-4.0032e-03,-0.24,-0.05
-4.0016e-03,-0.21,-0.34
-4.0000e-03,-0.14,-0.06
-3.9984e-03,-0.23,-0.38
-3.9968e-03,-0.22,-0.03
-3.9952e-03,-0.195,-0.37
-3.9936e-03,-0.17,-0.03
-3.9920e-03,-0.155,-0.36
-3.9904e-03,-0.245,-0.04
-3.9888e-03,-0.21,-0.38
-3.9872e-03,-0.165,-0.02
-3.9856e-03,-0.175,-0.36
-3.9840e-03,-0.085,-0.045
-3.9824e-03,-0.195,-0.37
-3.9808e-03,-0.145,-0.035
-3.9792e-03,-0.095,-0.37
-3.9776e-03,-0.225,-0.025
-3.9760e-03,-0.12,-0.35
-3.9744e-03,-0.275,-0.05
-3.9728e-03,-0.19,-0.375
-3.9712e-03,-0.16,-0.02
-3.9696e-03,-0.145,-0.34
-3.9680e-03,-0.14,-0.065
-3.9664e-03,-0.14,-0.375
-3.9648e-03,-0.265,-0.03
-3.9632e-03,-0.165,-0.34
-3.9616e-03,-0.285,-0.06
-3.9600e-03,-0.135,-0.34
-3.9584e-03,-0.19,-0.065
-3.9568e-03,-0.24,-0.375
-3.9552e-03,-0.165,-0.03
-3.9536e-03,-0.21,-0.365
-3.9520e-03,-0.17,-0.035
-3.9504e-03,-0.255,-0.375
-3.9488e-03,-0.3,-0.03
-3.9472e-03,-0.255,-0.36
-3.9456e-03,-0.23,-0.045
-3.9440e-03,-0.185,-0.34
-3.9424e-03,-0.24,-0.065
-3.9408e-03,-0.17,-0.35
-3.9392e-03,-0.195,-0.045
-3.9376e-03,-0.165,-0.34
-3.9360e-03,-0.23,-0.065
-3.9344e-03,-0.15,-0.365
-3.9328e-03,-0.245,-0.04
-3.9312e-03,-0.255,-0.365
-3.9296e-03,-0.21,-0.035
-3.9280e-03,-0.14,-0.365
-3.9264e-03,-0.2,-0.035
-3.9248e-03,-0.125,-0.355
-3.9232e-03,-0.255,-0.05
-3.9216e-03,-0.205,-0.345
-3.9200e-03,-0.145,-0.05
-3.9184e-03,-0.21,-0.35
-3.9168e-03,-0.23,-0.055
-3.9152e-03,-0.275,-0.36
-3.9136e-03,-0.225,-0.035
-3.9120e-03,-0.185,-0.365
-3.9104e-03,-0.185,-0.035
-3.9088e-03,-0.17,-0.39
-3.9072e-03,-0.16,-0.01
-3.9056e-03,-0.115,-0.365
-3.9040e-03,-0.175,-0.035
-3.9024e-03,-0.14,-0.345
-3.9008e-03,-0.125,-0.045
-3.8992e-03,-0.18,-0.355
-3.8976e-03,-0.26,-0.035
-3.8960e-03,-0.2,-0.365
-3.8944e-03,-0.265,-0.035
-3.8928e-03,-0.225,-0.375
-3.8912e-03,-0.135,-0.02
-3.8896e-03,-0.26,-0.35
-3.8880e-03,-0.17,-0.035
-3.8864e-03,-0.16,-0.36
-3.8848e-03,-0.145,-0.03
-3.8832e-03,-0.165,-0.37
-3.8816e-03,-0.205,-0.02
-3.8800e-03,-0.255,-0.365
-3.8784e-03,-0.185,-0.025
-3.8768e-03,-0.175,-0.345
-3.8752e-03,-0.265,-0.045
-3.8736e-03,-0.27,-0.345
-3.8720e-03,-0.22,-0.05
-3.8704e-03,-0.275,-0.35
-3.8688e-03,-0.165,-0.04
-3.8672e-03,-0.175,-0.335
-3.8656e-03,-0.26,-0.045
-3.8640e-03,-0.26,-0.37
-3.8624e-03,-0.25,-0.015
-3.8608e-03,-0.2,-0.38
-3.8592e-03,-0.26,0
-3.8576e-03,-0.215,-0.365
-3.8560e-03,-0.28,-0.03
-3.8544e-03,-0.13,-0.39
-3.8528e-03,-0.135,-0.005
-3.8512e-03,-0.18,-0.345
-3.8496e-03,-0.165,-0.045
-3.8480e-03,-0.265,-0.35
-3.8464e-03,-0.21,-0.035
-3.8448e-03,-0.225,-0.355
-3.8432e-03,-0.22,-0.03
-3.8416e-03,-0.245,-0.375
-3.8400e-03,-0.205,-0.015
-3.8384e-03,-0.2,-0.355
-3.8368e-03,-0.23,-0.025
-3.8352e-03,-0.19,-0.34
-3.8336e-03,-0.24,-0.045
-3.8320e-03,-0.25,-0.35
-3.8304e-03,-0.22,-0.03
-3.8288e-03,-0.28,-0.355
-3.8272e-03,-0.17,-0.03
-3.8256e-03,-0.205,-0.345
-3.8240e-03,-0.25,-0.04
-3.8224e-03,-0.13,-0.35
-3.8208e-03,-0.17,-0.035
-3.8192e-03,-0.13,-0.38
-3.8176e-03,-0.16,-0.005
-3.8160e-03,-0.27,-0.38
-3.8144e-03,-0.22,-0.01
-3.8128e-03,-0.185,-0.355
-3.8112e-03,-0.19,-0.03
-3.8096e-03,-0.24,-0.38
-3.8080e-03,-0.15,-0.005
-3.8064e-03,-0.3,-0.365
-3.8048e-03,-0.135,-0.02
-3.8032e-03,-0.32,-0.345
-3.8016e-03,-0.185,-0.035
-3.8000e-03,-0.28,-0.37
-3.7984e-03,-0.15,-0.02
-3.7968e-03,-0.23,-0.355
-3.7952e-03,-0.09,-0.04
-3.7936e-03,-0.13,-0.345
-3.7920e-03,-0.115,-0.03
-3.7904e-03,-0.16,-0.405
-3.7888e-03,-0.235,0.015
-3.7872e-03,-0.22,-0.35
-3.7856e-03,-0.145,-0.03
-3.7840e-03,-0.265,-0.375
-3.7824e-03,-0.205,-0.015
-3.7808e-03,-0.315,-0.385
-3.7792e-03,-0.15,0
-3.7776e-03,-0.18,-0.375
-3.7760e-03,-0.22,0
-3.7744e-03,-0.14,-0.375
-3.7728e-03,-0.25,-0.01
-3.7712e-03,-0.095,-0.35
-3.7696e-03,-0.195,-0.035
-3.7680e-03,-0.16,-0.36
-3.7664e-03,-0.2,-0.015
-3.7648e-03,-0.17,-0.33
-3.7632e-03,-0.155,-0.04
-3.7616e-03,-0.145,-0.335
-3.7600e-03,-0.13,-0.04
-3.7584e-03,-0.24,-0.34
-3.7568e-03,-0.265,-0.035
-3.7552e-03,-0.26,-0.345
-3.7536e-03,-0.19,-0.03
-3.7520e-03,-0.135,-0.33
-3.7504e-03,-0.155,-0.045
-3.7488e-03,-0.15,-0.34
-3.7472e-03,-0.21,-0.045
-3.7456e-03,-0.15,-0.325
-3.7440e-03,-0.215,-0.045
-3.7424e-03,-0.22,-0.34
-3.7408e-03,-0.255,-0.04
-3.7392e-03,-0.155,-0.355
-3.7376e-03,-0.22,-0.015
-3.7360e-03,-0.13,-0.345
-3.7344e-03,-0.205,-0.035
-3.7328e-03,-0.15,-0.35
-3.7312e-03,-0.205,-0.015
-3.7296e-03,-0.22,-0.355
-3.7280e-03,-0.175,-0.015
-3.7264e-03,-0.235,-0.355
-3.7248e-03,-0.14,-0.02
-3.7232e-03,-0.235,-0.36
-3.7216e-03,-0.13,-0.005
-3.7200e-03,-0.17,-0.385
-3.7184e-03,-0.09,0.005
-3.7168e-03,-0.24,-0.34
-3.7152e-03,-0.195,-0.025
-3.7136e-03,-0.24,-0.325
-3.7120e-03,-0.08,-0.045
-3.7104e-03,-0.17,-0.35
-3.7088e-03,-0.11,-0.015
-3.7072e-03,-0.17,-0.345
-3.7056e-03,-0.12,-0.02
-3.7040e-03,-0.085,-0.34
-3.7024e-03,-0.15,-0.03
-3.7008e-03,-0.2,-0.33
-3.6992e-03,-0.14,-0.045
-3.6976e-03,-0.275,-0.375
-3.6960e-03,-0.09,0.005
-3.6944e-03,-0.2,-0.365
-3.6928e-03,-0.06,-0.01
-3.6912e-03,-0.19,-0.355
-3.6896e-03,-0.13,-0.02
-3.6880e-03,-0.27,-0.37
-3.6864e-03,-0.2,-0.01
-3.6848e-03,-0.21,-0.365
-3.6832e-03,-0.22,0
-3.6816e-03,-0.285,-0.365
-3.6800e-03,-0.31,-0.01
-3.6784e-03,-0.23,-0.34
-3.6768e-03,-0.22,-0.03
-3.6752e-03,-0.145,-0.33
-3.6736e-03,-0.235,-0.04
-3.6720e-03,-0.115,-0.365
-3.6704e-03,-0.165,-0.005
-3.6688e-03,-0.11,-0.365
-3.6672e-03,-0.21,-0.005
-3.6656e-03,-0.255,-0.355
-3.6640e-03,-0.185,-0.01
-3.6624e-03,-0.255,-0.39
-3.6608e-03,-0.12,0.01
-3.6592e-03,-0.21,-0.34
-3.6576e-03,-0.105,-0.025
-3.6560e-03,-0.205,-0.34
-3.6544e-03,-0.155,-0.025
-3.6528e-03,-0.185,-0.345
-3.6512e-03,-0.23,-0.025
-3.6496e-03,-0.24,-0.355
-3.6480e-03,-0.25,-0.01
-3.6464e-03,-0.28,-0.36
-3.6448e-03,-0.115,-0.01
-3.6432e-03,-0.165,-0.34
-3.6416e-03,-0.24,-0.025
-3.6400e-03,-0.185,-0.36
-3.6384e-03,-0.26,-0.015
-3.6368e-03,-0.135,-0.35
-3.6352e-03,-0.14,-0.015
-3.6336e-03,-0.185,-0.38
-3.6320e-03,-0.15,0.005
-3.6304e-03,-0.21,-0.37
-3.6288e-03,-0.185,0
-3.6272e-03,-0.14,-0.375
-3.6256e-03,-0.185,0.005
-3.6240e-03,-0.14,-0.365
-3.6224e-03,-0.18,0
-3.6208e-03,-0.155,-0.335
-3.6192e-03,-0.105,-0.035
-3.6176e-03,-0.07,-0.355
-3.6160e-03,-0.16,-0.01
-3.6144e-03,-0.16,-0.355
-3.6128e-03,-0.21,-0.015
-3.6112e-03,-0.155,-0.355
-3.6096e-03,-0.095,-0.015
-3.6080e-03,-0.2,-0.38
-3.6064e-03,-0.11,0.01
-3.6048e-03,-0.125,-0.36
-3.6032e-03,-0.11,-0.01
-3.6016e-03,-0.14,-0.35
-3.6000e-03,-0.215,-0.025
-3.5984e-03,-0.155,-0.35
-3.5968e-03,-0.18,-0.005
-3.5952e-03,-0.205,-0.375
-3.5936e-03,-0.15,0.005
-3.5920e-03,-0.195,-0.38
-3.5904e-03,-0.175,0.025
-3.5888e-03,-0.18,-0.335
-3.5872e-03,-0.18,-0.02
-3.5856e-03,-0.24,-0.35
-3.5840e-03,-0.19,-0.015
-3.5824e-03,-0.33,-0.355
-3.5808e-03,-0.25,-0.015
-3.5792e-03,-0.235,-0.34
-3.5776e-03,-0.105,-0.02
-3.5760e-03,-0.125,-0.33
-3.5744e-03,-0.115,-0.02
-3.5728e-03,-0.18,-0.35
-3.5712e-03,-0.045,-0.005
-3.5696e-03,-0.165,-0.35
-3.5680e-03,-0.13,-0.015
-3.5664e-03,-0.22,-0.35
-3.5648e-03,-0.21,-0.01
-3.5632e-03,-0.175,-0.355
-3.5616e-03,-0.14,-0.005
-3.5600e-03,-0.165,-0.345
-3.5584e-03,-0.095,-0.015
-3.5568e-03,-0.2,-0.34
-3.5552e-03,-0.17,-0.02
-3.5536e-03,-0.13,-0.33
-3.5520e-03,-0.2,-0.03
-3.5504e-03,-0.15,-0.31
-3.5488e-03,-0.22,-0.04
-3.5472e-03,-0.185,-0.335
-3.5456e-03,-0.135,-0.015
-3.5440e-03,-0.165,-0.33
-3.5424e-03,-0.2,-0.015
-3.5408e-03,-0.175,-0.33
-3.5392e-03,-0.19,-0.015
-3.5376e-03,-0.09,-0.335
-3.5360e-03,-0.25,-0.015
-3.5344e-03,-0.235,-0.33
-3.5328e-03,-0.235,-0.015
-3.5312e-03,-0.225,-0.345
-3.5296e-03,-0.19,-0.005
-3.5280e-03,-0.2,-0.355
-3.5264e-03,-0.215,0.005
-3.5248e-03,-0.155,-0.365
-3.5232e-03,-0.145,0.01
-3.5216e-03,-0.135,-0.335
-3.5200e-03,-0.065,-0.01
-3.5184e-03,-0.19,-0.375
-3.5168e-03,-0.16,0.035
-3.5152e-03,-0.2,-0.335
-3.5136e-03,-0.205,-0.015
-3.5120e-03,-0.085,-0.325
-3.5104e-03,-0.24,-0.025
-3.5088e-03,-0.06,-0.345
-3.5072e-03,-0.21,-0.005
-3.5056e-03,-0.02,-0.36
-3.5040e-03,-0.185,0.01
-3.5024e-03,-0.16,-0.335
-3.5008e-03,-0.27,-0.01
-3.4992e-03,-0.085,-0.36
-3.4976e-03,-0.165,0.01
-3.4960e-03,-0.065,-0.335
-3.4944e-03,-0.165,0
-3.4928e-03,-0.17,-0.34
-3.4912e-03,-0.15,-0.005
-3.4896e-03,-0.195,-0.355
-3.4880e-03,-0.22,0
-3.4864e-03,-0.18,-0.35
-3.4848e-03,-0.225,0
-3.4832e-03,-0.13,-0.355
-3.4816e-03,-0.2,0.005
-3.4800e-03,-0.135,-0.355
-3.4784e-03,-0.195,0.005
-3.4768e-03,-0.27,-0.345
-3.4752e-03,-0.24,0
-3.4736e-03,-0.225,-0.34
-3.4720e-03,-0.135,0
-3.4704e-03,-0.13,-0.365
-3.4688e-03,-0.165,0.025
-3.4672e-03,-0.18,-0.36
-3.4656e-03,-0.13,0.02
-3.4640e-03,-0.095,-0.315
-3.4624e-03,-0.16,-0.03
-3.4608e-03,-0.16,-0.34
-3.4592e-03,-0.22,-0.005
-3.4576e-03,-0.13,-0.335
-3.4560e-03,-0.165,-0.01
-3.4544e-03,-0.18,-0.385
-3.4528e-03,-0.19,0.04
-3.4512e-03,-0.14,-0.335
-3.4496e-03,-0.155,-0.005
-3.4480e-03,-0.09,-0.335
-3.4464e-03,-0.185,-0.01
-3.4448e-03,-0.215,-0.325
-3.4432e-03,-0.23,-0.02
-3.4416e-03,-0.29,-0.35
-3.4400e-03,-0.17,-0.005
-3.4384e-03,-0.18,-0.35
-3.4368e-03,-0.11,0.015
-3.4352e-03,-0.115,-0.34
-3.4336e-03,-0.175,0
-3.4320e-03,-0.135,-0.325
-3.4304e-03,-0.21,-0.02
-3.4288e-03,-0.275,-0.33
-3.4272e-03,-0.27,-0.01
-3.4256e-03,-0.205,-0.325
-3.4240e-03,-0.125,-0.02
-3.4224e-03,-0.095,-0.32
-3.4208e-03,-0.08,-0.02
-3.4192e-03,-0.2,-0.33
-3.4176e-03,-0.13,-0.01
-3.4160e-03,-0.065,-0.35
-3.4144e-03,-0.17,0
-3.4128e-03,-0.135,-0.335
-3.4112e-03,-0.215,0
-3.4096e-03,-0.265,-0.36
-3.4080e-03,-0.205,0.01
-3.4064e-03,-0.205,-0.355
-3.4048e-03,-0.175,0.02
-3.4032e-03,-0.1,-0.34
-3.4016e-03,-0.19,0
-3.4000e-03,-0.135,-0.35
-3.3984e-03,-0.115,0.01
-3.3968e-03,-0.195,-0.32
-3.3952e-03,-0.21,-0.015
-3.3936e-03,-0.21,-0.315
-3.3920e-03,-0.155,-0.03
-3.3904e-03,-0.17,-0.35
-3.3888e-03,-0.16,0.01
-3.3872e-03,-0.22,-0.34
-3.3856e-03,-0.205,0
-3.3840e-03,-0.145,-0.375
-3.3824e-03,-0.19,0.03
-3.3808e-03,-0.195,-0.335
-3.3792e-03,-0.215,-0.005
-3.3776e-03,-0.25,-0.33
-3.3760e-03,-0.175,-0.005
-3.3744e-03,-0.12,-0.335
-3.3728e-03,-0.17,0
-3.3712e-03,-0.06,-0.325
-3.3696e-03,-0.155,-0.015
-3.3680e-03,-0.18,-0.345
-3.3664e-03,-0.24,0
-3.3648e-03,-0.13,-0.315
-3.3632e-03,-0.16,-0.015
-3.3616e-03,-0.075,-0.365
-3.3600e-03,-0.155,0.015
-3.3584e-03,-0.135,-0.35
-3.3568e-03,-0.19,0.015
-3.3552e-03,-0.105,-0.365
-3.3536e-03,-0.305,0.02
-3.3520e-03,-0.11,-0.33
-3.3504e-03,-0.16,-0.01
-3.3488e-03,-0.155,-0.35
-3.3472e-03,-0.11,0.01
-3.3456e-03,-0.2,-0.325
-3.3440e-03,-0.155,-0.01
-3.3424e-03,-0.145,-0.325
-3.3408e-03,-0.195,-0.015
-3.3392e-03,-0.21,-0.35
-3.3376e-03,-0.165,0.01
-3.3360e-03,-0.23,-0.335
-3.3344e-03,-0.195,0
-3.3328e-03,-0.105,-0.335
-3.3312e-03,-0.115,-0.01
-3.3296e-03,-0.125,-0.32
-3.3280e-03,-0.2,-0.015
-3.3264e-03,-0.21,-0.34
-3.3248e-03,-0.225,0.005
-3.3232e-03,-0.095,-0.335
-3.3216e-03,-0.095,0
-3.3200e-03,-0.065,-0.33
-3.3184e-03,-0.15,0
-3.3168e-03,-0.075,-0.32
-3.3152e-03,-0.21,-0.015
-3.3136e-03,-0.09,-0.335
-3.3120e-03,-0.19,0.005
-3.3104e-03,-0.265,-0.345
-3.3088e-03,-0.18,0.01
-3.3072e-03,-0.28,-0.375
-3.3056e-03,-0.19,0.045
-3.3040e-03,-0.12,-0.345
-3.3024e-03,-0.115,0.015
-3.3008e-03,-0.15,-0.305
-3.2992e-03,-0.145,-0.015
-3.2976e-03,-0.135,-0.335
-3.2960e-03,-0.14,0
-3.2944e-03,-0.13,-0.33
-3.2928e-03,-0.235,0.01
-3.2912e-03,-0.15,-0.325
-3.2896e-03,-0.16,0.005
-3.2880e-03,-0.085,-0.355
-3.2864e-03,-0.09,0.02
-3.2848e-03,-0.09,-0.335
-3.2832e-03,-0.145,0.005
-3.2816e-03,-0.095,-0.305
-3.2800e-03,-0.22,-0.02
-3.2784e-03,-0.155,-0.32
-3.2768e-03,-0.165,0
-3.2752e-03,-0.18,-0.32
-3.2736e-03,-0.16,0
-3.2720e-03,-0.17,-0.305
-3.2704e-03,-0.165,-0.015
-3.2688e-03,-0.14,-0.36
-3.2672e-03,-0.185,0.035
-3.2656e-03,-0.24,-0.325
-3.2640e-03,-0.23,0
-3.2624e-03,-0.22,-0.325
-3.2608e-03,-0.19,0.005
-3.2592e-03,-0.195,-0.32
-3.2576e-03,-0.18,-0.005
-3.2560e-03,-0.13,-0.33
-3.2544e-03,-0.155,0.01
-3.2528e-03,-0.145,-0.34
-3.2512e-03,-0.21,0.02
-3.2496e-03,-0.19,-0.35
-3.2480e-03,-0.18,0.03
-3.2464e-03,-0.145,-0.35
-3.2448e-03,-0.15,0.03
-3.2432e-03,-0.085,-0.305
-3.2416e-03,-0.14,-0.01
-3.2400e-03,-0.13,-0.345
-3.2384e-03,-0.15,0.01
-3.2368e-03,-0.19,-0.315
-3.2352e-03,-0.095,-0.005
-3.2336e-03,-0.145,-0.32
-3.2320e-03,-0.115,0.005
-3.2304e-03,-0.095,-0.32
-3.2288e-03,-0.155,0
-3.2272e-03,-0.11,-0.31
-3.2256e-03,-0.175,-0.005
-3.2240e-03,-0.17,-0.35
-3.2224e-03,-0.135,0.015
-3.2208e-03,-0.13,-0.335
-3.2192e-03,-0.165,0.02
-3.2176e-03,-0.11,-0.325
-3.2160e-03,-0.225,0
-3.2144e-03,-0.1,-0.315
-3.2128e-03,-0.24,-0.005
-3.2112e-03,-0.235,-0.31
-3.2096e-03,-0.15,-0.015
-3.2080e-03,-0.2,-0.34
-3.2064e-03,-0.085,0.025
-3.2048e-03,-0.17,-0.335
-3.2032e-03,-0.18,0.01
-3.2016e-03,-0.16,-0.32
-3.2000e-03,-0.185,0
-3.1984e-03,-0.19,-0.305
-3.1968e-03,-0.225,-0.01
-3.1952e-03,-0.2,-0.325
-3.1936e-03,-0.16,0.01
-3.1920e-03,-0.165,-0.335
-3.1904e-03,-0.165,0.015
-3.1888e-03,-0.145,-0.32
-3.1872e-03,-0.245,0
-3.1856e-03,-0.135,-0.315
-3.1840e-03,-0.265,-0.005
-3.1824e-03,-0.155,-0.335
-3.1808e-03,-0.17,0.01
-3.1792e-03,-0.2,-0.315
-3.1776e-03,-0.13,0
-3.1760e-03,-0.155,-0.32
-3.1744e-03,-0.085,0
-3.1728e-03,-0.105,-0.305
-3.1712e-03,-0.275,-0.005
-3.1696e-03,-0.165,-0.345
-3.1680e-03,-0.215,0.03
-3.1664e-03,-0.06,-0.335
-3.1648e-03,-0.095,0.025
-3.1632e-03,-0.125,-0.32
-3.1616e-03,-0.125,0.01
-3.1600e-03,-0.175,-0.31
-3.1584e-03,-0.135,0
-3.1568e-03,-0.19,-0.35
-3.1552e-03,-0.2,0.025
-3.1536e-03,-0.235,-0.33
-3.1520e-03,-0.185,0.02
-3.1504e-03,-0.205,-0.325
-3.1488e-03,-0.105,0.01
-3.1472e-03,-0.135,-0.3
-3.1456e-03,-0.14,-0.01
-3.1440e-03,-0.24,-0.315
-3.1424e-03,-0.14,0.005
-3.1408e-03,-0.16,-0.29
-3.1392e-03,-0.115,-0.02
-3.1376e-03,-0.16,-0.31
-3.1360e-03,-0.2,0
-3.1344e-03,-0.065,-0.32
-3.1328e-03,-0.125,0.015
-3.1312e-03,-0.155,-0.325
-3.1296e-03,-0.19,0.015
-3.1280e-03,-0.27,-0.315
-3.1264e-03,-0.105,0.01
-3.1248e-03,-0.195,-0.305
-3.1232e-03,-0.035,0.005
-3.1216e-03,-0.22,-0.31
-3.1200e-03,-0.155,0
-3.1184e-03,-0.18,-0.305
-3.1168e-03,-0.175,0
-3.1152e-03,-0.155,-0.315
-3.1136e-03,-0.205,0
-3.1120e-03,-0.245,-0.28
-3.1104e-03,-0.145,-0.02
-3.1088e-03,-0.16,-0.295
-3.1072e-03,-0.01,-0.005
-3.1056e-03,-0.125,-0.31
-3.1040e-03,-0.18,0
-3.1024e-03,-0.15,-0.33
-3.1008e-03,-0.19,0.03
-3.0992e-03,-0.025,-0.305
-3.0976e-03,-0.225,-0.005
-3.0960e-03,-0.125,-0.305
-3.0944e-03,-0.205,0
-3.0928e-03,-0.045,-0.315
-3.0912e-03,-0.085,0.005
-3.0896e-03,-0.12,-0.315
-3.0880e-03,-0.185,0.01
-3.0864e-03,-0.185,-0.3
-3.0848e-03,-0.13,0
-3.0832e-03,-0.16,-0.3
-3.0816e-03,-0.2,0
-3.0800e-03,-0.16,-0.3
-3.0784e-03,-0.195,0
-3.0768e-03,-0.065,-0.3
-3.0752e-03,-0.165,-0.01
-3.0736e-03,-0.13,-0.305
-3.0720e-03,-0.26,0.005
-3.0704e-03,-0.2,-0.32
-3.0688e-03,-0.165,0.015
-3.0672e-03,-0.135,-0.295
-3.0656e-03,-0.11,-0.01
-3.0640e-03,-0.21,-0.315
-3.0624e-03,-0.21,0.01
-3.0608e-03,-0.215,-0.29
-3.0592e-03,-0.145,-0.01
-3.0576e-03,-0.1,-0.295
-3.0560e-03,-0.175,-0.005
-3.0544e-03,-0.1,-0.3
-3.0528e-03,-0.12,-0.005
-3.0512e-03,-0.045,-0.335
-3.0496e-03,-0.135,0.03
-3.0480e-03,-0.16,-0.32
-3.0464e-03,-0.175,0.02
-3.0448e-03,-0.155,-0.315
-3.0432e-03,-0.065,0.015
-3.0416e-03,-0.07,-0.325
-3.0400e-03,-0.115,0.03
-3.0384e-03,-0.085,-0.305
-3.0368e-03,-0.13,0.01
-3.0352e-03,-0.12,-0.32
-3.0336e-03,-0.125,0.02
-3.0320e-03,-0.18,-0.3
-3.0304e-03,-0.14,0
-3.0288e-03,-0.145,-0.32
-3.0272e-03,-0.11,0.025
-3.0256e-03,-0.075,-0.33
-3.0240e-03,-0.145,0.03
-3.0224e-03,-0.17,-0.3
-3.0208e-03,-0.22,0.005
-3.0192e-03,-0.16,-0.31
-3.0176e-03,-0.16,0.015
-3.0160e-03,-0.16,-0.345
-3.0144e-03,-0.165,0.045
-3.0128e-03,-0.185,-0.325
-3.0112e-03,-0.075,0.025
-3.0096e-03,-0.185,-0.31
-3.0080e-03,-0.13,0.01
-3.0064e-03,-0.13,-0.295
-3.0048e-03,-0.2,0.005
-3.0032e-03,-0.11,-0.305
-3.0016e-03,-0.125,0.01
-3.0000e-03,-0.12,-0.355
-2.9984e-03,-0.07,0.055
-2.9968e-03,-0.07,-0.31
-2.9952e-03,-0.07,0.015
-2.9936e-03,-0.08,-0.32
-2.9920e-03,-0.155,0.03
-2.9904e-03,-0.09,-0.29
-2.9888e-03,-0.165,-0.005
-2.9872e-03,-0.145,-0.325
-2.9856e-03,-0.12,0.03
-2.9840e-03,-0.09,-0.32
-2.9824e-03,-0.05,0.03
-2.9808e-03,-0.15,-0.31
-2.9792e-03,-0.16,0.015
-2.9776e-03,-0.14,-0.315
-2.9760e-03,-0.145,0.03
-2.9744e-03,-0.17,-0.31
-2.9728e-03,-0.125,0.02
-2.9712e-03,-0.185,-0.305
-2.9696e-03,-0.095,0.02
-2.9680e-03,-0.205,-0.305
-2.9664e-03,-0.22,0.01
-2.9648e-03,-0.195,-0.32
-2.9632e-03,-0.205,0.03
-2.9616e-03,-0.09,-0.35
-2.9600e-03,-0.17,0.055
-2.9584e-03,-0.155,-0.31
-2.9568e-03,-0.18,0.02
-2.9552e-03,-0.175,-0.315
-2.9536e-03,-0.245,0.025
-2.9520e-03,-0.095,-0.29
-2.9504e-03,-0.105,0.005
-2.9488e-03,-0.07,-0.285
-2.9472e-03,-0.15,-0.005
-2.9456e-03,-0.24,-0.32
-2.9440e-03,-0.16,0.015
-2.9424e-03,-0.055,-0.3
-2.9408e-03,-0.135,0.01
-2.9392e-03,-0.07,-0.31
-2.9376e-03,-0.185,0.01
-2.9360e-03,-0.08,-0.275
-2.9344e-03,-0.095,-0.005
-2.9328e-03,-0.19,-0.29
-2.9312e-03,-0.17,0.005
-2.9296e-03,-0.23,-0.32
-2.9280e-03,-0.045,0.025
-2.9264e-03,-0.135,-0.29
-2.9248e-03,-0.05,0
-2.9232e-03,-0.22,-0.345
-2.9216e-03,-0.025,0.045
-2.9200e-03,-0.18,-0.3
-2.9184e-03,-0.075,0.01
-2.9168e-03,-0.185,-0.3
-2.9152e-03,-0.13,0.01
-2.9136e-03,-0.135,-0.285
-2.9120e-03,-0.025,0
-2.9104e-03,-0.105,-0.28
-2.9088e-03,-0.055,-0.005
-2.9072e-03,-0.115,-0.295
-2.9056e-03,-0.2,0.005
-2.9040e-03,-0.035,-0.3
-2.9024e-03,-0.135,0.005
-2.9008e-03,-0.075,-0.3
-2.8992e-03,-0.19,0.015
-2.8976e-03,-0.17,-0.325
-2.8960e-03,-0.17,0.045
-2.8944e-03,-0.005,-0.295
-2.8928e-03,-0.12,0.015
-2.8912e-03,-0.075,-0.31
-2.8896e-03,-0.135,0.02
-2.8880e-03,-0.12,-0.31
-2.8864e-03,-0.055,0.02
-2.8848e-03,-0.17,-0.295
-2.8832e-03,-0.16,0.01
-2.8816e-03,-0.195,-0.285
-2.8800e-03,-0.1,0.005
-2.8784e-03,-0.085,-0.295
-2.8768e-03,-0.105,0.01
-2.8752e-03,-0.115,-0.315
-2.8736e-03,-0.155,0.03
-2.8720e-03,-0.045,-0.3
-2.8704e-03,-0.165,0.02
-2.8688e-03,-0.115,-0.3
-2.8672e-03,-0.235,0.02
-2.8656e-03,-0.075,-0.3
-2.8640e-03,-0.1,0.025
-2.8624e-03,-0.08,-0.32
-2.8608e-03,-0.075,0.035
-2.8592e-03,-0.195,-0.305
-2.8576e-03,-0.115,0.02
-2.8560e-03,-0.18,-0.325
-2.8544e-03,-0.08,0.05
-2.8528e-03,-0.095,-0.335
-2.8512e-03,-0.135,0.055
-2.8496e-03,-0.255,-0.32
-2.8480e-03,-0.16,0.04
-2.8464e-03,-0.18,-0.295
-2.8448e-03,-0.15,0.025
-2.8432e-03,-0.17,-0.3
-2.8416e-03,-0.21,0.035
-2.8400e-03,-0.075,-0.285
-2.8384e-03,-0.175,0.01
-2.8368e-03,-0.08,-0.285
-2.8352e-03,-0.25,0.015
-2.8336e-03,-0.21,-0.285
-2.8320e-03,-0.155,0.005
-2.8304e-03,-0.165,-0.32
-2.8288e-03,-0.09,0.035
-2.8272e-03,-0.14,-0.3
-2.8256e-03,-0.125,0.025
-2.8240e-03,-0.09,-0.29
-2.8224e-03,-0.14,0.02
-2.8208e-03,-0.13,-0.295
-2.8192e-03,-0.155,0.02
-2.8176e-03,-0.23,-0.295
-2.8160e-03,-0.095,0.03
-2.8144e-03,-0.155,-0.305
-2.8128e-03,-0.01,0.025
-2.8112e-03,-0.16,-0.3
-2.8096e-03,-0.125,0.04
-2.8080e-03,-0.12,-0.28
-2.8064e-03,-0.15,0.005
-2.8048e-03,-0.15,-0.285
-2.8032e-03,-0.21,0.02
-2.8016e-03,-0.2,-0.3
-2.8000e-03,-0.1,0.03
-2.7984e-03,-0.17,-0.305
-2.7968e-03,-0.065,0.035
-2.7952e-03,-0.165,-0.285
-2.7936e-03,-0.145,0.02
-2.7920e-03,-0.135,-0.28
-2.7904e-03,-0.205,0.02
-2.7888e-03,-0.165,-0.29
-2.7872e-03,-0.185,0.025
-2.7856e-03,-0.155,-0.31
-2.7840e-03,-0.09,0.045
-2.7824e-03,-0.145,-0.32
-2.7808e-03,-0.045,0.05
-2.7792e-03,-0.115,-0.33
-2.7776e-03,-0.09,0.065
-2.7760e-03,-0.14,-0.32
-2.7744e-03,-0.225,0.055
-2.7728e-03,-0.15,-0.305
-2.7712e-03,-0.195,0.03
-2.7696e-03,-0.12,-0.295
-2.7680e-03,-0.1,0.025
-2.7664e-03,-0.175,-0.31
-2.7648e-03,-0.15,0.05
-2.7632e-03,-0.255,-0.32
-2.7616e-03,-0.055,0.05
-2.7600e-03,-0.18,-0.3
-2.7584e-03,-0.12,0.04
-2.7568e-03,-0.155,-0.295
-2.7552e-03,-0.08,0.025
-2.7536e-03,-0.03,-0.295
-2.7520e-03,-0.08,0.025
-2.7504e-03,-0.15,-0.28
-2.7488e-03,-0.19,0.015
-2.7472e-03,-0.15,-0.28
-2.7456e-03,-0.055,0.015
-2.7440e-03,-0.025,-0.29
-2.7424e-03,-0.11,0.025
-2.7408e-03,-0.125,-0.3
-2.7392e-03,-0.185,0.04
-2.7376e-03,-0.105,-0.31
-2.7360e-03,-0.115,0.045
-2.7344e-03,-0.135,-0.29
-2.7328e-03,-0.145,0.025
-2.7312e-03,-0.185,-0.285
-2.7296e-03,-0.145,0.02
-2.7280e-03,-0.1,-0.275
-2.7264e-03,-0.155,0.015
-2.7248e-03,-0.115,-0.28
-2.7232e-03,-0.255,0.025
-2.7216e-03,-0.1,-0.29
-2.7200e-03,-0.165,0.035
-2.7184e-03,-0.07,-0.305
-2.7168e-03,-0.175,0.04
-2.7152e-03,-0.105,-0.33
-2.7136e-03,-0.095,0.065
-2.7120e-03,-0.12,-0.33
-2.7104e-03,-0.135,0.065
-2.7088e-03,-0.11,-0.31
-2.7072e-03,-0.115,0.045
-2.7056e-03,0.005,-0.305
-2.7040e-03,-0.105,0.035
-2.7024e-03,-0.07,-0.31
-2.7008e-03,-0.105,0.05
-2.6992e-03,-0.1,-0.29
-2.6976e-03,-0.02,0.03
-2.6960e-03,-0.135,-0.295
-2.6944e-03,-0.11,0.045
-2.6928e-03,-0.125,-0.29
-2.6912e-03,-0.105,0.03
-2.6896e-03,-0.055,-0.27
-2.6880e-03,-0.185,0.015
-2.6864e-03,-0.12,-0.28
-2.6848e-03,-0.2,0.025
-2.6832e-03,-0.14,-0.275
-2.6816e-03,-0.095,0.02
-2.6800e-03,-0.11,-0.31
-2.6784e-03,-0.02,0.045
-2.6768e-03,-0.215,-0.28
-2.6752e-03,-0.115,0.025
-2.6736e-03,-0.18,-0.275
-2.6720e-03,-0.135,0.02
-2.6704e-03,-0.1,-0.29
-2.6688e-03,-0.15,0.045
-2.6672e-03,-0.065,-0.305
-2.6656e-03,-0.115,0.05
-2.6640e-03,-0.17,-0.27
-2.6624e-03,-0.19,0.015
-2.6608e-03,-0.2,-0.29
-2.6592e-03,-0.05,0.04
-2.6576e-03,-0.055,-0.3
-2.6560e-03,-0.125,0.04
-2.6544e-03,-0.11,-0.32
-2.6528e-03,-0.19,0.06
-2.6512e-03,-0.035,-0.285
-2.6496e-03,-0.16,0.04
-2.6480e-03,-0.12,-0.285
-2.6464e-03,-0.075,0.035
-2.6448e-03,-0.085,-0.315
-2.6432e-03,-0.09,0.065
-2.6416e-03,-0.06,-0.305
-2.6400e-03,-0.1,0.05
-2.6384e-03,-0.055,-0.28
-2.6368e-03,-0.155,0.025
-2.6352e-03,-0.085,-0.27
-2.6336e-03,-0.115,0.015
-2.6320e-03,-0.095,-0.31
-2.6304e-03,-0.03,0.055
-2.6288e-03,-0.15,-0.325
-2.6272e-03,-0.07,0.065
-2.6256e-03,-0.115,-0.28
-2.6240e-03,-0.07,0.03
-2.6224e-03,-0.19,-0.31
-2.6208e-03,-0.225,0.065
-2.6192e-03,-0.21,-0.275
-2.6176e-03,-0.13,0.03
-2.6160e-03,-0.115,-0.26
-2.6144e-03,-0.17,0.015
-2.6128e-03,-0.075,-0.295
-2.6112e-03,-0.165,0.045
-2.6096e-03,-0.05,-0.28
-2.6080e-03,-0.09,0.03
-2.6064e-03,-0.175,-0.3
-2.6048e-03,-0.09,0.045
-2.6032e-03,-0.115,-0.305
-2.6016e-03,-0.055,0.055
-2.6000e-03,-0.045,-0.275
-2.5984e-03,-0.09,0.04
-2.5968e-03,-0.12,-0.28
-2.5952e-03,-0.14,0.04
-2.5936e-03,-0.095,-0.28
-2.5920e-03,-0.01,0.035
-2.5904e-03,-0.05,-0.315
-2.5888e-03,-0.09,0.07
-2.5872e-03,-0.095,-0.28
-2.5856e-03,-0.155,0.03
-2.5840e-03,-0.1,-0.27
-2.5824e-03,-0.09,0.02
-2.5808e-03,-0.175,-0.295
-2.5792e-03,-0.125,0.045
-2.5776e-03,-0.075,-0.275
-2.5760e-03,-0.08,0.025
-2.5744e-03,-0.045,-0.265
-2.5728e-03,-0.22,0.025
-2.5712e-03,-0.245,-0.28
-2.5696e-03,-0.13,0.02
-2.5680e-03,-0.23,-0.27
-2.5664e-03,-0.05,0.03
-2.5648e-03,-0.145,-0.29
-2.5632e-03,-0.13,0.035
-2.5616e-03,-0.065,-0.295
-2.5600e-03,-0.225,0.05
-2.5584e-03,-0.085,-0.3
-2.5568e-03,-0.22,0.055
-2.5552e-03,-0.155,-0.29
-2.5536e-03,-0.185,0.04
-2.5520e-03,-0.11,-0.28
-2.5504e-03,-0.08,0.03
-2.5488e-03,-0.12,-0.275
-2.5472e-03,-0.21,0.03
-2.5456e-03,-0.225,-0.28
-2.5440e-03,-0.155,0.035
-2.5424e-03,-0.175,-0.285
-2.5408e-03,-0.09,0.035
-2.5392e-03,-0.185,-0.29
-2.5376e-03,-0.155,0.05
-2.5360e-03,-0.105,-0.26
-2.5344e-03,-0.125,0.025
-2.5328e-03,-0.08,-0.26
-2.5312e-03,-0.125,0.015
-2.5296e-03,-0.16,-0.275
-2.5280e-03,-0.085,0.04
-2.5264e-03,-0.15,-0.275
-2.5248e-03,-0.14,0.04
-2.5232e-03,-0.125,-0.285
-2.5216e-03,-0.135,0.045
-2.5200e-03,-0.17,-0.285
-2.5184e-03,-0.095,0.045
-2.5168e-03,-0.13,-0.285
-2.5152e-03,-0.085,0.04
-2.5136e-03,-0.1,-0.29
-2.5120e-03,-0.205,0.045
-2.5104e-03,-0.09,-0.265
-2.5088e-03,-0.09,0.02
-2.5072e-03,-0.115,-0.295
-2.5056e-03,-0.155,0.06
-2.5040e-03,-0.25,-0.27
-2.5024e-03,-0.115,0.035
-2.5008e-03,-0.055,-0.275
-2.4992e-03,-0.095,0.04
-2.4976e-03,-0.055,-0.32
-2.4960e-03,-0.175,0.08
-2.4944e-03,-0.08,-0.295
-2.4928e-03,-0.175,0.055
-2.4912e-03,-0.05,-0.29
-2.4896e-03,-0.155,0.045
-2.4880e-03,0,-0.28
-2.4864e-03,-0.11,0.05
-2.4848e-03,-0.11,-0.285
-2.4832e-03,-0.02,0.055
-2.4816e-03,-0.115,-0.29
-2.4800e-03,-0.1,0.06
-2.4784e-03,-0.1,-0.265
-2.4768e-03,-0.12,0.03
-2.4752e-03,-0.13,-0.29
-2.4736e-03,-0.055,0.055
-2.4720e-03,-0.25,-0.285
-2.4704e-03,-0.14,0.05
-2.4688e-03,-0.18,-0.27
-2.4672e-03,-0.055,0.04
-2.4656e-03,-0.005,-0.29
-2.4640e-03,-0.095,0.06
-2.4624e-03,-0.13,-0.275
-2.4608e-03,-0.08,0.04
-2.4592e-03,-0.185,-0.29
-2.4576e-03,-0.145,0.055
-2.4560e-03,-0.115,-0.275
-2.4544e-03,-0.125,0.04
-2.4528e-03,-0.05,-0.29
-2.4512e-03,-0.055,0.06
-2.4496e-03,-0.125,-0.275
-2.4480e-03,-0.115,0.05
-2.4464e-03,-0.175,-0.265
-2.4448e-03,-0.115,0.04
-2.4432e-03,-0.11,-0.265
-2.4416e-03,-0.015,0.03
-2.4400e-03,-0.11,-0.29
-2.4384e-03,-0.125,0.06
-2.4368e-03,-0.11,-0.27
-2.4352e-03,-0.195,0.045
-2.4336e-03,-0.08,-0.275
-2.4320e-03,-0.19,0.055
-2.4304e-03,-0.205,-0.275
-2.4288e-03,-0.115,0.05
-2.4272e-03,-0.11,-0.28
-2.4256e-03,-0.08,0.045
-2.4240e-03,-0.1,-0.25
-2.4224e-03,-0.035,0.02
-2.4208e-03,-0.12,-0.265
-2.4192e-03,-0.02,0.04
-2.4176e-03,-0.14,-0.275
-2.4160e-03,-0.155,0.045
-2.4144e-03,-0.115,-0.265
-2.4128e-03,-0.215,0.035
-2.4112e-03,-0.095,-0.285
-2.4096e-03,-0.115,0.06
-2.4080e-03,-0.07,-0.28
-2.4064e-03,-0.075,0.05
-2.4048e-03,-0.1,-0.28
-2.4032e-03,-0.05,0.05
-2.4016e-03,-0.07,-0.275
-2.4000e-03,-0.075,0.04
-2.3984e-03,-0.23,-0.275
-2.3968e-03,-0.14,0.045
-2.3952e-03,-0.16,-0.29
-2.3936e-03,-0.11,0.055
-2.3920e-03,-0.115,-0.27
-2.3904e-03,-0.12,0.04
-2.3888e-03,-0.185,-0.27
-2.3872e-03,-0.13,0.035
-2.3856e-03,-0.15,-0.27
-2.3840e-03,-0.18,0.045
-2.3824e-03,-0.07,-0.25
-2.3808e-03,-0.125,0.025
-2.3792e-03,-0.13,-0.265
-2.3776e-03,-0.035,0.03
-2.3760e-03,-0.18,-0.28
-2.3744e-03,-0.115,0.055
-2.3728e-03,-0.125,-0.285
-2.3712e-03,-0.2,0.06
-2.3696e-03,-0.05,-0.27
-2.3680e-03,-0.035,0.04
-2.3664e-03,-0.095,-0.28
-2.3648e-03,-0.13,0.05
-2.3632e-03,-0.155,-0.27
-2.3616e-03,-0.135,0.04
-2.3600e-03,-0.155,-0.28
-2.3584e-03,-0.09,0.055
-2.3568e-03,-0.195,-0.27
-2.3552e-03,-0.055,0.04
-2.3536e-03,0.065,-0.29
-2.3520e-03,-0.15,0.07
-2.3504e-03,-0.02,-0.305
-2.3488e-03,-0.165,0.085
-2.3472e-03,-0.095,-0.26
-2.3456e-03,-0.125,0.035
-2.3440e-03,-0.15,-0.31
-2.3424e-03,-0.14,0.08
-2.3408e-03,-0.135,-0.275
-2.3392e-03,-0.05,0.05
-2.3376e-03,-0.175,-0.29
-2.3360e-03,-0.095,0.055
-2.3344e-03,-0.135,-0.26
-2.3328e-03,-0.09,0.035
-2.3312e-03,-0.055,-0.27
-2.3296e-03,-0.06,0.045
-2.3280e-03,-0.05,-0.25
-2.3264e-03,0,0.03
-2.3248e-03,-0.125,-0.275
-2.3232e-03,-0.05,0.055
-2.3216e-03,-0.075,-0.26
-2.3200e-03,-0.055,0.04
-2.3184e-03,-0.145,-0.285
-2.3168e-03,-0.115,0.065
-2.3152e-03,-0.13,-0.275
-2.3136e-03,-0.045,0.05
-2.3120e-03,-0.01,-0.265
-2.3104e-03,-0.13,0.05
-2.3088e-03,-0.07,-0.26
-2.3072e-03,-0.12,0.04
-2.3056e-03,-0.07,-0.27
-2.3040e-03,-0.105,0.055
-2.3024e-03,-0.18,-0.275
-2.3008e-03,-0.075,0.06
-2.2992e-03,-0.035,-0.25
-2.2976e-03,-0.005,0.035
-2.2960e-03,-0.05,-0.27
-2.2944e-03,-0.035,0.055
-2.2928e-03,-0.07,-0.255
-2.2912e-03,-0.01,0.045
-2.2896e-03,-0.115,-0.25
-2.2880e-03,-0.065,0.035
-2.2864e-03,-0.075,-0.255
-2.2848e-03,-0.015,0.045
-2.2832e-03,-0.025,-0.265
-2.2816e-03,-0.01,0.05
-2.2800e-03,-0.18,-0.255
-2.2784e-03,-0.055,0.045
-2.2768e-03,-0.195,-0.275
-2.2752e-03,-0.1,0.07
-2.2736e-03,-0.11,-0.25
-2.2720e-03,-0.115,0.04
-2.2704e-03,-0.12,-0.26
-2.2688e-03,-0.075,0.045
-2.2672e-03,-0.18,-0.27
-2.2656e-03,-0.045,0.06
-2.2640e-03,-0.18,-0.265
-2.2624e-03,-0.12,0.055
-2.2608e-03,-0.13,-0.25
-2.2592e-03,-0.12,0.04
-2.2576e-03,0,-0.26
-2.2560e-03,-0.08,0.05
-2.2544e-03,-0.11,-0.265
-2.2528e-03,-0.14,0.055
-2.2512e-03,-0.09,-0.25
-2.2496e-03,-0.095,0.035
-2.2480e-03,-0.135,-0.275
-2.2464e-03,-0.24,0.07
-2.2448e-03,-0.06,-0.265
-2.2432e-03,-0.085,0.055
-2.2416e-03,0,-0.275
-2.2400e-03,-0.065,0.065
-2.2384e-03,-0.05,-0.265
-2.2368e-03,-0.03,0.055
-2.2352e-03,-0.035,-0.265
-2.2336e-03,-0.08,0.06
-2.2320e-03,-0.04,-0.255
-2.2304e-03,-0.16,0.055
-2.2288e-03,-0.115,-0.255
-2.2272e-03,-0.1,0.055
-2.2256e-03,-0.075,-0.285
-2.2240e-03,-0.07,0.075
-2.2224e-03,-0.07,-0.26
-2.2208e-03,-0.19,0.055
-2.2192e-03,-0.05,-0.26
-2.2176e-03,-0.15,0.065
-2.2160e-03,-0.04,-0.265
-2.2144e-03,-0.22,0.045
-2.2128e-03,-0.175,-0.26
-2.2112e-03,-0.185,0.05
-2.2096e-03,-0.1,-0.27
-2.2080e-03,-0.135,0.07
-2.2064e-03,-0.12,-0.265
-2.2048e-03,-0.175,0.06
-2.2032e-03,-0.095,-0.265
-2.2016e-03,-0.125,0.06
-2.2000e-03,-0.195,-0.255
-2.1984e-03,-0.145,0.05
-2.1968e-03,-0.25,-0.245
-2.1952e-03,-0.1,0.035
-2.1936e-03,-0.155,-0.25
-2.1920e-03,-0.05,0.04
-2.1904e-03,-0.14,-0.255
-2.1888e-03,-0.08,0.05
-2.1872e-03,-0.165,-0.27
-2.1856e-03,-0.075,0.06
-2.1840e-03,-0.12,-0.285
-2.1824e-03,-0.03,0.08
-2.1808e-03,-0.155,-0.275
-2.1792e-03,0.04,0.07
-2.1776e-03,-0.04,-0.24
-2.1760e-03,-0.055,0.04
-2.1744e-03,-0.11,-0.245
-2.1728e-03,-0.095,0.045
-2.1712e-03,-0.075,-0.265
-2.1696e-03,-0.03,0.055
-2.1680e-03,-0.03,-0.26
-2.1664e-03,-0.11,0.06
-2.1648e-03,-0.065,-0.265
-2.1632e-03,-0.135,0.065
-2.1616e-03,-0.085,-0.275
-2.1600e-03,-0.09,0.08
-2.1584e-03,-0.18,-0.285
-2.1568e-03,-0.065,0.08
-2.1552e-03,-0.135,-0.235
-2.1536e-03,-0.045,0.03
-2.1520e-03,-0.03,-0.265
-2.1504e-03,-0.105,0.06
-2.1488e-03,-0.03,-0.24
-2.1472e-03,-0.09,0.04
-2.1456e-03,-0.08,-0.255
-2.1440e-03,-0.09,0.055
-2.1424e-03,-0.075,-0.265
-2.1408e-03,-0.175,0.07
-2.1392e-03,-0.02,-0.285
-2.1376e-03,-0.135,0.09
-2.1360e-03,0,-0.245
-2.1344e-03,-0.17,0.05
-2.1328e-03,-0.035,-0.275
-2.1312e-03,-0.115,0.085
-2.1296e-03,0.05,-0.27
-2.1280e-03,-0.11,0.07
-2.1264e-03,-0.055,-0.265
-2.1248e-03,-0.105,0.07
-2.1232e-03,-0.105,-0.275
-2.1216e-03,-0.095,0.075
-2.1200e-03,-0.105,-0.265
-2.1184e-03,-0.2,0.07
-2.1168e-03,-0.125,-0.255
-2.1152e-03,-0.04,0.05
-2.1136e-03,-0.085,-0.235
-2.1120e-03,-0.115,0.045
-2.1104e-03,-0.06,-0.255
-2.1088e-03,-0.17,0.06
-2.1072e-03,-0.105,-0.24
-2.1056e-03,-0.145,0.04
-2.1040e-03,-0.12,-0.26
-2.1024e-03,-0.135,0.06
-2.1008e-03,-0.07,-0.25
-2.0992e-03,-0.1,0.06
-2.0976e-03,-0.055,-0.265
-2.0960e-03,-0.03,0.075
-2.0944e-03,-0.09,-0.255
-2.0928e-03,-0.07,0.055
-2.0912e-03,-0.105,-0.28
-2.0896e-03,-0.075,0.08
-2.0880e-03,-0.12,-0.27
-2.0864e-03,-0.125,0.08
-2.0848e-03,-0.15,-0.26
-2.0832e-03,-0.07,0.06
-2.0816e-03,0,-0.26
-2.0800e-03,-0.11,0.07
-2.0784e-03,-0.11,-0.245
-2.0768e-03,-0.085,0.055
-2.0752e-03,-0.105,-0.265
-2.0736e-03,-0.005,0.07
-2.0720e-03,-0.05,-0.23
-2.0704e-03,-0.13,0.04
-2.0688e-03,-0.085,-0.24
-2.0672e-03,-0.09,0.055
-2.0656e-03,-0.145,-0.25
-2.0640e-03,-0.11,0.06
-2.0624e-03,-0.105,-0.275
-2.0608e-03,-0.125,0.08
-2.0592e-03,-0.07,-0.26
-2.0576e-03,-0.065,0.08
-2.0560e-03,-0.055,-0.25
-2.0544e-03,-0.115,0.06
-2.0528e-03,-0.065,-0.25
-2.0512e-03,-0.195,0.06
-2.0496e-03,0.02,-0.255
-2.0480e-03,-0.05,0.07
-2.0464e-03,-0.1,-0.24
-2.0448e-03,-0.05,0.055
-2.0432e-03,-0.015,-0.25
-2.0416e-03,-0.005,0.055
-2.0400e-03,-0.025,-0.25
-2.0384e-03,-0.145,0.06
-2.0368e-03,-0.15,-0.27
-2.0352e-03,-0.045,0.08
-2.0336e-03,-0.13,-0.245
-2.0320e-03,-0.075,0.06
-2.0304e-03,-0.1,-0.255
-2.0288e-03,-0.115,0.07
-2.0272e-03,-0.02,-0.265
-2.0256e-03,-0.075,0.08
-2.0240e-03,-0.105,-0.25
-2.0224e-03,-0.08,0.065
-2.0208e-03,-0.09,-0.24
-2.0192e-03,-0.1,0.055
-2.0176e-03,-0.09,-0.275
-2.0160e-03,-0.06,0.085
-2.0144e-03,-0.145,-0.275
-2.0128e-03,-0.055,0.085
-2.0112e-03,-0.115,-0.23
-2.0096e-03,-0.075,0.045
-2.0080e-03,0.025,-0.265
-2.0064e-03,-0.04,0.075
-2.0048e-03,-0.095,-0.235
-2.0032e-03,-0.02,0.05
-2.0016e-03,-0.085,-0.24
-2.0000e-03,-0.03,0.05
-1.9984e-03,-0.07,-0.265
-1.9968e-03,-0.175,0.07
-1.9952e-03,-0.115,-0.255
-1.9936e-03,-0.11,0.07
-1.9920e-03,-0.075,-0.26
-1.9904e-03,-0.13,0.07
-1.9888e-03,-0.055,-0.25
-1.9872e-03,-0.12,0.06
-1.9856e-03,0.02,-0.24
-1.9840e-03,-0.06,0.055
-1.9824e-03,-0.1,-0.245
-1.9808e-03,-0.095,0.065
-1.9792e-03,-0.135,-0.225
-1.9776e-03,-0.15,0.05
-1.9760e-03,-0.04,-0.27
-1.9744e-03,-0.105,0.085
-1.9728e-03,-0.08,-0.245
-1.9712e-03,-0.07,0.055
-1.9696e-03,-0.15,-0.235
-1.9680e-03,-0.045,0.055
-1.9664e-03,-0.105,-0.245
-1.9648e-03,-0.105,0.065
-1.9632e-03,-0.165,-0.23
-1.9616e-03,0.005,0.055
-1.9600e-03,-0.045,-0.235
-1.9584e-03,-0.035,0.05
-1.9568e-03,-0.08,-0.23
-1.9552e-03,-0.095,0.055
-1.9536e-03,-0.1,-0.235
-1.9520e-03,-0.015,0.065
-1.9504e-03,-0.045,-0.26
-1.9488e-03,-0.045,0.075
-1.9472e-03,-0.065,-0.245
-1.9456e-03,-0.075,0.07
-1.9440e-03,-0.095,-0.245
-1.9424e-03,-0.09,0.07
-1.9408e-03,-0.085,-0.245
-1.9392e-03,-0.165,0.07
-1.9376e-03,-0.105,-0.24
-1.9360e-03,-0.11,0.055
-1.9344e-03,-0.03,-0.245
-1.9328e-03,-0.02,0.07
-1.9312e-03,-0.105,-0.245
-1.9296e-03,-0.165,0.07
-1.9280e-03,-0.07,-0.25
-1.9264e-03,-0.135,0.08
-1.9248e-03,-0.16,-0.29
-1.9232e-03,-0.12,0.115
-1.9216e-03,-0.2,-0.255
-1.9200e-03,-0.09,0.085
-1.9184e-03,-0.06,-0.25
-1.9168e-03,-0.13,0.065
-1.9152e-03,-0.055,-0.255
-1.9136e-03,-0.1,0.08
-1.9120e-03,-0.035,-0.245
-1.9104e-03,-0.1,0.07
-1.9088e-03,0.02,-0.26
-1.9072e-03,-0.045,0.095
-1.9056e-03,-0.115,-0.265
-1.9040e-03,-0.135,0.09
-1.9024e-03,-0.075,-0.245
-1.9008e-03,-0.05,0.07
-1.8992e-03,-0.005,-0.24
-1.8976e-03,-0.065,0.07
-1.8960e-03,-0.09,-0.24
-1.8944e-03,0.005,0.065
-1.8928e-03,-0.03,-0.24
-1.8912e-03,-0.035,0.07
-1.8896e-03,-0.075,-0.26
-1.8880e-03,-0.06,0.09
-1.8864e-03,-0.125,-0.25
-1.8848e-03,-0.09,0.075
-1.8832e-03,-0.11,-0.24
-1.8816e-03,-0.125,0.07
-1.8800e-03,-0.18,-0.225
-1.8784e-03,-0.03,0.055
-1.8768e-03,-0.125,-0.265
-1.8752e-03,-0.05,0.1
-1.8736e-03,-0.04,-0.25
-1.8720e-03,-0.11,0.08
-1.8704e-03,-0.09,-0.255
-1.8688e-03,-0.02,0.085
-1.8672e-03,-0.15,-0.255
-1.8656e-03,-0.075,0.075
-1.8640e-03,-0.155,-0.22
-1.8624e-03,-0.115,0.055
-1.8608e-03,-0.05,-0.235
-1.8592e-03,0.005,0.06
-1.8576e-03,-0.035,-0.21
-1.8560e-03,-0.12,0.035
-1.8544e-03,-0.07,-0.26
-1.8528e-03,-0.05,0.08
-1.8512e-03,-0.07,-0.28
-1.8496e-03,-0.02,0.115
-1.8480e-03,-0.075,-0.255
-1.8464e-03,-0.035,0.085
-1.8448e-03,-0.02,-0.245
-1.8432e-03,-0.05,0.075
-1.8416e-03,-0.08,-0.225
-1.8400e-03,-0.14,0.05
-1.8384e-03,-0.045,-0.22
-1.8368e-03,-0.12,0.05
-1.8352e-03,-0.035,-0.21
-1.8336e-03,-0.01,0.04
-1.8320e-03,-0.075,-0.255
-1.8304e-03,-0.015,0.08
-1.8288e-03,-0.065,-0.225
-1.8272e-03,-0.035,0.055
-1.8256e-03,-0.105,-0.245
-1.8240e-03,-0.085,0.08
-1.8224e-03,-0.16,-0.235
-1.8208e-03,-0.035,0.06
-1.8192e-03,-0.05,-0.25
-1.8176e-03,0.005,0.075
-1.8160e-03,-0.075,-0.255
-1.8144e-03,-0.06,0.085
-1.8128e-03,-0.05,-0.255
-1.8112e-03,0.005,0.08
-1.8096e-03,-0.07,-0.245
-1.8080e-03,-0.155,0.07
-1.8064e-03,-0.09,-0.25
-1.8048e-03,-0.055,0.085
-1.8032e-03,-0.005,-0.24
-1.8016e-03,-0.055,0.075
-1.8000e-03,-0.025,-0.23
-1.7984e-03,-0.07,0.06
-1.7968e-03,-0.13,-0.23
-1.7952e-03,-0.015,0.065
-1.7936e-03,-0.13,-0.26
-1.7920e-03,-0.015,0.095
-1.7904e-03,-0.085,-0.24
-1.7888e-03,-0.105,0.07
-1.7872e-03,-0.01,-0.255
-1.7856e-03,-0.01,0.085
-1.7840e-03,-0.035,-0.23
-1.7824e-03,-0.075,0.07
-1.7808e-03,-0.085,-0.265
-1.7792e-03,-0.105,0.1
-1.7776e-03,-0.08,-0.245
-1.7760e-03,-0.115,0.08
-1.7744e-03,-0.135,-0.235
-1.7728e-03,-0.13,0.07
-1.7712e-03,0.01,-0.24
-1.7696e-03,-0.03,0.08
-1.7680e-03,-0.05,-0.24
-1.7664e-03,-0.015,0.075
-1.7648e-03,-0.06,-0.245
-1.7632e-03,0.01,0.085
-1.7616e-03,-0.085,-0.235
-1.7600e-03,-0.115,0.07
-1.7584e-03,-0.035,-0.21
-1.7568e-03,-0.075,0.05
-1.7552e-03,0,-0.24
-1.7536e-03,-0.105,0.085
-1.7520e-03,-0.07,-0.21
-1.7504e-03,-0.2,0.05
-1.7488e-03,-0.15,-0.245
-1.7472e-03,-0.125,0.085
-1.7456e-03,-0.1,-0.245
-1.7440e-03,-0.045,0.09
-1.7424e-03,-0.125,-0.22
-1.7408e-03,-0.05,0.065
-1.7392e-03,-0.135,-0.22
-1.7376e-03,-0.03,0.07
-1.7360e-03,-0.09,-0.255
-1.7344e-03,-0.035,0.095
-1.7328e-03,-0.155,-0.26
-1.7312e-03,-0.005,0.105
-1.7296e-03,0.03,-0.23
-1.7280e-03,-0.055,0.08
-1.7264e-03,-0.035,-0.205
-1.7248e-03,-0.115,0.055
-1.7232e-03,-0.04,-0.215
-1.7216e-03,-0.045,0.065
-1.7200e-03,-0.045,-0.225
-1.7184e-03,-0.115,0.07
-1.7168e-03,0.015,-0.245
-1.7152e-03,-0.015,0.095
-1.7136e-03,0.015,-0.25
-1.7120e-03,-0.035,0.1
-1.7104e-03,-0.13,-0.265
-1.7088e-03,-0.01,0.105
-1.7072e-03,-0.115,-0.225
-1.7056e-03,-0.025,0.08
-1.7040e-03,-0.09,-0.23
-1.7024e-03,-0.035,0.075
-1.7008e-03,-0.08,-0.245
-1.6992e-03,0.015,0.095
-1.6976e-03,-0.095,-0.24
-1.6960e-03,-0.035,0.09
-1.6944e-03,-0.105,-0.225
-1.6928e-03,-0.175,0.08
-1.6912e-03,-0.09,-0.235
-1.6896e-03,-0.075,0.085
-1.6880e-03,-0.03,-0.245
-1.6864e-03,-0.11,0.095
-1.6848e-03,-0.095,-0.22
-1.6832e-03,-0.035,0.07
-1.6816e-03,-0.045,-0.26
-1.6800e-03,-0.035,0.095
-1.6784e-03,-0.12,-0.22
-1.6768e-03,-0.13,0.07
-1.6752e-03,-0.09,-0.245
-1.6736e-03,-0.085,0.095
-1.6720e-03,-0.17,-0.235
-1.6704e-03,-0.06,0.085
-1.6688e-03,-0.145,-0.25
-1.6672e-03,0.005,0.1
-1.6656e-03,-0.04,-0.235
-1.6640e-03,-0.035,0.09
-1.6624e-03,0.01,-0.235
-1.6608e-03,-0.095,0.09
-1.6592e-03,0.005,-0.21
-1.6576e-03,-0.075,0.06
-1.6560e-03,-0.055,-0.245
-1.6544e-03,-0.105,0.1
-1.6528e-03,-0.115,-0.225
-1.6512e-03,-0.02,0.075
-1.6496e-03,-0.04,-0.24
-1.6480e-03,-0.015,0.085
-1.6464e-03,-0.015,-0.245
-1.6448e-03,-0.025,0.105
-1.6432e-03,0,-0.23
-1.6416e-03,0.03,0.085
-1.6400e-03,-0.09,-0.225
-1.6384e-03,-0.065,0.08
-1.6368e-03,-0.06,-0.23
-1.6352e-03,0,0.08
-1.6336e-03,-0.02,-0.24
-1.6320e-03,0.015,0.1
-1.6304e-03,-0.09,-0.215
-1.6288e-03,-0.015,0.065
-1.6272e-03,-0.035,-0.22
-1.6256e-03,-0.065,0.08
-1.6240e-03,-0.02,-0.22
-1.6224e-03,-0.115,0.08
-1.6208e-03,-0.055,-0.23
-1.6192e-03,-0.055,0.08
-1.6176e-03,-0.005,-0.205
-1.6160e-03,0.06,0.06
-1.6144e-03,-0.095,-0.22
-1.6128e-03,-0.01,0.08
-1.6112e-03,-0.045,-0.22
-1.6096e-03,-0.025,0.08
-1.6080e-03,-0.065,-0.23
-1.6064e-03,-0.085,0.09
-1.6048e-03,-0.085,-0.23
-1.6032e-03,0.01,0.09
-1.6016e-03,0.03,-0.255
-1.6000e-03,-0.015,0.11
-1.5984e-03,-0.04,-0.235
-1.5968e-03,-0.015,0.085
-1.5952e-03,0.005,-0.235
-1.5936e-03,-0.09,0.09
-1.5920e-03,-0.055,-0.23
-1.5904e-03,-0.09,0.095
-1.5888e-03,-0.03,-0.215
-1.5872e-03,0.035,0.075
-1.5856e-03,-0.07,-0.23
-1.5840e-03,-0.05,0.095
-1.5824e-03,-0.095,-0.205
-1.5808e-03,-0.115,0.07
-1.5792e-03,-0.14,-0.23
-1.5776e-03,-0.01,0.09
-1.5760e-03,-0.165,-0.215
-1.5744e-03,-0.065,0.08
-1.5728e-03,-0.085,-0.22
-1.5712e-03,-0.09,0.075
-1.5696e-03,-0.01,-0.245
-1.5680e-03,-0.165,0.1
-1.5664e-03,-0.1,-0.265
-1.5648e-03,-0.195,0.125
-1.5632e-03,-0.115,-0.23
-1.5616e-03,-0.085,0.085
-1.5600e-03,-0.095,-0.215
-1.5584e-03,-0.125,0.08
-1.5568e-03,-0.035,-0.215
-1.5552e-03,-0.08,0.08
-1.5536e-03,-0.08,-0.205
-1.5520e-03,-0.145,0.07
-1.5504e-03,-0.165,-0.225
-1.5488e-03,-0.075,0.085
-1.5472e-03,-0.05,-0.21
-1.5456e-03,-0.095,0.075
-1.5440e-03,-0.085,-0.22
-1.5424e-03,-0.035,0.075
-1.5408e-03,-0.035,-0.22
-1.5392e-03,0.02,0.085
-1.5376e-03,-0.09,-0.21
-1.5360e-03,-0.085,0.07
-1.5344e-03,-0.085,-0.23
-1.5328e-03,-0.075,0.08
-1.5312e-03,-0.005,-0.21
-1.5296e-03,-0.005,0.07
-1.5280e-03,-0.08,-0.265
-1.5264e-03,-0.065,0.12
-1.5248e-03,-0.05,-0.245
-1.5232e-03,-0.11,0.11
-1.5216e-03,-0.07,-0.22
-1.5200e-03,-0.09,0.08
-1.5184e-03,-0.16,-0.23
-1.5168e-03,-0.08,0.095
-1.5152e-03,-0.115,-0.23
-1.5136e-03,-0.045,0.09
-1.5120e-03,-0.11,-0.25
-1.5104e-03,-0.105,0.1
-1.5088e-03,0.025,-0.225
-1.5072e-03,-0.05,0.09
-1.5056e-03,-0.045,-0.235
-1.5040e-03,-0.105,0.105
-1.5024e-03,-0.09,-0.2
-1.5008e-03,-0.095,0.07
-1.4992e-03,0.015,-0.215
-1.4976e-03,-0.155,0.075
-1.4960e-03,-0.055,-0.23
-1.4944e-03,-0.06,0.095
-1.4928e-03,-0.01,-0.22
-1.4912e-03,-0.05,0.085
-1.4896e-03,0.02,-0.235
-1.4880e-03,-0.11,0.1
-1.4864e-03,-0.045,-0.235
-1.4848e-03,-0.095,0.1
-1.4832e-03,-0.065,-0.215
-1.4816e-03,-0.045,0.08
-1.4800e-03,0.01,-0.225
-1.4784e-03,-0.075,0.085
-1.4768e-03,0.025,-0.245
-1.4752e-03,-0.02,0.11
-1.4736e-03,0.035,-0.21
-1.4720e-03,-0.065,0.08
-1.4704e-03,-0.05,-0.24
-1.4688e-03,-0.035,0.11
-1.4672e-03,-0.015,-0.23
-1.4656e-03,-0.015,0.1
-1.4640e-03,-0.13,-0.225
-1.4624e-03,-0.03,0.095
-1.4608e-03,-0.015,-0.21
-1.4592e-03,-0.005,0.085
-1.4576e-03,-0.05,-0.235
-1.4560e-03,-0.085,0.11
-1.4544e-03,-0.09,-0.22
-1.4528e-03,-0.01,0.09
-1.4512e-03,-0.115,-0.235
-1.4496e-03,-0.14,0.105
-1.4480e-03,-0.105,-0.225
-1.4464e-03,-0.045,0.11
-1.4448e-03,-0.06,-0.22
-1.4432e-03,-0.04,0.1
-1.4416e-03,-0.15,-0.205
-1.4400e-03,-0.06,0.09
-1.4384e-03,-0.145,-0.225
-1.4368e-03,-0.1,0.1
-1.4352e-03,-0.085,-0.2
-1.4336e-03,-0.065,0.08
-1.4320e-03,-0.09,-0.22
-1.4304e-03,-0.005,0.095
-1.4288e-03,-0.015,-0.205
-1.4272e-03,-0.025,0.085
-1.4256e-03,-0.025,-0.22
-1.4240e-03,-0.115,0.11
-1.4224e-03,-0.1,-0.22
-1.4208e-03,-0.04,0.105
-1.4192e-03,-0.035,-0.235
-1.4176e-03,0,0.115
-1.4160e-03,-0.12,-0.235
-1.4144e-03,-0.025,0.12
-1.4128e-03,-0.085,-0.22
-1.4112e-03,-0.01,0.105
-1.4096e-03,-0.165,-0.22
-1.4080e-03,-0.11,0.105
-1.4064e-03,-0.135,-0.265
-1.4048e-03,0.005,0.14
-1.4032e-03,-0.035,-0.235
-1.4016e-03,-0.04,0.11
-1.4000e-03,-0.035,-0.215
-1.3984e-03,0.015,0.1
-1.3968e-03,-0.055,-0.27
-1.3952e-03,0.015,0.145
-1.3936e-03,-0.13,-0.24
-1.3920e-03,-0.04,0.115
-1.3904e-03,-0.085,-0.24
-1.3888e-03,-0.06,0.115
-1.3872e-03,-0.01,-0.205
-1.3856e-03,-0.02,0.09
-1.3840e-03,-0.035,-0.21
-1.3824e-03,-0.02,0.09
-1.3808e-03,0.01,-0.225
-1.3792e-03,-0.03,0.1
-1.3776e-03,-0.015,-0.22
-1.3760e-03,-0.19,0.095
-1.3744e-03,-0.11,-0.23
-1.3728e-03,-0.12,0.11
-1.3712e-03,-0.085,-0.24
-1.3696e-03,-0.155,0.115
-1.3680e-03,-0.105,-0.24
-1.3664e-03,-0.145,0.11
-1.3648e-03,-0.03,-0.23
-1.3632e-03,-0.06,0.11
-1.3616e-03,-0.08,-0.21
-1.3600e-03,-0.06,0.09
-1.3584e-03,-0.065,-0.225
-1.3568e-03,0.02,0.105
-1.3552e-03,-0.08,-0.22
-1.3536e-03,-0.095,0.1
-1.3520e-03,-0.09,-0.215
-1.3504e-03,-0.155,0.1
-1.3488e-03,-0.07,-0.22
-1.3472e-03,-0.075,0.09
-1.3456e-03,-0.075,-0.215
-1.3440e-03,-0.075,0.095
-1.3424e-03,-0.085,-0.22
-1.3408e-03,-0.055,0.095
-1.3392e-03,0.02,-0.23
-1.3376e-03,-0.125,0.11
-1.3360e-03,-0.115,-0.225
-1.3344e-03,-0.105,0.1
-1.3328e-03,-0.01,-0.215
-1.3312e-03,-0.015,0.1
-1.3296e-03,-0.055,-0.22
-1.3280e-03,-0.14,0.095
-1.3264e-03,-0.11,-0.22
-1.3248e-03,-0.115,0.1
-1.3232e-03,-0.065,-0.215
-1.3216e-03,-0.115,0.09
-1.3200e-03,-0.105,-0.23
-1.3184e-03,-0.03,0.105
-1.3168e-03,-0.05,-0.23
-1.3152e-03,-0.02,0.12
-1.3136e-03,0,-0.23
-1.3120e-03,-0.07,0.11
-1.3104e-03,0,-0.24
-1.3088e-03,-0.04,0.125
-1.3072e-03,-0.03,-0.23
-1.3056e-03,-0.015,0.115
-1.3040e-03,-0.07,-0.225
-1.3024e-03,-0.015,0.115
-1.3008e-03,-0.05,-0.26
-1.2992e-03,0.04,0.14
-1.2976e-03,-0.06,-0.2
-1.2960e-03,-0.085,0.09
-1.2944e-03,-0.105,-0.22
-1.2928e-03,0.01,0.11
-1.2912e-03,-0.135,-0.23
-1.2896e-03,-0.02,0.125
-1.2880e-03,-0.2,-0.22
-1.2864e-03,-0.02,0.11
-1.2848e-03,-0.105,-0.215
-1.2832e-03,-0.04,0.115
-1.2816e-03,-0.13,-0.21
-1.2800e-03,-0.05,0.11
-1.2784e-03,-0.055,-0.215
-1.2768e-03,0,0.105
-1.2752e-03,-0.045,-0.225
-1.2736e-03,0.07,0.115
-1.2720e-03,-0.035,-0.235
-1.2704e-03,0.005,0.125
-1.2688e-03,0,-0.225
-1.2672e-03,-0.075,0.125
-1.2656e-03,0.03,-0.27
-1.2640e-03,-0.095,0.16
-1.2624e-03,-0.15,-0.28
-1.2608e-03,0.005,0.18
-1.2592e-03,-0.095,-0.22
-1.2576e-03,0.015,0.115
-1.2560e-03,-0.135,-0.22
-1.2544e-03,-0.02,0.11
-1.2528e-03,0.01,-0.21
-1.2512e-03,0.02,0.105
-1.2496e-03,0.015,-0.215
-1.2480e-03,-0.095,0.105
-1.2464e-03,-0.07,-0.2
-1.2448e-03,-0.005,0.09
-1.2432e-03,-0.16,-0.22
-1.2416e-03,-0.05,0.115
-1.2400e-03,-0.09,-0.24
-1.2384e-03,0,0.14
-1.2368e-03,0.02,-0.215
-1.2352e-03,-0.005,0.105
-1.2336e-03,-0.05,-0.21
-1.2320e-03,-0.075,0.095
-1.2304e-03,-0.105,-0.225
-1.2288e-03,-0.075,0.115
-1.2272e-03,-0.125,-0.235
-1.2256e-03,-0.05,0.14
-1.2240e-03,-0.045,-0.215
-1.2224e-03,-0.1,0.115
-1.2208e-03,-0.015,-0.21
-1.2192e-03,-0.105,0.1
-1.2176e-03,0,-0.22
-1.2160e-03,-0.1,0.115
-1.2144e-03,-0.075,-0.23
-1.2128e-03,-0.045,0.11
-1.2112e-03,-0.05,-0.23
-1.2096e-03,-0.03,0.125
-1.2080e-03,-0.12,-0.225
-1.2064e-03,-0.115,0.12
-1.2048e-03,-0.02,-0.215
-1.2032e-03,-0.015,0.1
-1.2016e-03,-0.115,-0.21
-1.2000e-03,-0.06,0.105
-1.1984e-03,-0.07,-0.21
-1.1968e-03,-0.015,0.115
-1.1952e-03,0.02,-0.21
-1.1936e-03,-0.07,0.105
-1.1920e-03,0.03,-0.21
-1.1904e-03,-0.02,0.1
-1.1888e-03,0.045,-0.235
-1.1872e-03,-0.05,0.135
-1.1856e-03,-0.03,-0.21
-1.1840e-03,-0.045,0.105
-1.1824e-03,-0.085,-0.23
-1.1808e-03,-0.055,0.125
-1.1792e-03,-0.065,-0.21
-1.1776e-03,-0.075,0.105
-1.1760e-03,-0.105,-0.205
-1.1744e-03,-0.035,0.105
-1.1728e-03,-0.05,-0.23
-1.1712e-03,0.065,0.13
-1.1696e-03,-0.15,-0.22
-1.1680e-03,-0.045,0.125
-1.1664e-03,-0.145,-0.21
-1.1648e-03,-0.03,0.105
-1.1632e-03,0.01,-0.215
-1.1616e-03,-0.105,0.115
-1.1600e-03,0,-0.22
-1.1584e-03,-0.035,0.12
-1.1568e-03,0.01,-0.205
-1.1552e-03,0.05,0.105
-1.1536e-03,-0.07,-0.22
-1.1520e-03,-0.035,0.12
-1.1504e-03,-0.04,-0.21
-1.1488e-03,-0.125,0.11
-1.1472e-03,-0.01,-0.195
-1.1456e-03,-0.12,0.1
-1.1440e-03,-0.005,-0.195
-1.1424e-03,-0.1,0.095
-1.1408e-03,-0.01,-0.205
-1.1392e-03,-0.045,0.11
-1.1376e-03,0.015,-0.19
-1.1360e-03,-0.09,0.1
-1.1344e-03,-0.06,-0.22
-1.1328e-03,-0.085,0.13
-1.1312e-03,-0.05,-0.225
-1.1296e-03,-0.105,0.13
-1.1280e-03,-0.105,-0.235
-1.1264e-03,-0.12,0.145
-1.1248e-03,-0.03,-0.225
-1.1232e-03,-0.025,0.135
-1.1216e-03,-0.03,-0.2
-1.1200e-03,-0.075,0.11
-1.1184e-03,-0.1,-0.22
-1.1168e-03,-0.04,0.13
-1.1152e-03,-0.03,-0.225
-1.1136e-03,-0.09,0.135
-1.1120e-03,-0.06,-0.21
-1.1104e-03,-0.015,0.12
-1.1088e-03,-0.085,-0.2
-1.1072e-03,0.025,0.11
-1.1056e-03,-0.12,-0.2
-1.1040e-03,-0.085,0.105
-1.1024e-03,-0.085,-0.19
-1.1008e-03,-0.045,0.1
-1.0992e-03,-0.04,-0.215
-1.0976e-03,0.04,0.125
-1.0960e-03,-0.02,-0.215
-1.0944e-03,-0.02,0.125
-1.0928e-03,0.02,-0.225
-1.0912e-03,-0.11,0.135
-1.0896e-03,0.04,-0.21
-1.0880e-03,-0.09,0.11
-1.0864e-03,-0.065,-0.21
-1.0848e-03,-0.015,0.12
-1.0832e-03,-0.045,-0.19
-1.0816e-03,0.005,0.105
-1.0800e-03,-0.03,-0.215
-1.0784e-03,-0.11,0.12
-1.0768e-03,0.01,-0.195
-1.0752e-03,-0.02,0.105
-1.0736e-03,-0.03,-0.185
-1.0720e-03,-0.045,0.1
-1.0704e-03,-0.135,-0.195
-1.0688e-03,-0.035,0.105
-1.0672e-03,-0.1,-0.2
-1.0656e-03,0.01,0.105
-1.0640e-03,-0.075,-0.2
-1.0624e-03,0.03,0.105
-1.0608e-03,0.025,-0.19
-1.0592e-03,-0.03,0.1
-1.0576e-03,-0.03,-0.215
-1.0560e-03,0.01,0.115
-1.0544e-03,-0.13,-0.22
-1.0528e-03,-0.055,0.125
-1.0512e-03,-0.08,-0.205
-1.0496e-03,-0.01,0.12
-1.0480e-03,0.015,-0.235
-1.0464e-03,-0.015,0.14
-1.0448e-03,-0.045,-0.23
-1.0432e-03,-0.03,0.13
-1.0416e-03,-0.02,-0.2
-1.0400e-03,-0.045,0.115
-1.0384e-03,-0.095,-0.21
-1.0368e-03,-0.02,0.115
-1.0352e-03,-0.08,-0.25
-1.0336e-03,0.005,0.155
-1.0320e-03,-0.075,-0.19
-1.0304e-03,-0.1,0.11
-1.0288e-03,-0.045,-0.235
-1.0272e-03,-0.015,0.145
-1.0256e-03,-0.015,-0.215
-1.0240e-03,0.035,0.125
-1.0224e-03,-0.045,-0.2
-1.0208e-03,-0.085,0.115
-1.0192e-03,-0.065,-0.2
-1.0176e-03,-0.07,0.11
-1.0160e-03,-0.09,-0.225
-1.0144e-03,-0.06,0.12
-1.0128e-03,-0.08,-0.2
-1.0112e-03,-0.03,0.11
-1.0096e-03,0.02,-0.215
-1.0080e-03,0.045,0.135
-1.0064e-03,-0.095,-0.205
-1.0048e-03,-0.11,0.11
-1.0032e-03,-0.03,-0.225
-1.0016e-03,-0.025,0.135
-1.0000e-03,-0.005,-0.205
-9.9840e-04,-0.065,0.125
-9.9680e-04,-0.055,-0.215
-9.9520e-04,-0.065,0.135
-9.9360e-04,-0.025,-0.2
-9.9200e-04,-0.02,0.115
-9.9040e-04,-0.135,-0.21
-9.8880e-04,-0.035,0.125
-9.8720e-04,-0.025,-0.24
-9.8560e-04,-0.03,0.15
-9.8400e-04,-0.005,-0.225
-9.8240e-04,-0.065,0.145
-9.8080e-04,0.025,-0.23
-9.7920e-04,-0.02,0.14
-9.7760e-04,0.03,-0.205
-9.7600e-04,-0.075,0.135
-9.7440e-04,-0.065,-0.21
-9.7280e-04,-0.095,0.125
-9.7120e-04,-0.07,-0.21
-9.6960e-04,-0.07,0.13
-9.6800e-04,-0.035,-0.185
-9.6640e-04,-0.06,0.105
-9.6480e-04,-0.065,-0.2
-9.6320e-04,0,0.13
-9.6160e-04,0.005,-0.21
-9.6000e-04,-0.095,0.135
-9.5840e-04,-0.03,-0.205
-9.5680e-04,-0.055,0.13
-9.5520e-04,-0.02,-0.175
-9.5360e-04,-0.035,0.1
-9.5200e-04,-0.015,-0.2
-9.5040e-04,-0.075,0.125
-9.4880e-04,-0.015,-0.195
-9.4720e-04,-0.005,0.12
-9.4560e-04,-0.085,-0.19
-9.4400e-04,-0.12,0.115
-9.4240e-04,-0.09,-0.185
-9.4080e-04,-0.05,0.11
-9.3920e-04,-0.035,-0.185
-9.3760e-04,-0.075,0.12
-9.3600e-04,-0.025,-0.185
-9.3440e-04,-0.085,0.11
-9.3280e-04,-0.07,-0.2
-9.3120e-04,0.035,0.125
-9.2960e-04,-0.035,-0.21
-9.2800e-04,-0.045,0.135
-9.2640e-04,0.01,-0.2
-9.2480e-04,-0.095,0.13
-9.2320e-04,-0.025,-0.2
-9.2160e-04,-0.03,0.13
-9.2000e-04,-0.095,-0.205
-9.1840e-04,-0.055,0.13
-9.1680e-04,-0.02,-0.195
-9.1520e-04,0.09,0.125
-9.1360e-04,-0.015,-0.19
-9.1200e-04,-0.05,0.12
-9.1040e-04,-0.015,-0.2
-9.0880e-04,-0.035,0.125
-9.0720e-04,0.015,-0.21
-9.0560e-04,-0.045,0.135
-9.0400e-04,-0.055,-0.195
-9.0240e-04,-0.055,0.13
-9.0080e-04,-0.09,-0.195
-8.9920e-04,-0.015,0.125
-8.9760e-04,-0.115,-0.23
-8.9600e-04,-0.15,0.155
-8.9440e-04,-0.03,-0.19
-8.9280e-04,0.005,0.125
-8.9120e-04,-0.02,-0.22
-8.8960e-04,-0.025,0.14
-8.8800e-04,-0.09,-0.195
-8.8640e-04,-0.085,0.13
-8.8480e-04,-0.075,-0.2
-8.8320e-04,-0.02,0.13
-8.8160e-04,-0.13,-0.225
-8.8000e-04,0.015,0.15
-8.7840e-04,-0.02,-0.205
-8.7680e-04,0.04,0.13
-8.7520e-04,-0.005,-0.215
-8.7360e-04,-0.04,0.15
-8.7200e-04,-0.01,-0.2
-8.7040e-04,-0.01,0.13
-8.6880e-04,0.025,-0.175
-8.6720e-04,-0.1,0.105
-8.6560e-04,-0.02,-0.21
-8.6400e-04,-0.07,0.145
-8.6240e-04,-0.08,-0.185
-8.6080e-04,-0.015,0.11
-8.5920e-04,0.03,-0.175
-8.5760e-04,-0.01,0.105
-8.5600e-04,-0.01,-0.17
-8.5440e-04,0.015,0.1
-8.5280e-04,0,-0.205
-8.5120e-04,-0.05,0.14
-8.4960e-04,-0.015,-0.22
-8.4800e-04,-0.085,0.15
-8.4640e-04,-0.02,-0.195
-8.4480e-04,0.005,0.13
-8.4320e-04,0.015,-0.19
-8.4160e-04,-0.07,0.12
-8.4000e-04,-0.02,-0.185
-8.3840e-04,0.005,0.115
-8.3680e-04,-0.025,-0.205
-8.3520e-04,0.03,0.135
-8.3360e-04,-0.145,-0.22
-8.3200e-04,-0.03,0.15
-8.3040e-04,0.015,-0.185
-8.2880e-04,-0.015,0.115
-8.2720e-04,-0.08,-0.175
-8.2560e-04,-0.055,0.105
-8.2400e-04,-0.035,-0.19
-8.2240e-04,-0.035,0.13
-8.2080e-04,-0.005,-0.185
-8.1920e-04,-0.04,0.12
-8.1760e-04,-0.045,-0.18
-8.1600e-04,0,0.11
-8.1440e-04,0.01,-0.195
-8.1280e-04,-0.015,0.125
-8.1120e-04,0.035,-0.215
-8.0960e-04,-0.04,0.15
-8.0800e-04,-0.065,-0.195
-8.0640e-04,0.05,0.135
-8.0480e-04,-0.075,-0.19
-8.0320e-04,-0.015,0.125
-8.0160e-04,-0.11,-0.19
-8.0000e-04,-0.045,0.12
-7.9840e-04,-0.04,-0.2
-7.9680e-04,-0.035,0.145
-7.9520e-04,-0.035,-0.2
-7.9360e-04,-0.105,0.14
-7.9200e-04,-0.03,-0.19
-7.9040e-04,0.02,0.125
-7.8880e-04,0.035,-0.23
-7.8720e-04,-0.015,0.165
-7.8560e-04,-0.01,-0.245
-7.8400e-04,-0.025,0.175
-7.8240e-04,-0.085,-0.195
-7.8080e-04,-0.045,0.13
-7.7920e-04,-0.115,-0.2
-7.7760e-04,-0.08,0.135
-7.7600e-04,-0.02,-0.18
-7.7440e-04,-0.07,0.115
-7.7280e-04,0.065,-0.195
-7.7120e-04,-0.025,0.13
-7.6960e-04,-0.075,-0.175
-7.6800e-04,-0.015,0.11
-7.6640e-04,-0.035,-0.17
-7.6480e-04,-0.01,0.11
-7.6320e-04,0.01,-0.165
-7.6160e-04,-0.105,0.11
-7.6000e-04,-0.085,-0.18
-7.5840e-04,0.02,0.12
-7.5680e-04,0.005,-0.19
-7.5520e-04,-0.01,0.125
-7.5360e-04,0.01,-0.18
-7.5200e-04,-0.045,0.12
-7.5040e-04,0.02,-0.185
-7.4880e-04,-0.04,0.125
-7.4720e-04,-0.08,-0.175
-7.4560e-04,-0.085,0.115
-7.4400e-04,-0.005,-0.175
-7.4240e-04,0.05,0.12
-7.4080e-04,0.015,-0.175
-7.3920e-04,0.11,0.12
-7.3760e-04,-0.015,-0.18
-7.3600e-04,-0.055,0.125
-7.3440e-04,-0.085,-0.2
-7.3280e-04,-0.07,0.145
-7.3120e-04,0.02,-0.18
-7.2960e-04,-0.005,0.13
-7.2800e-04,-0.105,-0.23
-7.2640e-04,-0.07,0.165
-7.2480e-04,-0.07,-0.185
-7.2320e-04,-0.035,0.13
-7.2160e-04,-0.065,-0.2
-7.2000e-04,-0.085,0.14
-7.1840e-04,0.005,-0.185
-7.1680e-04,0.055,0.125
-7.1520e-04,0.08,-0.17
-7.1360e-04,-0.07,0.12
-7.1200e-04,0.06,-0.175
-7.1040e-04,-0.095,0.115
-7.0880e-04,0.05,-0.18
-7.0720e-04,0.03,0.125
-7.0560e-04,-0.115,-0.19
-7.0400e-04,0.01,0.14
-7.0240e-04,-0.155,-0.215
-7.0080e-04,-0.04,0.16
-6.9920e-04,-0.105,-0.18
-6.9760e-04,-0.015,0.13
-6.9600e-04,-0.02,-0.18
-6.9440e-04,-0.05,0.125
-6.9280e-04,-0.025,-0.2
-6.9120e-04,-0.085,0.15
-6.8960e-04,0.07,-0.21
-6.8800e-04,-0.07,0.15
-6.8640e-04,-0.025,-0.195
-6.8480e-04,-0.02,0.145
-6.8320e-04,0.03,-0.175
-6.8160e-04,-0.02,0.125
-6.8000e-04,0.01,-0.165
-6.7840e-04,-0.1,0.12
-6.7680e-04,-0.065,-0.18
-6.7520e-04,0.025,0.13
-6.7360e-04,-0.07,-0.185
-6.7200e-04,-0.025,0.135
-6.7040e-04,-0.115,-0.17
-6.6880e-04,-0.065,0.13
-6.6720e-04,0.01,-0.205
-6.6560e-04,-0.065,0.165
-6.6400e-04,-0.01,-0.205
-6.6240e-04,0.01,0.155
-6.6080e-04,-0.02,-0.17
-6.5920e-04,-0.055,0.12
-6.5760e-04,-0.025,-0.19
-6.5600e-04,-0.06,0.145
-6.5440e-04,-0.085,-0.19
-6.5280e-04,-0.065,0.14
-6.5120e-04,0.02,-0.185
-6.4960e-04,-0.05,0.13
-6.4800e-04,-0.005,-0.17
-6.4640e-04,-0.14,0.125
-6.4480e-04,-0.13,-0.19
-6.4320e-04,-0.03,0.15
-6.4160e-04,-0.045,-0.205
-6.4000e-04,0.025,0.16
-6.3840e-04,-0.02,-0.195
-6.3680e-04,-0.055,0.15
-6.3520e-04,0,-0.195
-6.3360e-04,0.045,0.145
-6.3200e-04,-0.045,-0.22
-6.3040e-04,-0.075,0.17
-6.2880e-04,-0.075,-0.17
-6.2720e-04,-0.035,0.135
-6.2560e-04,0.025,-0.18
-6.2400e-04,0,0.13
-6.2240e-04,0.035,-0.165
-6.2080e-04,0.035,0.12
-6.1920e-04,0,-0.175
-6.1760e-04,-0.015,0.13
-6.1600e-04,-0.01,-0.205
-6.1440e-04,0.015,0.16
-6.1280e-04,-0.015,-0.175
-6.1120e-04,-0.035,0.135
-6.0960e-04,0.07,-0.165
-6.0800e-04,-0.06,0.115
-6.0640e-04,-0.015,-0.17
-6.0480e-04,-0.095,0.125
-6.0320e-04,-0.035,-0.19
-6.0160e-04,-0.025,0.135
-6.0000e-04,0.03,-0.18
-5.9840e-04,-0.105,0.135
-5.9680e-04,-0.13,-0.19
-5.9520e-04,-0.095,0.145
-5.9360e-04,-0.05,-0.2
-5.9200e-04,-0.055,0.15
-5.9040e-04,-0.005,-0.175
-5.8880e-04,-0.055,0.13
-5.8720e-04,0.085,-0.18
-5.8560e-04,0.01,0.125
-5.8400e-04,0.005,-0.175
-5.8240e-04,-0.045,0.125
-5.8080e-04,0.01,-0.17
-5.7920e-04,-0.07,0.12
-5.7760e-04,0.01,-0.19
-5.7600e-04,0.1,0.145
-5.7440e-04,0.045,-0.185
-5.7280e-04,0.015,0.135
-5.7120e-04,-0.045,-0.2
-5.6960e-04,-0.1,0.145
-5.6800e-04,0.005,-0.195
-5.6640e-04,-0.04,0.15
-5.6480e-04,-0.07,-0.185
-5.6320e-04,0,0.14
-5.6160e-04,-0.085,-0.195
-5.6000e-04,0.02,0.145
-5.5840e-04,0.01,-0.205
-5.5680e-04,-0.035,0.155
-5.5520e-04,-0.03,-0.19
-5.5360e-04,0.12,0.145
-5.5200e-04,-0.075,-0.19
-5.5040e-04,0.02,0.145
-5.4880e-04,-0.09,-0.17
-5.4720e-04,-0.065,0.135
-5.4560e-04,0.04,-0.19
-5.4400e-04,-0.01,0.145
-5.4240e-04,0.065,-0.175
-5.4080e-04,0.05,0.135
-5.3920e-04,0.025,-0.195
-5.3760e-04,-0.05,0.15
-5.3600e-04,-0.035,-0.17
-5.3440e-04,-0.055,0.125
-5.3280e-04,-0.085,-0.175
-5.3120e-04,0.03,0.135
-5.2960e-04,-0.01,-0.19
-5.2800e-04,0.095,0.15
-5.2640e-04,0.035,-0.165
-5.2480e-04,-0.01,0.125
-5.2320e-04,-0.11,-0.2
-5.2160e-04,-0.045,0.16
-5.2000e-04,0.005,-0.19
-5.1840e-04,0,0.15
-5.1680e-04,-0.015,-0.19
-5.1520e-04,-0.03,0.155
-5.1360e-04,-0.005,-0.18
-5.1200e-04,0.05,0.145
-5.1040e-04,-0.08,-0.19
-5.0880e-04,-0.03,0.155
-5.0720e-04,0.065,-0.17
-5.0560e-04,0,0.135
-5.0400e-04,0.01,-0.19
-5.0240e-04,-0.05,0.145
-5.0080e-04,-0.125,-0.205
-4.9920e-04,-0.06,0.175
-4.9760e-04,-0.065,-0.155
-4.9600e-04,-0.04,0.13
-4.9440e-04,-0.135,-0.21
-4.9280e-04,-0.005,0.18
-4.9120e-04,-0.1,-0.18
-4.8960e-04,0.025,0.15
-4.8800e-04,0.045,-0.195
-4.8640e-04,0.04,0.155
-4.8480e-04,-0.005,-0.175
-4.8320e-04,0.085,0.145
-4.8160e-04,-0.05,-0.16
-4.8000e-04,0.07,0.13
-4.7840e-04,-0.085,-0.175
-4.7680e-04,-0.03,0.14
-4.7520e-04,-0.095,-0.165
-4.7360e-04,0.045,0.135
-4.7200e-04,0.07,-0.185
-4.7040e-04,-0.02,0.145
-4.6880e-04,-0.015,-0.17
-4.6720e-04,0.005,0.145
-4.6560e-04,0.015,-0.15
-4.6400e-04,0.06,0.12
-4.6240e-04,-0.055,-0.185
-4.6080e-04,-0.055,0.155
-4.5920e-04,-0.01,-0.185
-4.5760e-04,0.03,0.16
-4.5600e-04,0,-0.165
-4.5440e-04,0.015,0.13
-4.5280e-04,0.1,-0.18
-4.5120e-04,-0.015,0.145
-4.4960e-04,-0.01,-0.165
-4.4800e-04,-0.065,0.13
-4.4640e-04,-0.075,-0.215
-4.4480e-04,-0.035,0.19
-4.4320e-04,0.065,-0.17
-4.4160e-04,0.045,0.14
-4.4000e-04,0.005,-0.175
-4.3840e-04,-0.045,0.15
-4.3680e-04,-0.09,-0.155
-4.3520e-04,-0.09,0.125
-4.3360e-04,0.05,-0.155
-4.3200e-04,-0.02,0.135
-4.3040e-04,0.02,-0.155
-4.2880e-04,-0.04,0.13
-4.2720e-04,0.02,-0.16
-4.2560e-04,-0.02,0.13
-4.2400e-04,0.075,-0.165
-4.2240e-04,-0.11,0.135
-4.2080e-04,-0.045,-0.17
-4.1920e-04,0.005,0.13
-4.1760e-04,0.125,-0.19
-4.1600e-04,-0.035,0.155
-4.1440e-04,0.03,-0.2
-4.1280e-04,-0.125,0.17
-4.1120e-04,-0.045,-0.16
-4.0960e-04,0.005,0.135
-4.0800e-04,-0.015,-0.175
-4.0640e-04,-0.005,0.145
-4.0480e-04,-0.015,-0.19
-4.0320e-04,0.005,0.16
-4.0160e-04,-0.05,-0.2
-4.0000e-04,-0.05,0.16
-3.9840e-04,0.02,-0.17
-3.9680e-04,-0.05,0.14
-3.9520e-04,0.045,-0.17
-3.9360e-04,0.05,0.15
-3.9200e-04,-0.025,-0.19
-3.9040e-04,0.035,0.165
-3.8880e-04,0.01,-0.205
-3.8720e-04,-0.05,0.175
-3.8560e-04,0.03,-0.165
-3.8400e-04,-0.06,0.14
-3.8240e-04,-0.05,-0.235
-3.8080e-04,-0.155,0.205
-3.7920e-04,0.03,-0.185
-3.7760e-04,-0.065,0.16
-3.7600e-04,-0.045,-0.19
-3.7440e-04,-0.045,0.17
-3.7280e-04,-0.015,-0.19
-3.7120e-04,0.015,0.155
-3.6960e-04,0.125,-0.195
-3.6800e-04,-0.055,0.17
-3.6640e-04,0.01,-0.175
-3.6480e-04,-0.02,0.155
-3.6320e-04,0.08,-0.17
-3.6160e-04,-0.045,0.14
-3.6000e-04,0.03,-0.17
-3.5840e-04,-0.09,0.14
-3.5680e-04,-0.015,-0.16
-3.5520e-04,-0.07,0.14
-3.5360e-04,0.055,-0.175
-3.5200e-04,-0.045,0.145
-3.5040e-04,0.11,-0.175
-3.4880e-04,0.03,0.155
-3.4720e-04,0.02,-0.16
-3.4560e-04,0.005,0.145
-3.4400e-04,-0.09,-0.175
-3.4240e-04,-0.065,0.15
-3.4080e-04,-0.01,-0.215
-3.3920e-04,0.045,0.185
-3.3760e-04,0.05,-0.215
-3.3600e-04,0.035,0.19
-3.3440e-04,-0.02,-0.175
-3.3280e-04,-0.095,0.155
-3.3120e-04,0.08,-0.16
-3.2960e-04,-0.06,0.14
-3.2800e-04,-0.01,-0.175
-3.2640e-04,-0.04,0.155
-3.2480e-04,0.05,-0.17
-3.2320e-04,0.055,0.155
-3.2160e-04,0.035,-0.16
-3.2000e-04,-0.025,0.135
-3.1840e-04,-0.15,-0.155
-3.1680e-04,0.02,0.14
-3.1520e-04,-0.025,-0.195
-3.1360e-04,-0.015,0.165
-3.1200e-04,0.005,-0.155
-3.1040e-04,0.01,0.14
-3.0880e-04,0.045,-0.18
-3.0720e-04,0.09,0.16
-3.0560e-04,0.03,-0.17
-3.0400e-04,-0.015,0.15
-3.0240e-04,0.05,-0.165
-3.0080e-04,-0.08,0.15
-2.9920e-04,-0.06,-0.17
-2.9760e-04,-0.07,0.155
-2.9600e-04,-0.02,-0.16
-2.9440e-04,-0.02,0.14
-2.9280e-04,0.065,-0.19
-2.9120e-04,0.005,0.175
-2.8960e-04,-0.005,-0.17
-2.8800e-04,0.05,0.15
-2.8640e-04,-0.065,-0.185
-2.8480e-04,0.11,0.165
-2.8320e-04,-0.04,-0.21
-2.8160e-04,0.02,0.205
-2.8000e-04,-0.075,-0.2
-2.7840e-04,0.005,0.19
-2.7680e-04,-0.065,-0.175
-2.7520e-04,-0.015,0.16
-2.7360e-04,-0.045,-0.205
-2.7200e-04,-0.015,0.19
-2.7040e-04,0.02,-0.205
-2.6880e-04,0.065,0.185
-2.6720e-04,-0.055,-0.185
-2.6560e-04,-0.095,0.18
-2.6400e-04,-0.05,-0.175
-2.6240e-04,0.005,0.155
-2.6080e-04,-0.025,-0.17
-2.5920e-04,0.015,0.155
-2.5760e-04,-0.1,-0.185
-2.5600e-04,0.025,0.17
-2.5440e-04,0.04,-0.18
-2.5280e-04,-0.06,0.17
-2.5120e-04,0.04,-0.17
-2.4960e-04,-0.07,0.155
-2.4800e-04,0.01,-0.195
-2.4640e-04,-0.015,0.175
-2.4480e-04,-0.095,-0.18
-2.4320e-04,-0.06,0.16
-2.4160e-04,-0.005,-0.175
-2.4000e-04,0.02,0.16
-2.3840e-04,-0.01,-0.165
-2.3680e-04,-0.02,0.145
-2.3520e-04,-0.025,-0.15
-2.3360e-04,-0.08,0.14
-2.3200e-04,-0.02,-0.155
-2.3040e-04,0.005,0.14
-2.2880e-04,-0.01,-0.17
-2.2720e-04,0.115,0.165
-2.2560e-04,0.03,-0.195
-2.2400e-04,0.06,0.175
-2.2240e-04,-0.01,-0.155
-2.2080e-04,-0.005,0.145
-2.1920e-04,-0.12,-0.165
-2.1760e-04,0.04,0.155
-2.1600e-04,0.01,-0.19
-2.1440e-04,0,0.17
-2.1280e-04,0,-0.19
-2.1120e-04,-0.05,0.17
-2.0960e-04,-0.005,-0.15
-2.0800e-04,0.07,0.14
-2.0640e-04,-0.025,-0.17
-2.0480e-04,-0.045,0.155
-2.0320e-04,0.06,-0.175
-2.0160e-04,0.005,0.165
-2.0000e-04,0.02,-0.155
-1.9840e-04,-0.07,0.145
-1.9680e-04,-0.04,-0.16
-1.9520e-04,0.005,0.145
-1.9360e-04,0.03,-0.16
-1.9200e-04,-0.045,0.155
-1.9040e-04,-0.075,-0.15
-1.8880e-04,0.01,0.14
-1.8720e-04,-0.03,-0.15
-1.8560e-04,0.085,0.145
-1.8400e-04,-0.065,-0.15
-1.8240e-04,0.09,0.14
-1.8080e-04,0.02,-0.155
-1.7920e-04,0.055,0.14
-1.7760e-04,-0.005,-0.165
-1.7600e-04,0.01,0.145
-1.7440e-04,0.005,-0.165
-1.7280e-04,0.035,0.16
-1.7120e-04,0,-0.155
-1.6960e-04,0.005,0.145
-1.6800e-04,-0.06,-0.17
-1.6640e-04,0.03,0.155
-1.6480e-04,0.005,-0.155
-1.6320e-04,0.03,0.145
-1.6160e-04,0.025,-0.155
-1.6000e-04,-0.02,0.15
-1.5840e-04,-0.04,-0.165
-1.5680e-04,0,0.16
-1.5520e-04,-0.025,-0.155
-1.5360e-04,-0.07,0.145
-1.5200e-04,0.06,-0.185
-1.5040e-04,-0.035,0.19
-1.4880e-04,0.12,-0.165
-1.4720e-04,-0.055,0.16
-1.4560e-04,-0.02,-0.15
-1.4400e-04,-0.095,0.145
-1.4240e-04,0.035,-0.145
-1.4080e-04,0.03,0.145
-1.3920e-04,-0.045,-0.185
-1.3760e-04,0.075,0.185
-1.3600e-04,0.005,-0.17
-1.3440e-04,0.05,0.175
-1.3280e-04,0.005,-0.15
-1.3120e-04,-0.105,0.155
-1.2960e-04,-0.02,-0.14
-1.2800e-04,0,0.14
-1.2640e-04,0.065,-0.16
-1.2480e-04,-0.025,0.165
-1.2320e-04,0.025,-0.205
-1.2160e-04,0.03,0.205
-1.2000e-04,0.015,-0.19
-1.1840e-04,0,0.185
-1.1680e-04,-0.01,-0.18
-1.1520e-04,-0.03,0.18
-1.1360e-04,0.005,-0.195
-1.1200e-04,0.03,0.19
-1.1040e-04,0,-0.22
-1.0880e-04,0.015,0.215
-1.0720e-04,0.02,-0.17
-1.0560e-04,-0.015,0.175
-1.0400e-04,0.025,-0.16
-1.0240e-04,0.075,0.16
-1.0080e-04,0.015,-0.15
-9.9200e-05,0.01,0.15
-9.7600e-05,0.03,-0.135
-9.6000e-05,-0.06,0.14
-9.4400e-05,-0.065,-0.155
-9.2800e-05,-0.03,0.155
-9.1200e-05,-0.115,-0.15
-8.9600e-05,0.07,0.15
-8.8000e-05,0.05,-0.2
-8.6400e-05,0.045,0.195
-8.4800e-05,-0.085,-0.145
-8.3200e-05,0.055,0.145
-8.1600e-05,0.01,-0.15
-8.0000e-05,0.05,0.155
-7.8400e-05,0.02,-0.155
-7.6800e-05,-0.035,0.16
-7.5200e-05,0.105,-0.145
-7.3600e-05,0.005,0.15
-7.2000e-05,-0.015,-0.15
-7.0400e-05,-0.13,0.155
-6.8800e-05,-0.015,-0.16
-6.7200e-05,-0.025,0.16
-6.5600e-05,0.055,-0.155
-6.4000e-05,0.04,0.155
-6.2400e-05,0.055,-0.14
-6.0800e-05,-0.015,0.14
-5.9200e-05,0,-0.15
-5.7600e-05,-0.04,0.145
-5.6000e-05,-0.095,-0.175
-5.4400e-05,-0.065,0.165
-5.2800e-05,-0.025,-0.175
-5.1200e-05,-0.02,0.18
-4.9600e-05,0.105,-0.165
-4.8000e-05,0.07,0.175
-4.6400e-05,0.04,-0.15
-4.4800e-05,0,0.15
-4.3200e-05,-0.01,-0.14
-4.1600e-05,-0.075,0.145
-4.0000e-05,-0.01,-0.135
-3.8400e-05,-0.055,0.14
-3.6800e-05,-0.015,-0.145
-3.5200e-05,0.115,0.15
-3.3600e-05,0.08,-0.16
-3.2000e-05,0.075,0.16
-3.0400e-05,-0.055,-0.145
-2.8800e-05,0.03,0.15
-2.7200e-05,-0.055,-0.17
-2.5600e-05,0.025,0.165
-2.4000e-05,-0.035,-0.155
-2.2400e-05,-0.03,0.16
-2.0800e-05,0.1,-0.16
-1.9200e-05,0.005,0.165
-1.7600e-05,0.005,-0.145
-1.6000e-05,-0.035,0.155
-1.4400e-05,-0.005,-0.145
-1.2800e-05,-0.04,0.15
-1.1200e-05,0.065,-0.15
-9.6000e-06,0.045,0.155
-8.0000e-06,-0.01,-0.145
-6.4000e-06,0.055,0.15
-4.8000e-06,-0.08,-0.16
-3.2000e-06,0.01,0.16
-1.6000e-06,-0.015,-0.145
5.7467e-14,-0.055,0.15
1.6000e-06,-0.025,-0.14
3.2000e-06,-0.02,0.145
4.8000e-06,0.035,-0.145
6.4000e-06,0.105,0.155
8.0000e-06,0.06,-0.185
9.6000e-06,0.045,0.19
1.1200e-05,-0.015,-0.14
1.2800e-05,0.045,0.145
1.4400e-05,-0.07,-0.15
1.6000e-05,-0.075,0.165
1.7600e-05,-0.025,-0.155
1.9200e-05,0.035,0.16
2.0800e-05,0.07,-0.16
2.2400e-05,0.055,0.175
2.4000e-05,0.04,-0.145
2.5600e-05,0.04,0.155
2.7200e-05,0.08,-0.14
2.8800e-05,0.055,0.15
3.0400e-05,-0.04,-0.14
3.2000e-05,-0.02,0.15
3.3600e-05,-0.09,-0.13
3.5200e-05,-0.055,0.15
3.6800e-05,-0.025,-0.135
3.8400e-05,0.005,0.145
4.0000e-05,0,-0.16
4.1600e-05,0.045,0.175
4.3200e-05,0.065,-0.14
4.4800e-05,0.04,0.16
4.6400e-05,0.105,-0.14
4.8000e-05,0.03,0.155
4.9600e-05,-0.035,-0.135
5.1200e-05,-0.075,0.145
5.2800e-05,0.02,-0.125
5.4400e-05,0.01,0.14
5.6000e-05,-0.005,-0.145
5.7600e-05,0.055,0.16
5.9200e-05,-0.01,-0.165
6.0800e-05,0.08,0.185
6.2400e-05,0.055,-0.155
6.4000e-05,0.005,0.175
6.5600e-05,-0.065,-0.135
6.7200e-05,0,0.155
6.8800e-05,0.045,-0.135
7.0400e-05,-0.025,0.15
7.2000e-05,0.1,-0.16
7.3600e-05,0,0.185
7.5200e-05,0.05,-0.155
7.6800e-05,0.025,0.165
7.8400e-05,-0.02,-0.155
8.0000e-05,-0.09,0.17
8.1600e-05,-0.035,-0.16
8.3200e-05,0.01,0.18
8.4800e-05,-0.035,-0.155
8.6400e-05,-0.015,0.175
8.8000e-05,-0.03,-0.165
8.9600e-05,-0.08,0.185
9.1200e-05,-0.065,-0.135
9.2800e-05,0.06,0.155
9.4400e-05,0.01,-0.15
9.6000e-05,0.025,0.17
9.7600e-05,0.005,-0.14
9.9200e-05,-0.04,0.165
1.0080e-04,0,-0.16
1.0240e-04,-0.03,0.18
1.0400e-04,-0.055,-0.155
1.0560e-04,-0.105,0.175
1.0720e-04,-0.085,-0.15
1.0880e-04,0.005,0.17
1.1040e-04,0.015,-0.135
1.1200e-04,-0.045,0.16
1.1360e-04,0.06,-0.165
1.1520e-04,-0.045,0.185
1.1680e-04,0.12,-0.165
1.1840e-04,0.02,0.185
1.2000e-04,0.02,-0.16
1.2160e-04,-0.005,0.175
1.2320e-04,0.05,-0.145
1.2480e-04,-0.05,0.16
1.2640e-04,0.05,-0.15
1.2800e-04,-0.005,0.165
1.2960e-04,0,-0.15
1.3120e-04,0.065,0.165
1.3280e-04,0.055,-0.135
1.3440e-04,0.065,0.16
1.3600e-04,0.025,-0.14
1.3760e-04,0.01,0.16
1.3920e-04,0.035,-0.145
1.4080e-04,0.02,0.16
1.4240e-04,0.025,-0.175
1.4400e-04,-0.075,0.19
1.4560e-04,-0.08,-0.17
1.4720e-04,0.005,0.19
1.4880e-04,0.02,-0.15
1.5040e-04,-0.015,0.17
1.5200e-04,0.015,-0.14
1.5360e-04,0.02,0.16
1.5520e-04,0.08,-0.14
1.5680e-04,0.105,0.165
1.5840e-04,0.065,-0.135
1.6000e-04,-0.075,0.155
1.6160e-04,0.07,-0.125
1.6320e-04,-0.09,0.15
1.6480e-04,0.055,-0.13
1.6640e-04,0.02,0.155
1.6800e-04,0.02,-0.135
1.6960e-04,0.05,0.16
1.7120e-04,0.015,-0.12
1.7280e-04,0.07,0.145
1.7440e-04,-0.075,-0.17
1.7600e-04,0.005,0.195
1.7760e-04,-0.06,-0.135
1.7920e-04,-0.055,0.15
1.8080e-04,0.06,-0.145
1.8240e-04,-0.03,0.165
1.8400e-04,0.05,-0.16
1.8560e-04,0.04,0.18
1.8720e-04,0.065,-0.15
1.8880e-04,0.03,0.18
1.9040e-04,0,-0.15
1.9200e-04,0.005,0.17
1.9360e-04,0.065,-0.125
1.9520e-04,0.125,0.145
1.9680e-04,-0.015,-0.14
1.9840e-04,-0.005,0.16
2.0000e-04,-0.085,-0.155
2.0160e-04,0.025,0.18
2.0320e-04,-0.015,-0.125
2.0480e-04,0.02,0.155
2.0640e-04,0.03,-0.13
2.0800e-04,-0.02,0.15
2.0960e-04,0.125,-0.155
2.1120e-04,-0.015,0.185
2.1280e-04,-0.045,-0.15
2.1440e-04,-0.07,0.18
2.1600e-04,-0.04,-0.12
2.1760e-04,-0.09,0.15
2.1920e-04,0.1,-0.13
2.2080e-04,0,0.145
2.2240e-04,0.085,-0.125
2.2400e-04,0.06,0.15
2.2560e-04,0.005,-0.135
2.2720e-04,0.005,0.16
2.2880e-04,-0.035,-0.145
2.3040e-04,-0.03,0.185
2.3200e-04,0.04,-0.18
2.3360e-04,0.11,0.2
2.3520e-04,0.045,-0.155
2.3680e-04,0.06,0.18
2.3840e-04,-0.01,-0.145
2.4000e-04,-0.02,0.175
2.4160e-04,0.065,-0.135
2.4320e-04,0.015,0.17
2.4480e-04,0.035,-0.125
2.4640e-04,0.04,0.155
2.4800e-04,0.045,-0.125
2.4960e-04,0.03,0.145
2.5120e-04,0.03,-0.13
2.5280e-04,-0.03,0.16
2.5440e-04,0.035,-0.14
2.5600e-04,0.05,0.17
2.5760e-04,0.04,-0.135
2.5920e-04,0.01,0.165
2.6080e-04,0.045,-0.13
2.6240e-04,0.03,0.155
2.6400e-04,0.06,-0.135
2.6560e-04,0.06,0.165
2.6720e-04,-0.035,-0.14
2.6880e-04,-0.095,0.165
2.7040e-04,0.035,-0.15
2.7200e-04,-0.025,0.175
2.7360e-04,0.12,-0.115
2.7520e-04,-0.015,0.155
2.7680e-04,0.005,-0.125
2.7840e-04,0.04,0.16
2.8000e-04,0.05,-0.11
2.8160e-04,0.085,0.145
2.8320e-04,-0.01,-0.125
2.8480e-04,-0.095,0.16
2.8640e-04,-0.02,-0.15
2.8800e-04,0,0.18
2.8960e-04,0.13,-0.14
2.9120e-04,-0.02,0.18
2.9280e-04,-0.02,-0.15
2.9440e-04,0,0.185
2.9600e-04,0.015,-0.125
2.9760e-04,0.02,0.16
2.9920e-04,0,-0.115
3.0080e-04,0.005,0.15
3.0240e-04,0.03,-0.135
3.0400e-04,0.105,0.17
3.0560e-04,0.01,-0.12
3.0720e-04,0.01,0.155
3.0880e-04,-0.04,-0.125
3.1040e-04,0.025,0.155
3.1200e-04,0.07,-0.11
3.1360e-04,0.065,0.155
3.1520e-04,0.005,-0.155
3.1680e-04,0.035,0.2
3.1840e-04,-0.05,-0.115
3.2000e-04,-0.005,0.155
3.2160e-04,0,-0.145
3.2320e-04,-0.005,0.19
3.2480e-04,0.02,-0.12
3.2640e-04,0.02,0.16
3.2800e-04,0.02,-0.11
3.2960e-04,0.105,0.15
3.3120e-04,-0.055,-0.14
3.3280e-04,0.035,0.19
3.3440e-04,-0.015,-0.155
3.3600e-04,-0.01,0.195
3.3760e-04,0.035,-0.125
3.3920e-04,-0.03,0.16
3.4080e-04,0.07,-0.125
3.4240e-04,0.045,0.16
3.4400e-04,0.05,-0.135
3.4560e-04,-0.01,0.165
3.4720e-04,0.005,-0.135
3.4880e-04,-0.04,0.175
3.5040e-04,0.045,-0.12
3.5200e-04,-0.025,0.165
3.5360e-04,-0.015,-0.125
3.5520e-04,0.01,0.17
3.5680e-04,0.02,-0.155
3.5840e-04,0.02,0.19
3.6000e-04,-0.005,-0.145
3.6160e-04,-0.075,0.185
3.6320e-04,-0.045,-0.14
3.6480e-04,-0.035,0.17
3.6640e-04,0.005,-0.135
3.6800e-04,0,0.185
3.6960e-04,0.03,-0.16
3.7120e-04,0,0.195
3.7280e-04,0.095,-0.14
3.7440e-04,0.07,0.18
3.7600e-04,0.09,-0.12
3.7760e-04,0.07,0.16
3.7920e-04,-0.01,-0.115
3.8080e-04,0.02,0.155
3.8240e-04,0.05,-0.11
3.8400e-04,-0.055,0.145
3.8560e-04,-0.025,-0.135
3.8720e-04,-0.05,0.18
3.8880e-04,-0.005,-0.13
3.9040e-04,0.075,0.17
3.9200e-04,-0.025,-0.13
3.9360e-04,0.075,0.16
3.9520e-04,0.03,-0.11
3.9680e-04,0.055,0.155
3.9840e-04,0.02,-0.135
4.0000e-04,0.005,0.17
4.0160e-04,0.045,-0.12
4.0320e-04,0.1,0.155
4.0480e-04,0.04,-0.135
4.0640e-04,0.02,0.18
4.0800e-04,-0.01,-0.115
4.0960e-04,-0.07,0.16
4.1120e-04,0.055,-0.12
4.1280e-04,0.045,0.155
4.1440e-04,0.08,-0.12
4.1600e-04,0.085,0.16
4.1760e-04,0.01,-0.125
4.1920e-04,-0.01,0.16
4.2080e-04,0.03,-0.115
4.2240e-04,-0.04,0.155
4.2400e-04,-0.055,-0.14
4.2560e-04,-0.01,0.185
4.2720e-04,0.01,-0.16
4.2880e-04,0.07,0.2
4.3040e-04,0.06,-0.15
4.3200e-04,-0.005,0.19
4.3360e-04,0.015,-0.165
4.3520e-04,0.065,0.21
4.3680e-04,-0.035,-0.115
4.3840e-04,0.005,0.16
4.4000e-04,-0.105,-0.105
4.4160e-04,0.085,0.155
4.4320e-04,0.085,-0.115
4.4480e-04,0.065,0.16
4.4640e-04,0.03,-0.125
4.4800e-04,0.005,0.17
4.4960e-04,0.01,-0.115
4.5120e-04,-0.01,0.165
4.5280e-04,-0.07,-0.11
4.5440e-04,-0.045,0.155
4.5600e-04,0.03,-0.13
4.5760e-04,0.01,0.175
4.5920e-04,0.115,-0.11
4.6080e-04,0.025,0.16
4.6240e-04,0.085,-0.105
4.6400e-04,-0.055,0.155
4.6560e-04,0.075,-0.11
4.6720e-04,-0.01,0.165
4.6880e-04,0.075,-0.115
4.7040e-04,-0.015,0.165
4.7200e-04,-0.01,-0.11
4.7360e-04,0.1,0.165
4.7520e-04,0.005,-0.115
4.7680e-04,0.085,0.17
4.7840e-04,-0.005,-0.16
4.8000e-04,0.015,0.205
4.8160e-04,0.14,-0.125
4.8320e-04,0.045,0.18
4.8480e-04,0.035,-0.12
4.8640e-04,-0.025,0.175
4.8800e-04,-0.06,-0.12
4.8960e-04,0.04,0.18
4.9120e-04,-0.03,-0.125
4.9280e-04,0.015,0.18
4.9440e-04,0.005,-0.12
4.9600e-04,0.095,0.18
4.9760e-04,0.07,-0.155
4.9920e-04,-0.015,0.22
5.0080e-04,-0.02,-0.13
5.0240e-04,-0.015,0.195
5.0400e-04,0,-0.13
5.0560e-04,0.01,0.19
5.0720e-04,0.08,-0.12
5.0880e-04,-0.02,0.185
5.1040e-04,0.09,-0.12
5.1200e-04,0.03,0.175
5.1360e-04,0.045,-0.15
5.1520e-04,0.01,0.2
5.1680e-04,0.05,-0.135
5.1840e-04,-0.035,0.195
5.2000e-04,0.06,-0.11
5.2160e-04,0,0.17
5.2320e-04,0.05,-0.115
5.2480e-04,0.02,0.17
5.2640e-04,0.025,-0.105
5.2800e-04,0.08,0.165
5.2960e-04,0.09,-0.105
5.3120e-04,0.035,0.165
5.3280e-04,-0.005,-0.125
5.3440e-04,-0.025,0.175
5.3600e-04,0.08,-0.12
5.3760e-04,-0.005,0.175
5.3920e-04,-0.025,-0.125
5.4080e-04,-0.06,0.185
5.4240e-04,0.04,-0.11
5.4400e-04,0.1,0.165
5.4560e-04,0.04,-0.1
5.4720e-04,-0.005,0.155
5.4880e-04,0,-0.095
5.5040e-04,0.085,0.155
5.5200e-04,0.075,-0.115
5.5360e-04,0.04,0.17
5.5520e-04,-0.075,-0.11
5.5680e-04,0.02,0.16
5.5840e-04,-0.015,-0.105
5.6000e-04,0.15,0.155
5.6160e-04,0.03,-0.105
5.6320e-04,0.045,0.16
5.6480e-04,0.035,-0.125
5.6640e-04,0.01,0.18
5.6800e-04,-0.005,-0.125
5.6960e-04,0.095,0.18
5.7120e-04,-0.07,-0.135
5.7280e-04,0.085,0.195
5.7440e-04,-0.025,-0.105
5.7600e-04,0.065,0.16
5.7760e-04,0.055,-0.105
5.7920e-04,-0.01,0.155
5.8080e-04,-0.015,-0.1
5.8240e-04,0.04,0.145
5.8400e-04,0.045,-0.115
5.8560e-04,0.08,0.17
5.8720e-04,0.005,-0.12
5.8880e-04,-0.035,0.185
5.9040e-04,-0.005,-0.145
5.9200e-04,-0.02,0.195
5.9360e-04,0.02,-0.14
5.9520e-04,-0.05,0.195
5.9680e-04,0.01,-0.13
5.9840e-04,0.04,0.185
6.0000e-04,0.03,-0.145
6.0160e-04,0.005,0.195
6.0320e-04,0.055,-0.14
6.0480e-04,0.035,0.2
6.0640e-04,0.105,-0.12
6.0800e-04,0.08,0.17
6.0960e-04,0.08,-0.14
6.1120e-04,-0.03,0.19
6.1280e-04,0.025,-0.105
6.1440e-04,-0.035,0.16
6.1600e-04,0.07,-0.125
6.1760e-04,0.04,0.185
6.1920e-04,0.03,-0.125
6.2080e-04,0.05,0.185
6.2240e-04,-0.025,-0.135
6.2400e-04,0.08,0.195
6.2560e-04,0.05,-0.135
6.2720e-04,0.04,0.195
6.2880e-04,0.015,-0.17
6.3040e-04,0.005,0.23
6.3200e-04,0.115,-0.125
6.3360e-04,0.045,0.185
6.3520e-04,-0.01,-0.115
6.3680e-04,0.01,0.18
6.3840e-04,-0.035,-0.125
6.4000e-04,0.025,0.185
6.4160e-04,-0.03,-0.11
6.4320e-04,-0.02,0.175
6.4480e-04,0.03,-0.145
6.4640e-04,0.03,0.205
6.4800e-04,0.065,-0.115
6.4960e-04,0.07,0.18
6.5120e-04,0.01,-0.11
6.5280e-04,0.01,0.175
6.5440e-04,0.015,-0.14
6.5600e-04,-0.015,0.205
6.5760e-04,0.12,-0.105
6.5920e-04,0.02,0.175
6.6080e-04,0.095,-0.115
6.6240e-04,0.075,0.19
6.6400e-04,0.14,-0.105
6.6560e-04,0.05,0.17
6.6720e-04,0.045,-0.105
6.6880e-04,-0.035,0.175
6.7040e-04,0.075,-0.12
6.7200e-04,0.055,0.195
6.7360e-04,0.085,-0.11
6.7520e-04,0.025,0.18
6.7680e-04,-0.01,-0.11
6.7840e-04,-0.02,0.18
6.8000e-04,-0.02,-0.1
6.8160e-04,-0.035,0.175
6.8320e-04,0.01,-0.125
6.8480e-04,-0.03,0.19
6.8640e-04,0.085,-0.1
6.8800e-04,0.045,0.17
6.8960e-04,0.09,-0.115
6.9120e-04,0.105,0.185
6.9280e-04,0.015,-0.135
6.9440e-04,0.055,0.21
6.9600e-04,0.02,-0.13
6.9760e-04,0.055,0.2
6.9920e-04,0.06,-0.11
7.0080e-04,-0.015,0.185
7.0240e-04,0.035,-0.115
7.0400e-04,0.005,0.185
7.0560e-04,0.075,-0.105
7.0720e-04,0.04,0.18
7.0880e-04,0.015,-0.095
7.1040e-04,0.13,0.165
7.1200e-04,0.06,-0.12
7.1360e-04,0.055,0.185
7.1520e-04,0.01,-0.12
7.1680e-04,-0.02,0.19
7.1840e-04,0.075,-0.105
7.2000e-04,0.075,0.175
7.2160e-04,0.035,-0.11
7.2320e-04,0.06,0.18
7.2480e-04,0.03,-0.125
7.2640e-04,0,0.2
7.2800e-04,0.025,-0.145
7.2960e-04,0,0.22
7.3120e-04,0.065,-0.135
7.3280e-04,0.015,0.2
7.3440e-04,-0.015,-0.14
7.3600e-04,0.02,0.22
7.3760e-04,-0.01,-0.11
7.3920e-04,0.12,0.18
7.4080e-04,0.07,-0.105
7.4240e-04,0.04,0.175
7.4400e-04,0.13,-0.105
7.4560e-04,0.07,0.185
7.4720e-04,0.09,-0.125
7.4880e-04,0.01,0.2
7.5040e-04,0.04,-0.135
7.5200e-04,0.075,0.205
7.5360e-04,0.065,-0.105
7.5520e-04,0.055,0.175
7.5680e-04,0.01,-0.125
7.5840e-04,0.025,0.2
7.6000e-04,0.145,-0.105
7.6160e-04,0.06,0.175
7.6320e-04,0.13,-0.11
7.6480e-04,0.005,0.185
7.6640e-04,0.025,-0.12
7.6800e-04,0.02,0.195
7.6960e-04,0.005,-0.105
7.7120e-04,0.035,0.175
7.7280e-04,0.035,-0.11
7.7440e-04,0.065,0.175
7.7600e-04,0.09,-0.125
7.7760e-04,-0.01,0.19
7.7920e-04,0.04,-0.115
7.8080e-04,-0.07,0.185
7.8240e-04,0.025,-0.13
7.8400e-04,0.005,0.2
7.8560e-04,0.07,-0.1
7.8720e-04,0.145,0.17
7.8880e-04,0.05,-0.11
7.9040e-04,0.02,0.18
7.9200e-04,0.01,-0.1
7.9360e-04,0.02,0.175
7.9520e-04,0.01,-0.12
7.9680e-04,-0.04,0.19
7.9840e-04,-0.015,-0.14
8.0000e-04,0.035,0.21
8.0160e-04,0.07,-0.115
8.0320e-04,0.025,0.19
8.0480e-04,0.005,-0.105
8.0640e-04,-0.005,0.175
8.0800e-04,0.11,-0.12
8.0960e-04,0.09,0.195
8.1120e-04,0.075,-0.145
8.1280e-04,-0.045,0.22
8.1440e-04,-0.005,-0.11
8.1600e-04,-0.01,0.19
8.1760e-04,0.035,-0.1
8.1920e-04,0.03,0.17
8.2080e-04,-0.035,-0.11
8.2240e-04,-0.005,0.19
8.2400e-04,-0.015,-0.11
8.2560e-04,0.025,0.19
8.2720e-04,0.065,-0.13
8.2880e-04,0.04,0.195
8.3040e-04,-0.015,-0.095
8.3200e-04,0.065,0.175
8.3360e-04,0.045,-0.1
8.3520e-04,0.08,0.165
8.3680e-04,0.015,-0.095
8.3840e-04,0.01,0.175
8.4000e-04,0.055,-0.115
8.4160e-04,0.055,0.205
8.4320e-04,0.01,-0.1
8.4480e-04,0.005,0.175
8.4640e-04,0,-0.095
8.4800e-04,0.06,0.175
8.4960e-04,0.035,-0.095
8.5120e-04,0.05,0.17
8.5280e-04,-0.05,-0.11
8.5440e-04,0.055,0.185
8.5600e-04,0.03,-0.105
8.5760e-04,0.105,0.175
8.5920e-04,0.065,-0.11
8.6080e-04,-0.035,0.195
8.6240e-04,0.025,-0.125
8.6400e-04,-0.015,0.205
8.6560e-04,0.035,-0.115
8.6720e-04,0.045,0.195
8.6880e-04,0.02,-0.135
8.7040e-04,-0.02,0.22
8.7200e-04,0.075,-0.1
8.7360e-04,0.085,0.185
8.7520e-04,0.09,-0.105
8.7680e-04,0.04,0.185
8.7840e-04,-0.02,-0.1
8.8000e-04,0.05,0.185
8.8160e-04,0.04,-0.09
8.8320e-04,0.085,0.175
8.8480e-04,0,-0.105
8.8640e-04,0.07,0.195
8.8800e-04,0.06,-0.105
8.8960e-04,0.07,0.195
8.9120e-04,-0.025,-0.1
8.9280e-04,0.02,0.19
8.9440e-04,-0.01,-0.125
8.9600e-04,0.11,0.205
8.9760e-04,0.075,-0.09
8.9920e-04,0.06,0.17
9.0080e-04,0.025,-0.105
9.0240e-04,0.01,0.195
9.0400e-04,0.05,-0.11
9.0560e-04,0.06,0.195
9.0720e-04,0.105,-0.1
9.0880e-04,0,0.18
9.1040e-04,-0.045,-0.115
9.1200e-04,0.01,0.205
9.1360e-04,0.045,-0.12
9.1520e-04,0.06,0.21
9.1680e-04,0.045,-0.115
9.1840e-04,-0.04,0.21
9.2000e-04,0.105,-0.115
9.2160e-04,0.11,0.205
9.2320e-04,0.13,-0.105
9.2480e-04,0.04,0.19
9.2640e-04,0.065,-0.125
9.2800e-04,0.105,0.22
9.2960e-04,0.13,-0.125
9.3120e-04,0.05,0.21
9.3280e-04,0.03,-0.095
9.3440e-04,-0.015,0.18
9.3600e-04,0.03,-0.095
9.3760e-04,0.035,0.185
9.3920e-04,0.04,-0.085
9.4080e-04,0.02,0.18
9.4240e-04,0.025,-0.11
9.4400e-04,0.05,0.2
9.4560e-04,0.105,-0.095
9.4720e-04,0.175,0.18
9.4880e-04,0.03,-0.1
9.5040e-04,0.135,0.19
9.5200e-04,-0.015,-0.085
9.5360e-04,0.12,0.185
9.5520e-04,0.1,-0.1
9.5680e-04,0.015,0.2
9.5840e-04,-0.015,-0.1
9.6000e-04,-0.045,0.185
9.6160e-04,0.05,-0.135
9.6320e-04,0.065,0.22
9.6480e-04,-0.03,-0.135
9.6640e-04,0.08,0.225
9.6800e-04,0.015,-0.12
9.6960e-04,0.095,0.215
9.7120e-04,0.005,-0.09
9.7280e-04,-0.035,0.18
9.7440e-04,0,-0.09
9.7600e-04,0.04,0.18
9.7760e-04,0.03,-0.095
9.7920e-04,0.04,0.18
9.8080e-04,0.07,-0.12
9.8240e-04,0.06,0.21
9.8400e-04,0.13,-0.11
9.8560e-04,0,0.2
9.8720e-04,0.085,-0.11
9.8880e-04,0,0.2
9.9040e-04,0.055,-0.105
9.9200e-04,0.06,0.195
9.9360e-04,0.02,-0.08
9.9520e-04,0.07,0.175
9.9680e-04,0.055,-0.1
9.9840e-04,0.1,0.195
1.0000e-03,0.065,-0.095
1.0016e-03,0.105,0.185
1.0032e-03,-0.015,-0.1
1.0048e-03,0.05,0.19
1.0064e-03,0.02,-0.105
1.0080e-03,0.045,0.2
1.0096e-03,0.105,-0.11
1.0112e-03,0.015,0.195
1.0128e-03,0.035,-0.115
1.0144e-03,0.06,0.205
1.0160e-03,0.02,-0.11
1.0176e-03,0.095,0.2
1.0192e-03,0.01,-0.135
1.0208e-03,0.065,0.22
1.0224e-03,0.115,-0.135
1.0240e-03,0.035,0.225
1.0256e-03,-0.015,-0.115
1.0272e-03,0.03,0.21
1.0288e-03,0.02,-0.14
1.0304e-03,0.13,0.24
1.0320e-03,-0.015,-0.115
1.0336e-03,0.02,0.21
1.0352e-03,0.045,-0.105
1.0368e-03,0.065,0.195
1.0384e-03,0.105,-0.11
1.0400e-03,0.02,0.21
1.0416e-03,0.035,-0.09
1.0432e-03,0.015,0.185
1.0448e-03,0.1,-0.095
1.0464e-03,0.12,0.185
1.0480e-03,0.075,-0.09
1.0496e-03,0.11,0.18
1.0512e-03,0.02,-0.105
1.0528e-03,0.07,0.195
1.0544e-03,0.015,-0.08
1.0560e-03,0.01,0.18
1.0576e-03,0.05,-0.09
1.0592e-03,-0.025,0.185
1.0608e-03,0.065,-0.105
1.0624e-03,0.05,0.195
1.0640e-03,0.025,-0.125
1.0656e-03,-0.055,0.215
1.0672e-03,0.025,-0.09
1.0688e-03,0.01,0.19
1.0704e-03,0.13,-0.1
1.0720e-03,0.045,0.19
1.0736e-03,0.03,-0.09
1.0752e-03,0.065,0.18
1.0768e-03,0.14,-0.125
1.0784e-03,0.095,0.22
1.0800e-03,0.035,-0.1
1.0816e-03,0.045,0.195
1.0832e-03,0.055,-0.11
1.0848e-03,0.02,0.21
1.0864e-03,0.135,-0.095
1.0880e-03,-0.03,0.19
1.0896e-03,0.09,-0.115
1.0912e-03,0.05,0.22
1.0928e-03,0.05,-0.11
1.0944e-03,0.09,0.21
1.0960e-03,0.105,-0.09
1.0976e-03,0.055,0.19
1.0992e-03,0.085,-0.115
1.1008e-03,0.095,0.21
1.1024e-03,0.055,-0.115
1.1040e-03,0.09,0.215
1.1056e-03,0.085,-0.085
1.1072e-03,0.01,0.19
1.1088e-03,0.05,-0.1
1.1104e-03,-0.015,0.205
1.1120e-03,0.01,-0.135
1.1136e-03,0.005,0.235
1.1152e-03,-0.005,-0.125
1.1168e-03,0.035,0.225
1.1184e-03,0.05,-0.085
1.1200e-03,0.01,0.185
1.1216e-03,0,-0.105
1.1232e-03,0.105,0.215
1.1248e-03,0.03,-0.105
1.1264e-03,0.055,0.21
1.1280e-03,0.08,-0.09
1.1296e-03,0.035,0.19
1.1312e-03,0.14,-0.085
1.1328e-03,0.04,0.19
1.1344e-03,0.05,-0.095
1.1360e-03,0.04,0.205
1.1376e-03,0.03,-0.095
1.1392e-03,0.03,0.2
1.1408e-03,-0.005,-0.1
1.1424e-03,0.045,0.2
1.1440e-03,-0.025,-0.095
1.1456e-03,0.075,0.19
1.1472e-03,0.07,-0.08
1.1488e-03,0.015,0.185
1.1504e-03,0.08,-0.105
1.1520e-03,0.045,0.205
1.1536e-03,0.055,-0.09
1.1552e-03,0.055,0.205
1.1568e-03,0.09,-0.09
1.1584e-03,0.06,0.19
1.1600e-03,0.06,-0.11
1.1616e-03,0.005,0.21
1.1632e-03,0.065,-0.105
1.1648e-03,0.14,0.205
1.1664e-03,0.14,-0.09
1.1680e-03,-0.005,0.195
1.1696e-03,0.125,-0.095
1.1712e-03,-0.01,0.2
1.1728e-03,0.22,-0.075
1.1744e-03,0.06,0.185
1.1760e-03,0.08,-0.115
1.1776e-03,0.07,0.22
1.1792e-03,0.05,-0.09
1.1808e-03,0.05,0.2
1.1824e-03,0.145,-0.085
1.1840e-03,-0.01,0.195
1.1856e-03,0.065,-0.11
1.1872e-03,-0.02,0.22
1.1888e-03,0.06,-0.095
1.1904e-03,0.005,0.205
1.1920e-03,-0.025,-0.095
1.1936e-03,-0.015,0.2
1.1952e-03,0.045,-0.095
1.1968e-03,0.115,0.205
1.1984e-03,0.015,-0.09
1.2000e-03,0.04,0.205
1.2016e-03,0.06,-0.085
1.2032e-03,0.055,0.195
1.2048e-03,0.17,-0.105
1.2064e-03,0.08,0.21
1.2080e-03,0.125,-0.08
1.2096e-03,0.08,0.2
1.2112e-03,0.055,-0.12
1.2128e-03,0.08,0.23
1.2144e-03,0.09,-0.095
1.2160e-03,0,0.2
1.2176e-03,0.035,-0.085
1.2192e-03,-0.075,0.195
1.2208e-03,0.045,-0.08
1.2224e-03,0.085,0.195
1.2240e-03,0.025,-0.105
1.2256e-03,-0.01,0.21
1.2272e-03,-0.02,-0.1
1.2288e-03,0.07,0.215
1.2304e-03,0.07,-0.12
1.2320e-03,0.055,0.235
1.2336e-03,-0.11,-0.09
1.2352e-03,0.035,0.2
1.2368e-03,0.07,-0.11
1.2384e-03,0.06,0.22
1.2400e-03,0.08,-0.085
1.2416e-03,0.02,0.195
1.2432e-03,0.05,-0.075
1.2448e-03,0.11,0.185
1.2464e-03,0.11,-0.095
1.2480e-03,0.125,0.2
1.2496e-03,0.045,-0.075
1.2512e-03,0.05,0.185
1.2528e-03,0.005,-0.085
1.2544e-03,0.065,0.195
1.2560e-03,0.075,-0.075
1.2576e-03,0.005,0.19
1.2592e-03,0.03,-0.095
1.2608e-03,-0.03,0.21
1.2624e-03,0.065,-0.09
1.2640e-03,0.1,0.205
1.2656e-03,0.005,-0.095
1.2672e-03,0.06,0.205
1.2688e-03,-0.055,-0.08
1.2704e-03,0.105,0.195
1.2720e-03,0.085,-0.095
1.2736e-03,-0.005,0.205
1.2752e-03,0.045,-0.08
1.2768e-03,-0.025,0.195
1.2784e-03,0.065,-0.08
1.2800e-03,0.055,0.205
1.2816e-03,-0.03,-0.11
1.2832e-03,0.015,0.23
1.2848e-03,0.03,-0.09
1.2864e-03,0.1,0.205
1.2880e-03,0.105,-0.125
1.2896e-03,0.045,0.235
1.2912e-03,0.105,-0.115
1.2928e-03,0.055,0.23
1.2944e-03,0.105,-0.09
1.2960e-03,0.13,0.205
1.2976e-03,0.08,-0.09
1.2992e-03,0.055,0.21
1.3008e-03,0.005,-0.085
1.3024e-03,0.045,0.205
1.3040e-03,0.105,-0.095
1.3056e-03,0.045,0.21
1.3072e-03,0.04,-0.105
1.3088e-03,-0.01,0.22
1.3104e-03,0.04,-0.085
1.3120e-03,0.055,0.195
1.3136e-03,0.04,-0.08
1.3152e-03,-0.005,0.195
1.3168e-03,0.065,-0.115
1.3184e-03,0.025,0.225
1.3200e-03,0.065,-0.105
1.3216e-03,0.04,0.22
1.3232e-03,0.095,-0.09
1.3248e-03,0.11,0.21
1.3264e-03,0.08,-0.09
1.3280e-03,0.095,0.205
1.3296e-03,0.06,-0.115
1.3312e-03,0.1,0.22
1.3328e-03,0.06,-0.09
1.3344e-03,0.07,0.215
1.3360e-03,0.08,-0.09
1.3376e-03,0.08,0.205
1.3392e-03,0.04,-0.105
1.3408e-03,0.06,0.23
1.3424e-03,0.065,-0.095
1.3440e-03,0.105,0.21
1.3456e-03,0.06,-0.09
1.3472e-03,-0.015,0.21
1.3488e-03,0.035,-0.13
1.3504e-03,0.015,0.235
1.3520e-03,0.11,-0.09
1.3536e-03,0.005,0.195
1.3552e-03,-0.01,-0.08
1.3568e-03,0,0.195
1.3584e-03,0.045,-0.085
1.3600e-03,0.095,0.2
1.3616e-03,0.14,-0.09
1.3632e-03,0.015,0.21
1.3648e-03,0.08,-0.11
1.3664e-03,0.02,0.225
1.3680e-03,0.02,-0.14
1.3696e-03,0.005,0.25
1.3712e-03,0.075,-0.095
1.3728e-03,0.07,0.215
1.3744e-03,0.08,-0.095
1.3760e-03,0.035,0.21
1.3776e-03,0.1,-0.095
1.3792e-03,0.105,0.215
1.3808e-03,0.085,-0.07
1.3824e-03,0.04,0.2
1.3840e-03,0.09,-0.115
1.3856e-03,0.115,0.225
1.3872e-03,0.135,-0.08
1.3888e-03,0.15,0.2
1.3904e-03,0.075,-0.105
1.3920e-03,0.125,0.225
1.3936e-03,0.13,-0.09
1.3952e-03,0.075,0.21
1.3968e-03,-0.015,-0.115
1.3984e-03,0.02,0.24
1.4000e-03,0.01,-0.095
1.4016e-03,0.11,0.21
1.4032e-03,0.06,-0.105
1.4048e-03,0.035,0.235
1.4064e-03,0.05,-0.07
1.4080e-03,0.02,0.195
1.4096e-03,0.01,-0.07
1.4112e-03,0.09,0.195
1.4128e-03,0.085,-0.105
1.4144e-03,0.035,0.225
1.4160e-03,0.07,-0.08
1.4176e-03,-0.045,0.205
1.4192e-03,0.13,-0.105
1.4208e-03,0.14,0.23
1.4224e-03,0.105,-0.08
1.4240e-03,0.095,0.2
1.4256e-03,0.015,-0.07
1.4272e-03,0.1,0.195
1.4288e-03,0.035,-0.06
1.4304e-03,0.13,0.195
1.4320e-03,0.045,-0.11
1.4336e-03,0.09,0.235
1.4352e-03,0.07,-0.09
1.4368e-03,0.03,0.21
1.4384e-03,0.085,-0.08
1.4400e-03,0.08,0.205
1.4416e-03,0.01,-0.09
1.4432e-03,0.03,0.21
1.4448e-03,0.065,-0.055
1.4464e-03,0.04,0.19
1.4480e-03,0.025,-0.06
1.4496e-03,-0.03,0.195
1.4512e-03,0.025,-0.09
1.4528e-03,0.11,0.215
1.4544e-03,0.05,-0.075
1.4560e-03,0.07,0.2
1.4576e-03,0.065,-0.1
1.4592e-03,0.12,0.23
1.4608e-03,0.14,-0.08
1.4624e-03,0.13,0.215
1.4640e-03,0.155,-0.07
1.4656e-03,0.125,0.2
1.4672e-03,0.04,-0.105
1.4688e-03,0.045,0.225
1.4704e-03,0.055,-0.08
1.4720e-03,0.075,0.205
1.4736e-03,0.115,-0.08
1.4752e-03,0.08,0.21
1.4768e-03,0.1,-0.08
1.4784e-03,0.075,0.21
1.4800e-03,0.185,-0.075
1.4816e-03,0.055,0.2
1.4832e-03,0.08,-0.065
1.4848e-03,0.035,0.2
1.4864e-03,0.06,-0.065
1.4880e-03,0.13,0.205
1.4896e-03,0.095,-0.085
1.4912e-03,0.055,0.21
1.4928e-03,0.065,-0.075
1.4944e-03,0.055,0.215
1.4960e-03,0.02,-0.085
1.4976e-03,0.07,0.225
1.4992e-03,0.08,-0.085
1.5008e-03,0.06,0.215
1.5024e-03,0.05,-0.1
1.5040e-03,0.02,0.23
1.5056e-03,0.09,-0.095
1.5072e-03,0.1,0.225
1.5088e-03,0.07,-0.075
1.5104e-03,0.035,0.21
1.5120e-03,0.09,-0.07
1.5136e-03,0.14,0.205
1.5152e-03,0.155,-0.075
1.5168e-03,0.045,0.21
1.5184e-03,0.1,-0.08
1.5200e-03,0.03,0.205
1.5216e-03,0.12,-0.065
1.5232e-03,0.12,0.205
1.5248e-03,0.1,-0.085
1.5264e-03,0.02,0.225
1.5280e-03,0.055,-0.065
1.5296e-03,-0.02,0.195
1.5312e-03,0.045,-0.08
1.5328e-03,0,0.21
1.5344e-03,0.07,-0.095
1.5360e-03,0.01,0.225
1.5376e-03,0.06,-0.09
1.5392e-03,0.035,0.23
1.5408e-03,0.045,-0.09
1.5424e-03,0.045,0.23
1.5440e-03,-0.03,-0.085
1.5456e-03,0.055,0.22
1.5472e-03,0.09,-0.08
1.5488e-03,0.135,0.22
1.5504e-03,-0.035,-0.095
1.5520e-03,-0.045,0.235
1.5536e-03,0.085,-0.075
1.5552e-03,0.055,0.22
1.5568e-03,0.135,-0.085
1.5584e-03,0.055,0.22
1.5600e-03,0.025,-0.095
1.5616e-03,0.16,0.235
1.5632e-03,0.025,-0.065
1.5648e-03,0.17,0.21
1.5664e-03,0.015,-0.085
1.5680e-03,0.13,0.215
1.5696e-03,0.07,-0.09
1.5712e-03,0.065,0.225
1.5728e-03,0.065,-0.065
1.5744e-03,0.045,0.2
1.5760e-03,0.08,-0.075
1.5776e-03,0.02,0.2
1.5792e-03,0.07,-0.085
1.5808e-03,0.125,0.21
1.5824e-03,0.02,-0.08
1.5840e-03,0.045,0.215
1.5856e-03,-0.02,-0.06
1.5872e-03,0.035,0.2
1.5888e-03,0.105,-0.07
1.5904e-03,0.04,0.21
1.5920e-03,0.065,-0.07
1.5936e-03,0.08,0.205
1.5952e-03,0.07,-0.085
1.5968e-03,0.145,0.225
1.5984e-03,-0.03,-0.09
1.6000e-03,0.085,0.22
1.6016e-03,0.1,-0.105
1.6032e-03,0.09,0.24
1.6048e-03,0.095,-0.085
1.6064e-03,0.045,0.22
1.6080e-03,-0.02,-0.08
1.6096e-03,0.05,0.21
1.6112e-03,0.015,-0.115
1.6128e-03,0.065,0.245
1.6144e-03,0.025,-0.09
1.6160e-03,0.015,0.225
1.6176e-03,-0.005,-0.095
1.6192e-03,0,0.23
1.6208e-03,0.055,-0.075
1.6224e-03,0.07,0.21
1.6240e-03,0.07,-0.09
1.6256e-03,0.055,0.215
1.6272e-03,0.075,-0.065
1.6288e-03,0.13,0.205
1.6304e-03,0.04,-0.085
1.6320e-03,0.08,0.225
1.6336e-03,0,-0.07
1.6352e-03,0.085,0.205
1.6368e-03,0.025,-0.07
1.6384e-03,0.035,0.215
1.6400e-03,-0.04,-0.075
1.6416e-03,-0.005,0.21
1.6432e-03,0.075,-0.07
1.6448e-03,0.135,0.21
1.6464e-03,0.08,-0.07
1.6480e-03,0.075,0.21
1.6496e-03,0.005,-0.09
1.6512e-03,0.11,0.23
1.6528e-03,0.085,-0.085
1.6544e-03,0.11,0.225
1.6560e-03,0.08,-0.075
1.6576e-03,0.135,0.215
1.6592e-03,0.055,-0.11
1.6608e-03,0.145,0.255
1.6624e-03,0.08,-0.07
1.6640e-03,0.085,0.205
1.6656e-03,0.035,-0.08
1.6672e-03,0.01,0.22
1.6688e-03,0.08,-0.06
1.6704e-03,0.005,0.21
1.6720e-03,0.015,-0.07
1.6736e-03,0.005,0.21
1.6752e-03,0.02,-0.075
1.6768e-03,0.1,0.215
1.6784e-03,0.07,-0.075
1.6800e-03,0.03,0.22
1.6816e-03,0.05,-0.06
1.6832e-03,0.135,0.205
1.6848e-03,0.115,-0.07
1.6864e-03,0.14,0.22
1.6880e-03,0.095,-0.09
1.6896e-03,0.1,0.23
1.6912e-03,0.125,-0.08
1.6928e-03,0.12,0.22
1.6944e-03,0.125,-0.065
1.6960e-03,0.07,0.215
1.6976e-03,0.055,-0.075
1.6992e-03,0.05,0.22
1.7008e-03,0.06,-0.1
1.7024e-03,0.095,0.255
1.7040e-03,0.05,-0.085
1.7056e-03,0.035,0.225
1.7072e-03,0.055,-0.065
1.7088e-03,0.12,0.22
1.7104e-03,0.105,-0.07
1.7120e-03,0.04,0.215
1.7136e-03,-0.02,-0.065
1.7152e-03,0.035,0.215
1.7168e-03,0.06,-0.075
1.7184e-03,0.13,0.22
1.7200e-03,0.04,-0.075
1.7216e-03,0.135,0.215
1.7232e-03,0.02,-0.07
1.7248e-03,0.11,0.23
1.7264e-03,0.07,-0.075
1.7280e-03,0.02,0.22
1.7296e-03,0.09,-0.095
1.7312e-03,-0.005,0.235
1.7328e-03,0.095,-0.065
1.7344e-03,0.04,0.215
1.7360e-03,0.095,-0.1
1.7376e-03,0.04,0.25
1.7392e-03,0.075,-0.08
1.7408e-03,-0.01,0.23
1.7424e-03,0.085,-0.085
1.7440e-03,0.035,0.235
1.7456e-03,0.13,-0.08
1.7472e-03,0.035,0.225
1.7488e-03,0.085,-0.105
1.7504e-03,0.085,0.255
1.7520e-03,0.03,-0.075
1.7536e-03,0.035,0.225
1.7552e-03,0.015,-0.1
1.7568e-03,0.06,0.25
1.7584e-03,0.125,-0.075
1.7600e-03,0.005,0.23
1.7616e-03,0.075,-0.07
1.7632e-03,0.065,0.22
1.7648e-03,0.105,-0.075
1.7664e-03,0.1,0.22
1.7680e-03,0.07,-0.09
1.7696e-03,0.065,0.24
1.7712e-03,0.12,-0.09
1.7728e-03,0.07,0.245
1.7744e-03,0.13,-0.085
1.7760e-03,0.075,0.23
1.7776e-03,0.135,-0.085
1.7792e-03,0.015,0.23
1.7808e-03,0.09,-0.09
1.7824e-03,0.09,0.235
1.7840e-03,0.13,-0.07
1.7856e-03,0.2,0.215
1.7872e-03,0.015,-0.075
1.7888e-03,0.155,0.225
1.7904e-03,0.04,-0.08
1.7920e-03,0.065,0.23
1.7936e-03,0.1,-0.07
1.7952e-03,0.055,0.215
1.7968e-03,0.045,-0.07
1.7984e-03,0.13,0.21
1.8000e-03,0.01,-0.065
1.8016e-03,0.1,0.21
1.8032e-03,0.005,-0.06
1.8048e-03,0.01,0.22
1.8064e-03,0.09,-0.085
1.8080e-03,0.01,0.235
1.8096e-03,0.075,-0.115
1.8112e-03,-0.005,0.26
1.8128e-03,0.025,-0.075
1.8144e-03,0.05,0.23
1.8160e-03,0.065,-0.08
1.8176e-03,0.035,0.235
1.8192e-03,0.06,-0.075
1.8208e-03,0.02,0.235
1.8224e-03,0.115,-0.085
1.8240e-03,0.13,0.245
1.8256e-03,0.09,-0.075
1.8272e-03,0.095,0.225
1.8288e-03,0.05,-0.07
1.8304e-03,0.08,0.22
1.8320e-03,0.08,-0.06
1.8336e-03,0.06,0.21
1.8352e-03,0.075,-0.05
1.8368e-03,0.065,0.21
1.8384e-03,0.055,-0.065
1.8400e-03,0.14,0.215
1.8416e-03,0.085,-0.07
1.8432e-03,0.155,0.225
1.8448e-03,0.14,-0.055
1.8464e-03,0.07,0.22
1.8480e-03,0.08,-0.08
1.8496e-03,0.06,0.235
1.8512e-03,0.115,-0.055
1.8528e-03,0.12,0.21
1.8544e-03,0.08,-0.06
1.8560e-03,0.13,0.21
1.8576e-03,0.05,-0.08
1.8592e-03,0.07,0.235
1.8608e-03,0.04,-0.06
1.8624e-03,0.13,0.215
1.8640e-03,0.06,-0.06
1.8656e-03,0.045,0.225
1.8672e-03,0.01,-0.07
1.8688e-03,0.04,0.225
1.8704e-03,0.11,-0.07
1.8720e-03,0.1,0.22
1.8736e-03,0.09,-0.06
1.8752e-03,0.135,0.215
1.8768e-03,0.105,-0.055
1.8784e-03,0.14,0.21
1.8800e-03,0.095,-0.06
1.8816e-03,0.09,0.21
1.8832e-03,0.11,-0.05
1.8848e-03,0.145,0.205
1.8864e-03,0.06,-0.06
1.8880e-03,0.16,0.215
1.8896e-03,0.06,-0.05
1.8912e-03,0.09,0.205
1.8928e-03,0.09,-0.075
1.8944e-03,0.095,0.23
1.8960e-03,0.145,-0.075
1.8976e-03,0.11,0.23
1.8992e-03,0.095,-0.055
1.9008e-03,0.09,0.225
1.9024e-03,0.09,-0.06
1.9040e-03,0.165,0.22
1.9056e-03,0.08,-0.08
1.9072e-03,0.09,0.24
1.9088e-03,0.03,-0.09
1.9104e-03,0.14,0.245
1.9120e-03,0.115,-0.055
1.9136e-03,0.095,0.215
1.9152e-03,0.075,-0.06
1.9168e-03,0.095,0.22
1.9184e-03,0.08,-0.075
1.9200e-03,0.12,0.23
1.9216e-03,0.01,-0.075
1.9232e-03,0.09,0.235
1.9248e-03,0.025,-0.05
1.9264e-03,0.03,0.215
1.9280e-03,0.13,-0.065
1.9296e-03,0.085,0.23
1.9312e-03,0.045,-0.065
1.9328e-03,0.025,0.24
1.9344e-03,-0.04,-0.05
1.9360e-03,0.07,0.215
1.9376e-03,0.085,-0.055
1.9392e-03,0.06,0.225
1.9408e-03,0.06,-0.08
1.9424e-03,0.045,0.25
1.9440e-03,0.05,-0.05
1.9456e-03,0.065,0.22
1.9472e-03,0.035,-0.07
1.9488e-03,0.025,0.24
1.9504e-03,-0.045,-0.07
1.9520e-03,0.09,0.235
1.9536e-03,-0.02,-0.065
1.9552e-03,0.025,0.225
1.9568e-03,0.035,-0.055
1.9584e-03,0.02,0.225
1.9600e-03,0.06,-0.055
1.9616e-03,0.025,0.23
1.9632e-03,0.14,-0.07
1.9648e-03,0.13,0.235
1.9664e-03,0.14,-0.09
1.9680e-03,0.1,0.26
1.9696e-03,0.13,-0.065
1.9712e-03,0.17,0.23
1.9728e-03,0.05,-0.06
1.9744e-03,0.11,0.23
1.9760e-03,0.05,-0.05
1.9776e-03,0.05,0.22
1.9792e-03,0.115,-0.05
1.9808e-03,0.075,0.225
1.9824e-03,0.165,-0.1
1.9840e-03,0.13,0.27
1.9856e-03,0.155,-0.08
1.9872e-03,0.06,0.25
1.9888e-03,0.15,-0.075
1.9904e-03,0.045,0.25
1.9920e-03,0.11,-0.055
1.9936e-03,0.045,0.215
1.9952e-03,-0.02,-0.07
1.9968e-03,0,0.245
1.9984e-03,0.185,-0.055
2.0000e-03,0.03,0.23
2.0016e-03,0.095,-0.055
2.0032e-03,-0.005,0.215
2.0048e-03,0.085,-0.055
2.0064e-03,0.075,0.225
2.0080e-03,0.135,-0.08
2.0096e-03,-0.005,0.25
2.0112e-03,0.03,-0.065
2.0128e-03,0.04,0.24
2.0144e-03,0.1,-0.055
2.0160e-03,0.03,0.22
2.0176e-03,0.08,-0.05
2.0192e-03,0.035,0.23
2.0208e-03,0.16,-0.07
2.0224e-03,0.14,0.24
2.0240e-03,0.125,-0.075
2.0256e-03,0.18,0.24
2.0272e-03,0.09,-0.07
2.0288e-03,0.11,0.24
2.0304e-03,0.12,-0.08
2.0320e-03,0.17,0.255
2.0336e-03,0.04,-0.07
2.0352e-03,0.03,0.245
2.0368e-03,0.055,-0.07
2.0384e-03,0.01,0.24
2.0400e-03,0.075,-0.05
2.0416e-03,0.055,0.215
2.0432e-03,-0.03,-0.065
2.0448e-03,0.05,0.235
2.0464e-03,0.11,-0.06
2.0480e-03,0.09,0.22
2.0496e-03,0.08,-0.07
2.0512e-03,0.085,0.245
2.0528e-03,0.015,-0.04
2.0544e-03,0.075,0.215
2.0560e-03,0.105,-0.07
2.0576e-03,0.1,0.235
2.0592e-03,0.125,-0.06
2.0608e-03,0.115,0.24
2.0624e-03,0.04,-0.06
2.0640e-03,0.045,0.23
2.0656e-03,0.14,-0.065
2.0672e-03,0.035,0.245
2.0688e-03,0.08,-0.06
2.0704e-03,-0.005,0.235
2.0720e-03,0.05,-0.055
2.0736e-03,0.09,0.225
2.0752e-03,0.095,-0.085
2.0768e-03,0.03,0.25
2.0784e-03,0.04,-0.065
2.0800e-03,0.135,0.235
2.0816e-03,0.035,-0.05
2.0832e-03,0.11,0.23
2.0848e-03,0.105,-0.06
2.0864e-03,0.065,0.235
2.0880e-03,0.045,-0.075
2.0896e-03,0.06,0.245
2.0912e-03,0.15,-0.06
2.0928e-03,0.115,0.23
2.0944e-03,0.13,-0.065
2.0960e-03,0.1,0.235
2.0976e-03,0.035,-0.045
2.0992e-03,0.1,0.225
2.1008e-03,0.145,-0.07
2.1024e-03,0.04,0.245
2.1040e-03,0.11,-0.06
2.1056e-03,0.12,0.24
2.1072e-03,0.1,-0.05
2.1088e-03,0.08,0.225
2.1104e-03,0.125,-0.06
2.1120e-03,0.045,0.24
2.1136e-03,0.03,-0.05
2.1152e-03,0.115,0.23
2.1168e-03,-0.015,-0.085
2.1184e-03,0.08,0.265
2.1200e-03,0.07,-0.05
2.1216e-03,0.055,0.23
2.1232e-03,0.06,-0.07
2.1248e-03,0.085,0.25
2.1264e-03,0.14,-0.085
2.1280e-03,-0.015,0.265
2.1296e-03,0.115,-0.07
2.1312e-03,0.08,0.25
2.1328e-03,0.125,-0.07
2.1344e-03,0.135,0.25
2.1360e-03,-0.005,-0.095
2.1376e-03,0.055,0.265
2.1392e-03,0.09,-0.07
2.1408e-03,0.13,0.245
2.1424e-03,0.005,-0.09
2.1440e-03,0.075,0.255
2.1456e-03,0.025,-0.075
2.1472e-03,0.09,0.25
2.1488e-03,0.085,-0.075
2.1504e-03,0.13,0.245
2.1520e-03,0.08,-0.06
2.1536e-03,0.01,0.235
2.1552e-03,0.085,-0.055
2.1568e-03,0.065,0.23
2.1584e-03,0.06,-0.045
2.1600e-03,0.17,0.22
2.1616e-03,0.055,-0.065
2.1632e-03,0.12,0.245
2.1648e-03,0.115,-0.075
2.1664e-03,0.16,0.25
2.1680e-03,0.035,-0.075
2.1696e-03,0.11,0.245
2.1712e-03,0.09,-0.06
2.1728e-03,0.19,0.24
2.1744e-03,0.1,-0.08
2.1760e-03,0.11,0.26
2.1776e-03,0.035,-0.035
2.1792e-03,0.13,0.205
2.1808e-03,0.125,-0.06
2.1824e-03,0.09,0.23
2.1840e-03,0.09,-0.05
2.1856e-03,0.105,0.22
2.1872e-03,0.075,-0.05
2.1888e-03,0.17,0.225
2.1904e-03,0.11,-0.06
2.1920e-03,0.025,0.24
2.1936e-03,0.09,-0.08
2.1952e-03,0.05,0.255
2.1968e-03,0.145,-0.065
2.1984e-03,0.1,0.24
2.2000e-03,0.155,-0.075
2.2016e-03,0.105,0.25
2.2032e-03,0.01,-0.06
2.2048e-03,0.11,0.24
2.2064e-03,0.115,-0.07
2.2080e-03,0.18,0.25
2.2096e-03,0.115,-0.055
2.2112e-03,0.045,0.235
2.2128e-03,0.025,-0.075
2.2144e-03,0.165,0.245
2.2160e-03,0.06,-0.045
2.2176e-03,0.165,0.235
2.2192e-03,0.02,-0.045
2.2208e-03,0.095,0.225
2.2224e-03,0.04,-0.03
2.2240e-03,0.08,0.215
2.2256e-03,0.005,-0.045
2.2272e-03,0.04,0.23
2.2288e-03,0.105,-0.06
2.2304e-03,0.13,0.245
2.2320e-03,0.105,-0.055
2.2336e-03,0.135,0.24
2.2352e-03,0.045,-0.055
2.2368e-03,0.035,0.24
2.2384e-03,0.15,-0.05
2.2400e-03,0.04,0.245
2.2416e-03,0.195,-0.065
2.2432e-03,0.05,0.25
2.2448e-03,0.08,-0.06
2.2464e-03,0.015,0.245
2.2480e-03,0.135,-0.065
2.2496e-03,0.035,0.265
2.2512e-03,0.115,-0.07
2.2528e-03,0.05,0.26
2.2544e-03,0.055,-0.08
2.2560e-03,0.065,0.275
2.2576e-03,0.085,-0.045
2.2592e-03,0.08,0.235
2.2608e-03,0.1,-0.065
2.2624e-03,0.095,0.25
2.2640e-03,0.025,-0.035
2.2656e-03,0.1,0.23
2.2672e-03,0.065,-0.045
2.2688e-03,0.11,0.235
2.2704e-03,0.185,-0.05
2.2720e-03,0.08,0.245
2.2736e-03,0.11,-0.06
2.2752e-03,0.11,0.25
2.2768e-03,0.1,-0.04
2.2784e-03,0.145,0.23
2.2800e-03,0.075,-0.06
2.2816e-03,0.055,0.25
2.2832e-03,0.04,-0.045
2.2848e-03,0.13,0.235
2.2864e-03,0.095,-0.03
2.2880e-03,0.145,0.225
2.2896e-03,0.035,-0.05
2.2912e-03,0.045,0.24
2.2928e-03,0.105,-0.055
2.2944e-03,0.135,0.255
2.2960e-03,0.17,-0.085
2.2976e-03,0.18,0.27
2.2992e-03,0.075,-0.075
2.3008e-03,0.125,0.265
2.3024e-03,0.185,-0.08
2.3040e-03,0.13,0.27
2.3056e-03,0.075,-0.06
2.3072e-03,0.055,0.25
2.3088e-03,0.05,-0.065
2.3104e-03,0.09,0.255
2.3120e-03,0.05,-0.085
2.3136e-03,0.045,0.27
2.3152e-03,0.1,-0.045
2.3168e-03,0.115,0.23
2.3184e-03,0.125,-0.045
2.3200e-03,0.14,0.235
2.3216e-03,0.11,-0.085
2.3232e-03,0,0.275
2.3248e-03,0.11,-0.045
2.3264e-03,0.05,0.235
2.3280e-03,0.11,-0.04
2.3296e-03,0.07,0.23
2.3312e-03,-0.01,-0.07
2.3328e-03,0.065,0.26
2.3344e-03,0.105,-0.035
2.3360e-03,0.09,0.23
2.3376e-03,0.085,-0.05
2.3392e-03,0.03,0.24
2.3408e-03,0.095,-0.065
2.3424e-03,0.025,0.26
2.3440e-03,0.105,-0.065
2.3456e-03,-0.01,0.25
2.3472e-03,0.155,-0.075
2.3488e-03,0.065,0.255
2.3504e-03,0.155,-0.06
2.3520e-03,0.105,0.245
2.3536e-03,0.07,-0.055
2.3552e-03,0.03,0.235
2.3568e-03,0.145,-0.065
2.3584e-03,0.02,0.245
2.3600e-03,0.035,-0.07
2.3616e-03,0.04,0.255
2.3632e-03,-0.025,-0.045
2.3648e-03,0.015,0.24
2.3664e-03,0.06,-0.04
2.3680e-03,0.07,0.23
2.3696e-03,0.105,-0.075
2.3712e-03,0.075,0.265
2.3728e-03,0.04,-0.075
2.3744e-03,0.055,0.26
2.3760e-03,0.05,-0.065
2.3776e-03,0.095,0.25
2.3792e-03,0.01,-0.045
2.3808e-03,0.185,0.24
2.3824e-03,0.03,-0.065
2.3840e-03,0.14,0.255
2.3856e-03,0.005,-0.085
2.3872e-03,0.1,0.27
2.3888e-03,0.18,-0.085
2.3904e-03,0.155,0.275
2.3920e-03,0.115,-0.065
2.3936e-03,0.05,0.255
2.3952e-03,0.06,-0.03
2.3968e-03,0.11,0.225
2.3984e-03,0.135,-0.05
2.4000e-03,0.03,0.245
2.4016e-03,0.06,-0.065
2.4032e-03,0.115,0.26
2.4048e-03,0.11,-0.05
2.4064e-03,0.11,0.245
2.4080e-03,0.09,-0.1
2.4096e-03,0.02,0.29
2.4112e-03,0.055,-0.055
2.4128e-03,0.075,0.26
2.4144e-03,0.1,-0.06
2.4160e-03,0.115,0.265
2.4176e-03,0.075,-0.035
2.4192e-03,0.025,0.235
2.4208e-03,0.02,-0.045
2.4224e-03,0.11,0.245
2.4240e-03,0.06,-0.08
2.4256e-03,0.115,0.275
2.4272e-03,0.04,-0.055
2.4288e-03,0.08,0.265
2.4304e-03,0.11,-0.045
2.4320e-03,0.105,0.25
2.4336e-03,0.04,-0.035
2.4352e-03,0.105,0.245
2.4368e-03,0.155,-0.045
2.4384e-03,0.135,0.25
2.4400e-03,0.095,-0.05
2.4416e-03,0.15,0.25
2.4432e-03,0.135,-0.04
2.4448e-03,0.195,0.25
2.4464e-03,0.085,-0.045
2.4480e-03,0.04,0.245
2.4496e-03,0.16,-0.055
2.4512e-03,0.15,0.255
2.4528e-03,0.19,-0.04
2.4544e-03,0.105,0.245
2.4560e-03,0.145,-0.055
2.4576e-03,0.05,0.255
2.4592e-03,0.12,-0.065
2.4608e-03,0.155,0.27
2.4624e-03,0.115,-0.07
2.4640e-03,0.16,0.275
2.4656e-03,0.07,-0.04
2.4672e-03,0.105,0.245
2.4688e-03,0.08,-0.055
2.4704e-03,0.145,0.27
2.4720e-03,0.045,-0.045
2.4736e-03,0.03,0.25
2.4752e-03,0.035,-0.03
2.4768e-03,0.11,0.235
2.4784e-03,0.055,-0.04
2.4800e-03,0.155,0.25
2.4816e-03,0.07,-0.04
2.4832e-03,0.115,0.24
2.4848e-03,0.105,-0.035
2.4864e-03,0.015,0.235
2.4880e-03,0.115,-0.04
2.4896e-03,0.075,0.235
2.4912e-03,0.08,-0.045
2.4928e-03,0.03,0.245
2.4944e-03,0.145,-0.045
2.4960e-03,0.07,0.245
2.4976e-03,0.12,-0.04
2.4992e-03,0.06,0.24
2.5008e-03,0.055,-0.055
2.5024e-03,0.055,0.255
2.5040e-03,0.1,-0.055
2.5056e-03,0.09,0.26
2.5072e-03,0.115,-0.035
2.5088e-03,0.13,0.235
2.5104e-03,0.03,-0.03
2.5120e-03,0.075,0.235
2.5136e-03,0.13,-0.055
2.5152e-03,0.115,0.25
2.5168e-03,0.105,-0.045
2.5184e-03,-0.015,0.245
2.5200e-03,0.075,-0.05
2.5216e-03,0.06,0.25
2.5232e-03,0.13,-0.06
2.5248e-03,0.125,0.25
2.5264e-03,0.01,-0.07
2.5280e-03,0.08,0.275
2.5296e-03,0.105,-0.05
2.5312e-03,0.195,0.25
2.5328e-03,0.03,-0.035
2.5344e-03,0.05,0.24
2.5360e-03,0.035,-0.035
2.5376e-03,0.1,0.24
2.5392e-03,0.105,-0.055
2.5408e-03,0.15,0.255
2.5424e-03,0.06,-0.06
2.5440e-03,0.16,0.27
2.5456e-03,0.165,-0.045
2.5472e-03,0.2,0.245
2.5488e-03,0.1,-0.06
2.5504e-03,0.095,0.265
2.5520e-03,0.065,-0.04
2.5536e-03,0.055,0.245
2.5552e-03,0.17,-0.03
2.5568e-03,0.13,0.23
2.5584e-03,0.01,-0.04
2.5600e-03,0.085,0.25
2.5616e-03,0.09,-0.025
2.5632e-03,0.135,0.235
2.5648e-03,0.06,-0.035
2.5664e-03,0.135,0.24
2.5680e-03,0.075,-0.05
2.5696e-03,0.07,0.255
2.5712e-03,0.045,-0.03
2.5728e-03,0.125,0.24
2.5744e-03,0.03,-0.04
2.5760e-03,0.13,0.255
2.5776e-03,0.09,-0.045
2.5792e-03,0.09,0.255
2.5808e-03,0.215,-0.065
2.5824e-03,0.125,0.28
2.5840e-03,0.105,-0.045
2.5856e-03,0.005,0.25
2.5872e-03,0.11,-0.06
2.5888e-03,0.145,0.265
2.5904e-03,0.095,-0.03
2.5920e-03,0.115,0.24
2.5936e-03,0.09,-0.025
2.5952e-03,0.115,0.24
2.5968e-03,0.145,-0.045
2.5984e-03,0.11,0.265
2.6000e-03,0.105,-0.04
2.6016e-03,0.155,0.255
2.6032e-03,0.155,-0.03
2.6048e-03,0.07,0.245
2.6064e-03,0.07,-0.03
2.6080e-03,0.095,0.24
2.6096e-03,0.055,-0.03
2.6112e-03,0.13,0.24
2.6128e-03,0.085,-0.025
2.6144e-03,0.13,0.235
2.6160e-03,0.03,-0.025
2.6176e-03,0.095,0.235
2.6192e-03,0.11,-0.04
2.6208e-03,0.09,0.255
2.6224e-03,0.165,-0.035
2.6240e-03,0.04,0.245
2.6256e-03,0.085,-0.035
2.6272e-03,0.095,0.24
2.6288e-03,0.155,-0.04
2.6304e-03,0.125,0.25
2.6320e-03,0.1,-0.035
2.6336e-03,0.085,0.245
2.6352e-03,0.09,-0.03
2.6368e-03,0.165,0.245
2.6384e-03,0.14,-0.035
2.6400e-03,0.055,0.25
2.6416e-03,0.115,-0.035
2.6432e-03,0.15,0.25
2.6448e-03,0.14,-0.05
2.6464e-03,0.155,0.26
2.6480e-03,0.12,-0.035
2.6496e-03,0.095,0.24
2.6512e-03,0.065,-0.035
2.6528e-03,0.11,0.255
2.6544e-03,0.11,-0.06
2.6560e-03,0.155,0.265
2.6576e-03,0.03,-0.04
2.6592e-03,0.015,0.245
2.6608e-03,0.075,-0.035
2.6624e-03,0.05,0.24
2.6640e-03,0.045,-0.06
2.6656e-03,0.035,0.275
2.6672e-03,0.02,-0.055
2.6688e-03,0.06,0.27
2.6704e-03,0.13,-0.045
2.6720e-03,0.12,0.255
2.6736e-03,0.07,-0.075
2.6752e-03,0.125,0.285
2.6768e-03,0.135,-0.07
2.6784e-03,0.135,0.275
2.6800e-03,0.125,-0.055
2.6816e-03,0.12,0.255
2.6832e-03,0.06,-0.055
2.6848e-03,0.1,0.27
2.6864e-03,0.065,-0.035
2.6880e-03,0.065,0.24
2.6896e-03,0.12,-0.03
2.6912e-03,0.095,0.245
2.6928e-03,0.085,-0.025
2.6944e-03,0.14,0.24
2.6960e-03,0.195,-0.035
2.6976e-03,0.095,0.25
2.6992e-03,0.155,-0.035
2.7008e-03,0.03,0.245
2.7024e-03,0.175,-0.02
2.7040e-03,0.165,0.23
2.7056e-03,0.155,-0.035
2.7072e-03,0.09,0.245
2.7088e-03,0.115,-0.045
2.7104e-03,0.13,0.26
2.7120e-03,0.055,-0.035
2.7136e-03,0.13,0.245
2.7152e-03,0.035,-0.05
2.7168e-03,0.075,0.27
2.7184e-03,0.16,-0.025
2.7200e-03,0.045,0.25
2.7216e-03,0.06,-0.035
2.7232e-03,0.06,0.25
2.7248e-03,0.13,-0.065
2.7264e-03,0.06,0.28
2.7280e-03,0.06,-0.04
2.7296e-03,0.135,0.26
2.7312e-03,0.085,-0.035
2.7328e-03,0.14,0.25
2.7344e-03,0.15,-0.02
2.7360e-03,0.09,0.245
2.7376e-03,0.14,-0.04
2.7392e-03,0.14,0.265
2.7408e-03,0.09,-0.025
2.7424e-03,0.115,0.245
2.7440e-03,0.175,-0.03
2.7456e-03,0.095,0.25
2.7472e-03,0.12,-0.045
2.7488e-03,0.135,0.275
2.7504e-03,0.075,-0.04
2.7520e-03,0.125,0.255
2.7536e-03,0.1,-0.045
2.7552e-03,0.045,0.27
2.7568e-03,0.13,-0.035
2.7584e-03,0.1,0.255
2.7600e-03,0.105,-0.025
2.7616e-03,0.06,0.255
2.7632e-03,0.135,-0.04
2.7648e-03,0.11,0.26
2.7664e-03,0.165,-0.03
2.7680e-03,0.085,0.255
2.7696e-03,0.14,-0.04
2.7712e-03,0.13,0.265
2.7728e-03,0.16,-0.015
2.7744e-03,0.085,0.245
2.7760e-03,0.2,-0.03
2.7776e-03,0.155,0.255
2.7792e-03,0.065,-0.03
2.7808e-03,0.11,0.26
2.7824e-03,0.12,-0.025
2.7840e-03,0.105,0.245
2.7856e-03,0.18,-0.04
2.7872e-03,0.06,0.265
2.7888e-03,0.1,-0.055
2.7904e-03,0.13,0.28
2.7920e-03,0.185,-0.055
2.7936e-03,0.14,0.28
2.7952e-03,0.09,-0.07
2.7968e-03,0.1,0.3
2.7984e-03,0.1,-0.015
2.8000e-03,0.19,0.24
2.8016e-03,0.085,-0.04
2.8032e-03,0.115,0.27
2.8048e-03,0.085,-0.025
2.8064e-03,0.145,0.25
2.8080e-03,0.14,-0.03
2.8096e-03,0.125,0.255
2.8112e-03,0.085,-0.05
2.8128e-03,0.07,0.265
2.8144e-03,0.12,-0.02
2.8160e-03,0.09,0.24
2.8176e-03,0.14,-0.015
2.8192e-03,0.1,0.24
2.8208e-03,0.005,-0.05
2.8224e-03,0.105,0.27
2.8240e-03,0.14,-0.015
2.8256e-03,0.135,0.235
2.8272e-03,0.07,-0.02
2.8288e-03,0.12,0.245
2.8304e-03,0.025,-0.03
2.8320e-03,0.145,0.255
2.8336e-03,0.12,-0.045
2.8352e-03,0.185,0.265
2.8368e-03,0.02,-0.025
2.8384e-03,0.13,0.25
2.8400e-03,0.155,-0.04
2.8416e-03,0.14,0.265
2.8432e-03,0.22,-0.04
2.8448e-03,0.09,0.26
2.8464e-03,0.11,-0.02
2.8480e-03,0.13,0.245
2.8496e-03,0.16,-0.055
2.8512e-03,0.045,0.275
2.8528e-03,0.125,-0.035
2.8544e-03,0.015,0.26
2.8560e-03,0.1,-0.025
2.8576e-03,0.055,0.25
2.8592e-03,0.12,-0.045
2.8608e-03,0.015,0.27
2.8624e-03,0.02,-0.035
2.8640e-03,0.14,0.26
2.8656e-03,0.14,-0.02
2.8672e-03,0.135,0.25
2.8688e-03,0.1,-0.035
2.8704e-03,-0.005,0.26
2.8720e-03,0.19,-0.025
2.8736e-03,0.185,0.255
2.8752e-03,0.145,-0.01
2.8768e-03,0.08,0.24
2.8784e-03,0.095,-0.05
2.8800e-03,0.145,0.275
2.8816e-03,0.11,-0.015
2.8832e-03,0.13,0.24
2.8848e-03,0.14,-0.02
2.8864e-03,0.065,0.25
2.8880e-03,0.105,-0.05
2.8896e-03,0.155,0.275
2.8912e-03,0.11,-0.04
2.8928e-03,0.165,0.27
2.8944e-03,0.04,-0.035
2.8960e-03,0.12,0.265
2.8976e-03,0.07,-0.03
2.8992e-03,0.235,0.26
2.9008e-03,0.13,-0.04
2.9024e-03,0.105,0.265
2.9040e-03,0.105,-0.02
2.9056e-03,0.165,0.255
2.9072e-03,0.15,-0.055
2.9088e-03,0.14,0.285
2.9104e-03,0.09,-0.035
2.9120e-03,0.125,0.265
2.9136e-03,0.17,-0.04
2.9152e-03,0.145,0.265
2.9168e-03,0.085,-0.02
2.9184e-03,0.055,0.25
2.9200e-03,0.125,-0.03
2.9216e-03,0.09,0.26
2.9232e-03,0.1,-0.045
2.9248e-03,0.08,0.27
2.9264e-03,0.11,-0.025
2.9280e-03,0.065,0.255
2.9296e-03,0.095,-0.01
2.9312e-03,0.08,0.24
2.9328e-03,0.08,-0.025
2.9344e-03,0.095,0.255
2.9360e-03,0.13,-0.02
2.9376e-03,0.14,0.25
2.9392e-03,0.09,-0.02
2.9408e-03,0.105,0.255
2.9424e-03,0.14,-0.035
2.9440e-03,0.185,0.28
2.9456e-03,0.135,-0.025
2.9472e-03,0.195,0.255
2.9488e-03,0.1,-0.045
2.9504e-03,0.04,0.28
2.9520e-03,0.16,-0.025
2.9536e-03,0.15,0.26
2.9552e-03,0.15,-0.04
2.9568e-03,0.115,0.27
2.9584e-03,0.16,-0.045
2.9600e-03,0.205,0.285
2.9616e-03,0.135,-0.015
2.9632e-03,0.23,0.25
2.9648e-03,0.045,-0.025
2.9664e-03,0.17,0.265
2.9680e-03,0.225,-0.02
2.9696e-03,0.135,0.26
2.9712e-03,0.105,-0.025
2.9728e-03,0.095,0.26
2.9744e-03,0.185,-0.02
2.9760e-03,0.17,0.26
2.9776e-03,0.19,0.005
2.9792e-03,0.11,0.235
2.9808e-03,0.155,-0.045
2.9824e-03,0.13,0.275
2.9840e-03,0.195,-0.025
2.9856e-03,0.105,0.27
2.9872e-03,0.165,-0.045
2.9888e-03,0.17,0.285
2.9904e-03,0.145,-0.04
2.9920e-03,0.095,0.275
2.9936e-03,0.17,-0.015
2.9952e-03,0.185,0.255
2.9968e-03,0.06,-0.025
2.9984e-03,0.16,0.265
3.0000e-03,0.165,-0.025
3.0016e-03,0.1,0.265
3.0032e-03,0.16,-0.025
3.0048e-03,0.13,0.26
3.0064e-03,0.175,-0.015
3.0080e-03,0.155,0.255
3.0096e-03,0.125,-0.045
3.0112e-03,0.125,0.285
3.0128e-03,0.125,-0.01
3.0144e-03,0.18,0.245
3.0160e-03,0.215,-0.005
3.0176e-03,0.115,0.245
3.0192e-03,0.06,-0.02
3.0208e-03,0.225,0.265
3.0224e-03,0.15,-0.04
3.0240e-03,0.235,0.28
3.0256e-03,0.185,-0.03
3.0272e-03,0.1,0.275
3.0288e-03,0.145,-0.055
3.0304e-03,0.17,0.29
3.0320e-03,0.165,-0.035
3.0336e-03,0.195,0.28
3.0352e-03,0.13,-0.04
3.0368e-03,0.19,0.28
3.0384e-03,0.13,-0.025
3.0400e-03,0.095,0.265
3.0416e-03,0.12,-0.03
3.0432e-03,0.12,0.265
3.0448e-03,0.12,-0.03
3.0464e-03,0.13,0.265
3.0480e-03,0.22,-0.01
3.0496e-03,0.1,0.25
3.0512e-03,0.045,-0.015
3.0528e-03,0.105,0.25
3.0544e-03,0.145,-0.03
3.0560e-03,0.145,0.27
3.0576e-03,0.125,-0.02
3.0592e-03,0.05,0.265
3.0608e-03,0.1,-0.015
3.0624e-03,0.07,0.25
3.0640e-03,0.155,-0.06
3.0656e-03,0.115,0.3
3.0672e-03,0.06,-0.035
3.0688e-03,0.075,0.27
3.0704e-03,0.105,-0.055
3.0720e-03,0.095,0.295
3.0736e-03,0.1,-0.02
3.0752e-03,0.11,0.265
3.0768e-03,0.09,-0.02
3.0784e-03,0.09,0.255
3.0800e-03,0.16,-0.03
3.0816e-03,0.175,0.27
3.0832e-03,0.09,-0.06
3.0848e-03,0.085,0.305
3.0864e-03,0.15,-0.015
3.0880e-03,0.185,0.255
3.0896e-03,0.13,-0.02
3.0912e-03,0.095,0.26
3.0928e-03,0.17,-0.035
3.0944e-03,0.13,0.265
3.0960e-03,0.17,-0.025
3.0976e-03,0.125,0.265
3.0992e-03,0.205,-0.045
3.1008e-03,0.075,0.285
3.1024e-03,0.15,-0.02
3.1040e-03,0.18,0.26
3.1056e-03,0.135,-0.035
3.1072e-03,0.095,0.275
3.1088e-03,0.17,-0.02
3.1104e-03,0.13,0.26
3.1120e-03,0.065,-0.03
3.1136e-03,0.095,0.275
3.1152e-03,0.14,-0.035
3.1168e-03,0.085,0.275
3.1184e-03,0.085,-0.04
3.1200e-03,0.11,0.28
3.1216e-03,0.13,-0.015
3.1232e-03,0.06,0.255
3.1248e-03,0.14,-0.03
3.1264e-03,0.135,0.28
3.1280e-03,0.09,-0.035
3.1296e-03,0.135,0.27
3.1312e-03,0.11,-0.01
3.1328e-03,0.12,0.25
3.1344e-03,0.15,-0.01
3.1360e-03,0.135,0.25
3.1376e-03,0.075,-0.015
3.1392e-03,0.1,0.255
3.1408e-03,0.13,-0.025
3.1424e-03,0.215,0.275
3.1440e-03,0.08,-0.045
3.1456e-03,0.13,0.3
3.1472e-03,0.095,-0.035
3.1488e-03,0.135,0.275
3.1504e-03,0.155,-0.015
3.1520e-03,0.215,0.265
3.1536e-03,0.09,-0.035
3.1552e-03,0.125,0.285
3.1568e-03,0.12,-0.02
3.1584e-03,0.105,0.26
3.1600e-03,0.145,-0.015
3.1616e-03,0.17,0.27
3.1632e-03,0.14,-0.03
3.1648e-03,0.13,0.28
3.1664e-03,0.185,-0.035
3.1680e-03,0.155,0.28
3.1696e-03,0.135,-0.02
3.1712e-03,0.16,0.265
3.1728e-03,0.06,-0.005
3.1744e-03,0.23,0.265
3.1760e-03,0.19,-0.06
3.1776e-03,0.205,0.305
3.1792e-03,0.115,-0.055
3.1808e-03,0.16,0.305
3.1824e-03,0.185,-0.025
3.1840e-03,0.075,0.28
3.1856e-03,0.11,-0.035
3.1872e-03,0.04,0.285
3.1888e-03,0.14,-0.02
3.1904e-03,0.105,0.28
3.1920e-03,0.095,-0.035
3.1936e-03,0.125,0.285
3.1952e-03,0.125,-0.015
3.1968e-03,0.095,0.27
3.1984e-03,0.13,-0.03
3.2000e-03,0.18,0.285
3.2016e-03,0.09,-0.03
3.2032e-03,0.155,0.28
3.2048e-03,-0.025,-0.04
3.2064e-03,0.095,0.29
3.2080e-03,0.155,-0.045
3.2096e-03,0.085,0.295
3.2112e-03,0.115,-0.04
3.2128e-03,0.05,0.295
3.2144e-03,0.085,-0.065
3.2160e-03,0.1,0.32
3.2176e-03,0.14,-0.02
3.2192e-03,0.09,0.27
3.2208e-03,0.15,-0.015
3.2224e-03,0.18,0.27
3.2240e-03,0.12,-0.02
3.2256e-03,0.145,0.275
3.2272e-03,0.1,-0.01
3.2288e-03,0.185,0.26
3.2304e-03,0.14,-0.015
3.2320e-03,0.2,0.27
3.2336e-03,0.14,-0.015
3.2352e-03,0.16,0.265
3.2368e-03,0.155,-0.015
3.2384e-03,0.16,0.265
3.2400e-03,0.28,-0.055
3.2416e-03,0.165,0.305
3.2432e-03,0.15,-0.09
3.2448e-03,0.145,0.34
3.2464e-03,0.16,-0.06
3.2480e-03,0.19,0.315
3.2496e-03,0.145,-0.015
3.2512e-03,0.09,0.275
3.2528e-03,0.09,-0.025
3.2544e-03,0.145,0.275
3.2560e-03,0.11,-0.04
3.2576e-03,0.14,0.29
3.2592e-03,0.065,-0.055
3.2608e-03,0.06,0.305
3.2624e-03,0.155,-0.05
3.2640e-03,0.1,0.3
3.2656e-03,0.105,-0.045
3.2672e-03,0.125,0.305
3.2688e-03,0.04,-0.035
3.2704e-03,0.18,0.285
3.2720e-03,0.075,-0.025
3.2736e-03,0.15,0.275
3.2752e-03,0.095,-0.055
3.2768e-03,0.045,0.32
3.2784e-03,0.13,-0.055
3.2800e-03,0.13,0.295
3.2816e-03,0.185,-0.06
3.2832e-03,0.08,0.305
3.2848e-03,0.085,-0.025
3.2864e-03,0.08,0.275
3.2880e-03,0.21,-0.035
3.2896e-03,0.09,0.285
3.2912e-03,0.11,-0.015
3.2928e-03,0.045,0.275
3.2944e-03,0.115,-0.02
3.2960e-03,0.16,0.28
3.2976e-03,0.085,-0.03
3.2992e-03,0.09,0.29
3.3008e-03,0.13,-0.025
3.3024e-03,0.09,0.275
3.3040e-03,0.16,-0.035
3.3056e-03,0.12,0.3
3.3072e-03,0.075,-0.02
3.3088e-03,0.13,0.275
3.3104e-03,0.055,-0.04
3.3120e-03,0.095,0.305
3.3136e-03,0.12,-0.02
3.3152e-03,0.105,0.285
3.3168e-03,0.095,-0.05
3.3184e-03,0.09,0.31
3.3200e-03,0.065,-0.02
3.3216e-03,0.18,0.28
3.3232e-03,0.135,-0.035
3.3248e-03,0.125,0.305
3.3264e-03,0.14,-0.02
3.3280e-03,0.12,0.285
3.3296e-03,0.235,-0.035
3.3312e-03,0.14,0.3
3.3328e-03,0.15,-0.01
3.3344e-03,0.085,0.275
3.3360e-03,0.195,-0.025
3.3376e-03,0.16,0.285
3.3392e-03,0.14,-0.02
3.3408e-03,0.07,0.28
3.3424e-03,0.12,-0.01
3.3440e-03,0.16,0.27
3.3456e-03,0.1,-0.05
3.3472e-03,0.195,0.31
3.3488e-03,0.055,-0.05
3.3504e-03,0.125,0.32
3.3520e-03,0.11,-0.045
3.3536e-03,0.125,0.305
3.3552e-03,0.185,-0.03
3.3568e-03,0.17,0.29
3.3584e-03,0.145,-0.05
3.3600e-03,0.13,0.3
3.3616e-03,0.14,-0.03
3.3632e-03,0.205,0.295
3.3648e-03,0.17,-0.025
3.3664e-03,0.05,0.295
3.3680e-03,0.055,-0.015
3.3696e-03,0.07,0.275
3.3712e-03,0.12,-0.025
3.3728e-03,0.155,0.29
3.3744e-03,0.09,-0.02
3.3760e-03,0.15,0.285
3.3776e-03,0.105,0
3.3792e-03,0.15,0.26
3.3808e-03,0.095,-0.055
3.3824e-03,0.11,0.315
3.3840e-03,0.05,-0.055
3.3856e-03,0.08,0.31
3.3872e-03,0.075,-0.02
3.3888e-03,0.05,0.285
3.3904e-03,0.125,-0.025
3.3920e-03,-0.015,0.285
3.3936e-03,0.175,-0.035
3.3952e-03,0.015,0.29
3.3968e-03,0.195,-0.02
3.3984e-03,0.11,0.28
3.4000e-03,0.02,-0.055
3.4016e-03,0.165,0.31
3.4032e-03,0.13,-0.03
3.4048e-03,0.185,0.285
3.4064e-03,0.15,-0.025
3.4080e-03,0.125,0.285
3.4096e-03,0.12,-0.045
3.4112e-03,0.235,0.305
3.4128e-03,0.125,-0.045
3.4144e-03,0.265,0.305
3.4160e-03,0.14,-0.02
3.4176e-03,0.235,0.28
3.4192e-03,0.22,-0.03
3.4208e-03,0.215,0.295
3.4224e-03,0.19,-0.025
3.4240e-03,0.14,0.29
3.4256e-03,0.115,-0.015
3.4272e-03,0.13,0.28
3.4288e-03,0.185,-0.01
3.4304e-03,0.145,0.265
3.4320e-03,0.195,-0.01
3.4336e-03,0.11,0.27
3.4352e-03,0.165,-0.015
3.4368e-03,0.17,0.275
3.4384e-03,0.145,-0.01
3.4400e-03,0.13,0.27
3.4416e-03,0.16,-0.015
3.4432e-03,0.225,0.28
3.4448e-03,0.155,-0.01
3.4464e-03,0.13,0.28
3.4480e-03,0.1,-0.03
3.4496e-03,0.09,0.29
3.4512e-03,0.18,0
3.4528e-03,0.14,0.27
3.4544e-03,0.1,-0.045
3.4560e-03,0.075,0.305
3.4576e-03,0.09,-0.025
3.4592e-03,0.015,0.295
3.4608e-03,0.135,-0.005
3.4624e-03,0.085,0.275
3.4640e-03,0.155,-0.02
3.4656e-03,0.16,0.295
3.4672e-03,0.17,-0.02
3.4688e-03,0.145,0.295
3.4704e-03,0.17,-0.005
3.4720e-03,0.07,0.275
3.4736e-03,0.105,-0.015
3.4752e-03,0.095,0.29
3.4768e-03,0.175,-0.03
3.4784e-03,0.215,0.3
3.4800e-03,0.1,-0.015
3.4816e-03,0.095,0.29
3.4832e-03,0.16,-0.025
3.4848e-03,0.12,0.305
3.4864e-03,0.145,-0.05
3.4880e-03,0.08,0.325
3.4896e-03,0.075,-0.025
3.4912e-03,0.2,0.3
3.4928e-03,0.145,-0.035
3.4944e-03,0.2,0.31
3.4960e-03,0.1,-0.045
3.4976e-03,0.12,0.325
3.4992e-03,0.13,-0.06
3.5008e-03,0.125,0.33
3.5024e-03,0.115,-0.02
3.5040e-03,0.095,0.295
3.5056e-03,0.115,-0.03
3.5072e-03,0.115,0.3
3.5088e-03,0.12,-0.04
3.5104e-03,0.08,0.31
3.5120e-03,0.065,-0.01
3.5136e-03,0.08,0.28
3.5152e-03,0.095,-0.03
3.5168e-03,0.11,0.3
3.5184e-03,0.135,0
3.5200e-03,0.035,0.275
3.5216e-03,0.055,-0.01
3.5232e-03,0.11,0.28
3.5248e-03,0.14,-0.015
3.5264e-03,0.15,0.28
3.5280e-03,0.045,-0.05
3.5296e-03,0.09,0.325
3.5312e-03,0.225,-0.04
3.5328e-03,0.18,0.305
3.5344e-03,0.195,-0.01
3.5360e-03,0.14,0.285
3.5376e-03,0.185,-0.03
3.5392e-03,0.19,0.295
3.5408e-03,0.275,-0.02
3.5424e-03,0.1,0.285
3.5440e-03,0.13,-0.02
3.5456e-03,0.165,0.29
3.5472e-03,0.235,-0.04
3.5488e-03,0.14,0.305
3.5504e-03,0.13,-0.025
3.5520e-03,0.08,0.295
3.5536e-03,0.21,-0.015
3.5552e-03,0.155,0.285
3.5568e-03,0.145,-0.005
3.5584e-03,0.15,0.27
3.5600e-03,0.125,-0.035
3.5616e-03,0.125,0.3
3.5632e-03,0.19,-0.03
3.5648e-03,0.16,0.295
3.5664e-03,0.175,-0.04
3.5680e-03,0.015,0.305
3.5696e-03,0.16,-0.005
3.5712e-03,0.09,0.28
3.5728e-03,0.21,0.005
3.5744e-03,0.12,0.26
3.5760e-03,0.055,-0.005
3.5776e-03,0.13,0.275
3.5792e-03,0.18,-0.02
3.5808e-03,0.195,0.29
3.5824e-03,0.135,-0.01
3.5840e-03,0.105,0.28
3.5856e-03,0.17,-0.04
3.5872e-03,0.18,0.32
3.5888e-03,0.16,-0.005
3.5904e-03,0.16,0.275
3.5920e-03,0.105,-0.025
3.5936e-03,0.195,0.285
3.5952e-03,0.135,-0.035
3.5968e-03,0.135,0.305
3.5984e-03,0.11,-0.04
3.6000e-03,0.145,0.31
3.6016e-03,0.095,-0.03
3.6032e-03,0.135,0.305
3.6048e-03,0.08,-0.02
3.6064e-03,0.125,0.29
3.6080e-03,0.07,-0.05
3.6096e-03,0.09,0.32
3.6112e-03,0.115,-0.04
3.6128e-03,0.11,0.305
3.6144e-03,0.135,-0.045
3.6160e-03,0.135,0.33
3.6176e-03,0.12,0
3.6192e-03,0.13,0.28
3.6208e-03,0.105,-0.075
3.6224e-03,0.165,0.345
3.6240e-03,0.105,-0.03
3.6256e-03,0.105,0.315
3.6272e-03,0.135,-0.03
3.6288e-03,0.03,0.3
3.6304e-03,0.13,-0.005
3.6320e-03,0.125,0.29
3.6336e-03,0.115,-0.015
3.6352e-03,0.12,0.29
3.6368e-03,0.08,0.01
3.6384e-03,0.165,0.27
3.6400e-03,0.235,-0.015
3.6416e-03,0.21,0.3
3.6432e-03,0.115,-0.015
3.6448e-03,0.15,0.29
3.6464e-03,0.24,-0.02
3.6480e-03,0.19,0.305
3.6496e-03,0.15,0.005
3.6512e-03,0.12,0.28
3.6528e-03,0.06,-0.025
3.6544e-03,0.28,0.3
3.6560e-03,0.135,-0.025
3.6576e-03,0.125,0.31
3.6592e-03,0.085,-0.005
3.6608e-03,0.17,0.285
3.6624e-03,0.12,-0.025
3.6640e-03,0.13,0.305
3.6656e-03,0.14,-0.01
3.6672e-03,0.1,0.285
3.6688e-03,0.19,-0.03
3.6704e-03,0.09,0.315
3.6720e-03,0.075,-0.03
3.6736e-03,0.1,0.31
3.6752e-03,0.13,-0.05
3.6768e-03,0.075,0.325
3.6784e-03,0.22,-0.015
3.6800e-03,0.165,0.3
3.6816e-03,0.21,-0.02
3.6832e-03,0.16,0.3
3.6848e-03,0.18,-0.005
3.6864e-03,0.195,0.285
3.6880e-03,0.225,-0.015
3.6896e-03,0.13,0.3
3.6912e-03,0.17,-0.015
3.6928e-03,0.13,0.3
3.6944e-03,0.205,0
3.6960e-03,0.17,0.275
3.6976e-03,0.085,-0.02
3.6992e-03,0.13,0.3
3.7008e-03,0.165,-0.03
3.7024e-03,0.22,0.315
3.7040e-03,0.07,-0.02
3.7056e-03,0.16,0.31
3.7072e-03,0.115,-0.03
3.7088e-03,0.215,0.305
3.7104e-03,0.115,-0.025
3.7120e-03,0.105,0.305
3.7136e-03,0.16,-0.015
3.7152e-03,0.15,0.295
3.7168e-03,0.16,-0.045
3.7184e-03,0.195,0.32
3.7200e-03,0.105,-0.01
3.7216e-03,0.13,0.295
3.7232e-03,0.115,-0.01
3.7248e-03,0.07,0.29
3.7264e-03,0.14,-0.02
3.7280e-03,0.11,0.305
3.7296e-03,0.075,-0.01
3.7312e-03,0.145,0.29
3.7328e-03,0.105,-0.015
3.7344e-03,0.17,0.29
3.7360e-03,0.13,-0.01
3.7376e-03,0.12,0.3
3.7392e-03,0.155,-0.035
3.7408e-03,0.295,0.31
3.7424e-03,0.18,-0.02
3.7440e-03,0.205,0.3
3.7456e-03,0.055,-0.01
3.7472e-03,0.175,0.305
3.7488e-03,0.15,-0.025
3.7504e-03,0.175,0.315
3.7520e-03,0.135,-0.02
3.7536e-03,0.22,0.31
3.7552e-03,0.215,-0.015
3.7568e-03,0.225,0.305
3.7584e-03,0.16,-0.015
3.7600e-03,0.115,0.315
3.7616e-03,0.195,-0.02
3.7632e-03,0.12,0.305
3.7648e-03,0.245,-0.015
3.7664e-03,0.115,0.305
3.7680e-03,0.195,0.005
3.7696e-03,0.185,0.285
3.7712e-03,0.24,0
3.7728e-03,0.2,0.285
3.7744e-03,0.205,0
3.7760e-03,0.095,0.295
3.7776e-03,0.125,0
3.7792e-03,0.12,0.29
3.7808e-03,0.145,-0.02
3.7824e-03,0.12,0.315
3.7840e-03,0.105,-0.02
3.7856e-03,0.11,0.31
3.7872e-03,0.225,-0.025
3.7888e-03,0.205,0.32
3.7904e-03,0.14,-0.04
3.7920e-03,0.19,0.33
3.7936e-03,0.13,-0.045
3.7952e-03,0.28,0.325
3.7968e-03,0.155,-0.02
3.7984e-03,0.19,0.315
3.8000e-03,0.15,-0.03
3.8016e-03,0.225,0.32
3.8032e-03,0.19,-0.025
3.8048e-03,0.195,0.31
3.8064e-03,0.095,-0.025
3.8080e-03,0.11,0.315
3.8096e-03,0.115,-0.03
3.8112e-03,0.105,0.315
3.8128e-03,0.135,-0.05
3.8144e-03,0.065,0.33
3.8160e-03,0.12,-0.03
3.8176e-03,0.175,0.31
3.8192e-03,0.1,-0.03
3.8208e-03,0.18,0.315
3.8224e-03,0.07,-0.03
3.8240e-03,0.105,0.31
3.8256e-03,0.155,-0.035
3.8272e-03,0.14,0.32
3.8288e-03,0.1,-0.025
3.8304e-03,0.085,0.31
3.8320e-03,0.1,-0.005
3.8336e-03,0.21,0.3
3.8352e-03,0.22,-0.025
3.8368e-03,0.15,0.31
3.8384e-03,0.12,-0.01
3.8400e-03,0.145,0.3
3.8416e-03,0.2,-0.05
3.8432e-03,0.25,0.34
3.8448e-03,0.09,-0.035
3.8464e-03,0.12,0.315
3.8480e-03,0.135,0.005
3.8496e-03,0.155,0.28
3.8512e-03,0.175,-0.04
3.8528e-03,0.085,0.33
3.8544e-03,0.075,-0.045
3.8560e-03,0.115,0.33
3.8576e-03,0.075,-0.005
3.8592e-03,0.16,0.29
3.8608e-03,0.105,-0.055
3.8624e-03,0.09,0.33
3.8640e-03,0.16,-0.01
3.8656e-03,0.205,0.305
3.8672e-03,0.17,-0.01
3.8688e-03,0.145,0.295
3.8704e-03,0.065,0
3.8720e-03,0.135,0.295
3.8736e-03,0.195,-0.01
3.8752e-03,0.19,0.305
3.8768e-03,0.16,0.01
3.8784e-03,0.16,0.28
3.8800e-03,0.11,0.01
3.8816e-03,0.265,0.28
3.8832e-03,0.095,-0.04
3.8848e-03,0.145,0.33
3.8864e-03,0.035,-0.015
3.8880e-03,0.095,0.31
3.8896e-03,0.135,-0.01
3.8912e-03,0.1,0.305
3.8928e-03,0.155,-0.015
3.8944e-03,0.09,0.31
3.8960e-03,0.16,0.015
3.8976e-03,0.1,0.285
3.8992e-03,0.11,-0.01
3.9008e-03,0.065,0.305
3.9024e-03,0.145,-0.015
3.9040e-03,0.06,0.31
3.9056e-03,0.19,-0.02
3.9072e-03,0.115,0.32
3.9088e-03,0.24,0.005
3.9104e-03,0.12,0.29
3.9120e-03,0.21,0
3.9136e-03,0.135,0.29
3.9152e-03,0.205,-0.02
3.9168e-03,0.115,0.315
3.9184e-03,0.245,-0.015
3.9200e-03,0.16,0.305
3.9216e-03,0.24,-0.015
3.9232e-03,0.22,0.315
3.9248e-03,0.17,0.005
3.9264e-03,0.195,0.295
3.9280e-03,0.17,0.015
3.9296e-03,0.155,0.285
3.9312e-03,0.185,-0.015
3.9328e-03,0.065,0.315
3.9344e-03,0.225,0
3.9360e-03,0.14,0.295
3.9376e-03,0.24,-0.01
3.9392e-03,0.11,0.315
3.9408e-03,0.085,0
3.9424e-03,0.095,0.3
3.9440e-03,0.145,-0.015
3.9456e-03,0.085,0.31
3.9472e-03,0.11,-0.01
3.9488e-03,0.155,0.305
3.9504e-03,0.13,-0.025
3.9520e-03,0.2,0.325
3.9536e-03,0.19,-0.02
3.9552e-03,0.205,0.315
3.9568e-03,0.17,0.01
3.9584e-03,0.125,0.295
3.9600e-03,0.15,0.005
3.9616e-03,0.205,0.3
3.9632e-03,0.16,-0.01
3.9648e-03,0.155,0.305
3.9664e-03,0.085,-0.005
3.9680e-03,0.165,0.3
3.9696e-03,0.15,-0.015
3.9712e-03,0.115,0.325
3.9728e-03,0.045,0
3.9744e-03,0.145,0.305
3.9760e-03,0.14,0.015
3.9776e-03,0.28,0.275
3.9792e-03,0.16,-0.01
3.9808e-03,0.18,0.305
3.9824e-03,0.13,0
3.9840e-03,0.07,0.3
3.9856e-03,0.18,-0.015
3.9872e-03,0.125,0.31
3.9888e-03,0.155,-0.015
3.9904e-03,0.185,0.315
3.9920e-03,0.105,0.01
3.9936e-03,0.17,0.295
3.9952e-03,0.115,-0.005
3.9968e-03,0.16,0.305
3.9984e-03,0.1,0.005
4.0000e-03,0.1,0.29
4.0016e-03,0.05,-0.005
4.0032e-03,0.14,0.295
4.0048e-03,0.165,-0.01
4.0064e-03,0.135,0.305
4.0080e-03,0.14,0.005
4.0096e-03,0.115,0.29
4.0112e-03,0.24,-0.025
4.0128e-03,0.11,0.325
4.0144e-03,0.135,-0.01
4.0160e-03,0.075,0.31
4.0176e-03,0.105,-0.04
4.0192e-03,0.19,0.34
4.0208e-03,0.155,-0.045
4.0224e-03,0.115,0.35
4.0240e-03,0.15,-0.015
4.0256e-03,0.195,0.315
4.0272e-03,0.15,-0.01
4.0288e-03,0.165,0.305
4.0304e-03,0.195,0.005
4.0320e-03,0.125,0.3
4.0336e-03,0.13,0.005
4.0352e-03,0.165,0.295
4.0368e-03,0.205,0.01
4.0384e-03,0.18,0.29
4.0400e-03,0.14,0.015
4.0416e-03,0.07,0.285
4.0432e-03,0.13,0
4.0448e-03,0.1,0.3
4.0464e-03,0.13,0.01
4.0480e-03,0.125,0.285
4.0496e-03,0.085,-0.01
4.0512e-03,0.23,0.31
4.0528e-03,0.225,-0.005
4.0544e-03,0.175,0.3
4.0560e-03,0.1,-0.01
4.0576e-03,0.135,0.31
4.0592e-03,0.155,-0.005
4.0608e-03,0.255,0.305
4.0624e-03,0.11,0
4.0640e-03,0.185,0.305
4.0656e-03,0.125,-0.005
4.0672e-03,0.075,0.305
4.0688e-03,0.22,-0.01
4.0704e-03,0.065,0.32
4.0720e-03,0.145,-0.03
4.0736e-03,0.095,0.345
4.0752e-03,0.11,-0.01
4.0768e-03,0.095,0.31
4.0784e-03,0.175,-0.005
4.0800e-03,0.015,0.31
4.0816e-03,0.115,-0.05
4.0832e-03,0.07,0.345
4.0848e-03,0.16,-0.01
4.0864e-03,0.155,0.32
4.0880e-03,0.05,-0.005
4.0896e-03,0.18,0.31
4.0912e-03,0.15,-0.01
4.0928e-03,0.21,0.305
4.0944e-03,0.18,-0.04
4.0960e-03,0.07,0.34
4.0976e-03,0.125,-0.02
4.0992e-03,0.115,0.325
4.1008e-03,0.175,0.015
4.1024e-03,0.17,0.295
4.1040e-03,0.175,-0.02
4.1056e-03,0.17,0.315
4.1072e-03,0.29,-0.015
4.1088e-03,0.205,0.32
4.1104e-03,0.205,0
4.1120e-03,0.155,0.31
4.1136e-03,0.105,0.01
4.1152e-03,0.185,0.29
4.1168e-03,0.185,-0.015
4.1184e-03,0.255,0.325
4.1200e-03,0.155,0.005
4.1216e-03,0.19,0.305
4.1232e-03,0.175,0
4.1248e-03,0.18,0.315
4.1264e-03,0.24,0.005
4.1280e-03,0.105,0.3
4.1296e-03,0.16,-0.015
4.1312e-03,0.2,0.32
4.1328e-03,0.22,0.02
4.1344e-03,0.25,0.29
4.1360e-03,0.15,-0.02
4.1376e-03,0.19,0.325
4.1392e-03,0.14,-0.005
4.1408e-03,0.19,0.31
4.1424e-03,0.17,0.005
4.1440e-03,0.145,0.305
4.1456e-03,0.155,0.01
4.1472e-03,0.195,0.3
4.1488e-03,0.155,-0.01
4.1504e-03,0.16,0.315
4.1520e-03,0.085,0.005
4.1536e-03,0.19,0.31
4.1552e-03,0.095,-0.01
4.1568e-03,0.11,0.315
4.1584e-03,0.1,-0.04
4.1600e-03,0.13,0.34
4.1616e-03,0.17,-0.015
4.1632e-03,0.165,0.325
4.1648e-03,0.165,-0.02
4.1664e-03,0.15,0.345
4.1680e-03,0.045,-0.025
4.1696e-03,0.09,0.34
4.1712e-03,0.08,0
4.1728e-03,0.2,0.315
4.1744e-03,0.12,-0.02
4.1760e-03,0.17,0.325
4.1776e-03,0.085,0.01
4.1792e-03,0.155,0.3
4.1808e-03,0.165,0.005
4.1824e-03,0.085,0.31
4.1840e-03,0.115,0
4.1856e-03,0.055,0.32
4.1872e-03,0.225,0.015
4.1888e-03,0.08,0.3
4.1904e-03,0.145,-0.005
4.1920e-03,0.09,0.32
4.1936e-03,0.185,0
4.1952e-03,0.175,0.315
4.1968e-03,0.105,0
4.1984e-03,0.12,0.315
4.2000e-03,0.08,-0.005
4.2016e-03,0.21,0.325
4.2032e-03,0.16,0.005
4.2048e-03,0.225,0.315
4.2064e-03,0.125,0.005
4.2080e-03,0.135,0.31
4.2096e-03,0.16,0
4.2112e-03,0.15,0.32
4.2128e-03,0.25,0.015
4.2144e-03,0.115,0.3
4.2160e-03,0.21,-0.015
4.2176e-03,0.12,0.33
4.2192e-03,0.26,0
4.2208e-03,0.22,0.315
4.2224e-03,0.145,0.005
4.2240e-03,0.095,0.31
4.2256e-03,0.15,-0.015
4.2272e-03,0.155,0.33
4.2288e-03,0.16,0.015
4.2304e-03,0.18,0.3
4.2320e-03,0.125,-0.01
4.2336e-03,0.345,0.32
4.2352e-03,0.135,-0.03
4.2368e-03,0.2,0.35
4.2384e-03,0.09,-0.03
4.2400e-03,0.23,0.345
4.2416e-03,0.14,-0.015
4.2432e-03,0.18,0.335
4.2448e-03,0.12,-0.025
4.2464e-03,0.16,0.34
4.2480e-03,0.13,0.005
4.2496e-03,0.165,0.31
4.2512e-03,0.17,0.015
4.2528e-03,0.185,0.3
4.2544e-03,0.14,0.005
4.2560e-03,0.19,0.31
4.2576e-03,0.17,-0.01
4.2592e-03,0.195,0.32
4.2608e-03,0.16,0.005
4.2624e-03,0.07,0.305
4.2640e-03,0.15,0.005
4.2656e-03,0.14,0.305
4.2672e-03,0.19,0.02
4.2688e-03,0.185,0.295
4.2704e-03,0.14,0.005
4.2720e-03,0.22,0.315
4.2736e-03,0.215,-0.015
4.2752e-03,0.17,0.325
4.2768e-03,0.17,0.005
4.2784e-03,0.07,0.3
4.2800e-03,0.17,-0.025
4.2816e-03,0.135,0.34
4.2832e-03,0.195,-0.005
4.2848e-03,0.12,0.32
4.2864e-03,0.15,-0.01
4.2880e-03,0.23,0.335
4.2896e-03,0.19,-0.02
4.2912e-03,0.205,0.33
4.2928e-03,0.115,-0.01
4.2944e-03,0.22,0.325
4.2960e-03,0.165,-0.005
4.2976e-03,0.225,0.325
4.2992e-03,0.1,-0.03
4.3008e-03,0.175,0.35
4.3024e-03,0.075,0.01
4.3040e-03,0.11,0.31
4.3056e-03,0.135,0
4.3072e-03,0.105,0.305
4.3088e-03,0.165,0
4.3104e-03,0.085,0.315
4.3120e-03,0.16,-0.005
4.3136e-03,0.125,0.32
4.3152e-03,0.205,0
4.3168e-03,0.065,0.305
4.3184e-03,0.12,0
4.3200e-03,0.065,0.315
4.3216e-03,0.18,0.015
4.3232e-03,0.165,0.305
4.3248e-03,0.185,0
4.3264e-03,0.095,0.32
4.3280e-03,0.215,-0.035
4.3296e-03,0.2,0.345
4.3312e-03,0.13,-0.025
4.3328e-03,0.125,0.33
4.3344e-03,0.095,0.005
4.3360e-03,0.22,0.315
4.3376e-03,0.105,-0.01
4.3392e-03,0.175,0.33
4.3408e-03,0.035,0.01
4.3424e-03,0.15,0.31
4.3440e-03,0.04,-0.01
4.3456e-03,0.16,0.33
4.3472e-03,0.055,0.01
4.3488e-03,0.12,0.31
4.3504e-03,0.115,0.025
4.3520e-03,0.1,0.305
4.3536e-03,0.155,0.01
4.3552e-03,0.135,0.315
4.3568e-03,0.11,0
4.3584e-03,0.08,0.325
4.3600e-03,0.125,-0.02
4.3616e-03,0.225,0.35
4.3632e-03,0.27,-0.005
4.3648e-03,0.245,0.325
4.3664e-03,0.195,0
4.3680e-03,0.2,0.325
4.3696e-03,0.215,0
4.3712e-03,0.2,0.315
4.3728e-03,0.1,-0.015
4.3744e-03,0.12,0.335
4.3760e-03,0.18,-0.01
4.3776e-03,0.225,0.335
4.3792e-03,0.15,-0.01
4.3808e-03,0.175,0.345
4.3824e-03,0.045,-0.045
4.3840e-03,0.16,0.355
4.3856e-03,0.15,0
4.3872e-03,0.215,0.315
4.3888e-03,0.22,-0.025
4.3904e-03,0.095,0.335
4.3920e-03,0.185,0.015
4.3936e-03,0.12,0.31
4.3952e-03,0.24,0.02
4.3968e-03,0.115,0.305
4.3984e-03,0.135,0.01
4.4000e-03,0.105,0.32
4.4016e-03,0.205,0.01
4.4032e-03,0.245,0.31
4.4048e-03,0.18,0.005
4.4064e-03,0.145,0.315
4.4080e-03,0.065,-0.02
4.4096e-03,0.255,0.345
4.4112e-03,0.22,0
4.4128e-03,0.26,0.325
4.4144e-03,0.18,0.015
4.4160e-03,0.15,0.31
4.4176e-03,0.18,0
4.4192e-03,0.21,0.335
4.4208e-03,0.19,0.01
4.4224e-03,0.155,0.32
4.4240e-03,0.185,0.005
4.4256e-03,0.14,0.32
4.4272e-03,0.235,-0.015
4.4288e-03,0.22,0.345
4.4304e-03,0.245,0.005
4.4320e-03,0.095,0.33
4.4336e-03,0.15,0.02
4.4352e-03,0.145,0.31
4.4368e-03,0.285,0
4.4384e-03,0.145,0.33
4.4400e-03,0.18,0.02
4.4416e-03,0.105,0.315
4.4432e-03,0.15,0.015
4.4448e-03,0.145,0.315
4.4464e-03,0.06,0.025
4.4480e-03,0.125,0.305
4.4496e-03,0.13,0.01
4.4512e-03,0.21,0.325
4.4528e-03,0.11,0.01
4.4544e-03,0.135,0.315
4.4560e-03,0.06,-0.01
4.4576e-03,0.145,0.34
4.4592e-03,0.1,0.005
4.4608e-03,0.15,0.32
4.4624e-03,0.16,0
4.4640e-03,0.155,0.33
4.4656e-03,0.135,0.01
4.4672e-03,0.125,0.315
4.4688e-03,0.15,-0.005
4.4704e-03,0.23,0.33
4.4720e-03,0.155,-0.03
4.4736e-03,0.105,0.355
4.4752e-03,0.18,0.005
4.4768e-03,0.155,0.325
4.4784e-03,0.265,0.005
4.4800e-03,0.14,0.32
4.4816e-03,0.195,-0.01
4.4832e-03,0.2,0.34
4.4848e-03,0.23,0.005
4.4864e-03,0.265,0.32
4.4880e-03,0.075,0.005
4.4896e-03,0.22,0.325
4.4912e-03,0.125,0.025
4.4928e-03,0.275,0.295
4.4944e-03,0.19,-0.005
4.4960e-03,0.24,0.335
4.4976e-03,0.205,-0.02
4.4992e-03,0.14,0.365
4.5008e-03,0.17,0.01
4.5024e-03,0.145,0.325
4.5040e-03,0.255,0.015
4.5056e-03,0.115,0.315
4.5072e-03,0.195,0.02
4.5088e-03,0.18,0.31
4.5104e-03,0.15,-0.005
4.5120e-03,0.195,0.33
4.5136e-03,0.095,0.01
4.5152e-03,0.19,0.325
4.5168e-03,0.18,-0.015
4.5184e-03,0.225,0.345
4.5200e-03,0.25,0
4.5216e-03,0.14,0.335
4.5232e-03,0.265,-0.025
4.5248e-03,0.14,0.365
4.5264e-03,0.225,0.02
4.5280e-03,0.16,0.32
4.5296e-03,0.25,0.04
4.5312e-03,0.195,0.305
4.5328e-03,0.205,0.005
4.5344e-03,0.185,0.32
4.5360e-03,0.155,0.015
4.5376e-03,0.245,0.32
4.5392e-03,0.14,-0.01
4.5408e-03,0.17,0.335
4.5424e-03,0.145,0.01
4.5440e-03,0.175,0.315
4.5456e-03,0.15,0.015
4.5472e-03,0.1,0.32
4.5488e-03,0.055,0
4.5504e-03,0.185,0.335
4.5520e-03,0.145,0.025
4.5536e-03,0.22,0.315
4.5552e-03,0.135,0.02
4.5568e-03,0.115,0.315
4.5584e-03,0.14,0.005
4.5600e-03,0.085,0.325
4.5616e-03,0.21,0.04
4.5632e-03,0.1,0.3
4.5648e-03,0.21,0.01
4.5664e-03,0.115,0.315
4.5680e-03,0.1,0.015
4.5696e-03,0.225,0.32
4.5712e-03,0.12,0.025
4.5728e-03,0.25,0.315
4.5744e-03,0.175,0.025
4.5760e-03,0.155,0.305
4.5776e-03,0.27,0.015
4.5792e-03,0.185,0.315
4.5808e-03,0.205,0.01
4.5824e-03,0.11,0.325
4.5840e-03,0.165,0
4.5856e-03,0.19,0.335
4.5872e-03,0.205,0
4.5888e-03,0.19,0.325
4.5904e-03,0.12,0.005
4.5920e-03,0.125,0.33
4.5936e-03,0.12,0.02
4.5952e-03,0.085,0.305
4.5968e-03,0.15,0.025
4.5984e-03,0.085,0.305
4.6000e-03,0.15,0.01
4.6016e-03,0.115,0.315
4.6032e-03,0.135,0.015
4.6048e-03,0.205,0.31
4.6064e-03,0.145,0.025
4.6080e-03,0.11,0.31
4.6096e-03,0.16,0.02
4.6112e-03,0.155,0.31
4.6128e-03,0.19,0.025
4.6144e-03,0.065,0.305
4.6160e-03,0.125,0.02
4.6176e-03,0.095,0.315
4.6192e-03,0.19,0.02
4.6208e-03,0.205,0.31
4.6224e-03,0.155,0.02
4.6240e-03,0.16,0.315
4.6256e-03,0.205,0.01
4.6272e-03,0.105,0.32
4.6288e-03,0.265,0
4.6304e-03,0.155,0.335
4.6320e-03,0.23,-0.02
4.6336e-03,0.175,0.35
4.6352e-03,0.225,0.005
4.6368e-03,0.115,0.325
4.6384e-03,0.175,-0.02
4.6400e-03,0.145,0.35
4.6416e-03,0.175,0.02
4.6432e-03,0.2,0.31
4.6448e-03,0.255,-0.005
4.6464e-03,0.225,0.34
4.6480e-03,0.155,-0.005
4.6496e-03,0.19,0.335
4.6512e-03,0.195,0.005
4.6528e-03,0.28,0.325
4.6544e-03,0.135,-0.015
4.6560e-03,0.1,0.355
4.6576e-03,0.16,-0.015
4.6592e-03,0.1,0.345
4.6608e-03,0.26,-0.01
4.6624e-03,0.1,0.345
4.6640e-03,0.245,-0.005
4.6656e-03,0.115,0.345
4.6672e-03,0.25,0.02
4.6688e-03,0.125,0.32
4.6704e-03,0.125,-0.025
4.6720e-03,0.14,0.36
4.6736e-03,0.09,0.005
4.6752e-03,0.165,0.325
4.6768e-03,0.14,0
4.6784e-03,0.13,0.335
4.6800e-03,0.16,0.01
4.6816e-03,0.08,0.33
4.6832e-03,0.155,-0.005
4.6848e-03,0.215,0.34
4.6864e-03,0.195,0.005
4.6880e-03,0.235,0.335
4.6896e-03,0.11,0.01
4.6912e-03,0.21,0.33
4.6928e-03,0.18,-0.005
4.6944e-03,0.29,0.345
4.6960e-03,0.115,0
4.6976e-03,0.15,0.345
4.6992e-03,0.115,0
4.7008e-03,0.21,0.35
4.7024e-03,0.13,-0.005
4.7040e-03,0.155,0.35
4.7056e-03,0.065,-0.01
4.7072e-03,0.205,0.35
4.7088e-03,0.14,0.005
4.7104e-03,0.13,0.34
4.7120e-03,0.19,-0.015
4.7136e-03,0.14,0.355
4.7152e-03,0.205,0.015
4.7168e-03,0.15,0.325
4.7184e-03,0.195,0.02
4.7200e-03,0.205,0.32
4.7216e-03,0.16,0.01
4.7232e-03,0.205,0.33
4.7248e-03,0.08,0.005
4.7264e-03,0.3,0.35
4.7280e-03,0.205,0.025
4.7296e-03,0.245,0.32
4.7312e-03,0.19,-0.015
4.7328e-03,0.235,0.36
4.7344e-03,0.15,0.005
4.7360e-03,0.255,0.335
4.7376e-03,0.195,0.03
4.7392e-03,0.215,0.32
4.7408e-03,0.225,0.02
4.7424e-03,0.215,0.33
4.7440e-03,0.16,0.03
4.7456e-03,0.155,0.32
4.7472e-03,0.135,-0.005
4.7488e-03,0.235,0.35
4.7504e-03,0.11,0.005
4.7520e-03,0.205,0.345
4.7536e-03,0.16,0.015
4.7552e-03,0.12,0.335
4.7568e-03,0.18,0.025
4.7584e-03,0.15,0.325
4.7600e-03,0.17,0.03
4.7616e-03,0.16,0.315
4.7632e-03,0.06,-0.005
4.7648e-03,0.205,0.35
4.7664e-03,0.15,-0.005
4.7680e-03,0.16,0.36
4.7696e-03,0.165,0
4.7712e-03,0.075,0.36
4.7728e-03,0.21,0.03
4.7744e-03,0.145,0.32
4.7760e-03,0.17,0.03
4.7776e-03,0.12,0.315
4.7792e-03,0.08,0.03
4.7808e-03,0.135,0.32
4.7824e-03,0.185,0
4.7840e-03,0.15,0.345
4.7856e-03,0.24,0.025
4.7872e-03,0.225,0.325
4.7888e-03,0.165,-0.015
4.7904e-03,0.255,0.365
4.7920e-03,0.165,0.025
4.7936e-03,0.27,0.32
4.7952e-03,0.185,0.01
4.7968e-03,0.12,0.345
4.7984e-03,0.22,0.02
4.8000e-03,0.12,0.325
4.8016e-03,0.125,0.01
4.8032e-03,0.065,0.33
4.8048e-03,0.05,0
4.8064e-03,0.215,0.345
4.8080e-03,0.175,0.025
4.8096e-03,0.2,0.32
4.8112e-03,0.13,0.015
4.8128e-03,0.155,0.325
4.8144e-03,0.145,0.02
4.8160e-03,0.22,0.325
4.8176e-03,0.125,0.02
4.8192e-03,0.3,0.335
4.8208e-03,0.18,-0.005
4.8224e-03,0.155,0.35
4.8240e-03,0.2,0.015
4.8256e-03,0.15,0.33
4.8272e-03,0.135,-0.01
4.8288e-03,0.215,0.36
4.8304e-03,0.135,0.02
4.8320e-03,0.28,0.33
4.8336e-03,0.21,0.02
4.8352e-03,0.175,0.325
4.8368e-03,0.165,0.015
4.8384e-03,0.18,0.34
4.8400e-03,0.16,0.03
4.8416e-03,0.145,0.315
4.8432e-03,0.12,0.005
4.8448e-03,0.175,0.34
4.8464e-03,0.2,0.03
4.8480e-03,0.15,0.315
4.8496e-03,0.13,0.02
4.8512e-03,0.11,0.32
4.8528e-03,0.14,0.01
4.8544e-03,0.16,0.34
4.8560e-03,0.155,0.025
4.8576e-03,0.145,0.33
4.8592e-03,0.24,0.04
4.8608e-03,0.19,0.305
4.8624e-03,0.19,0.005
4.8640e-03,0.26,0.345
4.8656e-03,0.12,0
4.8672e-03,0.25,0.34
4.8688e-03,0.18,-0.01
4.8704e-03,0.25,0.355
4.8720e-03,0.275,-0.02
4.8736e-03,0.15,0.365
4.8752e-03,0.16,0
4.8768e-03,0.135,0.34
4.8784e-03,0.22,-0.015
4.8800e-03,0.23,0.365
4.8816e-03,0.195,-0.035
4.8832e-03,0.15,0.39
4.8848e-03,0.135,0.02
4.8864e-03,0.32,0.335
4.8880e-03,0.235,0.025
4.8896e-03,0.205,0.335
4.8912e-03,0.145,-0.02
4.8928e-03,0.18,0.375
4.8944e-03,0.19,0
4.8960e-03,0.255,0.34
4.8976e-03,0.2,-0.01
4.8992e-03,0.125,0.365
4.9008e-03,0.22,-0.005
4.9024e-03,0.145,0.355
4.9040e-03,0.23,0.02
4.9056e-03,0.11,0.33
4.9072e-03,0.115,0.01
4.9088e-03,0.1,0.34
4.9104e-03,0.21,0
4.9120e-03,0.17,0.355
4.9136e-03,0.22,-0.005
4.9152e-03,0.215,0.355
4.9168e-03,0.16,-0.015
4.9184e-03,0.225,0.365
4.9200e-03,0.245,0.02
4.9216e-03,0.205,0.33
4.9232e-03,0.11,-0.005
4.9248e-03,0.14,0.36
4.9264e-03,0.18,0.02
4.9280e-03,0.165,0.335
4.9296e-03,0.2,0.005
4.9312e-03,0.08,0.355
4.9328e-03,0.11,0.005
4.9344e-03,0.155,0.35
4.9360e-03,0.12,0.015
4.9376e-03,0.11,0.35
4.9392e-03,0.12,0.015
4.9408e-03,0.16,0.34
4.9424e-03,0.16,0
4.9440e-03,0.2,0.35
4.9456e-03,0.255,-0.015
4.9472e-03,0.15,0.375
4.9488e-03,0.27,0
4.9504e-03,0.27,0.355
4.9520e-03,0.18,0.025
4.9536e-03,0.2,0.33
4.9552e-03,0.22,0.01
4.9568e-03,0.2,0.355
4.9584e-03,0.23,0.005
4.9600e-03,0.21,0.35
4.9616e-03,0.115,0.02
4.9632e-03,0.25,0.34
4.9648e-03,0.145,0.005
4.9664e-03,0.17,0.35
4.9680e-03,0.075,-0.025
4.9696e-03,0.21,0.38
4.9712e-03,0.1,0.01
4.9728e-03,0.13,0.35
4.9744e-03,0.165,0.015
4.9760e-03,0.14,0.35
4.9776e-03,0.13,0.005
4.9792e-03,0.165,0.355
4.9808e-03,0.175,0.025
4.9824e-03,0.155,0.335
4.9840e-03,0.155,0.035
4.9856e-03,0.095,0.33
4.9872e-03,0.105,0.025
4.9888e-03,0.21,0.34
4.9904e-03,0.19,0.01
4.9920e-03,0.065,0.35
4.9936e-03,0.115,-0.005
4.9952e-03,0.185,0.37
4.9968e-03,0.26,0.02
4.9984e-03,0.2,0.335
5.0000e-03,0.2,0.035
5.0016e-03,0.19,0.325
5.0032e-03,0.19,0.02
5.0048e-03,0.255,0.335
5.0064e-03,0.275,-0.005
5.0080e-03,0.085,0.36
5.0096e-03,0.185,0.02
5.0112e-03,0.215,0.335
5.0128e-03,0.24,0.035
5.0144e-03,0.165,0.325
5.0160e-03,0.21,0.02
5.0176e-03,0.13,0.35
5.0192e-03,0.2,0.015
5.0208e-03,0.18,0.345
5.0224e-03,0.19,0.025
5.0240e-03,0.105,0.325
5.0256e-03,0.15,0.025
5.0272e-03,0.15,0.33
5.0288e-03,0.145,0.015
5.0304e-03,0.15,0.34
5.0320e-03,0.205,0.02
5.0336e-03,0.12,0.335
5.0352e-03,0.235,0.03
5.0368e-03,0.165,0.33
5.0384e-03,0.14,0
5.0400e-03,0.12,0.365
5.0416e-03,0.18,0.03
5.0432e-03,0.23,0.325
5.0448e-03,0.165,0.015
5.0464e-03,0.14,0.345
5.0480e-03,0.15,0.015
5.0496e-03,0.135,0.34
5.0512e-03,0.19,0.02
5.0528e-03,0.115,0.335
5.0544e-03,0.095,0.01
5.0560e-03,0.12,0.35
5.0576e-03,0.18,0.035
5.0592e-03,0.19,0.325
5.0608e-03,0.125,0.03
5.0624e-03,0.225,0.325
5.0640e-03,0.275,0.02
5.0656e-03,0.2,0.33
5.0672e-03,0.305,-0.02
5.0688e-03,0.23,0.37
5.0704e-03,0.225,0.01
5.0720e-03,0.13,0.35
5.0736e-03,0.285,0.045
5.0752e-03,0.085,0.31
5.0768e-03,0.235,0.01
5.0784e-03,0.135,0.34
5.0800e-03,0.185,0.01
5.0816e-03,0.25,0.35
5.0832e-03,0.28,0.045
5.0848e-03,0.205,0.32
5.0864e-03,0.16,0.01
5.0880e-03,0.23,0.34
5.0896e-03,0.23,0.005
5.0912e-03,0.165,0.355
5.0928e-03,0.21,0.05
5.0944e-03,0.155,0.31
5.0960e-03,0.18,0.035
5.0976e-03,0.195,0.325
5.0992e-03,0.175,0.03
5.1008e-03,0.075,0.34
5.1024e-03,0.125,0.015
5.1040e-03,0.225,0.35
5.1056e-03,0.125,0.015
5.1072e-03,0.225,0.345
5.1088e-03,0.12,0.015
5.1104e-03,0.165,0.35
5.1120e-03,0.14,0.02
5.1136e-03,0.255,0.34
5.1152e-03,0.09,0.01
5.1168e-03,0.19,0.34
5.1184e-03,0.125,0.025
5.1200e-03,0.215,0.345
5.1216e-03,0.185,0.025
5.1232e-03,0.265,0.335
5.1248e-03,0.195,0.015
5.1264e-03,0.135,0.35
5.1280e-03,0.215,-0.005
5.1296e-03,0.28,0.37
5.1312e-03,0.22,0
5.1328e-03,0.16,0.36
5.1344e-03,0.2,-0.01
5.1360e-03,0.19,0.375
5.1376e-03,0.26,0.035
5.1392e-03,0.24,0.335
5.1408e-03,0.115,0.025
5.1424e-03,0.09,0.335
5.1440e-03,0.2,0.045
5.1456e-03,0.145,0.33
5.1472e-03,0.17,0.015
5.1488e-03,0.14,0.35
5.1504e-03,0.105,0.025
5.1520e-03,0.085,0.34
5.1536e-03,0.205,0.02
5.1552e-03,0.18,0.335
5.1568e-03,0.19,0.04
5.1584e-03,0.17,0.33
5.1600e-03,0.13,0.02
5.1616e-03,0.175,0.35
5.1632e-03,0.26,-0.01
5.1648e-03,0.235,0.375
5.1664e-03,0.13,0.03
5.1680e-03,0.185,0.335
5.1696e-03,0.105,0.05
5.1712e-03,0.28,0.315
5.1728e-03,0.22,0.04
5.1744e-03,0.15,0.325
5.1760e-03,0.15,0.02
5.1776e-03,0.26,0.335
5.1792e-03,0.23,0.005
5.1808e-03,0.275,0.345
5.1824e-03,0.215,0.05
5.1840e-03,0.175,0.32
5.1856e-03,0.255,0.01
5.1872e-03,0.255,0.35
5.1888e-03,0.23,0.03
5.1904e-03,0.27,0.335
5.1920e-03,0.21,0.01
5.1936e-03,0.155,0.36
5.1952e-03,0.225,0.04
5.1968e-03,0.28,0.33
5.1984e-03,0.25,0.03
5.2000e-03,0.24,0.33
5.2016e-03,0.155,0.005
5.2032e-03,0.16,0.365
5.2048e-03,0.255,-0.01
5.2064e-03,0.25,0.37
5.2080e-03,0.155,0.05
5.2096e-03,0.16,0.315
5.2112e-03,0.055,0.02
5.2128e-03,0.195,0.345
5.2144e-03,0.2,0.04
5.2160e-03,0.155,0.335
5.2176e-03,0.12,0.045
5.2192e-03,0.15,0.325
5.2208e-03,0.165,0.02
5.2224e-03,0.265,0.345
5.2240e-03,0.185,0.035
5.2256e-03,0.235,0.34
5.2272e-03,0.175,0.03
5.2288e-03,0.225,0.345
5.2304e-03,0.295,0.035
5.2320e-03,0.27,0.335
5.2336e-03,0.14,0.01
5.2352e-03,0.21,0.355
5.2368e-03,0.185,0.025
5.2384e-03,0.26,0.34
5.2400e-03,0.225,0.02
5.2416e-03,0.07,0.345
5.2432e-03,0.14,0.04
5.2448e-03,0.16,0.33
5.2464e-03,0.16,0.03
5.2480e-03,0.225,0.34
5.2496e-03,0.195,0.015
5.2512e-03,0.16,0.355
5.2528e-03,0.23,0.01
5.2544e-03,0.16,0.36
5.2560e-03,0.24,0.05
5.2576e-03,0.26,0.325
5.2592e-03,0.23,-0.035
5.2608e-03,0.28,0.405
5.2624e-03,0.18,0.04
5.2640e-03,0.22,0.33
5.2656e-03,0.23,0.05
5.2672e-03,0.135,0.32
5.2688e-03,0.14,0.02
5.2704e-03,0.155,0.355
5.2720e-03,0.215,0.04
5.2736e-03,0.23,0.34
5.2752e-03,0.195,0.045
5.2768e-03,0.17,0.33
5.2784e-03,0.22,0.025
5.2800e-03,0.25,0.345
5.2816e-03,0.235,0.04
5.2832e-03,0.215,0.335
5.2848e-03,0.255,0.03
5.2864e-03,0.25,0.35
5.2880e-03,0.29,0.04
5.2896e-03,0.215,0.34
5.2912e-03,0.3,0.03
5.2928e-03,0.2,0.34
5.2944e-03,0.26,0.04
5.2960e-03,0.19,0.335
5.2976e-03,0.27,0.035
5.2992e-03,0.215,0.335
5.3008e-03,0.2,0.04
5.3024e-03,0.11,0.34
5.3040e-03,0.22,0.02
5.3056e-03,0.12,0.345
5.3072e-03,0.23,0.055
5.3088e-03,0.055,0.32
5.3104e-03,0.11,0.03
5.3120e-03,0.12,0.345
5.3136e-03,0.135,0.025
5.3152e-03,0.145,0.345
5.3168e-03,0.115,0.03
5.3184e-03,0.095,0.345
5.3200e-03,0.185,0.04
5.3216e-03,0.125,0.335
5.3232e-03,0.185,0.015
5.3248e-03,0.185,0.35
5.3264e-03,0.155,0.045
5.3280e-03,0.17,0.335
5.3296e-03,0.2,0.02
5.3312e-03,0.18,0.355
5.3328e-03,0.235,0.005
5.3344e-03,0.065,0.37
5.3360e-03,0.18,0.02
5.3376e-03,0.115,0.345
5.3392e-03,0.22,0.025
5.3408e-03,0.085,0.35
5.3424e-03,0.115,0.005
5.3440e-03,0.14,0.36
5.3456e-03,0.185,0.04
5.3472e-03,0.13,0.33
5.3488e-03,0.175,0.005
5.3504e-03,0.09,0.37
5.3520e-03,0.15,0.02
5.3536e-03,0.185,0.355
5.3552e-03,0.15,0.055
5.3568e-03,0.21,0.325
5.3584e-03,0.22,0.02
5.3600e-03,0.22,0.35
5.3616e-03,0.245,0.015
5.3632e-03,0.265,0.365
5.3648e-03,0.27,0.02
5.3664e-03,0.235,0.35
5.3680e-03,0.165,0.02
5.3696e-03,0.135,0.35
5.3712e-03,0.215,0.05
5.3728e-03,0.145,0.32
5.3744e-03,0.205,0.02
5.3760e-03,0.135,0.36
5.3776e-03,0.16,0.035
5.3792e-03,0.205,0.34
5.3808e-03,0.155,0.06
5.3824e-03,0.185,0.315
5.3840e-03,0.09,0.015
5.3856e-03,0.205,0.365
5.3872e-03,0.24,0.025
5.3888e-03,0.165,0.355
5.3904e-03,0.14,0.03
5.3920e-03,0.115,0.345
5.3936e-03,0.18,0.025
5.3952e-03,0.19,0.355
5.3968e-03,0.165,0.035
5.3984e-03,0.175,0.35
5.4000e-03,0.145,0.025
5.4016e-03,0.14,0.35
5.4032e-03,0.155,0.06
5.4048e-03,0.18,0.325
5.4064e-03,0.21,0.02
5.4080e-03,0.175,0.35
5.4096e-03,0.08,0.02
5.4112e-03,0.16,0.355
5.4128e-03,0.165,-0.015
5.4144e-03,0.19,0.41
5.4160e-03,0.2,0.05
5.4176e-03,0.09,0.335
5.4192e-03,0.15,0.025
5.4208e-03,0.16,0.355
5.4224e-03,0.18,0.045
5.4240e-03,0.18,0.345
5.4256e-03,0.085,0.005
5.4272e-03,0.185,0.38
5.4288e-03,0.21,0.035
5.4304e-03,0.165,0.345
5.4320e-03,0.245,0.045
5.4336e-03,0.18,0.335
5.4352e-03,0.28,0.03
5.4368e-03,0.235,0.355
5.4384e-03,0.24,0.05
5.4400e-03,0.24,0.33
5.4416e-03,0.225,0.04
5.4432e-03,0.17,0.34
5.4448e-03,0.205,0.01
5.4464e-03,0.08,0.375
5.4480e-03,0.22,0.05
5.4496e-03,0.17,0.33
5.4512e-03,0.165,0.02
5.4528e-03,0.18,0.365
5.4544e-03,0.16,0.045
5.4560e-03,0.105,0.33
5.4576e-03,0.21,0.01
5.4592e-03,0.22,0.38
5.4608e-03,0.26,0.035
5.4624e-03,0.26,0.345
5.4640e-03,0.195,0.04
5.4656e-03,0.155,0.35
5.4672e-03,0.215,0.03
5.4688e-03,0.14,0.35
5.4704e-03,0.28,0.035
5.4720e-03,0.105,0.345
5.4736e-03,0.215,0.005
5.4752e-03,0.155,0.38
5.4768e-03,0.245,0.05
5.4784e-03,0.165,0.335
5.4800e-03,0.165,0.01
5.4816e-03,0.11,0.37
5.4832e-03,0.27,0.045
5.4848e-03,0.18,0.335
5.4864e-03,0.19,0.05
5.4880e-03,0.195,0.33
5.4896e-03,0.195,0.015
5.4912e-03,0.275,0.365
5.4928e-03,0.245,0.05
5.4944e-03,0.195,0.34
5.4960e-03,0.25,0.05
5.4976e-03,0.19,0.335
5.4992e-03,0.255,0.005
5.5008e-03,0.185,0.375
5.5024e-03,0.245,0.045
5.5040e-03,0.18,0.34
5.5056e-03,0.23,0.045
5.5072e-03,0.215,0.335
5.5088e-03,0.335,0.04
5.5104e-03,0.18,0.34
5.5120e-03,0.22,0.04
5.5136e-03,0.155,0.34
5.5152e-03,0.265,0.01
5.5168e-03,0.155,0.375
5.5184e-03,0.335,0.05
5.5200e-03,0.085,0.335
5.5216e-03,0.265,0.005
5.5232e-03,0.205,0.385
5.5248e-03,0.21,0.055
5.5264e-03,0.195,0.33
5.5280e-03,0.215,0.055
5.5296e-03,0.185,0.325
5.5312e-03,0.28,0.02
5.5328e-03,0.17,0.37
5.5344e-03,0.165,0.025
5.5360e-03,0.2,0.36
5.5376e-03,0.145,0.055
5.5392e-03,0.175,0.335
5.5408e-03,0.165,0.04
5.5424e-03,0.16,0.345
5.5440e-03,0.165,0.045
5.5456e-03,0.205,0.34
5.5472e-03,0.195,0.035
5.5488e-03,0.21,0.355
5.5504e-03,0.205,0.03
5.5520e-03,0.14,0.36
5.5536e-03,0.215,0.045
5.5552e-03,0.275,0.35
5.5568e-03,0.185,0.045
5.5584e-03,0.195,0.34
5.5600e-03,0.165,0.035
5.5616e-03,0.205,0.35
5.5632e-03,0.24,0.025
5.5648e-03,0.27,0.355
5.5664e-03,0.135,0.05
5.5680e-03,0.13,0.345
5.5696e-03,0.195,0.07
5.5712e-03,0.15,0.315
5.5728e-03,0.205,0.025
5.5744e-03,0.21,0.37
5.5760e-03,0.135,0.045
5.5776e-03,0.125,0.35
5.5792e-03,0.16,0.05
5.5808e-03,0.235,0.345
5.5824e-03,0.205,0.05
5.5840e-03,0.28,0.335
5.5856e-03,0.225,0.045
5.5872e-03,0.195,0.345
5.5888e-03,0.315,0.015
5.5904e-03,0.155,0.365
5.5920e-03,0.13,0.045
5.5936e-03,0.11,0.34
5.5952e-03,0.23,0.04
5.5968e-03,0.18,0.345
5.5984e-03,0.215,0.045
5.6000e-03,0.155,0.345
5.6016e-03,0.195,0.055
5.6032e-03,0.19,0.33
5.6048e-03,0.245,0.04
5.6064e-03,0.14,0.34
5.6080e-03,0.265,0.015
5.6096e-03,0.185,0.365
5.6112e-03,0.275,0.04
5.6128e-03,0.22,0.345
5.6144e-03,0.285,0.035
5.6160e-03,0.21,0.355
5.6176e-03,0.2,0.045
5.6192e-03,0.265,0.34
5.6208e-03,0.24,0.035
5.6224e-03,0.185,0.35
5.6240e-03,0.155,0.05
5.6256e-03,0.145,0.34
5.6272e-03,0.085,0.035
5.6288e-03,0.19,0.355
5.6304e-03,0.15,0.035
5.6320e-03,0.12,0.355
5.6336e-03,0.01,0.025
5.6352e-03,0.24,0.355
5.6368e-03,0.145,0
5.6384e-03,0.18,0.385
5.6400e-03,0.14,0.03
5.6416e-03,0.21,0.36
5.6432e-03,0.195,0.06
5.6448e-03,0.28,0.325
5.6464e-03,0.225,0.035
5.6480e-03,0.2,0.35
5.6496e-03,0.275,0.02
5.6512e-03,0.29,0.37
5.6528e-03,0.225,0.02
5.6544e-03,0.21,0.36
5.6560e-03,0.24,0.06
5.6576e-03,0.185,0.325
5.6592e-03,0.185,0.03
5.6608e-03,0.235,0.365
5.6624e-03,0.105,0.035
5.6640e-03,0.205,0.345
5.6656e-03,0.12,0.04
5.6672e-03,0.165,0.345
5.6688e-03,0.11,0.015
5.6704e-03,0.23,0.38
5.6720e-03,0.125,0.045
5.6736e-03,0.135,0.34
5.6752e-03,0.17,0.05
5.6768e-03,0.305,0.335
5.6784e-03,0.205,0.03
5.6800e-03,0.275,0.355
5.6816e-03,0.18,0.04
5.6832e-03,0.22,0.355
5.6848e-03,0.18,0.05
5.6864e-03,0.195,0.345
5.6880e-03,0.1,0.05
5.6896e-03,0.14,0.34
5.6912e-03,0.26,0.055
5.6928e-03,0.235,0.335
5.6944e-03,0.24,0.035
5.6960e-03,0.2,0.35
5.6976e-03,0.24,0.055
5.6992e-03,0.245,0.34
5.7008e-03,0.295,0.04
5.7024e-03,0.215,0.355
5.7040e-03,0.175,0.02
5.7056e-03,0.19,0.375
5.7072e-03,0.255,0.045
5.7088e-03,0.205,0.35
5.7104e-03,0.265,0.03
5.7120e-03,0.105,0.375
5.7136e-03,0.165,0.055
5.7152e-03,0.19,0.34
5.7168e-03,0.24,0.05
5.7184e-03,0.175,0.35
5.7200e-03,0.065,0.055
5.7216e-03,0.155,0.345
5.7232e-03,0.105,0.05
5.7248e-03,0.265,0.345
5.7264e-03,0.195,0.045
5.7280e-03,0.165,0.36
5.7296e-03,0.125,0.06
5.7312e-03,0.215,0.335
5.7328e-03,0.23,0.05
5.7344e-03,0.14,0.35
5.7360e-03,0.24,0.025
5.7376e-03,0.17,0.37
5.7392e-03,0.23,0.07
5.7408e-03,0.235,0.325
5.7424e-03,0.245,0.01
5.7440e-03,0.225,0.385
5.7456e-03,0.195,0.02
5.7472e-03,0.155,0.375
5.7488e-03,0.145,0.035
5.7504e-03,0.17,0.355
5.7520e-03,0.22,0.055
5.7536e-03,0.065,0.345
5.7552e-03,0.185,0.03
5.7568e-03,0.205,0.375
5.7584e-03,0.215,0.06
5.7600e-03,0.2,0.34
5.7616e-03,0.145,0.045
5.7632e-03,0.17,0.355
5.7648e-03,0.245,0.045
5.7664e-03,0.25,0.36
5.7680e-03,0.15,0.06
5.7696e-03,0.135,0.34
5.7712e-03,0.185,0.03
5.7728e-03,0.175,0.365
5.7744e-03,0.14,0.055
5.7760e-03,0.125,0.335
5.7776e-03,0.215,0.055
5.7792e-03,0.115,0.34
5.7808e-03,0.235,0.06
5.7824e-03,0.215,0.335
5.7840e-03,0.275,0.04
5.7856e-03,0.24,0.36
5.7872e-03,0.21,0.055
5.7888e-03,0.195,0.34
5.7904e-03,0.165,0.03
5.7920e-03,0.21,0.365
5.7936e-03,0.205,0.055
5.7952e-03,0.115,0.34
5.7968e-03,0.14,0.04
5.7984e-03,0.185,0.355
5.8000e-03,0.215,0.05
5.8016e-03,0.11,0.355
5.8032e-03,0.16,0.04
5.8048e-03,0.13,0.36
5.8064e-03,0.205,0.055
5.8080e-03,0.25,0.345
5.8096e-03,0.215,0.05
5.8112e-03,0.18,0.35
5.8128e-03,0.18,0.035
5.8144e-03,0.335,0.365
5.8160e-03,0.24,-0.005
5.8176e-03,0.265,0.395
5.8192e-03,0.205,0.06
5.8208e-03,0.24,0.33
5.8224e-03,0.215,0.06
5.8240e-03,0.23,0.34
5.8256e-03,0.225,0.055
5.8272e-03,0.205,0.355
5.8288e-03,0.115,0.02
5.8304e-03,0.195,0.385
5.8320e-03,0.215,0.055
5.8336e-03,0.27,0.35
5.8352e-03,0.195,0.055
5.8368e-03,0.1,0.345
5.8384e-03,0.15,0.06
5.8400e-03,0.19,0.345
5.8416e-03,0.235,0.025
5.8432e-03,0.195,0.38
5.8448e-03,0.195,0.07
5.8464e-03,0.245,0.345
5.8480e-03,0.2,0.07
5.8496e-03,0.21,0.335
5.8512e-03,0.305,0.04
5.8528e-03,0.21,0.36
5.8544e-03,0.27,0.065
5.8560e-03,0.205,0.335
5.8576e-03,0.32,0.055
5.8592e-03,0.245,0.345
5.8608e-03,0.175,0.025
5.8624e-03,0.245,0.385
5.8640e-03,0.195,0.045
5.8656e-03,0.24,0.36
5.8672e-03,0.2,0.06
5.8688e-03,0.24,0.345
5.8704e-03,0.205,0.05
5.8720e-03,0.245,0.355
5.8736e-03,0.285,0.04
5.8752e-03,0.305,0.365
5.8768e-03,0.25,0.045
5.8784e-03,0.26,0.36
5.8800e-03,0.225,0.04
5.8816e-03,0.31,0.365
5.8832e-03,0.195,0.025
5.8848e-03,0.26,0.38
5.8864e-03,0.2,0.04
5.8880e-03,0.21,0.36
5.8896e-03,0.165,0.035
5.8912e-03,0.16,0.365
5.8928e-03,0.25,0.045
5.8944e-03,0.195,0.36
5.8960e-03,0.16,0.055
5.8976e-03,0.265,0.345
5.8992e-03,0.2,0.04
5.9008e-03,0.26,0.37
5.9024e-03,0.195,0.045
5.9040e-03,0.225,0.355
5.9056e-03,0.19,0.06
5.9072e-03,0.23,0.35
5.9088e-03,0.205,0.02
5.9104e-03,0.12,0.385
5.9120e-03,0.07,0.045
5.9136e-03,0.175,0.36
5.9152e-03,0.155,0.06
5.9168e-03,0.23,0.34
5.9184e-03,0.15,0.035
5.9200e-03,0.26,0.365
5.9216e-03,0.105,0.055
5.9232e-03,0.26,0.35
5.9248e-03,0.285,0.03
5.9264e-03,0.26,0.38
5.9280e-03,0.17,0.05
5.9296e-03,0.16,0.355
5.9312e-03,0.215,0.06
5.9328e-03,0.26,0.345
5.9344e-03,0.29,0.065
5.9360e-03,0.205,0.335
5.9376e-03,0.26,0.02
5.9392e-03,0.125,0.39
5.9408e-03,0.31,0.055
5.9424e-03,0.28,0.35
5.9440e-03,0.265,0.07
5.9456e-03,0.21,0.345
5.9472e-03,0.24,0.06
5.9488e-03,0.26,0.345
5.9504e-03,0.19,0.04
5.9520e-03,0.225,0.365
5.9536e-03,0.195,0.04
5.9552e-03,0.19,0.365
5.9568e-03,0.225,0.06
5.9584e-03,0.225,0.35
5.9600e-03,0.245,0.055
5.9616e-03,0.12,0.35
5.9632e-03,0.21,0.05
5.9648e-03,0.165,0.36
5.9664e-03,0.165,0.025
5.9680e-03,0.18,0.38
5.9696e-03,0.105,0.04
5.9712e-03,0.12,0.375
5.9728e-03,0.15,0.035
5.9744e-03,0.24,0.375
5.9760e-03,0.155,0.06
5.9776e-03,0.135,0.355
5.9792e-03,0.18,0.04
5.9808e-03,0.26,0.375
5.9824e-03,0.205,0.06
5.9840e-03,0.215,0.35
5.9856e-03,0.15,0.035
5.9872e-03,0.205,0.375
5.9888e-03,0.215,0.045
5.9904e-03,0.265,0.365
5.9920e-03,0.26,0.055
5.9936e-03,0.225,0.355
5.9952e-03,0.255,0.045
5.9968e-03,0.205,0.365
5.9984e-03,0.23,0.065
6.0000e-03,0.16,0.35
6.0016e-03,0.195,0.055
6.0032e-03,0.235,0.365
6.0048e-03,0.195,0.06
6.0064e-03,0.155,0.355
6.0080e-03,0.23,0.02
6.0096e-03,0.255,0.405
6.0112e-03,0.26,0.03
6.0128e-03,0.165,0.385
6.0144e-03,0.305,0.055
6.0160e-03,0.195,0.365
6.0176e-03,0.23,0.035
6.0192e-03,0.175,0.385
6.0208e-03,0.235,0.06
6.0224e-03,0.195,0.35
6.0240e-03,0.18,0.055
6.0256e-03,0.19,0.36
6.0272e-03,0.17,0.035
6.0288e-03,0.195,0.37
6.0304e-03,0.25,0.025
6.0320e-03,0.25,0.39
6.0336e-03,0.19,0.055
6.0352e-03,0.175,0.37
6.0368e-03,0.23,0.04
6.0384e-03,0.155,0.37
6.0400e-03,0.19,0.04
6.0416e-03,0.14,0.375
6.0432e-03,0.24,0.04
6.0448e-03,0.08,0.375
6.0464e-03,0.21,0.07
6.0480e-03,0.18,0.35
6.0496e-03,0.29,0.05
6.0512e-03,0.165,0.37
6.0528e-03,0.21,0.025
6.0544e-03,0.275,0.385
6.0560e-03,0.21,0.02
6.0576e-03,0.27,0.39
6.0592e-03,0.19,0.065
6.0608e-03,0.21,0.345
6.0624e-03,0.135,0.04
6.0640e-03,0.225,0.375
6.0656e-03,0.2,0.06
6.0672e-03,0.145,0.345
6.0688e-03,0.205,0.05
6.0704e-03,0.22,0.355
6.0720e-03,0.27,0.055
6.0736e-03,0.17,0.355
6.0752e-03,0.245,0.045
6.0768e-03,0.175,0.365
6.0784e-03,0.17,0.06
6.0800e-03,0.185,0.355
6.0816e-03,0.275,0.05
6.0832e-03,0.215,0.365
6.0848e-03,0.175,0.065
6.0864e-03,0.145,0.345
6.0880e-03,0.23,0.06
6.0896e-03,0.25,0.35
6.0912e-03,0.22,0.02
6.0928e-03,0.22,0.38
6.0944e-03,0.165,0.05
6.0960e-03,0.22,0.36
6.0976e-03,0.205,0.055
6.0992e-03,0.225,0.365
6.1008e-03,0.175,0.05
6.1024e-03,0.165,0.355
6.1040e-03,0.305,0.02
6.1056e-03,0.155,0.39
6.1072e-03,0.185,0.065
6.1088e-03,0.13,0.36
6.1104e-03,0.22,0.04
6.1120e-03,0.22,0.365
6.1136e-03,0.19,0.055
6.1152e-03,0.235,0.36
6.1168e-03,0.145,0.04
6.1184e-03,0.21,0.365
6.1200e-03,0.22,0.07
6.1216e-03,0.17,0.345
6.1232e-03,0.155,0.06
6.1248e-03,0.145,0.355
6.1264e-03,0.19,0.065
6.1280e-03,0.145,0.35
6.1296e-03,0.185,0.03
6.1312e-03,0.14,0.39
6.1328e-03,0.11,0.04
6.1344e-03,0.2,0.375
6.1360e-03,0.22,0.05
6.1376e-03,0.1,0.37
6.1392e-03,0.22,0.03
6.1408e-03,0.145,0.375
6.1424e-03,0.245,0.055
6.1440e-03,0.165,0.35
6.1456e-03,0.195,0.07
6.1472e-03,0.17,0.35
6.1488e-03,0.105,0.065
6.1504e-03,0.26,0.35
6.1520e-03,0.185,0.04
6.1536e-03,0.135,0.375
6.1552e-03,0.24,0.06
6.1568e-03,0.215,0.355
6.1584e-03,0.315,0.055
6.1600e-03,0.26,0.36
6.1616e-03,0.25,0.045
6.1632e-03,0.185,0.38
6.1648e-03,0.23,0.065
6.1664e-03,0.27,0.355
6.1680e-03,0.225,0.07
6.1696e-03,0.15,0.35
6.1712e-03,0.18,0.045
6.1728e-03,0.14,0.37
6.1744e-03,0.25,0.04
6.1760e-03,0.195,0.37
6.1776e-03,0.195,0.065
6.1792e-03,0.175,0.355
6.1808e-03,0.27,0.06
6.1824e-03,0.255,0.36
6.1840e-03,0.275,0.035
6.1856e-03,0.16,0.39
6.1872e-03,0.16,0.055
6.1888e-03,0.29,0.365
6.1904e-03,0.245,0.075
6.1920e-03,0.23,0.35
6.1936e-03,0.27,0.05
6.1952e-03,0.165,0.37
6.1968e-03,0.3,0.07
6.1984e-03,0.23,0.35
6.2000e-03,0.225,0.065
6.2016e-03,0.215,0.365
6.2032e-03,0.205,0.07
6.2048e-03,0.225,0.355
6.2064e-03,0.175,0.05
6.2080e-03,0.185,0.37
6.2096e-03,0.065,0.08
6.2112e-03,0.215,0.345
6.2128e-03,0.11,0.065
6.2144e-03,0.255,0.36
6.2160e-03,0.175,0.045
6.2176e-03,0.21,0.375
6.2192e-03,0.17,0.065
6.2208e-03,0.245,0.355
6.2224e-03,0.235,0.05
6.2240e-03,0.285,0.375
6.2256e-03,0.265,0.07
6.2272e-03,0.18,0.35
6.2288e-03,0.3,0.04
6.2304e-03,0.205,0.39
6.2320e-03,0.27,0.055
6.2336e-03,0.2,0.365
6.2352e-03,0.18,0.065
6.2368e-03,0.33,0.36
6.2384e-03,0.17,0.04
6.2400e-03,0.27,0.38
6.2416e-03,0.24,0.05
6.2432e-03,0.285,0.37
6.2448e-03,0.255,0.06
6.2464e-03,0.25,0.36
6.2480e-03,0.19,0.075
6.2496e-03,0.235,0.34
6.2512e-03,0.24,0.065
6.2528e-03,0.25,0.355
6.2544e-03,0.18,0.045
6.2560e-03,0.195,0.37
6.2576e-03,0.205,0.06
6.2592e-03,0.28,0.36
6.2608e-03,0.25,0.07
6.2624e-03,0.245,0.35
6.2640e-03,0.22,0.05
6.2656e-03,0.225,0.365
6.2672e-03,0.235,0.065
6.2688e-03,0.245,0.36
6.2704e-03,0.265,0.055
6.2720e-03,0.265,0.365
6.2736e-03,0.165,0.035
6.2752e-03,0.19,0.385
6.2768e-03,0.25,0.04
6.2784e-03,0.185,0.38
6.2800e-03,0.205,0.05
6.2816e-03,0.17,0.37
6.2832e-03,0.255,0.055
6.2848e-03,0.295,0.37
6.2864e-03,0.175,0.05
6.2880e-03,0.165,0.37
6.2896e-03,0.15,0.03
6.2912e-03,0.18,0.39
6.2928e-03,0.19,0.055
6.2944e-03,0.115,0.365
6.2960e-03,0.155,0.05
6.2976e-03,0.22,0.37
6.2992e-03,0.215,0.06
6.3008e-03,0.275,0.355
6.3024e-03,0.25,0.03
6.3040e-03,0.24,0.39
6.3056e-03,0.225,0.055
6.3072e-03,0.255,0.36
6.3088e-03,0.2,0.045
6.3104e-03,0.23,0.38
6.3120e-03,0.16,0.06
6.3136e-03,0.23,0.36
6.3152e-03,0.23,0.07
6.3168e-03,0.21,0.355
6.3184e-03,0.285,0.04
6.3200e-03,0.08,0.385
6.3216e-03,0.105,0.055
6.3232e-03,0.235,0.37
6.3248e-03,0.21,0.07
6.3264e-03,0.23,0.365
6.3280e-03,0.22,0.06
6.3296e-03,0.125,0.37
6.3312e-03,0.28,0.065
6.3328e-03,0.27,0.365
6.3344e-03,0.195,0.055
6.3360e-03,0.27,0.37
6.3376e-03,0.27,0.04
6.3392e-03,0.235,0.39
6.3408e-03,0.26,0.05
6.3424e-03,0.17,0.38
6.3440e-03,0.25,0.035
6.3456e-03,0.24,0.39
6.3472e-03,0.31,0
6.3488e-03,0.26,0.43
6.3504e-03,0.3,0.055
6.3520e-03,0.21,0.375
6.3536e-03,0.26,0.05
6.3552e-03,0.24,0.39
6.3568e-03,0.27,0.08
6.3584e-03,0.215,0.35
6.3600e-03,0.205,0.055
6.3616e-03,0.145,0.375
6.3632e-03,0.275,0.025
6.3648e-03,0.21,0.4
6.3664e-03,0.24,0.065
6.3680e-03,0.19,0.36
6.3696e-03,0.22,0.065
6.3712e-03,0.33,0.375
6.3728e-03,0.32,0.065
6.3744e-03,0.255,0.365
6.3760e-03,0.285,0.05
6.3776e-03,0.2,0.375
6.3792e-03,0.265,0.035
6.3808e-03,0.23,0.395
6.3824e-03,0.125,0.045
6.3840e-03,0.205,0.39
6.3856e-03,0.205,0.07
6.3872e-03,0.285,0.365
6.3888e-03,0.275,0.03
6.3904e-03,0.175,0.4
6.3920e-03,0.265,0.06
6.3936e-03,0.11,0.36
6.3952e-03,0.22,0.06
6.3968e-03,0.18,0.375
6.3984e-03,0.18,0.065
6.4000e-03,0.215,0.36
6.4016e-03,0.195,0.07
6.4032e-03,0.195,0.36
6.4048e-03,0.18,0.05
6.4064e-03,0.16,0.385
6.4080e-03,0.08,0.06
6.4096e-03,0.22,0.365
6.4112e-03,0.2,0.02
6.4128e-03,0.245,0.4
6.4144e-03,0.2,0.045
6.4160e-03,0.135,0.385
6.4176e-03,0.205,0.035
6.4192e-03,0.31,0.395
6.4208e-03,0.135,0.06
6.4224e-03,0.24,0.375
6.4240e-03,0.16,0.045
6.4256e-03,0.28,0.38
6.4272e-03,0.31,0.065
6.4288e-03,0.245,0.365
6.4304e-03,0.195,0.07
6.4320e-03,0.25,0.355
6.4336e-03,0.225,0.065
6.4352e-03,0.25,0.365
6.4368e-03,0.245,0.035
6.4384e-03,0.19,0.39
6.4400e-03,0.125,0.04
6.4416e-03,0.2,0.395
6.4432e-03,0.125,0.055
6.4448e-03,0.275,0.375
6.4464e-03,0.18,0.035
6.4480e-03,0.15,0.4
6.4496e-03,0.14,0.045
6.4512e-03,0.23,0.385
6.4528e-03,0.19,0.065
6.4544e-03,0.225,0.365
6.4560e-03,0.17,0.08
6.4576e-03,0.11,0.35
6.4592e-03,0.255,0.065
6.4608e-03,0.2,0.37
6.4624e-03,0.175,0.08
6.4640e-03,0.1,0.36
6.4656e-03,0.18,0.065
6.4672e-03,0.175,0.36
6.4688e-03,0.22,0.075
6.4704e-03,0.26,0.36
6.4720e-03,0.16,0.08
6.4736e-03,0.2,0.36
6.4752e-03,0.22,0.015
6.4768e-03,0.14,0.41
6.4784e-03,0.28,0.075
6.4800e-03,0.205,0.365
6.4816e-03,0.27,0.055
6.4832e-03,0.145,0.38
6.4848e-03,0.28,0.06
6.4864e-03,0.235,0.37
6.4880e-03,0.255,0.05
6.4896e-03,0.205,0.39
6.4912e-03,0.25,0.075
6.4928e-03,0.22,0.355
6.4944e-03,0.31,0.05
6.4960e-03,0.215,0.385
6.4976e-03,0.23,0.07
6.4992e-03,0.23,0.37
6.5008e-03,0.335,0.05
6.5024e-03,0.22,0.385
6.5040e-03,0.3,0.05
6.5056e-03,0.25,0.385
6.5072e-03,0.295,0.06
6.5088e-03,0.275,0.385
6.5104e-03,0.285,0.065
6.5120e-03,0.195,0.37
6.5136e-03,0.19,0.02
6.5152e-03,0.28,0.415
6.5168e-03,0.22,0.065
6.5184e-03,0.255,0.37
6.5200e-03,0.19,0.075
6.5216e-03,0.225,0.36
6.5232e-03,0.07,0.075
6.5248e-03,0.23,0.355
6.5264e-03,0.16,0.045
6.5280e-03,0.28,0.395
6.5296e-03,0.105,0.055
6.5312e-03,0.18,0.385
6.5328e-03,0.22,0.07
6.5344e-03,0.26,0.37
6.5360e-03,0.23,0.07
6.5376e-03,0.28,0.365
6.5392e-03,0.23,0.045
6.5408e-03,0.26,0.395
6.5424e-03,0.245,0.065
6.5440e-03,0.225,0.37
6.5456e-03,0.195,0.06
6.5472e-03,0.23,0.375
6.5488e-03,0.3,0.045
6.5504e-03,0.215,0.39
6.5520e-03,0.3,0.04
6.5536e-03,0.24,0.4
6.5552e-03,0.225,0.065
6.5568e-03,0.19,0.37
6.5584e-03,0.34,0
6.5600e-03,0.235,0.435
6.5616e-03,0.24,0.055
6.5632e-03,0.18,0.385
6.5648e-03,0.205,0.015
6.5664e-03,0.15,0.42
6.5680e-03,0.305,0.065
6.5696e-03,0.2,0.37
6.5712e-03,0.2,0.05
6.5728e-03,0.22,0.385
6.5744e-03,0.21,0.065
6.5760e-03,0.215,0.375
6.5776e-03,0.16,0.065
6.5792e-03,0.275,0.375
6.5808e-03,0.07,0.05
6.5824e-03,0.21,0.39
6.5840e-03,0.215,0.04
6.5856e-03,0.24,0.395
6.5872e-03,0.235,0.055
6.5888e-03,0.195,0.39
6.5904e-03,0.095,0.03
6.5920e-03,0.21,0.405
6.5936e-03,0.305,0.04
6.5952e-03,0.24,0.395
6.5968e-03,0.25,0.05
6.5984e-03,0.215,0.39
6.6000e-03,0.24,0.025
6.6016e-03,0.31,0.41
6.6032e-03,0.285,0.05
6.6048e-03,0.245,0.39
6.6064e-03,0.23,0.06
6.6080e-03,0.185,0.385
6.6096e-03,0.15,0.085
6.6112e-03,0.255,0.35
6.6128e-03,0.27,0.05
6.6144e-03,0.18,0.385
6.6160e-03,0.17,0.05
6.6176e-03,0.185,0.385
6.6192e-03,0.18,0.05
6.6208e-03,0.27,0.39
6.6224e-03,0.15,0.06
6.6240e-03,0.17,0.38
6.6256e-03,0.175,0.045
6.6272e-03,0.24,0.395
6.6288e-03,0.195,0.075
6.6304e-03,0.17,0.37
6.6320e-03,0.15,0.075
6.6336e-03,0.19,0.37
6.6352e-03,0.23,0.045
6.6368e-03,0.235,0.4
6.6384e-03,0.155,0.08
6.6400e-03,0.275,0.355
6.6416e-03,0.215,0.03
6.6432e-03,0.21,0.4
6.6448e-03,0.2,0.04
6.6464e-03,0.2,0.39
6.6480e-03,0.215,0.055
6.6496e-03,0.275,0.39
6.6512e-03,0.21,0.075
6.6528e-03,0.215,0.365
6.6544e-03,0.155,0.06
6.6560e-03,0.21,0.375
6.6576e-03,0.225,0.05
6.6592e-03,0.35,0.39
6.6608e-03,0.22,0.07
6.6624e-03,0.26,0.365
6.6640e-03,0.21,0.06
6.6656e-03,0.265,0.38
6.6672e-03,0.305,0.07
6.6688e-03,0.26,0.37
6.6704e-03,0.205,0.08
6.6720e-03,0.13,0.36
6.6736e-03,0.305,0.045
6.6752e-03,0.22,0.395
6.6768e-03,0.3,0.065
6.6784e-03,0.235,0.375
6.6800e-03,0.205,0.025
6.6816e-03,0.265,0.415
6.6832e-03,0.26,0.045
6.6848e-03,0.22,0.39
6.6864e-03,0.21,0.06
6.6880e-03,0.145,0.38
6.6896e-03,0.185,0.065
6.6912e-03,0.17,0.375
6.6928e-03,0.205,0.05
6.6944e-03,0.175,0.4
6.6960e-03,0.24,0.05
6.6976e-03,0.13,0.4
6.6992e-03,0.25,0.055
6.7008e-03,0.185,0.395
6.7024e-03,0.215,0.065
6.7040e-03,0.175,0.37
6.7056e-03,0.24,0.045
6.7072e-03,0.205,0.395
6.7088e-03,0.34,0.035
6.7104e-03,0.135,0.415
6.7120e-03,0.2,0.045
6.7136e-03,0.21,0.395
6.7152e-03,0.27,0.06
6.7168e-03,0.305,0.38
6.7184e-03,0.235,0.085
6.7200e-03,0.185,0.36
6.7216e-03,0.22,0.07
6.7232e-03,0.27,0.38
6.7248e-03,0.255,0.075
6.7264e-03,0.21,0.365
6.7280e-03,0.22,0.08
6.7296e-03,0.2,0.36
6.7312e-03,0.26,0.075
6.7328e-03,0.24,0.375
6.7344e-03,0.28,0.03
6.7360e-03,0.18,0.415
6.7376e-03,0.255,0.04
6.7392e-03,0.15,0.4
6.7408e-03,0.26,0.05
6.7424e-03,0.27,0.4
6.7440e-03,0.23,0.065
6.7456e-03,0.19,0.385
6.7472e-03,0.265,0.08
6.7488e-03,0.21,0.37
6.7504e-03,0.265,0.085
6.7520e-03,0.19,0.36
6.7536e-03,0.24,0.07
6.7552e-03,0.215,0.39
6.7568e-03,0.195,0.08
6.7584e-03,0.155,0.37
6.7600e-03,0.2,0.07
6.7616e-03,0.235,0.385
6.7632e-03,0.21,0.08
6.7648e-03,0.22,0.375
6.7664e-03,0.205,0.045
6.7680e-03,0.24,0.41
6.7696e-03,0.265,0.065
6.7712e-03,0.2,0.395
6.7728e-03,0.16,0.065
6.7744e-03,0.22,0.39
6.7760e-03,0.18,0.065
6.7776e-03,0.195,0.38
6.7792e-03,0.185,0.03
6.7808e-03,0.2,0.415
6.7824e-03,0.135,0.05
6.7840e-03,0.205,0.405
6.7856e-03,0.22,0.055
6.7872e-03,0.275,0.395
6.7888e-03,0.245,0.035
6.7904e-03,0.225,0.415
6.7920e-03,0.18,0.06
6.7936e-03,0.27,0.39
6.7952e-03,0.23,0.06
6.7968e-03,0.27,0.4
6.7984e-03,0.225,0.06
6.8000e-03,0.3,0.39
6.8016e-03,0.27,0.07
6.8032e-03,0.29,0.385
6.8048e-03,0.22,0.055
6.8064e-03,0.18,0.4
6.8080e-03,0.285,0.075
6.8096e-03,0.325,0.37
6.8112e-03,0.2,0.055
6.8128e-03,0.135,0.395
6.8144e-03,0.235,0.065
6.8160e-03,0.21,0.39
6.8176e-03,0.28,0.065
6.8192e-03,0.225,0.385
6.8208e-03,0.16,0.085
6.8224e-03,0.165,0.365
6.8240e-03,0.185,0.075
6.8256e-03,0.2,0.37
6.8272e-03,0.23,0.075
6.8288e-03,0.22,0.37
6.8304e-03,0.175,0.055
6.8320e-03,0.165,0.39
6.8336e-03,0.3,0.065
6.8352e-03,0.19,0.385
6.8368e-03,0.225,0.075
6.8384e-03,0.095,0.37
6.8400e-03,0.19,0.065
6.8416e-03,0.2,0.38
6.8432e-03,0.3,0.045
6.8448e-03,0.18,0.4
6.8464e-03,0.2,0.045
6.8480e-03,0.215,0.395
6.8496e-03,0.345,0.06
6.8512e-03,0.245,0.385
6.8528e-03,0.275,0.03
6.8544e-03,0.195,0.41
6.8560e-03,0.265,0.06
6.8576e-03,0.305,0.385
6.8592e-03,0.235,0.05
6.8608e-03,0.195,0.39
6.8624e-03,0.185,0.065
6.8640e-03,0.24,0.38
6.8656e-03,0.25,0.06
6.8672e-03,0.27,0.385
6.8688e-03,0.225,0.05
6.8704e-03,0.24,0.39
6.8720e-03,0.22,0.08
6.8736e-03,0.265,0.375
6.8752e-03,0.29,0.08
6.8768e-03,0.175,0.37
6.8784e-03,0.19,0.06
6.8800e-03,0.16,0.38
6.8816e-03,0.295,0.045
6.8832e-03,0.285,0.4
6.8848e-03,0.28,0
6.8864e-03,0.135,0.455
6.8880e-03,0.245,0.07
6.8896e-03,0.27,0.375
6.8912e-03,0.315,0.075
6.8928e-03,0.26,0.375
6.8944e-03,0.285,0.05
6.8960e-03,0.205,0.41
6.8976e-03,0.295,0.08
6.8992e-03,0.3,0.375
6.9008e-03,0.25,0.07
6.9024e-03,0.345,0.385
6.9040e-03,0.1,0.06
6.9056e-03,0.295,0.395
6.9072e-03,0.25,0.055
6.9088e-03,0.305,0.395
6.9104e-03,0.21,0.085
6.9120e-03,0.205,0.37
6.9136e-03,0.2,0.08
6.9152e-03,0.315,0.38
6.9168e-03,0.235,0.095
6.9184e-03,0.145,0.36
6.9200e-03,0.225,0.045
6.9216e-03,0.275,0.41
6.9232e-03,0.2,0.06
6.9248e-03,0.215,0.395
6.9264e-03,0.2,0.05
6.9280e-03,0.25,0.41
6.9296e-03,0.33,0.065
6.9312e-03,0.275,0.4
6.9328e-03,0.21,0.065
6.9344e-03,0.215,0.395
6.9360e-03,0.16,0.055
6.9376e-03,0.195,0.4
6.9392e-03,0.255,0.055
6.9408e-03,0.195,0.41
6.9424e-03,0.19,0.09
6.9440e-03,0.18,0.37
6.9456e-03,0.205,0.045
6.9472e-03,0.245,0.415
6.9488e-03,0.24,0.09
6.9504e-03,0.1,0.375
6.9520e-03,0.165,0.085
6.9536e-03,0.225,0.37
6.9552e-03,0.17,0.075
6.9568e-03,0.27,0.38
6.9584e-03,0.12,0.065
6.9600e-03,0.21,0.395
6.9616e-03,0.29,0.075
6.9632e-03,0.225,0.38
6.9648e-03,0.275,0.06
6.9664e-03,0.16,0.405
6.9680e-03,0.21,0.07
6.9696e-03,0.215,0.39
6.9712e-03,0.18,0.06
6.9728e-03,0.2,0.4
6.9744e-03,0.145,0.08
6.9760e-03,0.18,0.38
6.9776e-03,0.21,0.075
6.9792e-03,0.27,0.385
6.9808e-03,0.31,0.05
6.9824e-03,0.19,0.41
6.9840e-03,0.215,0.065
6.9856e-03,0.225,0.39
6.9872e-03,0.295,0.055
6.9888e-03,0.265,0.395
6.9904e-03,0.23,0.06
6.9920e-03,0.185,0.38
6.9936e-03,0.21,0.06
6.9952e-03,0.27,0.385
6.9968e-03,0.265,0.055
6.9984e-03,0.15,0.39
7.0000e-03,0.255,0.08
7.0016e-03,0.135,0.385
7.0032e-03,0.225,0.06
7.0048e-03,0.225,0.395
7.0064e-03,0.16,0.085
7.0080e-03,0.23,0.36
7.0096e-03,0.175,0.08
7.0112e-03,0.245,0.365
7.0128e-03,0.32,0.09
7.0144e-03,0.205,0.365
7.0160e-03,0.185,0.075
7.0176e-03,0.135,0.38
7.0192e-03,0.14,0.07
7.0208e-03,0.27,0.385
7.0224e-03,0.205,0.09
7.0240e-03,0.18,0.365
7.0256e-03,0.17,0.055
7.0272e-03,0.225,0.395
7.0288e-03,0.29,0.07
7.0304e-03,0.12,0.385
7.0320e-03,0.19,0.06
7.0336e-03,0.14,0.4
7.0352e-03,0.23,0.07
7.0368e-03,0.245,0.385
7.0384e-03,0.305,0.08
7.0400e-03,0.22,0.375
7.0416e-03,0.25,0.065
7.0432e-03,0.225,0.39
7.0448e-03,0.185,0.07
7.0464e-03,0.34,0.39
7.0480e-03,0.23,0.075
7.0496e-03,0.165,0.39
7.0512e-03,0.22,0.035
7.0528e-03,0.21,0.42
7.0544e-03,0.365,0.06
7.0560e-03,0.22,0.4
7.0576e-03,0.23,0.07
7.0592e-03,0.195,0.39
7.0608e-03,0.24,0.065
7.0624e-03,0.235,0.395
7.0640e-03,0.2,0.065
7.0656e-03,0.14,0.395
7.0672e-03,0.175,0.055
7.0688e-03,0.125,0.4
7.0704e-03,0.265,0.075
7.0720e-03,0.145,0.39
7.0736e-03,0.25,0.07
7.0752e-03,0.225,0.39
7.0768e-03,0.21,0.04
7.0784e-03,0.305,0.42
7.0800e-03,0.3,0.05
7.0816e-03,0.245,0.41
7.0832e-03,0.255,0.07
7.0848e-03,0.265,0.39
7.0864e-03,0.26,0.065
7.0880e-03,0.39,0.405
7.0896e-03,0.195,0.035
7.0912e-03,0.235,0.43
7.0928e-03,0.225,0.03
7.0944e-03,0.2,0.435
7.0960e-03,0.26,0.07
7.0976e-03,0.205,0.395
7.0992e-03,0.195,0.075
7.1008e-03,0.285,0.39
7.1024e-03,0.23,0.05
7.1040e-03,0.28,0.42
7.1056e-03,0.215,0.055
7.1072e-03,0.255,0.405
7.1088e-03,0.195,0.025
7.1104e-03,0.205,0.435
7.1120e-03,0.15,0.045
7.1136e-03,0.2,0.425
7.1152e-03,0.22,0.02
7.1168e-03,0.165,0.435
7.1184e-03,0.235,0.065
7.1200e-03,0.225,0.4
7.1216e-03,0.195,0.045
7.1232e-03,0.25,0.425
7.1248e-03,0.14,0.06
7.1264e-03,0.28,0.41
7.1280e-03,0.215,0.085
7.1296e-03,0.2,0.375
7.1312e-03,0.19,0.08
7.1328e-03,0.21,0.38
7.1344e-03,0.285,0.065
7.1360e-03,0.24,0.395
7.1376e-03,0.275,0.085
7.1392e-03,0.17,0.385
7.1408e-03,0.27,0.06
7.1424e-03,0.255,0.4
7.1440e-03,0.225,0.085
7.1456e-03,0.265,0.38
7.1472e-03,0.205,0.09
7.1488e-03,0.18,0.37
7.1504e-03,0.19,0.03
7.1520e-03,0.215,0.43
7.1536e-03,0.28,0.075
7.1552e-03,0.225,0.39
7.1568e-03,0.17,0.08
7.1584e-03,0.155,0.38
7.1600e-03,0.23,0.06
7.1616e-03,0.265,0.4
7.1632e-03,0.195,0.09
7.1648e-03,0.185,0.375
7.1664e-03,0.12,0.07
7.1680e-03,0.285,0.39
7.1696e-03,0.225,0.08
7.1712e-03,0.295,0.375
7.1728e-03,0.27,0.07
7.1744e-03,0.265,0.395
7.1760e-03,0.22,0.055
7.1776e-03,0.23,0.405
7.1792e-03,0.275,0.065
7.1808e-03,0.18,0.39
7.1824e-03,0.24,0.085
7.1840e-03,0.17,0.38
7.1856e-03,0.28,0.075
7.1872e-03,0.225,0.39
7.1888e-03,0.255,0.065
7.1904e-03,0.14,0.39
7.1920e-03,0.215,0.065
7.1936e-03,0.255,0.4
7.1952e-03,0.265,0.08
7.1968e-03,0.175,0.38
7.1984e-03,0.165,0.05
7.2000e-03,0.185,0.415
7.2016e-03,0.23,0.045
7.2032e-03,0.23,0.415
7.2048e-03,0.2,0.07
7.2064e-03,0.15,0.39
7.2080e-03,0.235,0.075
7.2096e-03,0.21,0.39
7.2112e-03,0.305,0.08
7.2128e-03,0.19,0.39
7.2144e-03,0.225,0.07
7.2160e-03,0.145,0.4
7.2176e-03,0.25,0.07
7.2192e-03,0.28,0.39
7.2208e-03,0.305,0.075
7.2224e-03,0.195,0.39
7.2240e-03,0.17,0.065
7.2256e-03,0.2,0.39
7.2272e-03,0.29,0.1
7.2288e-03,0.325,0.365
7.2304e-03,0.2,0.08
7.2320e-03,0.255,0.385
7.2336e-03,0.225,0.07
7.2352e-03,0.3,0.4
7.2368e-03,0.24,0.06
7.2384e-03,0.255,0.405
7.2400e-03,0.265,0.05
7.2416e-03,0.28,0.415
7.2432e-03,0.185,0.075
7.2448e-03,0.23,0.395
7.2464e-03,0.225,0.05
7.2480e-03,0.255,0.42
7.2496e-03,0.28,0.06
7.2512e-03,0.285,0.415
7.2528e-03,0.215,0.075
7.2544e-03,0.22,0.395
7.2560e-03,0.14,0.08
7.2576e-03,0.18,0.395
7.2592e-03,0.185,0.065
7.2608e-03,0.25,0.4
7.2624e-03,0.24,0.095
7.2640e-03,0.245,0.385
7.2656e-03,0.185,0.05
7.2672e-03,0.26,0.41
7.2688e-03,0.215,0.06
7.2704e-03,0.29,0.405
7.2720e-03,0.245,0.085
7.2736e-03,0.315,0.385
7.2752e-03,0.305,0.08
7.2768e-03,0.25,0.395
7.2784e-03,0.245,0.075
7.2800e-03,0.165,0.395
7.2816e-03,0.315,0.04
7.2832e-03,0.235,0.425
7.2848e-03,0.21,0.06
7.2864e-03,0.19,0.41
7.2880e-03,0.22,0.08
7.2896e-03,0.195,0.39
7.2912e-03,0.255,0.07
7.2928e-03,0.195,0.405
7.2944e-03,0.22,0.065
7.2960e-03,0.14,0.405
7.2976e-03,0.235,0.07
7.2992e-03,0.26,0.405
7.3008e-03,0.29,0.075
7.3024e-03,0.22,0.39
7.3040e-03,0.215,0.085
7.3056e-03,0.22,0.38
7.3072e-03,0.275,0.07
7.3088e-03,0.215,0.4
7.3104e-03,0.17,0.055
7.3120e-03,0.21,0.415
7.3136e-03,0.22,0.065
7.3152e-03,0.285,0.405
7.3168e-03,0.29,0.055
7.3184e-03,0.21,0.405
7.3200e-03,0.23,0.08
7.3216e-03,0.29,0.385
7.3232e-03,0.26,0.065
7.3248e-03,0.285,0.4
7.3264e-03,0.24,0.075
7.3280e-03,0.27,0.395
7.3296e-03,0.255,0.065
7.3312e-03,0.22,0.41
7.3328e-03,0.24,0.05
7.3344e-03,0.195,0.425
7.3360e-03,0.28,0.06
7.3376e-03,0.26,0.405
7.3392e-03,0.325,0.08
7.3408e-03,0.3,0.395
7.3424e-03,0.18,0.07
7.3440e-03,0.28,0.4
7.3456e-03,0.26,0.07
7.3472e-03,0.33,0.4
7.3488e-03,0.305,0.065
7.3504e-03,0.175,0.405
7.3520e-03,0.3,0.085
7.3536e-03,0.29,0.38
7.3552e-03,0.3,0.07
7.3568e-03,0.27,0.405
7.3584e-03,0.245,0.08
7.3600e-03,0.32,0.39
7.3616e-03,0.225,0.07
7.3632e-03,0.37,0.41
7.3648e-03,0.205,0.04
7.3664e-03,0.2,0.43
7.3680e-03,0.275,0.07
7.3696e-03,0.19,0.4
7.3712e-03,0.23,0.085
7.3728e-03,0.24,0.39
7.3744e-03,0.2,0.02
7.3760e-03,0.185,0.455
7.3776e-03,0.19,0.08
7.3792e-03,0.2,0.39
7.3808e-03,0.2,0.055
7.3824e-03,0.2,0.415
7.3840e-03,0.17,0.055
7.3856e-03,0.255,0.415
7.3872e-03,0.3,0.05
7.3888e-03,0.225,0.42
7.3904e-03,0.225,0.075
7.3920e-03,0.2,0.4
7.3936e-03,0.285,0.085
7.3952e-03,0.285,0.39
7.3968e-03,0.22,0.055
7.3984e-03,0.29,0.415
7.4000e-03,0.325,0.045
7.4016e-03,0.29,0.43
7.4032e-03,0.375,0.03
7.4048e-03,0.21,0.44
7.4064e-03,0.32,0.075
7.4080e-03,0.31,0.39
7.4096e-03,0.355,0.06
7.4112e-03,0.305,0.415
7.4128e-03,0.275,0.075
7.4144e-03,0.315,0.395
7.4160e-03,0.24,0.06
7.4176e-03,0.295,0.415
7.4192e-03,0.255,0.085
7.4208e-03,0.225,0.39
7.4224e-03,0.22,0.055
7.4240e-03,0.21,0.415
7.4256e-03,0.215,0.045
7.4272e-03,0.32,0.425
7.4288e-03,0.21,0.085
7.4304e-03,0.245,0.385
7.4320e-03,0.23,0.08
7.4336e-03,0.3,0.405
7.4352e-03,0.235,0.08
7.4368e-03,0.2,0.4
7.4384e-03,0.215,0.09
7.4400e-03,0.24,0.38
7.4416e-03,0.285,0.08
7.4432e-03,0.235,0.395
7.4448e-03,0.215,0.09
7.4464e-03,0.245,0.39
7.4480e-03,0.27,0.07
7.4496e-03,0.21,0.405
7.4512e-03,0.21,0.085
7.4528e-03,0.185,0.395
7.4544e-03,0.18,0.055
7.4560e-03,0.285,0.42
7.4576e-03,0.22,0.065
7.4592e-03,0.27,0.415
7.4608e-03,0.28,0.05
7.4624e-03,0.285,0.42
7.4640e-03,0.31,0.08
7.4656e-03,0.335,0.395
7.4672e-03,0.24,0.055
7.4688e-03,0.22,0.42
7.4704e-03,0.28,0.07
7.4720e-03,0.195,0.405
7.4736e-03,0.34,0.075
7.4752e-03,0.28,0.405
7.4768e-03,0.28,0.1
7.4784e-03,0.3,0.39
7.4800e-03,0.345,0.08
7.4816e-03,0.22,0.395
7.4832e-03,0.255,0.06
7.4848e-03,0.215,0.42
7.4864e-03,0.33,0.085
7.4880e-03,0.345,0.395
7.4896e-03,0.3,0.065
7.4912e-03,0.26,0.42
7.4928e-03,0.32,0.05
7.4944e-03,0.26,0.43
7.4960e-03,0.26,0.055
7.4976e-03,0.225,0.425
7.4992e-03,0.185,0.075
7.5008e-03,0.34,0.41
7.5024e-03,0.26,0.08
7.5040e-03,0.335,0.41
7.5056e-03,0.26,0.085
7.5072e-03,0.27,0.4
7.5088e-03,0.245,0.05
7.5104e-03,0.275,0.44
7.5120e-03,0.19,0.055
7.5136e-03,0.175,0.42
7.5152e-03,0.27,0.085
7.5168e-03,0.165,0.395
7.5184e-03,0.265,0.1
7.5200e-03,0.205,0.38
7.5216e-03,0.26,0.065
7.5232e-03,0.17,0.41
7.5248e-03,0.32,0.06
7.5264e-03,0.25,0.42
7.5280e-03,0.27,0.095
7.5296e-03,0.275,0.385
7.5312e-03,0.21,0.06
7.5328e-03,0.33,0.425
7.5344e-03,0.26,0.075
7.5360e-03,0.14,0.4
7.5376e-03,0.255,0.08
7.5392e-03,0.17,0.405
7.5408e-03,0.26,0.075
7.5424e-03,0.17,0.41
7.5440e-03,0.16,0.055
7.5456e-03,0.225,0.425
7.5472e-03,0.245,0.075
7.5488e-03,0.285,0.405
7.5504e-03,0.14,0.07
7.5520e-03,0.295,0.415
7.5536e-03,0.295,0.1
7.5552e-03,0.2,0.375
7.5568e-03,0.235,0.07
7.5584e-03,0.215,0.41
7.5600e-03,0.29,0.065
7.5616e-03,0.355,0.41
7.5632e-03,0.28,0.07
7.5648e-03,0.195,0.405
7.5664e-03,0.21,0.07
7.5680e-03,0.31,0.405
7.5696e-03,0.19,0.09
7.5712e-03,0.26,0.395
7.5728e-03,0.175,0.09
7.5744e-03,0.18,0.385
7.5760e-03,0.265,0.075
7.5776e-03,0.215,0.395
7.5792e-03,0.145,0.08
7.5808e-03,0.225,0.395
7.5824e-03,0.195,0.065
7.5840e-03,0.22,0.415
7.5856e-03,0.245,0.07
7.5872e-03,0.235,0.405
7.5888e-03,0.27,0.085
7.5904e-03,0.225,0.395
7.5920e-03,0.255,0.085
7.5936e-03,0.195,0.39
7.5952e-03,0.295,0.08
7.5968e-03,0.235,0.4
7.5984e-03,0.26,0.085
7.6000e-03,0.22,0.385
7.6016e-03,0.205,0.075
7.6032e-03,0.265,0.405
7.6048e-03,0.29,0.05
7.6064e-03,0.295,0.43
7.6080e-03,0.315,0.06
7.6096e-03,0.225,0.42
7.6112e-03,0.31,0.095
7.6128e-03,0.245,0.39
7.6144e-03,0.26,0.095
7.6160e-03,0.165,0.39
7.6176e-03,0.18,0.07
7.6192e-03,0.195,0.4
7.6208e-03,0.205,0.09
7.6224e-03,0.245,0.39
7.6240e-03,0.105,0.095
7.6256e-03,0.205,0.39
7.6272e-03,0.235,0.075
7.6288e-03,0.26,0.4
7.6304e-03,0.29,0.07
7.6320e-03,0.18,0.415
7.6336e-03,0.29,0.08
7.6352e-03,0.285,0.395
7.6368e-03,0.31,0.08
7.6384e-03,0.27,0.41
7.6400e-03,0.315,0.095
7.6416e-03,0.265,0.39
7.6432e-03,0.39,0.035
7.6448e-03,0.225,0.445
7.6464e-03,0.295,0.045
7.6480e-03,0.18,0.435
7.6496e-03,0.285,0.075
7.6512e-03,0.155,0.405
7.6528e-03,0.245,0.065
7.6544e-03,0.145,0.43
7.6560e-03,0.22,0.085
7.6576e-03,0.195,0.4
7.6592e-03,0.21,0.065
7.6608e-03,0.195,0.42
7.6624e-03,0.195,0.08
7.6640e-03,0.215,0.415
7.6656e-03,0.23,0.055
7.6672e-03,0.215,0.43
7.6688e-03,0.255,0.085
7.6704e-03,0.22,0.4
7.6720e-03,0.225,0.075
7.6736e-03,0.355,0.42
7.6752e-03,0.24,0.065
7.6768e-03,0.265,0.42
7.6784e-03,0.24,0.06
7.6800e-03,0.225,0.44
7.6816e-03,0.32,0.045
7.6832e-03,0.175,0.44
7.6848e-03,0.165,0.05
7.6864e-03,0.18,0.435
7.6880e-03,0.16,0.07
7.6896e-03,0.3,0.415
7.6912e-03,0.13,0.06
7.6928e-03,0.25,0.425
7.6944e-03,0.195,0.07
7.6960e-03,0.29,0.41
7.6976e-03,0.255,0.085
7.6992e-03,0.2,0.405
7.7008e-03,0.265,0.1
7.7024e-03,0.275,0.39
7.7040e-03,0.3,0.065
7.7056e-03,0.31,0.42
7.7072e-03,0.235,0.075
7.7088e-03,0.28,0.415
7.7104e-03,0.205,0.075
7.7120e-03,0.235,0.415
7.7136e-03,0.225,0.075
7.7152e-03,0.17,0.42
7.7168e-03,0.18,0.07
7.7184e-03,0.175,0.415
7.7200e-03,0.23,0.055
7.7216e-03,0.2,0.425
7.7232e-03,0.235,0.01
7.7248e-03,0.12,0.465
7.7264e-03,0.25,0.085
7.7280e-03,0.205,0.4
7.7296e-03,0.31,0.055
7.7312e-03,0.19,0.425
7.7328e-03,0.245,0.075
7.7344e-03,0.27,0.405
7.7360e-03,0.295,0.085
7.7376e-03,0.28,0.4
7.7392e-03,0.235,0.045
7.7408e-03,0.23,0.44
7.7424e-03,0.34,0.04
7.7440e-03,0.26,0.455
7.7456e-03,0.285,0.065
7.7472e-03,0.24,0.415
7.7488e-03,0.205,0.06
7.7504e-03,0.315,0.42
7.7520e-03,0.215,0.055
7.7536e-03,0.205,0.43
7.7552e-03,0.255,0.035
7.7568e-03,0.155,0.44
7.7584e-03,0.29,0.08
7.7600e-03,0.175,0.415
7.7616e-03,0.23,0.095
7.7632e-03,0.18,0.39
7.7648e-03,0.22,0.07
7.7664e-03,0.305,0.42
7.7680e-03,0.27,0.085
7.7696e-03,0.29,0.405
7.7712e-03,0.22,0.085
7.7728e-03,0.235,0.41
7.7744e-03,0.335,0.09
7.7760e-03,0.2,0.395
7.7776e-03,0.19,0.095
7.7792e-03,0.165,0.395
7.7808e-03,0.17,0.1
7.7824e-03,0.275,0.39
7.7840e-03,0.2,0.075
7.7856e-03,0.23,0.415
7.7872e-03,0.25,0.055
7.7888e-03,0.2,0.435
7.7904e-03,0.285,0.065
7.7920e-03,0.22,0.425
7.7936e-03,0.205,0.045
7.7952e-03,0.19,0.445
7.7968e-03,0.185,0.045
7.7984e-03,0.16,0.435
7.8000e-03,0.26,0.08
7.8016e-03,0.185,0.405
7.8032e-03,0.255,0.06
7.8048e-03,0.19,0.43
7.8064e-03,0.295,0.08
7.8080e-03,0.295,0.415
7.8096e-03,0.21,0.06
7.8112e-03,0.22,0.43
7.8128e-03,0.205,0.095
7.8144e-03,0.3,0.4
7.8160e-03,0.28,0.095
7.8176e-03,0.215,0.405
7.8192e-03,0.18,0.09
7.8208e-03,0.225,0.405
7.8224e-03,0.255,0.095
7.8240e-03,0.315,0.4
7.8256e-03,0.205,0.085
7.8272e-03,0.33,0.415
7.8288e-03,0.23,0.065
7.8304e-03,0.305,0.43
7.8320e-03,0.285,0.06
7.8336e-03,0.26,0.435
7.8352e-03,0.35,0.08
7.8368e-03,0.265,0.415
7.8384e-03,0.325,0.105
7.8400e-03,0.28,0.395
7.8416e-03,0.27,0.11
7.8432e-03,0.34,0.39
7.8448e-03,0.245,0.105
7.8464e-03,0.28,0.39
7.8480e-03,0.315,0.08
7.8496e-03,0.205,0.42
7.8512e-03,0.275,0.075
7.8528e-03,0.22,0.4
7.8544e-03,0.355,0.05
7.8560e-03,0.35,0.45
7.8576e-03,0.24,0.07
7.8592e-03,0.275,0.42
7.8608e-03,0.245,0.07
7.8624e-03,0.245,0.425
7.8640e-03,0.27,0.09
7.8656e-03,0.14,0.405
7.8672e-03,0.305,0.1
7.8688e-03,0.19,0.4
7.8704e-03,0.315,0.105
7.8720e-03,0.21,0.385
7.8736e-03,0.275,0.09
7.8752e-03,0.295,0.405
7.8768e-03,0.245,0.09
7.8784e-03,0.39,0.405
7.8800e-03,0.27,0.1
7.8816e-03,0.34,0.395
7.8832e-03,0.23,0.075
7.8848e-03,0.285,0.42
7.8864e-03,0.275,0.08
7.8880e-03,0.25,0.41
7.8896e-03,0.27,0.1
7.8912e-03,0.18,0.39
7.8928e-03,0.255,0.09
7.8944e-03,0.29,0.405
7.8960e-03,0.31,0.07
7.8976e-03,0.265,0.425
7.8992e-03,0.22,0.09
7.9008e-03,0.215,0.4
7.9024e-03,0.23,0.085
7.9040e-03,0.27,0.405
7.9056e-03,0.16,0.095
7.9072e-03,0.3,0.395
7.9088e-03,0.215,0.08
7.9104e-03,0.295,0.415
7.9120e-03,0.22,0.085
7.9136e-03,0.26,0.405
7.9152e-03,0.265,0.08
7.9168e-03,0.265,0.41
7.9184e-03,0.27,0.085
7.9200e-03,0.26,0.405
7.9216e-03,0.18,0.105
7.9232e-03,0.285,0.39
7.9248e-03,0.165,0.1
7.9264e-03,0.265,0.395
7.9280e-03,0.205,0.085
7.9296e-03,0.195,0.405
7.9312e-03,0.185,0.11
7.9328e-03,0.285,0.385
7.9344e-03,0.17,0.09
7.9360e-03,0.295,0.4
7.9376e-03,0.115,0.065
7.9392e-03,0.195,0.42
7.9408e-03,0.2,0.09
7.9424e-03,0.19,0.405
7.9440e-03,0.24,0.08
7.9456e-03,0.08,0.415
7.9472e-03,0.175,0.075
7.9488e-03,0.235,0.415
7.9504e-03,0.15,0.085
7.9520e-03,0.19,0.415
7.9536e-03,0.105,0.09
7.9552e-03,0.13,0.405
7.9568e-03,0.245,0.105
7.9584e-03,0.125,0.4
7.9600e-03,0.165,0.085
7.9616e-03,0.195,0.405
7.9632e-03,0.15,0.085
7.9648e-03,0.265,0.415
7.9664e-03,0.205,0.095
7.9680e-03,0.21,0.4
7.9696e-03,0.225,0.055
7.9712e-03,0.21,0.445
7.9728e-03,0.285,0.105
7.9744e-03,0.23,0.395
7.9760e-03,0.225,0.06
7.9776e-03,0.195,0.445
7.9792e-03,0.185,0.085
7.9808e-03,0.22,0.41
7.9824e-03,0.275,0.06
7.9840e-03,0.175,0.44
7.9856e-03,0.23,0.095
7.9872e-03,0.315,0.4
7.9888e-03,0.3,0.09
7.9904e-03,0.35,0.41
7.9920e-03,0.245,0.1
7.9936e-03,0.265,0.4
7.9952e-03,0.29,0.09
7.9968e-03,0.24,0.405
7.9984e-03,0.21,0.08
8.0000e-03,0.155,0.42
8.0016e-03,0.255,0.11
8.0032e-03,0.22,0.4
8.0048e-03,0.365,0.105
8.0064e-03,0.19,0.395
8.0080e-03,0.27,0.095
8.0096e-03,0.285,0.405
8.0112e-03,0.28,0.09
8.0128e-03,0.27,0.405
8.0144e-03,0.28,0.095
8.0160e-03,0.25,0.405
8.0176e-03,0.23,0.065
8.0192e-03,0.3,0.44
8.0208e-03,0.16,0.06
8.0224e-03,0.205,0.45
8.0240e-03,0.175,0.08
8.0256e-03,0.165,0.425
8.0272e-03,0.27,0.06
8.0288e-03,0.255,0.435
8.0304e-03,0.185,0.08
8.0320e-03,0.34,0.405
8.0336e-03,0.26,0.08
8.0352e-03,0.34,0.42
8.0368e-03,0.285,0.07
8.0384e-03,0.22,0.43
8.0400e-03,0.275,0.1
8.0416e-03,0.27,0.4
8.0432e-03,0.31,0.09
8.0448e-03,0.185,0.415
8.0464e-03,0.3,0.105
8.0480e-03,0.2,0.395
8.0496e-03,0.3,0.085
8.0512e-03,0.23,0.42
8.0528e-03,0.22,0.095
8.0544e-03,0.15,0.41
8.0560e-03,0.28,0.11
8.0576e-03,0.165,0.395
8.0592e-03,0.285,0.115
8.0608e-03,0.19,0.39
8.0624e-03,0.21,0.095
8.0640e-03,0.295,0.405
8.0656e-03,0.21,0.105
8.0672e-03,0.29,0.405
8.0688e-03,0.205,0.09
8.0704e-03,0.205,0.41
8.0720e-03,0.205,0.09
8.0736e-03,0.245,0.415
8.0752e-03,0.185,0.075
8.0768e-03,0.275,0.43
8.0784e-03,0.185,0.105
8.0800e-03,0.35,0.395
8.0816e-03,0.345,0.115
8.0832e-03,0.22,0.39
8.0848e-03,0.31,0.125
8.0864e-03,0.235,0.375
8.0880e-03,0.285,0.09
8.0896e-03,0.25,0.42
8.0912e-03,0.2,0.1
8.0928e-03,0.195,0.41
8.0944e-03,0.225,0.085
8.0960e-03,0.21,0.42
8.0976e-03,0.255,0.1
8.0992e-03,0.22,0.41
8.1008e-03,0.24,0.085
8.1024e-03,0.245,0.41
8.1040e-03,0.265,0.105
8.1056e-03,0.255,0.405
8.1072e-03,0.165,0.09
8.1088e-03,0.255,0.41
8.1104e-03,0.245,0.1
8.1120e-03,0.245,0.4
8.1136e-03,0.315,0.095
8.1152e-03,0.215,0.41
8.1168e-03,0.255,0.1
8.1184e-03,0.285,0.405
8.1200e-03,0.3,0.105
8.1216e-03,0.29,0.4
8.1232e-03,0.275,0.11
8.1248e-03,0.235,0.395
8.1264e-03,0.36,0.115
8.1280e-03,0.2,0.385
8.1296e-03,0.24,0.105
8.1312e-03,0.185,0.405
8.1328e-03,0.2,0.085
8.1344e-03,0.255,0.42
8.1360e-03,0.21,0.105
8.1376e-03,0.215,0.4
8.1392e-03,0.245,0.13
8.1408e-03,0.225,0.38
8.1424e-03,0.3,0.12
8.1440e-03,0.21,0.39
8.1456e-03,0.295,0.08
8.1472e-03,0.245,0.425
8.1488e-03,0.19,0.075
8.1504e-03,0.29,0.425
8.1520e-03,0.195,0.065
8.1536e-03,0.305,0.44
8.1552e-03,0.205,0.095
8.1568e-03,0.225,0.41
8.1584e-03,0.34,0.09
8.1600e-03,0.305,0.415
8.1616e-03,0.295,0.055
8.1632e-03,0.28,0.455
8.1648e-03,0.32,0.08
8.1664e-03,0.315,0.425
8.1680e-03,0.28,0.09
8.1696e-03,0.23,0.415
8.1712e-03,0.265,0.08
8.1728e-03,0.29,0.415
8.1744e-03,0.285,0.09
8.1760e-03,0.325,0.41
8.1776e-03,0.195,0.09
8.1792e-03,0.38,0.415
8.1808e-03,0.225,0.1
8.1824e-03,0.22,0.4
8.1840e-03,0.255,0.09
8.1856e-03,0.145,0.415
8.1872e-03,0.25,0.095
8.1888e-03,0.215,0.41
8.1904e-03,0.305,0.09
8.1920e-03,0.295,0.42
8.1936e-03,0.28,0.075
8.1952e-03,0.265,0.43
8.1968e-03,0.29,0.09
8.1984e-03,0.265,0.405
8.2000e-03,0.305,0.105
8.2016e-03,0.145,0.39
8.2032e-03,0.295,0.11
8.2048e-03,0.215,0.405
8.2064e-03,0.305,0.11
8.2080e-03,0.225,0.395
8.2096e-03,0.14,0.105
8.2112e-03,0.23,0.405
8.2128e-03,0.235,0.095
8.2144e-03,0.325,0.415
8.2160e-03,0.28,0.115
8.2176e-03,0.23,0.39
8.2192e-03,0.32,0.09
8.2208e-03,0.225,0.41
8.2224e-03,0.32,0.055
8.2240e-03,0.11,0.45
8.2256e-03,0.33,0.095
8.2272e-03,0.225,0.405
8.2288e-03,0.285,0.095
8.2304e-03,0.265,0.415
8.2320e-03,0.155,0.11
8.2336e-03,0.23,0.395
8.2352e-03,0.19,0.125
8.2368e-03,0.235,0.395
8.2384e-03,0.2,0.1
8.2400e-03,0.205,0.41
8.2416e-03,0.225,0.08
8.2432e-03,0.235,0.43
8.2448e-03,0.25,0.08
8.2464e-03,0.22,0.43
8.2480e-03,0.21,0.09
8.2496e-03,0.265,0.42
8.2512e-03,0.25,0.12
8.2528e-03,0.3,0.39
8.2544e-03,0.25,0.11
8.2560e-03,0.24,0.395
8.2576e-03,0.265,0.1
8.2592e-03,0.33,0.41
8.2608e-03,0.305,0.095
8.2624e-03,0.34,0.415
8.2640e-03,0.26,0.1
8.2656e-03,0.28,0.405
8.2672e-03,0.305,0.105
8.2688e-03,0.255,0.405
8.2704e-03,0.225,0.09
8.2720e-03,0.19,0.42
8.2736e-03,0.205,0.115
8.2752e-03,0.215,0.395
8.2768e-03,0.23,0.11
8.2784e-03,0.325,0.405
8.2800e-03,0.27,0.125
8.2816e-03,0.265,0.39
8.2832e-03,0.295,0.115
8.2848e-03,0.18,0.395
8.2864e-03,0.295,0.115
8.2880e-03,0.215,0.4
8.2896e-03,0.25,0.105
8.2912e-03,0.325,0.4
8.2928e-03,0.23,0.11
8.2944e-03,0.28,0.405
8.2960e-03,0.2,0.105
8.2976e-03,0.29,0.41
8.2992e-03,0.245,0.13
8.3008e-03,0.235,0.38
8.3024e-03,0.155,0.11
8.3040e-03,0.195,0.41
8.3056e-03,0.205,0.105
8.3072e-03,0.355,0.405
8.3088e-03,0.23,0.08
8.3104e-03,0.275,0.435
8.3120e-03,0.245,0.11
8.3136e-03,0.29,0.4
8.3152e-03,0.21,0.1
8.3168e-03,0.315,0.42
8.3184e-03,0.16,0.085
8.3200e-03,0.29,0.42
8.3216e-03,0.245,0.09
8.3232e-03,0.285,0.425
8.3248e-03,0.29,0.08
8.3264e-03,0.255,0.435
8.3280e-03,0.275,0.1
8.3296e-03,0.21,0.41
8.3312e-03,0.265,0.095
8.3328e-03,0.215,0.415
8.3344e-03,0.195,0.075
8.3360e-03,0.195,0.43
8.3376e-03,0.24,0.055
8.3392e-03,0.25,0.465
8.3408e-03,0.185,0.095
8.3424e-03,0.185,0.415
8.3440e-03,0.195,0.1
8.3456e-03,0.265,0.405
8.3472e-03,0.24,0.1
8.3488e-03,0.265,0.415
8.3504e-03,0.19,0.095
8.3520e-03,0.28,0.415
8.3536e-03,0.305,0.105
8.3552e-03,0.28,0.4
8.3568e-03,0.29,0.115
8.3584e-03,0.215,0.395
8.3600e-03,0.285,0.115
8.3616e-03,0.265,0.4
8.3632e-03,0.295,0.11
8.3648e-03,0.21,0.4
8.3664e-03,0.24,0.105
8.3680e-03,0.285,0.41
8.3696e-03,0.245,0.11
8.3712e-03,0.32,0.41
8.3728e-03,0.325,0.105
8.3744e-03,0.25,0.405
8.3760e-03,0.31,0.12
8.3776e-03,0.265,0.4
8.3792e-03,0.325,0.115
8.3808e-03,0.3,0.405
8.3824e-03,0.24,0.125
8.3840e-03,0.25,0.39
8.3856e-03,0.275,0.09
8.3872e-03,0.22,0.425
8.3888e-03,0.27,0.09
8.3904e-03,0.18,0.43
8.3920e-03,0.235,0.095
8.3936e-03,0.38,0.42
8.3952e-03,0.26,0.105
8.3968e-03,0.3,0.405
8.3984e-03,0.32,0.09
8.4000e-03,0.26,0.43
8.4016e-03,0.31,0.105
8.4032e-03,0.295,0.41
8.4048e-03,0.235,0.08
8.4064e-03,0.245,0.435
8.4080e-03,0.195,0.1
8.4096e-03,0.155,0.415
8.4112e-03,0.285,0.105
8.4128e-03,0.225,0.415
8.4144e-03,0.24,0.115
8.4160e-03,0.265,0.41
8.4176e-03,0.205,0.11
8.4192e-03,0.345,0.41
8.4208e-03,0.23,0.1
8.4224e-03,0.28,0.41
8.4240e-03,0.2,0.105
8.4256e-03,0.26,0.41
8.4272e-03,0.34,0.115
8.4288e-03,0.215,0.405
8.4304e-03,0.24,0.125
8.4320e-03,0.245,0.39
8.4336e-03,0.22,0.1
8.4352e-03,0.34,0.415
8.4368e-03,0.245,0.115
8.4384e-03,0.325,0.41
8.4400e-03,0.28,0.11
8.4416e-03,0.275,0.41
8.4432e-03,0.295,0.105
8.4448e-03,0.26,0.415
8.4464e-03,0.26,0.09
8.4480e-03,0.22,0.42
8.4496e-03,0.23,0.095
8.4512e-03,0.31,0.42
8.4528e-03,0.195,0.115
8.4544e-03,0.265,0.4
8.4560e-03,0.19,0.12
8.4576e-03,0.235,0.4
8.4592e-03,0.27,0.11
8.4608e-03,0.2,0.4
8.4624e-03,0.215,0.105
8.4640e-03,0.14,0.41
8.4656e-03,0.275,0.1
8.4672e-03,0.225,0.41
8.4688e-03,0.215,0.1
8.4704e-03,0.23,0.415
8.4720e-03,0.25,0.11
8.4736e-03,0.235,0.405
8.4752e-03,0.265,0.11
8.4768e-03,0.295,0.405
8.4784e-03,0.235,0.11
8.4800e-03,0.305,0.405
8.4816e-03,0.235,0.095
8.4832e-03,0.33,0.42
8.4848e-03,0.28,0.11
8.4864e-03,0.395,0.405
8.4880e-03,0.2,0.105
8.4896e-03,0.325,0.405
8.4912e-03,0.31,0.085
8.4928e-03,0.29,0.425
8.4944e-03,0.215,0.085
8.4960e-03,0.17,0.43
8.4976e-03,0.235,0.105
8.4992e-03,0.185,0.41
8.5008e-03,0.225,0.105
8.5024e-03,0.19,0.415
8.5040e-03,0.255,0.09
8.5056e-03,0.27,0.43
8.5072e-03,0.345,0.12
8.5088e-03,0.275,0.395
8.5104e-03,0.275,0.09
8.5120e-03,0.265,0.43
8.5136e-03,0.285,0.105
8.5152e-03,0.27,0.42
8.5168e-03,0.26,0.12
8.5184e-03,0.285,0.395
8.5200e-03,0.275,0.095
8.5216e-03,0.205,0.415
8.5232e-03,0.225,0.095
8.5248e-03,0.285,0.42
8.5264e-03,0.265,0.115
8.5280e-03,0.23,0.405
8.5296e-03,0.22,0.125
8.5312e-03,0.255,0.405
8.5328e-03,0.375,0.12
8.5344e-03,0.29,0.405
8.5360e-03,0.35,0.115
8.5376e-03,0.29,0.4
8.5392e-03,0.245,0.09
8.5408e-03,0.25,0.43
8.5424e-03,0.235,0.1
8.5440e-03,0.185,0.415
8.5456e-03,0.2,0.09
8.5472e-03,0.27,0.435
8.5488e-03,0.21,0.105
8.5504e-03,0.24,0.42
8.5520e-03,0.2,0.09
8.5536e-03,0.28,0.425
8.5552e-03,0.24,0.135
8.5568e-03,0.285,0.385
8.5584e-03,0.26,0.13
8.5600e-03,0.31,0.39
8.5616e-03,0.18,0.12
8.5632e-03,0.285,0.41
8.5648e-03,0.355,0.125
8.5664e-03,0.32,0.4
8.5680e-03,0.29,0.135
8.5696e-03,0.26,0.385
8.5712e-03,0.245,0.095
8.5728e-03,0.305,0.425
8.5744e-03,0.335,0.12
8.5760e-03,0.275,0.405
8.5776e-03,0.27,0.095
8.5792e-03,0.26,0.43
8.5808e-03,0.28,0.09
8.5824e-03,0.27,0.42
8.5840e-03,0.175,0.12
8.5856e-03,0.175,0.4
8.5872e-03,0.235,0.12
8.5888e-03,0.19,0.41
8.5904e-03,0.3,0.105
8.5920e-03,0.285,0.42
8.5936e-03,0.255,0.09
8.5952e-03,0.29,0.425
8.5968e-03,0.29,0.095
8.5984e-03,0.28,0.425
8.6000e-03,0.275,0.085
8.6016e-03,0.255,0.435
8.6032e-03,0.185,0.1
8.6048e-03,0.26,0.42
8.6064e-03,0.285,0.115
8.6080e-03,0.18,0.41
8.6096e-03,0.225,0.11
8.6112e-03,0.3,0.405
8.6128e-03,0.265,0.11
8.6144e-03,0.365,0.4
8.6160e-03,0.265,0.12
8.6176e-03,0.23,0.395
8.6192e-03,0.26,0.13
8.6208e-03,0.265,0.39
8.6224e-03,0.26,0.12
8.6240e-03,0.24,0.405
8.6256e-03,0.27,0.11
8.6272e-03,0.235,0.41
8.6288e-03,0.255,0.105
8.6304e-03,0.305,0.415
8.6320e-03,0.23,0.125
8.6336e-03,0.265,0.395
8.6352e-03,0.23,0.115
8.6368e-03,0.19,0.4
8.6384e-03,0.275,0.12
8.6400e-03,0.28,0.4
8.6416e-03,0.255,0.115
8.6432e-03,0.225,0.405
8.6448e-03,0.34,0.105
8.6464e-03,0.265,0.415
8.6480e-03,0.275,0.1
8.6496e-03,0.2,0.415
8.6512e-03,0.27,0.085
8.6528e-03,0.285,0.435
8.6544e-03,0.375,0.12
8.6560e-03,0.23,0.4
8.6576e-03,0.325,0.085
8.6592e-03,0.22,0.425
8.6608e-03,0.3,0.13
8.6624e-03,0.185,0.39
8.6640e-03,0.155,0.11
8.6656e-03,0.225,0.41
8.6672e-03,0.22,0.13
8.6688e-03,0.235,0.395
8.6704e-03,0.25,0.1
8.6720e-03,0.285,0.425
8.6736e-03,0.255,0.11
8.6752e-03,0.225,0.42
8.6768e-03,0.335,0.105
8.6784e-03,0.215,0.42
8.6800e-03,0.285,0.105
8.6816e-03,0.23,0.42
8.6832e-03,0.22,0.11
8.6848e-03,0.335,0.42
8.6864e-03,0.24,0.1
8.6880e-03,0.275,0.43
8.6896e-03,0.23,0.1
8.6912e-03,0.215,0.42
8.6928e-03,0.235,0.115
8.6944e-03,0.33,0.415
8.6960e-03,0.19,0.12
8.6976e-03,0.26,0.41
8.6992e-03,0.315,0.115
8.7008e-03,0.32,0.415
8.7024e-03,0.3,0.1
8.7040e-03,0.33,0.43
8.7056e-03,0.245,0.095
8.7072e-03,0.365,0.435
8.7088e-03,0.2,0.105
8.7104e-03,0.21,0.43
8.7120e-03,0.23,0.1
8.7136e-03,0.225,0.43
8.7152e-03,0.295,0.12
8.7168e-03,0.36,0.41
8.7184e-03,0.295,0.13
8.7200e-03,0.265,0.4
8.7216e-03,0.305,0.11
8.7232e-03,0.255,0.42
8.7248e-03,0.24,0.1
8.7264e-03,0.235,0.425
8.7280e-03,0.185,0.105
8.7296e-03,0.18,0.43
8.7312e-03,0.295,0.12
8.7328e-03,0.29,0.415
8.7344e-03,0.285,0.105
8.7360e-03,0.3,0.43
8.7376e-03,0.245,0.12
8.7392e-03,0.34,0.41
8.7408e-03,0.285,0.115
8.7424e-03,0.205,0.42
8.7440e-03,0.185,0.115
8.7456e-03,0.285,0.41
8.7472e-03,0.285,0.135
8.7488e-03,0.25,0.4
8.7504e-03,0.29,0.105
8.7520e-03,0.25,0.42
8.7536e-03,0.325,0.09
8.7552e-03,0.315,0.445
8.7568e-03,0.32,0.105
8.7584e-03,0.29,0.43
8.7600e-03,0.32,0.11
8.7616e-03,0.24,0.415
8.7632e-03,0.26,0.13
8.7648e-03,0.26,0.4
8.7664e-03,0.23,0.08
8.7680e-03,0.27,0.45
8.7696e-03,0.3,0.125
8.7712e-03,0.28,0.405
8.7728e-03,0.275,0.105
8.7744e-03,0.225,0.42
8.7760e-03,0.215,0.115
8.7776e-03,0.26,0.415
8.7792e-03,0.24,0.115
8.7808e-03,0.195,0.405
8.7824e-03,0.21,0.13
8.7840e-03,0.215,0.395
8.7856e-03,0.27,0.115
8.7872e-03,0.245,0.41
8.7888e-03,0.23,0.115
8.7904e-03,0.205,0.41
8.7920e-03,0.25,0.08
8.7936e-03,0.26,0.445
8.7952e-03,0.265,0.135
8.7968e-03,0.225,0.395
8.7984e-03,0.25,0.095
8.8000e-03,0.35,0.425
8.8016e-03,0.295,0.115
8.8032e-03,0.34,0.41
8.8048e-03,0.26,0.11
8.8064e-03,0.33,0.415
8.8080e-03,0.245,0.11
8.8096e-03,0.32,0.415
8.8112e-03,0.27,0.115
8.8128e-03,0.305,0.415
8.8144e-03,0.28,0.13
8.8160e-03,0.315,0.405
8.8176e-03,0.255,0.11
8.8192e-03,0.27,0.42
8.8208e-03,0.135,0.09
8.8224e-03,0.265,0.43
8.8240e-03,0.23,0.11
8.8256e-03,0.27,0.415
8.8272e-03,0.205,0.115
8.8288e-03,0.215,0.41
8.8304e-03,0.225,0.105
8.8320e-03,0.31,0.415
8.8336e-03,0.305,0.11
8.8352e-03,0.225,0.42
8.8368e-03,0.285,0.115
8.8384e-03,0.29,0.415
8.8400e-03,0.28,0.085
8.8416e-03,0.27,0.44
8.8432e-03,0.235,0.12
8.8448e-03,0.21,0.41
8.8464e-03,0.225,0.075
8.8480e-03,0.27,0.445
8.8496e-03,0.17,0.12
8.8512e-03,0.335,0.405
8.8528e-03,0.205,0.135
8.8544e-03,0.345,0.405
8.8560e-03,0.325,0.09
8.8576e-03,0.315,0.435
8.8592e-03,0.235,0.125
8.8608e-03,0.245,0.41
8.8624e-03,0.2,0.08
8.8640e-03,0.265,0.445
8.8656e-03,0.19,0.13
8.8672e-03,0.17,0.405
8.8688e-03,0.305,0.12
8.8704e-03,0.29,0.415
8.8720e-03,0.345,0.12
8.8736e-03,0.27,0.415
8.8752e-03,0.29,0.12
8.8768e-03,0.28,0.415
8.8784e-03,0.355,0.105
8.8800e-03,0.22,0.43
8.8816e-03,0.25,0.125
8.8832e-03,0.2,0.405
8.8848e-03,0.21,0.11
8.8864e-03,0.18,0.43
8.8880e-03,0.26,0.12
8.8896e-03,0.165,0.415
8.8912e-03,0.19,0.135
8.8928e-03,0.28,0.395
8.8944e-03,0.22,0.13
8.8960e-03,0.33,0.41
8.8976e-03,0.27,0.125
8.8992e-03,0.24,0.41
8.9008e-03,0.275,0.1
8.9024e-03,0.36,0.435
8.9040e-03,0.28,0.12
8.9056e-03,0.285,0.415
8.9072e-03,0.255,0.095
8.9088e-03,0.295,0.44
8.9104e-03,0.33,0.09
8.9120e-03,0.31,0.445
8.9136e-03,0.16,0.095
8.9152e-03,0.295,0.44
8.9168e-03,0.255,0.12
8.9184e-03,0.275,0.43
8.9200e-03,0.27,0.11
8.9216e-03,0.275,0.425
8.9232e-03,0.35,0.075
8.9248e-03,0.325,0.455
8.9264e-03,0.3,0.09
8.9280e-03,0.195,0.445
8.9296e-03,0.205,0.11
8.9312e-03,0.245,0.42
8.9328e-03,0.225,0.125
8.9344e-03,0.22,0.405
8.9360e-03,0.24,0.115
8.9376e-03,0.23,0.425
8.9392e-03,0.235,0.115
8.9408e-03,0.28,0.42
8.9424e-03,0.295,0.12
8.9440e-03,0.23,0.42
8.9456e-03,0.275,0.125
8.9472e-03,0.195,0.405
8.9488e-03,0.285,0.13
8.9504e-03,0.295,0.405
8.9520e-03,0.3,0.115
8.9536e-03,0.23,0.42
8.9552e-03,0.295,0.095
8.9568e-03,0.335,0.435
8.9584e-03,0.31,0.11
8.9600e-03,0.3,0.42
8.9616e-03,0.38,0.13
8.9632e-03,0.33,0.41
8.9648e-03,0.395,0.135
8.9664e-03,0.285,0.405
8.9680e-03,0.205,0.1
8.9696e-03,0.26,0.43
8.9712e-03,0.265,0.125
8.9728e-03,0.26,0.41
8.9744e-03,0.26,0.13
8.9760e-03,0.295,0.405
8.9776e-03,0.305,0.085
8.9792e-03,0.28,0.44
8.9808e-03,0.32,0.105
8.9824e-03,0.115,0.43
8.9840e-03,0.23,0.115
8.9856e-03,0.205,0.42
8.9872e-03,0.24,0.105
8.9888e-03,0.31,0.44
8.9904e-03,0.325,0.13
8.9920e-03,0.29,0.415
8.9936e-03,0.265,0.13
8.9952e-03,0.235,0.41
8.9968e-03,0.375,0.095
8.9984e-03,0.22,0.43
9.0000e-03,0.245,0.11
9.0016e-03,0.285,0.43
9.0032e-03,0.265,0.125
9.0048e-03,0.405,0.415
9.0064e-03,0.365,0.1
9.0080e-03,0.285,0.44
9.0096e-03,0.32,0.125
9.0112e-03,0.28,0.415
9.0128e-03,0.305,0.135
9.0144e-03,0.19,0.405
9.0160e-03,0.215,0.13
9.0176e-03,0.27,0.41
9.0192e-03,0.265,0.12
9.0208e-03,0.31,0.425
9.0224e-03,0.295,0.115
9.0240e-03,0.205,0.42
9.0256e-03,0.29,0.115
9.0272e-03,0.17,0.415
9.0288e-03,0.22,0.11
9.0304e-03,0.165,0.42
9.0320e-03,0.265,0.12
9.0336e-03,0.25,0.425
9.0352e-03,0.26,0.125
9.0368e-03,0.33,0.41
9.0384e-03,0.245,0.135
9.0400e-03,0.21,0.405
9.0416e-03,0.27,0.115
9.0432e-03,0.2,0.42
9.0448e-03,0.325,0.105
9.0464e-03,0.255,0.43
9.0480e-03,0.285,0.1
9.0496e-03,0.27,0.445
9.0512e-03,0.245,0.105
9.0528e-03,0.4,0.43
9.0544e-03,0.205,0.11
9.0560e-03,0.225,0.435
9.0576e-03,0.305,0.13
9.0592e-03,0.23,0.41
9.0608e-03,0.385,0.115
9.0624e-03,0.28,0.425
9.0640e-03,0.26,0.12
9.0656e-03,0.335,0.42
9.0672e-03,0.3,0.105
9.0688e-03,0.3,0.43
9.0704e-03,0.29,0.125
9.0720e-03,0.265,0.42
9.0736e-03,0.26,0.115
9.0752e-03,0.29,0.42
9.0768e-03,0.235,0.13
9.0784e-03,0.265,0.405
9.0800e-03,0.19,0.12
9.0816e-03,0.28,0.41
9.0832e-03,0.24,0.115
9.0848e-03,0.3,0.425
9.0864e-03,0.315,0.115
9.0880e-03,0.165,0.42
9.0896e-03,0.195,0.13
9.0912e-03,0.27,0.41
9.0928e-03,0.215,0.085
9.0944e-03,0.345,0.455
9.0960e-03,0.2,0.125
9.0976e-03,0.28,0.405
9.0992e-03,0.31,0.13
9.1008e-03,0.26,0.415
9.1024e-03,0.185,0.115
9.1040e-03,0.225,0.43
9.1056e-03,0.16,0.1
9.1072e-03,0.25,0.425
9.1088e-03,0.325,0.115
9.1104e-03,0.255,0.42
9.1120e-03,0.365,0.12
9.1136e-03,0.265,0.42
9.1152e-03,0.275,0.12
9.1168e-03,0.29,0.42
9.1184e-03,0.23,0.105
9.1200e-03,0.22,0.43
9.1216e-03,0.195,0.105
9.1232e-03,0.24,0.425
9.1248e-03,0.315,0.125
9.1264e-03,0.29,0.41
9.1280e-03,0.28,0.105
9.1296e-03,0.21,0.42
9.1312e-03,0.295,0.085
9.1328e-03,0.225,0.445
9.1344e-03,0.27,0.11
9.1360e-03,0.245,0.425
9.1376e-03,0.23,0.145
9.1392e-03,0.37,0.39
9.1408e-03,0.265,0.1
9.1424e-03,0.35,0.44
9.1440e-03,0.25,0.125
9.1456e-03,0.225,0.41
9.1472e-03,0.22,0.085
9.1488e-03,0.225,0.445
9.1504e-03,0.185,0.075
9.1520e-03,0.285,0.465
9.1536e-03,0.16,0.11
9.1552e-03,0.225,0.435
9.1568e-03,0.24,0.13
9.1584e-03,0.275,0.41
9.1600e-03,0.285,0.085
9.1616e-03,0.295,0.445
9.1632e-03,0.235,0.125
9.1648e-03,0.32,0.41
9.1664e-03,0.33,0.13
9.1680e-03,0.25,0.415
9.1696e-03,0.32,0.12
9.1712e-03,0.2,0.415
9.1728e-03,0.29,0.11
9.1744e-03,0.295,0.425
9.1760e-03,0.25,0.095
9.1776e-03,0.34,0.45
9.1792e-03,0.31,0.105
9.1808e-03,0.305,0.43
9.1824e-03,0.365,0.115
9.1840e-03,0.26,0.43
9.1856e-03,0.275,0.115
9.1872e-03,0.235,0.42
9.1888e-03,0.205,0.115
9.1904e-03,0.295,0.43
9.1920e-03,0.35,0.13
9.1936e-03,0.265,0.415
9.1952e-03,0.295,0.11
9.1968e-03,0.245,0.43
9.1984e-03,0.245,0.135
9.2000e-03,0.33,0.41
9.2016e-03,0.145,0.115
9.2032e-03,0.22,0.425
9.2048e-03,0.27,0.12
9.2064e-03,0.275,0.42
9.2080e-03,0.315,0.105
9.2096e-03,0.36,0.44
9.2112e-03,0.215,0.115
9.2128e-03,0.265,0.43
9.2144e-03,0.275,0.095
9.2160e-03,0.165,0.435
9.2176e-03,0.29,0.095
9.2192e-03,0.22,0.445
9.2208e-03,0.26,0.1
9.2224e-03,0.3,0.44
9.2240e-03,0.35,0.09
9.2256e-03,0.285,0.46
9.2272e-03,0.36,0.13
9.2288e-03,0.21,0.415
9.2304e-03,0.335,0.125
9.2320e-03,0.29,0.42
9.2336e-03,0.29,0.135
9.2352e-03,0.21,0.41
9.2368e-03,0.305,0.125
9.2384e-03,0.29,0.42
9.2400e-03,0.35,0.105
9.2416e-03,0.29,0.44
9.2432e-03,0.26,0.12
9.2448e-03,0.275,0.425
9.2464e-03,0.34,0.11
9.2480e-03,0.26,0.42
9.2496e-03,0.28,0.125
9.2512e-03,0.3,0.42
9.2528e-03,0.26,0.11
9.2544e-03,0.34,0.445
9.2560e-03,0.34,0.12
9.2576e-03,0.28,0.43
9.2592e-03,0.34,0.105
9.2608e-03,0.26,0.435
9.2624e-03,0.29,0.125
9.2640e-03,0.295,0.415
9.2656e-03,0.3,0.085
9.2672e-03,0.23,0.455
9.2688e-03,0.17,0.085
9.2704e-03,0.245,0.46
9.2720e-03,0.255,0.12
9.2736e-03,0.27,0.42
9.2752e-03,0.205,0.115
9.2768e-03,0.27,0.435
9.2784e-03,0.22,0.135
9.2800e-03,0.325,0.41
9.2816e-03,0.165,0.115
9.2832e-03,0.225,0.43
9.2848e-03,0.25,0.135
9.2864e-03,0.27,0.415
9.2880e-03,0.31,0.13
9.2896e-03,0.235,0.42
9.2912e-03,0.235,0.13
9.2928e-03,0.31,0.405
9.2944e-03,0.235,0.105
9.2960e-03,0.29,0.44
9.2976e-03,0.255,0.12
9.2992e-03,0.225,0.42
9.3008e-03,0.275,0.115
9.3024e-03,0.32,0.42
9.3040e-03,0.31,0.125
9.3056e-03,0.335,0.42
9.3072e-03,0.285,0.105
9.3088e-03,0.265,0.44
9.3104e-03,0.295,0.1
9.3120e-03,0.35,0.44
9.3136e-03,0.23,0.095
9.3152e-03,0.285,0.445
9.3168e-03,0.235,0.09
9.3184e-03,0.29,0.455
9.3200e-03,0.32,0.105
9.3216e-03,0.21,0.435
9.3232e-03,0.255,0.125
9.3248e-03,0.23,0.42
9.3264e-03,0.29,0.105
9.3280e-03,0.235,0.435
9.3296e-03,0.225,0.095
9.3312e-03,0.165,0.445
9.3328e-03,0.305,0.105
9.3344e-03,0.16,0.43
9.3360e-03,0.275,0.08
9.3376e-03,0.24,0.46
9.3392e-03,0.295,0.105
9.3408e-03,0.295,0.435
9.3424e-03,0.265,0.07
9.3440e-03,0.255,0.48
9.3456e-03,0.19,0.105
9.3472e-03,0.235,0.435
9.3488e-03,0.24,0.125
9.3504e-03,0.325,0.42
9.3520e-03,0.305,0.11
9.3536e-03,0.29,0.43
9.3552e-03,0.295,0.12
9.3568e-03,0.32,0.42
9.3584e-03,0.305,0.13
9.3600e-03,0.235,0.415
9.3616e-03,0.215,0.13
9.3632e-03,0.225,0.41
9.3648e-03,0.36,0.12
9.3664e-03,0.325,0.425
9.3680e-03,0.31,0.105
9.3696e-03,0.24,0.445
9.3712e-03,0.295,0.105
9.3728e-03,0.24,0.44
9.3744e-03,0.305,0.125
9.3760e-03,0.195,0.43
9.3776e-03,0.235,0.11
9.3792e-03,0.25,0.435
9.3808e-03,0.295,0.12
9.3824e-03,0.265,0.43
9.3840e-03,0.28,0.135
9.3856e-03,0.21,0.42
9.3872e-03,0.31,0.11
9.3888e-03,0.29,0.445
9.3904e-03,0.285,0.125
9.3920e-03,0.32,0.42
9.3936e-03,0.155,0.09
9.3952e-03,0.34,0.46
9.3968e-03,0.275,0.095
9.3984e-03,0.37,0.455
9.4000e-03,0.325,0.1
9.4016e-03,0.34,0.445
9.4032e-03,0.295,0.09
9.4048e-03,0.355,0.455
9.4064e-03,0.325,0.12
9.4080e-03,0.22,0.43
9.4096e-03,0.29,0.105
9.4112e-03,0.29,0.455
9.4128e-03,0.34,0.11
9.4144e-03,0.275,0.445
9.4160e-03,0.245,0.085
9.4176e-03,0.21,0.46
9.4192e-03,0.24,0.125
9.4208e-03,0.34,0.435
9.4224e-03,0.22,0.115
9.4240e-03,0.3,0.435
9.4256e-03,0.27,0.12
9.4272e-03,0.325,0.435
9.4288e-03,0.305,0.125
9.4304e-03,0.295,0.425
9.4320e-03,0.19,0.145
9.4336e-03,0.31,0.4
9.4352e-03,0.32,0.135
9.4368e-03,0.28,0.415
9.4384e-03,0.29,0.125
9.4400e-03,0.27,0.435
9.4416e-03,0.235,0.11
9.4432e-03,0.245,0.445
9.4448e-03,0.26,0.1
9.4464e-03,0.18,0.45
9.4480e-03,0.255,0.105
9.4496e-03,0.26,0.445
9.4512e-03,0.24,0.105
9.4528e-03,0.315,0.44
9.4544e-03,0.27,0.105
9.4560e-03,0.23,0.44
9.4576e-03,0.225,0.13
9.4592e-03,0.305,0.42
9.4608e-03,0.265,0.125
9.4624e-03,0.245,0.43
9.4640e-03,0.25,0.12
9.4656e-03,0.3,0.425
9.4672e-03,0.25,0.115
9.4688e-03,0.335,0.44
9.4704e-03,0.21,0.13
9.4720e-03,0.19,0.42
9.4736e-03,0.335,0.13
9.4752e-03,0.24,0.42
9.4768e-03,0.28,0.13
9.4784e-03,0.26,0.425
9.4800e-03,0.22,0.09
9.4816e-03,0.31,0.455
9.4832e-03,0.335,0.12
9.4848e-03,0.305,0.425
9.4864e-03,0.255,0.115
9.4880e-03,0.27,0.43
9.4896e-03,0.24,0.1
9.4912e-03,0.245,0.445
9.4928e-03,0.35,0.13
9.4944e-03,0.245,0.425
9.4960e-03,0.36,0.125
9.4976e-03,0.31,0.42
9.4992e-03,0.375,0.125
9.5008e-03,0.275,0.425
9.5024e-03,0.255,0.115
9.5040e-03,0.25,0.43
9.5056e-03,0.26,0.11
9.5072e-03,0.3,0.44
9.5088e-03,0.29,0.14
9.5104e-03,0.205,0.415
9.5120e-03,0.285,0.13
9.5136e-03,0.285,0.42
9.5152e-03,0.31,0.125
9.5168e-03,0.215,0.42
9.5184e-03,0.27,0.125
9.5200e-03,0.185,0.425
9.5216e-03,0.305,0.13
9.5232e-03,0.25,0.42
9.5248e-03,0.245,0.135
9.5264e-03,0.18,0.415
9.5280e-03,0.25,0.125
9.5296e-03,0.19,0.415
9.5312e-03,0.285,0.12
9.5328e-03,0.285,0.44
9.5344e-03,0.335,0.125
9.5360e-03,0.235,0.43
9.5376e-03,0.355,0.115
9.5392e-03,0.29,0.44
9.5408e-03,0.32,0.11
9.5424e-03,0.29,0.445
9.5440e-03,0.295,0.115
9.5456e-03,0.3,0.425
9.5472e-03,0.35,0.105
9.5488e-03,0.27,0.45
9.5504e-03,0.205,0.12
9.5520e-03,0.275,0.44
9.5536e-03,0.3,0.13
9.5552e-03,0.315,0.42
9.5568e-03,0.4,0.125
9.5584e-03,0.26,0.435
9.5600e-03,0.335,0.12
9.5616e-03,0.33,0.43
9.5632e-03,0.23,0.135
9.5648e-03,0.26,0.425
9.5664e-03,0.23,0.135
9.5680e-03,0.31,0.415
9.5696e-03,0.325,0.145
9.5712e-03,0.33,0.415
9.5728e-03,0.305,0.125
9.5744e-03,0.22,0.43
9.5760e-03,0.255,0.11
9.5776e-03,0.24,0.44
9.5792e-03,0.235,0.105
9.5808e-03,0.365,0.445
9.5824e-03,0.27,0.11
9.5840e-03,0.29,0.44
9.5856e-03,0.23,0.095
9.5872e-03,0.255,0.455
9.5888e-03,0.235,0.1
9.5904e-03,0.205,0.46
9.5920e-03,0.195,0.105
9.5936e-03,0.3,0.445
9.5952e-03,0.34,0.115
9.5968e-03,0.25,0.435
9.5984e-03,0.23,0.08
9.6000e-03,0.16,0.475
9.6016e-03,0.18,0.135
9.6032e-03,0.28,0.42
9.6048e-03,0.21,0.15
9.6064e-03,0.25,0.415
9.6080e-03,0.255,0.12
9.6096e-03,0.29,0.435
9.6112e-03,0.275,0.14
9.6128e-03,0.285,0.415
9.6144e-03,0.245,0.115
9.6160e-03,0.3,0.435
9.6176e-03,0.255,0.11
9.6192e-03,0.285,0.445
9.6208e-03,0.3,0.105
9.6224e-03,0.335,0.455
9.6240e-03,0.265,0.13
9.6256e-03,0.25,0.425
9.6272e-03,0.335,0.135
9.6288e-03,0.305,0.415
9.6304e-03,0.375,0.1
9.6320e-03,0.335,0.45
9.6336e-03,0.285,0.095
9.6352e-03,0.37,0.465
9.6368e-03,0.355,0.085
9.6384e-03,0.275,0.46
9.6400e-03,0.345,0.09
9.6416e-03,0.24,0.46
9.6432e-03,0.395,0.135
9.6448e-03,0.315,0.42
9.6464e-03,0.255,0.125
9.6480e-03,0.27,0.425
9.6496e-03,0.265,0.13
9.6512e-03,0.265,0.42
9.6528e-03,0.28,0.125
9.6544e-03,0.28,0.425
9.6560e-03,0.235,0.135
9.6576e-03,0.355,0.42
9.6592e-03,0.265,0.115
9.6608e-03,0.265,0.435
9.6624e-03,0.295,0.105
9.6640e-03,0.24,0.45
9.6656e-03,0.295,0.105
9.6672e-03,0.26,0.445
9.6688e-03,0.31,0.11
9.6704e-03,0.27,0.44
9.6720e-03,0.255,0.135
9.6736e-03,0.215,0.42
9.6752e-03,0.24,0.09
9.6768e-03,0.215,0.46
9.6784e-03,0.21,0.125
9.6800e-03,0.24,0.425
9.6816e-03,0.215,0.105
9.6832e-03,0.29,0.445
9.6848e-03,0.38,0.105
9.6864e-03,0.295,0.45
9.6880e-03,0.32,0.125
9.6896e-03,0.325,0.425
9.6912e-03,0.285,0.12
9.6928e-03,0.405,0.43
9.6944e-03,0.27,0.125
9.6960e-03,0.305,0.43
9.6976e-03,0.27,0.13
9.6992e-03,0.21,0.42
9.7008e-03,0.305,0.085
9.7024e-03,0.27,0.46
9.7040e-03,0.255,0.115
9.7056e-03,0.255,0.445
9.7072e-03,0.235,0.13
9.7088e-03,0.275,0.43
9.7104e-03,0.32,0.125
9.7120e-03,0.235,0.43
9.7136e-03,0.205,0.12
9.7152e-03,0.265,0.43
9.7168e-03,0.275,0.115
9.7184e-03,0.33,0.44
9.7200e-03,0.255,0.125
9.7216e-03,0.265,0.44
9.7232e-03,0.225,0.145
9.7248e-03,0.31,0.415
9.7264e-03,0.27,0.105
9.7280e-03,0.28,0.44
9.7296e-03,0.325,0.115
9.7312e-03,0.24,0.44
9.7328e-03,0.305,0.135
9.7344e-03,0.285,0.425
9.7360e-03,0.255,0.12
9.7376e-03,0.31,0.435
9.7392e-03,0.225,0.12
9.7408e-03,0.265,0.43
9.7424e-03,0.31,0.11
9.7440e-03,0.255,0.455
9.7456e-03,0.25,0.135
9.7472e-03,0.205,0.425
9.7488e-03,0.22,0.145
9.7504e-03,0.305,0.42
9.7520e-03,0.315,0.135
9.7536e-03,0.22,0.42
9.7552e-03,0.285,0.135
9.7568e-03,0.34,0.43
9.7584e-03,0.25,0.13
9.7600e-03,0.29,0.43
9.7616e-03,0.255,0.13
9.7632e-03,0.24,0.43
9.7648e-03,0.3,0.145
9.7664e-03,0.295,0.42
9.7680e-03,0.245,0.13
9.7696e-03,0.23,0.43
9.7712e-03,0.225,0.15
9.7728e-03,0.165,0.415
9.7744e-03,0.3,0.13
9.7760e-03,0.285,0.435
9.7776e-03,0.28,0.12
9.7792e-03,0.325,0.445
9.7808e-03,0.215,0.13
9.7824e-03,0.32,0.43
9.7840e-03,0.355,0.135
9.7856e-03,0.33,0.43
9.7872e-03,0.29,0.105
9.7888e-03,0.29,0.455
9.7904e-03,0.295,0.115
9.7920e-03,0.345,0.445
9.7936e-03,0.34,0.13
9.7952e-03,0.29,0.43
9.7968e-03,0.285,0.125
9.7984e-03,0.37,0.445
9.8000e-03,0.3,0.15
9.8016e-03,0.29,0.42
9.8032e-03,0.25,0.115
9.8048e-03,0.215,0.44
9.8064e-03,0.36,0.14
9.8080e-03,0.31,0.42
9.8096e-03,0.305,0.115
9.8112e-03,0.355,0.445
9.8128e-03,0.325,0.12
9.8144e-03,0.34,0.44
9.8160e-03,0.365,0.125
9.8176e-03,0.3,0.44
9.8192e-03,0.265,0.135
9.8208e-03,0.245,0.43
9.8224e-03,0.215,0.14
9.8240e-03,0.27,0.42
9.8256e-03,0.255,0.13
9.8272e-03,0.255,0.43
9.8288e-03,0.305,0.13
9.8304e-03,0.335,0.43
9.8320e-03,0.315,0.135
9.8336e-03,0.395,0.42
9.8352e-03,0.245,0.145
9.8368e-03,0.26,0.42
9.8384e-03,0.18,0.145
9.8400e-03,0.28,0.41
9.8416e-03,0.245,0.12
9.8432e-03,0.23,0.435
9.8448e-03,0.3,0.13
9.8464e-03,0.285,0.435
9.8480e-03,0.355,0.14
9.8496e-03,0.27,0.425
9.8512e-03,0.24,0.135
9.8528e-03,0.275,0.425
9.8544e-03,0.285,0.115
9.8560e-03,0.34,0.445
9.8576e-03,0.285,0.11
9.8592e-03,0.295,0.445
9.8608e-03,0.31,0.145
9.8624e-03,0.31,0.41
9.8640e-03,0.29,0.135
9.8656e-03,0.29,0.42
9.8672e-03,0.245,0.105
9.8688e-03,0.275,0.455
9.8704e-03,0.28,0.145
9.8720e-03,0.365,0.425
9.8736e-03,0.225,0.12
9.8752e-03,0.28,0.435
9.8768e-03,0.165,0.13
9.8784e-03,0.28,0.435
9.8800e-03,0.22,0.13
9.8816e-03,0.25,0.43
9.8832e-03,0.165,0.125
9.8848e-03,0.21,0.445
9.8864e-03,0.255,0.135
9.8880e-03,0.315,0.435
9.8896e-03,0.35,0.13
9.8912e-03,0.29,0.435
9.8928e-03,0.34,0.14
9.8944e-03,0.345,0.42
9.8960e-03,0.415,0.145
9.8976e-03,0.355,0.415
9.8992e-03,0.365,0.13
9.9008e-03,0.345,0.43
9.9024e-03,0.355,0.135
9.9040e-03,0.28,0.425
9.9056e-03,0.31,0.115
9.9072e-03,0.235,0.445
9.9088e-03,0.28,0.105
9.9104e-03,0.27,0.455
9.9120e-03,0.28,0.13
9.9136e-03,0.33,0.435
9.9152e-03,0.285,0.105
9.9168e-03,0.28,0.455
9.9184e-03,0.305,0.115
9.9200e-03,0.265,0.45
9.9216e-03,0.26,0.095
9.9232e-03,0.17,0.465
9.9248e-03,0.285,0.135
9.9264e-03,0.24,0.43
9.9280e-03,0.335,0.085
9.9296e-03,0.245,0.465
9.9312e-03,0.185,0.115
9.9328e-03,0.185,0.445
9.9344e-03,0.245,0.14
9.9360e-03,0.215,0.42
9.9376e-03,0.255,0.135
9.9392e-03,0.225,0.42
9.9408e-03,0.225,0.14
9.9424e-03,0.38,0.425
9.9440e-03,0.29,0.12
9.9456e-03,0.305,0.44
9.9472e-03,0.275,0.155
9.9488e-03,0.36,0.405
9.9504e-03,0.31,0.14
9.9520e-03,0.405,0.425
9.9536e-03,0.325,0.13
9.9552e-03,0.275,0.43
9.9568e-03,0.345,0.13
9.9584e-03,0.305,0.435
9.9600e-03,0.295,0.105
9.9616e-03,0.255,0.45
9.9632e-03,0.27,0.13
9.9648e-03,0.265,0.44
9.9664e-03,0.31,0.145
9.9680e-03,0.35,0.42
9.9696e-03,0.27,0.14
9.9712e-03,0.27,0.425
9.9728e-03,0.33,0.12
9.9744e-03,0.335,0.445
9.9760e-03,0.34,0.145
9.9776e-03,0.35,0.425
9.9792e-03,0.23,0.13
9.9808e-03,0.345,0.43
9.9824e-03,0.325,0.13
9.9840e-03,0.275,0.44
9.9856e-03,0.265,0.115
9.9872e-03,0.27,0.45
9.9888e-03,0.295,0.145
9.9904e-03,0.37,0.42
9.9920e-03,0.315,0.15
9.9936e-03,0.35,0.42
9.9952e-03,0.24,0.135
9.9968e-03,0.365,0.43
9.9984e-03,0.3,0.145
1.0000e-02,0.27,0.43
1.0002e-02,0.285,0.15
1.0003e-02,0.235,0.425
1.0005e-02,0.31,0.145
1.0006e-02,0.3,0.42
1.0008e-02,0.38,0.14
1.0010e-02,0.305,0.43
1.0011e-02,0.29,0.15
1.0013e-02,0.315,0.42
1.0014e-02,0.265,0.135
1.0016e-02,0.265,0.43
1.0018e-02,0.275,0.14
1.0019e-02,0.31,0.43
1.0021e-02,0.3,0.13
1.0022e-02,0.38,0.445
1.0024e-02,0.3,0.15
1.0026e-02,0.295,0.42
1.0027e-02,0.305,0.13
1.0029e-02,0.355,0.445
1.0030e-02,0.25,0.12
1.0032e-02,0.35,0.45
1.0034e-02,0.285,0.125
1.0035e-02,0.33,0.445
1.0037e-02,0.37,0.14
1.0038e-02,0.325,0.43
1.0040e-02,0.29,0.14
1.0042e-02,0.27,0.44
1.0043e-02,0.355,0.15
1.0045e-02,0.345,0.43
1.0046e-02,0.385,0.145
1.0048e-02,0.345,0.425
1.0050e-02,0.3,0.145
1.0051e-02,0.325,0.425
1.0053e-02,0.355,0.13
1.0054e-02,0.265,0.435
1.0056e-02,0.245,0.14
1.0058e-02,0.3,0.425
1.0059e-02,0.24,0.125
1.0061e-02,0.235,0.445
1.0062e-02,0.315,0.14
1.0064e-02,0.19,0.43
1.0066e-02,0.325,0.145
1.0067e-02,0.265,0.425
1.0069e-02,0.245,0.135
1.0070e-02,0.22,0.43
1.0072e-02,0.265,0.13
1.0074e-02,0.245,0.435
1.0075e-02,0.29,0.115
1.0077e-02,0.29,0.45
1.0078e-02,0.23,0.13
1.0080e-02,0.285,0.445
1.0082e-02,0.295,0.14
1.0083e-02,0.23,0.425
1.0085e-02,0.305,0.12
1.0086e-02,0.255,0.445
1.0088e-02,0.24,0.125
1.0090e-02,0.325,0.45
1.0091e-02,0.315,0.15
1.0093e-02,0.28,0.42
1.0094e-02,0.275,0.125
1.0096e-02,0.375,0.45
1.0098e-02,0.265,0.13
1.0099e-02,0.41,0.44
1.0101e-02,0.285,0.135
1.0102e-02,0.245,0.43
1.0104e-02,0.355,0.15
1.0106e-02,0.335,0.425
1.0107e-02,0.3,0.15
1.0109e-02,0.325,0.43
1.0110e-02,0.245,0.15
1.0112e-02,0.32,0.42
1.0114e-02,0.295,0.14
1.0115e-02,0.195,0.425
1.0117e-02,0.205,0.125
1.0118e-02,0.29,0.44
1.0120e-02,0.25,0.15
1.0122e-02,0.28,0.42
1.0123e-02,0.285,0.155
1.0125e-02,0.24,0.42
1.0126e-02,0.34,0.15
1.0128e-02,0.29,0.415
1.0130e-02,0.305,0.125
1.0131e-02,0.235,0.44
1.0133e-02,0.355,0.135
1.0134e-02,0.33,0.43
1.0136e-02,0.29,0.15
1.0138e-02,0.4,0.415
1.0139e-02,0.22,0.14
1.0141e-02,0.295,0.42
1.0142e-02,0.285,0.145
1.0144e-02,0.195,0.42
1.0146e-02,0.285,0.14
1.0147e-02,0.295,0.425
1.0149e-02,0.275,0.145
1.0150e-02,0.325,0.425
1.0152e-02,0.345,0.12
1.0154e-02,0.255,0.45
1.0155e-02,0.29,0.15
1.0157e-02,0.28,0.42
1.0158e-02,0.26,0.15
1.0160e-02,0.355,0.42
1.0162e-02,0.31,0.14
1.0163e-02,0.25,0.43
1.0165e-02,0.42,0.14
1.0166e-02,0.315,0.43
1.0168e-02,0.29,0.125
1.0170e-02,0.205,0.455
1.0171e-02,0.21,0.16
1.0173e-02,0.305,0.41
1.0174e-02,0.255,0.13
1.0176e-02,0.29,0.435
1.0178e-02,0.215,0.135
1.0179e-02,0.31,0.435
1.0181e-02,0.325,0.155
1.0182e-02,0.255,0.425
1.0184e-02,0.265,0.145
1.0186e-02,0.23,0.43
1.0187e-02,0.31,0.125
1.0189e-02,0.305,0.445
1.0190e-02,0.3,0.15
1.0192e-02,0.335,0.425
1.0194e-02,0.36,0.14
1.0195e-02,0.29,0.435
1.0197e-02,0.265,0.14
1.0198e-02,0.285,0.43
1.0200e-02,0.155,0.15
1.0202e-02,0.33,0.42
1.0203e-02,0.245,0.13
1.0205e-02,0.3,0.43
1.0206e-02,0.31,0.15
1.0208e-02,0.3,0.425
1.0210e-02,0.345,0.16
1.0211e-02,0.325,0.41
1.0213e-02,0.295,0.15
1.0214e-02,0.305,0.425
1.0216e-02,0.23,0.14
1.0218e-02,0.245,0.43
1.0219e-02,0.26,0.16
1.0221e-02,0.265,0.415
1.0222e-02,0.235,0.145
1.0224e-02,0.295,0.425
1.0226e-02,0.3,0.15
1.0227e-02,0.325,0.43
1.0229e-02,0.29,0.135
1.0230e-02,0.235,0.43
1.0232e-02,0.26,0.13
1.0234e-02,0.245,0.44
1.0235e-02,0.28,0.16
1.0237e-02,0.225,0.41
1.0238e-02,0.265,0.125
1.0240e-02,0.295,0.44
1.0242e-02,0.345,0.145
1.0243e-02,0.295,0.425
1.0245e-02,0.275,0.15
1.0246e-02,0.245,0.42
1.0248e-02,0.19,0.14
1.0250e-02,0.31,0.435
1.0251e-02,0.185,0.15
1.0253e-02,0.245,0.42
1.0254e-02,0.29,0.145
1.0256e-02,0.295,0.43
1.0258e-02,0.4,0.16
1.0259e-02,0.285,0.415
1.0261e-02,0.285,0.135
1.0262e-02,0.275,0.43
1.0264e-02,0.245,0.145
1.0266e-02,0.315,0.43
1.0267e-02,0.26,0.15
1.0269e-02,0.275,0.425
1.0270e-02,0.275,0.155
1.0272e-02,0.29,0.42
1.0274e-02,0.365,0.145
1.0275e-02,0.28,0.43
1.0277e-02,0.32,0.14
1.0278e-02,0.245,0.43
1.0280e-02,0.3,0.125
1.0282e-02,0.26,0.445
1.0283e-02,0.25,0.145
1.0285e-02,0.275,0.43
1.0286e-02,0.275,0.155
1.0288e-02,0.33,0.42
1.0290e-02,0.31,0.14
1.0291e-02,0.225,0.44
1.0293e-02,0.23,0.14
1.0294e-02,0.265,0.445
1.0296e-02,0.315,0.15
1.0298e-02,0.315,0.43
1.0299e-02,0.255,0.155
1.0301e-02,0.325,0.42
1.0302e-02,0.24,0.14
1.0304e-02,0.405,0.44
1.0306e-02,0.33,0.15
1.0307e-02,0.305,0.42
1.0309e-02,0.355,0.155
1.0310e-02,0.365,0.425
1.0312e-02,0.345,0.155
1.0314e-02,0.37,0.42
1.0315e-02,0.285,0.15
1.0317e-02,0.275,0.43
1.0318e-02,0.38,0.15
1.0320e-02,0.295,0.43
1.0322e-02,0.38,0.145
1.0323e-02,0.325,0.43
1.0325e-02,0.33,0.15
1.0326e-02,0.325,0.425
1.0328e-02,0.28,0.15
1.0330e-02,0.29,0.43
1.0331e-02,0.305,0.135
1.0333e-02,0.255,0.44
1.0334e-02,0.255,0.155
1.0336e-02,0.315,0.425
1.0338e-02,0.23,0.13
1.0339e-02,0.32,0.455
1.0341e-02,0.25,0.14
1.0342e-02,0.325,0.44
1.0344e-02,0.32,0.115
1.0346e-02,0.34,0.465
1.0347e-02,0.285,0.13
1.0349e-02,0.28,0.445
1.0350e-02,0.31,0.135
1.0352e-02,0.315,0.435
1.0354e-02,0.31,0.155
1.0355e-02,0.19,0.42
1.0357e-02,0.315,0.13
1.0358e-02,0.325,0.44
1.0360e-02,0.34,0.145
1.0362e-02,0.365,0.435
1.0363e-02,0.28,0.12
1.0365e-02,0.24,0.45
1.0366e-02,0.255,0.135
1.0368e-02,0.295,0.44
1.0370e-02,0.225,0.14
1.0371e-02,0.285,0.435
1.0373e-02,0.24,0.135
1.0374e-02,0.285,0.43
1.0376e-02,0.285,0.145
1.0378e-02,0.235,0.425
1.0379e-02,0.27,0.14
1.0381e-02,0.215,0.42
1.0382e-02,0.265,0.145
1.0384e-02,0.295,0.43
1.0386e-02,0.315,0.135
1.0387e-02,0.24,0.435
1.0389e-02,0.295,0.105
1.0390e-02,0.23,0.46
1.0392e-02,0.265,0.135
1.0394e-02,0.33,0.44
1.0395e-02,0.195,0.13
1.0397e-02,0.3,0.44
1.0398e-02,0.215,0.16
1.0400e-02,0.345,0.415
1.0402e-02,0.26,0.125
1.0403e-02,0.255,0.45
1.0405e-02,0.14,0.125
1.0406e-02,0.225,0.445
1.0408e-02,0.25,0.13
1.0410e-02,0.26,0.445
1.0411e-02,0.305,0.095
1.0413e-02,0.32,0.485
1.0414e-02,0.26,0.13
1.0416e-02,0.395,0.455
1.0418e-02,0.31,0.14
1.0419e-02,0.365,0.435
1.0421e-02,0.3,0.145
1.0422e-02,0.295,0.43
1.0424e-02,0.29,0.135
1.0426e-02,0.29,0.445
1.0427e-02,0.36,0.14
1.0429e-02,0.265,0.44
1.0430e-02,0.31,0.15
1.0432e-02,0.3,0.425
1.0434e-02,0.315,0.15
1.0435e-02,0.39,0.43
1.0437e-02,0.305,0.14
1.0438e-02,0.285,0.435
1.0440e-02,0.32,0.15
1.0442e-02,0.32,0.425
1.0443e-02,0.23,0.125
1.0445e-02,0.255,0.455
1.0446e-02,0.185,0.155
1.0448e-02,0.265,0.43
1.0450e-02,0.32,0.145
1.0451e-02,0.285,0.435
1.0453e-02,0.25,0.15
1.0454e-02,0.315,0.43
1.0456e-02,0.27,0.15
1.0458e-02,0.315,0.43
1.0459e-02,0.26,0.16
1.0461e-02,0.345,0.43
1.0462e-02,0.28,0.165
1.0464e-02,0.385,0.415
1.0466e-02,0.32,0.15
1.0467e-02,0.325,0.43
1.0469e-02,0.325,0.155
1.0470e-02,0.21,0.43
1.0472e-02,0.235,0.12
1.0474e-02,0.26,0.465
1.0475e-02,0.31,0.165
1.0477e-02,0.3,0.415
1.0478e-02,0.265,0.125
1.0480e-02,0.34,0.455
1.0482e-02,0.33,0.15
1.0483e-02,0.31,0.435
1.0485e-02,0.31,0.135
1.0486e-02,0.225,0.45
1.0488e-02,0.26,0.155
1.0490e-02,0.39,0.425
1.0491e-02,0.235,0.13
1.0493e-02,0.275,0.45
1.0494e-02,0.3,0.145
1.0496e-02,0.305,0.44
1.0498e-02,0.27,0.15
1.0499e-02,0.25,0.43
1.0501e-02,0.235,0.12
1.0502e-02,0.24,0.46
1.0504e-02,0.37,0.135
1.0506e-02,0.305,0.445
1.0507e-02,0.345,0.145
1.0509e-02,0.3,0.435
1.0510e-02,0.36,0.16
1.0512e-02,0.245,0.43
1.0514e-02,0.325,0.155
1.0515e-02,0.39,0.425
1.0517e-02,0.29,0.14
1.0518e-02,0.33,0.44
1.0520e-02,0.245,0.14
1.0522e-02,0.33,0.44
1.0523e-02,0.24,0.165
1.0525e-02,0.295,0.415
1.0526e-02,0.29,0.15
1.0528e-02,0.285,0.44
1.0530e-02,0.355,0.135
1.0531e-02,0.3,0.44
1.0533e-02,0.21,0.14
1.0534e-02,0.27,0.44
1.0536e-02,0.33,0.115
1.0538e-02,0.325,0.46
1.0539e-02,0.37,0.14
1.0541e-02,0.32,0.445
1.0542e-02,0.355,0.12
1.0544e-02,0.39,0.46
1.0546e-02,0.365,0.13
1.0547e-02,0.28,0.445
1.0549e-02,0.24,0.155
1.0550e-02,0.27,0.43
1.0552e-02,0.245,0.145
1.0554e-02,0.28,0.435
1.0555e-02,0.315,0.145
1.0557e-02,0.245,0.435
1.0558e-02,0.29,0.155
1.0560e-02,0.29,0.43
1.0562e-02,0.225,0.115
1.0563e-02,0.285,0.465
1.0565e-02,0.15,0.155
1.0566e-02,0.255,0.43
1.0568e-02,0.21,0.15
1.0570e-02,0.345,0.43
1.0571e-02,0.22,0.16
1.0573e-02,0.25,0.425
1.0574e-02,0.26,0.15
1.0576e-02,0.315,0.425
1.0578e-02,0.245,0.15
1.0579e-02,0.325,0.435
1.0581e-02,0.175,0.135
1.0582e-02,0.235,0.445
1.0584e-02,0.35,0.13
1.0586e-02,0.305,0.45
1.0587e-02,0.33,0.13
1.0589e-02,0.3,0.445
1.0590e-02,0.32,0.12
1.0592e-02,0.34,0.455
1.0594e-02,0.255,0.145
1.0595e-02,0.28,0.44
1.0597e-02,0.345,0.155
1.0598e-02,0.355,0.43
1.0600e-02,0.365,0.14
1.0602e-02,0.37,0.45
1.0603e-02,0.27,0.145
1.0605e-02,0.335,0.44
1.0606e-02,0.36,0.155
1.0608e-02,0.305,0.425
1.0610e-02,0.395,0.155
1.0611e-02,0.32,0.425
1.0613e-02,0.325,0.14
1.0614e-02,0.28,0.44
1.0616e-02,0.325,0.16
1.0618e-02,0.29,0.425
1.0619e-02,0.315,0.12
1.0621e-02,0.31,0.47
1.0622e-02,0.37,0.12
1.0624e-02,0.305,0.465
1.0626e-02,0.285,0.135
1.0627e-02,0.295,0.445
1.0629e-02,0.24,0.15
1.0630e-02,0.315,0.435
1.0632e-02,0.39,0.135
1.0634e-02,0.29,0.445
1.0635e-02,0.33,0.16
1.0637e-02,0.345,0.425
1.0638e-02,0.285,0.13
1.0640e-02,0.395,0.455
1.0642e-02,0.215,0.13
1.0643e-02,0.23,0.45
1.0645e-02,0.29,0.13
1.0646e-02,0.225,0.455
1.0648e-02,0.285,0.14
1.0650e-02,0.135,0.45
1.0651e-02,0.235,0.135
1.0653e-02,0.225,0.445
1.0654e-02,0.245,0.15
1.0656e-02,0.295,0.45
1.0658e-02,0.225,0.145
1.0659e-02,0.32,0.44
1.0661e-02,0.385,0.135
1.0662e-02,0.305,0.445
1.0664e-02,0.35,0.145
1.0666e-02,0.25,0.44
1.0667e-02,0.27,0.165
1.0669e-02,0.335,0.415
1.0670e-02,0.195,0.15
1.0672e-02,0.335,0.43
1.0674e-02,0.245,0.145
1.0675e-02,0.315,0.435
1.0677e-02,0.31,0.125
1.0678e-02,0.35,0.46
1.0680e-02,0.345,0.145
1.0682e-02,0.36,0.43
1.0683e-02,0.27,0.155
1.0685e-02,0.29,0.42
1.0686e-02,0.285,0.13
1.0688e-02,0.32,0.445
1.0690e-02,0.275,0.14
1.0691e-02,0.295,0.44
1.0693e-02,0.355,0.145
1.0694e-02,0.38,0.44
1.0696e-02,0.3,0.135
1.0698e-02,0.265,0.44
1.0699e-02,0.225,0.12
1.0701e-02,0.335,0.46
1.0702e-02,0.315,0.08
1.0704e-02,0.275,0.505
1.0706e-02,0.29,0.13
1.0707e-02,0.3,0.46
1.0709e-02,0.325,0.14
1.0710e-02,0.215,0.445
1.0712e-02,0.255,0.125
1.0714e-02,0.26,0.46
1.0715e-02,0.34,0.125
1.0717e-02,0.325,0.46
1.0718e-02,0.26,0.135
1.0720e-02,0.205,0.45
1.0722e-02,0.28,0.15
1.0723e-02,0.27,0.435
1.0725e-02,0.325,0.135
1.0726e-02,0.335,0.45
1.0728e-02,0.28,0.155
1.0730e-02,0.28,0.43
1.0731e-02,0.29,0.14
1.0733e-02,0.29,0.45
1.0734e-02,0.37,0.12
1.0736e-02,0.34,0.465
1.0738e-02,0.305,0.13
1.0739e-02,0.335,0.465
1.0741e-02,0.32,0.14
1.0742e-02,0.335,0.45
1.0744e-02,0.235,0.14
1.0746e-02,0.285,0.445
1.0747e-02,0.27,0.155
1.0749e-02,0.395,0.435
1.0750e-02,0.335,0.16
1.0752e-02,0.315,0.44
1.0754e-02,0.305,0.17
1.0755e-02,0.28,0.43
1.0757e-02,0.355,0.165
1.0758e-02,0.265,0.435
1.0760e-02,0.2,0.13
1.0762e-02,0.28,0.46
1.0763e-02,0.255,0.135
1.0765e-02,0.245,0.455
1.0766e-02,0.255,0.135
1.0768e-02,0.185,0.455
1.0770e-02,0.31,0.135
1.0771e-02,0.28,0.455
1.0773e-02,0.325,0.145
1.0774e-02,0.22,0.455
1.0776e-02,0.34,0.15
1.0778e-02,0.275,0.45
1.0779e-02,0.345,0.145
1.0781e-02,0.305,0.45
1.0782e-02,0.275,0.13
1.0784e-02,0.275,0.46
1.0786e-02,0.28,0.155
1.0787e-02,0.27,0.445
1.0789e-02,0.285,0.145
1.0790e-02,0.37,0.455
1.0792e-02,0.25,0.125
1.0794e-02,0.33,0.475
1.0795e-02,0.295,0.16
1.0797e-02,0.33,0.435
1.0798e-02,0.265,0.16
1.0800e-02,0.245,0.43
1.0802e-02,0.215,0.15
1.0803e-02,0.325,0.445
1.0805e-02,0.275,0.15
1.0806e-02,0.305,0.445
1.0808e-02,0.26,0.145
1.0810e-02,0.33,0.45
1.0811e-02,0.35,0.155
1.0813e-02,0.285,0.43
1.0814e-02,0.245,0.16
1.0816e-02,0.185,0.43
1.0818e-02,0.27,0.125
1.0819e-02,0.23,0.46
1.0821e-02,0.3,0.14
1.0822e-02,0.235,0.45
1.0824e-02,0.285,0.16
1.0826e-02,0.25,0.43
1.0827e-02,0.285,0.16
1.0829e-02,0.295,0.44
1.0830e-02,0.27,0.15
1.0832e-02,0.335,0.44
1.0834e-02,0.345,0.165
1.0835e-02,0.32,0.43
1.0837e-02,0.35,0.17
1.0838e-02,0.305,0.415
1.0840e-02,0.27,0.165
1.0842e-02,0.285,0.425
1.0843e-02,0.285,0.155
1.0845e-02,0.305,0.43
1.0846e-02,0.34,0.14
1.0848e-02,0.2,0.445
1.0850e-02,0.31,0.15
1.0851e-02,0.34,0.44
1.0853e-02,0.28,0.14
1.0854e-02,0.27,0.45
1.0856e-02,0.205,0.155
1.0858e-02,0.31,0.44
1.0859e-02,0.315,0.155
1.0861e-02,0.325,0.435
1.0862e-02,0.25,0.155
1.0864e-02,0.35,0.44
1.0866e-02,0.29,0.155
1.0867e-02,0.345,0.44
1.0869e-02,0.31,0.14
1.0870e-02,0.205,0.445
1.0872e-02,0.35,0.16
1.0874e-02,0.265,0.43
1.0875e-02,0.3,0.145
1.0877e-02,0.295,0.445
1.0878e-02,0.245,0.16
1.0880e-02,0.235,0.44
1.0882e-02,0.325,0.15
1.0883e-02,0.32,0.445
1.0885e-02,0.285,0.15
1.0886e-02,0.325,0.445
1.0888e-02,0.16,0.155
1.0890e-02,0.28,0.435
1.0891e-02,0.35,0.14
1.0893e-02,0.385,0.45
1.0894e-02,0.305,0.145
1.0896e-02,0.34,0.445
1.0898e-02,0.265,0.165
1.0899e-02,0.345,0.425
1.0901e-02,0.255,0.15
1.0902e-02,0.26,0.44
1.0904e-02,0.255,0.16
1.0906e-02,0.335,0.445
1.0907e-02,0.31,0.15
1.0909e-02,0.295,0.445
1.0910e-02,0.265,0.15
1.0912e-02,0.305,0.44
1.0914e-02,0.36,0.16
1.0915e-02,0.35,0.43
1.0917e-02,0.295,0.15
1.0918e-02,0.33,0.445
1.0920e-02,0.3,0.135
1.0922e-02,0.3,0.46
1.0923e-02,0.325,0.16
1.0925e-02,0.265,0.44
1.0926e-02,0.265,0.165
1.0928e-02,0.39,0.43
1.0930e-02,0.29,0.16
1.0931e-02,0.425,0.43
1.0933e-02,0.35,0.145
1.0934e-02,0.31,0.45
1.0936e-02,0.32,0.15
1.0938e-02,0.335,0.445
1.0939e-02,0.33,0.14
1.0941e-02,0.32,0.455
1.0942e-02,0.215,0.15
1.0944e-02,0.225,0.455
1.0946e-02,0.295,0.155
1.0947e-02,0.27,0.435
1.0949e-02,0.34,0.14
1.0950e-02,0.21,0.455
1.0952e-02,0.305,0.125
1.0954e-02,0.305,0.46
1.0955e-02,0.34,0.135
1.0957e-02,0.235,0.45
1.0958e-02,0.225,0.14
1.0960e-02,0.255,0.455
1.0962e-02,0.215,0.155
1.0963e-02,0.265,0.43
1.0965e-02,0.26,0.155
1.0966e-02,0.275,0.435
1.0968e-02,0.31,0.135
1.0970e-02,0.355,0.455
1.0971e-02,0.295,0.15
1.0973e-02,0.315,0.445
1.0974e-02,0.27,0.125
1.0976e-02,0.285,0.46
1.0978e-02,0.365,0.145
1.0979e-02,0.385,0.45
1.0981e-02,0.34,0.165
1.0982e-02,0.285,0.43
1.0984e-02,0.345,0.165
1.0986e-02,0.26,0.425
1.0987e-02,0.41,0.165
1.0989e-02,0.305,0.425
1.0990e-02,0.3,0.13
1.0992e-02,0.285,0.455
1.0994e-02,0.325,0.15
1.0995e-02,0.19,0.445
1.0997e-02,0.325,0.115
1.0998e-02,0.205,0.475
1.1000e-02,0.275,0.13
1.1002e-02,0.29,0.465
1.1003e-02,0.32,0.16
1.1005e-02,0.195,0.43
1.1006e-02,0.29,0.155
1.1008e-02,0.175,0.445
1.1010e-02,0.23,0.15
1.1011e-02,0.255,0.435
1.1013e-02,0.34,0.155
1.1014e-02,0.22,0.435
1.1016e-02,0.27,0.155
1.1018e-02,0.28,0.445
1.1019e-02,0.325,0.16
1.1021e-02,0.375,0.435
1.1022e-02,0.285,0.155
1.1024e-02,0.265,0.44
1.1026e-02,0.325,0.14
1.1027e-02,0.33,0.45
1.1029e-02,0.33,0.12
1.1030e-02,0.27,0.47
1.1032e-02,0.265,0.15
1.1034e-02,0.315,0.445
1.1035e-02,0.395,0.13
1.1037e-02,0.325,0.465
1.1038e-02,0.345,0.135
1.1040e-02,0.33,0.465
1.1042e-02,0.35,0.15
1.1043e-02,0.31,0.45
1.1045e-02,0.335,0.12
1.1046e-02,0.285,0.48
1.1048e-02,0.26,0.155
1.1050e-02,0.27,0.44
1.1051e-02,0.195,0.155
1.1053e-02,0.29,0.44
1.1054e-02,0.32,0.115
1.1056e-02,0.25,0.48
1.1058e-02,0.32,0.135
1.1059e-02,0.23,0.46
1.1061e-02,0.335,0.125
1.1062e-02,0.25,0.47
1.1064e-02,0.275,0.15
1.1066e-02,0.17,0.46
1.1067e-02,0.335,0.155
1.1069e-02,0.35,0.455
1.1070e-02,0.285,0.14
1.1072e-02,0.28,0.455
1.1074e-02,0.18,0.125
1.1075e-02,0.25,0.47
1.1077e-02,0.27,0.145
1.1078e-02,0.27,0.45
1.1080e-02,0.29,0.105
1.1082e-02,0.295,0.49
1.1083e-02,0.27,0.12
1.1085e-02,0.325,0.475
1.1086e-02,0.235,0.15
1.1088e-02,0.31,0.445
1.1090e-02,0.32,0.14
1.1091e-02,0.26,0.45
1.1093e-02,0.27,0.145
1.1094e-02,0.29,0.45
1.1096e-02,0.23,0.14
1.1098e-02,0.27,0.455
1.1099e-02,0.225,0.16
1.1101e-02,0.26,0.44
1.1102e-02,0.325,0.16
1.1104e-02,0.31,0.44
1.1106e-02,0.24,0.15
1.1107e-02,0.25,0.445
1.1109e-02,0.2,0.155
1.1110e-02,0.315,0.445
1.1112e-02,0.255,0.105
1.1114e-02,0.265,0.485
1.1115e-02,0.305,0.135
1.1117e-02,0.325,0.46
1.1118e-02,0.39,0.135
1.1120e-02,0.335,0.465
1.1122e-02,0.295,0.145
1.1123e-02,0.28,0.45
1.1125e-02,0.26,0.14
1.1126e-02,0.285,0.465
1.1128e-02,0.265,0.14
1.1130e-02,0.3,0.445
1.1131e-02,0.21,0.155
1.1133e-02,0.36,0.445
1.1134e-02,0.3,0.15
1.1136e-02,0.42,0.445
1.1138e-02,0.345,0.125
1.1139e-02,0.365,0.47
1.1141e-02,0.28,0.14
1.1142e-02,0.335,0.455
1.1144e-02,0.315,0.16
1.1146e-02,0.26,0.435
1.1147e-02,0.29,0.145
1.1149e-02,0.175,0.45
1.1150e-02,0.31,0.16
1.1152e-02,0.285,0.43
1.1154e-02,0.295,0.145
1.1155e-02,0.26,0.45
1.1157e-02,0.27,0.16
1.1158e-02,0.275,0.44
1.1160e-02,0.3,0.15
1.1162e-02,0.27,0.445
1.1163e-02,0.305,0.13
1.1165e-02,0.355,0.465
1.1166e-02,0.38,0.13
1.1168e-02,0.3,0.46
1.1170e-02,0.345,0.135
1.1171e-02,0.31,0.455
1.1173e-02,0.34,0.13
1.1174e-02,0.345,0.46
1.1176e-02,0.28,0.17
1.1178e-02,0.32,0.43
1.1179e-02,0.26,0.15
1.1181e-02,0.31,0.445
1.1182e-02,0.305,0.15
1.1184e-02,0.365,0.45
1.1186e-02,0.34,0.14
1.1187e-02,0.275,0.465
1.1189e-02,0.29,0.16
1.1190e-02,0.29,0.43
1.1192e-02,0.305,0.13
1.1194e-02,0.25,0.47
1.1195e-02,0.24,0.16
1.1197e-02,0.32,0.445
1.1198e-02,0.375,0.165
1.1200e-02,0.375,0.43
1.1202e-02,0.3,0.155
1.1203e-02,0.27,0.45
1.1205e-02,0.26,0.15
1.1206e-02,0.3,0.455
1.1208e-02,0.345,0.12
1.1210e-02,0.32,0.475
1.1211e-02,0.27,0.17
1.1213e-02,0.285,0.43
1.1214e-02,0.27,0.16
1.1216e-02,0.28,0.44
1.1218e-02,0.31,0.165
1.1219e-02,0.37,0.445
1.1221e-02,0.305,0.14
1.1222e-02,0.42,0.46
1.1224e-02,0.35,0.135
1.1226e-02,0.35,0.465
1.1227e-02,0.23,0.15
1.1229e-02,0.27,0.45
1.1230e-02,0.285,0.125
1.1232e-02,0.375,0.48
1.1234e-02,0.29,0.125
1.1235e-02,0.275,0.47
1.1237e-02,0.315,0.13
1.1238e-02,0.355,0.465
1.1240e-02,0.355,0.145
1.1242e-02,0.28,0.465
1.1243e-02,0.285,0.15
1.1245e-02,0.295,0.455
1.1246e-02,0.29,0.16
1.1248e-02,0.31,0.44
1.1250e-02,0.305,0.145
1.1251e-02,0.3,0.46
1.1253e-02,0.31,0.155
1.1254e-02,0.305,0.45
1.1256e-02,0.34,0.105
1.1258e-02,0.355,0.495
1.1259e-02,0.335,0.13
1.1261e-02,0.295,0.475
1.1262e-02,0.35,0.155
1.1264e-02,0.395,0.445
1.1266e-02,0.335,0.145
1.1267e-02,0.385,0.455
1.1269e-02,0.285,0.145
1.1270e-02,0.33,0.455
1.1272e-02,0.31,0.155
1.1274e-02,0.29,0.455
1.1275e-02,0.22,0.15
1.1277e-02,0.245,0.455
1.1278e-02,0.275,0.145
1.1280e-02,0.345,0.46
1.1282e-02,0.345,0.15
1.1283e-02,0.34,0.455
1.1285e-02,0.38,0.145
1.1286e-02,0.405,0.45
1.1288e-02,0.29,0.14
1.1290e-02,0.29,0.465
1.1291e-02,0.25,0.15
1.1293e-02,0.285,0.45
1.1294e-02,0.36,0.15
1.1296e-02,0.305,0.455
1.1298e-02,0.305,0.165
1.1299e-02,0.315,0.445
1.1301e-02,0.18,0.14
1.1302e-02,0.315,0.465
1.1304e-02,0.31,0.16
1.1306e-02,0.29,0.45
1.1307e-02,0.3,0.155
1.1309e-02,0.2,0.455
1.1310e-02,0.265,0.155
1.1312e-02,0.305,0.455
1.1314e-02,0.27,0.135
1.1315e-02,0.285,0.47
1.1317e-02,0.28,0.11
1.1318e-02,0.325,0.495
1.1320e-02,0.26,0.165
1.1322e-02,0.28,0.44
1.1323e-02,0.17,0.16
1.1325e-02,0.28,0.45
1.1326e-02,0.37,0.16
1.1328e-02,0.31,0.45
1.1330e-02,0.32,0.17
1.1331e-02,0.245,0.44
1.1333e-02,0.325,0.14
1.1334e-02,0.375,0.465
1.1336e-02,0.305,0.16
1.1338e-02,0.35,0.45
1.1339e-02,0.3,0.155
1.1341e-02,0.325,0.45
1.1342e-02,0.31,0.125
1.1344e-02,0.325,0.475
1.1346e-02,0.37,0.13
1.1347e-02,0.31,0.47
1.1349e-02,0.365,0.155
1.1350e-02,0.33,0.455
1.1352e-02,0.395,0.16
1.1354e-02,0.25,0.45
1.1355e-02,0.22,0.125
1.1357e-02,0.235,0.48
1.1358e-02,0.26,0.16
1.1360e-02,0.285,0.45
1.1362e-02,0.27,0.16
1.1363e-02,0.255,0.445
1.1365e-02,0.315,0.16
1.1366e-02,0.325,0.455
1.1368e-02,0.37,0.125
1.1370e-02,0.23,0.485
1.1371e-02,0.26,0.115
1.1373e-02,0.24,0.48
1.1374e-02,0.27,0.14
1.1376e-02,0.28,0.465
1.1378e-02,0.27,0.14
1.1379e-02,0.26,0.46
1.1381e-02,0.315,0.155
1.1382e-02,0.275,0.45
1.1384e-02,0.32,0.13
1.1386e-02,0.315,0.475
1.1387e-02,0.295,0.16
1.1389e-02,0.37,0.445
1.1390e-02,0.305,0.17
1.1392e-02,0.37,0.435
1.1394e-02,0.265,0.15
1.1395e-02,0.305,0.455
1.1397e-02,0.335,0.155
1.1398e-02,0.36,0.45
1.1400e-02,0.38,0.165
1.1402e-02,0.27,0.435
1.1403e-02,0.315,0.155
1.1405e-02,0.295,0.45
1.1406e-02,0.37,0.15
1.1408e-02,0.32,0.45
1.1410e-02,0.245,0.155
1.1411e-02,0.27,0.445
1.1413e-02,0.265,0.135
1.1414e-02,0.38,0.475
1.1416e-02,0.28,0.15
1.1418e-02,0.34,0.45
1.1419e-02,0.365,0.14
1.1421e-02,0.29,0.45
1.1422e-02,0.35,0.14
1.1424e-02,0.28,0.46
1.1426e-02,0.235,0.13
1.1427e-02,0.32,0.475
1.1429e-02,0.345,0.145
1.1430e-02,0.335,0.46
1.1432e-02,0.325,0.155
1.1434e-02,0.26,0.45
1.1435e-02,0.235,0.16
1.1437e-02,0.245,0.445
1.1438e-02,0.275,0.155
1.1440e-02,0.365,0.445
1.1442e-02,0.28,0.14
1.1443e-02,0.315,0.46
1.1445e-02,0.335,0.14
1.1446e-02,0.3,0.455
1.1448e-02,0.315,0.15
1.1450e-02,0.19,0.45
1.1451e-02,0.335,0.155
1.1453e-02,0.29,0.45
1.1454e-02,0.325,0.155
1.1456e-02,0.28,0.445
1.1458e-02,0.29,0.145
1.1459e-02,0.305,0.465
1.1461e-02,0.425,0.14
1.1462e-02,0.34,0.465
1.1464e-02,0.35,0.14
1.1466e-02,0.31,0.465
1.1467e-02,0.295,0.14
1.1469e-02,0.4,0.47
1.1470e-02,0.33,0.12
1.1472e-02,0.39,0.485
1.1474e-02,0.29,0.145
1.1475e-02,0.33,0.45
1.1477e-02,0.315,0.155
1.1478e-02,0.28,0.455
1.1480e-02,0.3,0.155
1.1482e-02,0.35,0.455
1.1483e-02,0.25,0.13
1.1485e-02,0.315,0.475
1.1486e-02,0.27,0.14
1.1488e-02,0.27,0.47
1.1490e-02,0.25,0.125
1.1491e-02,0.29,0.485
1.1493e-02,0.325,0.13
1.1494e-02,0.26,0.485
1.1496e-02,0.275,0.145
1.1498e-02,0.25,0.465
1.1499e-02,0.355,0.14
1.1501e-02,0.37,0.47
1.1502e-02,0.345,0.15
1.1504e-02,0.33,0.465
1.1506e-02,0.275,0.155
1.1507e-02,0.415,0.46
1.1509e-02,0.32,0.145
1.1510e-02,0.3,0.465
1.1512e-02,0.34,0.155
1.1514e-02,0.285,0.455
1.1515e-02,0.38,0.145
1.1517e-02,0.28,0.475
1.1518e-02,0.31,0.15
1.1520e-02,0.255,0.465
1.1522e-02,0.24,0.15
1.1523e-02,0.285,0.47
1.1525e-02,0.29,0.14
1.1526e-02,0.355,0.475
1.1528e-02,0.38,0.13
1.1530e-02,0.26,0.48
1.1531e-02,0.31,0.15
1.1533e-02,0.27,0.475
1.1534e-02,0.35,0.135
1.1536e-02,0.335,0.47
1.1538e-02,0.325,0.12
1.1539e-02,0.35,0.485
1.1541e-02,0.405,0.15
1.1542e-02,0.36,0.46
1.1544e-02,0.305,0.14
1.1546e-02,0.36,0.475
1.1547e-02,0.335,0.135
1.1549e-02,0.315,0.47
1.1550e-02,0.335,0.12
1.1552e-02,0.27,0.485
1.1554e-02,0.42,0.145
1.1555e-02,0.36,0.455
1.1557e-02,0.395,0.155
1.1558e-02,0.285,0.46
1.1560e-02,0.315,0.15
1.1562e-02,0.24,0.46
1.1563e-02,0.285,0.14
1.1565e-02,0.275,0.47
1.1566e-02,0.25,0.125
1.1568e-02,0.27,0.48
1.1570e-02,0.195,0.13
1.1571e-02,0.32,0.465
1.1573e-02,0.29,0.155
1.1574e-02,0.355,0.455
1.1576e-02,0.285,0.14
1.1578e-02,0.255,0.46
1.1579e-02,0.28,0.135
1.1581e-02,0.34,0.47
1.1582e-02,0.325,0.095
1.1584e-02,0.27,0.505
1.1586e-02,0.24,0.145
1.1587e-02,0.3,0.465
1.1589e-02,0.26,0.135
1.1590e-02,0.365,0.475
1.1592e-02,0.235,0.145
1.1594e-02,0.275,0.445
1.1595e-02,0.245,0.095
1.1597e-02,0.31,0.505
1.1598e-02,0.325,0.13
1.1600e-02,0.345,0.465
1.1602e-02,0.27,0.08
1.1603e-02,0.365,0.515
1.1605e-02,0.31,0.13
1.1606e-02,0.44,0.47
1.1608e-02,0.34,0.15
1.1610e-02,0.295,0.455
1.1611e-02,0.29,0.15
1.1613e-02,0.33,0.455
1.1614e-02,0.4,0.155
1.1616e-02,0.23,0.445
1.1618e-02,0.28,0.15
1.1619e-02,0.17,0.455
1.1621e-02,0.305,0.13
1.1622e-02,0.25,0.475
1.1624e-02,0.3,0.15
1.1626e-02,0.325,0.455
1.1627e-02,0.24,0.145
1.1629e-02,0.28,0.45
1.1630e-02,0.315,0.15
1.1632e-02,0.325,0.45
1.1634e-02,0.27,0.115
1.1635e-02,0.29,0.495
1.1637e-02,0.17,0.155
1.1638e-02,0.31,0.455
1.1640e-02,0.315,0.13
1.1642e-02,0.265,0.475
1.1643e-02,0.265,0.145
1.1645e-02,0.265,0.47
1.1646e-02,0.335,0.15
1.1648e-02,0.365,0.465
1.1650e-02,0.265,0.125
1.1651e-02,0.225,0.485
1.1653e-02,0.305,0.12
1.1654e-02,0.25,0.49
1.1656e-02,0.37,0.14
1.1658e-02,0.295,0.47
1.1659e-02,0.33,0.135
1.1661e-02,0.345,0.48
1.1662e-02,0.31,0.09
1.1664e-02,0.34,0.515
1.1666e-02,0.325,0.125
1.1667e-02,0.285,0.485
1.1669e-02,0.335,0.115
1.1670e-02,0.365,0.495
1.1672e-02,0.385,0.14
1.1674e-02,0.355,0.48
1.1675e-02,0.27,0.145
1.1677e-02,0.235,0.465
1.1678e-02,0.26,0.16
1.1680e-02,0.295,0.455
1.1682e-02,0.345,0.15
1.1683e-02,0.295,0.465
1.1685e-02,0.265,0.12
1.1686e-02,0.305,0.495
1.1688e-02,0.23,0.11
1.1690e-02,0.295,0.5
1.1691e-02,0.32,0.14
1.1693e-02,0.2,0.47
1.1694e-02,0.245,0.16
1.1696e-02,0.27,0.455
1.1698e-02,0.245,0.115
1.1699e-02,0.31,0.5
1.1701e-02,0.195,0.12
1.1702e-02,0.245,0.49
1.1704e-02,0.26,0.15
1.1706e-02,0.29,0.47
1.1707e-02,0.255,0.155
1.1709e-02,0.225,0.46
1.1710e-02,0.29,0.14
1.1712e-02,0.28,0.48
1.1714e-02,0.3,0.09
1.1715e-02,0.28,0.52
1.1717e-02,0.345,0.155
1.1718e-02,0.29,0.46
1.1720e-02,0.375,0.165
1.1722e-02,0.315,0.455
1.1723e-02,0.36,0.125
1.1725e-02,0.39,0.49
1.1726e-02,0.35,0.14
1.1728e-02,0.305,0.47
1.1730e-02,0.415,0.145
1.1731e-02,0.305,0.47
1.1733e-02,0.395,0.15
1.1734e-02,0.325,0.46
1.1736e-02,0.39,0.135
1.1738e-02,0.365,0.47
1.1739e-02,0.295,0.125
1.1741e-02,0.345,0.48
1.1742e-02,0.325,0.135
1.1744e-02,0.31,0.47
1.1746e-02,0.28,0.12
1.1747e-02,0.22,0.485
1.1749e-02,0.285,0.14
1.1750e-02,0.27,0.475
1.1752e-02,0.375,0.15
1.1754e-02,0.305,0.47
1.1755e-02,0.245,0.145
1.1757e-02,0.35,0.475
1.1758e-02,0.245,0.135
1.1760e-02,0.325,0.485
1.1762e-02,0.25,0.15
1.1763e-02,0.3,0.46
1.1765e-02,0.41,0.14
1.1766e-02,0.33,0.465
1.1768e-02,0.36,0.14
1.1770e-02,0.295,0.47
1.1771e-02,0.27,0.15
1.1773e-02,0.365,0.465
1.1774e-02,0.29,0.12
1.1776e-02,0.435,0.485
1.1778e-02,0.345,0.13
1.1779e-02,0.265,0.475
1.1781e-02,0.285,0.13
1.1782e-02,0.29,0.485
1.1784e-02,0.405,0.15
1.1786e-02,0.37,0.465
1.1787e-02,0.3,0.115
1.1789e-02,0.355,0.495
1.1790e-02,0.36,0.135
1.1792e-02,0.425,0.475
1.1794e-02,0.3,0.13
1.1795e-02,0.315,0.485
1.1797e-02,0.2,0.145
1.1798e-02,0.345,0.47
1.1800e-02,0.29,0.145
1.1802e-02,0.275,0.465
1.1803e-02,0.295,0.145
1.1805e-02,0.24,0.465
1.1806e-02,0.395,0.16
1.1808e-02,0.335,0.45
1.1810e-02,0.33,0.13
1.1811e-02,0.32,0.475
1.1813e-02,0.275,0.145
1.1814e-02,0.285,0.47
1.1816e-02,0.385,0.135
1.1818e-02,0.245,0.48
1.1819e-02,0.325,0.145
1.1821e-02,0.28,0.47
1.1822e-02,0.345,0.115
1.1824e-02,0.39,0.5
1.1826e-02,0.32,0.145
1.1827e-02,0.225,0.465
1.1829e-02,0.235,0.125
1.1830e-02,0.255,0.485
1.1832e-02,0.34,0.14
1.1834e-02,0.29,0.475
1.1835e-02,0.29,0.13
1.1837e-02,0.335,0.48
1.1838e-02,0.33,0.155
1.1840e-02,0.415,0.46
1.1842e-02,0.29,0.15
1.1843e-02,0.37,0.47
1.1845e-02,0.17,0.14
1.1846e-02,0.305,0.48
1.1848e-02,0.24,0.14
1.1850e-02,0.265,0.47
1.1851e-02,0.26,0.14
1.1853e-02,0.215,0.47
1.1854e-02,0.245,0.14
1.1856e-02,0.39,0.485
1.1858e-02,0.375,0.145
1.1859e-02,0.345,0.48
1.1861e-02,0.25,0.15
1.1862e-02,0.31,0.47
1.1864e-02,0.29,0.16
1.1866e-02,0.32,0.46
1.1867e-02,0.225,0.155
1.1869e-02,0.31,0.47
1.1870e-02,0.335,0.165
1.1872e-02,0.38,0.46
1.1874e-02,0.405,0.16
1.1875e-02,0.295,0.465
1.1877e-02,0.345,0.16
1.1878e-02,0.275,0.455
1.1880e-02,0.31,0.145
1.1882e-02,0.33,0.47
1.1883e-02,0.25,0.16
1.1885e-02,0.275,0.46
1.1886e-02,0.275,0.135
1.1888e-02,0.36,0.49
1.1890e-02,0.465,0.125
1.1891e-02,0.335,0.495
1.1893e-02,0.265,0.145
1.1894e-02,0.345,0.485
1.1896e-02,0.265,0.165
1.1898e-02,0.39,0.46
1.1899e-02,0.25,0.145
1.1901e-02,0.2,0.475
1.1902e-02,0.245,0.16
1.1904e-02,0.28,0.46
1.1906e-02,0.275,0.165
1.1907e-02,0.29,0.46
1.1909e-02,0.295,0.135
1.1910e-02,0.2,0.485
1.1912e-02,0.335,0.11
1.1914e-02,0.34,0.5
1.1915e-02,0.275,0.155
1.1917e-02,0.215,0.475
1.1918e-02,0.23,0.15
1.1920e-02,0.325,0.475
1.1922e-02,0.335,0.09
1.1923e-02,0.245,0.52
1.1925e-02,0.275,0.13
1.1926e-02,0.26,0.485
1.1928e-02,0.435,0.115
1.1930e-02,0.355,0.495
1.1931e-02,0.39,0.13
1.1933e-02,0.27,0.485
1.1934e-02,0.35,0.125
1.1936e-02,0.305,0.49
1.1938e-02,0.34,0.15
1.1939e-02,0.31,0.475
1.1941e-02,0.305,0.145
1.1942e-02,0.245,0.465
1.1944e-02,0.34,0.165
1.1946e-02,0.345,0.45
1.1947e-02,0.43,0.125
1.1949e-02,0.29,0.485
1.1950e-02,0.27,0.15
1.1952e-02,0.305,0.47
1.1954e-02,0.325,0.14
1.1955e-02,0.315,0.47
1.1957e-02,0.33,0.14
1.1958e-02,0.215,0.48
1.1960e-02,0.385,0.145
1.1962e-02,0.39,0.47
1.1963e-02,0.305,0.15
1.1965e-02,0.335,0.46
1.1966e-02,0.25,0.135
1.1968e-02,0.25,0.48
1.1970e-02,0.33,0.135
1.1971e-02,0.205,0.47
1.1973e-02,0.32,0.145
1.1974e-02,0.24,0.47
1.1976e-02,0.335,0.125
1.1978e-02,0.345,0.485
1.1979e-02,0.39,0.16
1.1981e-02,0.315,0.45
1.1982e-02,0.275,0.165
1.1984e-02,0.32,0.445
1.1986e-02,0.31,0.12
1.1987e-02,0.375,0.495
1.1989e-02,0.37,0.135
1.1990e-02,0.24,0.49
1.1992e-02,0.34,0.13
1.1994e-02,0.375,0.49
1.1995e-02,0.385,0.16
1.1997e-02,0.35,0.455
1.1998e-02,0.36,0.14
1.2000e-02,0.275,0.465
1.2002e-02,0.36,0.13
1.2003e-02,0.3,0.48
1.2005e-02,0.34,0.13
1.2006e-02,0.325,0.485
1.2008e-02,0.24,0.135
1.2010e-02,0.205,0.48
1.2011e-02,0.4,0.16
1.2013e-02,0.25,0.465
1.2014e-02,0.295,0.135
1.2016e-02,0.305,0.49
1.2018e-02,0.27,0.165
1.2019e-02,0.37,0.455
1.2021e-02,0.345,0.165
1.2022e-02,0.325,0.46
1.2024e-02,0.305,0.155
1.2026e-02,0.335,0.46
1.2027e-02,0.295,0.105
1.2029e-02,0.36,0.5
1.2030e-02,0.29,0.165
1.2032e-02,0.265,0.455
1.2034e-02,0.25,0.155
1.2035e-02,0.225,0.47
1.2037e-02,0.3,0.16
1.2038e-02,0.34,0.46
1.2040e-02,0.225,0.14
1.2042e-02,0.38,0.48
1.2043e-02,0.3,0.135
1.2045e-02,0.29,0.48
1.2046e-02,0.355,0.16
1.2048e-02,0.24,0.47
1.2050e-02,0.36,0.14
1.2051e-02,0.31,0.49
1.2053e-02,0.295,0.17
1.2054e-02,0.375,0.46
1.2056e-02,0.255,0.16
1.2058e-02,0.36,0.465
1.2059e-02,0.34,0.12
1.2061e-02,0.245,0.505
1.2062e-02,0.34,0.145
1.2064e-02,0.24,0.47
1.2066e-02,0.27,0.16
1.2067e-02,0.325,0.465
1.2069e-02,0.32,0.165
1.2070e-02,0.42,0.465
1.2072e-02,0.245,0.14
1.2074e-02,0.4,0.485
1.2075e-02,0.365,0.15
1.2077e-02,0.42,0.47
1.2078e-02,0.3,0.135
1.2080e-02,0.21,0.49
1.2082e-02,0.31,0.155
1.2083e-02,0.275,0.465
1.2085e-02,0.335,0.125
1.2086e-02,0.315,0.495
1.2088e-02,0.21,0.135
1.2090e-02,0.36,0.485
1.2091e-02,0.185,0.15
1.2093e-02,0.375,0.47
1.2094e-02,0.24,0.155
1.2096e-02,0.265,0.46
1.2098e-02,0.23,0.155
1.2099e-02,0.195,0.465
1.2101e-02,0.21,0.15
1.2102e-02,0.33,0.47
1.2104e-02,0.27,0.16
1.2106e-02,0.29,0.465
1.2107e-02,0.305,0.15
1.2109e-02,0.315,0.47
1.2110e-02,0.36,0.15
1.2112e-02,0.38,0.465
1.2114e-02,0.325,0.135
1.2115e-02,0.405,0.49
1.2117e-02,0.37,0.14
1.2118e-02,0.38,0.48
1.2120e-02,0.325,0.135
1.2122e-02,0.33,0.485
1.2123e-02,0.37,0.125
1.2125e-02,0.33,0.49
1.2126e-02,0.375,0.15
1.2128e-02,0.325,0.465
1.2130e-02,0.255,0.13
1.2131e-02,0.23,0.49
1.2133e-02,0.335,0.14
1.2134e-02,0.33,0.48
1.2136e-02,0.195,0.14
1.2138e-02,0.265,0.48
1.2139e-02,0.145,0.15
1.2141e-02,0.39,0.475
1.2142e-02,0.34,0.13
1.2144e-02,0.365,0.485
1.2146e-02,0.36,0.15
1.2147e-02,0.29,0.465
1.2149e-02,0.34,0.15
1.2150e-02,0.235,0.465
1.2152e-02,0.315,0.155
1.2154e-02,0.29,0.465
1.2155e-02,0.315,0.155
1.2157e-02,0.275,0.465
1.2158e-02,0.315,0.15
1.2160e-02,0.315,0.47
1.2162e-02,0.335,0.145
1.2163e-02,0.275,0.475
1.2165e-02,0.35,0.14
1.2166e-02,0.29,0.48
1.2168e-02,0.27,0.16
1.2170e-02,0.265,0.455
1.2171e-02,0.235,0.155
1.2173e-02,0.37,0.48
1.2174e-02,0.34,0.13
1.2176e-02,0.44,0.5
1.2178e-02,0.265,0.155
1.2179e-02,0.325,0.475
1.2181e-02,0.22,0.16
1.2182e-02,0.375,0.465
1.2184e-02,0.295,0.15
1.2186e-02,0.43,0.475
1.2187e-02,0.25,0.15
1.2189e-02,0.32,0.475
1.2190e-02,0.285,0.17
1.2192e-02,0.365,0.47
1.2194e-02,0.305,0.125
1.2195e-02,0.305,0.505
1.2197e-02,0.31,0.11
1.2198e-02,0.295,0.505
1.2200e-02,0.455,0.165
1.2202e-02,0.34,0.465
1.2203e-02,0.315,0.13
1.2205e-02,0.345,0.495
1.2206e-02,0.325,0.135
1.2208e-02,0.29,0.49
1.2210e-02,0.385,0.16
1.2211e-02,0.29,0.465
1.2213e-02,0.275,0.155
1.2214e-02,0.3,0.465
1.2216e-02,0.275,0.14
1.2218e-02,0.33,0.49
1.2219e-02,0.295,0.17
1.2221e-02,0.3,0.46
1.2222e-02,0.185,0.17
1.2224e-02,0.325,0.46
1.2226e-02,0.38,0.14
1.2227e-02,0.28,0.48
1.2229e-02,0.4,0.15
1.2230e-02,0.37,0.475
1.2232e-02,0.35,0.155
1.2234e-02,0.395,0.475
1.2235e-02,0.25,0.165
1.2237e-02,0.365,0.46
1.2238e-02,0.29,0.165
1.2240e-02,0.365,0.46
1.2242e-02,0.43,0.14
1.2243e-02,0.37,0.485
1.2245e-02,0.315,0.165
1.2246e-02,0.275,0.465
1.2248e-02,0.22,0.12
1.2250e-02,0.31,0.5
1.2251e-02,0.28,0.17
1.2253e-02,0.29,0.455
1.2254e-02,0.305,0.15
1.2256e-02,0.295,0.48
1.2258e-02,0.365,0.17
1.2259e-02,0.385,0.465
1.2261e-02,0.295,0.18
1.2262e-02,0.41,0.455
1.2264e-02,0.31,0.16
1.2266e-02,0.425,0.46
1.2267e-02,0.38,0.17
1.2269e-02,0.395,0.46
1.2270e-02,0.38,0.16
1.2272e-02,0.25,0.465
1.2274e-02,0.305,0.13
1.2275e-02,0.305,0.485
1.2277e-02,0.345,0.155
1.2278e-02,0.4,0.465
1.2280e-02,0.24,0.15
1.2282e-02,0.445,0.48
1.2283e-02,0.3,0.14
1.2285e-02,0.365,0.495
1.2286e-02,0.29,0.145
1.2288e-02,0.27,0.46
1.2290e-02,0.31,0.135
1.2291e-02,0.335,0.485
1.2293e-02,0.355,0.13
1.2294e-02,0.335,0.495
1.2296e-02,0.34,0.155
1.2298e-02,0.285,0.48
1.2299e-02,0.295,0.14
1.2301e-02,0.235,0.49
1.2302e-02,0.37,0.145
1.2304e-02,0.255,0.485
1.2306e-02,0.265,0.17
1.2307e-02,0.28,0.455
1.2309e-02,0.285,0.115
1.2310e-02,0.33,0.51
1.2312e-02,0.325,0.145
1.2314e-02,0.18,0.48
1.2315e-02,0.315,0.12
1.2317e-02,0.315,0.505
1.2318e-02,0.275,0.12
1.2320e-02,0.33,0.51
1.2322e-02,0.25,0.15
1.2323e-02,0.26,0.47
1.2325e-02,0.165,0.145
1.2326e-02,0.335,0.485
1.2328e-02,0.245,0.15
1.2330e-02,0.315,0.48
1.2331e-02,0.265,0.14
1.2333e-02,0.255,0.49
1.2334e-02,0.43,0.14
1.2336e-02,0.35,0.49
1.2338e-02,0.285,0.135
1.2339e-02,0.415,0.495
1.2341e-02,0.355,0.135
1.2342e-02,0.42,0.495
1.2344e-02,0.41,0.15
1.2346e-02,0.31,0.48
1.2347e-02,0.33,0.14
1.2349e-02,0.3,0.495
1.2350e-02,0.23,0.135
1.2352e-02,0.365,0.5
1.2354e-02,0.235,0.13
1.2355e-02,0.35,0.505
1.2357e-02,0.28,0.17
1.2358e-02,0.37,0.46
1.2360e-02,0.405,0.13
1.2362e-02,0.415,0.5
1.2363e-02,0.335,0.135
1.2365e-02,0.34,0.485
1.2366e-02,0.21,0.155
1.2368e-02,0.345,0.465
1.2370e-02,0.275,0.165
1.2371e-02,0.255,0.46
1.2373e-02,0.26,0.145
1.2374e-02,0.29,0.48
1.2376e-02,0.35,0.12
1.2378e-02,0.31,0.51
1.2379e-02,0.325,0.125
1.2381e-02,0.28,0.505
1.2382e-02,0.275,0.14
1.2384e-02,0.27,0.485
1.2386e-02,0.385,0.145
1.2387e-02,0.35,0.475
1.2389e-02,0.325,0.16
1.2390e-02,0.365,0.465
1.2392e-02,0.37,0.115
1.2394e-02,0.415,0.515
1.2395e-02,0.365,0.155
1.2397e-02,0.26,0.46
1.2398e-02,0.4,0.145
1.2400e-02,0.285,0.48
1.2402e-02,0.37,0.145
1.2403e-02,0.235,0.48
1.2405e-02,0.34,0.16
1.2406e-02,0.275,0.47
1.2408e-02,0.315,0.135
1.2410e-02,0.295,0.485
1.2411e-02,0.35,0.13
1.2413e-02,0.33,0.5
1.2414e-02,0.255,0.165
1.2416e-02,0.305,0.465
1.2418e-02,0.265,0.115
1.2419e-02,0.345,0.515
1.2421e-02,0.3,0.145
1.2422e-02,0.315,0.485
1.2424e-02,0.245,0.165
1.2426e-02,0.36,0.465
1.2427e-02,0.33,0.16
1.2429e-02,0.255,0.47
1.2430e-02,0.27,0.115
1.2432e-02,0.26,0.52
1.2434e-02,0.37,0.145
1.2435e-02,0.265,0.475
1.2437e-02,0.33,0.135
1.2438e-02,0.27,0.49
1.2440e-02,0.315,0.17
1.2442e-02,0.325,0.455
1.2443e-02,0.315,0.16
1.2445e-02,0.265,0.465
1.2446e-02,0.31,0.14
1.2448e-02,0.225,0.49
1.2450e-02,0.325,0.125
1.2451e-02,0.395,0.505
1.2453e-02,0.275,0.13
1.2454e-02,0.36,0.5
1.2456e-02,0.22,0.145
1.2458e-02,0.37,0.48
1.2459e-02,0.345,0.13
1.2461e-02,0.24,0.485
1.2462e-02,0.265,0.15
1.2464e-02,0.28,0.49
1.2466e-02,0.315,0.165
1.2467e-02,0.38,0.465
1.2469e-02,0.31,0.17
1.2470e-02,0.325,0.47
1.2472e-02,0.31,0.16
1.2474e-02,0.31,0.465
1.2475e-02,0.36,0.14
1.2477e-02,0.375,0.49
1.2478e-02,0.36,0.145
1.2480e-02,0.31,0.475
1.2482e-02,0.27,0.15
1.2483e-02,0.3,0.485
1.2485e-02,0.3,0.155
1.2486e-02,0.265,0.485
1.2488e-02,0.285,0.16
1.2490e-02,0.32,0.465
1.2491e-02,0.425,0.175
1.2493e-02,0.335,0.46
1.2494e-02,0.315,0.175
1.2496e-02,0.3,0.455
1.2498e-02,0.365,0.165
1.2499e-02,0.35,0.465
1.2501e-02,0.27,0.155
1.2502e-02,0.265,0.47
1.2504e-02,0.275,0.17
1.2506e-02,0.28,0.455
1.2507e-02,0.3,0.165
1.2509e-02,0.33,0.46
1.2510e-02,0.3,0.17
1.2512e-02,0.29,0.46
1.2514e-02,0.235,0.145
1.2515e-02,0.295,0.485
1.2517e-02,0.355,0.16
1.2518e-02,0.26,0.47
1.2520e-02,0.28,0.135
1.2522e-02,0.34,0.495
1.2523e-02,0.255,0.155
1.2525e-02,0.345,0.475
1.2526e-02,0.155,0.15
1.2528e-02,0.275,0.485
1.2530e-02,0.28,0.155
1.2531e-02,0.315,0.475
1.2533e-02,0.325,0.13
1.2534e-02,0.335,0.5
1.2536e-02,0.26,0.16
1.2538e-02,0.335,0.47
1.2539e-02,0.305,0.135
1.2541e-02,0.25,0.485
1.2542e-02,0.305,0.15
1.2544e-02,0.235,0.47
1.2546e-02,0.29,0.165
1.2547e-02,0.285,0.465
1.2549e-02,0.35,0.165
1.2550e-02,0.205,0.46
1.2552e-02,0.315,0.155
1.2554e-02,0.305,0.475
1.2555e-02,0.27,0.135
1.2557e-02,0.33,0.495
1.2558e-02,0.23,0.14
1.2560e-02,0.305,0.48
1.2562e-02,0.325,0.125
1.2563e-02,0.36,0.5
1.2565e-02,0.35,0.155
1.2566e-02,0.31,0.475
1.2568e-02,0.375,0.145
1.2570e-02,0.335,0.49
1.2571e-02,0.4,0.15
1.2573e-02,0.315,0.485
1.2574e-02,0.33,0.14
1.2576e-02,0.305,0.485
1.2578e-02,0.325,0.155
1.2579e-02,0.285,0.48
1.2581e-02,0.36,0.16
1.2582e-02,0.305,0.47
1.2584e-02,0.27,0.165
1.2586e-02,0.32,0.47
1.2587e-02,0.36,0.175
1.2589e-02,0.315,0.46
1.2590e-02,0.275,0.155
1.2592e-02,0.265,0.475
1.2594e-02,0.355,0.155
1.2595e-02,0.345,0.48
1.2597e-02,0.29,0.14
1.2598e-02,0.35,0.49
1.2600e-02,0.31,0.16
1.2602e-02,0.33,0.47
1.2603e-02,0.305,0.165
1.2605e-02,0.295,0.47
1.2606e-02,0.29,0.16
1.2608e-02,0.245,0.48
1.2610e-02,0.28,0.155
1.2611e-02,0.295,0.485
1.2613e-02,0.245,0.145
1.2614e-02,0.305,0.49
1.2616e-02,0.25,0.16
1.2618e-02,0.48,0.465
1.2619e-02,0.33,0.115
1.2621e-02,0.33,0.52
1.2622e-02,0.29,0.155
1.2624e-02,0.3,0.485
1.2626e-02,0.455,0.155
1.2627e-02,0.29,0.475
1.2629e-02,0.405,0.145
1.2630e-02,0.32,0.495
1.2632e-02,0.385,0.105
1.2634e-02,0.315,0.53
1.2635e-02,0.275,0.135
1.2637e-02,0.275,0.5
1.2638e-02,0.245,0.14
1.2640e-02,0.28,0.49
1.2642e-02,0.33,0.15
1.2643e-02,0.345,0.49
1.2645e-02,0.285,0.12
1.2646e-02,0.32,0.505
1.2648e-02,0.27,0.12
1.2650e-02,0.37,0.515
1.2651e-02,0.2,0.145
1.2653e-02,0.35,0.49
1.2654e-02,0.215,0.14
1.2656e-02,0.43,0.5
1.2658e-02,0.26,0.155
1.2659e-02,0.295,0.48
1.2661e-02,0.27,0.145
1.2662e-02,0.315,0.49
1.2664e-02,0.395,0.135
1.2666e-02,0.265,0.495
1.2667e-02,0.32,0.12
1.2669e-02,0.275,0.51
1.2670e-02,0.345,0.17
1.2672e-02,0.345,0.465
1.2674e-02,0.285,0.14
1.2675e-02,0.235,0.495
1.2677e-02,0.365,0.155
1.2678e-02,0.255,0.47
1.2680e-02,0.4,0.125
1.2682e-02,0.255,0.505
1.2683e-02,0.36,0.165
1.2685e-02,0.31,0.47
1.2686e-02,0.32,0.165
1.2688e-02,0.335,0.465
1.2690e-02,0.35,0.15
1.2691e-02,0.275,0.48
1.2693e-02,0.355,0.16
1.2694e-02,0.325,0.47
1.2696e-02,0.39,0.155
1.2698e-02,0.38,0.47
1.2699e-02,0.305,0.16
1.2701e-02,0.345,0.475
1.2702e-02,0.41,0.17
1.2704e-02,0.31,0.455
1.2706e-02,0.33,0.145
1.2707e-02,0.265,0.485
1.2709e-02,0.33,0.16
1.2710e-02,0.315,0.475
1.2712e-02,0.25,0.15
1.2714e-02,0.265,0.485
1.2715e-02,0.3,0.13
1.2717e-02,0.26,0.505
1.2718e-02,0.33,0.145
1.2720e-02,0.255,0.49
1.2722e-02,0.32,0.165
1.2723e-02,0.355,0.465
1.2725e-02,0.325,0.15
1.2726e-02,0.26,0.48
1.2728e-02,0.32,0.175
1.2730e-02,0.18,0.46
1.2731e-02,0.34,0.135
1.2733e-02,0.295,0.49
1.2734e-02,0.325,0.14
1.2736e-02,0.28,0.495
1.2738e-02,0.325,0.12
1.2739e-02,0.27,0.51
1.2741e-02,0.37,0.16
1.2742e-02,0.345,0.48
1.2744e-02,0.23,0.17
1.2746e-02,0.29,0.465
1.2747e-02,0.28,0.15
1.2749e-02,0.325,0.49
1.2750e-02,0.3,0.175
1.2752e-02,0.305,0.47
1.2754e-02,0.345,0.17
1.2755e-02,0.36,0.475
1.2757e-02,0.255,0.16
1.2758e-02,0.25,0.475
1.2760e-02,0.335,0.15
1.2762e-02,0.25,0.485
1.2763e-02,0.36,0.15
1.2765e-02,0.3,0.49
1.2766e-02,0.305,0.15
1.2768e-02,0.35,0.495
1.2770e-02,0.315,0.155
1.2771e-02,0.315,0.485
1.2773e-02,0.275,0.175
1.2774e-02,0.28,0.465
1.2776e-02,0.18,0.155
1.2778e-02,0.365,0.49
1.2779e-02,0.31,0.13
1.2781e-02,0.31,0.51
1.2782e-02,0.34,0.145
1.2784e-02,0.245,0.495
1.2786e-02,0.41,0.14
1.2787e-02,0.315,0.5
1.2789e-02,0.36,0.14
1.2790e-02,0.225,0.5
1.2792e-02,0.365,0.17
1.2794e-02,0.295,0.475
1.2795e-02,0.315,0.17
1.2797e-02,0.33,0.475
1.2798e-02,0.24,0.17
1.2800e-02,0.355,0.47
1.2802e-02,0.25,0.16
1.2803e-02,0.28,0.48
1.2805e-02,0.275,0.165
1.2806e-02,0.255,0.465
1.2808e-02,0.265,0.14
1.2810e-02,0.345,0.49
1.2811e-02,0.33,0.135
1.2813e-02,0.265,0.5
1.2814e-02,0.335,0.15
1.2816e-02,0.325,0.49
1.2818e-02,0.375,0.175
1.2819e-02,0.295,0.465
1.2821e-02,0.31,0.17
1.2822e-02,0.245,0.47
1.2824e-02,0.44,0.17
1.2826e-02,0.28,0.48
1.2827e-02,0.375,0.145
1.2829e-02,0.32,0.49
1.2830e-02,0.29,0.11
1.2832e-02,0.295,0.52
1.2834e-02,0.29,0.15
1.2835e-02,0.32,0.485
1.2837e-02,0.31,0.135
1.2838e-02,0.385,0.49
1.2840e-02,0.375,0.165
1.2842e-02,0.39,0.46
1.2843e-02,0.36,0.165
1.2845e-02,0.295,0.47
1.2846e-02,0.325,0.145
1.2848e-02,0.365,0.485
1.2850e-02,0.405,0.16
1.2851e-02,0.355,0.47
1.2853e-02,0.395,0.15
1.2854e-02,0.37,0.49
1.2856e-02,0.385,0.155
1.2858e-02,0.36,0.48
1.2859e-02,0.235,0.15
1.2861e-02,0.38,0.485
1.2862e-02,0.405,0.155
1.2864e-02,0.37,0.49
1.2866e-02,0.39,0.115
1.2867e-02,0.32,0.515
1.2869e-02,0.335,0.15
1.2870e-02,0.335,0.48
1.2872e-02,0.365,0.17
1.2874e-02,0.25,0.465
1.2875e-02,0.305,0.165
1.2877e-02,0.27,0.465
1.2878e-02,0.23,0.165
1.2880e-02,0.365,0.48
1.2882e-02,0.3,0.12
1.2883e-02,0.31,0.515
1.2885e-02,0.26,0.175
1.2886e-02,0.345,0.465
1.2888e-02,0.305,0.145
1.2890e-02,0.335,0.49
1.2891e-02,0.28,0.165
1.2893e-02,0.28,0.475
1.2894e-02,0.355,0.16
1.2896e-02,0.405,0.475
1.2898e-02,0.33,0.165
1.2899e-02,0.335,0.475
1.2901e-02,0.4,0.16
1.2902e-02,0.335,0.49
1.2904e-02,0.36,0.14
1.2906e-02,0.325,0.5
1.2907e-02,0.29,0.155
1.2909e-02,0.265,0.485
1.2910e-02,0.28,0.16
1.2912e-02,0.275,0.485
1.2914e-02,0.26,0.155
1.2915e-02,0.31,0.495
1.2917e-02,0.2,0.135
1.2918e-02,0.385,0.515
1.2920e-02,0.315,0.145
1.2922e-02,0.38,0.505
1.2923e-02,0.265,0.145
1.2925e-02,0.355,0.5
1.2926e-02,0.36,0.165
1.2928e-02,0.335,0.48
1.2930e-02,0.325,0.14
1.2931e-02,0.3,0.505
1.2933e-02,0.18,0.17
1.2934e-02,0.31,0.475
1.2936e-02,0.265,0.16
1.2938e-02,0.3,0.485
1.2939e-02,0.295,0.16
1.2941e-02,0.39,0.485
1.2942e-02,0.33,0.13
1.2944e-02,0.375,0.515
1.2946e-02,0.425,0.14
1.2947e-02,0.3,0.505
1.2949e-02,0.355,0.15
1.2950e-02,0.295,0.5
1.2952e-02,0.265,0.17
1.2954e-02,0.44,0.475
1.2955e-02,0.33,0.155
1.2957e-02,0.325,0.485
1.2958e-02,0.33,0.155
1.2960e-02,0.375,0.49
1.2962e-02,0.31,0.17
1.2963e-02,0.25,0.475
1.2965e-02,0.27,0.15
1.2966e-02,0.335,0.49
1.2968e-02,0.315,0.17
1.2970e-02,0.355,0.475
1.2971e-02,0.34,0.15
1.2973e-02,0.27,0.49
1.2974e-02,0.27,0.165
1.2976e-02,0.275,0.48
1.2978e-02,0.265,0.165
1.2979e-02,0.255,0.48
1.2981e-02,0.27,0.15
1.2982e-02,0.155,0.48
1.2984e-02,0.31,0.15
1.2986e-02,0.33,0.49
1.2987e-02,0.38,0.155
1.2989e-02,0.24,0.485
1.2990e-02,0.315,0.17
1.2992e-02,0.365,0.465
1.2994e-02,0.335,0.165
1.2995e-02,0.33,0.47
1.2997e-02,0.36,0.13
1.2998e-02,0.33,0.51
1.3000e-02,0.29,0.145
1.3002e-02,0.425,0.485
1.3003e-02,0.31,0.16
1.3005e-02,0.38,0.47
1.3006e-02,0.325,0.145
1.3008e-02,0.39,0.49
1.3010e-02,0.315,0.17
1.3011e-02,0.385,0.465
1.3013e-02,0.33,0.15
1.3014e-02,0.285,0.49
1.3016e-02,0.25,0.13
1.3018e-02,0.345,0.5
1.3019e-02,0.355,0.15
1.3021e-02,0.25,0.49
1.3022e-02,0.335,0.13
1.3024e-02,0.32,0.495
1.3026e-02,0.42,0.145
1.3027e-02,0.35,0.49
1.3029e-02,0.435,0.165
1.3030e-02,0.305,0.47
1.3032e-02,0.335,0.17
1.3034e-02,0.345,0.465
1.3035e-02,0.37,0.155
1.3037e-02,0.285,0.475
1.3038e-02,0.355,0.155
1.3040e-02,0.275,0.49
1.3042e-02,0.38,0.15
1.3043e-02,0.38,0.485
1.3045e-02,0.31,0.16
1.3046e-02,0.27,0.475
1.3048e-02,0.215,0.15
1.3050e-02,0.325,0.49
1.3051e-02,0.36,0.16
1.3053e-02,0.295,0.48
1.3054e-02,0.385,0.165
1.3056e-02,0.365,0.47
1.3058e-02,0.31,0.14
1.3059e-02,0.34,0.5
1.3061e-02,0.33,0.155
1.3062e-02,0.28,0.49
1.3064e-02,0.285,0.16
1.3066e-02,0.325,0.48
1.3067e-02,0.37,0.155
1.3069e-02,0.35,0.495
1.3070e-02,0.38,0.145
1.3072e-02,0.285,0.495
1.3074e-02,0.365,0.17
1.3075e-02,0.355,0.475
1.3077e-02,0.31,0.16
1.3078e-02,0.26,0.475
1.3080e-02,0.33,0.135
1.3082e-02,0.325,0.5
1.3083e-02,0.33,0.18
1.3085e-02,0.335,0.47
1.3086e-02,0.36,0.15
1.3088e-02,0.265,0.49
1.3090e-02,0.365,0.165
1.3091e-02,0.255,0.485
1.3093e-02,0.325,0.165
1.3094e-02,0.29,0.49
1.3096e-02,0.27,0.155
1.3098e-02,0.265,0.49
1.3099e-02,0.41,0.175
1.3101e-02,0.39,0.475
1.3102e-02,0.355,0.165
1.3104e-02,0.37,0.485
1.3106e-02,0.38,0.12
1.3107e-02,0.38,0.52
1.3109e-02,0.415,0.165
1.3110e-02,0.38,0.485
1.3112e-02,0.33,0.14
1.3114e-02,0.425,0.515
1.3115e-02,0.37,0.175
1.3117e-02,0.38,0.475
1.3118e-02,0.35,0.16
1.3120e-02,0.37,0.49
1.3122e-02,0.27,0.16
1.3123e-02,0.41,0.49
1.3125e-02,0.285,0.18
1.3126e-02,0.345,0.475
1.3128e-02,0.27,0.18
1.3130e-02,0.265,0.47
1.3131e-02,0.335,0.17
1.3133e-02,0.315,0.47
1.3134e-02,0.25,0.165
1.3136e-02,0.26,0.475
1.3138e-02,0.325,0.175
1.3139e-02,0.32,0.47
1.3141e-02,0.325,0.17
1.3142e-02,0.325,0.48
1.3144e-02,0.29,0.185
1.3146e-02,0.375,0.47
1.3147e-02,0.305,0.155
1.3149e-02,0.31,0.495
1.3150e-02,0.3,0.15
1.3152e-02,0.29,0.5
1.3154e-02,0.295,0.175
1.3155e-02,0.395,0.465
1.3157e-02,0.35,0.17
1.3158e-02,0.355,0.475
1.3160e-02,0.335,0.175
1.3162e-02,0.275,0.465
1.3163e-02,0.315,0.145
1.3165e-02,0.355,0.5
1.3166e-02,0.305,0.165
1.3168e-02,0.275,0.475
1.3170e-02,0.36,0.18
1.3171e-02,0.3,0.465
1.3173e-02,0.365,0.18
1.3174e-02,0.21,0.46
1.3176e-02,0.335,0.175
1.3178e-02,0.38,0.47
1.3179e-02,0.4,0.165
1.3181e-02,0.365,0.48
1.3182e-02,0.305,0.19
1.3184e-02,0.285,0.455
1.3186e-02,0.29,0.185
1.3187e-02,0.365,0.455
1.3189e-02,0.27,0.17
1.3190e-02,0.36,0.48
1.3192e-02,0.255,0.155
1.3194e-02,0.37,0.485
1.3195e-02,0.295,0.14
1.3197e-02,0.38,0.505
1.3198e-02,0.165,0.14
1.3200e-02,0.26,0.5
1.3202e-02,0.275,0.15
1.3203e-02,0.255,0.495
1.3205e-02,0.255,0.155
1.3206e-02,0.26,0.49
1.3208e-02,0.255,0.15
1.3210e-02,0.26,0.485
1.3211e-02,0.35,0.165
1.3213e-02,0.31,0.475
1.3214e-02,0.26,0.16
1.3216e-02,0.345,0.485
1.3218e-02,0.27,0.17
1.3219e-02,0.4,0.47
1.3221e-02,0.31,0.16
1.3222e-02,0.31,0.48
1.3224e-02,0.295,0.17
1.3226e-02,0.34,0.475
1.3227e-02,0.345,0.16
1.3229e-02,0.305,0.485
1.3230e-02,0.275,0.175
1.3232e-02,0.305,0.47
1.3234e-02,0.31,0.145
1.3235e-02,0.385,0.5
1.3237e-02,0.285,0.135
1.3238e-02,0.29,0.505
1.3240e-02,0.41,0.15
1.3242e-02,0.36,0.49
1.3243e-02,0.3,0.17
1.3245e-02,0.325,0.47
1.3246e-02,0.245,0.155
1.3248e-02,0.325,0.49
1.3250e-02,0.345,0.13
1.3251e-02,0.285,0.51
1.3253e-02,0.335,0.16
1.3254e-02,0.325,0.485
1.3256e-02,0.26,0.155
1.3258e-02,0.2,0.495
1.3259e-02,0.395,0.145
1.3261e-02,0.21,0.49
1.3262e-02,0.28,0.15
1.3264e-02,0.295,0.49
1.3266e-02,0.31,0.175
1.3267e-02,0.405,0.475
1.3269e-02,0.33,0.16
1.3270e-02,0.26,0.49
1.3272e-02,0.3,0.175
1.3274e-02,0.325,0.475
1.3275e-02,0.325,0.165
1.3277e-02,0.27,0.48
1.3278e-02,0.3,0.135
1.3280e-02,0.375,0.515
1.3282e-02,0.355,0.16
1.3283e-02,0.415,0.5
1.3285e-02,0.315,0.18
1.3286e-02,0.345,0.47
1.3288e-02,0.33,0.16
1.3290e-02,0.35,0.49
1.3291e-02,0.25,0.15
1.3293e-02,0.305,0.495
1.3294e-02,0.305,0.165
1.3296e-02,0.3,0.49
1.3298e-02,0.415,0.145
1.3299e-02,0.39,0.505
1.3301e-02,0.245,0.175
1.3302e-02,0.355,0.47
1.3304e-02,0.24,0.165
1.3306e-02,0.335,0.48
1.3307e-02,0.26,0.18
1.3309e-02,0.31,0.465
1.3310e-02,0.265,0.15
1.3312e-02,0.325,0.505
1.3314e-02,0.36,0.17
1.3315e-02,0.295,0.475
1.3317e-02,0.305,0.16
1.3318e-02,0.3,0.49
1.3320e-02,0.195,0.165
1.3322e-02,0.275,0.485
1.3323e-02,0.27,0.175
1.3325e-02,0.325,0.47
1.3326e-02,0.255,0.185
1.3328e-02,0.35,0.475
1.3330e-02,0.38,0.18
1.3331e-02,0.41,0.48
1.3333e-02,0.39,0.165
1.3334e-02,0.39,0.495
1.3336e-02,0.35,0.155
1.3338e-02,0.46,0.49
1.3339e-02,0.35,0.135
1.3341e-02,0.34,0.525
1.3342e-02,0.325,0.165
1.3344e-02,0.375,0.49
1.3346e-02,0.28,0.16
1.3347e-02,0.345,0.5
1.3349e-02,0.32,0.145
1.3350e-02,0.28,0.505
1.3352e-02,0.305,0.165
1.3354e-02,0.425,0.485
1.3355e-02,0.355,0.18
1.3357e-02,0.37,0.48
1.3358e-02,0.35,0.155
1.3360e-02,0.285,0.5
1.3362e-02,0.33,0.18
1.3363e-02,0.335,0.475
1.3365e-02,0.305,0.18
1.3366e-02,0.28,0.48
1.3368e-02,0.31,0.16
1.3370e-02,0.445,0.495
1.3371e-02,0.335,0.15
1.3373e-02,0.34,0.51
1.3374e-02,0.36,0.155
1.3376e-02,0.325,0.505
1.3378e-02,0.35,0.17
1.3379e-02,0.335,0.485
1.3381e-02,0.3,0.14
1.3382e-02,0.235,0.515
1.3384e-02,0.31,0.16
1.3386e-02,0.385,0.5
1.3387e-02,0.32,0.16
1.3389e-02,0.34,0.49
1.3390e-02,0.345,0.185
1.3392e-02,0.41,0.47
1.3394e-02,0.32,0.16
1.3395e-02,0.33,0.495
1.3397e-02,0.255,0.18
1.3398e-02,0.25,0.475
1.3400e-02,0.3,0.18
1.3402e-02,0.325,0.47
1.3403e-02,0.23,0.18
1.3405e-02,0.315,0.47
1.3406e-02,0.305,0.175
1.3408e-02,0.355,0.47
1.3410e-02,0.295,0.16
1.3411e-02,0.36,0.495
1.3413e-02,0.33,0.155
1.3414e-02,0.305,0.495
1.3416e-02,0.29,0.175
1.3418e-02,0.4,0.49
1.3419e-02,0.335,0.175
1.3421e-02,0.29,0.47
1.3422e-02,0.275,0.145
1.3424e-02,0.4,0.5
1.3426e-02,0.32,0.16
1.3427e-02,0.37,0.495
1.3429e-02,0.315,0.145
1.3430e-02,0.34,0.505
1.3432e-02,0.38,0.15
1.3434e-02,0.4,0.495
1.3435e-02,0.28,0.185
1.3437e-02,0.28,0.465
1.3438e-02,0.28,0.165
1.3440e-02,0.33,0.49
1.3442e-02,0.255,0.17
1.3443e-02,0.355,0.48
1.3445e-02,0.3,0.165
1.3446e-02,0.335,0.48
1.3448e-02,0.335,0.15
1.3450e-02,0.415,0.5
1.3451e-02,0.345,0.165
1.3453e-02,0.345,0.485
1.3454e-02,0.28,0.16
1.3456e-02,0.42,0.485
1.3458e-02,0.265,0.145
1.3459e-02,0.305,0.5
1.3461e-02,0.265,0.175
1.3462e-02,0.27,0.47
1.3464e-02,0.335,0.16
1.3466e-02,0.36,0.49
1.3467e-02,0.34,0.165
1.3469e-02,0.28,0.49
1.3470e-02,0.365,0.16
1.3472e-02,0.31,0.495
1.3474e-02,0.325,0.15
1.3475e-02,0.245,0.49
1.3477e-02,0.305,0.135
1.3478e-02,0.19,0.51
1.3480e-02,0.29,0.17
1.3482e-02,0.3,0.48
1.3483e-02,0.325,0.15
1.3485e-02,0.27,0.505
1.3486e-02,0.365,0.155
1.3488e-02,0.36,0.5
1.3490e-02,0.39,0.17
1.3491e-02,0.275,0.48
1.3493e-02,0.32,0.15
1.3494e-02,0.28,0.5
1.3496e-02,0.405,0.18
1.3498e-02,0.325,0.48
1.3499e-02,0.28,0.175
1.3501e-02,0.325,0.485
1.3502e-02,0.34,0.155
1.3504e-02,0.335,0.505
1.3506e-02,0.295,0.16
1.3507e-02,0.3,0.5
1.3509e-02,0.28,0.175
1.3510e-02,0.235,0.48
1.3512e-02,0.43,0.16
1.3514e-02,0.4,0.5
1.3515e-02,0.375,0.15
1.3517e-02,0.39,0.5
1.3518e-02,0.32,0.16
1.3520e-02,0.385,0.49
1.3522e-02,0.295,0.155
1.3523e-02,0.335,0.495
1.3525e-02,0.225,0.17
1.3526e-02,0.285,0.49
1.3528e-02,0.35,0.17
1.3530e-02,0.365,0.49
1.3531e-02,0.245,0.17
1.3533e-02,0.405,0.485
1.3534e-02,0.245,0.175
1.3536e-02,0.29,0.485
1.3538e-02,0.305,0.155
1.3539e-02,0.39,0.495
1.3541e-02,0.25,0.15
1.3542e-02,0.42,0.5
1.3544e-02,0.345,0.15
1.3546e-02,0.485,0.5
1.3547e-02,0.31,0.125
1.3549e-02,0.335,0.535
1.3550e-02,0.265,0.165
1.3552e-02,0.35,0.49
1.3554e-02,0.31,0.16
1.3555e-02,0.245,0.495
1.3557e-02,0.245,0.16
1.3558e-02,0.345,0.5
1.3560e-02,0.265,0.175
1.3562e-02,0.38,0.485
1.3563e-02,0.355,0.13
1.3565e-02,0.32,0.53
1.3566e-02,0.21,0.145
1.3568e-02,0.345,0.51
1.3570e-02,0.245,0.15
1.3571e-02,0.42,0.51
1.3573e-02,0.29,0.145
1.3574e-02,0.365,0.515
1.3576e-02,0.175,0.145
1.3578e-02,0.365,0.505
1.3579e-02,0.28,0.17
1.3581e-02,0.275,0.49
1.3582e-02,0.29,0.17
1.3584e-02,0.34,0.49
1.3586e-02,0.44,0.17
1.3587e-02,0.35,0.485
1.3589e-02,0.415,0.18
1.3590e-02,0.355,0.47
1.3592e-02,0.325,0.165
1.3594e-02,0.31,0.49
1.3595e-02,0.375,0.175
1.3597e-02,0.295,0.48
1.3598e-02,0.35,0.165
1.3600e-02,0.355,0.485
1.3602e-02,0.305,0.155
1.3603e-02,0.465,0.495
1.3605e-02,0.31,0.15
1.3606e-02,0.345,0.505
1.3608e-02,0.29,0.14
1.3610e-02,0.31,0.505
1.3611e-02,0.29,0.155
1.3613e-02,0.34,0.5
1.3614e-02,0.345,0.15
1.3616e-02,0.39,0.505
1.3618e-02,0.345,0.16
1.3619e-02,0.475,0.49
1.3621e-02,0.42,0.18
1.3622e-02,0.4,0.475
1.3624e-02,0.445,0.15
1.3626e-02,0.295,0.51
1.3627e-02,0.35,0.16
1.3629e-02,0.4,0.495
1.3630e-02,0.295,0.17
1.3632e-02,0.325,0.485
1.3634e-02,0.3,0.145
1.3635e-02,0.36,0.505
1.3637e-02,0.395,0.15
1.3638e-02,0.425,0.505
1.3640e-02,0.395,0.18
1.3642e-02,0.32,0.48
1.3643e-02,0.455,0.185
1.3645e-02,0.325,0.47
1.3646e-02,0.355,0.17
1.3648e-02,0.285,0.48
1.3650e-02,0.345,0.125
1.3651e-02,0.295,0.525
1.3653e-02,0.435,0.155
1.3654e-02,0.365,0.495
1.3656e-02,0.34,0.19
1.3658e-02,0.315,0.47
1.3659e-02,0.295,0.165
1.3661e-02,0.345,0.495
1.3662e-02,0.365,0.185
1.3664e-02,0.24,0.46
1.3666e-02,0.29,0.16
1.3667e-02,0.315,0.485
1.3669e-02,0.325,0.165
1.3670e-02,0.245,0.49
1.3672e-02,0.255,0.18
1.3674e-02,0.325,0.48
1.3675e-02,0.29,0.185
1.3677e-02,0.325,0.48
1.3678e-02,0.365,0.185
1.3680e-02,0.345,0.48
1.3682e-02,0.29,0.19
1.3683e-02,0.27,0.475
1.3685e-02,0.2,0.17
1.3686e-02,0.345,0.49
1.3688e-02,0.275,0.15
1.3690e-02,0.3,0.495
1.3691e-02,0.3,0.175
1.3693e-02,0.395,0.485
1.3694e-02,0.4,0.14
1.3696e-02,0.435,0.525
1.3698e-02,0.405,0.16
1.3699e-02,0.305,0.5
1.3701e-02,0.32,0.18
1.3702e-02,0.355,0.48
1.3704e-02,0.255,0.15
1.3706e-02,0.285,0.51
1.3707e-02,0.285,0.17
1.3709e-02,0.28,0.485
1.3710e-02,0.33,0.155
1.3712e-02,0.43,0.505
1.3714e-02,0.3,0.16
1.3715e-02,0.41,0.495
1.3717e-02,0.33,0.155
1.3718e-02,0.39,0.5
1.3720e-02,0.345,0.16
1.3722e-02,0.325,0.505
1.3723e-02,0.265,0.145
1.3725e-02,0.24,0.52
1.3726e-02,0.315,0.11
1.3728e-02,0.375,0.545
1.3730e-02,0.375,0.155
1.3731e-02,0.335,0.505
1.3733e-02,0.365,0.165
1.3734e-02,0.3,0.49
1.3736e-02,0.295,0.165
1.3738e-02,0.39,0.49
1.3739e-02,0.315,0.155
1.3741e-02,0.275,0.495
1.3742e-02,0.36,0.18
1.3744e-02,0.295,0.48
1.3746e-02,0.33,0.175
1.3747e-02,0.355,0.49
1.3749e-02,0.29,0.145
1.3750e-02,0.305,0.515
1.3752e-02,0.385,0.17
1.3754e-02,0.305,0.49
1.3755e-02,0.31,0.175
1.3757e-02,0.245,0.475
1.3758e-02,0.4,0.17
1.3760e-02,0.35,0.495
1.3762e-02,0.315,0.17
1.3763e-02,0.315,0.49
1.3765e-02,0.25,0.175
1.3766e-02,0.325,0.485
1.3768e-02,0.32,0.15
1.3770e-02,0.385,0.51
1.3771e-02,0.365,0.14
1.3773e-02,0.36,0.52
1.3774e-02,0.36,0.16
1.3776e-02,0.29,0.495
1.3778e-02,0.385,0.165
1.3779e-02,0.41,0.495
1.3781e-02,0.325,0.155
1.3782e-02,0.34,0.495
1.3784e-02,0.38,0.15
1.3786e-02,0.38,0.51
1.3787e-02,0.3,0.17
1.3789e-02,0.33,0.48
1.3790e-02,0.34,0.17
1.3792e-02,0.315,0.485
1.3794e-02,0.325,0.18
1.3795e-02,0.355,0.49
1.3797e-02,0.325,0.16
1.3798e-02,0.315,0.49
1.3800e-02,0.38,0.175
1.3802e-02,0.385,0.485
1.3803e-02,0.37,0.175
1.3805e-02,0.36,0.49
1.3806e-02,0.35,0.165
1.3808e-02,0.37,0.49
1.3810e-02,0.315,0.15
1.3811e-02,0.375,0.51
1.3813e-02,0.205,0.14
1.3814e-02,0.345,0.515
1.3816e-02,0.435,0.155
1.3818e-02,0.34,0.5
1.3819e-02,0.3,0.155
1.3821e-02,0.28,0.51
1.3822e-02,0.335,0.165
1.3824e-02,0.22,0.495
1.3826e-02,0.34,0.165
1.3827e-02,0.25,0.5
1.3829e-02,0.31,0.165
1.3830e-02,0.27,0.49
1.3832e-02,0.335,0.155
1.3834e-02,0.31,0.515
1.3835e-02,0.31,0.165
1.3837e-02,0.29,0.495
1.3838e-02,0.24,0.165
1.3840e-02,0.23,0.5
1.3842e-02,0.37,0.185
1.3843e-02,0.355,0.48
1.3845e-02,0.235,0.155
1.3846e-02,0.405,0.505
1.3848e-02,0.395,0.175
1.3850e-02,0.42,0.49
1.3851e-02,0.38,0.18
1.3853e-02,0.29,0.48
1.3854e-02,0.3,0.19
1.3856e-02,0.23,0.475
1.3858e-02,0.315,0.165
1.3859e-02,0.31,0.505
1.3861e-02,0.34,0.155
1.3862e-02,0.385,0.51
1.3864e-02,0.385,0.165
1.3866e-02,0.385,0.505
1.3867e-02,0.335,0.185
1.3869e-02,0.285,0.48
1.3870e-02,0.255,0.18
1.3872e-02,0.32,0.485
1.3874e-02,0.37,0.18
1.3875e-02,0.295,0.48
1.3877e-02,0.27,0.165
1.3878e-02,0.31,0.495
1.3880e-02,0.445,0.175
1.3882e-02,0.37,0.48
1.3883e-02,0.34,0.155
1.3885e-02,0.275,0.505
1.3886e-02,0.28,0.18
1.3888e-02,0.32,0.485
1.3890e-02,0.31,0.17
1.3891e-02,0.465,0.495
1.3893e-02,0.37,0.19
1.3894e-02,0.335,0.475
1.3896e-02,0.28,0.19
1.3898e-02,0.33,0.47
1.3899e-02,0.3,0.165
1.3901e-02,0.285,0.495
1.3902e-02,0.29,0.2
1.3904e-02,0.32,0.465
1.3906e-02,0.38,0.185
1.3907e-02,0.345,0.48
1.3909e-02,0.34,0.15
1.3910e-02,0.33,0.505
1.3912e-02,0.265,0.165
1.3914e-02,0.33,0.5
1.3915e-02,0.305,0.185
1.3917e-02,0.215,0.48
1.3918e-02,0.41,0.16
1.3920e-02,0.335,0.5
1.3922e-02,0.41,0.18
1.3923e-02,0.365,0.485
1.3925e-02,0.39,0.19
1.3926e-02,0.285,0.475
1.3928e-02,0.355,0.175
1.3930e-02,0.345,0.49
1.3931e-02,0.355,0.18
1.3933e-02,0.25,0.48
1.3934e-02,0.3,0.16
1.3936e-02,0.3,0.495
1.3938e-02,0.41,0.185
1.3939e-02,0.235,0.48
1.3941e-02,0.335,0.17
1.3942e-02,0.275,0.49
1.3944e-02,0.3,0.145
1.3946e-02,0.345,0.515
1.3947e-02,0.365,0.185
1.3949e-02,0.37,0.48
1.3950e-02,0.285,0.175
1.3952e-02,0.395,0.49
1.3954e-02,0.345,0.175
1.3955e-02,0.345,0.485
1.3957e-02,0.275,0.18
1.3958e-02,0.34,0.475
1.3960e-02,0.325,0.17
1.3962e-02,0.345,0.49
1.3963e-02,0.475,0.17
1.3965e-02,0.345,0.49
1.3966e-02,0.325,0.165
1.3968e-02,0.4,0.495
1.3970e-02,0.36,0.185
1.3971e-02,0.27,0.48
1.3973e-02,0.235,0.18
1.3974e-02,0.33,0.475
1.3976e-02,0.37,0.17
1.3978e-02,0.38,0.485
1.3979e-02,0.375,0.135
1.3981e-02,0.39,0.525
1.3982e-02,0.325,0.145
1.3984e-02,0.34,0.515
1.3986e-02,0.34,0.18
1.3987e-02,0.335,0.485
1.3989e-02,0.3,0.135
1.3990e-02,0.355,0.525
1.3992e-02,0.41,0.155
1.3994e-02,0.32,0.5
1.3995e-02,0.31,0.19
1.3997e-02,0.335,0.47
1.3998e-02,0.185,0.155
1.4000e-02,0.365,0.5
1.4002e-02,0.3,0.17
1.4003e-02,0.4,0.5
1.4005e-02,0.36,0.165
1.4006e-02,0.32,0.495
1.4008e-02,0.425,0.175
1.4010e-02,0.31,0.485
1.4011e-02,0.285,0.18
1.4013e-02,0.265,0.48
1.4014e-02,0.29,0.165
1.4016e-02,0.345,0.495
1.4018e-02,0.41,0.16
1.4019e-02,0.285,0.505
1.4021e-02,0.34,0.18
1.4022e-02,0.395,0.48
1.4024e-02,0.38,0.175
1.4026e-02,0.32,0.485
1.4027e-02,0.35,0.165
1.4029e-02,0.19,0.5
1.4030e-02,0.275,0.15
1.4032e-02,0.29,0.505
1.4034e-02,0.405,0.175
1.4035e-02,0.285,0.485
1.4037e-02,0.39,0.17
1.4038e-02,0.335,0.495
1.4040e-02,0.36,0.17
1.4042e-02,0.33,0.49
1.4043e-02,0.275,0.18
1.4045e-02,0.245,0.485
1.4046e-02,0.275,0.165
1.4048e-02,0.4,0.5
1.4050e-02,0.355,0.165
1.4051e-02,0.355,0.495
1.4053e-02,0.365,0.16
1.4054e-02,0.335,0.495
1.4056e-02,0.335,0.155
1.4058e-02,0.365,0.515
1.4059e-02,0.31,0.135
1.4061e-02,0.305,0.535
1.4062e-02,0.4,0.135
1.4064e-02,0.355,0.52
1.4066e-02,0.42,0.17
1.4067e-02,0.305,0.495
1.4069e-02,0.32,0.175
1.4070e-02,0.325,0.495
1.4072e-02,0.35,0.185
1.4074e-02,0.305,0.485
1.4075e-02,0.315,0.18
1.4077e-02,0.37,0.49
1.4078e-02,0.39,0.165
1.4080e-02,0.455,0.5
1.4082e-02,0.34,0.165
1.4083e-02,0.385,0.505
1.4085e-02,0.36,0.175
1.4086e-02,0.345,0.49
1.4088e-02,0.37,0.13
1.4090e-02,0.335,0.53
1.4091e-02,0.285,0.165
1.4093e-02,0.37,0.505
1.4094e-02,0.3,0.14
1.4096e-02,0.415,0.535
1.4098e-02,0.35,0.17
1.4099e-02,0.315,0.5
1.4101e-02,0.305,0.18
1.4102e-02,0.285,0.49
1.4104e-02,0.355,0.165
1.4106e-02,0.345,0.505
1.4107e-02,0.315,0.17
1.4109e-02,0.265,0.5
1.4110e-02,0.46,0.17
1.4112e-02,0.38,0.5
1.4114e-02,0.39,0.175
1.4115e-02,0.305,0.49
1.4117e-02,0.315,0.17
1.4118e-02,0.29,0.5
1.4120e-02,0.38,0.19
1.4122e-02,0.305,0.48
1.4123e-02,0.395,0.185
1.4125e-02,0.28,0.485
1.4126e-02,0.38,0.17
1.4128e-02,0.335,0.49
1.4130e-02,0.32,0.18
1.4131e-02,0.34,0.49
1.4133e-02,0.26,0.15
1.4134e-02,0.415,0.52
1.4136e-02,0.385,0.185
1.4138e-02,0.38,0.485
1.4139e-02,0.32,0.19
1.4141e-02,0.295,0.48
1.4142e-02,0.27,0.185
1.4144e-02,0.31,0.48
1.4146e-02,0.265,0.18
1.4147e-02,0.3,0.49
1.4149e-02,0.325,0.155
1.4150e-02,0.335,0.51
1.4152e-02,0.385,0.185
1.4154e-02,0.345,0.48
1.4155e-02,0.4,0.19
1.4157e-02,0.28,0.475
1.4158e-02,0.26,0.18
1.4160e-02,0.36,0.49
1.4162e-02,0.345,0.165
1.4163e-02,0.355,0.495
1.4165e-02,0.335,0.165
1.4166e-02,0.325,0.49
1.4168e-02,0.375,0.16
1.4170e-02,0.4,0.51
1.4171e-02,0.285,0.16
1.4173e-02,0.32,0.5
1.4174e-02,0.255,0.145
1.4176e-02,0.345,0.515
1.4178e-02,0.325,0.165
1.4179e-02,0.31,0.495
1.4181e-02,0.32,0.155
1.4182e-02,0.28,0.51
1.4184e-02,0.36,0.17
1.4186e-02,0.265,0.495
1.4187e-02,0.31,0.16
1.4189e-02,0.37,0.5
1.4190e-02,0.29,0.14
1.4192e-02,0.4,0.515
1.4194e-02,0.4,0.155
1.4195e-02,0.335,0.505
1.4197e-02,0.255,0.17
1.4198e-02,0.27,0.485
1.4200e-02,0.31,0.18
1.4202e-02,0.355,0.485
1.4203e-02,0.37,0.18
1.4205e-02,0.285,0.485
1.4206e-02,0.355,0.18
1.4208e-02,0.295,0.48
1.4210e-02,0.365,0.165
1.4211e-02,0.41,0.495
1.4213e-02,0.335,0.165
1.4214e-02,0.395,0.49
1.4216e-02,0.33,0.13
1.4218e-02,0.29,0.535
1.4219e-02,0.34,0.175
1.4221e-02,0.31,0.485
1.4222e-02,0.32,0.17
1.4224e-02,0.345,0.485
1.4226e-02,0.38,0.19
1.4227e-02,0.385,0.475
1.4229e-02,0.285,0.17
1.4230e-02,0.265,0.505
1.4232e-02,0.205,0.16
1.4234e-02,0.365,0.5
1.4235e-02,0.26,0.16
1.4237e-02,0.375,0.505
1.4238e-02,0.315,0.19
1.4240e-02,0.325,0.48
1.4242e-02,0.325,0.21
1.4243e-02,0.335,0.465
1.4245e-02,0.35,0.165
1.4246e-02,0.32,0.495
1.4248e-02,0.295,0.175
1.4250e-02,0.255,0.5
1.4251e-02,0.405,0.18
1.4253e-02,0.305,0.49
1.4254e-02,0.33,0.125
1.4256e-02,0.315,0.55
1.4258e-02,0.25,0.155
1.4259e-02,0.36,0.515
1.4261e-02,0.335,0.17
1.4262e-02,0.29,0.505
1.4264e-02,0.405,0.145
1.4266e-02,0.23,0.525
1.4267e-02,0.4,0.165
1.4269e-02,0.305,0.51
1.4270e-02,0.3,0.15
1.4272e-02,0.28,0.525
1.4274e-02,0.235,0.16
1.4275e-02,0.245,0.51
1.4277e-02,0.35,0.17
1.4278e-02,0.27,0.495
1.4280e-02,0.335,0.165
1.4282e-02,0.355,0.505
1.4283e-02,0.345,0.175
1.4285e-02,0.46,0.495
1.4286e-02,0.325,0.18
1.4288e-02,0.34,0.5
1.4290e-02,0.34,0.18
1.4291e-02,0.33,0.5
1.4293e-02,0.385,0.165
1.4294e-02,0.325,0.505
1.4296e-02,0.315,0.17
1.4298e-02,0.32,0.5
1.4299e-02,0.36,0.185
1.4301e-02,0.4,0.505
1.4302e-02,0.33,0.19
1.4304e-02,0.415,0.48
1.4306e-02,0.29,0.2
1.4307e-02,0.255,0.475
1.4309e-02,0.4,0.185
1.4310e-02,0.225,0.49
1.4312e-02,0.405,0.18
1.4314e-02,0.3,0.495
1.4315e-02,0.27,0.18
1.4317e-02,0.395,0.495
1.4318e-02,0.385,0.155
1.4320e-02,0.345,0.53
1.4322e-02,0.375,0.18
1.4323e-02,0.33,0.5
1.4325e-02,0.35,0.175
1.4326e-02,0.335,0.495
1.4328e-02,0.265,0.18
1.4330e-02,0.265,0.5
1.4331e-02,0.345,0.175
1.4333e-02,0.34,0.495
1.4334e-02,0.43,0.18
1.4336e-02,0.39,0.49
1.4338e-02,0.345,0.17
1.4339e-02,0.305,0.505
1.4341e-02,0.26,0.16
1.4342e-02,0.315,0.515
1.4344e-02,0.305,0.185
1.4346e-02,0.325,0.49
1.4347e-02,0.29,0.19
1.4349e-02,0.42,0.48
1.4350e-02,0.375,0.185
1.4352e-02,0.355,0.485
1.4354e-02,0.38,0.15
1.4355e-02,0.26,0.525
1.4357e-02,0.295,0.135
1.4358e-02,0.345,0.53
1.4360e-02,0.375,0.155
1.4362e-02,0.34,0.515
1.4363e-02,0.39,0.175
1.4365e-02,0.34,0.495
1.4366e-02,0.47,0.14
1.4368e-02,0.36,0.53
1.4370e-02,0.435,0.185
1.4371e-02,0.37,0.495
1.4373e-02,0.3,0.155
1.4374e-02,0.29,0.51
1.4376e-02,0.355,0.15
1.4378e-02,0.33,0.525
1.4379e-02,0.34,0.165
1.4381e-02,0.265,0.505
1.4382e-02,0.315,0.13
1.4384e-02,0.38,0.545
1.4386e-02,0.355,0.15
1.4387e-02,0.295,0.52
1.4389e-02,0.345,0.145
1.4390e-02,0.355,0.525
1.4392e-02,0.395,0.16
1.4394e-02,0.39,0.505
1.4395e-02,0.325,0.16
1.4397e-02,0.36,0.515
1.4398e-02,0.22,0.175
1.4400e-02,0.31,0.49
1.4402e-02,0.24,0.165
1.4403e-02,0.325,0.5
1.4405e-02,0.215,0.185
1.4406e-02,0.315,0.475
1.4408e-02,0.36,0.19
1.4410e-02,0.43,0.48
1.4411e-02,0.395,0.17
1.4413e-02,0.375,0.5
1.4414e-02,0.29,0.18
1.4416e-02,0.39,0.485
1.4418e-02,0.325,0.17
1.4419e-02,0.305,0.5
1.4421e-02,0.35,0.165
1.4422e-02,0.335,0.51
1.4424e-02,0.35,0.175
1.4426e-02,0.44,0.5
1.4427e-02,0.365,0.18
1.4429e-02,0.41,0.48
1.4430e-02,0.345,0.175
1.4432e-02,0.345,0.49
1.4434e-02,0.315,0.165
1.4435e-02,0.37,0.505
1.4437e-02,0.315,0.165
1.4438e-02,0.305,0.51
1.4440e-02,0.3,0.19
1.4442e-02,0.365,0.485
1.4443e-02,0.35,0.19
1.4445e-02,0.355,0.485
1.4446e-02,0.27,0.165
1.4448e-02,0.355,0.505
1.4450e-02,0.39,0.195
1.4451e-02,0.365,0.49
1.4453e-02,0.315,0.175
1.4454e-02,0.335,0.5
1.4456e-02,0.34,0.185
1.4458e-02,0.365,0.49
1.4459e-02,0.355,0.185
1.4461e-02,0.305,0.49
1.4462e-02,0.33,0.165
1.4464e-02,0.31,0.51
1.4466e-02,0.225,0.185
1.4467e-02,0.415,0.485
1.4469e-02,0.36,0.175
1.4470e-02,0.33,0.5
1.4472e-02,0.335,0.17
1.4474e-02,0.305,0.51
1.4475e-02,0.335,0.195
1.4477e-02,0.455,0.485
1.4478e-02,0.3,0.15
1.4480e-02,0.325,0.53
1.4482e-02,0.33,0.19
1.4483e-02,0.305,0.505
1.4485e-02,0.33,0.185
1.4486e-02,0.335,0.49
1.4488e-02,0.325,0.18
1.4490e-02,0.33,0.5
1.4491e-02,0.355,0.175
1.4493e-02,0.39,0.5
1.4494e-02,0.37,0.205
1.4496e-02,0.43,0.475
1.4498e-02,0.305,0.165
1.4499e-02,0.35,0.515
1.4501e-02,0.275,0.155
1.4502e-02,0.255,0.52
1.4504e-02,0.305,0.18
1.4506e-02,0.29,0.505
1.4507e-02,0.44,0.145
1.4509e-02,0.345,0.535
1.4510e-02,0.32,0.195
1.4512e-02,0.35,0.48
1.4514e-02,0.385,0.19
1.4515e-02,0.44,0.485
1.4517e-02,0.35,0.195
1.4518e-02,0.335,0.48
1.4520e-02,0.215,0.16
1.4522e-02,0.35,0.52
1.4523e-02,0.31,0.155
1.4525e-02,0.32,0.52
1.4526e-02,0.39,0.16
1.4528e-02,0.275,0.52
1.4530e-02,0.345,0.19
1.4531e-02,0.22,0.48
1.4533e-02,0.305,0.185
1.4534e-02,0.34,0.49
1.4536e-02,0.32,0.185
1.4538e-02,0.32,0.495
1.4539e-02,0.37,0.195
1.4541e-02,0.365,0.485
1.4542e-02,0.36,0.2
1.4544e-02,0.345,0.48
1.4546e-02,0.305,0.17
1.4547e-02,0.485,0.505
1.4549e-02,0.31,0.14
1.4550e-02,0.345,0.54
1.4552e-02,0.305,0.175
1.4554e-02,0.295,0.5
1.4555e-02,0.33,0.145
1.4557e-02,0.345,0.525
1.4558e-02,0.275,0.165
1.4560e-02,0.335,0.505
1.4562e-02,0.335,0.17
1.4563e-02,0.365,0.505
1.4565e-02,0.425,0.155
1.4566e-02,0.395,0.51
1.4568e-02,0.315,0.165
1.4570e-02,0.39,0.505
1.4571e-02,0.28,0.175
1.4573e-02,0.385,0.495
1.4574e-02,0.39,0.19
1.4576e-02,0.27,0.485
1.4578e-02,0.31,0.18
1.4579e-02,0.395,0.49
1.4581e-02,0.395,0.16
1.4582e-02,0.395,0.51
1.4584e-02,0.36,0.18
1.4586e-02,0.365,0.485
1.4587e-02,0.39,0.165
1.4589e-02,0.35,0.505
1.4590e-02,0.305,0.17
1.4592e-02,0.335,0.5
1.4594e-02,0.285,0.165
1.4595e-02,0.29,0.51
1.4597e-02,0.35,0.175
1.4598e-02,0.32,0.505
1.4600e-02,0.345,0.14
1.4602e-02,0.305,0.53
1.4603e-02,0.295,0.175
1.4605e-02,0.345,0.495
1.4606e-02,0.355,0.13
1.4608e-02,0.24,0.54
1.4610e-02,0.345,0.155
1.4611e-02,0.275,0.51
1.4613e-02,0.34,0.15
1.4614e-02,0.425,0.525
1.4616e-02,0.245,0.16
1.4618e-02,0.32,0.51
1.4619e-02,0.305,0.12
1.4621e-02,0.36,0.555
1.4622e-02,0.325,0.16
1.4624e-02,0.33,0.51
1.4626e-02,0.23,0.175
1.4627e-02,0.39,0.49
1.4629e-02,0.325,0.19
1.4630e-02,0.37,0.495
1.4632e-02,0.355,0.17
1.4634e-02,0.385,0.5
1.4635e-02,0.305,0.16
1.4637e-02,0.4,0.515
1.4638e-02,0.36,0.17
1.4640e-02,0.38,0.505
1.4642e-02,0.375,0.165
1.4643e-02,0.305,0.52
1.4645e-02,0.42,0.17
1.4646e-02,0.43,0.505
1.4648e-02,0.39,0.195
1.4650e-02,0.355,0.49
1.4651e-02,0.385,0.185
1.4653e-02,0.345,0.495
1.4654e-02,0.425,0.19
1.4656e-02,0.215,0.495
1.4658e-02,0.34,0.17
1.4659e-02,0.28,0.51
1.4661e-02,0.345,0.18
1.4662e-02,0.33,0.495
1.4664e-02,0.3,0.175
1.4666e-02,0.275,0.51
1.4667e-02,0.285,0.185
1.4669e-02,0.355,0.49
1.4670e-02,0.315,0.195
1.4672e-02,0.365,0.485
1.4674e-02,0.365,0.185
1.4675e-02,0.315,0.5
1.4677e-02,0.345,0.16
1.4678e-02,0.395,0.52
1.4680e-02,0.3,0.17
1.4682e-02,0.365,0.51
1.4683e-02,0.3,0.175
1.4685e-02,0.33,0.51
1.4686e-02,0.43,0.17
1.4688e-02,0.385,0.51
1.4690e-02,0.365,0.145
1.4691e-02,0.345,0.54
1.4693e-02,0.395,0.155
1.4694e-02,0.37,0.525
1.4696e-02,0.38,0.185
1.4698e-02,0.325,0.5
1.4699e-02,0.34,0.165
1.4701e-02,0.405,0.52
1.4702e-02,0.325,0.155
1.4704e-02,0.355,0.52
1.4706e-02,0.335,0.16
1.4707e-02,0.325,0.515
1.4709e-02,0.3,0.14
1.4710e-02,0.425,0.53
1.4712e-02,0.36,0.15
1.4714e-02,0.395,0.52
1.4715e-02,0.405,0.17
1.4717e-02,0.305,0.5
1.4718e-02,0.47,0.19
1.4720e-02,0.33,0.49
1.4722e-02,0.365,0.16
1.4723e-02,0.265,0.52
1.4725e-02,0.32,0.195
1.4726e-02,0.31,0.49
1.4728e-02,0.33,0.17
1.4730e-02,0.365,0.515
1.4731e-02,0.315,0.18
1.4733e-02,0.325,0.495
1.4734e-02,0.39,0.17
1.4736e-02,0.345,0.51
1.4738e-02,0.42,0.17
1.4739e-02,0.4,0.51
1.4741e-02,0.29,0.195
1.4742e-02,0.4,0.485
1.4744e-02,0.33,0.21
1.4746e-02,0.41,0.47
1.4747e-02,0.44,0.175
1.4749e-02,0.29,0.51
1.4750e-02,0.375,0.185
1.4752e-02,0.43,0.49
1.4754e-02,0.405,0.19
1.4755e-02,0.38,0.475
1.4757e-02,0.32,0.175
1.4758e-02,0.36,0.505
1.4760e-02,0.39,0.175
1.4762e-02,0.385,0.51
1.4763e-02,0.33,0.175
1.4765e-02,0.36,0.5
1.4766e-02,0.335,0.19
1.4768e-02,0.315,0.49
1.4770e-02,0.355,0.185
1.4771e-02,0.27,0.485
1.4773e-02,0.315,0.185
1.4774e-02,0.28,0.49
1.4776e-02,0.28,0.175
1.4778e-02,0.43,0.5
1.4779e-02,0.32,0.195
1.4781e-02,0.46,0.48
1.4782e-02,0.305,0.19
1.4784e-02,0.355,0.495
1.4786e-02,0.385,0.18
1.4787e-02,0.35,0.49
1.4789e-02,0.265,0.17
1.4790e-02,0.31,0.51
1.4792e-02,0.27,0.19
1.4794e-02,0.4,0.49
1.4795e-02,0.4,0.14
1.4797e-02,0.345,0.54
1.4798e-02,0.355,0.18
1.4800e-02,0.315,0.495
1.4802e-02,0.335,0.165
1.4803e-02,0.38,0.52
1.4805e-02,0.29,0.18
1.4806e-02,0.365,0.505
1.4808e-02,0.24,0.185
1.4810e-02,0.305,0.49
1.4811e-02,0.385,0.165
1.4813e-02,0.305,0.515
1.4814e-02,0.435,0.19
1.4816e-02,0.285,0.5
1.4818e-02,0.4,0.19
1.4819e-02,0.345,0.49
1.4821e-02,0.355,0.19
1.4822e-02,0.3,0.49
1.4824e-02,0.375,0.195
1.4826e-02,0.325,0.495
1.4827e-02,0.35,0.21
1.4829e-02,0.355,0.48
1.4830e-02,0.33,0.2
1.4832e-02,0.39,0.49
1.4834e-02,0.275,0.19
1.4835e-02,0.395,0.5
1.4837e-02,0.37,0.185
1.4838e-02,0.385,0.5
1.4840e-02,0.39,0.18
1.4842e-02,0.27,0.5
1.4843e-02,0.285,0.195
1.4845e-02,0.3,0.485
1.4846e-02,0.4,0.185
1.4848e-02,0.31,0.51
1.4850e-02,0.345,0.185
1.4851e-02,0.275,0.5
1.4853e-02,0.365,0.195
1.4854e-02,0.345,0.5
1.4856e-02,0.41,0.195
1.4858e-02,0.345,0.49
1.4859e-02,0.37,0.17
1.4861e-02,0.385,0.525
1.4862e-02,0.3,0.19
1.4864e-02,0.39,0.49
1.4866e-02,0.27,0.165
1.4867e-02,0.29,0.52
1.4869e-02,0.27,0.185
1.4870e-02,0.33,0.505
1.4872e-02,0.335,0.2
1.4874e-02,0.375,0.485
1.4875e-02,0.28,0.2
1.4877e-02,0.355,0.485
1.4878e-02,0.405,0.19
1.4880e-02,0.395,0.49
1.4882e-02,0.4,0.18
1.4883e-02,0.315,0.505
1.4885e-02,0.42,0.17
1.4886e-02,0.29,0.51
1.4888e-02,0.38,0.195
1.4890e-02,0.365,0.495
1.4891e-02,0.32,0.18
1.4893e-02,0.33,0.51
1.4894e-02,0.34,0.195
1.4896e-02,0.32,0.49
1.4898e-02,0.41,0.17
1.4899e-02,0.35,0.51
1.4901e-02,0.395,0.17
1.4902e-02,0.31,0.505
1.4904e-02,0.36,0.145
1.4906e-02,0.445,0.535
1.4907e-02,0.385,0.185
1.4909e-02,0.385,0.495
1.4910e-02,0.35,0.19
1.4912e-02,0.41,0.49
1.4914e-02,0.405,0.19
1.4915e-02,0.39,0.49
1.4917e-02,0.35,0.205
1.4918e-02,0.37,0.475
1.4920e-02,0.315,0.195
1.4922e-02,0.375,0.48
1.4923e-02,0.325,0.2
1.4925e-02,0.28,0.475
1.4926e-02,0.325,0.145
1.4928e-02,0.26,0.53
1.4930e-02,0.36,0.16
1.4931e-02,0.415,0.51
1.4933e-02,0.315,0.15
1.4934e-02,0.415,0.52
1.4936e-02,0.3,0.175
1.4938e-02,0.485,0.5
1.4939e-02,0.375,0.18
1.4941e-02,0.435,0.49
1.4942e-02,0.375,0.165
1.4944e-02,0.375,0.505
1.4946e-02,0.395,0.195
1.4947e-02,0.43,0.49
1.4949e-02,0.39,0.185
1.4950e-02,0.37,0.495
1.4952e-02,0.345,0.18
1.4954e-02,0.285,0.495
1.4955e-02,0.33,0.175
1.4957e-02,0.35,0.5
1.4958e-02,0.39,0.195
1.4960e-02,0.32,0.48
1.4962e-02,0.345,0.2
1.4963e-02,0.44,0.48
1.4965e-02,0.4,0.2
1.4966e-02,0.43,0.475
1.4968e-02,0.315,0.18
1.4970e-02,0.38,0.5
1.4971e-02,0.41,0.175
1.4973e-02,0.355,0.5
1.4974e-02,0.325,0.18
1.4976e-02,0.285,0.495
1.4978e-02,0.395,0.18
1.4979e-02,0.33,0.5
1.4981e-02,0.355,0.185
1.4982e-02,0.395,0.49
1.4984e-02,0.315,0.16
1.4986e-02,0.41,0.52
1.4987e-02,0.36,0.15
1.4989e-02,0.345,0.525
1.4990e-02,0.4,0.205
1.4992e-02,0.3,0.48
1.4994e-02,0.3,0.195
1.4995e-02,0.29,0.48
1.4997e-02,0.27,0.165
1.4998e-02,0.37,0.51
1.5000e-02,0.265,0.195
1.5002e-02,0.275,0.49
1.5003e-02,0.285,0.2
1.5005e-02,0.315,0.485
1.5006e-02,0.355,0.175
1.5008e-02,0.31,0.51
1.5010e-02,0.335,0.185
1.5011e-02,0.33,0.5
1.5013e-02,0.395,0.19
1.5014e-02,0.315,0.5
1.5016e-02,0.345,0.175
1.5018e-02,0.33,0.51
1.5019e-02,0.305,0.17
1.5021e-02,0.33,0.515
1.5022e-02,0.32,0.16
1.5024e-02,0.35,0.53
1.5026e-02,0.28,0.175
1.5027e-02,0.325,0.515
1.5029e-02,0.26,0.185
1.5030e-02,0.415,0.51
1.5032e-02,0.31,0.195
1.5034e-02,0.32,0.49
1.5035e-02,0.3,0.195
1.5037e-02,0.29,0.495
1.5038e-02,0.39,0.165
1.5040e-02,0.315,0.53
1.5042e-02,0.35,0.195
1.5043e-02,0.31,0.5
1.5045e-02,0.345,0.19
1.5046e-02,0.31,0.505
1.5048e-02,0.365,0.205
1.5050e-02,0.36,0.485
1.5051e-02,0.34,0.21
1.5053e-02,0.32,0.485
1.5054e-02,0.37,0.205
1.5056e-02,0.355,0.49
1.5058e-02,0.45,0.195
1.5059e-02,0.395,0.5
1.5061e-02,0.33,0.2
1.5062e-02,0.33,0.495
1.5064e-02,0.42,0.19
1.5066e-02,0.355,0.505
1.5067e-02,0.35,0.18
1.5069e-02,0.2,0.51
1.5070e-02,0.395,0.185
1.5072e-02,0.29,0.5
1.5074e-02,0.38,0.175
1.5075e-02,0.31,0.515
1.5077e-02,0.39,0.175
1.5078e-02,0.345,0.51
1.5080e-02,0.43,0.165
1.5082e-02,0.34,0.525
1.5083e-02,0.405,0.16
1.5085e-02,0.27,0.52
1.5086e-02,0.37,0.185
1.5088e-02,0.325,0.5
1.5090e-02,0.4,0.195
1.5091e-02,0.36,0.49
1.5093e-02,0.36,0.185
1.5094e-02,0.315,0.495
1.5096e-02,0.375,0.18
1.5098e-02,0.345,0.505
1.5099e-02,0.435,0.175
1.5101e-02,0.285,0.505
1.5102e-02,0.31,0.19
1.5104e-02,0.31,0.495
1.5106e-02,0.415,0.16
1.5107e-02,0.255,0.52
1.5109e-02,0.31,0.185
1.5110e-02,0.255,0.495
1.5112e-02,0.335,0.175
1.5114e-02,0.355,0.5
1.5115e-02,0.4,0.16
1.5117e-02,0.275,0.525
1.5118e-02,0.34,0.18
1.5120e-02,0.305,0.505
1.5122e-02,0.26,0.165
1.5123e-02,0.375,0.515
1.5125e-02,0.22,0.165
1.5126e-02,0.31,0.51
1.5128e-02,0.305,0.165
1.5130e-02,0.33,0.51
1.5131e-02,0.41,0.175
1.5133e-02,0.31,0.5
1.5134e-02,0.345,0.185
1.5136e-02,0.42,0.495
1.5138e-02,0.4,0.165
1.5139e-02,0.41,0.51
1.5141e-02,0.3,0.19
1.5142e-02,0.325,0.485
1.5144e-02,0.355,0.195
1.5146e-02,0.37,0.48
1.5147e-02,0.38,0.18
1.5149e-02,0.33,0.5
1.5150e-02,0.32,0.185
1.5152e-02,0.335,0.49
1.5154e-02,0.36,0.18
1.5155e-02,0.325,0.505
1.5157e-02,0.4,0.185
1.5158e-02,0.29,0.5
1.5160e-02,0.31,0.165
1.5162e-02,0.28,0.51
1.5163e-02,0.33,0.155
1.5165e-02,0.345,0.52
1.5166e-02,0.235,0.165
1.5168e-02,0.27,0.515
1.5170e-02,0.295,0.19
1.5171e-02,0.33,0.5
1.5173e-02,0.265,0.19
1.5174e-02,0.245,0.495
1.5176e-02,0.26,0.14
1.5178e-02,0.345,0.54
1.5179e-02,0.225,0.205
1.5181e-02,0.265,0.48
1.5182e-02,0.23,0.17
1.5184e-02,0.34,0.505
1.5186e-02,0.255,0.175
1.5187e-02,0.31,0.515
1.5189e-02,0.285,0.18
1.5190e-02,0.305,0.5
1.5192e-02,0.31,0.205
1.5194e-02,0.305,0.48
1.5195e-02,0.33,0.185
1.5197e-02,0.285,0.495
1.5198e-02,0.365,0.195
1.5200e-02,0.21,0.485
1.5202e-02,0.44,0.185
1.5203e-02,0.29,0.505
1.5205e-02,0.38,0.185
1.5206e-02,0.325,0.5
1.5208e-02,0.33,0.165
1.5210e-02,0.4,0.515
1.5211e-02,0.39,0.18
1.5213e-02,0.315,0.505
1.5214e-02,0.32,0.185
1.5216e-02,0.35,0.505
1.5218e-02,0.34,0.185
1.5219e-02,0.4,0.505
1.5221e-02,0.275,0.2
1.5222e-02,0.365,0.485
1.5224e-02,0.4,0.2
1.5226e-02,0.42,0.49
1.5227e-02,0.335,0.195
1.5229e-02,0.37,0.495
1.5230e-02,0.335,0.165
1.5232e-02,0.39,0.52
1.5234e-02,0.355,0.145
1.5235e-02,0.37,0.54
1.5237e-02,0.345,0.165
1.5238e-02,0.34,0.52
1.5240e-02,0.36,0.185
1.5242e-02,0.38,0.5
1.5243e-02,0.32,0.195
1.5245e-02,0.3,0.495
1.5246e-02,0.36,0.2
1.5248e-02,0.28,0.49
1.5250e-02,0.41,0.18
1.5251e-02,0.295,0.505
1.5253e-02,0.31,0.17
1.5254e-02,0.315,0.515
1.5256e-02,0.32,0.18
1.5258e-02,0.35,0.505
1.5259e-02,0.34,0.205
1.5261e-02,0.305,0.495
1.5262e-02,0.34,0.195
1.5264e-02,0.395,0.49
1.5266e-02,0.405,0.205
1.5267e-02,0.345,0.48
1.5269e-02,0.375,0.19
1.5270e-02,0.315,0.495
1.5272e-02,0.43,0.195
1.5274e-02,0.3,0.495
1.5275e-02,0.31,0.205
1.5277e-02,0.335,0.49
1.5278e-02,0.31,0.18
1.5280e-02,0.34,0.505
1.5282e-02,0.27,0.18
1.5283e-02,0.25,0.52
1.5285e-02,0.31,0.16
1.5286e-02,0.31,0.53
1.5288e-02,0.31,0.185
1.5290e-02,0.33,0.505
1.5291e-02,0.325,0.195
1.5293e-02,0.35,0.5
1.5294e-02,0.405,0.155
1.5296e-02,0.355,0.53
1.5298e-02,0.375,0.19
1.5299e-02,0.35,0.5
1.5301e-02,0.31,0.19
1.5302e-02,0.395,0.5
1.5304e-02,0.385,0.19
1.5306e-02,0.39,0.5
1.5307e-02,0.345,0.18
1.5309e-02,0.39,0.505
1.5310e-02,0.355,0.19
1.5312e-02,0.42,0.51
1.5314e-02,0.36,0.2
1.5315e-02,0.26,0.485
1.5317e-02,0.325,0.15
1.5318e-02,0.38,0.54
1.5320e-02,0.36,0.165
1.5322e-02,0.345,0.52
1.5323e-02,0.3,0.16
1.5325e-02,0.42,0.525
1.5326e-02,0.41,0.175
1.5328e-02,0.435,0.515
1.5330e-02,0.29,0.175
1.5331e-02,0.415,0.505
1.5333e-02,0.355,0.2
1.5334e-02,0.37,0.49
1.5336e-02,0.32,0.175
1.5338e-02,0.31,0.51
1.5339e-02,0.345,0.175
1.5341e-02,0.39,0.515
1.5342e-02,0.38,0.155
1.5344e-02,0.355,0.53
1.5346e-02,0.395,0.17
1.5347e-02,0.3,0.52
1.5349e-02,0.435,0.19
1.5350e-02,0.365,0.49
1.5352e-02,0.31,0.17
1.5354e-02,0.35,0.52
1.5355e-02,0.255,0.195
1.5357e-02,0.385,0.495
1.5358e-02,0.335,0.195
1.5360e-02,0.355,0.49
1.5362e-02,0.255,0.165
1.5363e-02,0.345,0.52
1.5365e-02,0.335,0.17
1.5366e-02,0.345,0.52
1.5368e-02,0.31,0.165
1.5370e-02,0.2,0.52
1.5371e-02,0.4,0.175
1.5373e-02,0.29,0.51
1.5374e-02,0.385,0.185
1.5376e-02,0.305,0.5
1.5378e-02,0.37,0.205
1.5379e-02,0.375,0.48
1.5381e-02,0.425,0.18
1.5382e-02,0.37,0.5
1.5384e-02,0.38,0.18
1.5386e-02,0.355,0.495
1.5387e-02,0.375,0.2
1.5389e-02,0.375,0.485
1.5390e-02,0.36,0.185
1.5392e-02,0.345,0.505
1.5394e-02,0.34,0.2
1.5395e-02,0.425,0.485
1.5397e-02,0.445,0.19
1.5398e-02,0.42,0.495
1.5400e-02,0.315,0.19
1.5402e-02,0.385,0.495
1.5403e-02,0.305,0.185
1.5405e-02,0.415,0.5
1.5406e-02,0.275,0.175
1.5408e-02,0.34,0.515
1.5410e-02,0.3,0.18
1.5411e-02,0.335,0.505
1.5413e-02,0.39,0.15
1.5414e-02,0.295,0.535
1.5416e-02,0.25,0.195
1.5418e-02,0.305,0.5
1.5419e-02,0.315,0.2
1.5421e-02,0.365,0.49
1.5422e-02,0.375,0.2
1.5424e-02,0.3,0.49
1.5426e-02,0.31,0.215
1.5427e-02,0.305,0.475
1.5429e-02,0.34,0.135
1.5430e-02,0.335,0.56
1.5432e-02,0.37,0.175
1.5434e-02,0.245,0.515
1.5435e-02,0.35,0.165
1.5437e-02,0.35,0.52
1.5438e-02,0.4,0.16
1.5440e-02,0.25,0.535
1.5442e-02,0.29,0.2
1.5443e-02,0.36,0.495
1.5445e-02,0.39,0.185
1.5446e-02,0.355,0.51
1.5448e-02,0.345,0.175
1.5450e-02,0.235,0.52
1.5451e-02,0.405,0.195
1.5453e-02,0.31,0.495
1.5454e-02,0.39,0.2
1.5456e-02,0.29,0.5
1.5458e-02,0.28,0.21
1.5459e-02,0.34,0.48
1.5461e-02,0.31,0.195
1.5462e-02,0.35,0.5
1.5464e-02,0.395,0.195
1.5466e-02,0.3,0.495
1.5467e-02,0.375,0.205
1.5469e-02,0.3,0.5
1.5470e-02,0.32,0.18
1.5472e-02,0.32,0.515
1.5474e-02,0.275,0.15
1.5475e-02,0.3,0.54
1.5477e-02,0.37,0.16
1.5478e-02,0.355,0.54
1.5480e-02,0.395,0.185
1.5482e-02,0.3,0.51
1.5483e-02,0.295,0.195
1.5485e-02,0.39,0.5
1.5486e-02,0.29,0.17
1.5488e-02,0.29,0.52
1.5490e-02,0.265,0.18
1.5491e-02,0.245,0.52
1.5493e-02,0.38,0.19
1.5494e-02,0.335,0.51
1.5496e-02,0.28,0.17
1.5498e-02,0.36,0.525
1.5499e-02,0.37,0.19
1.5501e-02,0.28,0.495
1.5502e-02,0.43,0.2
1.5504e-02,0.24,0.5
1.5506e-02,0.365,0.195
1.5507e-02,0.3,0.5
1.5509e-02,0.295,0.165
1.5510e-02,0.36,0.525
1.5512e-02,0.3,0.195
1.5514e-02,0.315,0.49
1.5515e-02,0.3,0.19
1.5517e-02,0.295,0.5
1.5518e-02,0.37,0.18
1.5520e-02,0.405,0.51
1.5522e-02,0.345,0.2
1.5523e-02,0.285,0.49
1.5525e-02,0.315,0.185
1.5526e-02,0.33,0.51
1.5528e-02,0.38,0.2
1.5530e-02,0.345,0.495
1.5531e-02,0.345,0.2
1.5533e-02,0.365,0.49
1.5534e-02,0.255,0.185
1.5536e-02,0.39,0.505
1.5538e-02,0.325,0.17
1.5539e-02,0.365,0.52
1.5541e-02,0.3,0.185
1.5542e-02,0.305,0.51
1.5544e-02,0.34,0.185
1.5546e-02,0.35,0.505
1.5547e-02,0.32,0.14
1.5549e-02,0.31,0.55
1.5550e-02,0.305,0.175
1.5552e-02,0.355,0.51
1.5554e-02,0.4,0.165
1.5555e-02,0.325,0.52
1.5557e-02,0.39,0.19
1.5558e-02,0.405,0.5
1.5560e-02,0.34,0.205
1.5562e-02,0.41,0.48
1.5563e-02,0.245,0.17
1.5565e-02,0.385,0.51
1.5566e-02,0.3,0.185
1.5568e-02,0.38,0.5
1.5570e-02,0.395,0.16
1.5571e-02,0.4,0.515
1.5573e-02,0.345,0.185
1.5574e-02,0.365,0.51
1.5576e-02,0.245,0.17
1.5578e-02,0.39,0.52
1.5579e-02,0.28,0.185
1.5581e-02,0.28,0.505
1.5582e-02,0.255,0.175
1.5584e-02,0.285,0.51
1.5586e-02,0.31,0.175
1.5587e-02,0.35,0.515
1.5589e-02,0.295,0.18
1.5590e-02,0.31,0.51
1.5592e-02,0.41,0.19
1.5594e-02,0.305,0.51
1.5595e-02,0.425,0.195
1.5597e-02,0.345,0.5
1.5598e-02,0.39,0.175
1.5600e-02,0.4,0.515
1.5602e-02,0.32,0.16
1.5603e-02,0.465,0.525
1.5605e-02,0.355,0.16
1.5606e-02,0.32,0.525
1.5608e-02,0.32,0.185
1.5610e-02,0.32,0.51
1.5611e-02,0.395,0.16
1.5613e-02,0.29,0.535
1.5614e-02,0.265,0.185
1.5616e-02,0.3,0.51
1.5618e-02,0.39,0.165
1.5619e-02,0.325,0.53
1.5621e-02,0.385,0.18
1.5622e-02,0.3,0.51
1.5624e-02,0.365,0.18
1.5626e-02,0.37,0.51
1.5627e-02,0.32,0.185
1.5629e-02,0.345,0.51
1.5630e-02,0.315,0.16
1.5632e-02,0.27,0.53
1.5634e-02,0.34,0.2
1.5635e-02,0.335,0.5
1.5637e-02,0.365,0.21
1.5638e-02,0.42,0.49
1.5640e-02,0.35,0.19
1.5642e-02,0.405,0.5
1.5643e-02,0.35,0.21
1.5645e-02,0.47,0.485
1.5646e-02,0.365,0.19
1.5648e-02,0.295,0.505
1.5650e-02,0.335,0.185
1.5651e-02,0.36,0.51
1.5653e-02,0.405,0.165
1.5654e-02,0.33,0.535
1.5656e-02,0.365,0.2
1.5658e-02,0.39,0.5
1.5659e-02,0.41,0.205
1.5661e-02,0.37,0.49
1.5662e-02,0.315,0.195
1.5664e-02,0.315,0.5
1.5666e-02,0.285,0.19
1.5667e-02,0.345,0.505
1.5669e-02,0.23,0.175
1.5670e-02,0.355,0.515
1.5672e-02,0.215,0.145
1.5674e-02,0.365,0.545
1.5675e-02,0.3,0.19
1.5677e-02,0.345,0.5
1.5678e-02,0.455,0.195
1.5680e-02,0.365,0.505
1.5682e-02,0.375,0.195
1.5683e-02,0.33,0.495
1.5685e-02,0.39,0.2
1.5686e-02,0.3,0.49
1.5688e-02,0.345,0.17
1.5690e-02,0.275,0.53
1.5691e-02,0.31,0.19
1.5693e-02,0.395,0.505
1.5694e-02,0.41,0.185
1.5696e-02,0.4,0.505
1.5698e-02,0.265,0.2
1.5699e-02,0.335,0.495
1.5701e-02,0.345,0.21
1.5702e-02,0.285,0.485
1.5704e-02,0.315,0.185
1.5706e-02,0.34,0.5
1.5707e-02,0.255,0.205
1.5709e-02,0.365,0.49
1.5710e-02,0.28,0.185
1.5712e-02,0.325,0.505
1.5714e-02,0.355,0.165
1.5715e-02,0.305,0.525
1.5717e-02,0.295,0.18
1.5718e-02,0.27,0.51
1.5720e-02,0.33,0.21
1.5722e-02,0.29,0.485
1.5723e-02,0.365,0.21
1.5725e-02,0.28,0.49
1.5726e-02,0.39,0.18
1.5728e-02,0.315,0.51
1.5730e-02,0.365,0.18
1.5731e-02,0.37,0.51
1.5733e-02,0.365,0.175
1.5734e-02,0.33,0.515
1.5736e-02,0.42,0.195
1.5738e-02,0.21,0.5
1.5739e-02,0.385,0.17
1.5741e-02,0.35,0.525
1.5742e-02,0.325,0.2
1.5744e-02,0.29,0.495
1.5746e-02,0.265,0.2
1.5747e-02,0.36,0.49
1.5749e-02,0.325,0.185
1.5750e-02,0.345,0.505
1.5752e-02,0.305,0.215
1.5754e-02,0.225,0.48
1.5755e-02,0.32,0.185
1.5757e-02,0.305,0.51
1.5758e-02,0.345,0.175
1.5760e-02,0.27,0.52
1.5762e-02,0.27,0.165
1.5763e-02,0.25,0.525
1.5765e-02,0.295,0.185
1.5766e-02,0.285,0.505
1.5768e-02,0.37,0.205
1.5770e-02,0.29,0.49
1.5771e-02,0.325,0.15
1.5773e-02,0.37,0.535
1.5774e-02,0.39,0.185
1.5776e-02,0.395,0.515
1.5778e-02,0.27,0.17
1.5779e-02,0.3,0.52
1.5781e-02,0.295,0.195
1.5782e-02,0.39,0.495
1.5784e-02,0.245,0.17
1.5786e-02,0.365,0.525
1.5787e-02,0.34,0.195
1.5789e-02,0.37,0.5
1.5790e-02,0.41,0.195
1.5792e-02,0.325,0.495
1.5794e-02,0.295,0.2
1.5795e-02,0.375,0.495
1.5797e-02,0.32,0.16
1.5798e-02,0.445,0.52
1.5800e-02,0.38,0.19
1.5802e-02,0.43,0.5
1.5803e-02,0.28,0.205
1.5805e-02,0.33,0.485
1.5806e-02,0.39,0.195
1.5808e-02,0.355,0.495
1.5810e-02,0.365,0.195
1.5811e-02,0.33,0.49
1.5813e-02,0.345,0.155
1.5814e-02,0.325,0.53
1.5816e-02,0.39,0.19
1.5818e-02,0.305,0.495
1.5819e-02,0.3,0.19
1.5821e-02,0.305,0.505
1.5822e-02,0.33,0.18
1.5824e-02,0.31,0.51
1.5826e-02,0.33,0.185
1.5827e-02,0.25,0.5
1.5829e-02,0.37,0.165
1.5830e-02,0.26,0.515
1.5832e-02,0.31,0.175
1.5834e-02,0.335,0.52
1.5835e-02,0.32,0.2
1.5837e-02,0.315,0.495
1.5838e-02,0.29,0.19
1.5840e-02,0.28,0.505
1.5842e-02,0.31,0.195
1.5843e-02,0.315,0.495
1.5845e-02,0.325,0.2
1.5846e-02,0.29,0.495
1.5848e-02,0.41,0.2
1.5850e-02,0.3,0.495
1.5851e-02,0.36,0.19
1.5853e-02,0.35,0.505
1.5854e-02,0.375,0.21
1.5856e-02,0.435,0.49
1.5858e-02,0.285,0.165
1.5859e-02,0.295,0.53
1.5861e-02,0.4,0.205
1.5862e-02,0.37,0.485
1.5864e-02,0.405,0.195
1.5866e-02,0.28,0.495
1.5867e-02,0.29,0.175
1.5869e-02,0.345,0.52
1.5870e-02,0.475,0.135
1.5872e-02,0.285,0.56
1.5874e-02,0.39,0.205
1.5875e-02,0.305,0.49
1.5877e-02,0.395,0.185
1.5878e-02,0.345,0.51
1.5880e-02,0.395,0.185
1.5882e-02,0.37,0.505
1.5883e-02,0.34,0.205
1.5885e-02,0.285,0.49
1.5886e-02,0.305,0.205
1.5888e-02,0.345,0.485
1.5890e-02,0.405,0.205
1.5891e-02,0.36,0.49
1.5893e-02,0.3,0.185
1.5894e-02,0.4,0.52
1.5896e-02,0.315,0.2
1.5898e-02,0.435,0.49
1.5899e-02,0.39,0.225
1.5901e-02,0.315,0.475
1.5902e-02,0.36,0.185
1.5904e-02,0.36,0.52
1.5906e-02,0.365,0.195
1.5907e-02,0.31,0.495
1.5909e-02,0.355,0.16
1.5910e-02,0.29,0.535
1.5912e-02,0.395,0.17
1.5914e-02,0.29,0.52
1.5915e-02,0.275,0.2
1.5917e-02,0.36,0.495
1.5918e-02,0.395,0.155
1.5920e-02,0.285,0.545
1.5922e-02,0.325,0.185
1.5923e-02,0.32,0.52
1.5925e-02,0.335,0.18
1.5926e-02,0.425,0.51
1.5928e-02,0.395,0.21
1.5930e-02,0.365,0.485
1.5931e-02,0.45,0.185
1.5933e-02,0.355,0.515
1.5934e-02,0.41,0.195
1.5936e-02,0.31,0.5
1.5938e-02,0.395,0.2
1.5939e-02,0.335,0.5
1.5941e-02,0.305,0.19
1.5942e-02,0.35,0.5
1.5944e-02,0.36,0.19
1.5946e-02,0.38,0.495
1.5947e-02,0.315,0.175
1.5949e-02,0.375,0.53
1.5950e-02,0.285,0.195
1.5952e-02,0.425,0.5
1.5954e-02,0.37,0.2
1.5955e-02,0.285,0.495
1.5957e-02,0.31,0.195
1.5958e-02,0.35,0.495
1.5960e-02,0.315,0.19
1.5962e-02,0.33,0.495
1.5963e-02,0.295,0.185
1.5965e-02,0.25,0.505
1.5966e-02,0.38,0.19
1.5968e-02,0.285,0.5
1.5970e-02,0.295,0.175
1.5971e-02,0.28,0.515
1.5973e-02,0.33,0.16
1.5974e-02,0.315,0.53
1.5976e-02,0.33,0.175
1.5978e-02,0.31,0.515
1.5979e-02,0.325,0.17
1.5981e-02,0.255,0.525
1.5982e-02,0.3,0.205
1.5984e-02,0.315,0.49
1.5986e-02,0.28,0.175
1.5987e-02,0.345,0.51
1.5989e-02,0.225,0.18
1.5990e-02,0.265,0.5
1.5992e-02,0.315,0.195
1.5994e-02,0.36,0.5
1.5995e-02,0.265,0.215
1.5997e-02,0.265,0.475
1.5998e-02,0.295,0.185
1.6000e-02,0.355,0.505
1.6002e-02,0.355,0.17
1.6003e-02,0.345,0.51
1.6005e-02,0.305,0.18
1.6006e-02,0.325,0.52
1.6008e-02,0.355,0.21
1.6010e-02,0.385,0.485
1.6011e-02,0.355,0.18
1.6013e-02,0.42,0.515
1.6014e-02,0.365,0.16
1.6016e-02,0.425,0.525
1.6018e-02,0.365,0.175
1.6019e-02,0.37,0.515
1.6021e-02,0.31,0.18
1.6022e-02,0.375,0.515
1.6024e-02,0.395,0.195
1.6026e-02,0.41,0.495
1.6027e-02,0.44,0.21
1.6029e-02,0.295,0.485
1.6030e-02,0.38,0.2
1.6032e-02,0.4,0.49
1.6034e-02,0.385,0.21
1.6035e-02,0.345,0.49
1.6037e-02,0.38,0.19
1.6038e-02,0.295,0.51
1.6040e-02,0.46,0.2
1.6042e-02,0.335,0.5
1.6043e-02,0.35,0.195
1.6045e-02,0.335,0.505
1.6046e-02,0.39,0.18
1.6048e-02,0.3,0.51
1.6050e-02,0.31,0.205
1.6051e-02,0.34,0.49
1.6053e-02,0.25,0.175
1.6054e-02,0.345,0.525
1.6056e-02,0.29,0.185
1.6058e-02,0.29,0.51
1.6059e-02,0.32,0.185
1.6061e-02,0.295,0.52
1.6062e-02,0.325,0.175
1.6064e-02,0.36,0.52
1.6066e-02,0.375,0.165
1.6067e-02,0.355,0.535
1.6069e-02,0.305,0.17
1.6070e-02,0.285,0.525
1.6072e-02,0.31,0.175
1.6074e-02,0.38,0.52
1.6075e-02,0.29,0.215
1.6077e-02,0.335,0.485
1.6078e-02,0.245,0.175
1.6080e-02,0.335,0.53
1.6082e-02,0.32,0.195
1.6083e-02,0.315,0.505
1.6085e-02,0.29,0.21
1.6086e-02,0.385,0.49
1.6088e-02,0.35,0.21
1.6090e-02,0.385,0.495
1.6091e-02,0.305,0.205
1.6093e-02,0.315,0.49
1.6094e-02,0.265,0.155
1.6096e-02,0.285,0.54
1.6098e-02,0.285,0.16
1.6099e-02,0.295,0.53
1.6101e-02,0.355,0.17
1.6102e-02,0.235,0.525
1.6104e-02,0.325,0.19
1.6106e-02,0.33,0.5
1.6107e-02,0.39,0.175
1.6109e-02,0.355,0.515
1.6110e-02,0.28,0.2
1.6112e-02,0.285,0.5
1.6114e-02,0.38,0.18
1.6115e-02,0.37,0.51
1.6117e-02,0.385,0.175
1.6118e-02,0.305,0.52
1.6120e-02,0.39,0.18
1.6122e-02,0.4,0.51
1.6123e-02,0.42,0.195
1.6125e-02,0.34,0.5
1.6126e-02,0.365,0.15
1.6128e-02,0.38,0.545
1.6130e-02,0.37,0.145
1.6131e-02,0.445,0.54
1.6133e-02,0.4,0.18
1.6134e-02,0.4,0.505
1.6136e-02,0.3,0.19
1.6138e-02,0.43,0.5
1.6139e-02,0.325,0.185
1.6141e-02,0.325,0.51
1.6142e-02,0.315,0.19
1.6144e-02,0.27,0.49
1.6146e-02,0.245,0.185
1.6147e-02,0.34,0.51
1.6149e-02,0.28,0.155
1.6150e-02,0.325,0.535
1.6152e-02,0.225,0.16
1.6154e-02,0.35,0.53
1.6155e-02,0.32,0.175
1.6157e-02,0.365,0.505
1.6158e-02,0.4,0.185
1.6160e-02,0.3,0.51
1.6162e-02,0.35,0.185
1.6163e-02,0.415,0.5
1.6165e-02,0.295,0.2
1.6166e-02,0.365,0.485
1.6168e-02,0.385,0.175
1.6170e-02,0.3,0.51
1.6171e-02,0.37,0.155
1.6173e-02,0.365,0.525
1.6174e-02,0.41,0.19
1.6176e-02,0.35,0.495
1.6178e-02,0.295,0.175
1.6179e-02,0.355,0.505
1.6181e-02,0.355,0.145
1.6182e-02,0.34,0.54
1.6184e-02,0.305,0.18
1.6186e-02,0.265,0.505
1.6187e-02,0.39,0.15
1.6189e-02,0.36,0.54
1.6190e-02,0.36,0.155
1.6192e-02,0.33,0.53
1.6194e-02,0.3,0.18
1.6195e-02,0.265,0.505
1.6197e-02,0.37,0.17
1.6198e-02,0.27,0.515
1.6200e-02,0.29,0.185
1.6202e-02,0.215,0.505
1.6203e-02,0.3,0.195
1.6205e-02,0.24,0.5
1.6206e-02,0.34,0.185
1.6208e-02,0.31,0.5
1.6210e-02,0.255,0.175
1.6211e-02,0.315,0.52
1.6213e-02,0.305,0.14
1.6214e-02,0.285,0.555
1.6216e-02,0.335,0.16
1.6218e-02,0.34,0.535
1.6219e-02,0.27,0.19
1.6221e-02,0.295,0.505
1.6222e-02,0.38,0.175
1.6224e-02,0.41,0.515
1.6226e-02,0.345,0.17
1.6227e-02,0.395,0.52
1.6229e-02,0.345,0.145
1.6230e-02,0.455,0.55
1.6232e-02,0.425,0.165
1.6234e-02,0.35,0.535
1.6235e-02,0.3,0.18
1.6237e-02,0.365,0.515
1.6238e-02,0.365,0.195
1.6240e-02,0.29,0.5
1.6242e-02,0.365,0.175
1.6243e-02,0.27,0.51
1.6245e-02,0.315,0.18
1.6246e-02,0.325,0.515
1.6248e-02,0.29,0.19
1.6250e-02,0.3,0.505
1.6251e-02,0.29,0.175
1.6253e-02,0.285,0.515
1.6254e-02,0.265,0.21
1.6256e-02,0.28,0.48
1.6258e-02,0.415,0.195
1.6259e-02,0.36,0.5
1.6261e-02,0.385,0.185
1.6262e-02,0.34,0.51
1.6264e-02,0.42,0.185
1.6266e-02,0.44,0.51
1.6267e-02,0.425,0.185
1.6269e-02,0.33,0.5
1.6270e-02,0.35,0.18
1.6272e-02,0.355,0.515
1.6274e-02,0.435,0.205
1.6275e-02,0.31,0.49
1.6277e-02,0.315,0.16
1.6278e-02,0.35,0.535
1.6280e-02,0.36,0.195
1.6282e-02,0.325,0.505
1.6283e-02,0.385,0.195
1.6285e-02,0.295,0.505
1.6286e-02,0.33,0.18
1.6288e-02,0.36,0.515
1.6290e-02,0.435,0.15
1.6291e-02,0.365,0.545
1.6293e-02,0.49,0.185
1.6294e-02,0.295,0.51
1.6296e-02,0.415,0.17
1.6298e-02,0.385,0.525
1.6299e-02,0.4,0.2
1.6301e-02,0.315,0.495
1.6302e-02,0.3,0.185
1.6304e-02,0.33,0.515
1.6306e-02,0.38,0.17
1.6307e-02,0.39,0.52
1.6309e-02,0.355,0.2
1.6310e-02,0.385,0.495
1.6312e-02,0.255,0.175
1.6314e-02,0.44,0.52
1.6315e-02,0.31,0.185
1.6317e-02,0.34,0.51
1.6318e-02,0.33,0.18
1.6320e-02,0.38,0.51
1.6322e-02,0.325,0.145
1.6323e-02,0.435,0.56
1.6325e-02,0.33,0.145
1.6326e-02,0.35,0.535
1.6328e-02,0.3,0.185
1.6330e-02,0.26,0.5
1.6331e-02,0.325,0.16
1.6333e-02,0.22,0.53
1.6334e-02,0.37,0.2
1.6336e-02,0.25,0.49
1.6338e-02,0.32,0.165
1.6339e-02,0.39,0.525
1.6341e-02,0.31,0.14
1.6342e-02,0.31,0.545
1.6344e-02,0.305,0.175
1.6346e-02,0.39,0.515
1.6347e-02,0.41,0.195
1.6349e-02,0.37,0.495
1.6350e-02,0.48,0.185
1.6352e-02,0.31,0.51
1.6354e-02,0.435,0.18
1.6355e-02,0.35,0.515
1.6357e-02,0.345,0.16
1.6358e-02,0.275,0.525
1.6360e-02,0.305,0.17
1.6362e-02,0.3,0.515
1.6363e-02,0.365,0.17
1.6365e-02,0.39,0.525
1.6366e-02,0.445,0.165
1.6368e-02,0.39,0.525
1.6370e-02,0.315,0.185
1.6371e-02,0.41,0.505
1.6373e-02,0.39,0.175
1.6374e-02,0.295,0.515
1.6376e-02,0.32,0.155
1.6378e-02,0.38,0.535
1.6379e-02,0.34,0.185
1.6381e-02,0.4,0.505
1.6382e-02,0.31,0.185
1.6384e-02,0.3,0.505
1.6386e-02,0.265,0.17
1.6387e-02,0.39,0.52
1.6389e-02,0.33,0.2
1.6390e-02,0.295,0.485
1.6392e-02,0.335,0.165
1.6394e-02,0.385,0.52
1.6395e-02,0.33,0.165
1.6397e-02,0.335,0.53
1.6398e-02,0.295,0.19
1.6400e-02,0.365,0.5
1.6402e-02,0.225,0.2
1.6403e-02,0.37,0.49
1.6405e-02,0.345,0.165
1.6406e-02,0.37,0.525
1.6408e-02,0.26,0.185
1.6410e-02,0.31,0.505
1.6411e-02,0.335,0.185
1.6413e-02,0.35,0.51
1.6414e-02,0.42,0.18
1.6416e-02,0.345,0.505
1.6418e-02,0.435,0.185
1.6419e-02,0.4,0.505
1.6421e-02,0.455,0.185
1.6422e-02,0.42,0.5
1.6424e-02,0.35,0.17
1.6426e-02,0.33,0.515
1.6427e-02,0.46,0.18
1.6429e-02,0.355,0.51
1.6430e-02,0.445,0.19
1.6432e-02,0.37,0.5
1.6434e-02,0.425,0.185
1.6435e-02,0.35,0.51
1.6437e-02,0.4,0.175
1.6438e-02,0.425,0.515
1.6440e-02,0.31,0.16
1.6442e-02,0.37,0.53
1.6443e-02,0.31,0.2
1.6445e-02,0.405,0.49
1.6446e-02,0.325,0.17
1.6448e-02,0.245,0.515
1.6450e-02,0.31,0.205
1.6451e-02,0.35,0.485
1.6453e-02,0.405,0.135
1.6454e-02,0.365,0.555
1.6456e-02,0.38,0.19
1.6458e-02,0.245,0.505
1.6459e-02,0.325,0.19
1.6461e-02,0.325,0.505
1.6462e-02,0.245,0.165
1.6464e-02,0.365,0.53
1.6466e-02,0.315,0.205
1.6467e-02,0.395,0.49
1.6469e-02,0.3,0.185
1.6470e-02,0.375,0.505
1.6472e-02,0.315,0.205
1.6474e-02,0.265,0.485
1.6475e-02,0.29,0.195
1.6477e-02,0.405,0.505
1.6478e-02,0.3,0.185
1.6480e-02,0.44,0.51
1.6482e-02,0.295,0.2
1.6483e-02,0.285,0.49
1.6485e-02,0.295,0.2
1.6486e-02,0.365,0.495
1.6488e-02,0.25,0.185
1.6490e-02,0.285,0.52
1.6491e-02,0.38,0.2
1.6493e-02,0.355,0.5
1.6494e-02,0.36,0.19
1.6496e-02,0.28,0.505
1.6498e-02,0.365,0.175
1.6499e-02,0.375,0.52
1.6501e-02,0.445,0.205
1.6502e-02,0.385,0.495
1.6504e-02,0.365,0.15
1.6506e-02,0.365,0.55
1.6507e-02,0.39,0.175
1.6509e-02,0.365,0.52
1.6510e-02,0.38,0.19
1.6512e-02,0.42,0.51
1.6514e-02,0.385,0.19
1.6515e-02,0.34,0.5
1.6517e-02,0.42,0.18
1.6518e-02,0.355,0.515
1.6520e-02,0.385,0.2
1.6522e-02,0.4,0.49
1.6523e-02,0.36,0.195
1.6525e-02,0.41,0.505
1.6526e-02,0.42,0.15
1.6528e-02,0.36,0.545
1.6530e-02,0.325,0.155
1.6531e-02,0.34,0.535
1.6533e-02,0.37,0.16
1.6534e-02,0.385,0.53
1.6536e-02,0.37,0.165
1.6538e-02,0.26,0.52
1.6539e-02,0.4,0.165
1.6541e-02,0.33,0.53
1.6542e-02,0.395,0.19
1.6544e-02,0.27,0.49
1.6546e-02,0.365,0.155
1.6547e-02,0.355,0.525
1.6549e-02,0.345,0.18
1.6550e-02,0.355,0.51
1.6552e-02,0.22,0.175
1.6554e-02,0.38,0.52
1.6555e-02,0.35,0.125
1.6557e-02,0.335,0.565
1.6558e-02,0.335,0.175
1.6560e-02,0.305,0.515
1.6562e-02,0.26,0.14
1.6563e-02,0.39,0.54
1.6565e-02,0.355,0.175
1.6566e-02,0.36,0.51
1.6568e-02,0.39,0.195
1.6570e-02,0.375,0.5
1.6571e-02,0.355,0.18
1.6573e-02,0.295,0.51
1.6574e-02,0.39,0.195
1.6576e-02,0.315,0.495
1.6578e-02,0.305,0.18
1.6579e-02,0.335,0.495
1.6581e-02,0.34,0.17
1.6582e-02,0.275,0.515
1.6584e-02,0.34,0.165
1.6586e-02,0.17,0.525
1.6587e-02,0.28,0.17
1.6589e-02,0.41,0.52
1.6590e-02,0.225,0.16
1.6592e-02,0.275,0.52
1.6594e-02,0.21,0.17
1.6595e-02,0.3,0.51
1.6597e-02,0.285,0.185
1.6598e-02,0.36,0.49
1.6600e-02,0.26,0.19
1.6602e-02,0.38,0.495
1.6603e-02,0.34,0.185
1.6605e-02,0.345,0.5
1.6606e-02,0.305,0.16
1.6608e-02,0.365,0.525
1.6610e-02,0.37,0.185
1.6611e-02,0.375,0.5
1.6613e-02,0.33,0.19
1.6614e-02,0.33,0.495
1.6616e-02,0.28,0.185
1.6618e-02,0.35,0.5
1.6619e-02,0.385,0.205
1.6621e-02,0.35,0.48
1.6622e-02,0.365,0.17
1.6624e-02,0.395,0.51
1.6626e-02,0.255,0.19
1.6627e-02,0.39,0.495
1.6629e-02,0.295,0.195
1.6630e-02,0.39,0.495
1.6632e-02,0.305,0.175
1.6634e-02,0.28,0.51
1.6635e-02,0.28,0.19
1.6637e-02,0.3,0.505
1.6638e-02,0.295,0.205
1.6640e-02,0.33,0.49
1.6642e-02,0.29,0.18
1.6643e-02,0.365,0.51
1.6645e-02,0.42,0.205
1.6646e-02,0.235,0.485
1.6648e-02,0.345,0.2
1.6650e-02,0.37,0.495
1.6651e-02,0.42,0.175
1.6653e-02,0.335,0.51
1.6654e-02,0.39,0.18
1.6656e-02,0.28,0.51
1.6658e-02,0.43,0.195
1.6659e-02,0.435,0.505
1.6661e-02,0.39,0.175
1.6662e-02,0.35,0.52
1.6664e-02,0.41,0.215
1.6666e-02,0.305,0.48
1.6667e-02,0.365,0.195
1.6669e-02,0.395,0.5
1.6670e-02,0.35,0.195
1.6672e-02,0.31,0.505
1.6674e-02,0.295,0.17
1.6675e-02,0.3,0.53
1.6677e-02,0.39,0.195
1.6678e-02,0.27,0.505
1.6680e-02,0.34,0.16
1.6682e-02,0.305,0.53
1.6683e-02,0.315,0.205
1.6685e-02,0.36,0.49
1.6686e-02,0.36,0.155
1.6688e-02,0.21,0.54
1.6690e-02,0.405,0.16
1.6691e-02,0.365,0.52
1.6693e-02,0.41,0.16
1.6694e-02,0.33,0.535
1.6696e-02,0.345,0.195
1.6698e-02,0.345,0.5
1.6699e-02,0.375,0.19
1.6701e-02,0.335,0.505
1.6702e-02,0.415,0.205
1.6704e-02,0.25,0.485
1.6706e-02,0.265,0.2
1.6707e-02,0.35,0.5
1.6709e-02,0.31,0.185
1.6710e-02,0.345,0.5
1.6712e-02,0.255,0.19
1.6714e-02,0.27,0.495
1.6715e-02,0.27,0.175
1.6717e-02,0.305,0.515
1.6718e-02,0.345,0.195
1.6720e-02,0.22,0.49
1.6722e-02,0.31,0.215
1.6723e-02,0.325,0.475
1.6725e-02,0.29,0.215
1.6726e-02,0.32,0.48
1.6728e-02,0.39,0.205
1.6730e-02,0.335,0.48
1.6731e-02,0.365,0.2
1.6733e-02,0.335,0.485
1.6734e-02,0.435,0.2
1.6736e-02,0.3,0.49
1.6738e-02,0.385,0.18
1.6739e-02,0.275,0.495
1.6741e-02,0.36,0.19
1.6742e-02,0.3,0.505
1.6744e-02,0.34,0.17
1.6746e-02,0.215,0.515
1.6747e-02,0.29,0.2
1.6749e-02,0.315,0.49
1.6750e-02,0.39,0.185
1.6752e-02,0.255,0.495
1.6754e-02,0.29,0.16
1.6755e-02,0.215,0.515
1.6757e-02,0.355,0.195
1.6758e-02,0.28,0.485
1.6760e-02,0.35,0.21
1.6762e-02,0.27,0.475
1.6763e-02,0.295,0.2
1.6765e-02,0.325,0.485
1.6766e-02,0.36,0.195
1.6768e-02,0.315,0.49
1.6770e-02,0.42,0.175
1.6771e-02,0.3,0.505
1.6773e-02,0.325,0.155
1.6774e-02,0.335,0.53
1.6776e-02,0.395,0.18
1.6778e-02,0.345,0.51
1.6779e-02,0.31,0.165
1.6781e-02,0.27,0.515
1.6782e-02,0.335,0.175
1.6784e-02,0.25,0.515
1.6786e-02,0.33,0.195
1.6787e-02,0.29,0.49
1.6789e-02,0.22,0.205
1.6790e-02,0.335,0.48
1.6792e-02,0.265,0.205
1.6794e-02,0.315,0.475
1.6795e-02,0.255,0.2
1.6797e-02,0.3,0.485
1.6798e-02,0.365,0.185
1.6800e-02,0.26,0.505
1.6802e-02,0.275,0.195
1.6803e-02,0.325,0.49
1.6805e-02,0.33,0.175
1.6806e-02,0.335,0.51
1.6808e-02,0.415,0.185
1.6810e-02,0.33,0.5
1.6811e-02,0.415,0.19
1.6813e-02,0.305,0.505
1.6814e-02,0.355,0.2
1.6816e-02,0.35,0.495
1.6818e-02,0.41,0.185
1.6819e-02,0.315,0.5
1.6821e-02,0.26,0.16
1.6822e-02,0.295,0.53
1.6824e-02,0.36,0.195
1.6826e-02,0.355,0.495
1.6827e-02,0.245,0.165
1.6829e-02,0.35,0.525
1.6830e-02,0.2,0.185
1.6832e-02,0.325,0.51
1.6834e-02,0.29,0.195
1.6835e-02,0.405,0.495
1.6837e-02,0.285,0.19
1.6838e-02,0.365,0.505
1.6840e-02,0.305,0.205
1.6842e-02,0.29,0.485
1.6843e-02,0.35,0.19
1.6845e-02,0.405,0.49
1.6846e-02,0.275,0.18
1.6848e-02,0.26,0.515
1.6850e-02,0.34,0.2
1.6851e-02,0.345,0.49
1.6853e-02,0.445,0.205
1.6854e-02,0.325,0.485
1.6856e-02,0.435,0.21
1.6858e-02,0.35,0.48
1.6859e-02,0.375,0.19
1.6861e-02,0.42,0.495
1.6862e-02,0.375,0.195
1.6864e-02,0.325,0.495
1.6866e-02,0.405,0.175
1.6867e-02,0.365,0.51
1.6869e-02,0.325,0.185
1.6870e-02,0.44,0.5
1.6872e-02,0.325,0.165
1.6874e-02,0.335,0.51
1.6875e-02,0.35,0.2
1.6877e-02,0.34,0.485
1.6878e-02,0.4,0.17
1.6880e-02,0.295,0.52
1.6882e-02,0.29,0.18
1.6883e-02,0.315,0.51
1.6885e-02,0.375,0.18
1.6886e-02,0.31,0.505
1.6888e-02,0.34,0.165
1.6890e-02,0.25,0.525
1.6891e-02,0.36,0.21
1.6893e-02,0.325,0.48
1.6894e-02,0.395,0.19
1.6896e-02,0.31,0.495
1.6898e-02,0.35,0.19
1.6899e-02,0.265,0.495
1.6901e-02,0.395,0.145
1.6902e-02,0.355,0.535
1.6904e-02,0.31,0.185
1.6906e-02,0.31,0.505
1.6907e-02,0.295,0.19
1.6909e-02,0.35,0.495
1.6910e-02,0.355,0.19
1.6912e-02,0.395,0.5
1.6914e-02,0.33,0.195
1.6915e-02,0.345,0.485
1.6917e-02,0.28,0.17
1.6918e-02,0.41,0.515
1.6920e-02,0.415,0.19
1.6922e-02,0.345,0.5
1.6923e-02,0.315,0.185
1.6925e-02,0.32,0.5
1.6926e-02,0.39,0.205
1.6928e-02,0.355,0.485
1.6930e-02,0.365,0.195
1.6931e-02,0.3,0.485
1.6933e-02,0.415,0.19
1.6934e-02,0.295,0.485
1.6936e-02,0.39,0.21
1.6938e-02,0.285,0.48
1.6939e-02,0.41,0.21
1.6941e-02,0.29,0.475
1.6942e-02,0.3,0.215
1.6944e-02,0.305,0.47
1.6946e-02,0.385,0.18
1.6947e-02,0.295,0.51
1.6949e-02,0.38,0.22
1.6950e-02,0.29,0.465
1.6952e-02,0.44,0.18
1.6954e-02,0.31,0.505
1.6955e-02,0.275,0.19
1.6957e-02,0.255,0.495
1.6958e-02,0.295,0.19
1.6960e-02,0.375,0.505
1.6962e-02,0.33,0.205
1.6963e-02,0.34,0.49
1.6965e-02,0.29,0.17
1.6966e-02,0.265,0.515
1.6968e-02,0.335,0.19
1.6970e-02,0.385,0.5
1.6971e-02,0.325,0.21
1.6973e-02,0.28,0.485
1.6974e-02,0.235,0.175
1.6976e-02,0.29,0.505
1.6978e-02,0.335,0.175
1.6979e-02,0.335,0.515
1.6981e-02,0.38,0.18
1.6982e-02,0.31,0.5
1.6984e-02,0.33,0.185
1.6986e-02,0.375,0.51
1.6987e-02,0.47,0.185
1.6989e-02,0.31,0.51
1.6990e-02,0.43,0.185
1.6992e-02,0.3,0.51
1.6994e-02,0.47,0.2
1.6995e-02,0.34,0.485
1.6997e-02,0.37,0.2
1.6998e-02,0.295,0.485
1.7000e-02,0.405,0.18
1.7002e-02,0.34,0.505
1.7003e-02,0.37,0.19
1.7005e-02,0.33,0.5
1.7006e-02,0.27,0.205
1.7008e-02,0.31,0.485
1.7010e-02,0.365,0.195
1.7011e-02,0.365,0.495
1.7013e-02,0.325,0.17
1.7014e-02,0.33,0.515
1.7016e-02,0.29,0.17
1.7018e-02,0.35,0.51
1.7019e-02,0.3,0.185
1.7021e-02,0.365,0.505
1.7022e-02,0.265,0.205
1.7024e-02,0.225,0.48
1.7026e-02,0.345,0.205
1.7027e-02,0.385,0.48
1.7029e-02,0.37,0.19
1.7030e-02,0.325,0.49
1.7032e-02,0.345,0.175
1.7034e-02,0.37,0.51
1.7035e-02,0.37,0.19
1.7037e-02,0.36,0.495
1.7038e-02,0.275,0.185
1.7040e-02,0.295,0.495
1.7042e-02,0.28,0.195
1.7043e-02,0.385,0.485
1.7045e-02,0.245,0.17
1.7046e-02,0.31,0.5
1.7048e-02,0.315,0.175
1.7050e-02,0.34,0.5
1.7051e-02,0.265,0.205
1.7053e-02,0.375,0.48
1.7054e-02,0.22,0.21
1.7056e-02,0.285,0.465
1.7058e-02,0.3,0.195
1.7059e-02,0.345,0.49
1.7061e-02,0.33,0.18
1.7062e-02,0.39,0.5
1.7064e-02,0.3,0.2
1.7066e-02,0.285,0.485
1.7067e-02,0.29,0.185
1.7069e-02,0.38,0.49
1.7070e-02,0.325,0.18
1.7072e-02,0.245,0.495
1.7074e-02,0.3,0.195
1.7075e-02,0.335,0.485
1.7077e-02,0.365,0.175
1.7078e-02,0.325,0.505
1.7080e-02,0.365,0.175
1.7082e-02,0.335,0.505
1.7083e-02,0.395,0.185
1.7085e-02,0.38,0.5
1.7086e-02,0.26,0.21
1.7088e-02,0.34,0.475
1.7090e-02,0.38,0.2
1.7091e-02,0.315,0.485
1.7093e-02,0.335,0.2
1.7094e-02,0.3,0.48
1.7096e-02,0.275,0.185
1.7098e-02,0.215,0.495
1.7099e-02,0.315,0.19
1.7101e-02,0.315,0.495
1.7102e-02,0.3,0.175
1.7104e-02,0.41,0.5
1.7106e-02,0.235,0.17
1.7107e-02,0.325,0.51
1.7109e-02,0.345,0.145
1.7110e-02,0.46,0.53
1.7112e-02,0.355,0.18
1.7114e-02,0.39,0.505
1.7115e-02,0.425,0.17
1.7117e-02,0.405,0.51
1.7118e-02,0.315,0.19
1.7120e-02,0.375,0.495
1.7122e-02,0.355,0.2
1.7123e-02,0.425,0.485
1.7125e-02,0.415,0.18
1.7126e-02,0.37,0.495
1.7128e-02,0.28,0.17
1.7130e-02,0.345,0.51
1.7131e-02,0.36,0.185
1.7133e-02,0.385,0.5
1.7134e-02,0.4,0.17
1.7136e-02,0.31,0.52
1.7138e-02,0.265,0.18
1.7139e-02,0.265,0.505
1.7141e-02,0.405,0.17
1.7142e-02,0.365,0.51
1.7144e-02,0.36,0.205
1.7146e-02,0.305,0.475
1.7147e-02,0.315,0.205
1.7149e-02,0.24,0.475
1.7150e-02,0.35,0.2
1.7152e-02,0.29,0.48
1.7154e-02,0.3,0.155
1.7155e-02,0.335,0.525
1.7157e-02,0.4,0.17
1.7158e-02,0.34,0.505
1.7160e-02,0.37,0.165
1.7162e-02,0.34,0.51
1.7163e-02,0.3,0.19
1.7165e-02,0.335,0.485
1.7166e-02,0.35,0.185
1.7168e-02,0.33,0.49
1.7170e-02,0.27,0.185
1.7171e-02,0.295,0.485
1.7173e-02,0.295,0.205
1.7174e-02,0.36,0.48
1.7176e-02,0.405,0.185
1.7178e-02,0.365,0.49
1.7179e-02,0.315,0.19
1.7181e-02,0.38,0.49
1.7182e-02,0.315,0.205
1.7184e-02,0.26,0.47
1.7186e-02,0.305,0.19
1.7187e-02,0.28,0.485
1.7189e-02,0.35,0.205
1.7190e-02,0.34,0.47
1.7192e-02,0.295,0.19
1.7194e-02,0.31,0.49
1.7195e-02,0.255,0.195
1.7197e-02,0.34,0.48
1.7198e-02,0.345,0.175
1.7200e-02,0.33,0.5
1.7202e-02,0.39,0.175
1.7203e-02,0.365,0.505
1.7205e-02,0.315,0.19
1.7206e-02,0.335,0.49
1.7208e-02,0.38,0.19
1.7210e-02,0.3,0.48
1.7211e-02,0.34,0.175
1.7213e-02,0.34,0.495
1.7214e-02,0.37,0.145
1.7216e-02,0.39,0.53
1.7218e-02,0.36,0.17
1.7219e-02,0.255,0.505
1.7221e-02,0.34,0.175
1.7222e-02,0.345,0.495
1.7224e-02,0.4,0.195
1.7226e-02,0.225,0.485
1.7227e-02,0.32,0.19
1.7229e-02,0.27,0.49
1.7230e-02,0.34,0.185
1.7232e-02,0.285,0.49
1.7234e-02,0.385,0.195
1.7235e-02,0.27,0.485
1.7237e-02,0.28,0.195
1.7238e-02,0.305,0.48
1.7240e-02,0.29,0.19
1.7242e-02,0.39,0.485
1.7243e-02,0.24,0.18
1.7245e-02,0.3,0.495
1.7246e-02,0.26,0.18
1.7248e-02,0.365,0.5
1.7250e-02,0.225,0.19
1.7251e-02,0.285,0.495
1.7253e-02,0.235,0.205
1.7254e-02,0.285,0.47
1.7256e-02,0.33,0.2
1.7258e-02,0.36,0.48
1.7259e-02,0.27,0.19
1.7261e-02,0.345,0.495
1.7262e-02,0.29,0.185
1.7264e-02,0.3,0.5
1.7266e-02,0.335,0.185
1.7267e-02,0.325,0.49
1.7269e-02,0.3,0.195
1.7270e-02,0.325,0.485
1.7272e-02,0.34,0.195
1.7274e-02,0.255,0.48
1.7275e-02,0.33,0.19
1.7277e-02,0.255,0.49
1.7278e-02,0.255,0.195
1.7280e-02,0.36,0.485
1.7282e-02,0.415,0.175
1.7283e-02,0.34,0.5
1.7285e-02,0.365,0.19
1.7286e-02,0.325,0.495
1.7288e-02,0.41,0.195
1.7290e-02,0.44,0.48
1.7291e-02,0.4,0.195
1.7293e-02,0.325,0.49
1.7294e-02,0.34,0.19
1.7296e-02,0.365,0.485
1.7298e-02,0.355,0.205
1.7299e-02,0.355,0.475
1.7301e-02,0.33,0.21
1.7302e-02,0.305,0.47
1.7304e-02,0.375,0.2
1.7306e-02,0.33,0.48
1.7307e-02,0.25,0.205
1.7309e-02,0.3,0.475
1.7310e-02,0.285,0.19
1.7312e-02,0.25,0.485
1.7314e-02,0.31,0.195
1.7315e-02,0.355,0.47
1.7317e-02,0.34,0.18
1.7318e-02,0.28,0.49
1.7320e-02,0.285,0.19
1.7322e-02,0.275,0.48
1.7323e-02,0.345,0.19
1.7325e-02,0.315,0.475
1.7326e-02,0.285,0.195
1.7328e-02,0.28,0.48
1.7330e-02,0.41,0.19
1.7331e-02,0.32,0.48
1.7333e-02,0.325,0.18
1.7334e-02,0.225,0.5
1.7336e-02,0.255,0.195
1.7338e-02,0.345,0.48
1.7339e-02,0.35,0.2
1.7341e-02,0.27,0.475
1.7342e-02,0.325,0.185
1.7344e-02,0.335,0.49
1.7346e-02,0.275,0.2
1.7347e-02,0.29,0.475
1.7349e-02,0.305,0.17
1.7350e-02,0.225,0.5
1.7352e-02,0.315,0.185
1.7354e-02,0.275,0.485
1.7355e-02,0.385,0.185
1.7357e-02,0.36,0.485
1.7358e-02,0.39,0.17
1.7360e-02,0.235,0.505
1.7362e-02,0.32,0.19
1.7363e-02,0.295,0.48
1.7365e-02,0.335,0.185
1.7366e-02,0.24,0.48
1.7368e-02,0.295,0.19
1.7370e-02,0.3,0.48
1.7371e-02,0.3,0.185
1.7373e-02,0.395,0.485
1.7374e-02,0.3,0.195
1.7376e-02,0.305,0.48
1.7378e-02,0.29,0.195
1.7379e-02,0.28,0.47
1.7381e-02,0.28,0.205
1.7382e-02,0.345,0.465
1.7384e-02,0.31,0.195
1.7386e-02,0.345,0.475
1.7387e-02,0.29,0.16
1.7389e-02,0.34,0.5
1.7390e-02,0.295,0.155
1.7392e-02,0.32,0.515
1.7394e-02,0.285,0.13
1.7395e-02,0.275,0.54
1.7397e-02,0.385,0.14
1.7398e-02,0.42,0.525
1.7400e-02,0.305,0.155
1.7402e-02,0.28,0.515
1.7403e-02,0.285,0.195
1.7405e-02,0.34,0.475
1.7406e-02,0.275,0.185
1.7408e-02,0.385,0.49
1.7410e-02,0.305,0.19
1.7411e-02,0.39,0.48
1.7413e-02,0.375,0.205
1.7414e-02,0.365,0.47
1.7416e-02,0.34,0.165
1.7418e-02,0.255,0.51
1.7419e-02,0.32,0.205
1.7421e-02,0.21,0.475
1.7422e-02,0.32,0.185
1.7424e-02,0.355,0.495
1.7426e-02,0.375,0.185
1.7427e-02,0.29,0.49
1.7429e-02,0.285,0.21
1.7430e-02,0.315,0.46
1.7432e-02,0.36,0.17
1.7434e-02,0.335,0.505
1.7435e-02,0.295,0.205
1.7437e-02,0.315,0.47
1.7438e-02,0.38,0.2
1.7440e-02,0.32,0.47
1.7442e-02,0.36,0.19
1.7443e-02,0.395,0.485
1.7445e-02,0.345,0.18
1.7446e-02,0.35,0.495
1.7448e-02,0.32,0.19
1.7450e-02,0.4,0.485
1.7451e-02,0.305,0.195
1.7453e-02,0.405,0.48
1.7454e-02,0.3,0.19
1.7456e-02,0.335,0.49
1.7458e-02,0.37,0.195
1.7459e-02,0.305,0.475
1.7461e-02,0.29,0.19
1.7462e-02,0.295,0.49
1.7464e-02,0.325,0.205
1.7466e-02,0.285,0.47
1.7467e-02,0.31,0.19
1.7469e-02,0.34,0.49
1.7470e-02,0.265,0.19
1.7472e-02,0.335,0.485
1.7474e-02,0.305,0.2
1.7475e-02,0.29,0.475
1.7477e-02,0.245,0.18
1.7478e-02,0.365,0.495
1.7480e-02,0.25,0.21
1.7482e-02,0.41,0.46
1.7483e-02,0.305,0.2
1.7485e-02,0.355,0.47
1.7486e-02,0.27,0.195
1.7488e-02,0.35,0.475
1.7490e-02,0.34,0.175
1.7491e-02,0.355,0.49
1.7493e-02,0.275,0.165
1.7494e-02,0.285,0.51
1.7496e-02,0.355,0.175
1.7498e-02,0.315,0.485
1.7499e-02,0.405,0.165
1.7501e-02,0.34,0.51
1.7502e-02,0.39,0.165
1.7504e-02,0.345,0.505
1.7506e-02,0.405,0.18
1.7507e-02,0.38,0.49
1.7509e-02,0.345,0.145
1.7510e-02,0.39,0.52
1.7512e-02,0.38,0.175
1.7514e-02,0.33,0.49
1.7515e-02,0.455,0.14
1.7517e-02,0.395,0.525
1.7518e-02,0.44,0.135
1.7520e-02,0.365,0.52
1.7522e-02,0.41,0.195
1.7523e-02,0.34,0.47
1.7525e-02,0.445,0.185
1.7526e-02,0.325,0.475
1.7528e-02,0.315,0.175
1.7530e-02,0.3,0.5
1.7531e-02,0.345,0.185
1.7533e-02,0.315,0.48
1.7534e-02,0.33,0.185
1.7536e-02,0.245,0.485
1.7538e-02,0.315,0.185
1.7539e-02,0.355,0.48
1.7541e-02,0.315,0.185
1.7542e-02,0.285,0.48
1.7544e-02,0.31,0.2
1.7546e-02,0.255,0.465
1.7547e-02,0.32,0.195
1.7549e-02,0.375,0.465
1.7550e-02,0.345,0.18
1.7552e-02,0.345,0.485
1.7554e-02,0.27,0.17
1.7555e-02,0.295,0.495
1.7557e-02,0.37,0.175
1.7558e-02,0.265,0.485
1.7560e-02,0.265,0.2
1.7562e-02,0.25,0.475
1.7563e-02,0.345,0.185
1.7565e-02,0.295,0.475
1.7566e-02,0.43,0.18
1.7568e-02,0.28,0.48
1.7570e-02,0.31,0.19
1.7571e-02,0.375,0.48
1.7573e-02,0.305,0.19
1.7574e-02,0.305,0.48
1.7576e-02,0.305,0.195
1.7578e-02,0.265,0.475
1.7579e-02,0.285,0.175
1.7581e-02,0.335,0.485
1.7582e-02,0.28,0.185
1.7584e-02,0.38,0.475
1.7586e-02,0.33,0.16
1.7587e-02,0.34,0.515
1.7589e-02,0.365,0.17
1.7590e-02,0.41,0.5
1.7592e-02,0.32,0.19
1.7594e-02,0.345,0.48
1.7595e-02,0.295,0.185
1.7597e-02,0.39,0.475
1.7598e-02,0.385,0.185
1.7600e-02,0.405,0.485
1.7602e-02,0.305,0.195
1.7603e-02,0.39,0.475
1.7605e-02,0.3,0.165
1.7606e-02,0.415,0.49
1.7608e-02,0.255,0.185
1.7610e-02,0.325,0.475
1.7611e-02,0.275,0.205
1.7613e-02,0.38,0.46
1.7614e-02,0.275,0.2
1.7616e-02,0.35,0.47
1.7618e-02,0.25,0.19
1.7619e-02,0.325,0.47
1.7621e-02,0.29,0.17
1.7622e-02,0.335,0.485
1.7624e-02,0.36,0.16
1.7626e-02,0.35,0.5
1.7627e-02,0.31,0.155
1.7629e-02,0.275,0.51
1.7630e-02,0.415,0.18
1.7632e-02,0.315,0.49
1.7634e-02,0.415,0.17
1.7635e-02,0.325,0.485
1.7637e-02,0.315,0.185
1.7638e-02,0.4,0.48
1.7640e-02,0.385,0.17
1.7642e-02,0.37,0.485
1.7643e-02,0.34,0.18
1.7645e-02,0.325,0.48
1.7646e-02,0.345,0.18
1.7648e-02,0.315,0.48
1.7650e-02,0.3,0.175
1.7651e-02,0.335,0.48
1.7653e-02,0.385,0.155
1.7654e-02,0.36,0.51
1.7656e-02,0.335,0.145
1.7658e-02,0.38,0.52
1.7659e-02,0.3,0.175
1.7661e-02,0.34,0.485
1.7662e-02,0.375,0.18
1.7664e-02,0.345,0.48
1.7666e-02,0.38,0.165
1.7667e-02,0.285,0.49
1.7669e-02,0.32,0.195
1.7670e-02,0.42,0.475
1.7672e-02,0.395,0.18
1.7674e-02,0.395,0.49
1.7675e-02,0.32,0.175
1.7677e-02,0.37,0.485
1.7678e-02,0.325,0.185
1.7680e-02,0.41,0.475
1.7682e-02,0.295,0.165
1.7683e-02,0.28,0.5
1.7685e-02,0.345,0.18
1.7686e-02,0.345,0.48
1.7688e-02,0.385,0.165
1.7690e-02,0.33,0.5
1.7691e-02,0.33,0.18
1.7693e-02,0.31,0.48
1.7694e-02,0.41,0.18
1.7696e-02,0.35,0.48
1.7698e-02,0.335,0.165
1.7699e-02,0.35,0.49
1.7701e-02,0.34,0.19
1.7702e-02,0.34,0.475
1.7704e-02,0.37,0.185
1.7706e-02,0.285,0.485
1.7707e-02,0.32,0.19
1.7709e-02,0.295,0.475
1.7710e-02,0.345,0.195
1.7712e-02,0.34,0.46
1.7714e-02,0.35,0.14
1.7715e-02,0.265,0.515
1.7717e-02,0.4,0.185
1.7718e-02,0.34,0.48
1.7720e-02,0.4,0.145
1.7722e-02,0.3,0.51
1.7723e-02,0.325,0.17
1.7725e-02,0.315,0.5
1.7726e-02,0.375,0.19
1.7728e-02,0.315,0.465
1.7730e-02,0.235,0.17
1.7731e-02,0.31,0.49
1.7733e-02,0.265,0.195
1.7734e-02,0.295,0.465
1.7736e-02,0.295,0.195
1.7738e-02,0.285,0.465
1.7739e-02,0.34,0.17
1.7741e-02,0.38,0.49
1.7742e-02,0.365,0.175
1.7744e-02,0.36,0.495
1.7746e-02,0.335,0.16
1.7747e-02,0.305,0.5
1.7749e-02,0.385,0.175
1.7750e-02,0.39,0.485
1.7752e-02,0.33,0.16
1.7754e-02,0.34,0.49
1.7755e-02,0.3,0.185
1.7757e-02,0.345,0.475
1.7758e-02,0.425,0.19
1.7760e-02,0.335,0.47
1.7762e-02,0.345,0.18
1.7763e-02,0.315,0.48
1.7765e-02,0.42,0.19
1.7766e-02,0.37,0.47
1.7768e-02,0.345,0.165
1.7770e-02,0.26,0.495
1.7771e-02,0.245,0.195
1.7773e-02,0.395,0.465
1.7774e-02,0.3,0.165
1.7776e-02,0.335,0.495
1.7778e-02,0.275,0.2
1.7779e-02,0.395,0.46
1.7781e-02,0.26,0.185
1.7782e-02,0.39,0.475
1.7784e-02,0.255,0.19
1.7786e-02,0.32,0.47
1.7787e-02,0.355,0.17
1.7789e-02,0.375,0.485
1.7790e-02,0.35,0.19
1.7792e-02,0.335,0.465
1.7794e-02,0.335,0.195
1.7795e-02,0.265,0.46
1.7797e-02,0.33,0.16
1.7798e-02,0.345,0.49
1.7800e-02,0.3,0.18
1.7802e-02,0.305,0.475
1.7803e-02,0.34,0.195
1.7805e-02,0.37,0.455
1.7806e-02,0.425,0.17
1.7808e-02,0.365,0.48
1.7810e-02,0.34,0.155
1.7811e-02,0.425,0.49
1.7813e-02,0.44,0.17
1.7814e-02,0.39,0.48
1.7816e-02,0.37,0.18
1.7818e-02,0.39,0.47
1.7819e-02,0.395,0.185
1.7821e-02,0.395,0.475
1.7822e-02,0.33,0.17
1.7824e-02,0.29,0.485
1.7826e-02,0.325,0.15
1.7827e-02,0.355,0.5
1.7829e-02,0.285,0.175
1.7830e-02,0.37,0.475
1.7832e-02,0.32,0.185
1.7834e-02,0.305,0.47
1.7835e-02,0.35,0.185
1.7837e-02,0.345,0.465
1.7838e-02,0.345,0.165
1.7840e-02,0.31,0.495
1.7842e-02,0.385,0.175
1.7843e-02,0.305,0.485
1.7845e-02,0.44,0.165
1.7846e-02,0.325,0.49
1.7848e-02,0.32,0.175
1.7850e-02,0.325,0.48
1.7851e-02,0.37,0.175
1.7853e-02,0.275,0.475
1.7854e-02,0.36,0.17
1.7856e-02,0.27,0.485
1.7858e-02,0.39,0.175
1.7859e-02,0.36,0.48
1.7861e-02,0.41,0.185
1.7862e-02,0.26,0.475
1.7864e-02,0.375,0.185
1.7866e-02,0.33,0.475
1.7867e-02,0.265,0.18
1.7869e-02,0.225,0.48
1.7870e-02,0.29,0.2
1.7872e-02,0.31,0.455
1.7874e-02,0.3,0.19
1.7875e-02,0.305,0.465
1.7877e-02,0.23,0.165
1.7878e-02,0.29,0.495
1.7880e-02,0.3,0.175
1.7882e-02,0.24,0.475
1.7883e-02,0.365,0.175
1.7885e-02,0.315,0.475
1.7886e-02,0.26,0.18
1.7888e-02,0.305,0.47
1.7890e-02,0.355,0.205
1.7891e-02,0.385,0.455
1.7893e-02,0.31,0.16
1.7894e-02,0.335,0.495
1.7896e-02,0.295,0.18
1.7898e-02,0.33,0.485
1.7899e-02,0.34,0.185
1.7901e-02,0.27,0.47
1.7902e-02,0.245,0.19
1.7904e-02,0.31,0.47
1.7906e-02,0.27,0.19
1.7907e-02,0.345,0.47
1.7909e-02,0.26,0.19
1.7910e-02,0.325,0.465
1.7912e-02,0.375,0.185
1.7914e-02,0.345,0.475
1.7915e-02,0.305,0.185
1.7917e-02,0.41,0.475
1.7918e-02,0.4,0.17
1.7920e-02,0.395,0.485
1.7922e-02,0.24,0.2
1.7923e-02,0.355,0.46
1.7925e-02,0.305,0.175
1.7926e-02,0.385,0.475
1.7928e-02,0.33,0.18
1.7930e-02,0.335,0.475
1.7931e-02,0.33,0.135
1.7933e-02,0.355,0.52
1.7934e-02,0.325,0.16
1.7936e-02,0.375,0.495
1.7938e-02,0.28,0.18
1.7939e-02,0.345,0.465
1.7941e-02,0.3,0.135
1.7942e-02,0.4,0.515
1.7944e-02,0.325,0.195
1.7946e-02,0.32,0.46
1.7947e-02,0.315,0.185
1.7949e-02,0.32,0.46
1.7950e-02,0.325,0.17
1.7952e-02,0.365,0.48
1.7954e-02,0.245,0.185
1.7955e-02,0.33,0.47
1.7957e-02,0.27,0.175
1.7958e-02,0.33,0.465
1.7960e-02,0.275,0.18
1.7962e-02,0.245,0.47
1.7963e-02,0.295,0.185
1.7965e-02,0.33,0.46
1.7966e-02,0.315,0.17
1.7968e-02,0.28,0.49
1.7970e-02,0.33,0.17
1.7971e-02,0.32,0.48
1.7973e-02,0.355,0.165
1.7974e-02,0.315,0.485
1.7976e-02,0.305,0.16
1.7978e-02,0.31,0.49
1.7979e-02,0.39,0.15
1.7981e-02,0.285,0.49
1.7982e-02,0.345,0.145
1.7984e-02,0.305,0.5
1.7986e-02,0.345,0.17
1.7987e-02,0.37,0.475
1.7989e-02,0.35,0.17
1.7990e-02,0.33,0.48
1.7992e-02,0.39,0.175
1.7994e-02,0.3,0.475
1.7995e-02,0.385,0.175
1.7997e-02,0.35,0.475
1.7998e-02,0.33,0.19
1.8000e-02,0.25,0.455
1.8002e-02,0.33,0.15
1.8003e-02,0.32,0.495
1.8005e-02,0.325,0.17
1.8006e-02,0.3,0.475
1.8008e-02,0.24,0.145
1.8010e-02,0.31,0.5
1.8011e-02,0.28,0.145
1.8013e-02,0.3,0.5
1.8014e-02,0.235,0.16
1.8016e-02,0.215,0.485
1.8018e-02,0.365,0.16
1.8019e-02,0.27,0.485
1.8021e-02,0.38,0.16
1.8022e-02,0.255,0.485
1.8024e-02,0.37,0.15
1.8026e-02,0.37,0.495
1.8027e-02,0.395,0.175
1.8029e-02,0.33,0.465
1.8030e-02,0.345,0.18
1.8032e-02,0.325,0.465
1.8034e-02,0.3,0.185
1.8035e-02,0.315,0.46
1.8037e-02,0.235,0.18
1.8038e-02,0.305,0.465
1.8040e-02,0.27,0.195
1.8042e-02,0.3,0.45
1.8043e-02,0.355,0.18
1.8045e-02,0.315,0.46
1.8046e-02,0.33,0.185
1.8048e-02,0.34,0.46
1.8050e-02,0.335,0.175
1.8051e-02,0.39,0.47
1.8053e-02,0.365,0.165
1.8054e-02,0.34,0.48
1.8056e-02,0.325,0.185
1.8058e-02,0.31,0.465
1.8059e-02,0.385,0.165
1.8061e-02,0.28,0.475
1.8062e-02,0.29,0.175
1.8064e-02,0.315,0.48
1.8066e-02,0.305,0.185
1.8067e-02,0.395,0.465
1.8069e-02,0.25,0.185
1.8070e-02,0.285,0.46
1.8072e-02,0.245,0.195
1.8074e-02,0.355,0.445
1.8075e-02,0.3,0.175
1.8077e-02,0.315,0.47
1.8078e-02,0.275,0.185
1.8080e-02,0.305,0.46
1.8082e-02,0.25,0.19
1.8083e-02,0.335,0.46
1.8085e-02,0.315,0.195
1.8086e-02,0.33,0.45
1.8088e-02,0.295,0.175
1.8090e-02,0.28,0.475
1.8091e-02,0.355,0.18
1.8093e-02,0.325,0.465
1.8094e-02,0.275,0.17
1.8096e-02,0.31,0.475
1.8098e-02,0.275,0.175
1.8099e-02,0.395,0.46
1.8101e-02,0.225,0.15
1.8102e-02,0.295,0.495
1.8104e-02,0.295,0.18
1.8106e-02,0.315,0.46
1.8107e-02,0.4,0.185
1.8109e-02,0.305,0.46
1.8110e-02,0.33,0.155
1.8112e-02,0.285,0.49
1.8114e-02,0.34,0.175
1.8115e-02,0.415,0.475
1.8117e-02,0.375,0.17
1.8118e-02,0.385,0.47
1.8120e-02,0.355,0.175
1.8122e-02,0.285,0.47
1.8123e-02,0.445,0.165
1.8125e-02,0.35,0.475
1.8126e-02,0.365,0.185
1.8128e-02,0.285,0.455
1.8130e-02,0.285,0.175
1.8131e-02,0.39,0.475
1.8133e-02,0.335,0.15
1.8134e-02,0.35,0.485
1.8136e-02,0.275,0.175
1.8138e-02,0.305,0.47
1.8139e-02,0.32,0.165
1.8141e-02,0.365,0.48
1.8142e-02,0.28,0.175
1.8144e-02,0.32,0.465
1.8146e-02,0.255,0.17
1.8147e-02,0.375,0.48
1.8149e-02,0.26,0.165
1.8150e-02,0.27,0.48
1.8152e-02,0.33,0.185
1.8154e-02,0.295,0.46
1.8155e-02,0.385,0.185
1.8157e-02,0.37,0.46
1.8158e-02,0.35,0.175
1.8160e-02,0.355,0.465
1.8162e-02,0.265,0.18
1.8163e-02,0.35,0.465
1.8165e-02,0.295,0.16
1.8166e-02,0.395,0.48
1.8168e-02,0.305,0.175
1.8170e-02,0.34,0.46
1.8171e-02,0.32,0.16
1.8173e-02,0.34,0.475
1.8174e-02,0.37,0.185
1.8176e-02,0.305,0.455
1.8178e-02,0.385,0.15
1.8179e-02,0.42,0.485
1.8181e-02,0.395,0.185
1.8182e-02,0.4,0.45
1.8184e-02,0.28,0.17
1.8186e-02,0.285,0.475
1.8187e-02,0.32,0.175
1.8189e-02,0.31,0.46
1.8190e-02,0.33,0.175
1.8192e-02,0.26,0.46
1.8194e-02,0.27,0.165
1.8195e-02,0.28,0.475
1.8197e-02,0.225,0.2
1.8198e-02,0.36,0.44
1.8200e-02,0.21,0.185
1.8202e-02,0.33,0.455
1.8203e-02,0.315,0.195
1.8205e-02,0.305,0.44
1.8206e-02,0.325,0.19
1.8208e-02,0.295,0.45
1.8210e-02,0.255,0.18
1.8211e-02,0.375,0.455
1.8213e-02,0.34,0.165
1.8214e-02,0.39,0.475
1.8216e-02,0.285,0.165
1.8218e-02,0.285,0.465
1.8219e-02,0.36,0.19
1.8221e-02,0.365,0.44
1.8222e-02,0.315,0.15
1.8224e-02,0.275,0.485
1.8226e-02,0.245,0.18
1.8227e-02,0.275,0.455
1.8229e-02,0.325,0.19
1.8230e-02,0.26,0.44
1.8232e-02,0.35,0.17
1.8234e-02,0.34,0.465
1.8235e-02,0.38,0.17
1.8237e-02,0.395,0.465
1.8238e-02,0.315,0.175
1.8240e-02,0.385,0.46
1.8242e-02,0.305,0.175
1.8243e-02,0.37,0.455
1.8245e-02,0.36,0.155
1.8246e-02,0.39,0.47
1.8248e-02,0.365,0.17
1.8250e-02,0.305,0.46
1.8251e-02,0.38,0.155
1.8253e-02,0.385,0.47
1.8254e-02,0.325,0.155
1.8256e-02,0.325,0.48
1.8258e-02,0.21,0.145
1.8259e-02,0.36,0.49
1.8261e-02,0.31,0.12
1.8262e-02,0.3,0.505
1.8264e-02,0.325,0.15
1.8266e-02,0.28,0.475
1.8267e-02,0.37,0.16
1.8269e-02,0.35,0.475
1.8270e-02,0.32,0.145
1.8272e-02,0.325,0.48
1.8274e-02,0.295,0.15
1.8275e-02,0.35,0.48
1.8277e-02,0.27,0.155
1.8278e-02,0.33,0.47
1.8280e-02,0.26,0.18
1.8282e-02,0.285,0.45
1.8283e-02,0.29,0.16
1.8285e-02,0.265,0.475
1.8286e-02,0.29,0.14
1.8288e-02,0.245,0.49
1.8290e-02,0.23,0.16
1.8291e-02,0.28,0.48
1.8293e-02,0.26,0.16
1.8294e-02,0.255,0.48
1.8296e-02,0.235,0.19
1.8298e-02,0.235,0.45
1.8299e-02,0.315,0.19
1.8301e-02,0.29,0.445
1.8302e-02,0.28,0.18
1.8304e-02,0.275,0.455
1.8306e-02,0.305,0.165
1.8307e-02,0.35,0.47
1.8309e-02,0.325,0.165
1.8310e-02,0.31,0.47
1.8312e-02,0.3,0.175
1.8314e-02,0.315,0.465
1.8315e-02,0.33,0.17
1.8317e-02,0.305,0.465
1.8318e-02,0.315,0.17
1.8320e-02,0.335,0.46
1.8322e-02,0.34,0.19
1.8323e-02,0.37,0.44
1.8325e-02,0.35,0.155
1.8326e-02,0.375,0.475
1.8328e-02,0.345,0.17
1.8330e-02,0.425,0.45
1.8331e-02,0.33,0.195
1.8333e-02,0.42,0.45
1.8334e-02,0.295,0.15
1.8336e-02,0.375,0.48
1.8338e-02,0.32,0.175
1.8339e-02,0.375,0.46
1.8341e-02,0.33,0.155
1.8342e-02,0.3,0.48
1.8344e-02,0.31,0.165
1.8346e-02,0.335,0.48
1.8347e-02,0.405,0.155
1.8349e-02,0.295,0.475
1.8350e-02,0.3,0.145
1.8352e-02,0.24,0.485
1.8354e-02,0.405,0.16
1.8355e-02,0.3,0.475
1.8357e-02,0.325,0.15
1.8358e-02,0.285,0.48
1.8360e-02,0.28,0.145
1.8362e-02,0.395,0.495
1.8363e-02,0.34,0.155
1.8365e-02,0.35,0.47
1.8366e-02,0.245,0.165
1.8368e-02,0.295,0.465
1.8370e-02,0.31,0.185
1.8371e-02,0.23,0.445
1.8373e-02,0.295,0.165
1.8374e-02,0.275,0.465
1.8376e-02,0.275,0.175
1.8378e-02,0.41,0.45
1.8379e-02,0.31,0.18
1.8381e-02,0.37,0.45
1.8382e-02,0.29,0.16
1.8384e-02,0.38,0.465
1.8386e-02,0.34,0.185
1.8387e-02,0.42,0.45
1.8389e-02,0.275,0.19
1.8390e-02,0.36,0.44
1.8392e-02,0.22,0.175
1.8394e-02,0.335,0.46
1.8395e-02,0.265,0.17
1.8397e-02,0.25,0.455
1.8398e-02,0.28,0.185
1.8400e-02,0.235,0.445
1.8402e-02,0.295,0.175
1.8403e-02,0.295,0.445
1.8405e-02,0.255,0.15
1.8406e-02,0.38,0.485
1.8408e-02,0.305,0.145
1.8410e-02,0.29,0.48
1.8411e-02,0.285,0.16
1.8413e-02,0.335,0.47
1.8414e-02,0.3,0.16
1.8416e-02,0.355,0.46
1.8418e-02,0.22,0.15
1.8419e-02,0.32,0.475
1.8421e-02,0.29,0.185
1.8422e-02,0.315,0.44
1.8424e-02,0.315,0.155
1.8426e-02,0.28,0.48
1.8427e-02,0.29,0.13
1.8429e-02,0.28,0.49
1.8430e-02,0.245,0.15
1.8432e-02,0.345,0.465
1.8434e-02,0.315,0.16
1.8435e-02,0.325,0.47
1.8437e-02,0.255,0.165
1.8438e-02,0.31,0.46
1.8440e-02,0.35,0.18
1.8442e-02,0.33,0.445
1.8443e-02,0.28,0.155
1.8445e-02,0.26,0.47
1.8446e-02,0.285,0.19
1.8448e-02,0.3,0.435
1.8450e-02,0.29,0.14
1.8451e-02,0.24,0.48
1.8453e-02,0.315,0.17
1.8454e-02,0.29,0.455
1.8456e-02,0.31,0.175
1.8458e-02,0.29,0.455
1.8459e-02,0.27,0.16
1.8461e-02,0.355,0.465
1.8462e-02,0.305,0.175
1.8464e-02,0.37,0.45
1.8466e-02,0.31,0.145
1.8467e-02,0.305,0.48
1.8469e-02,0.295,0.175
1.8470e-02,0.375,0.45
1.8472e-02,0.35,0.15
1.8474e-02,0.385,0.475
1.8475e-02,0.25,0.16
1.8477e-02,0.275,0.46
1.8478e-02,0.285,0.17
1.8480e-02,0.345,0.445
1.8482e-02,0.3,0.175
1.8483e-02,0.28,0.455
1.8485e-02,0.225,0.17
1.8486e-02,0.32,0.45
1.8488e-02,0.335,0.175
1.8490e-02,0.37,0.445
1.8491e-02,0.34,0.14
1.8493e-02,0.295,0.48
1.8494e-02,0.365,0.18
1.8496e-02,0.29,0.445
1.8498e-02,0.34,0.175
1.8499e-02,0.285,0.445
1.8501e-02,0.28,0.16
1.8502e-02,0.27,0.455
1.8504e-02,0.305,0.165
1.8506e-02,0.24,0.45
1.8507e-02,0.28,0.16
1.8509e-02,0.29,0.45
1.8510e-02,0.345,0.16
1.8512e-02,0.345,0.465
1.8514e-02,0.265,0.15
1.8515e-02,0.26,0.465
1.8517e-02,0.225,0.17
1.8518e-02,0.375,0.45
1.8520e-02,0.335,0.165
1.8522e-02,0.3,0.45
1.8523e-02,0.33,0.16
1.8525e-02,0.29,0.46
1.8526e-02,0.365,0.14
1.8528e-02,0.35,0.475
1.8530e-02,0.29,0.125
1.8531e-02,0.35,0.49
1.8533e-02,0.345,0.16
1.8534e-02,0.335,0.455
1.8536e-02,0.345,0.165
1.8538e-02,0.3,0.45
1.8539e-02,0.36,0.17
1.8541e-02,0.365,0.445
1.8542e-02,0.295,0.165
1.8544e-02,0.33,0.45
1.8546e-02,0.165,0.145
1.8547e-02,0.27,0.46
1.8549e-02,0.245,0.165
1.8550e-02,0.35,0.45
1.8552e-02,0.275,0.16
1.8554e-02,0.29,0.455
1.8555e-02,0.235,0.14
1.8557e-02,0.33,0.465
1.8558e-02,0.325,0.15
1.8560e-02,0.25,0.465
1.8562e-02,0.27,0.165
1.8563e-02,0.26,0.45
1.8565e-02,0.33,0.135
1.8566e-02,0.3,0.48
1.8568e-02,0.245,0.14
1.8570e-02,0.275,0.475
1.8571e-02,0.265,0.15
1.8573e-02,0.27,0.46
1.8574e-02,0.32,0.16
1.8576e-02,0.195,0.455
1.8578e-02,0.295,0.165
1.8579e-02,0.21,0.445
1.8581e-02,0.27,0.17
1.8582e-02,0.295,0.445
1.8584e-02,0.265,0.145
1.8586e-02,0.265,0.465
1.8587e-02,0.355,0.16
1.8589e-02,0.255,0.455
1.8590e-02,0.4,0.155
1.8592e-02,0.26,0.455
1.8594e-02,0.345,0.145
1.8595e-02,0.27,0.465
1.8597e-02,0.31,0.155
1.8598e-02,0.295,0.455
1.8600e-02,0.265,0.155
1.8602e-02,0.195,0.465
1.8603e-02,0.26,0.15
1.8605e-02,0.255,0.465
1.8606e-02,0.255,0.15
1.8608e-02,0.245,0.46
1.8610e-02,0.28,0.165
1.8611e-02,0.33,0.445
1.8613e-02,0.385,0.15
1.8614e-02,0.29,0.465
1.8616e-02,0.325,0.155
1.8618e-02,0.295,0.455
1.8619e-02,0.28,0.15
1.8621e-02,0.32,0.47
1.8622e-02,0.205,0.165
1.8624e-02,0.21,0.45
1.8626e-02,0.17,0.16
1.8627e-02,0.285,0.46
1.8629e-02,0.245,0.145
1.8630e-02,0.335,0.475
1.8632e-02,0.32,0.13
1.8634e-02,0.3,0.48
1.8635e-02,0.375,0.125
1.8637e-02,0.365,0.49
1.8638e-02,0.38,0.165
1.8640e-02,0.355,0.45
1.8642e-02,0.335,0.18
1.8643e-02,0.34,0.445
1.8645e-02,0.45,0.14
1.8646e-02,0.265,0.475
1.8648e-02,0.32,0.155
1.8650e-02,0.27,0.46
1.8651e-02,0.31,0.145
1.8653e-02,0.345,0.465
1.8654e-02,0.31,0.175
1.8656e-02,0.275,0.44
1.8658e-02,0.36,0.17
1.8659e-02,0.395,0.45
1.8661e-02,0.26,0.15
1.8662e-02,0.355,0.475
1.8664e-02,0.205,0.15
1.8666e-02,0.31,0.47
1.8667e-02,0.295,0.17
1.8669e-02,0.29,0.445
1.8670e-02,0.285,0.145
1.8672e-02,0.325,0.475
1.8674e-02,0.315,0.14
1.8675e-02,0.33,0.47
1.8677e-02,0.335,0.155
1.8678e-02,0.3,0.455
1.8680e-02,0.29,0.16
1.8682e-02,0.265,0.45
1.8683e-02,0.29,0.175
1.8685e-02,0.295,0.435
1.8686e-02,0.395,0.155
1.8688e-02,0.24,0.455
1.8690e-02,0.325,0.17
1.8691e-02,0.245,0.44
1.8693e-02,0.26,0.125
1.8694e-02,0.22,0.485
1.8696e-02,0.205,0.145
1.8698e-02,0.3,0.455
1.8699e-02,0.345,0.15
1.8701e-02,0.29,0.465
1.8702e-02,0.29,0.15
1.8704e-02,0.265,0.455
1.8706e-02,0.28,0.11
1.8707e-02,0.37,0.49
1.8709e-02,0.26,0.155
1.8710e-02,0.37,0.445
1.8712e-02,0.245,0.16
1.8714e-02,0.33,0.445
1.8715e-02,0.255,0.155
1.8717e-02,0.29,0.45
1.8718e-02,0.305,0.17
1.8720e-02,0.295,0.43
1.8722e-02,0.325,0.15
1.8723e-02,0.345,0.455
1.8725e-02,0.36,0.17
1.8726e-02,0.325,0.44
1.8728e-02,0.3,0.165
1.8730e-02,0.31,0.445
1.8731e-02,0.37,0.17
1.8733e-02,0.315,0.435
1.8734e-02,0.31,0.16
1.8736e-02,0.24,0.45
1.8738e-02,0.305,0.165
1.8739e-02,0.295,0.445
1.8741e-02,0.36,0.165
1.8742e-02,0.22,0.435
1.8744e-02,0.265,0.145
1.8746e-02,0.245,0.455
1.8747e-02,0.345,0.175
1.8749e-02,0.295,0.425
1.8750e-02,0.335,0.14
1.8752e-02,0.345,0.455
1.8754e-02,0.3,0.16
1.8755e-02,0.365,0.44
1.8757e-02,0.275,0.17
1.8758e-02,0.315,0.435
1.8760e-02,0.26,0.155
1.8762e-02,0.29,0.445
1.8763e-02,0.275,0.13
1.8765e-02,0.395,0.48
1.8766e-02,0.265,0.15
1.8768e-02,0.315,0.45
1.8770e-02,0.295,0.15
1.8771e-02,0.34,0.455
1.8773e-02,0.37,0.15
1.8774e-02,0.305,0.45
1.8776e-02,0.28,0.16
1.8778e-02,0.29,0.44
1.8779e-02,0.315,0.155
1.8781e-02,0.335,0.45
1.8782e-02,0.29,0.14
1.8784e-02,0.285,0.46
1.8786e-02,0.28,0.135
1.8787e-02,0.275,0.465
1.8789e-02,0.325,0.145
1.8790e-02,0.37,0.455
1.8792e-02,0.31,0.175
1.8794e-02,0.33,0.435
1.8795e-02,0.31,0.155
1.8797e-02,0.305,0.45
1.8798e-02,0.31,0.14
1.8800e-02,0.215,0.46
1.8802e-02,0.24,0.175
1.8803e-02,0.23,0.43
1.8805e-02,0.31,0.14
1.8806e-02,0.31,0.465
1.8808e-02,0.265,0.115
1.8810e-02,0.22,0.475
1.8811e-02,0.34,0.145
1.8813e-02,0.315,0.46
1.8814e-02,0.29,0.135
1.8816e-02,0.325,0.47
1.8818e-02,0.21,0.15
1.8819e-02,0.31,0.455
1.8821e-02,0.24,0.145
1.8822e-02,0.265,0.46
1.8824e-02,0.27,0.135
1.8826e-02,0.325,0.465
1.8827e-02,0.235,0.135
1.8829e-02,0.335,0.47
1.8830e-02,0.24,0.155
1.8832e-02,0.275,0.445
1.8834e-02,0.235,0.13
1.8835e-02,0.23,0.47
1.8837e-02,0.285,0.14
1.8838e-02,0.35,0.465
1.8840e-02,0.285,0.155
1.8842e-02,0.295,0.45
1.8843e-02,0.27,0.155
1.8845e-02,0.335,0.45
1.8846e-02,0.36,0.165
1.8848e-02,0.295,0.435
1.8850e-02,0.305,0.125
1.8851e-02,0.32,0.485
1.8853e-02,0.385,0.15
1.8854e-02,0.34,0.445
1.8856e-02,0.335,0.15
1.8858e-02,0.31,0.45
1.8859e-02,0.36,0.15
1.8861e-02,0.335,0.445
1.8862e-02,0.315,0.155
1.8864e-02,0.305,0.445
1.8866e-02,0.28,0.125
1.8867e-02,0.3,0.47
1.8869e-02,0.31,0.155
1.8870e-02,0.37,0.44
1.8872e-02,0.355,0.16
1.8874e-02,0.335,0.44
1.8875e-02,0.335,0.16
1.8877e-02,0.325,0.44
1.8878e-02,0.43,0.145
1.8880e-02,0.245,0.46
1.8882e-02,0.295,0.15
1.8883e-02,0.27,0.45
1.8885e-02,0.315,0.15
1.8886e-02,0.23,0.445
1.8888e-02,0.315,0.165
1.8890e-02,0.195,0.435
1.8891e-02,0.31,0.16
1.8893e-02,0.25,0.43
1.8894e-02,0.285,0.16
1.8896e-02,0.355,0.43
1.8898e-02,0.265,0.145
1.8899e-02,0.355,0.46
1.8901e-02,0.33,0.135
1.8902e-02,0.36,0.455
1.8904e-02,0.36,0.125
1.8906e-02,0.41,0.465
1.8907e-02,0.25,0.17
1.8909e-02,0.415,0.425
1.8910e-02,0.355,0.13
1.8912e-02,0.335,0.475
1.8914e-02,0.305,0.115
1.8915e-02,0.29,0.475
1.8917e-02,0.375,0.135
1.8918e-02,0.32,0.46
1.8920e-02,0.285,0.175
1.8922e-02,0.315,0.42
1.8923e-02,0.245,0.16
1.8925e-02,0.335,0.44
1.8926e-02,0.305,0.14
1.8928e-02,0.255,0.46
1.8930e-02,0.305,0.14
1.8931e-02,0.24,0.46
1.8933e-02,0.315,0.155
1.8934e-02,0.305,0.44
1.8936e-02,0.355,0.16
1.8938e-02,0.22,0.43
1.8939e-02,0.26,0.15
1.8941e-02,0.255,0.445
1.8942e-02,0.345,0.125
1.8944e-02,0.27,0.46
1.8946e-02,0.325,0.145
1.8947e-02,0.23,0.45
1.8949e-02,0.38,0.125
1.8950e-02,0.285,0.465
1.8952e-02,0.285,0.165
1.8954e-02,0.21,0.43
1.8955e-02,0.225,0.16
1.8957e-02,0.3,0.43
1.8958e-02,0.255,0.165
1.8960e-02,0.345,0.43
1.8962e-02,0.24,0.155
1.8963e-02,0.29,0.43
1.8965e-02,0.23,0.145
1.8966e-02,0.275,0.45
1.8968e-02,0.255,0.16
1.8970e-02,0.29,0.425
1.8971e-02,0.24,0.155
1.8973e-02,0.31,0.43
1.8974e-02,0.29,0.15
1.8976e-02,0.33,0.435
1.8978e-02,0.26,0.155
1.8979e-02,0.275,0.425
1.8981e-02,0.345,0.145
1.8982e-02,0.365,0.44
1.8984e-02,0.31,0.15
1.8986e-02,0.325,0.43
1.8987e-02,0.26,0.145
1.8989e-02,0.31,0.445
1.8990e-02,0.325,0.16
1.8992e-02,0.185,0.43
1.8994e-02,0.26,0.14
1.8995e-02,0.17,0.44
1.8997e-02,0.285,0.16
1.8998e-02,0.305,0.425
1.9000e-02,0.3,0.14
1.9002e-02,0.335,0.44
1.9003e-02,0.345,0.155
1.9005e-02,0.335,0.425
1.9006e-02,0.34,0.13
1.9008e-02,0.345,0.45
1.9010e-02,0.315,0.15
1.9011e-02,0.29,0.44
1.9013e-02,0.325,0.125
1.9014e-02,0.27,0.455
1.9016e-02,0.3,0.135
1.9018e-02,0.275,0.45
1.9019e-02,0.29,0.135
1.9021e-02,0.41,0.45
1.9022e-02,0.315,0.14
1.9024e-02,0.32,0.445
1.9026e-02,0.29,0.15
1.9027e-02,0.295,0.435
1.9029e-02,0.405,0.13
1.9030e-02,0.26,0.455
1.9032e-02,0.23,0.16
1.9034e-02,0.21,0.42
1.9035e-02,0.275,0.165
1.9037e-02,0.305,0.415
1.9038e-02,0.27,0.165
1.9040e-02,0.275,0.42
1.9042e-02,0.27,0.145
1.9043e-02,0.25,0.44
1.9045e-02,0.385,0.16
1.9046e-02,0.305,0.425
1.9048e-02,0.355,0.16
1.9050e-02,0.24,0.425
1.9051e-02,0.28,0.165
1.9053e-02,0.29,0.42
1.9054e-02,0.335,0.16
1.9056e-02,0.345,0.425
1.9058e-02,0.255,0.15
1.9059e-02,0.315,0.435
1.9061e-02,0.305,0.17
1.9062e-02,0.34,0.425
1.9064e-02,0.29,0.15
1.9066e-02,0.295,0.44
1.9067e-02,0.345,0.165
1.9069e-02,0.33,0.42
1.9070e-02,0.305,0.17
1.9072e-02,0.28,0.42
1.9074e-02,0.29,0.16
1.9075e-02,0.415,0.43
1.9077e-02,0.315,0.145
1.9078e-02,0.35,0.45
1.9080e-02,0.385,0.145
1.9082e-02,0.315,0.435
1.9083e-02,0.37,0.12
1.9085e-02,0.22,0.465
1.9086e-02,0.28,0.155
1.9088e-02,0.19,0.425
1.9090e-02,0.255,0.15
1.9091e-02,0.265,0.44
1.9093e-02,0.265,0.12
1.9094e-02,0.275,0.465
1.9096e-02,0.265,0.14
1.9098e-02,0.275,0.445
1.9099e-02,0.295,0.13
1.9101e-02,0.355,0.45
1.9102e-02,0.355,0.16
1.9104e-02,0.295,0.425
1.9106e-02,0.295,0.15
1.9107e-02,0.25,0.44
1.9109e-02,0.295,0.15
1.9110e-02,0.225,0.435
1.9112e-02,0.255,0.12
1.9114e-02,0.265,0.45
1.9115e-02,0.32,0.135
1.9117e-02,0.255,0.44
1.9118e-02,0.315,0.135
1.9120e-02,0.32,0.445
1.9122e-02,0.42,0.145
1.9123e-02,0.25,0.425
1.9125e-02,0.33,0.12
1.9126e-02,0.235,0.455
1.9128e-02,0.345,0.145
1.9130e-02,0.38,0.435
1.9131e-02,0.285,0.15
1.9133e-02,0.355,0.43
1.9134e-02,0.255,0.155
1.9136e-02,0.345,0.425
1.9138e-02,0.29,0.165
1.9139e-02,0.32,0.41
1.9141e-02,0.25,0.135
1.9142e-02,0.26,0.44
1.9144e-02,0.21,0.115
1.9146e-02,0.29,0.45
1.9147e-02,0.315,0.155
1.9149e-02,0.295,0.42
1.9150e-02,0.35,0.12
1.9152e-02,0.29,0.46
1.9154e-02,0.365,0.14
1.9155e-02,0.34,0.435
1.9157e-02,0.305,0.16
1.9158e-02,0.3,0.41
1.9160e-02,0.35,0.125
1.9162e-02,0.365,0.45
1.9163e-02,0.23,0.125
1.9165e-02,0.235,0.44
1.9166e-02,0.295,0.145
1.9168e-02,0.28,0.43
1.9170e-02,0.385,0.16
1.9171e-02,0.26,0.42
1.9173e-02,0.295,0.14
1.9174e-02,0.285,0.43
1.9176e-02,0.28,0.11
1.9178e-02,0.24,0.46
1.9179e-02,0.27,0.125
1.9181e-02,0.195,0.445
1.9182e-02,0.255,0.125
1.9184e-02,0.225,0.445
1.9186e-02,0.275,0.14
1.9187e-02,0.235,0.43
1.9189e-02,0.28,0.115
1.9190e-02,0.225,0.455
1.9192e-02,0.355,0.135
1.9194e-02,0.295,0.435
1.9195e-02,0.355,0.145
1.9197e-02,0.255,0.43
1.9198e-02,0.32,0.145
1.9200e-02,0.285,0.43
1.9202e-02,0.305,0.09
1.9203e-02,0.27,0.48
1.9205e-02,0.26,0.135
1.9206e-02,0.355,0.44
1.9208e-02,0.24,0.155
1.9210e-02,0.29,0.425
1.9211e-02,0.27,0.165
1.9213e-02,0.305,0.41
1.9214e-02,0.355,0.14
1.9216e-02,0.275,0.44
1.9218e-02,0.3,0.165
1.9219e-02,0.305,0.415
1.9221e-02,0.31,0.16
1.9222e-02,0.315,0.42
1.9224e-02,0.285,0.15
1.9226e-02,0.24,0.43
1.9227e-02,0.245,0.155
1.9229e-02,0.245,0.42
1.9230e-02,0.28,0.115
1.9232e-02,0.335,0.45
1.9234e-02,0.215,0.135
1.9235e-02,0.31,0.44
1.9237e-02,0.275,0.115
1.9238e-02,0.345,0.45
1.9240e-02,0.33,0.14
1.9242e-02,0.24,0.435
1.9243e-02,0.34,0.15
1.9245e-02,0.32,0.43
1.9246e-02,0.31,0.13
1.9248e-02,0.26,0.44
1.9250e-02,0.2,0.13
1.9251e-02,0.28,0.44
1.9253e-02,0.25,0.135
1.9254e-02,0.28,0.435
1.9256e-02,0.215,0.135
1.9258e-02,0.275,0.43
1.9259e-02,0.26,0.155
1.9261e-02,0.315,0.425
1.9262e-02,0.34,0.14
1.9264e-02,0.35,0.43
1.9266e-02,0.325,0.14
1.9267e-02,0.325,0.425
1.9269e-02,0.33,0.135
1.9270e-02,0.29,0.435
1.9272e-02,0.365,0.155
1.9274e-02,0.235,0.415
1.9275e-02,0.23,0.15
1.9277e-02,0.315,0.415
1.9278e-02,0.205,0.135
1.9280e-02,0.305,0.43
1.9282e-02,0.16,0.125
1.9283e-02,0.285,0.44
1.9285e-02,0.27,0.135
1.9286e-02,0.29,0.425
1.9288e-02,0.245,0.1
1.9290e-02,0.285,0.455
1.9291e-02,0.325,0.15
1.9293e-02,0.34,0.42
1.9294e-02,0.29,0.145
1.9296e-02,0.275,0.42
1.9298e-02,0.295,0.125
1.9299e-02,0.335,0.44
1.9301e-02,0.365,0.12
1.9302e-02,0.355,0.44
1.9304e-02,0.285,0.12
1.9306e-02,0.235,0.44
1.9307e-02,0.23,0.125
1.9309e-02,0.255,0.435
1.9310e-02,0.265,0.13
1.9312e-02,0.265,0.425
1.9314e-02,0.205,0.13
1.9315e-02,0.235,0.43
1.9317e-02,0.26,0.15
1.9318e-02,0.36,0.415
1.9320e-02,0.3,0.135
1.9322e-02,0.225,0.43
1.9323e-02,0.295,0.125
1.9325e-02,0.265,0.43
1.9326e-02,0.38,0.15
1.9328e-02,0.245,0.415
1.9330e-02,0.265,0.105
1.9331e-02,0.21,0.455
1.9333e-02,0.34,0.15
1.9334e-02,0.245,0.42
1.9336e-02,0.275,0.13
1.9338e-02,0.275,0.44
1.9339e-02,0.23,0.145
1.9341e-02,0.335,0.415
1.9342e-02,0.295,0.145
1.9344e-02,0.34,0.415
1.9346e-02,0.29,0.15
1.9347e-02,0.33,0.42
1.9349e-02,0.26,0.125
1.9350e-02,0.395,0.44
1.9352e-02,0.345,0.12
1.9354e-02,0.275,0.45
1.9355e-02,0.34,0.155
1.9357e-02,0.275,0.41
1.9358e-02,0.265,0.15
1.9360e-02,0.275,0.415
1.9362e-02,0.195,0.13
1.9363e-02,0.22,0.43
1.9365e-02,0.29,0.115
1.9366e-02,0.25,0.445
1.9368e-02,0.26,0.13
1.9370e-02,0.185,0.44
1.9371e-02,0.265,0.135
1.9373e-02,0.225,0.43
1.9374e-02,0.365,0.14
1.9376e-02,0.265,0.42
1.9378e-02,0.27,0.145
1.9379e-02,0.255,0.425
1.9381e-02,0.315,0.125
1.9382e-02,0.245,0.44
1.9384e-02,0.375,0.125
1.9386e-02,0.35,0.43
1.9387e-02,0.305,0.135
1.9389e-02,0.39,0.43
1.9390e-02,0.325,0.13
1.9392e-02,0.37,0.425
1.9394e-02,0.185,0.11
1.9395e-02,0.27,0.44
1.9397e-02,0.185,0.135
1.9398e-02,0.335,0.43
1.9400e-02,0.285,0.14
1.9402e-02,0.24,0.42
1.9403e-02,0.29,0.12
1.9405e-02,0.305,0.445
1.9406e-02,0.31,0.13
1.9408e-02,0.23,0.43
1.9410e-02,0.275,0.13
1.9411e-02,0.22,0.435
1.9413e-02,0.235,0.15
1.9414e-02,0.27,0.415
1.9416e-02,0.28,0.135
1.9418e-02,0.22,0.42
1.9419e-02,0.235,0.13
1.9421e-02,0.23,0.425
1.9422e-02,0.29,0.14
1.9424e-02,0.38,0.415
1.9426e-02,0.34,0.13
1.9427e-02,0.3,0.425
1.9429e-02,0.225,0.14
1.9430e-02,0.335,0.415
1.9432e-02,0.26,0.14
1.9434e-02,0.235,0.41
1.9435e-02,0.225,0.135
1.9437e-02,0.2,0.425
1.9438e-02,0.25,0.13
1.9440e-02,0.33,0.42
1.9442e-02,0.255,0.12
1.9443e-02,0.315,0.43
1.9445e-02,0.275,0.135
1.9446e-02,0.305,0.415
1.9448e-02,0.27,0.13
1.9450e-02,0.31,0.42
1.9451e-02,0.23,0.115
1.9453e-02,0.21,0.435
1.9454e-02,0.29,0.13
1.9456e-02,0.265,0.42
1.9458e-02,0.31,0.13
1.9459e-02,0.26,0.42
1.9461e-02,0.2,0.115
1.9462e-02,0.215,0.435
1.9464e-02,0.3,0.14
1.9466e-02,0.285,0.405
1.9467e-02,0.185,0.135
1.9469e-02,0.3,0.415
1.9470e-02,0.225,0.11
1.9472e-02,0.26,0.435
1.9474e-02,0.285,0.135
1.9475e-02,0.28,0.41
1.9477e-02,0.24,0.13
1.9478e-02,0.345,0.42
1.9480e-02,0.26,0.135
1.9482e-02,0.295,0.42
1.9483e-02,0.325,0.14
1.9485e-02,0.275,0.41
1.9486e-02,0.24,0.145
1.9488e-02,0.305,0.405
1.9490e-02,0.235,0.105
1.9491e-02,0.26,0.44
1.9493e-02,0.24,0.135
1.9494e-02,0.31,0.41
1.9496e-02,0.365,0.13
1.9498e-02,0.375,0.415
1.9499e-02,0.285,0.125
1.9501e-02,0.29,0.43
1.9502e-02,0.26,0.12
1.9504e-02,0.335,0.43
1.9506e-02,0.19,0.14
1.9507e-02,0.295,0.41
1.9509e-02,0.275,0.11
1.9510e-02,0.3,0.44
1.9512e-02,0.325,0.12
1.9514e-02,0.265,0.43
1.9515e-02,0.23,0.125
1.9517e-02,0.27,0.425
1.9518e-02,0.21,0.13
1.9520e-02,0.255,0.425
1.9522e-02,0.315,0.13
1.9523e-02,0.25,0.42
1.9525e-02,0.225,0.14
1.9526e-02,0.24,0.41
1.9528e-02,0.235,0.13
1.9530e-02,0.34,0.41
1.9531e-02,0.32,0.105
1.9533e-02,0.32,0.435
1.9534e-02,0.28,0.14
1.9536e-02,0.365,0.405
1.9538e-02,0.265,0.12
1.9539e-02,0.245,0.42
1.9541e-02,0.26,0.135
1.9542e-02,0.23,0.415
1.9544e-02,0.245,0.135
1.9546e-02,0.27,0.41
1.9547e-02,0.235,0.125
1.9549e-02,0.37,0.42
1.9550e-02,0.255,0.1
1.9552e-02,0.365,0.445
1.9554e-02,0.275,0.135
1.9555e-02,0.305,0.415
1.9557e-02,0.3,0.14
1.9558e-02,0.305,0.4
1.9560e-02,0.27,0.125
1.9562e-02,0.295,0.415
1.9563e-02,0.21,0.11
1.9565e-02,0.18,0.425
1.9566e-02,0.23,0.11
1.9568e-02,0.26,0.435
1.9570e-02,0.275,0.115
1.9571e-02,0.27,0.43
1.9573e-02,0.225,0.09
1.9574e-02,0.195,0.445
1.9576e-02,0.255,0.12
1.9578e-02,0.215,0.415
1.9579e-02,0.185,0.08
1.9581e-02,0.22,0.455
1.9582e-02,0.175,0.125
1.9584e-02,0.17,0.41
1.9586e-02,0.255,0.105
1.9587e-02,0.16,0.43
1.9589e-02,0.255,0.125
1.9590e-02,0.16,0.41
1.9592e-02,0.24,0.12
1.9594e-02,0.24,0.415
1.9595e-02,0.22,0.115
1.9597e-02,0.205,0.425
1.9598e-02,0.235,0.135
1.9600e-02,0.295,0.405
1.9602e-02,0.28,0.095
1.9603e-02,0.3,0.445
1.9605e-02,0.225,0.125
1.9606e-02,0.32,0.41
1.9608e-02,0.335,0.135
1.9610e-02,0.255,0.4
1.9611e-02,0.285,0.13
1.9613e-02,0.255,0.405
1.9614e-02,0.27,0.13
1.9616e-02,0.3,0.4
1.9618e-02,0.25,0.135
1.9619e-02,0.26,0.4
1.9621e-02,0.19,0.125
1.9622e-02,0.245,0.4
1.9624e-02,0.22,0.115
1.9626e-02,0.28,0.42
1.9627e-02,0.23,0.12
1.9629e-02,0.215,0.415
1.9630e-02,0.165,0.115
1.9632e-02,0.27,0.415
1.9634e-02,0.28,0.14
1.9635e-02,0.19,0.395
1.9637e-02,0.225,0.14
1.9638e-02,0.2,0.395
1.9640e-02,0.31,0.12
1.9642e-02,0.315,0.42
1.9643e-02,0.29,0.11
1.9645e-02,0.26,0.43
1.9646e-02,0.335,0.135
1.9648e-02,0.365,0.4
1.9650e-02,0.245,0.13
1.9651e-02,0.265,0.405
1.9653e-02,0.195,0.095
1.9654e-02,0.215,0.43
1.9656e-02,0.265,0.13
1.9658e-02,0.25,0.41
1.9659e-02,0.27,0.125
1.9661e-02,0.19,0.415
1.9662e-02,0.235,0.14
1.9664e-02,0.285,0.4
1.9666e-02,0.335,0.12
1.9667e-02,0.275,0.42
1.9669e-02,0.26,0.1
1.9670e-02,0.27,0.44
1.9672e-02,0.325,0.12
1.9674e-02,0.25,0.42
1.9675e-02,0.29,0.125
1.9677e-02,0.215,0.41
1.9678e-02,0.245,0.11
1.9680e-02,0.365,0.425
1.9682e-02,0.225,0.11
1.9683e-02,0.34,0.435
1.9685e-02,0.22,0.12
1.9686e-02,0.175,0.415
1.9688e-02,0.205,0.14
1.9690e-02,0.145,0.405
1.9691e-02,0.275,0.13
1.9693e-02,0.19,0.405
1.9694e-02,0.22,0.11
1.9696e-02,0.27,0.43
1.9698e-02,0.27,0.13
1.9699e-02,0.31,0.415
1.9701e-02,0.175,0.125
1.9702e-02,0.3,0.41
1.9704e-02,0.305,0.105
1.9706e-02,0.26,0.43
1.9707e-02,0.29,0.11
1.9709e-02,0.16,0.415
1.9710e-02,0.22,0.11
1.9712e-02,0.245,0.425
1.9714e-02,0.24,0.11
1.9715e-02,0.285,0.415
1.9717e-02,0.265,0.125
1.9718e-02,0.2,0.405
1.9720e-02,0.305,0.095
1.9722e-02,0.265,0.425
1.9723e-02,0.28,0.13
1.9725e-02,0.23,0.395
1.9726e-02,0.185,0.115
1.9728e-02,0.205,0.415
1.9730e-02,0.275,0.12
1.9731e-02,0.255,0.405
1.9733e-02,0.21,0.12
1.9734e-02,0.245,0.405
1.9736e-02,0.185,0.115
1.9738e-02,0.3,0.405
1.9739e-02,0.3,0.105
1.9741e-02,0.23,0.42
1.9742e-02,0.235,0.085
1.9744e-02,0.265,0.435
1.9746e-02,0.21,0.1
1.9747e-02,0.2,0.415
1.9749e-02,0.185,0.095
1.9750e-02,0.19,0.42
1.9752e-02,0.295,0.12
1.9754e-02,0.275,0.405
1.9755e-02,0.29,0.13
1.9757e-02,0.345,0.395
1.9758e-02,0.3,0.12
1.9760e-02,0.32,0.405
1.9762e-02,0.325,0.07
1.9763e-02,0.31,0.44
1.9765e-02,0.25,0.09
1.9766e-02,0.31,0.43
1.9768e-02,0.3,0.11
1.9770e-02,0.33,0.405
1.9771e-02,0.31,0.11
1.9773e-02,0.265,0.41
1.9774e-02,0.305,0.11
1.9776e-02,0.32,0.41
1.9778e-02,0.31,0.11
1.9779e-02,0.285,0.405
1.9781e-02,0.22,0.095
1.9782e-02,0.26,0.43
1.9784e-02,0.205,0.105
1.9786e-02,0.3,0.41
1.9787e-02,0.165,0.105
1.9789e-02,0.23,0.405
1.9790e-02,0.25,0.095
1.9792e-02,0.23,0.42
1.9794e-02,0.285,0.125
1.9795e-02,0.25,0.395
1.9797e-02,0.225,0.11
1.9798e-02,0.23,0.405
1.9800e-02,0.255,0.135
1.9802e-02,0.285,0.385
1.9803e-02,0.335,0.12
1.9805e-02,0.24,0.4
1.9806e-02,0.19,0.11
1.9808e-02,0.28,0.415
1.9810e-02,0.215,0.085
1.9811e-02,0.295,0.425
1.9813e-02,0.255,0.095
1.9814e-02,0.225,0.425
1.9816e-02,0.34,0.115
1.9818e-02,0.23,0.405
1.9819e-02,0.205,0.115
1.9821e-02,0.155,0.405
1.9822e-02,0.225,0.115
1.9824e-02,0.23,0.405
1.9826e-02,0.235,0.105
1.9827e-02,0.235,0.42
1.9829e-02,0.23,0.09
1.9830e-02,0.3,0.43
1.9832e-02,0.305,0.11
1.9834e-02,0.31,0.41
1.9835e-02,0.315,0.065
1.9837e-02,0.37,0.455
1.9838e-02,0.26,0.11
1.9840e-02,0.35,0.415
1.9842e-02,0.33,0.1
1.9843e-02,0.29,0.425
1.9845e-02,0.31,0.105
1.9846e-02,0.15,0.415
1.9848e-02,0.3,0.085
1.9850e-02,0.28,0.43
1.9851e-02,0.305,0.075
1.9853e-02,0.175,0.445
1.9854e-02,0.295,0.1
1.9856e-02,0.225,0.415
1.9858e-02,0.26,0.115
1.9859e-02,0.215,0.405
1.9861e-02,0.135,0.115
1.9862e-02,0.22,0.405
1.9864e-02,0.255,0.11
1.9866e-02,0.155,0.41
1.9867e-02,0.3,0.085
1.9869e-02,0.2,0.42
1.9870e-02,0.285,0.085
1.9872e-02,0.28,0.44
1.9874e-02,0.28,0.085
1.9875e-02,0.295,0.43
1.9877e-02,0.29,0.125
1.9878e-02,0.285,0.4
1.9880e-02,0.275,0.12
1.9882e-02,0.395,0.4
1.9883e-02,0.265,0.09
1.9885e-02,0.21,0.44
1.9886e-02,0.265,0.085
1.9888e-02,0.21,0.43
1.9890e-02,0.26,0.105
1.9891e-02,0.34,0.415
1.9893e-02,0.165,0.105
1.9894e-02,0.335,0.42
1.9896e-02,0.295,0.08
1.9898e-02,0.35,0.43
1.9899e-02,0.335,0.085
1.9901e-02,0.345,0.43
1.9902e-02,0.335,0.11
1.9904e-02,0.31,0.405
1.9906e-02,0.32,0.1
1.9907e-02,0.245,0.42
1.9909e-02,0.29,0.06
1.9910e-02,0.17,0.46
1.9912e-02,0.26,0.09
1.9914e-02,0.285,0.425
1.9915e-02,0.27,0.09
1.9917e-02,0.265,0.42
1.9918e-02,0.255,0.12
1.9920e-02,0.31,0.39
1.9922e-02,0.325,0.1
1.9923e-02,0.22,0.41
1.9925e-02,0.265,0.075
1.9926e-02,0.25,0.435
1.9928e-02,0.205,0.095
1.9930e-02,0.25,0.415
1.9931e-02,0.21,0.09
1.9933e-02,0.155,0.42
1.9934e-02,0.22,0.1
1.9936e-02,0.09,0.41
1.9938e-02,0.275,0.08
1.9939e-02,0.205,0.43
1.9941e-02,0.235,0.105
1.9942e-02,0.265,0.405
1.9944e-02,0.215,0.11
1.9946e-02,0.35,0.395
1.9947e-02,0.325,0.12
1.9949e-02,0.28,0.395
1.9950e-02,0.265,0.1
1.9952e-02,0.175,0.41
1.9954e-02,0.235,0.085
1.9955e-02,0.235,0.42
1.9957e-02,0.235,0.11
1.9958e-02,0.24,0.395
1.9960e-02,0.285,0.095
1.9962e-02,0.25,0.405
1.9963e-02,0.325,0.11
1.9965e-02,0.19,0.395
1.9966e-02,0.345,0.105
1.9968e-02,0.17,0.405
1.9970e-02,0.3,0.11
1.9971e-02,0.325,0.4
1.9973e-02,0.21,0.115
1.9974e-02,0.29,0.395
1.9976e-02,0.18,0.075
1.9978e-02,0.34,0.425
1.9979e-02,0.38,0.075
1.9981e-02,0.33,0.42
1.9982e-02,0.31,0.1
1.9984e-02,0.215,0.405
1.9986e-02,0.315,0.095
1.9987e-02,0.27,0.405
1.9989e-02,0.32,0.095
1.9990e-02,0.25,0.415
1.9992e-02,0.235,0.095
1.9994e-02,0.28,0.41
1.9995e-02,0.235,0.105
1.9997e-02,0.29,0.405
1.9998e-02,0.33,0.08
2.0000e-02,0.27,0.42
2.0002e-02,0.315,0.11
2.0003e-02,0.3,0.395
2.0005e-02,0.3,0.1
2.0006e-02,0.31,0.405
2.0008e-02,0.18,0.085
2.0010e-02,0.29,0.42
2.0011e-02,0.27,0.07
2.0013e-02,0.375,0.435
2.0014e-02,0.245,0.1
2.0016e-02,0.23,0.4
2.0018e-02,0.195,0.075
2.0019e-02,0.205,0.415
2.0021e-02,0.27,0.085
2.0022e-02,0.22,0.415
2.0024e-02,0.215,0.085
2.0026e-02,0.26,0.42
2.0027e-02,0.175,0.115
2.0029e-02,0.29,0.39
2.0030e-02,0.16,0.1
2.0032e-02,0.23,0.405
2.0034e-02,0.195,0.095
2.0035e-02,0.24,0.405
2.0037e-02,0.26,0.12
2.0038e-02,0.34,0.38
2.0040e-02,0.24,0.065
2.0042e-02,0.245,0.43
2.0043e-02,0.235,0.065
2.0045e-02,0.285,0.43
2.0046e-02,0.27,0.105
2.0048e-02,0.22,0.39
2.0050e-02,0.25,0.095
2.0051e-02,0.205,0.4
2.0053e-02,0.275,0.075
2.0054e-02,0.165,0.435
2.0056e-02,0.2,0.1
2.0058e-02,0.195,0.4
2.0059e-02,0.24,0.085
2.0061e-02,0.27,0.415
2.0062e-02,0.31,0.085
2.0064e-02,0.275,0.415
2.0066e-02,0.315,0.1
2.0067e-02,0.22,0.4
2.0069e-02,0.3,0.105
2.0070e-02,0.25,0.39
2.0072e-02,0.24,0.095
2.0074e-02,0.235,0.395
2.0075e-02,0.23,0.07
2.0077e-02,0.305,0.425
2.0078e-02,0.22,0.075
2.0080e-02,0.175,0.43
2.0082e-02,0.14,0.08
2.0083e-02,0.125,0.41
2.0085e-02,0.22,0.08
2.0086e-02,0.205,0.415
2.0088e-02,0.22,0.1
2.0090e-02,0.23,0.405
2.0091e-02,0.2,0.095
2.0093e-02,0.285,0.405
2.0094e-02,0.225,0.09
2.0096e-02,0.27,0.405
2.0098e-02,0.24,0.1
2.0099e-02,0.19,0.4
2.0101e-02,0.2,0.075
2.0102e-02,0.275,0.42
2.0104e-02,0.295,0.095
2.0106e-02,0.255,0.4
2.0107e-02,0.21,0.105
2.0109e-02,0.185,0.395
2.0110e-02,0.325,0.09
2.0112e-02,0.24,0.4
2.0114e-02,0.265,0.1
2.0115e-02,0.265,0.4
2.0117e-02,0.245,0.075
2.0118e-02,0.38,0.425
2.0120e-02,0.3,0.085
2.0122e-02,0.305,0.405
2.0123e-02,0.29,0.09
2.0125e-02,0.265,0.41
2.0126e-02,0.305,0.075
2.0128e-02,0.27,0.415
2.0130e-02,0.28,0.05
2.0131e-02,0.225,0.43
2.0133e-02,0.17,0.08
2.0134e-02,0.325,0.41
2.0136e-02,0.23,0.075
2.0138e-02,0.34,0.42
2.0139e-02,0.185,0.055
2.0141e-02,0.31,0.44
2.0142e-02,0.24,0.045
2.0144e-02,0.355,0.445
2.0146e-02,0.24,0.085
2.0147e-02,0.225,0.4
2.0149e-02,0.26,0.06
2.0150e-02,0.22,0.43
2.0152e-02,0.235,0.105
2.0154e-02,0.25,0.385
2.0155e-02,0.215,0.065
2.0157e-02,0.29,0.415
2.0158e-02,0.24,0.09
2.0160e-02,0.3,0.395
2.0162e-02,0.285,0.035
2.0163e-02,0.355,0.445
2.0165e-02,0.25,0.08
2.0166e-02,0.365,0.41
2.0168e-02,0.27,0.075
2.0170e-02,0.35,0.415
2.0171e-02,0.315,0.07
2.0173e-02,0.175,0.42
2.0174e-02,0.29,0.1
2.0176e-02,0.195,0.385
2.0178e-02,0.195,0.095
2.0179e-02,0.165,0.385
2.0181e-02,0.175,0.09
2.0182e-02,0.27,0.395
2.0184e-02,0.275,0.06
2.0186e-02,0.2,0.425
2.0187e-02,0.305,0.09
2.0189e-02,0.135,0.395
2.0190e-02,0.235,0.1
2.0192e-02,0.205,0.39
2.0194e-02,0.18,0.09
2.0195e-02,0.255,0.405
2.0197e-02,0.155,0.08
2.0198e-02,0.21,0.405
2.0200e-02,0.215,0.07
2.0202e-02,0.19,0.41
2.0203e-02,0.2,0.085
2.0205e-02,0.15,0.4
2.0206e-02,0.165,0.095
2.0208e-02,0.22,0.39
2.0210e-02,0.27,0.065
2.0211e-02,0.225,0.415
2.0213e-02,0.23,0.085
2.0214e-02,0.165,0.4
2.0216e-02,0.265,0.075
2.0218e-02,0.185,0.405
2.0219e-02,0.245,0.07
2.0221e-02,0.205,0.405
2.0222e-02,0.205,0.085
2.0224e-02,0.215,0.4
2.0226e-02,0.235,0.055
2.0227e-02,0.285,0.42
2.0229e-02,0.19,0.065
2.0230e-02,0.21,0.42
2.0232e-02,0.255,0.065
2.0234e-02,0.3,0.415
2.0235e-02,0.275,0.075
2.0237e-02,0.225,0.405
2.0238e-02,0.27,0.05
2.0240e-02,0.31,0.425
2.0242e-02,0.345,0.06
2.0243e-02,0.22,0.41
2.0245e-02,0.24,0.06
2.0246e-02,0.205,0.42
2.0248e-02,0.24,0.05
2.0250e-02,0.22,0.425
2.0251e-02,0.245,0.085
2.0253e-02,0.21,0.395
2.0254e-02,0.265,0.08
2.0256e-02,0.26,0.41
2.0258e-02,0.23,0.06
2.0259e-02,0.3,0.41
2.0261e-02,0.17,0.07
2.0262e-02,0.23,0.41
2.0264e-02,0.185,0.055
2.0266e-02,0.24,0.425
2.0267e-02,0.285,0.085
2.0269e-02,0.25,0.39
2.0270e-02,0.21,0.06
2.0272e-02,0.305,0.415
2.0274e-02,0.325,0.08
2.0275e-02,0.25,0.395
2.0277e-02,0.285,0.09
2.0278e-02,0.205,0.39
2.0280e-02,0.32,0.085
2.0282e-02,0.27,0.39
2.0283e-02,0.165,0.075
2.0285e-02,0.235,0.395
2.0286e-02,0.21,0.075
2.0288e-02,0.24,0.395
2.0290e-02,0.225,0.085
2.0291e-02,0.245,0.38
2.0293e-02,0.11,0.05
2.0294e-02,0.26,0.425
2.0296e-02,0.165,0.08
2.0298e-02,0.17,0.395
2.0299e-02,0.2,0.06
2.0301e-02,0.14,0.41
2.0302e-02,0.125,0.08
2.0304e-02,0.185,0.395
2.0306e-02,0.265,0.08
2.0307e-02,0.12,0.395
2.0309e-02,0.225,0.065
2.0310e-02,0.115,0.41
2.0312e-02,0.275,0.08
2.0314e-02,0.235,0.39
2.0315e-02,0.255,0.07
2.0317e-02,0.15,0.4
2.0318e-02,0.23,0.085
2.0320e-02,0.285,0.395
2.0322e-02,0.225,0.06
2.0323e-02,0.26,0.415
2.0325e-02,0.225,0.07
2.0326e-02,0.25,0.4
2.0328e-02,0.26,0.06
2.0330e-02,0.335,0.42
2.0331e-02,0.225,0.08
2.0333e-02,0.29,0.4
2.0334e-02,0.305,0.07
2.0336e-02,0.245,0.41
2.0338e-02,0.34,0.085
2.0339e-02,0.26,0.395
2.0341e-02,0.24,0.085
2.0342e-02,0.295,0.395
2.0344e-02,0.26,0.05
2.0346e-02,0.31,0.42
2.0347e-02,0.26,0.07
2.0349e-02,0.225,0.4
2.0350e-02,0.2,0.07
2.0352e-02,0.315,0.4
2.0354e-02,0.235,0.05
2.0355e-02,0.165,0.425
2.0357e-02,0.19,0.06
2.0358e-02,0.22,0.41
2.0360e-02,0.245,0.08
2.0362e-02,0.225,0.395
2.0363e-02,0.255,0.09
2.0365e-02,0.205,0.385
2.0366e-02,0.26,0.08
2.0368e-02,0.265,0.39
2.0370e-02,0.18,0.06
2.0371e-02,0.18,0.41
2.0373e-02,0.27,0.045
2.0374e-02,0.215,0.42
2.0376e-02,0.3,0.07
2.0378e-02,0.17,0.4
2.0379e-02,0.245,0.075
2.0381e-02,0.085,0.39
2.0382e-02,0.26,0.06
2.0384e-02,0.245,0.41
2.0386e-02,0.205,0.065
2.0387e-02,0.2,0.4
2.0389e-02,0.22,0.07
2.0390e-02,0.235,0.4
2.0392e-02,0.265,0.065
2.0394e-02,0.27,0.4
2.0395e-02,0.175,0.055
2.0397e-02,0.3,0.41
2.0398e-02,0.27,0.04
2.0400e-02,0.225,0.44
2.0402e-02,0.17,0.04
2.0403e-02,0.265,0.415
2.0405e-02,0.34,0.05
2.0406e-02,0.23,0.415
2.0408e-02,0.28,0.065
2.0410e-02,0.21,0.405
2.0411e-02,0.215,0.08
2.0413e-02,0.2,0.385
2.0414e-02,0.29,0.065
2.0416e-02,0.215,0.405
2.0418e-02,0.245,0.095
2.0419e-02,0.22,0.38
2.0421e-02,0.275,0.08
2.0422e-02,0.22,0.39
2.0424e-02,0.235,0.065
2.0426e-02,0.195,0.39
2.0427e-02,0.17,0.095
2.0429e-02,0.19,0.375
2.0430e-02,0.275,0.065
2.0432e-02,0.13,0.4
2.0434e-02,0.14,0.075
2.0435e-02,0.22,0.39
2.0437e-02,0.195,0.06
2.0438e-02,0.195,0.4
2.0440e-02,0.18,0.065
2.0442e-02,0.15,0.395
2.0443e-02,0.22,0.07
2.0445e-02,0.215,0.395
2.0446e-02,0.19,0.04
2.0448e-02,0.15,0.415
2.0450e-02,0.14,0.07
2.0451e-02,0.28,0.385
2.0453e-02,0.13,0.07
2.0454e-02,0.145,0.385
2.0456e-02,0.185,0.06
2.0458e-02,0.185,0.4
2.0459e-02,0.155,0.05
2.0461e-02,0.23,0.415
2.0462e-02,0.21,0.07
2.0464e-02,0.13,0.39
2.0466e-02,0.245,0.045
2.0467e-02,0.205,0.405
2.0469e-02,0.265,0.05
2.0470e-02,0.285,0.405
2.0472e-02,0.22,0.065
2.0474e-02,0.235,0.395
2.0475e-02,0.265,0.06
2.0477e-02,0.2,0.395
2.0478e-02,0.24,0.075
2.0480e-02,0.095,0.38
2.0482e-02,0.225,0.055
2.0483e-02,0.275,0.405
2.0485e-02,0.19,0.07
2.0486e-02,0.265,0.38
2.0488e-02,0.18,0.05
2.0490e-02,0.26,0.405
2.0491e-02,0.24,0.075
2.0493e-02,0.25,0.385
2.0494e-02,0.205,0.065
2.0496e-02,0.265,0.39
2.0498e-02,0.325,0.055
2.0499e-02,0.275,0.405
2.0501e-02,0.16,0.055
2.0502e-02,0.245,0.4
2.0504e-02,0.155,0.075
2.0506e-02,0.195,0.375
2.0507e-02,0.205,0.065
2.0509e-02,0.205,0.385
2.0510e-02,0.145,0.03
2.0512e-02,0.27,0.42
2.0514e-02,0.2,0.065
2.0515e-02,0.22,0.395
2.0517e-02,0.225,0.05
2.0518e-02,0.11,0.4
2.0520e-02,0.175,0.06
2.0522e-02,0.19,0.39
2.0523e-02,0.25,0.06
2.0525e-02,0.18,0.395
2.0526e-02,0.195,0.05
2.0528e-02,0.26,0.395
2.0530e-02,0.265,0.04
2.0531e-02,0.255,0.415
2.0533e-02,0.22,0.075
2.0534e-02,0.125,0.385
2.0536e-02,0.215,0.035
2.0538e-02,0.195,0.42
2.0539e-02,0.21,0.04
2.0541e-02,0.21,0.405
2.0542e-02,0.2,0.07
2.0544e-02,0.205,0.375
2.0546e-02,0.245,0.05
2.0547e-02,0.27,0.4
2.0549e-02,0.185,0.075
2.0550e-02,0.28,0.38
2.0552e-02,0.325,0.08
2.0554e-02,0.285,0.37
2.0555e-02,0.325,0.065
2.0557e-02,0.18,0.38
2.0558e-02,0.23,0.08
2.0560e-02,0.29,0.365
2.0562e-02,0.35,0.07
2.0563e-02,0.205,0.38
2.0565e-02,0.285,0.065
2.0566e-02,0.195,0.39
2.0568e-02,0.19,0.08
2.0570e-02,0.235,0.365
2.0571e-02,0.21,0.06
2.0573e-02,0.215,0.39
2.0574e-02,0.26,0.07
2.0576e-02,0.205,0.37
2.0578e-02,0.16,0.06
2.0579e-02,0.215,0.375
2.0581e-02,0.185,0.055
2.0582e-02,0.12,0.395
2.0584e-02,0.195,0.055
2.0586e-02,0.21,0.385
2.0587e-02,0.3,0.05
2.0589e-02,0.225,0.4
2.0590e-02,0.195,0.04
2.0592e-02,0.17,0.405
2.0594e-02,0.24,0.065
2.0595e-02,0.17,0.38
2.0597e-02,0.14,0.045
2.0598e-02,0.16,0.4
2.0600e-02,0.15,0.065
2.0602e-02,0.25,0.375
2.0603e-02,0.19,0.045
2.0605e-02,0.22,0.4
2.0606e-02,0.23,0.035
2.0608e-02,0.25,0.415
2.0610e-02,0.24,0.075
2.0611e-02,0.285,0.37
2.0613e-02,0.22,0.045
2.0614e-02,0.25,0.4
2.0616e-02,0.215,0.065
2.0618e-02,0.295,0.385
2.0619e-02,0.275,0.05
2.0621e-02,0.31,0.39
2.0622e-02,0.25,0.03
2.0624e-02,0.21,0.405
2.0626e-02,0.275,0.075
2.0627e-02,0.265,0.37
2.0629e-02,0.195,0.055
2.0630e-02,0.17,0.39
2.0632e-02,0.19,0.075
2.0634e-02,0.175,0.375
2.0635e-02,0.25,0.08
2.0637e-02,0.19,0.365
2.0638e-02,0.195,0.085
2.0640e-02,0.195,0.355
2.0642e-02,0.15,0.05
2.0643e-02,0.145,0.395
2.0645e-02,0.195,0.08
2.0646e-02,0.15,0.365
2.0648e-02,0.255,0.055
2.0650e-02,0.175,0.39
2.0651e-02,0.245,0.06
2.0653e-02,0.315,0.375
2.0654e-02,0.235,0.025
2.0656e-02,0.265,0.415
2.0658e-02,0.305,0.045
2.0659e-02,0.24,0.395
2.0661e-02,0.21,0.06
2.0662e-02,0.155,0.39
2.0664e-02,0.15,0.08
2.0666e-02,0.23,0.36
2.0667e-02,0.16,0.05
2.0669e-02,0.175,0.39
2.0670e-02,0.21,0.06
2.0672e-02,0.2,0.385
2.0674e-02,0.2,0.055
2.0675e-02,0.3,0.385
2.0677e-02,0.26,0.075
2.0678e-02,0.3,0.36
2.0680e-02,0.245,0.055
2.0682e-02,0.2,0.38
2.0683e-02,0.25,0.06
2.0685e-02,0.355,0.375
2.0686e-02,0.235,0.05
2.0688e-02,0.255,0.39
2.0690e-02,0.17,0.04
2.0691e-02,0.18,0.39
2.0693e-02,0.19,0.07
2.0694e-02,0.12,0.36
2.0696e-02,0.145,0.05
2.0698e-02,0.185,0.385
2.0699e-02,0.135,0.035
2.0701e-02,0.275,0.395
2.0702e-02,0.22,0.07
2.0704e-02,0.19,0.36
2.0706e-02,0.23,0.065
2.0707e-02,0.19,0.365
2.0709e-02,0.235,0.045
2.0710e-02,0.27,0.39
2.0712e-02,0.235,0.08
2.0714e-02,0.165,0.355
2.0715e-02,0.31,0.07
2.0717e-02,0.25,0.36
2.0718e-02,0.245,0.07
2.0720e-02,0.22,0.365
2.0722e-02,0.09,0.065
2.0723e-02,0.215,0.36
2.0725e-02,0.135,0.065
2.0726e-02,0.22,0.365
2.0728e-02,0.17,0.07
2.0730e-02,0.23,0.355
2.0731e-02,0.145,0.065
2.0733e-02,0.23,0.36
2.0734e-02,0.195,0.045
2.0736e-02,0.255,0.38
2.0738e-02,0.285,0.05
2.0739e-02,0.185,0.38
2.0741e-02,0.25,0.045
2.0742e-02,0.27,0.385
2.0744e-02,0.205,0.07
2.0746e-02,0.245,0.365
2.0747e-02,0.18,0.045
2.0749e-02,0.185,0.375
2.0750e-02,0.225,0.025
2.0752e-02,0.155,0.4
2.0754e-02,0.24,0.05
2.0755e-02,0.155,0.375
2.0757e-02,0.255,0.055
2.0758e-02,0.25,0.37
2.0760e-02,0.23,0.055
2.0762e-02,0.245,0.37
2.0763e-02,0.28,0
2.0765e-02,0.17,0.435
2.0766e-02,0.17,0.02
2.0768e-02,0.23,0.4
2.0770e-02,0.175,0.04
2.0771e-02,0.245,0.385
2.0773e-02,0.245,0.06
2.0774e-02,0.255,0.37
2.0776e-02,0.255,0.035
2.0778e-02,0.195,0.39
2.0779e-02,0.16,0.055
2.0781e-02,0.27,0.365
2.0782e-02,0.225,0.035
2.0784e-02,0.275,0.39
2.0786e-02,0.225,0.075
2.0787e-02,0.18,0.35
2.0789e-02,0.15,0.085
2.0790e-02,0.285,0.345
2.0792e-02,0.14,0.055
2.0794e-02,0.195,0.38
2.0795e-02,0.185,0.05
2.0797e-02,0.175,0.37
2.0798e-02,0.225,0.05
2.0800e-02,0.235,0.375
2.0802e-02,0.275,0.055
2.0803e-02,0.2,0.375
2.0805e-02,0.275,0.07
2.0806e-02,0.175,0.355
2.0808e-02,0.3,0.055
2.0810e-02,0.17,0.365
2.0811e-02,0.095,0.06
2.0813e-02,0.21,0.365
2.0814e-02,0.19,0.06
2.0816e-02,0.23,0.365
2.0818e-02,0.275,0.055
2.0819e-02,0.15,0.37
2.0821e-02,0.295,0.065
2.0822e-02,0.23,0.365
2.0824e-02,0.235,0.05
2.0826e-02,0.235,0.38
2.0827e-02,0.185,0.055
2.0829e-02,0.225,0.37
2.0830e-02,0.24,0.065
2.0832e-02,0.2,0.355
2.0834e-02,0.235,0.07
2.0835e-02,0.215,0.355
2.0837e-02,0.095,0.07
2.0838e-02,0.165,0.355
2.0840e-02,0.17,0.06
2.0842e-02,0.215,0.365
2.0843e-02,0.215,0.035
2.0845e-02,0.17,0.38
2.0846e-02,0.25,0.035
2.0848e-02,0.27,0.38
2.0850e-02,0.23,0.04
2.0851e-02,0.21,0.38
2.0853e-02,0.225,0.05
2.0854e-02,0.25,0.365
2.0856e-02,0.21,0.04
2.0858e-02,0.21,0.38
2.0859e-02,0.165,0.045
2.0861e-02,0.135,0.37
2.0862e-02,0.245,0.035
2.0864e-02,0.2,0.385
2.0866e-02,0.325,0.045
2.0867e-02,0.21,0.37
2.0869e-02,0.185,0.045
2.0870e-02,0.215,0.37
2.0872e-02,0.215,0.055
2.0874e-02,0.17,0.355
2.0875e-02,0.21,0.025
2.0877e-02,0.125,0.385
2.0878e-02,0.225,0.04
2.0880e-02,0.26,0.375
2.0882e-02,0.25,0.055
2.0883e-02,0.17,0.365
2.0885e-02,0.165,0.06
2.0886e-02,0.15,0.355
2.0888e-02,0.24,0.01
2.0890e-02,0.195,0.405
2.0891e-02,0.19,0.045
2.0893e-02,0.245,0.375
2.0894e-02,0.21,0.045
2.0896e-02,0.215,0.37
2.0898e-02,0.27,0.035
2.0899e-02,0.27,0.38
2.0901e-02,0.165,0.055
2.0902e-02,0.265,0.355
2.0904e-02,0.13,0.07
2.0906e-02,0.23,0.34
2.0907e-02,0.14,0.045
2.0909e-02,0.105,0.365
2.0910e-02,0.205,0.06
2.0912e-02,0.26,0.35
2.0914e-02,0.25,0.05
2.0915e-02,0.26,0.36
2.0917e-02,0.155,0.035
2.0918e-02,0.3,0.365
2.0920e-02,0.255,0.01
2.0922e-02,0.215,0.405
2.0923e-02,0.235,0.02
2.0925e-02,0.13,0.4
2.0926e-02,0.205,0.02
2.0928e-02,0.16,0.385
2.0930e-02,0.19,0.055
2.0931e-02,0.175,0.35
2.0933e-02,0.205,0.055
2.0934e-02,0.135,0.355
2.0936e-02,0.215,0.06
2.0938e-02,0.275,0.345
2.0939e-02,0.235,0.05
2.0941e-02,0.24,0.355
2.0942e-02,0.21,0.05
2.0944e-02,0.28,0.36
2.0946e-02,0.23,0.05
2.0947e-02,0.22,0.36
2.0949e-02,0.135,0.015
2.0950e-02,0.185,0.39
2.0952e-02,0.245,0.045
2.0954e-02,0.16,0.355
2.0955e-02,0.2,0.02
2.0957e-02,0.1,0.385
2.0958e-02,0.195,0.035
2.0960e-02,0.245,0.38
2.0962e-02,0.22,0.025
2.0963e-02,0.275,0.385
2.0965e-02,0.285,0.01
2.0966e-02,0.245,0.385
2.0968e-02,0.225,0.02
2.0970e-02,0.24,0.39
2.0971e-02,0.115,0.03
2.0973e-02,0.15,0.39
2.0974e-02,0.195,0.015
2.0976e-02,0.175,0.385
2.0978e-02,0.23,0.045
2.0979e-02,0.2,0.355
2.0981e-02,0.135,0.04
2.0982e-02,0.29,0.365
2.0984e-02,0.275,0.065
2.0986e-02,0.24,0.345
2.0987e-02,0.22,0.055
2.0989e-02,0.16,0.35
2.0990e-02,0.225,0.05
2.0992e-02,0.31,0.355
2.0994e-02,0.23,0.065
2.0995e-02,0.21,0.345
2.0997e-02,0.14,0.045
2.0998e-02,0.08,0.36
2.1000e-02,0.17,0.06
2.1002e-02,0.165,0.34
2.1003e-02,0.14,0.05
2.1005e-02,0.215,0.345
2.1006e-02,0.17,0.05
2.1008e-02,0.295,0.355
2.1010e-02,0.295,0.05
2.1011e-02,0.255,0.35
2.1013e-02,0.17,0.055
2.1014e-02,0.15,0.355
2.1016e-02,0.215,0.065
2.1018e-02,0.17,0.34
2.1019e-02,0.17,0.015
2.1021e-02,-0.005,0.39
2.1022e-02,0.215,-0.01
2.1024e-02,0.16,0.42
2.1026e-02,0.22,-0.02
2.1027e-02,0.21,0.415
2.1029e-02,0.19,0.04
2.1030e-02,0.235,0.365
2.1032e-02,0.26,0.055
2.1034e-02,0.28,0.335
2.1035e-02,0.215,0.05
2.1037e-02,0.235,0.345
2.1038e-02,0.19,0.035
2.1040e-02,0.165,0.36
2.1042e-02,0.29,0.035
2.1043e-02,0.135,0.365
2.1045e-02,0.155,0.05
2.1046e-02,0.18,0.345
2.1048e-02,0.1,0.035
2.1050e-02,0.245,0.365
2.1051e-02,0.2,0.02
2.1053e-02,0.09,0.375
2.1054e-02,0.25,0.055
2.1056e-02,0.155,0.345
2.1058e-02,0.17,0.05
2.1059e-02,0.24,0.345
2.1061e-02,0.115,0.04
2.1062e-02,0.195,0.35
2.1064e-02,0.215,0.035
2.1066e-02,0.195,0.35
2.1067e-02,0.19,0.04
2.1069e-02,0.285,0.355
2.1070e-02,0.175,0.035
2.1072e-02,0.31,0.355
2.1074e-02,0.125,0.01
2.1075e-02,0.23,0.38
2.1077e-02,0.21,-0.01
2.1078e-02,0.175,0.405
2.1080e-02,0.165,0.01
2.1082e-02,0.135,0.39
2.1083e-02,0.08,0.005
2.1085e-02,0.18,0.39
2.1086e-02,0.19,0.01
2.1088e-02,0.195,0.375
2.1090e-02,0.255,0.04
2.1091e-02,0.2,0.355
2.1093e-02,0.205,0.045
2.1094e-02,0.21,0.345
2.1096e-02,0.225,0.04
2.1098e-02,0.185,0.35
2.1099e-02,0.195,-0.045
2.1101e-02,0.16,0.43
2.1102e-02,0.245,0.035
2.1104e-02,0.25,0.35
2.1106e-02,0.13,0.02
2.1107e-02,0.205,0.365
2.1109e-02,0.14,0.035
2.1110e-02,0.18,0.355
2.1112e-02,0.315,0.06
2.1114e-02,0.175,0.335
2.1115e-02,0.235,0.035
2.1117e-02,0.3,0.35
2.1118e-02,0.23,0.02
2.1120e-02,0.265,0.37
2.1122e-02,0.165,0.04
2.1123e-02,0.15,0.345
2.1125e-02,0.195,0.02
2.1126e-02,0.165,0.37
2.1128e-02,0.2,0.04
2.1130e-02,0.185,0.34
2.1131e-02,0.125,0.04
2.1133e-02,0.19,0.345
2.1134e-02,0.195,0.035
2.1136e-02,0.195,0.345
2.1138e-02,0.18,0.05
2.1139e-02,0.17,0.33
2.1141e-02,0.19,0.06
2.1142e-02,0.225,0.325
2.1144e-02,0.15,0.045
2.1146e-02,0.11,0.335
2.1147e-02,0.15,0.03
2.1149e-02,0.205,0.36
2.1150e-02,0.245,0.035
2.1152e-02,0.155,0.36
2.1154e-02,0.215,0.04
2.1155e-02,0.105,0.35
2.1157e-02,0.25,0.02
2.1158e-02,0.3,0.365
2.1160e-02,0.2,0.035
2.1162e-02,0.265,0.35
2.1163e-02,0.125,0.02
2.1165e-02,0.21,0.36
2.1166e-02,0.205,0.01
2.1168e-02,0.175,0.37
2.1170e-02,0.07,0.035
2.1171e-02,0.13,0.35
2.1173e-02,0.15,0.02
2.1174e-02,0.285,0.37
2.1176e-02,0.265,0.025
2.1178e-02,0.11,0.36
2.1179e-02,0.21,0.02
2.1181e-02,0.265,0.365
2.1182e-02,0.21,0.015
2.1184e-02,0.145,0.365
2.1186e-02,0.13,0.055
2.1187e-02,0.105,0.33
2.1189e-02,0.195,0.035
2.1190e-02,0.205,0.355
2.1192e-02,0.16,0.035
2.1194e-02,0.225,0.345
2.1195e-02,0.17,0.04
2.1197e-02,0.205,0.34
2.1198e-02,0.25,0.015
2.1200e-02,0.185,0.36
2.1202e-02,0.14,0.035
2.1203e-02,0.19,0.345
2.1205e-02,0.155,0.04
2.1206e-02,0.23,0.345
2.1208e-02,0.245,0.02
2.1210e-02,0.215,0.36
2.1211e-02,0.205,0.025
2.1213e-02,0.2,0.35
2.1214e-02,0.24,0.035
2.1216e-02,0.185,0.345
2.1218e-02,0.18,0.03
2.1219e-02,0.235,0.35
2.1221e-02,0.2,0.01
2.1222e-02,0.285,0.36
2.1224e-02,0.15,0.04
2.1226e-02,0.15,0.345
2.1227e-02,0.18,0.035
2.1229e-02,0.16,0.345
2.1230e-02,0.175,0.025
2.1232e-02,0.185,0.35
2.1234e-02,0.05,0.02
2.1235e-02,0.145,0.355
2.1237e-02,0.155,0.01
2.1238e-02,0.16,0.37
2.1240e-02,0.24,0.025
2.1242e-02,0.185,0.34
2.1243e-02,0.135,0
2.1245e-02,0.235,0.38
2.1246e-02,0.24,0.01
2.1248e-02,0.16,0.365
2.1250e-02,0.18,0.005
2.1251e-02,0.11,0.355
2.1253e-02,0.16,0.03
2.1254e-02,0.17,0.34
2.1256e-02,0.23,0.045
2.1258e-02,0.125,0.32
2.1259e-02,0.185,0.03
2.1261e-02,0.23,0.34
2.1262e-02,0.155,0.025
2.1264e-02,0.27,0.35
2.1266e-02,0.2,0.03
2.1267e-02,0.135,0.34
2.1269e-02,0.165,0.02
2.1270e-02,0.15,0.35
2.1272e-02,0.275,0.045
2.1274e-02,0.19,0.325
2.1275e-02,0.18,0.045
2.1277e-02,0.1,0.32
2.1278e-02,0.15,0.01
2.1280e-02,0.195,0.355
2.1282e-02,0.11,0.04
2.1283e-02,0.14,0.33
2.1285e-02,0.18,0.035
2.1286e-02,0.24,0.33
2.1288e-02,0.225,0.04
2.1290e-02,0.235,0.32
2.1291e-02,0.15,0.005
2.1293e-02,0.165,0.365
2.1294e-02,0.195,0.035
2.1296e-02,0.245,0.325
2.1298e-02,0.2,0.025
2.1299e-02,0.255,0.335
2.1301e-02,0.23,0.015
2.1302e-02,0.14,0.355
2.1304e-02,0.22,0.04
2.1306e-02,0.245,0.32
2.1307e-02,0.235,0.015
2.1309e-02,0.12,0.35
2.1310e-02,0.18,0.025
2.1312e-02,0.185,0.335
2.1314e-02,0.1,0.03
2.1315e-02,0.175,0.33
2.1317e-02,0.15,0.005
2.1318e-02,0.095,0.355
2.1320e-02,0.195,0.005
2.1322e-02,0.17,0.36
2.1323e-02,0.18,0.01
2.1325e-02,0.18,0.35
2.1326e-02,0.225,0
2.1328e-02,0.11,0.36
2.1330e-02,0.16,-0.005
2.1331e-02,0.16,0.37
2.1333e-02,0.14,0.015
2.1334e-02,0.095,0.345
2.1336e-02,0.105,-0.03
2.1338e-02,0.195,0.405
2.1339e-02,0.185,0.01
2.1341e-02,0.185,0.35
2.1342e-02,0.21,0.005
2.1344e-02,0.245,0.35
2.1346e-02,0.2,0.025
2.1347e-02,0.275,0.33
2.1349e-02,0.195,0.03
2.1350e-02,0.205,0.335
2.1352e-02,0.225,0.02
2.1354e-02,0.17,0.34
2.1355e-02,0.135,0.025
2.1357e-02,0.085,0.335
2.1358e-02,0.16,0.015
2.1360e-02,0.155,0.35
2.1362e-02,0.13,0.015
2.1363e-02,0.185,0.35
2.1365e-02,0.275,0.02
2.1366e-02,0.105,0.34
2.1368e-02,0.165,0.025
2.1370e-02,0.23,0.33
2.1371e-02,0.24,0.005
2.1373e-02,0.28,0.355
2.1374e-02,0.13,0.015
2.1376e-02,0.215,0.34
2.1378e-02,0.19,0.025
2.1379e-02,0.15,0.34
2.1381e-02,0.23,-0.005
2.1382e-02,0.16,0.365
2.1384e-02,0.2,-0.03
2.1386e-02,0.245,0.39
2.1387e-02,0.225,0.02
2.1389e-02,0.135,0.34
2.1390e-02,0.105,0.01
2.1392e-02,0.13,0.35
2.1394e-02,0.105,0.035
2.1395e-02,0.18,0.325
2.1397e-02,0.23,-0.01
2.1398e-02,0.125,0.37
2.1400e-02,0.195,0.02
2.1402e-02,0.25,0.34
2.1403e-02,0.24,0.025
2.1405e-02,0.24,0.33
2.1406e-02,0.16,0.02
2.1408e-02,0.295,0.34
2.1410e-02,0.17,0.02
2.1411e-02,0.205,0.34
2.1413e-02,0.145,0.04
2.1414e-02,0.145,0.315
2.1416e-02,0.125,0.005
2.1418e-02,0.15,0.355
2.1419e-02,0.225,0.01
2.1421e-02,0.1,0.35
2.1422e-02,0.24,0.01
2.1424e-02,0.16,0.355
2.1426e-02,0.155,0.03
2.1427e-02,0.295,0.32
2.1429e-02,0.22,0.03
2.1430e-02,0.23,0.33
2.1432e-02,0.095,0.03
2.1434e-02,0.19,0.33
2.1435e-02,0.235,-0.005
2.1437e-02,0.24,0.355
2.1438e-02,0.185,0.01
2.1440e-02,0.14,0.345
2.1442e-02,0.21,0.02
2.1443e-02,0.355,0.34
2.1445e-02,0.23,0
2.1446e-02,0.22,0.355
2.1448e-02,0.19,-0.015
2.1450e-02,0.19,0.365
2.1451e-02,0.175,0.03
2.1453e-02,0.245,0.325
2.1454e-02,0.2,0.01
2.1456e-02,0.14,0.34
2.1458e-02,0.165,0.015
2.1459e-02,0.19,0.335
2.1461e-02,0.205,-0.015
2.1462e-02,0.275,0.37
2.1464e-02,0.185,-0.01
2.1466e-02,0.17,0.36
2.1467e-02,0.13,0.005
2.1469e-02,0.195,0.35
2.1470e-02,0.125,0
2.1472e-02,0.125,0.34
2.1474e-02,0.155,-0.005
2.1475e-02,0.095,0.345
2.1477e-02,0.2,0.025
2.1478e-02,0.2,0.325
2.1480e-02,0.13,0.01
2.1482e-02,0.245,0.33
2.1483e-02,0.18,-0.015
2.1485e-02,0.175,0.355
2.1486e-02,0.25,-0.015
2.1488e-02,0.195,0.355
2.1490e-02,0.155,-0.005
2.1491e-02,0.185,0.34
2.1493e-02,0.13,0.015
2.1494e-02,0.165,0.325
2.1496e-02,0.15,0.005
2.1498e-02,0.105,0.33
2.1499e-02,0.135,0.025
2.1501e-02,0.145,0.315
2.1502e-02,0.145,0.025
2.1504e-02,0.115,0.315
2.1506e-02,0.205,0.01
2.1507e-02,0.11,0.32
2.1509e-02,0.215,0.01
2.1510e-02,0.15,0.32
2.1512e-02,0.125,0.015
2.1514e-02,0.17,0.325
2.1515e-02,0.19,0.04
2.1517e-02,0.195,0.3
2.1518e-02,0.135,0.03
2.1520e-02,0.16,0.31
2.1522e-02,0.11,0.02
2.1523e-02,0.195,0.315
2.1525e-02,0.24,0.005
2.1526e-02,0.195,0.33
2.1528e-02,0.305,0.025
2.1530e-02,0.145,0.31
2.1531e-02,0.155,0.01
2.1533e-02,0.2,0.33
2.1534e-02,0.195,0.015
2.1536e-02,0.15,0.32
2.1538e-02,0.14,0.005
2.1539e-02,0.085,0.33
2.1541e-02,0.17,0.005
2.1542e-02,0.17,0.335
2.1544e-02,0.23,-0.01
2.1546e-02,0.16,0.35
2.1547e-02,0.28,-0.01
2.1549e-02,0.195,0.355
2.1550e-02,0.21,0.01
2.1552e-02,0.17,0.325
2.1554e-02,0.125,0.005
2.1555e-02,0.21,0.34
2.1557e-02,0.085,0.015
2.1558e-02,0.15,0.32
2.1560e-02,0.075,0.035
2.1562e-02,0.19,0.305
2.1563e-02,0.19,0.02
2.1565e-02,0.13,0.315
2.1566e-02,0.255,0.03
2.1568e-02,0.125,0.315
2.1570e-02,0.09,0.02
2.1571e-02,0.19,0.32
2.1573e-02,0.125,0
2.1574e-02,0.255,0.335
2.1576e-02,0.195,0.025
2.1578e-02,0.145,0.32
2.1579e-02,0.14,0
2.1581e-02,0.235,0.345
2.1582e-02,0.15,0
2.1584e-02,0.17,0.34
2.1586e-02,0.15,0.03
2.1587e-02,0.13,0.31
2.1589e-02,0.27,0.01
2.1590e-02,0.185,0.34
2.1592e-02,0.185,0.01
2.1594e-02,0.17,0.34
2.1595e-02,0.225,0
2.1597e-02,0.2,0.335
2.1598e-02,0.235,-0.005
2.1600e-02,0.155,0.345
2.1602e-02,0.18,0.015
2.1603e-02,0.195,0.33
2.1605e-02,0.175,-0.015
2.1606e-02,0.2,0.345
2.1608e-02,0.16,-0.01
2.1610e-02,0.125,0.345
2.1611e-02,0.155,-0.005
2.1613e-02,0.255,0.345
2.1614e-02,0.18,-0.015
2.1616e-02,0.165,0.34
2.1618e-02,0.19,0.005
2.1619e-02,0.14,0.33
2.1621e-02,0.285,-0.005
2.1622e-02,0.185,0.345
2.1624e-02,0.17,-0.01
2.1626e-02,0.15,0.34
2.1627e-02,0.25,0.005
2.1629e-02,0.17,0.33
2.1630e-02,0.245,0
2.1632e-02,0.185,0.33
2.1634e-02,0.16,-0.015
2.1635e-02,0.295,0.34
2.1637e-02,0.095,0.015
2.1638e-02,0.22,0.31
2.1640e-02,0.15,0.005
2.1642e-02,0.1,0.32
2.1643e-02,0.195,0.01
2.1645e-02,0.275,0.31
2.1646e-02,0.195,-0.045
2.1648e-02,0.22,0.365
2.1650e-02,0.16,-0.025
2.1651e-02,0.24,0.355
2.1653e-02,0.26,0
2.1654e-02,0.225,0.325
2.1656e-02,0.085,-0.015
2.1658e-02,0.16,0.34
2.1659e-02,0.19,-0.015
2.1661e-02,0.205,0.35
2.1662e-02,0.165,-0.005
2.1664e-02,0.085,0.33
2.1666e-02,0.105,0.01
2.1667e-02,0.175,0.31
2.1669e-02,0.125,0.005
2.1670e-02,0.135,0.325
2.1672e-02,0.16,-0.015
2.1674e-02,0.065,0.345
2.1675e-02,0.17,-0.01
2.1677e-02,0.105,0.33
2.1678e-02,0.22,0.005
2.1680e-02,0.185,0.315
2.1682e-02,0.205,0
2.1683e-02,0.17,0.32
2.1685e-02,0.16,0.005
2.1686e-02,0.23,0.315
2.1688e-02,0.145,0.01
2.1690e-02,0.17,0.305
2.1691e-02,0.215,-0.015
2.1693e-02,0.2,0.34
2.1694e-02,0.125,-0.005
2.1696e-02,0.085,0.33
2.1698e-02,0.1,0.01
2.1699e-02,0.19,0.315
2.1701e-02,0.12,-0.005
2.1702e-02,0.13,0.325
2.1704e-02,0.075,0.015
2.1706e-02,0.15,0.305
2.1707e-02,0.26,-0.01
2.1709e-02,0.155,0.335
2.1710e-02,0.195,0.005
2.1712e-02,0.14,0.31
2.1714e-02,0.175,-0.005
2.1715e-02,0.165,0.32
2.1717e-02,0.225,0.01
2.1718e-02,0.055,0.315
2.1720e-02,0.15,-0.025
2.1722e-02,0.1,0.335
2.1723e-02,0.135,0
2.1725e-02,0.265,0.32
2.1726e-02,0.2,0.005
2.1728e-02,0.14,0.315
2.1730e-02,0.16,-0.01
2.1731e-02,0.19,0.33
2.1733e-02,0.24,-0.015
2.1734e-02,0.185,0.34
2.1736e-02,0.105,0.005
2.1738e-02,0.005,0.305
2.1739e-02,0.165,0
2.1741e-02,0.135,0.315
2.1742e-02,0.125,0.025
2.1744e-02,0.065,0.305
2.1746e-02,0.135,-0.005
2.1747e-02,0.18,0.325
2.1749e-02,0.22,0
2.1750e-02,0.125,0.315
2.1752e-02,0.13,0.02
2.1754e-02,0.1,0.3
2.1755e-02,0.15,0
2.1757e-02,0.095,0.31
2.1758e-02,0.15,-0.005
2.1760e-02,0.06,0.315
2.1762e-02,0.125,-0.025
2.1763e-02,0.13,0.34
2.1765e-02,0.21,0
2.1766e-02,0.14,0.315
2.1768e-02,0.14,-0.015
2.1770e-02,0.17,0.325
2.1771e-02,0.15,-0.01
2.1773e-02,0.295,0.325
2.1774e-02,0.17,-0.025
2.1776e-02,0.115,0.345
2.1778e-02,0.16,-0.015
2.1779e-02,0.18,0.325
2.1781e-02,0.14,0
2.1782e-02,0.19,0.315
2.1784e-02,0.11,-0.015
2.1786e-02,0.105,0.325
2.1787e-02,0.165,0
2.1789e-02,0.12,0.305
2.1790e-02,0.19,0.005
2.1792e-02,0.185,0.305
2.1794e-02,0.12,0.005
2.1795e-02,0.185,0.305
2.1797e-02,0.17,0.005
2.1798e-02,0.2,0.3
2.1800e-02,0.18,-0.035
2.1802e-02,0.12,0.34
2.1803e-02,0.165,-0.03
2.1805e-02,0.145,0.34
2.1806e-02,0.18,-0.005
2.1808e-02,0.13,0.305
2.1810e-02,0.11,0.01
2.1811e-02,0.16,0.29
2.1813e-02,0.09,0.01
2.1814e-02,0.13,0.295
2.1816e-02,0.09,0
2.1818e-02,0.1,0.3
2.1819e-02,0.17,-0.02
2.1821e-02,0.085,0.32
2.1822e-02,0.14,0.015
2.1824e-02,0.21,0.29
2.1826e-02,0.16,-0.005
2.1827e-02,0.16,0.305
2.1829e-02,0.185,-0.005
2.1830e-02,0.09,0.305
2.1832e-02,0.095,0.01
2.1834e-02,0.11,0.305
2.1835e-02,0.08,-0.015
2.1837e-02,0.16,0.32
2.1838e-02,0.1,-0.015
2.1840e-02,0.05,0.32
2.1842e-02,0.04,-0.015
2.1843e-02,0.12,0.33
2.1845e-02,0.145,0.015
2.1846e-02,0.135,0.29
2.1848e-02,0.145,-0.01
2.1850e-02,0.15,0.315
2.1851e-02,0.21,0
2.1853e-02,0.155,0.305
2.1854e-02,0.175,-0.015
2.1856e-02,0.06,0.32
2.1858e-02,0.185,0.01
2.1859e-02,0.055,0.295
2.1861e-02,0.17,-0.015
2.1862e-02,0.12,0.33
2.1864e-02,0.09,-0.005
2.1866e-02,0.105,0.31
2.1867e-02,0.12,-0.015
2.1869e-02,0.14,0.315
2.1870e-02,0.13,-0.015
2.1872e-02,0.06,0.32
2.1874e-02,0.005,-0.025
2.1875e-02,0.19,0.33
2.1877e-02,0.035,-0.03
2.1878e-02,0.185,0.34
2.1880e-02,0.06,0.005
2.1882e-02,0.105,0.3
2.1883e-02,0.16,-0.04
2.1885e-02,0.195,0.35
2.1886e-02,0.195,-0.025
2.1888e-02,0.16,0.33
2.1890e-02,0.185,0
2.1891e-02,0.165,0.305
2.1893e-02,0.165,-0.04
2.1894e-02,0.265,0.335
2.1896e-02,0.11,-0.03
2.1898e-02,0.195,0.335
2.1899e-02,0.11,-0.025
2.1901e-02,0.105,0.33
2.1902e-02,0.185,0.005
2.1904e-02,0.105,0.295
2.1906e-02,0.1,-0.005
2.1907e-02,0.1,0.3
2.1909e-02,0.15,-0.005
2.1910e-02,0.245,0.305
2.1912e-02,0.16,-0.03
2.1914e-02,0.195,0.33
2.1915e-02,0.205,-0.005
2.1917e-02,0.215,0.305
2.1918e-02,0.205,-0.05
2.1920e-02,0.2,0.345
2.1922e-02,0.195,-0.02
2.1923e-02,0.1,0.325
2.1925e-02,0.165,-0.015
2.1926e-02,0.07,0.31
2.1928e-02,0.145,-0.025
2.1930e-02,0.06,0.32
2.1931e-02,0.025,-0.01
2.1933e-02,0.06,0.31
2.1934e-02,0.1,0.005
2.1936e-02,0.1,0.29
2.1938e-02,0.105,0.01
2.1939e-02,0.055,0.28
2.1941e-02,0.12,0.005
2.1942e-02,0.145,0.29
2.1944e-02,0.15,-0.01
2.1946e-02,0.145,0.305
2.1947e-02,0.1,-0.02
2.1949e-02,0.125,0.315
2.1950e-02,0.19,0.01
2.1952e-02,0.07,0.28
2.1954e-02,0.205,0
2.1955e-02,0.075,0.3
2.1957e-02,0.215,-0.015
2.1958e-02,0.175,0.305
2.1960e-02,0.255,-0.025
2.1962e-02,0.18,0.315
2.1963e-02,0.25,-0.015
2.1965e-02,0.125,0.305
2.1966e-02,0.225,-0.01
2.1968e-02,0.185,0.3
2.1970e-02,0.145,-0.035
2.1971e-02,0.155,0.31
2.1973e-02,0.05,-0.005
2.1974e-02,0.2,0.29
2.1976e-02,0.165,-0.02
2.1978e-02,0.215,0.305
2.1979e-02,0.195,-0.005
2.1981e-02,0.175,0.29
2.1982e-02,0.21,0.005
2.1984e-02,0.215,0.28
2.1986e-02,0.135,0
2.1987e-02,0.185,0.285
2.1989e-02,0.09,-0.02
2.1990e-02,0.12,0.305
2.1992e-02,0.17,-0.04
2.1994e-02,0.115,0.32
2.1995e-02,0.205,-0.025
2.1997e-02,0.12,0.305
2.1998e-02,0.09,-0.025
2.2000e-02,0.09,0.31
2.2002e-02,0.185,-0.02
2.2003e-02,0.155,0.31
2.2005e-02,0.165,-0.04
2.2006e-02,0.07,0.325
2.2008e-02,0.11,-0.015
2.2010e-02,0.245,0.295
2.2011e-02,0.135,0
2.2013e-02,0.17,0.29
2.2014e-02,0.04,-0.015
2.2016e-02,0.17,0.295
2.2018e-02,0.19,0.005
2.2019e-02,0.115,0.285
2.2021e-02,0.095,-0.05
2.2022e-02,0.05,0.33
2.2024e-02,0.125,-0.005
2.2026e-02,0.155,0.295
2.2027e-02,0.185,-0.035
2.2029e-02,0.095,0.315
2.2030e-02,0.185,-0.015
2.2032e-02,0.075,0.3
2.2034e-02,0.28,-0.055
2.2035e-02,0.235,0.34
2.2037e-02,0.22,-0.02
2.2038e-02,0.11,0.305
2.2040e-02,0.155,-0.015
2.2042e-02,0.185,0.295
2.2043e-02,0.22,-0.01
2.2045e-02,0.21,0.285
2.2046e-02,0.075,-0.005
2.2048e-02,0.09,0.285
2.2050e-02,0.15,-0.02
2.2051e-02,0.2,0.305
2.2053e-02,0.145,-0.015
2.2054e-02,0.14,0.3
2.2056e-02,0.115,-0.02
2.2058e-02,0.05,0.295
2.2059e-02,0.19,-0.045
2.2061e-02,0.075,0.32
2.2062e-02,0.14,-0.03
2.2064e-02,0.055,0.315
2.2066e-02,0.1,-0.02
2.2067e-02,0.125,0.295
2.2069e-02,0.21,-0.015
2.2070e-02,0.145,0.295
2.2072e-02,0.08,-0.035
2.2074e-02,0.16,0.31
2.2075e-02,0.135,-0.02
2.2077e-02,0.225,0.3
2.2078e-02,0.125,-0.01
2.2080e-02,0.035,0.29
2.2082e-02,0.17,-0.015
2.2083e-02,0.18,0.295
2.2085e-02,0.165,0.005
2.2086e-02,0.18,0.28
2.2088e-02,0.07,-0.015
2.2090e-02,0.115,0.3
2.2091e-02,0.19,-0.03
2.2093e-02,0.12,0.31
2.2094e-02,0.17,-0.04
2.2096e-02,0.115,0.32
2.2098e-02,0.025,-0.015
2.2099e-02,0.085,0.285
2.2101e-02,0.14,-0.02
2.2102e-02,0.13,0.295
2.2104e-02,0.185,-0.06
2.2106e-02,0.135,0.33
2.2107e-02,0.05,-0.025
2.2109e-02,0.21,0.305
2.2110e-02,0.065,-0.015
2.2112e-02,0.14,0.29
2.2114e-02,0.165,-0.02
2.2115e-02,0.04,0.29
2.2117e-02,0.2,-0.01
2.2118e-02,0.125,0.285
2.2120e-02,0.12,-0.015
2.2122e-02,0.145,0.29
2.2123e-02,0.095,-0.01
2.2125e-02,0.135,0.285
2.2126e-02,0.19,-0.025
2.2128e-02,0.165,0.3
2.2130e-02,0.085,-0.015
2.2131e-02,0.175,0.29
2.2133e-02,0.1,-0.03
2.2134e-02,0.28,0.305
2.2136e-02,0.125,-0.04
2.2138e-02,0.14,0.305
2.2139e-02,0.11,-0.005
2.2141e-02,0.16,0.28
2.2142e-02,0.115,-0.045
2.2144e-02,0.16,0.315
2.2146e-02,0.04,-0.03
2.2147e-02,0.105,0.3
2.2149e-02,0.13,-0.035
2.2150e-02,0.085,0.31
2.2152e-02,0.19,-0.025
2.2154e-02,-0.005,0.3
2.2155e-02,0.115,-0.005
2.2157e-02,0.05,0.285
2.2158e-02,0.17,-0.03
2.2160e-02,0.175,0.305
2.2162e-02,0.155,-0.02
2.2163e-02,0.135,0.295
2.2165e-02,0.09,-0.03
2.2166e-02,0.12,0.3
2.2168e-02,0.21,-0.045
2.2170e-02,0.135,0.32
2.2171e-02,0.1,-0.05
2.2173e-02,0.165,0.325
2.2174e-02,0.145,-0.04
2.2176e-02,0.19,0.315
2.2178e-02,0.185,-0.02
2.2179e-02,0.045,0.295
2.2181e-02,0.13,-0.02
2.2182e-02,0.065,0.295
2.2184e-02,0.145,-0.04
2.2186e-02,0.04,0.305
2.2187e-02,0.175,-0.045
2.2189e-02,0.11,0.31
2.2190e-02,0.16,-0.025
2.2192e-02,0.16,0.29
2.2194e-02,0.26,-0.015
2.2195e-02,0.115,0.295
2.2197e-02,0.2,-0.02
2.2198e-02,0.04,0.29
2.2200e-02,0.145,-0.045
2.2202e-02,0.14,0.315
2.2203e-02,0.11,-0.02
2.2205e-02,0.145,0.295
2.2206e-02,0.08,-0.03
2.2208e-02,0.25,0.295
2.2210e-02,0.15,-0.02
2.2211e-02,0.205,0.285
2.2213e-02,0.13,-0.02
2.2214e-02,0.14,0.29
2.2216e-02,0.18,-0.015
2.2218e-02,0.155,0.285
2.2219e-02,0.09,-0.01
2.2221e-02,0.125,0.27
2.2222e-02,0.115,-0.025
2.2224e-02,0.17,0.285
2.2226e-02,0.18,-0.025
2.2227e-02,0.18,0.285
2.2229e-02,0.15,-0.01
2.2230e-02,0.14,0.275
2.2232e-02,0.15,-0.015
2.2234e-02,0.15,0.275
2.2235e-02,0.205,-0.04
2.2237e-02,0.115,0.305
2.2238e-02,0.19,-0.03
2.2240e-02,0.145,0.295
2.2242e-02,0.265,-0.035
2.2243e-02,0.185,0.29
2.2245e-02,0.125,-0.045
2.2246e-02,0.155,0.3
2.2248e-02,0.125,-0.045
2.2250e-02,0.12,0.3
2.2251e-02,0.135,-0.05
2.2253e-02,-0.015,0.305
2.2254e-02,0.07,-0.035
2.2256e-02,0.065,0.285
2.2258e-02,0.12,-0.025
2.2259e-02,0.17,0.28
2.2261e-02,0.135,-0.035
2.2262e-02,0.175,0.28
2.2264e-02,0.155,-0.045
2.2266e-02,0.155,0.295
2.2267e-02,0.12,-0.04
2.2269e-02,0.125,0.29
2.2270e-02,0.055,-0.05
2.2272e-02,0.12,0.295
2.2274e-02,0.145,-0.02
2.2275e-02,0.195,0.275
2.2277e-02,0.195,-0.03
2.2278e-02,0.1,0.29
2.2280e-02,0.14,-0.045
2.2282e-02,0.03,0.29
2.2283e-02,0.16,-0.035
2.2285e-02,0.07,0.285
2.2286e-02,0.125,-0.01
2.2288e-02,0.185,0.26
2.2290e-02,0.07,-0.015
2.2291e-02,0.14,0.27
2.2293e-02,0.1,-0.06
2.2294e-02,0.135,0.305
2.2296e-02,0.24,-0.065
2.2298e-02,0.15,0.31
2.2299e-02,0.05,-0.03
2.2301e-02,0.08,0.285
2.2302e-02,0.07,-0.1
2.2304e-02,0.135,0.35
2.2306e-02,0.165,-0.055
2.2307e-02,0.185,0.31
2.2309e-02,0.16,-0.025
2.2310e-02,0.16,0.28
2.2312e-02,0.105,-0.04
2.2314e-02,0.1,0.29
2.2315e-02,0.16,-0.045
2.2317e-02,0.095,0.29
2.2318e-02,0.11,-0.04
2.2320e-02,0.055,0.295
2.2322e-02,0.105,-0.03
2.2323e-02,0.205,0.275
2.2325e-02,0.18,-0.05
2.2326e-02,0.1,0.3
2.2328e-02,0.075,-0.005
2.2330e-02,0.07,0.26
2.2331e-02,0.16,-0.065
2.2333e-02,0.155,0.325
2.2334e-02,0.09,-0.04
2.2336e-02,0.17,0.3
2.2338e-02,0.155,-0.035
2.2339e-02,0.145,0.285
2.2341e-02,0.07,-0.055
2.2342e-02,0.075,0.31
2.2344e-02,0.18,-0.005
2.2346e-02,0.09,0.265
2.2347e-02,0.17,-0.03
2.2349e-02,0.06,0.28
2.2350e-02,0.12,-0.01
2.2352e-02,0.005,0.27
2.2354e-02,0.165,-0.04
2.2355e-02,0.13,0.295
2.2357e-02,0.105,-0.03
2.2358e-02,0.215,0.29
2.2360e-02,0.065,-0.025
2.2362e-02,0.225,0.275
2.2363e-02,0.14,-0.01
2.2365e-02,0.1,0.27
2.2366e-02,0.08,-0.065
2.2368e-02,-0.035,0.315
2.2370e-02,0.12,-0.04
2.2371e-02,0.13,0.29
2.2373e-02,0.175,-0.04
2.2374e-02,0.095,0.29
2.2376e-02,0.145,-0.04
2.2378e-02,0.125,0.29
2.2379e-02,0.18,-0.035
2.2381e-02,0.125,0.285
2.2382e-02,0.075,-0.05
2.2384e-02,0.04,0.295
2.2386e-02,0.105,-0.04
2.2387e-02,0.1,0.29
2.2389e-02,0.185,-0.045
2.2390e-02,0.135,0.295
2.2392e-02,0.085,-0.035
2.2394e-02,0.135,0.28
2.2395e-02,0.12,-0.02
2.2397e-02,0.135,0.275
2.2398e-02,0.115,-0.05
2.2400e-02,-0.005,0.29
2.2402e-02,0.15,-0.035
2.2403e-02,0.15,0.28
2.2405e-02,0.2,-0.105
2.2406e-02,0.175,0.345
2.2408e-02,0.145,-0.065
2.2410e-02,0.11,0.31
2.2411e-02,0.16,-0.035
2.2413e-02,0.05,0.28
2.2414e-02,0.04,-0.065
2.2416e-02,0.1,0.31
2.2418e-02,-0.015,-0.055
2.2419e-02,0.17,0.29
2.2421e-02,0.08,-0.04
2.2422e-02,0.185,0.275
2.2424e-02,0.18,-0.065
2.2426e-02,0.085,0.29
2.2427e-02,0.13,-0.03
2.2429e-02,0.1,0.275
2.2430e-02,0.155,-0.05
2.2432e-02,0.05,0.285
2.2434e-02,0.03,-0.025
2.2435e-02,0.085,0.265
2.2437e-02,0.135,-0.035
2.2438e-02,0.165,0.265
2.2440e-02,0.12,-0.01
2.2442e-02,0.105,0.24
2.2443e-02,0.12,-0.065
2.2445e-02,0.11,0.295
2.2446e-02,0.125,-0.065
2.2448e-02,0.085,0.3
2.2450e-02,0.015,-0.04
2.2451e-02,0.07,0.265
2.2453e-02,0.015,-0.035
2.2454e-02,0.1,0.265
2.2456e-02,0.13,-0.05
2.2458e-02,0.07,0.28
2.2459e-02,0.13,-0.035
2.2461e-02,0.06,0.275
2.2462e-02,0.21,-0.02
2.2464e-02,0.17,0.255
2.2466e-02,0.105,-0.025
2.2467e-02,0.16,0.255
2.2469e-02,0.02,-0.06
2.2470e-02,0.165,0.295
2.2472e-02,0.11,-0.04
2.2474e-02,0.065,0.275
2.2475e-02,0.075,-0.055
2.2477e-02,0.03,0.295
2.2478e-02,0.155,-0.05
2.2480e-02,0.075,0.285
2.2482e-02,0.21,-0.04
2.2483e-02,0.135,0.27
2.2485e-02,0.14,-0.075
2.2486e-02,0.13,0.3
2.2488e-02,0.115,-0.045
2.2490e-02,0.12,0.27
2.2491e-02,-0.01,-0.05
2.2493e-02,0.07,0.28
2.2494e-02,0.03,-0.03
2.2496e-02,0.195,0.265
2.2498e-02,0.225,-0.04
2.2499e-02,0.15,0.275
2.2501e-02,0.165,-0.04
2.2502e-02,0.19,0.27
2.2504e-02,0.145,-0.04
2.2506e-02,0.105,0.275
2.2507e-02,0.06,-0.045
2.2509e-02,0.03,0.28
2.2510e-02,0.095,-0.035
2.2512e-02,0.135,0.27
2.2514e-02,0.09,-0.06
2.2515e-02,0.1,0.29
2.2517e-02,0.075,-0.075
2.2518e-02,0.055,0.3
2.2520e-02,0.16,-0.045
2.2522e-02,0.085,0.275
2.2523e-02,0.19,-0.03
2.2525e-02,0.1,0.255
2.2526e-02,0.06,-0.035
2.2528e-02,0.06,0.26
2.2530e-02,0.135,-0.045
2.2531e-02,0.16,0.28
2.2533e-02,0.125,-0.095
2.2534e-02,0.125,0.325
2.2536e-02,0.115,-0.055
2.2538e-02,0.185,0.28
2.2539e-02,0.13,-0.085
2.2541e-02,0.09,0.3
2.2542e-02,0.075,-0.045
2.2544e-02,0.04,0.275
2.2546e-02,0.11,-0.07
2.2547e-02,0.08,0.295
2.2549e-02,0.07,-0.05
2.2550e-02,0.07,0.275
2.2552e-02,0.08,-0.08
2.2554e-02,0.095,0.305
2.2555e-02,0.09,-0.08
2.2557e-02,0.185,0.3
2.2558e-02,0.095,-0.05
2.2560e-02,0.16,0.275
2.2562e-02,0.095,-0.04
2.2563e-02,0.195,0.26
2.2565e-02,0.18,-0.05
2.2566e-02,0.07,0.275
2.2568e-02,0.125,-0.045
2.2570e-02,0.08,0.265
2.2571e-02,0.21,-0.04
2.2573e-02,0.175,0.26
2.2574e-02,0.16,-0.06
2.2576e-02,0.115,0.285
2.2578e-02,0.07,-0.04
2.2579e-02,0.14,0.265
2.2581e-02,0.095,-0.11
2.2582e-02,0.125,0.335
2.2584e-02,0.07,-0.04
2.2586e-02,0.07,0.26
2.2587e-02,0.035,-0.055
2.2589e-02,0.055,0.285
2.2590e-02,0.065,-0.06
2.2592e-02,0.155,0.28
2.2594e-02,0.09,-0.04
2.2595e-02,0.18,0.255
2.2597e-02,0.13,-0.07
2.2598e-02,0.19,0.29
2.2600e-02,0.12,-0.035
2.2602e-02,0.04,0.25
2.2603e-02,0.105,-0.045
2.2605e-02,0.1,0.27
2.2606e-02,0.175,-0.06
2.2608e-02,0.15,0.27
2.2610e-02,0.16,-0.08
2.2611e-02,0.13,0.29
2.2613e-02,0.12,-0.055
2.2614e-02,0.135,0.275
2.2616e-02,0.025,-0.05
2.2618e-02,0.145,0.28
2.2619e-02,0.06,-0.035
2.2621e-02,0.12,0.26
2.2622e-02,0.16,-0.025
2.2624e-02,0.065,0.245
2.2626e-02,0.205,-0.03
2.2627e-02,0.035,0.25
2.2629e-02,0.12,-0.035
2.2630e-02,0.03,0.25
2.2632e-02,0.13,-0.035
2.2634e-02,0.07,0.26
2.2635e-02,0.14,-0.065
2.2637e-02,0.025,0.285
2.2638e-02,0.12,-0.05
2.2640e-02,0.115,0.28
2.2642e-02,0.16,-0.08
2.2643e-02,0.16,0.29
2.2645e-02,0.06,-0.08
2.2646e-02,0.18,0.305
2.2648e-02,0.135,-0.065
2.2650e-02,0.06,0.285
2.2651e-02,0.17,-0.06
2.2653e-02,0.12,0.275
2.2654e-02,0.2,-0.065
2.2656e-02,0.18,0.28
2.2658e-02,0.09,-0.07
2.2659e-02,0.115,0.28
2.2661e-02,0.125,-0.065
2.2662e-02,0.13,0.285
2.2664e-02,0.085,-0.06
2.2666e-02,0.07,0.28
2.2667e-02,0.07,-0.035
2.2669e-02,0.045,0.25
2.2670e-02,0.175,-0.055
2.2672e-02,0.12,0.265
2.2674e-02,0.095,-0.075
2.2675e-02,0.095,0.29
2.2677e-02,0.005,-0.06
2.2678e-02,0.03,0.275
2.2680e-02,0.095,-0.05
2.2682e-02,0.115,0.275
2.2683e-02,0.17,-0.05
2.2685e-02,0.085,0.26
2.2686e-02,0.105,-0.045
2.2688e-02,0.14,0.25
2.2690e-02,0.22,-0.055
2.2691e-02,0.04,0.27
2.2693e-02,0.045,-0.07
2.2694e-02,0.065,0.28
2.2696e-02,0.07,-0.04
2.2698e-02,0.195,0.25
2.2699e-02,0.125,-0.055
2.2701e-02,0.065,0.27
2.2702e-02,0.195,-0.055
2.2704e-02,0.085,0.275
2.2706e-02,0.175,-0.05
2.2707e-02,0.05,0.265
2.2709e-02,0.005,-0.06
2.2710e-02,0.09,0.27
2.2712e-02,0.1,-0.04
2.2714e-02,0.195,0.25
2.2715e-02,0.165,-0.06
2.2717e-02,0.095,0.265
2.2718e-02,0.09,-0.06
2.2720e-02,0.06,0.27
2.2722e-02,0.165,-0.045
2.2723e-02,0.13,0.255
2.2725e-02,0.09,-0.04
2.2726e-02,0.055,0.25
2.2728e-02,0.055,-0.07
2.2730e-02,0.14,0.27
2.2731e-02,0.12,-0.055
2.2733e-02,0.055,0.255
2.2734e-02,0.07,-0.05
2.2736e-02,0.12,0.255
2.2738e-02,0.01,-0.06
2.2739e-02,0.185,0.265
2.2741e-02,0.045,-0.06
2.2742e-02,0.11,0.275
2.2744e-02,0.125,-0.045
2.2746e-02,0.08,0.25
2.2747e-02,0.09,-0.085
2.2749e-02,0.055,0.275
2.2750e-02,0.145,-0.045
2.2752e-02,0.055,0.25
2.2754e-02,0.165,-0.04
2.2755e-02,0.085,0.25
2.2757e-02,0.145,-0.06
2.2758e-02,0.02,0.26
2.2760e-02,0.185,-0.055
2.2762e-02,0.12,0.26
2.2763e-02,0.13,-0.075
2.2765e-02,0.065,0.28
2.2766e-02,-0.03,-0.05
2.2768e-02,0.095,0.25
2.2770e-02,0.16,-0.07
2.2771e-02,0.13,0.265
2.2773e-02,0.13,-0.055
2.2774e-02,0.07,0.26
2.2776e-02,0.145,-0.07
2.2778e-02,0.145,0.27
2.2779e-02,0.14,-0.04
2.2781e-02,0.13,0.245
2.2782e-02,0.07,-0.05
2.2784e-02,-0.005,0.255
2.2786e-02,0.06,-0.065
2.2787e-02,0.08,0.265
2.2789e-02,0.08,-0.045
2.2790e-02,0.06,0.25
2.2792e-02,0.07,-0.035
2.2794e-02,0.03,0.23
2.2795e-02,0.165,-0.05
2.2797e-02,0.07,0.26
2.2798e-02,0.02,-0.04
2.2800e-02,0.05,0.245
2.2802e-02,0.015,-0.04
2.2803e-02,0.125,0.25
2.2805e-02,0.07,-0.08
2.2806e-02,0.05,0.275
2.2808e-02,0.105,-0.05
2.2810e-02,0.125,0.25
2.2811e-02,0.095,-0.075
2.2813e-02,0.13,0.275
2.2814e-02,0.02,-0.045
2.2816e-02,0.11,0.24
2.2818e-02,0.11,-0.035
2.2819e-02,0.11,0.235
2.2821e-02,0.18,-0.04
2.2822e-02,0.115,0.23
2.2824e-02,0.17,-0.06
2.2826e-02,0.09,0.255
2.2827e-02,0.025,-0.05
2.2829e-02,0.09,0.245
2.2830e-02,0.07,-0.065
2.2832e-02,0.09,0.255
2.2834e-02,0.12,-0.04
2.2835e-02,0.185,0.235
2.2837e-02,0.05,-0.075
2.2838e-02,-0.02,0.265
2.2840e-02,0.065,-0.08
2.2842e-02,0.08,0.27
2.2843e-02,0.16,-0.05
2.2845e-02,0.125,0.24
2.2846e-02,0.1,-0.065
2.2848e-02,0.035,0.25
2.2850e-02,0.115,-0.06
2.2851e-02,0.05,0.255
2.2853e-02,0.06,-0.065
2.2854e-02,0.08,0.255
2.2856e-02,0.135,-0.095
2.2858e-02,0.205,0.28
2.2859e-02,0.115,-0.04
2.2861e-02,0.05,0.225
2.2862e-02,0.05,-0.06
2.2864e-02,0.06,0.25
2.2866e-02,0.11,-0.075
2.2867e-02,0.13,0.265
2.2869e-02,0.07,-0.075
2.2870e-02,0.215,0.265
2.2872e-02,0.19,-0.05
2.2874e-02,0.085,0.245
2.2875e-02,0.085,-0.075
2.2877e-02,-0.025,0.265
2.2878e-02,0.07,-0.075
2.2880e-02,0.085,0.26
2.2882e-02,0.08,-0.09
2.2883e-02,0.085,0.275
2.2885e-02,0.17,-0.065
2.2886e-02,0.07,0.255
2.2888e-02,0.13,-0.085
2.2890e-02,0.135,0.27
2.2891e-02,0,-0.065
2.2893e-02,0.15,0.26
2.2894e-02,0.065,-0.055
2.2896e-02,0.15,0.245
2.2898e-02,0.1,-0.055
2.2899e-02,0.055,0.24
2.2901e-02,0.04,-0.06
2.2902e-02,0.02,0.25
2.2904e-02,0.08,-0.06
2.2906e-02,0.11,0.25
2.2907e-02,0.035,-0.06
2.2909e-02,0.04,0.255
2.2910e-02,0.165,-0.05
2.2912e-02,0.165,0.235
2.2914e-02,0.115,-0.045
2.2915e-02,0.05,0.24
2.2917e-02,0.025,-0.065
2.2918e-02,0.05,0.255
2.2920e-02,0.16,-0.055
2.2922e-02,0.085,0.24
2.2923e-02,0.085,-0.025
2.2925e-02,0.125,0.215
2.2926e-02,0.075,-0.075
2.2928e-02,0.095,0.26
2.2930e-02,0.07,-0.055
2.2931e-02,0.075,0.24
2.2933e-02,0.105,-0.07
2.2934e-02,0.09,0.26
2.2936e-02,0.035,-0.055
2.2938e-02,0.105,0.245
2.2939e-02,0.02,-0.115
2.2941e-02,0.14,0.29
2.2942e-02,0.145,-0.055
2.2944e-02,0.13,0.235
2.2946e-02,0.105,-0.045
2.2947e-02,0.14,0.235
2.2949e-02,-0.005,-0.07
2.2950e-02,0.085,0.25
2.2952e-02,0.075,-0.085
2.2954e-02,0.135,0.27
2.2955e-02,0.135,-0.065
2.2957e-02,0.135,0.255
2.2958e-02,0.06,-0.075
2.2960e-02,0.145,0.255
2.2962e-02,-0.005,-0.09
2.2963e-02,0.13,0.265
2.2965e-02,0.105,-0.07
2.2966e-02,0.125,0.255
2.2968e-02,0.095,-0.075
2.2970e-02,0.085,0.265
2.2971e-02,0.085,-0.065
2.2973e-02,0.13,0.25
2.2974e-02,0.055,-0.055
2.2976e-02,0.02,0.245
2.2978e-02,0.06,-0.055
2.2979e-02,0.105,0.24
2.2981e-02,0.2,-0.07
2.2982e-02,0.08,0.245
2.2984e-02,0.08,-0.055
2.2986e-02,0.035,0.245
2.2987e-02,0.15,-0.065
2.2989e-02,0.12,0.245
2.2990e-02,0.09,-0.07
2.2992e-02,0.08,0.26
2.2994e-02,0.025,-0.055
2.2995e-02,0.13,0.235
2.2997e-02,0.115,-0.055
2.2998e-02,0.045,0.23
2.3000e-02,0.08,-0.08
2.3002e-02,0.065,0.265
2.3003e-02,0.035,-0.055
2.3005e-02,0.165,0.23
2.3006e-02,0.065,-0.05
2.3008e-02,0.06,0.23
2.3010e-02,0.08,-0.065
2.3011e-02,0.13,0.24
2.3013e-02,0.125,-0.085
2.3014e-02,0.175,0.265
2.3016e-02,0.04,-0.06
2.3018e-02,0.055,0.235
2.3019e-02,0.06,-0.085
2.3021e-02,0.065,0.265
2.3022e-02,0.015,-0.085
2.3024e-02,0.035,0.265
2.3026e-02,0.035,-0.05
2.3027e-02,0.195,0.23
2.3029e-02,0.095,-0.08
2.3030e-02,0.12,0.25
2.3032e-02,0.055,-0.055
2.3034e-02,0.12,0.225
2.3035e-02,0.05,-0.075
2.3037e-02,0.08,0.245
2.3038e-02,0,-0.075
2.3040e-02,0.06,0.245
2.3042e-02,0.13,-0.075
2.3043e-02,0.105,0.245
2.3045e-02,0.09,-0.085
2.3046e-02,0.08,0.255
2.3048e-02,0.11,-0.06
2.3050e-02,0.01,0.235
2.3051e-02,0.04,-0.09
2.3053e-02,0.045,0.255
2.3054e-02,0.05,-0.07
2.3056e-02,0.065,0.24
2.3058e-02,0.055,-0.06
2.3059e-02,0.08,0.235
2.3061e-02,0.09,-0.105
2.3062e-02,0.095,0.275
2.3064e-02,0.06,-0.09
2.3066e-02,0.135,0.26
2.3067e-02,0.1,-0.065
2.3069e-02,0.115,0.235
2.3070e-02,0.105,-0.07
2.3072e-02,0.155,0.24
2.3074e-02,0.085,-0.09
2.3075e-02,0.13,0.25
2.3077e-02,0.01,-0.07
2.3078e-02,0.065,0.235
2.3080e-02,0.06,-0.095
2.3082e-02,0.07,0.26
2.3083e-02,0.07,-0.1
2.3085e-02,0.06,0.27
2.3086e-02,0.085,-0.06
2.3088e-02,0.195,0.235
2.3090e-02,0.09,-0.06
2.3091e-02,0.085,0.235
2.3093e-02,0.005,-0.095
2.3094e-02,0.12,0.255
2.3096e-02,0.01,-0.085
2.3098e-02,0.105,0.25
2.3099e-02,0.045,-0.055
2.3101e-02,0.055,0.225
2.3102e-02,0.125,-0.075
2.3104e-02,0.135,0.245
2.3106e-02,0.09,-0.075
2.3107e-02,0.11,0.245
2.3109e-02,0.05,-0.095
2.3110e-02,-0.03,0.255
2.3112e-02,0.105,-0.07
2.3114e-02,0.065,0.24
2.3115e-02,0.13,-0.07
2.3117e-02,0.055,0.24
2.3118e-02,0.085,-0.085
2.3120e-02,0.165,0.245
2.3122e-02,0.11,-0.075
2.3123e-02,0.09,0.24
2.3125e-02,0.055,-0.075
2.3126e-02,0.06,0.24
2.3128e-02,0.145,-0.065
2.3130e-02,0.12,0.225
2.3131e-02,0.01,-0.085
2.3133e-02,0,0.245
2.3134e-02,0.07,-0.075
2.3136e-02,0.125,0.235
2.3138e-02,0.14,-0.065
2.3139e-02,0.085,0.235
2.3141e-02,0.045,-0.08
2.3142e-02,0.145,0.25
2.3144e-02,0.17,-0.065
2.3146e-02,0.135,0.235
2.3147e-02,0.115,-0.065
2.3149e-02,0.015,0.23
2.3150e-02,0.045,-0.095
2.3152e-02,0.005,0.255
2.3154e-02,0.095,-0.065
2.3155e-02,0.08,0.23
2.3157e-02,0.075,-0.09
2.3158e-02,0.03,0.255
2.3160e-02,0.08,-0.09
2.3162e-02,0.015,0.25
2.3163e-02,0.14,-0.125
2.3165e-02,0.07,0.285
2.3166e-02,0.08,-0.085
2.3168e-02,0.075,0.24
2.3170e-02,0.13,-0.095
2.3171e-02,0.105,0.25
2.3173e-02,0.07,-0.095
2.3174e-02,0.05,0.245
2.3176e-02,0.095,-0.095
2.3178e-02,0.075,0.255
2.3179e-02,0.01,-0.06
2.3181e-02,-0.005,0.225
2.3182e-02,0.065,-0.06
2.3184e-02,0.135,0.22
2.3186e-02,0.145,-0.055
2.3187e-02,0.17,0.215
2.3189e-02,0.07,-0.07
2.3190e-02,0.11,0.23
2.3192e-02,0.05,-0.075
2.3194e-02,0.05,0.235
2.3195e-02,0.06,-0.06
2.3197e-02,0.025,0.225
2.3198e-02,0.125,-0.085
2.3200e-02,0.065,0.245
2.3202e-02,0.085,-0.055
2.3203e-02,0.12,0.215
2.3205e-02,0.09,-0.07
2.3206e-02,0.05,0.23
2.3208e-02,0.115,-0.07
2.3210e-02,0.115,0.225
2.3211e-02,0.115,-0.08
2.3213e-02,0.075,0.235
2.3214e-02,0.06,-0.085
2.3216e-02,0.1,0.245
2.3218e-02,0.1,-0.075
2.3219e-02,0.085,0.23
2.3221e-02,0.025,-0.075
2.3222e-02,0.06,0.23
2.3224e-02,0.12,-0.11
2.3226e-02,0.165,0.255
2.3227e-02,0.055,-0.09
2.3229e-02,0.11,0.25
2.3230e-02,0.12,-0.07
2.3232e-02,0.165,0.225
2.3234e-02,0.125,-0.075
2.3235e-02,0.01,0.23
2.3237e-02,0.105,-0.1
2.3238e-02,0.04,0.26
2.3240e-02,0.095,-0.105
2.3242e-02,0.08,0.25
2.3243e-02,0.065,-0.1
2.3245e-02,0.04,0.245
2.3246e-02,0.07,-0.07
2.3248e-02,0.095,0.22
2.3250e-02,0.125,-0.085
2.3251e-02,0.115,0.235
2.3253e-02,0.005,-0.1
2.3254e-02,0.035,0.24
2.3256e-02,0.085,-0.095
2.3258e-02,0.125,0.24
2.3259e-02,0.195,-0.07
2.3261e-02,0.065,0.225
2.3262e-02,0.05,-0.07
2.3264e-02,0.065,0.225
2.3266e-02,0.15,-0.08
2.3267e-02,0.09,0.235
2.3269e-02,0.035,-0.07
2.3270e-02,-0.005,0.22
2.3272e-02,0.08,-0.09
2.3274e-02,0.065,0.235
2.3275e-02,0.09,-0.08
2.3277e-02,0.1,0.225
2.3278e-02,0.03,-0.09
2.3280e-02,0.145,0.24
2.3282e-02,0.09,-0.085
2.3283e-02,0.12,0.23
2.3285e-02,0.1,-0.095
2.3286e-02,0.03,0.235
2.3288e-02,0.025,-0.075
2.3290e-02,0.085,0.22
2.3291e-02,0.04,-0.08
2.3293e-02,0.145,0.23
2.3294e-02,0.085,-0.085
2.3296e-02,0.09,0.225
2.3298e-02,0.15,-0.085
2.3299e-02,0.12,0.235
2.3301e-02,0.065,-0.075
2.3302e-02,0.08,0.225
2.3304e-02,0.03,-0.08
2.3306e-02,0.085,0.23
2.3307e-02,0.05,-0.115
2.3309e-02,-0.035,0.25
2.3310e-02,0.085,-0.075
2.3312e-02,0.025,0.22
2.3314e-02,0.145,-0.07
2.3315e-02,0.015,0.21
2.3317e-02,0.075,-0.08
2.3318e-02,0.035,0.23
2.3320e-02,0.125,-0.075
2.3322e-02,0.13,0.22
2.3323e-02,0.135,-0.095
2.3325e-02,0.025,0.24
2.3326e-02,0.06,-0.07
2.3328e-02,0.095,0.215
2.3330e-02,0.095,-0.075
2.3331e-02,-0.03,0.225
2.3333e-02,0.06,-0.105
2.3334e-02,0.06,0.245
2.3336e-02,0.14,-0.08
2.3338e-02,0.155,0.23
2.3339e-02,0.1,-0.08
2.3341e-02,0.04,0.22
2.3342e-02,0.055,-0.075
2.3344e-02,0.025,0.22
2.3346e-02,0.1,-0.12
2.3347e-02,0.095,0.255
2.3349e-02,0.015,-0.085
2.3350e-02,0.09,0.235
2.3352e-02,0.025,-0.085
2.3354e-02,0.105,0.23
2.3355e-02,0.1,-0.08
2.3357e-02,0.035,0.22
2.3358e-02,-0.02,-0.075
2.3360e-02,0.095,0.225
2.3362e-02,0.015,-0.105
2.3363e-02,0.12,0.25
2.3365e-02,0.03,-0.095
2.3366e-02,0.03,0.23
2.3368e-02,0.08,-0.085
2.3370e-02,0.08,0.24
2.3371e-02,0.095,-0.075
2.3373e-02,0.015,0.215
2.3374e-02,0.01,-0.095
2.3376e-02,0.06,0.235
2.3378e-02,0.1,-0.09
2.3379e-02,0.065,0.225
2.3381e-02,0.08,-0.115
2.3382e-02,0.015,0.25
2.3384e-02,0.17,-0.07
2.3386e-02,0.06,0.21
2.3387e-02,0.065,-0.1
2.3389e-02,0.03,0.24
2.3390e-02,0.055,-0.065
2.3392e-02,0.075,0.205
2.3394e-02,0.09,-0.105
2.3395e-02,0.09,0.24
2.3397e-02,0.11,-0.095
2.3398e-02,0.1,0.235
2.3400e-02,0.15,-0.09
2.3402e-02,0.035,0.235
2.3403e-02,0.085,-0.08
2.3405e-02,0.025,0.21
2.3406e-02,0.005,-0.105
2.3408e-02,0.08,0.23
2.3410e-02,0.015,-0.11
2.3411e-02,0.195,0.235
2.3413e-02,0,-0.105
2.3414e-02,0.11,0.235
2.3416e-02,0.02,-0.095
2.3418e-02,0.085,0.235
2.3419e-02,0.075,-0.08
2.3421e-02,0.08,0.215
2.3422e-02,0.06,-0.09
2.3424e-02,0.135,0.225
2.3426e-02,0.055,-0.12
2.3427e-02,0.03,0.255
2.3429e-02,-0.065,-0.105
2.3430e-02,0.05,0.24
2.3432e-02,0.085,-0.1
2.3434e-02,0.07,0.23
2.3435e-02,0.05,-0.095
2.3437e-02,0.01,0.23
2.3438e-02,0.125,-0.11
2.3440e-02,0.14,0.24
2.3442e-02,0.105,-0.105
2.3443e-02,0.005,0.235
2.3445e-02,0.095,-0.115
2.3446e-02,-0.02,0.235
2.3448e-02,0.1,-0.1
2.3450e-02,0,0.23
2.3451e-02,0.07,-0.095
2.3453e-02,0.05,0.225
2.3454e-02,0.075,-0.075
2.3456e-02,0.135,0.205
2.3458e-02,0.095,-0.075
2.3459e-02,0.05,0.21
2.3461e-02,0.07,-0.095
2.3462e-02,0,0.225
2.3464e-02,0.085,-0.125
2.3466e-02,0.055,0.25
2.3467e-02,0.115,-0.1
2.3469e-02,0.08,0.235
2.3470e-02,0.07,-0.12
2.3472e-02,0.14,0.24
2.3474e-02,0.025,-0.14
2.3475e-02,0.12,0.27
2.3477e-02,-0.045,-0.11
2.3478e-02,0.145,0.245
2.3480e-02,0.115,-0.095
2.3482e-02,0.18,0.23
2.3483e-02,0.035,-0.085
2.3485e-02,0.04,0.215
2.3486e-02,0.055,-0.09
2.3488e-02,0.04,0.215
2.3490e-02,-0.025,-0.105
2.3491e-02,0.04,0.225
2.3493e-02,0.035,-0.115
2.3494e-02,0.16,0.24
2.3496e-02,0.035,-0.095
2.3498e-02,0.07,0.22
2.3499e-02,-0.05,-0.115
2.3501e-02,0.145,0.25
2.3502e-02,0.095,-0.085
2.3504e-02,0.135,0.22
2.3506e-02,0.095,-0.115
2.3507e-02,0.04,0.24
2.3509e-02,0.05,-0.125
2.3510e-02,0.04,0.255
2.3512e-02,0.035,-0.085
2.3514e-02,0.085,0.21
2.3515e-02,0.065,-0.105
2.3517e-02,0.055,0.23
2.3518e-02,0.08,-0.085
2.3520e-02,0.065,0.215
2.3522e-02,0.11,-0.085
2.3523e-02,0.08,0.215
2.3525e-02,0.1,-0.1
2.3526e-02,0.075,0.22
2.3528e-02,0.075,-0.075
2.3530e-02,0.025,0.205
2.3531e-02,-0.05,-0.09
2.3533e-02,0.09,0.21
2.3534e-02,0.095,-0.1
2.3536e-02,0.13,0.225
2.3538e-02,0.11,-0.095
2.3539e-02,0.09,0.215
2.3541e-02,0.08,-0.105
2.3542e-02,0.09,0.225
2.3544e-02,-0.03,-0.09
2.3546e-02,0.01,0.21
2.3547e-02,-0.01,-0.085
2.3549e-02,0.14,0.215
2.3550e-02,0.08,-0.095
2.3552e-02,0.02,0.22
2.3554e-02,0.095,-0.115
2.3555e-02,-0.005,0.235
2.3557e-02,0.1,-0.145
2.3558e-02,-0.075,0.26
2.3560e-02,-0.03,-0.09
2.3562e-02,0.015,0.21
2.3563e-02,0.08,-0.095
2.3565e-02,0.075,0.21
2.3566e-02,0.105,-0.08
2.3568e-02,0,0.205
2.3570e-02,0.065,-0.095
2.3571e-02,-0.03,0.205
2.3573e-02,0.065,-0.095
2.3574e-02,0.1,0.21
2.3576e-02,0.075,-0.09
2.3578e-02,0.09,0.21
2.3579e-02,0.09,-0.125
2.3581e-02,0.12,0.24
2.3582e-02,0.16,-0.11
2.3584e-02,0.015,0.23
2.3586e-02,0.03,-0.09
2.3587e-02,0.065,0.21
2.3589e-02,0.02,-0.115
2.3590e-02,0.08,0.235
2.3592e-02,0.02,-0.13
2.3594e-02,0.06,0.245
2.3595e-02,0.115,-0.085
2.3597e-02,0.075,0.195
2.3598e-02,0.015,-0.1
2.3600e-02,0.04,0.215
2.3602e-02,0.08,-0.095
2.3603e-02,0.07,0.21
2.3605e-02,0.04,-0.075
2.3606e-02,0,0.195
2.3608e-02,0.09,-0.085
2.3610e-02,0.12,0.2
2.3611e-02,0.08,-0.095
2.3613e-02,0.125,0.22
2.3614e-02,-0.035,-0.135
2.3616e-02,0.045,0.245
2.3618e-02,0.08,-0.1
2.3619e-02,0.045,0.21
2.3621e-02,0.13,-0.145
2.3622e-02,0.035,0.265
2.3624e-02,0.025,-0.1
2.3626e-02,0.025,0.205
2.3627e-02,0.005,-0.125
2.3629e-02,0.1,0.235
2.3630e-02,0.025,-0.115
2.3632e-02,0.06,0.225
2.3634e-02,0,-0.115
2.3635e-02,0.055,0.225
2.3637e-02,0.055,-0.12
2.3638e-02,0.02,0.235
2.3640e-02,-0.005,-0.125
2.3642e-02,0.09,0.235
2.3643e-02,0.07,-0.105
2.3645e-02,0.045,0.215
2.3646e-02,0.045,-0.105
2.3648e-02,-0.05,0.22
2.3650e-02,0.095,-0.12
2.3651e-02,0.07,0.235
2.3653e-02,0.005,-0.105
2.3654e-02,0.085,0.22
2.3656e-02,0.065,-0.105
2.3658e-02,0.08,0.21
2.3659e-02,0.06,-0.095
2.3661e-02,0.09,0.205
2.3662e-02,0.045,-0.085
2.3664e-02,0.195,0.205
2.3666e-02,0.095,-0.11
2.3667e-02,0.035,0.22
2.3669e-02,0.035,-0.095
2.3670e-02,0.035,0.2
2.3672e-02,0.08,-0.115
2.3674e-02,0.155,0.225
2.3675e-02,0.09,-0.09
2.3677e-02,0.045,0.205
2.3678e-02,0.05,-0.14
2.3680e-02,-0.035,0.255
2.3682e-02,0.015,-0.15
2.3683e-02,0.1,0.255
2.3685e-02,0.05,-0.105
2.3686e-02,0.085,0.205
2.3688e-02,0.07,-0.11
2.3690e-02,0.09,0.22
2.3691e-02,0.09,-0.125
2.3693e-02,0,0.23
2.3694e-02,0.06,-0.115
2.3696e-02,0.005,0.215
2.3698e-02,0.15,-0.085
2.3699e-02,-0.005,0.2
2.3701e-02,0.065,-0.105
2.3702e-02,0.065,0.215
2.3704e-02,0.075,-0.105
2.3706e-02,0.13,0.21
2.3707e-02,0.01,-0.125
2.3709e-02,0.03,0.225
2.3710e-02,0.05,-0.105
2.3712e-02,0.17,0.21
2.3714e-02,0.035,-0.115
2.3715e-02,0.11,0.22
2.3717e-02,-0.01,-0.135
2.3718e-02,0.065,0.24
2.3720e-02,0.005,-0.105
2.3722e-02,0.07,0.22
2.3723e-02,-0.005,-0.135
2.3725e-02,0.09,0.24
2.3726e-02,-0.08,-0.105
2.3728e-02,0.045,0.205
2.3730e-02,0.04,-0.135
2.3731e-02,0.13,0.24
2.3733e-02,0.045,-0.145
2.3734e-02,0.145,0.25
2.3736e-02,0.075,-0.115
2.3738e-02,0.09,0.23
2.3739e-02,0.07,-0.135
2.3741e-02,0.045,0.24
2.3742e-02,0.02,-0.15
2.3744e-02,0.165,0.25
2.3746e-02,0.12,-0.125
2.3747e-02,0.095,0.225
2.3749e-02,0.09,-0.155
2.3750e-02,0.02,0.245
2.3752e-02,0.03,-0.125
2.3754e-02,0.095,0.22
2.3755e-02,-0.045,-0.11
2.3757e-02,0.025,0.215
2.3758e-02,0.08,-0.11
2.3760e-02,0.07,0.22
2.3762e-02,0.085,-0.145
2.3763e-02,0.03,0.245
2.3765e-02,0.08,-0.12
2.3766e-02,0.04,0.215
2.3768e-02,0.14,-0.165
2.3770e-02,0.105,0.26
2.3771e-02,0.055,-0.115
2.3773e-02,0.06,0.215
2.3774e-02,0.03,-0.135
2.3776e-02,-0.01,0.24
2.3778e-02,0.115,-0.095
2.3779e-02,0.05,0.205
2.3781e-02,0.08,-0.1
2.3782e-02,0.03,0.2
2.3784e-02,0.1,-0.13
2.3786e-02,-0.045,0.225
2.3787e-02,0.09,-0.1
2.3789e-02,-0.065,0.21
2.3790e-02,-0.035,-0.1
2.3792e-02,0.015,0.195
2.3794e-02,0.105,-0.105
2.3795e-02,0.145,0.205
2.3797e-02,0.07,-0.13
2.3798e-02,0.105,0.225
2.3800e-02,0.125,-0.105
2.3802e-02,0.065,0.205
2.3803e-02,0.095,-0.105
2.3805e-02,-0.045,0.2
2.3806e-02,0.005,-0.105
2.3808e-02,0.09,0.205
2.3810e-02,0.07,-0.115
2.3811e-02,0.1,0.21
2.3813e-02,0.12,-0.11
2.3814e-02,0.11,0.2
2.3816e-02,0.055,-0.115
2.3818e-02,0.085,0.21
2.3819e-02,0.035,-0.14
2.3821e-02,0.04,0.23
2.3822e-02,0.025,-0.12
2.3824e-02,0.085,0.21
2.3826e-02,0.065,-0.115
2.3827e-02,0.2,0.215
2.3829e-02,0.085,-0.12
2.3830e-02,-0.02,0.205
2.3832e-02,0.075,-0.11
2.3834e-02,0.05,0.2
2.3835e-02,0.075,-0.14
2.3837e-02,0.045,0.23
2.3838e-02,0.055,-0.135
2.3840e-02,0.06,0.23
2.3842e-02,0.03,-0.11
2.3843e-02,0.07,0.2
2.3845e-02,0.095,-0.105
2.3846e-02,-0.03,0.195
2.3848e-02,0.17,-0.125
2.3850e-02,0.04,0.21
2.3851e-02,0.115,-0.135
2.3853e-02,0.105,0.21
2.3854e-02,-0.01,-0.12
2.3856e-02,0.04,0.215
2.3858e-02,-0.01,-0.125
2.3859e-02,0.105,0.22
2.3861e-02,0.04,-0.14
2.3862e-02,0.11,0.235
2.3864e-02,0.02,-0.13
2.3866e-02,0.025,0.22
2.3867e-02,0.055,-0.13
2.3869e-02,0,0.22
2.3870e-02,-0.005,-0.11
2.3872e-02,-0.1,0.2
2.3874e-02,0.1,-0.115
2.3875e-02,0.11,0.205
2.3877e-02,0.085,-0.125
2.3878e-02,0.145,0.22
2.3880e-02,0.045,-0.145
2.3882e-02,0.14,0.24
2.3883e-02,0.02,-0.105
2.3885e-02,0.055,0.205
2.3886e-02,-0.07,-0.105
2.3888e-02,0.03,0.19
2.3890e-02,-0.05,-0.1
2.3891e-02,0.04,0.19
2.3893e-02,0.025,-0.12
2.3894e-02,0.185,0.21
2.3896e-02,0.055,-0.1
2.3898e-02,0.11,0.19
2.3899e-02,0.085,-0.13
2.3901e-02,0.085,0.22
2.3902e-02,0.065,-0.13
2.3904e-02,-0.035,0.215
2.3906e-02,-0.03,-0.13
2.3907e-02,0.005,0.22
2.3909e-02,0.085,-0.11
2.3910e-02,0.005,0.195
2.3912e-02,-0.015,-0.11
2.3914e-02,0.135,0.195
2.3915e-02,0.035,-0.115
2.3917e-02,0.055,0.195
2.3918e-02,-0.035,-0.14
2.3920e-02,-0.095,0.22
2.3922e-02,-0.01,-0.13
2.3923e-02,0.035,0.21
2.3925e-02,0.03,-0.14
2.3926e-02,0,0.225
2.3928e-02,0.015,-0.125
2.3930e-02,0.05,0.22
2.3931e-02,-0.02,-0.13
2.3933e-02,0.115,0.215
2.3934e-02,-0.02,-0.14
2.3936e-02,0.055,0.23
2.3938e-02,0.115,-0.11
2.3939e-02,0.05,0.195
2.3941e-02,0.045,-0.12
2.3942e-02,0.045,0.205
2.3944e-02,0.04,-0.12
2.3946e-02,0,0.205
2.3947e-02,0.105,-0.13
2.3949e-02,0.17,0.205
2.3950e-02,0.07,-0.11
2.3952e-02,0.04,0.205
2.3954e-02,-0.015,-0.11
2.3955e-02,0.065,0.195
2.3957e-02,-0.045,-0.12
2.3958e-02,0.02,0.195
2.3960e-02,-0.03,-0.16
2.3962e-02,0.075,0.24
2.3963e-02,0.17,-0.13
2.3965e-02,0.095,0.21
2.3966e-02,0.115,-0.115
2.3968e-02,-0.005,0.195
2.3970e-02,0.08,-0.135
2.3971e-02,0.01,0.21
2.3973e-02,0.045,-0.15
2.3974e-02,0.025,0.23
2.3976e-02,0.075,-0.125
2.3978e-02,0.135,0.2
2.3979e-02,-0.035,-0.155
2.3981e-02,0.025,0.23
2.3982e-02,0.07,-0.12
2.3984e-02,0.045,0.2
2.3986e-02,0.08,-0.14
2.3987e-02,0.105,0.22
2.3989e-02,0.08,-0.13
2.3990e-02,0,0.215
2.3992e-02,0.07,-0.14
2.3994e-02,-0.005,0.22
2.3995e-02,0.08,-0.105
2.3997e-02,0.03,0.18
2.3998e-02,0.035,-0.11
2.4000e-02,-0.05,0.195
2.4002e-02,0.12,-0.14
2.4003e-02,0.03,0.215
2.4005e-02,0.16,-0.14
2.4006e-02,0.06,0.21
2.4008e-02,0.04,-0.125
2.4010e-02,0.085,0.205
2.4011e-02,0.13,-0.175
2.4013e-02,0.11,0.25
2.4014e-02,0.01,-0.11
2.4016e-02,0.06,0.185
2.4018e-02,0.15,-0.135
2.4019e-02,0.07,0.21
2.4021e-02,0.11,-0.14
2.4022e-02,0,0.215
2.4024e-02,0.045,-0.135
2.4026e-02,0.125,0.215
2.4027e-02,0,-0.14
2.4029e-02,0.035,0.22
2.4030e-02,-0.04,-0.14
2.4032e-02,0.06,0.215
2.4034e-02,-0.025,-0.125
2.4035e-02,0.02,0.195
2.4037e-02,-0.015,-0.13
2.4038e-02,-0.02,0.205
2.4040e-02,-0.03,-0.125
2.4042e-02,0.03,0.2
2.4043e-02,-0.015,-0.105
2.4045e-02,0.01,0.185
2.4046e-02,-0.005,-0.125
2.4048e-02,0.045,0.205
2.4050e-02,-0.025,-0.12
2.4051e-02,0.11,0.2
2.4053e-02,0.035,-0.125
2.4054e-02,0.02,0.2
2.4056e-02,0.07,-0.12
2.4058e-02,0.015,0.195
2.4059e-02,0.115,-0.135
2.4061e-02,-0.015,0.21
2.4062e-02,0.01,-0.13
2.4064e-02,-0.055,0.21
2.4066e-02,0.03,-0.115
2.4067e-02,0.115,0.19
2.4069e-02,-0.06,-0.12
2.4070e-02,0.085,0.2
2.4072e-02,0.085,-0.125
2.4074e-02,0.075,0.205
2.4075e-02,0.065,-0.14
2.4077e-02,0.005,0.21
2.4078e-02,0.065,-0.12
2.4080e-02,0.05,0.2
2.4082e-02,0.095,-0.195
2.4083e-02,-0.095,0.27
2.4085e-02,-0.01,-0.175
2.4086e-02,0.01,0.25
2.4088e-02,0.04,-0.115
2.4090e-02,0.065,0.19
2.4091e-02,0.06,-0.13
2.4093e-02,-0.025,0.21
2.4094e-02,0.05,-0.135
2.4096e-02,0,0.205
2.4098e-02,0.09,-0.14
2.4099e-02,0.01,0.205
2.4101e-02,0.115,-0.15
2.4102e-02,-0.05,0.215
2.4104e-02,0.045,-0.14
2.4106e-02,-0.015,0.21
2.4107e-02,-0.005,-0.135
2.4109e-02,0.035,0.21
2.4110e-02,-0.025,-0.115
2.4112e-02,0.07,0.185
2.4114e-02,0.1,-0.13
2.4115e-02,0.105,0.21
2.4117e-02,-0.035,-0.11
2.4118e-02,0.125,0.18
2.4120e-02,0.005,-0.11
2.4122e-02,0.09,0.18
2.4123e-02,0,-0.105
2.4125e-02,-0.005,0.17
2.4126e-02,0.04,-0.13
2.4128e-02,0.07,0.195
2.4130e-02,0.02,-0.11
2.4131e-02,-0.025,0.175
2.4133e-02,-0.015,-0.13
2.4134e-02,-0.025,0.2
2.4136e-02,0.005,-0.12
2.4138e-02,0.015,0.18
2.4139e-02,-0.055,-0.165
2.4141e-02,0.055,0.23
2.4142e-02,0.005,-0.105
2.4144e-02,-0.005,0.165
2.4146e-02,0.01,-0.135
2.4147e-02,0.015,0.195
2.4149e-02,-0.025,-0.13
2.4150e-02,0.03,0.185
2.4152e-02,0.075,-0.13
2.4154e-02,0.055,0.2
2.4155e-02,0.105,-0.135
2.4157e-02,0.005,0.18
2.4158e-02,-0.03,-0.125
2.4160e-02,0.085,0.18
2.4162e-02,0.025,-0.14
2.4163e-02,-0.01,0.195
2.4165e-02,0.065,-0.175
2.4166e-02,0.04,0.23
2.4168e-02,0.135,-0.18
2.4170e-02,0.095,0.235
2.4171e-02,-0.03,-0.15
2.4173e-02,0.05,0.21
2.4174e-02,0.04,-0.125
2.4176e-02,0,0.18
2.4178e-02,-0.05,-0.13
2.4179e-02,-0.055,0.18
2.4181e-02,-0.05,-0.13
2.4182e-02,0,0.185
2.4184e-02,-0.045,-0.125
2.4186e-02,0.025,0.18
2.4187e-02,0.065,-0.125
2.4189e-02,0.01,0.185
2.4190e-02,0.115,-0.155
2.4192e-02,0,0.215
2.4194e-02,0.025,-0.125
2.4195e-02,0.05,0.185
2.4197e-02,0.035,-0.13
2.4198e-02,0.08,0.175
2.4200e-02,0.075,-0.125
2.4202e-02,0.015,0.18
2.4203e-02,-0.035,-0.155
2.4205e-02,0.015,0.205
2.4206e-02,0.095,-0.135
2.4208e-02,0.1,0.19
2.4210e-02,0.06,-0.115
2.4211e-02,-0.005,0.175
2.4213e-02,-0.06,-0.13
2.4214e-02,0.11,0.185
2.4216e-02,-0.06,-0.115
2.4218e-02,-0.04,0.175
2.4219e-02,0.03,-0.14
2.4221e-02,0.035,0.2
2.4222e-02,0.07,-0.11
2.4224e-02,0.02,0.175
2.4226e-02,0.04,-0.115
2.4227e-02,0,0.175
2.4229e-02,0.13,-0.12
2.4230e-02,-0.07,0.18
2.4232e-02,0.035,-0.125
2.4234e-02,-0.05,0.185
2.4235e-02,-0.05,-0.125
2.4237e-02,0.045,0.185
2.4238e-02,-0.02,-0.155
2.4240e-02,0.06,0.215
2.4242e-02,0.025,-0.14
2.4243e-02,0.07,0.195
2.4245e-02,0.115,-0.135
2.4246e-02,0.04,0.185
2.4248e-02,0.05,-0.11
2.4250e-02,0.04,0.165
2.4251e-02,0.01,-0.14
2.4253e-02,0.1,0.2
2.4254e-02,0.095,-0.135
2.4256e-02,0.055,0.19
2.4258e-02,0.01,-0.115
2.4259e-02,0.05,0.17
2.4261e-02,0.1,-0.135
2.4262e-02,-0.045,0.195
2.4264e-02,0.045,-0.15
2.4266e-02,-0.065,0.21
2.4267e-02,0.03,-0.13
2.4269e-02,0.105,0.19
2.4270e-02,0.125,-0.145
2.4272e-02,-0.015,0.2
2.4274e-02,0.085,-0.135
2.4275e-02,0.125,0.2
2.4277e-02,-0.015,-0.13
2.4278e-02,0.03,0.185
2.4280e-02,0,-0.15
2.4282e-02,0.04,0.205
2.4283e-02,0.07,-0.145
2.4285e-02,0.065,0.2
2.4286e-02,-0.01,-0.15
2.4288e-02,0.06,0.195
2.4290e-02,0.025,-0.145
2.4291e-02,0,0.195
2.4293e-02,0.075,-0.125
2.4294e-02,0.025,0.18
2.4296e-02,0.035,-0.135
2.4298e-02,-0.03,0.195
2.4299e-02,0.045,-0.125
2.4301e-02,0.015,0.18
2.4302e-02,-0.02,-0.14
2.4304e-02,0.015,0.195
2.4306e-02,0.085,-0.14
2.4307e-02,0.055,0.185
2.4309e-02,0.005,-0.145
2.4310e-02,-0.01,0.19
2.4312e-02,-0.055,-0.125
2.4314e-02,0.095,0.175
2.4315e-02,0.095,-0.14
2.4317e-02,0.11,0.19
2.4318e-02,-0.04,-0.14
2.4320e-02,0.045,0.195
2.4322e-02,-0.025,-0.135
2.4323e-02,-0.02,0.185
2.4325e-02,-0.005,-0.13
2.4326e-02,0.035,0.18
2.4328e-02,0.055,-0.145
2.4330e-02,0.115,0.19
2.4331e-02,0.05,-0.12
2.4333e-02,0.005,0.175
2.4334e-02,-0.06,-0.12
2.4336e-02,0.025,0.165
2.4338e-02,0.015,-0.135
2.4339e-02,0.015,0.18
2.4341e-02,0.075,-0.15
2.4342e-02,0.06,0.195
2.4344e-02,0.045,-0.14
2.4346e-02,0.01,0.19
2.4347e-02,0.04,-0.13
2.4349e-02,-0.055,0.175
2.4350e-02,-0.05,-0.135
2.4352e-02,0.005,0.185
2.4354e-02,0.095,-0.175
2.4355e-02,0.015,0.22
2.4357e-02,0.06,-0.13
2.4358e-02,-0.02,0.17
2.4360e-02,-0.02,-0.135
2.4362e-02,-0.015,0.175
2.4363e-02,0.02,-0.145
2.4365e-02,-0.045,0.19
2.4366e-02,-0.02,-0.13
2.4368e-02,-0.005,0.17
2.4370e-02,0.065,-0.115
2.4371e-02,-0.025,0.155
2.4373e-02,0.01,-0.14
2.4374e-02,0.015,0.18
2.4376e-02,0.005,-0.13
2.4378e-02,0.14,0.17
2.4379e-02,0.04,-0.15
2.4381e-02,0.015,0.195
2.4382e-02,-0.015,-0.15
2.4384e-02,0.055,0.195
2.4386e-02,-0.03,-0.125
2.4387e-02,0.005,0.175
2.4389e-02,0.03,-0.14
2.4390e-02,-0.035,0.185
2.4392e-02,0.055,-0.125
2.4394e-02,-0.02,0.165
2.4395e-02,-0.03,-0.12
2.4397e-02,-0.01,0.16
2.4398e-02,-0.05,-0.15
2.4400e-02,-0.02,0.19
2.4402e-02,0.035,-0.13
2.4403e-02,0.01,0.165
2.4405e-02,-0.035,-0.155
2.4406e-02,-0.11,0.19
2.4408e-02,0.01,-0.14
2.4410e-02,-0.02,0.18
2.4411e-02,0,-0.145
2.4413e-02,-0.01,0.185
2.4414e-02,-0.01,-0.17
2.4416e-02,0.08,0.21
2.4418e-02,0.075,-0.175
2.4419e-02,0.035,0.21
2.4421e-02,0.025,-0.125
2.4422e-02,-0.05,0.165
2.4424e-02,0.05,-0.16
2.4426e-02,0.015,0.2
2.4427e-02,0.05,-0.145
2.4429e-02,-0.015,0.185
2.4430e-02,-0.02,-0.145
2.4432e-02,0.085,0.18
2.4434e-02,-0.045,-0.14
2.4435e-02,0.07,0.175
2.4437e-02,0.06,-0.175
2.4438e-02,0.01,0.205
2.4440e-02,0.12,-0.16
2.4442e-02,0.07,0.195
2.4443e-02,0.025,-0.14
2.4445e-02,0.02,0.175
2.4446e-02,-0.12,-0.15
2.4448e-02,0.01,0.195
2.4450e-02,-0.01,-0.125
2.4451e-02,0.065,0.165
2.4453e-02,-0.05,-0.13
2.4454e-02,0.035,0.17
2.4456e-02,0.145,-0.165
2.4458e-02,0.04,0.205
2.4459e-02,0.13,-0.14
2.4461e-02,0.03,0.175
2.4462e-02,0,-0.18
2.4464e-02,0.05,0.21
2.4466e-02,0.025,-0.15
2.4467e-02,-0.015,0.19
2.4469e-02,-0.005,-0.16
2.4470e-02,-0.04,0.195
2.4472e-02,0.025,-0.135
2.4474e-02,0.005,0.17
2.4475e-02,0.08,-0.14
2.4477e-02,0.065,0.175
2.4478e-02,0.07,-0.14
2.4480e-02,0.085,0.175
2.4482e-02,0.045,-0.14
2.4483e-02,0.085,0.17
2.4485e-02,0.055,-0.135
2.4486e-02,-0.145,0.17
2.4488e-02,0.01,-0.165
2.4490e-02,-0.07,0.2
2.4491e-02,-0.015,-0.16
2.4493e-02,-0.045,0.2
2.4494e-02,-0.075,-0.17
2.4496e-02,0.085,0.205
2.4498e-02,0.015,-0.175
2.4499e-02,0.125,0.215
2.4501e-02,0.025,-0.13
2.4502e-02,0.035,0.165
2.4504e-02,0.055,-0.185
2.4506e-02,0.07,0.215
2.4507e-02,0.025,-0.13
2.4509e-02,-0.015,0.165
2.4510e-02,0.005,-0.155
2.4512e-02,0.005,0.19
2.4514e-02,-0.055,-0.15
2.4515e-02,0.04,0.18
2.4517e-02,0.02,-0.145
2.4518e-02,0.02,0.185
2.4520e-02,-0.04,-0.145
2.4522e-02,0.045,0.18
2.4523e-02,0.005,-0.125
2.4525e-02,0.095,0.165
2.4526e-02,-0.07,-0.125
2.4528e-02,-0.005,0.155
2.4530e-02,-0.015,-0.13
2.4531e-02,0.055,0.17
2.4533e-02,0.045,-0.13
2.4534e-02,0.065,0.155
2.4536e-02,0,-0.13
2.4538e-02,0.06,0.155
2.4539e-02,0.07,-0.13
2.4541e-02,0.01,0.16
2.4542e-02,-0.045,-0.14
2.4544e-02,0.055,0.175
2.4546e-02,0.025,-0.19
2.4547e-02,0.045,0.21
2.4549e-02,0.055,-0.15
2.4550e-02,-0.025,0.18
2.4552e-02,0,-0.155
2.4554e-02,-0.05,0.185
2.4555e-02,0.01,-0.175
2.4557e-02,-0.045,0.195
2.4558e-02,0.08,-0.135
2.4560e-02,-0.095,0.155
2.4562e-02,0.035,-0.155
2.4563e-02,0.035,0.185
2.4565e-02,0.04,-0.155
2.4566e-02,-0.03,0.18
2.4568e-02,0.03,-0.145
2.4570e-02,0.015,0.165
2.4571e-02,0.08,-0.145
2.4573e-02,-0.05,0.175
2.4574e-02,0.015,-0.145
2.4576e-02,-0.1,0.175
2.4578e-02,-0.05,-0.14
2.4579e-02,0.06,0.165
2.4581e-02,-0.02,-0.125
2.4582e-02,-0.075,0.145
2.4584e-02,0,-0.12
2.4586e-02,-0.01,0.15
2.4587e-02,0.075,-0.13
2.4589e-02,0.015,0.155
2.4590e-02,0.03,-0.155
2.4592e-02,0.06,0.175
2.4594e-02,0.015,-0.145
2.4595e-02,0.055,0.165
2.4597e-02,0.085,-0.195
2.4598e-02,-0.055,0.215
2.4600e-02,-0.015,-0.15
2.4602e-02,-0.02,0.17
2.4603e-02,0.02,-0.14
2.4605e-02,0.04,0.155
2.4606e-02,-0.105,-0.165
2.4608e-02,-0.025,0.18
2.4610e-02,-0.025,-0.165
2.4611e-02,-0.025,0.185
2.4613e-02,0.1,-0.15
2.4614e-02,-0.03,0.16
2.4616e-02,-0.07,-0.155
2.4618e-02,-0.025,0.18
2.4619e-02,0,-0.165
2.4621e-02,0,0.19
2.4622e-02,0.005,-0.15
2.4624e-02,0.015,0.17
2.4626e-02,0.045,-0.195
2.4627e-02,0.01,0.205
2.4629e-02,-0.005,-0.18
2.4630e-02,0.025,0.195
2.4632e-02,0.035,-0.13
2.4634e-02,0.015,0.15
2.4635e-02,0.045,-0.13
2.4637e-02,0.115,0.155
2.4638e-02,-0.01,-0.135
2.4640e-02,0.065,0.16
2.4642e-02,-0.05,-0.15
2.4643e-02,0.025,0.165
2.4645e-02,0.055,-0.125
2.4646e-02,0.03,0.15
2.4648e-02,-0.015,-0.135
2.4650e-02,0,0.155
2.4651e-02,0.045,-0.165
2.4653e-02,0.13,0.185
2.4654e-02,-0.04,-0.14
2.4656e-02,0.065,0.165
2.4658e-02,0.03,-0.165
2.4659e-02,0.115,0.18
2.4661e-02,0.01,-0.135
2.4662e-02,0.08,0.16
2.4664e-02,-0.08,-0.165
2.4666e-02,-0.015,0.185
2.4667e-02,-0.005,-0.18
2.4669e-02,-0.075,0.195
2.4670e-02,0.055,-0.155
2.4672e-02,-0.01,0.17
2.4674e-02,0.07,-0.135
2.4675e-02,0.01,0.155
2.4677e-02,0.11,-0.145
2.4678e-02,0.065,0.155
2.4680e-02,0.04,-0.16
2.4682e-02,0.02,0.175
2.4683e-02,0.06,-0.17
2.4685e-02,0.01,0.185
2.4686e-02,0.035,-0.15
2.4688e-02,-0.03,0.165
2.4690e-02,-0.055,-0.15
2.4691e-02,-0.045,0.165
2.4693e-02,0.06,-0.155
2.4694e-02,-0.035,0.175
2.4696e-02,-0.005,-0.17
2.4698e-02,-0.025,0.19
2.4699e-02,0.06,-0.165
2.4701e-02,0.005,0.18
2.4702e-02,0.08,-0.14
2.4704e-02,0.045,0.16
2.4706e-02,0.035,-0.145
2.4707e-02,0.105,0.165
2.4709e-02,-0.02,-0.16
2.4710e-02,-0.045,0.17
2.4712e-02,0.04,-0.16
2.4714e-02,0.055,0.175
2.4715e-02,0.04,-0.15
2.4717e-02,0.075,0.165
2.4718e-02,0,-0.14
2.4720e-02,0.005,0.155
2.4722e-02,-0.05,-0.165
2.4723e-02,0.07,0.17
2.4725e-02,-0.015,-0.135
2.4726e-02,0.06,0.15
2.4728e-02,0.055,-0.155
2.4730e-02,0.01,0.16
2.4731e-02,0.05,-0.14
2.4733e-02,0.01,0.15
2.4734e-02,0.07,-0.17
2.4736e-02,-0.055,0.185
2.4738e-02,-0.07,-0.15
2.4739e-02,0.04,0.155
2.4741e-02,-0.02,-0.165
2.4742e-02,-0.01,0.165
2.4744e-02,-0.03,-0.15
2.4746e-02,0,0.15
2.4747e-02,0.03,-0.16
2.4749e-02,0.04,0.175
2.4750e-02,0.045,-0.145
2.4752e-02,-0.035,0.15
2.4754e-02,0.07,-0.14
2.4755e-02,0.055,0.145
2.4757e-02,-0.02,-0.15
2.4758e-02,-0.075,0.155
2.4760e-02,-0.03,-0.15
2.4762e-02,0.07,0.15
2.4763e-02,-0.03,-0.135
2.4765e-02,0.06,0.14
2.4766e-02,-0.055,-0.145
2.4768e-02,0.035,0.14
2.4770e-02,-0.055,-0.16
2.4771e-02,0.075,0.16
2.4773e-02,-0.025,-0.195
2.4774e-02,0.025,0.2
2.4776e-02,0.01,-0.145
2.4778e-02,-0.005,0.155
2.4779e-02,-0.05,-0.155
2.4781e-02,-0.015,0.155
2.4782e-02,-0.045,-0.19
2.4784e-02,-0.125,0.19
2.4786e-02,-0.065,-0.135
2.4787e-02,0.015,0.14
2.4789e-02,0.03,-0.15
2.4790e-02,-0.02,0.16
2.4792e-02,-0.005,-0.13
2.4794e-02,0.02,0.135
2.4795e-02,0.01,-0.135
2.4797e-02,-0.005,0.14
2.4798e-02,0.015,-0.155
2.4800e-02,-0.105,0.16
2.4802e-02,0.02,-0.165
2.4803e-02,-0.015,0.175
2.4805e-02,-0.085,-0.155
2.4806e-02,-0.04,0.165
2.4808e-02,-0.08,-0.17
2.4810e-02,-0.06,0.175
2.4811e-02,-0.04,-0.155
2.4813e-02,-0.015,0.16
2.4814e-02,-0.02,-0.15
2.4816e-02,-0.03,0.16
2.4818e-02,-0.01,-0.15
2.4819e-02,0.035,0.155
2.4821e-02,-0.02,-0.135
2.4822e-02,-0.035,0.14
2.4824e-02,-0.11,-0.15
2.4826e-02,-0.08,0.16
2.4827e-02,-0.05,-0.145
2.4829e-02,0,0.155
2.4830e-02,-0.125,-0.18
2.4832e-02,-0.015,0.19
2.4834e-02,0.035,-0.17
2.4835e-02,0.03,0.17
2.4837e-02,-0.065,-0.165
2.4838e-02,-0.03,0.175
2.4840e-02,-0.055,-0.155
2.4842e-02,0.015,0.16
2.4843e-02,0.08,-0.14
2.4845e-02,0.015,0.145
2.4846e-02,-0.01,-0.155
2.4848e-02,-0.005,0.16
2.4850e-02,0.025,-0.145
2.4851e-02,-0.045,0.145
2.4853e-02,0.01,-0.165
2.4854e-02,-0.055,0.165
2.4856e-02,-0.135,-0.145
2.4858e-02,0.06,0.15
2.4859e-02,0,-0.18
2.4861e-02,0.06,0.18
2.4862e-02,0,-0.15
2.4864e-02,-0.035,0.15
2.4866e-02,-0.03,-0.145
2.4867e-02,0.045,0.15
2.4869e-02,-0.035,-0.15
2.4870e-02,-0.025,0.155
2.4872e-02,0.035,-0.16
2.4874e-02,0.025,0.155
2.4875e-02,-0.005,-0.155
2.4877e-02,-0.005,0.16
2.4878e-02,-0.025,-0.165
2.4880e-02,-0.045,0.165
2.4882e-02,0.09,-0.16
2.4883e-02,0.02,0.155
2.4885e-02,0.08,-0.185
2.4886e-02,-0.025,0.19
2.4888e-02,0.04,-0.135
2.4890e-02,-0.085,0.135
2.4891e-02,0.07,-0.19
2.4893e-02,0.06,0.2
2.4894e-02,0.05,-0.175
2.4896e-02,0.05,0.175
2.4898e-02,-0.04,-0.15
2.4899e-02,0,0.145
2.4901e-02,0.04,-0.15
2.4902e-02,0.06,0.14
2.4904e-02,-0.015,-0.15
2.4906e-02,0.07,0.145
2.4907e-02,0.045,-0.16
2.4909e-02,0.04,0.14
2.4910e-02,-0.07,-0.145
2.4912e-02,-0.03,0.13
2.4914e-02,-0.1,-0.15
2.4915e-02,0.035,0.14
2.4917e-02,0.005,-0.175
2.4918e-02,-0.005,0.165
2.4920e-02,0.035,-0.175
2.4922e-02,-0.035,0.165
2.4923e-02,0.055,-0.18
2.4925e-02,-0.085,0.175
2.4926e-02,-0.015,-0.145
2.4928e-02,-0.015,0.135
2.4930e-02,0.045,-0.165
2.4931e-02,0.015,0.155
2.4933e-02,0.06,-0.15
2.4934e-02,0.01,0.145
2.4936e-02,-0.095,-0.165
2.4938e-02,-0.065,0.165
2.4939e-02,-0.015,-0.175
2.4941e-02,0.005,0.16
2.4942e-02,0.055,-0.16
2.4944e-02,-0.095,0.155
2.4946e-02,-0.005,-0.14
2.4947e-02,-0.005,0.14
2.4949e-02,0.115,-0.165
2.4950e-02,0,0.16
2.4952e-02,0.045,-0.155
2.4954e-02,-0.02,0.155
2.4955e-02,0.01,-0.15
2.4957e-02,0.045,0.14
2.4958e-02,-0.025,-0.175
2.4960e-02,0.02,0.165
2.4962e-02,0.045,-0.185
2.4963e-02,0.015,0.17
2.4965e-02,0.05,-0.14
2.4966e-02,-0.03,0.13
2.4968e-02,-0.005,-0.15
2.4970e-02,-0.09,0.14
2.4971e-02,0.03,-0.145
2.4973e-02,-0.07,0.14
2.4974e-02,0.01,-0.15
2.4976e-02,-0.075,0.14
2.4978e-02,-0.02,-0.155
2.4979e-02,0.06,0.15
2.4981e-02,0.03,-0.16
2.4982e-02,0.05,0.15
2.4984e-02,-0.03,-0.15
2.4986e-02,0.015,0.145
2.4987e-02,0.04,-0.18
2.4989e-02,0.06,0.175
2.4990e-02,-0.05,-0.205
2.4992e-02,0,0.195
2.4994e-02,-0.035,-0.17
2.4995e-02,0.015,0.16
2.4997e-02,-0.015,-0.15
2.4998e-02,0.025,0.14
2.5000e-02,0.005,-0.14
2.5002e-02,-0.025,0.125
2.5003e-02,-0.05,-0.15
2.5005e-02,-0.015,0.14
2.5006e-02,0.02,-0.16
2.5008e-02,0.015,0.15
2.5010e-02,-0.015,-0.155
2.5011e-02,0.01,0.155
2.5013e-02,-0.05,-0.18
2.5014e-02,0.025,0.16
2.5016e-02,-0.14,-0.155
2.5018e-02,0,0.14
2.5019e-02,-0.05,-0.155
2.5021e-02,0.055,0.145
2.5022e-02,0.035,-0.16
2.5024e-02,-0.01,0.15
2.5026e-02,0.065,-0.14
2.5027e-02,0.025,0.13
2.5029e-02,0.045,-0.165
2.5030e-02,-0.07,0.15
2.5032e-02,-0.07,-0.15
2.5034e-02,0.005,0.135
2.5035e-02,-0.045,-0.16
2.5037e-02,-0.005,0.15
2.5038e-02,-0.025,-0.16
2.5040e-02,-0.07,0.145
2.5042e-02,-0.075,-0.145
2.5043e-02,-0.02,0.135
2.5045e-02,-0.025,-0.15
2.5046e-02,0.045,0.125
2.5048e-02,0.01,-0.155
2.5050e-02,-0.075,0.14
2.5051e-02,-0.06,-0.17
2.5053e-02,-0.105,0.15
2.5054e-02,0.045,-0.145
2.5056e-02,-0.065,0.135
2.5058e-02,-0.08,-0.2
2.5059e-02,-0.07,0.18
2.5061e-02,-0.045,-0.17
2.5062e-02,0.055,0.155
2.5064e-02,-0.055,-0.17
2.5066e-02,-0.035,0.145
2.5067e-02,0.005,-0.16
2.5069e-02,0.035,0.145
2.5070e-02,-0.01,-0.175
2.5072e-02,0.03,0.16
2.5074e-02,-0.06,-0.155
2.5075e-02,0.04,0.14
2.5077e-02,0.035,-0.16
2.5078e-02,-0.045,0.135
2.5080e-02,0.04,-0.15
2.5082e-02,-0.12,0.12
2.5083e-02,0,-0.16
2.5085e-02,-0.075,0.135
2.5086e-02,0.03,-0.17
2.5088e-02,0.025,0.15
2.5090e-02,0.035,-0.155
2.5091e-02,0.015,0.13
2.5093e-02,-0.085,-0.165
2.5094e-02,0.07,0.145
2.5096e-02,-0.095,-0.16
2.5098e-02,-0.02,0.14
2.5099e-02,0,-0.155
2.5101e-02,-0.025,0.13
2.5102e-02,0.105,-0.16
2.5104e-02,-0.045,0.13
2.5106e-02,-0.025,-0.145
2.5107e-02,-0.08,0.125
2.5109e-02,-0.03,-0.165
2.5110e-02,0.02,0.14
2.5112e-02,0.055,-0.155
2.5114e-02,-0.01,0.13
2.5115e-02,-0.005,-0.155
2.5117e-02,-0.03,0.135
2.5118e-02,-0.07,-0.165
2.5120e-02,0.015,0.14
2.5122e-02,-0.075,-0.175
2.5123e-02,0,0.155
2.5125e-02,-0.045,-0.175
2.5126e-02,-0.05,0.15
2.5128e-02,0.015,-0.195
2.5130e-02,-0.07,0.17
2.5131e-02,-0.07,-0.165
2.5133e-02,-0.05,0.14
2.5134e-02,0.02,-0.155
2.5136e-02,0.065,0.135
2.5138e-02,0.025,-0.14
2.5139e-02,-0.025,0.125
2.5141e-02,0.06,-0.145
2.5142e-02,0.05,0.125
2.5144e-02,0.035,-0.17
2.5146e-02,-0.015,0.15
2.5147e-02,-0.025,-0.145
2.5149e-02,-0.02,0.12
2.5150e-02,0.05,-0.195
2.5152e-02,0.035,0.16
2.5154e-02,0.01,-0.175
2.5155e-02,0.06,0.15
2.5157e-02,-0.02,-0.165
2.5158e-02,0.065,0.145
2.5160e-02,0.01,-0.17
2.5162e-02,0.015,0.135
2.5163e-02,-0.005,-0.16
2.5165e-02,-0.025,0.13
2.5166e-02,-0.11,-0.155
2.5168e-02,0.045,0.125
2.5170e-02,-0.045,-0.165
2.5171e-02,-0.065,0.14
2.5173e-02,-0.055,-0.19
2.5174e-02,-0.075,0.16
2.5176e-02,0.005,-0.165
2.5178e-02,0.01,0.13
2.5179e-02,-0.07,-0.21
2.5181e-02,-0.025,0.175
2.5182e-02,0.035,-0.16
2.5184e-02,-0.005,0.12
2.5186e-02,0.02,-0.18
2.5187e-02,-0.11,0.145
2.5189e-02,0.01,-0.21
2.5190e-02,-0.045,0.175
2.5192e-02,0.07,-0.2
2.5194e-02,-0.095,0.155
2.5195e-02,0.05,-0.175
2.5197e-02,-0.1,0.14
2.5198e-02,-0.015,-0.155
2.5200e-02,-0.045,0.12
2.5202e-02,-0.075,-0.16
2.5203e-02,-0.095,0.13
2.5205e-02,-0.085,-0.155
2.5206e-02,-0.095,0.125
2.5208e-02,-0.035,-0.18
2.5210e-02,-0.01,0.15
2.5211e-02,-0.035,-0.17
2.5213e-02,-0.03,0.135
2.5214e-02,0.015,-0.185
2.5216e-02,0.07,0.15
2.5218e-02,0.1,-0.15
2.5219e-02,0.07,0.12
2.5221e-02,-0.035,-0.15
2.5222e-02,0.05,0.115
2.5224e-02,0.09,-0.155
2.5226e-02,0.03,0.125
2.5227e-02,-0.02,-0.21
2.5229e-02,-0.025,0.175
2.5230e-02,-0.035,-0.19
2.5232e-02,0.025,0.155
2.5234e-02,0.005,-0.16
2.5235e-02,-0.015,0.125
2.5237e-02,0.02,-0.175
2.5238e-02,0.03,0.14
2.5240e-02,0.04,-0.185
2.5242e-02,0.005,0.155
2.5243e-02,0.09,-0.155
2.5245e-02,-0.06,0.13
2.5246e-02,-0.01,-0.17
2.5248e-02,-0.015,0.135
2.5250e-02,0.015,-0.155
2.5251e-02,-0.08,0.125
2.5253e-02,-0.05,-0.18
2.5254e-02,-0.07,0.15
2.5256e-02,0.01,-0.175
2.5258e-02,0.015,0.145
2.5259e-02,0.035,-0.165
2.5261e-02,-0.03,0.135
2.5262e-02,0.01,-0.145
2.5264e-02,0.005,0.12
2.5266e-02,-0.005,-0.16
2.5267e-02,-0.04,0.125
2.5269e-02,-0.055,-0.16
2.5270e-02,-0.025,0.125
2.5272e-02,-0.055,-0.16
2.5274e-02,0.03,0.135
2.5275e-02,-0.03,-0.15
2.5277e-02,-0.045,0.115
2.5278e-02,-0.08,-0.18
2.5280e-02,-0.005,0.145
2.5282e-02,-0.06,-0.15
2.5283e-02,0.025,0.12
2.5285e-02,-0.115,-0.175
2.5286e-02,0.005,0.145
2.5288e-02,0.035,-0.155
2.5290e-02,0.09,0.125
2.5291e-02,-0.035,-0.17
2.5293e-02,0.005,0.13
2.5294e-02,0.02,-0.17
2.5296e-02,0.015,0.135
2.5298e-02,-0.045,-0.16
2.5299e-02,-0.055,0.13
2.5301e-02,-0.105,-0.19
2.5302e-02,-0.08,0.15
2.5304e-02,-0.045,-0.18
2.5306e-02,0.03,0.14
2.5307e-02,-0.015,-0.21
2.5309e-02,0.055,0.165
2.5310e-02,-0.005,-0.17
2.5312e-02,-0.005,0.125
2.5314e-02,0.015,-0.155
2.5315e-02,0.02,0.115
2.5317e-02,-0.095,-0.165
2.5318e-02,-0.075,0.125
2.5320e-02,0.01,-0.19
2.5322e-02,0.02,0.15
2.5323e-02,-0.08,-0.15
2.5325e-02,-0.05,0.115
2.5326e-02,-0.055,-0.175
2.5328e-02,0.005,0.135
2.5330e-02,0.035,-0.165
2.5331e-02,-0.015,0.12
2.5333e-02,-0.025,-0.16
2.5334e-02,0.015,0.125
2.5336e-02,-0.04,-0.18
2.5338e-02,0,0.135
2.5339e-02,-0.06,-0.15
2.5341e-02,0.005,0.105
2.5342e-02,-0.09,-0.175
2.5344e-02,0.015,0.135
2.5346e-02,-0.11,-0.175
2.5347e-02,0.005,0.13
2.5349e-02,-0.045,-0.155
2.5350e-02,-0.005,0.115
2.5352e-02,-0.04,-0.16
2.5354e-02,-0.005,0.115
2.5355e-02,-0.025,-0.175
2.5357e-02,-0.045,0.135
2.5358e-02,0.115,-0.205
2.5360e-02,-0.015,0.16
2.5362e-02,0,-0.2
2.5363e-02,-0.015,0.15
2.5365e-02,0.025,-0.205
2.5366e-02,0.04,0.15
2.5368e-02,0.055,-0.175
2.5370e-02,-0.065,0.13
2.5371e-02,-0.1,-0.16
2.5373e-02,0,0.115
2.5374e-02,-0.025,-0.17
2.5376e-02,-0.045,0.13
2.5378e-02,-0.12,-0.165
2.5379e-02,-0.11,0.12
2.5381e-02,-0.02,-0.15
2.5382e-02,0.035,0.11
2.5384e-02,-0.07,-0.17
2.5386e-02,-0.085,0.13
2.5387e-02,-0.02,-0.175
2.5389e-02,-0.1,0.135
2.5390e-02,0.005,-0.175
2.5392e-02,-0.06,0.13
2.5394e-02,-0.04,-0.18
2.5395e-02,-0.03,0.135
2.5397e-02,-0.025,-0.155
2.5398e-02,-0.09,0.11
2.5400e-02,-0.045,-0.185
2.5402e-02,-0.145,0.135
2.5403e-02,-0.05,-0.205
2.5405e-02,-0.035,0.17
2.5406e-02,0.04,-0.165
2.5408e-02,-0.01,0.12
2.5410e-02,0.055,-0.175
2.5411e-02,-0.01,0.14
2.5413e-02,0.1,-0.185
2.5414e-02,0.045,0.14
2.5416e-02,-0.045,-0.175
2.5418e-02,-0.04,0.13
2.5419e-02,-0.005,-0.17
2.5421e-02,0.03,0.125
2.5422e-02,-0.015,-0.175
2.5424e-02,-0.09,0.13
2.5426e-02,-0.125,-0.17
2.5427e-02,-0.045,0.13
2.5429e-02,-0.065,-0.185
2.5430e-02,-0.055,0.145
2.5432e-02,-0.02,-0.18
2.5434e-02,0.02,0.13
2.5435e-02,0.01,-0.175
2.5437e-02,0.065,0.12
2.5438e-02,-0.13,-0.16
2.5440e-02,0.01,0.115
2.5442e-02,-0.005,-0.18
2.5443e-02,0.02,0.135
2.5445e-02,0.04,-0.16
2.5446e-02,-0.04,0.12
2.5448e-02,0.015,-0.165
2.5450e-02,0.005,0.12
2.5451e-02,-0.015,-0.16
2.5453e-02,0,0.12
2.5454e-02,0.015,-0.19
2.5456e-02,-0.02,0.14
2.5458e-02,0.05,-0.195
2.5459e-02,0.025,0.15
2.5461e-02,0.035,-0.165
2.5462e-02,0.01,0.12
2.5464e-02,-0.075,-0.18
2.5466e-02,0.005,0.13
2.5467e-02,-0.07,-0.165
2.5469e-02,-0.05,0.12
2.5470e-02,-0.105,-0.195
2.5472e-02,-0.1,0.135
2.5474e-02,-0.06,-0.195
2.5475e-02,-0.02,0.14
2.5477e-02,-0.09,-0.175
2.5478e-02,-0.14,0.12
2.5480e-02,-0.045,-0.19
2.5482e-02,-0.05,0.145
2.5483e-02,-0.005,-0.17
2.5485e-02,-0.09,0.12
2.5486e-02,0.025,-0.16
2.5488e-02,-0.07,0.11
2.5490e-02,0.02,-0.175
2.5491e-02,-0.095,0.12
2.5493e-02,-0.085,-0.205
2.5494e-02,-0.075,0.15
2.5496e-02,-0.085,-0.19
2.5498e-02,0.03,0.13
2.5499e-02,-0.035,-0.165
2.5501e-02,0.01,0.11
2.5502e-02,-0.055,-0.165
2.5504e-02,0.02,0.105
2.5506e-02,-0.02,-0.165
2.5507e-02,0.035,0.105
2.5509e-02,-0.015,-0.175
2.5510e-02,-0.035,0.12
2.5512e-02,0.08,-0.19
2.5514e-02,-0.01,0.135
2.5515e-02,0.005,-0.18
2.5517e-02,-0.085,0.12
2.5518e-02,-0.09,-0.165
2.5520e-02,0.065,0.11
2.5522e-02,-0.02,-0.185
2.5523e-02,-0.025,0.12
2.5525e-02,-0.095,-0.185
2.5526e-02,-0.115,0.125
2.5528e-02,-0.015,-0.19
2.5530e-02,-0.06,0.125
2.5531e-02,0.02,-0.175
2.5533e-02,-0.06,0.115
2.5534e-02,-0.045,-0.18
2.5536e-02,-0.035,0.115
2.5538e-02,-0.09,-0.18
2.5539e-02,0,0.125
2.5541e-02,-0.13,-0.185
2.5542e-02,-0.015,0.12
2.5544e-02,-0.015,-0.175
2.5546e-02,-0.035,0.11
2.5547e-02,-0.07,-0.19
2.5549e-02,-0.13,0.13
2.5550e-02,-0.035,-0.18
2.5552e-02,-0.005,0.11
2.5554e-02,0.045,-0.205
2.5555e-02,-0.045,0.14
2.5557e-02,-0.02,-0.19
2.5558e-02,-0.025,0.135
2.5560e-02,-0.01,-0.195
2.5562e-02,0.015,0.13
2.5563e-02,-0.105,-0.165
2.5565e-02,0.05,0.1
2.5566e-02,-0.04,-0.165
2.5568e-02,0,0.105
2.5570e-02,0,-0.205
2.5571e-02,-0.105,0.15
2.5573e-02,-0.035,-0.2
2.5574e-02,-0.115,0.14
2.5576e-02,-0.005,-0.17
2.5578e-02,-0.055,0.11
2.5579e-02,0.01,-0.18
2.5581e-02,-0.045,0.115
2.5582e-02,0.05,-0.18
2.5584e-02,0.055,0.12
2.5586e-02,0.005,-0.2
2.5587e-02,0.015,0.14
2.5589e-02,-0.02,-0.185
2.5590e-02,-0.02,0.12
2.5592e-02,0.06,-0.21
2.5594e-02,-0.115,0.155
2.5595e-02,-0.025,-0.175
2.5597e-02,-0.09,0.115
2.5598e-02,-0.04,-0.17
2.5600e-02,0.035,0.11
2.5602e-02,-0.13,-0.19
2.5603e-02,-0.025,0.125
2.5605e-02,0,-0.215
2.5606e-02,-0.025,0.15
2.5608e-02,0.055,-0.2
2.5610e-02,-0.095,0.13
2.5611e-02,-0.015,-0.18
2.5613e-02,-0.02,0.125
2.5614e-02,-0.06,-0.195
2.5616e-02,-0.02,0.13
2.5618e-02,-0.05,-0.195
2.5619e-02,-0.025,0.125
2.5621e-02,0.04,-0.185
2.5622e-02,-0.045,0.12
2.5624e-02,-0.005,-0.185
2.5626e-02,-0.055,0.11
2.5627e-02,-0.09,-0.175
2.5629e-02,-0.1,0.105
2.5630e-02,-0.025,-0.16
2.5632e-02,0.015,0.095
2.5634e-02,-0.025,-0.175
2.5635e-02,0.01,0.11
2.5637e-02,-0.045,-0.185
2.5638e-02,0.015,0.12
2.5640e-02,-0.01,-0.195
2.5642e-02,-0.055,0.135
2.5643e-02,-0.045,-0.175
2.5645e-02,-0.1,0.11
2.5646e-02,-0.035,-0.17
2.5648e-02,-0.085,0.105
2.5650e-02,-0.035,-0.175
2.5651e-02,0.06,0.1
2.5653e-02,-0.03,-0.17
2.5654e-02,0.03,0.1
2.5656e-02,-0.16,-0.185
2.5658e-02,-0.045,0.11
2.5659e-02,-0.005,-0.18
2.5661e-02,0.005,0.115
2.5662e-02,-0.035,-0.195
2.5664e-02,-0.085,0.13
2.5666e-02,-0.055,-0.18
2.5667e-02,-0.02,0.11
2.5669e-02,-0.05,-0.165
2.5670e-02,0,0.1
2.5672e-02,-0.005,-0.16
2.5674e-02,-0.035,0.09
2.5675e-02,0.025,-0.18
2.5677e-02,-0.06,0.105
2.5678e-02,0.045,-0.16
2.5680e-02,-0.065,0.09
2.5682e-02,-0.085,-0.17
2.5683e-02,-0.035,0.1
2.5685e-02,0.01,-0.2
2.5686e-02,0.01,0.12
2.5688e-02,0.02,-0.18
2.5690e-02,-0.125,0.105
2.5691e-02,-0.05,-0.2
2.5693e-02,-0.095,0.13
2.5694e-02,-0.045,-0.2
2.5696e-02,-0.15,0.13
2.5698e-02,-0.05,-0.19
2.5699e-02,0.03,0.11
2.5701e-02,0.025,-0.185
2.5702e-02,0.065,0.115
2.5704e-02,-0.095,-0.175
2.5706e-02,0,0.105
2.5707e-02,-0.025,-0.17
2.5709e-02,-0.045,0.095
2.5710e-02,-0.005,-0.185
2.5712e-02,-0.1,0.115
2.5714e-02,-0.055,-0.2
2.5715e-02,-0.03,0.125
2.5717e-02,-0.09,-0.18
2.5718e-02,0.01,0.11
2.5720e-02,-0.125,-0.185
2.5722e-02,0.02,0.11
2.5723e-02,-0.045,-0.175
2.5725e-02,0.01,0.1
2.5726e-02,0.055,-0.19
2.5728e-02,-0.055,0.115
2.5730e-02,-0.03,-0.18
2.5731e-02,-0.085,0.1
2.5733e-02,-0.03,-0.17
2.5734e-02,-0.095,0.1
2.5736e-02,-0.125,-0.22
2.5738e-02,-0.13,0.145
2.5739e-02,-0.015,-0.195
2.5741e-02,-0.055,0.115
2.5742e-02,0.025,-0.18
2.5744e-02,-0.09,0.105
2.5746e-02,0.095,-0.2
2.5747e-02,-0.02,0.115
2.5749e-02,0.09,-0.185
2.5750e-02,-0.065,0.11
2.5752e-02,-0.045,-0.175
2.5754e-02,-0.065,0.1
2.5755e-02,-0.09,-0.22
2.5757e-02,0.02,0.135
2.5758e-02,-0.115,-0.195
2.5760e-02,0,0.12
2.5762e-02,-0.095,-0.165
2.5763e-02,0.015,0.095
2.5765e-02,-0.01,-0.17
2.5766e-02,-0.085,0.095
2.5768e-02,-0.08,-0.215
2.5770e-02,-0.105,0.14
2.5771e-02,-0.015,-0.18
2.5773e-02,-0.035,0.1
2.5774e-02,-0.055,-0.195
2.5776e-02,-0.08,0.115
2.5778e-02,-0.03,-0.205
2.5779e-02,-0.045,0.125
2.5781e-02,-0.005,-0.185
2.5782e-02,-0.085,0.105
2.5784e-02,-0.115,-0.185
2.5786e-02,-0.08,0.105
2.5787e-02,-0.125,-0.185
2.5789e-02,-0.055,0.11
2.5790e-02,-0.125,-0.185
2.5792e-02,-0.07,0.11
2.5794e-02,-0.065,-0.2
2.5795e-02,-0.1,0.125
2.5797e-02,-0.005,-0.19
2.5798e-02,-0.065,0.105
2.5800e-02,-0.065,-0.18
2.5802e-02,-0.09,0.105
2.5803e-02,-0.055,-0.21
2.5805e-02,0,0.125
2.5806e-02,-0.04,-0.19
2.5808e-02,-0.055,0.11
2.5810e-02,-0.01,-0.2
2.5811e-02,0.08,0.12
2.5813e-02,0,-0.18
2.5814e-02,0.06,0.105
2.5816e-02,-0.055,-0.175
2.5818e-02,0.06,0.095
2.5819e-02,0.01,-0.185
2.5821e-02,-0.01,0.11
2.5822e-02,-0.02,-0.19
2.5824e-02,-0.09,0.11
2.5826e-02,0.015,-0.18
2.5827e-02,-0.08,0.11
2.5829e-02,-0.045,-0.18
2.5830e-02,-0.07,0.115
2.5832e-02,-0.105,-0.21
2.5834e-02,0.01,0.13
2.5835e-02,-0.095,-0.185
2.5837e-02,0.065,0.1
2.5838e-02,-0.045,-0.19
2.5840e-02,0.025,0.105
2.5842e-02,-0.01,-0.18
2.5843e-02,-0.005,0.1
2.5845e-02,0.06,-0.18
2.5846e-02,-0.015,0.1
2.5848e-02,-0.08,-0.2
2.5850e-02,-0.045,0.12
2.5851e-02,-0.07,-0.19
2.5853e-02,-0.015,0.105
2.5854e-02,-0.1,-0.195
2.5856e-02,-0.02,0.11
2.5858e-02,0,-0.19
2.5859e-02,0.055,0.105
2.5861e-02,0.01,-0.2
2.5862e-02,-0.08,0.125
2.5864e-02,-0.055,-0.195
2.5866e-02,-0.015,0.105
2.5867e-02,-0.015,-0.19
2.5869e-02,-0.025,0.105
2.5870e-02,-0.05,-0.175
2.5872e-02,0.005,0.09
2.5874e-02,-0.025,-0.215
2.5875e-02,-0.015,0.135
2.5877e-02,-0.045,-0.21
2.5878e-02,-0.07,0.13
2.5880e-02,-0.065,-0.19
2.5882e-02,-0.04,0.105
2.5883e-02,0.025,-0.205
2.5885e-02,0.03,0.13
2.5886e-02,0.01,-0.225
2.5888e-02,-0.055,0.13
2.5890e-02,-0.02,-0.18
2.5891e-02,-0.03,0.095
2.5893e-02,-0.015,-0.21
2.5894e-02,-0.115,0.115
2.5896e-02,-0.07,-0.195
2.5898e-02,-0.065,0.11
2.5899e-02,-0.015,-0.22
2.5901e-02,-0.03,0.13
2.5902e-02,-0.12,-0.185
2.5904e-02,-0.06,0.1
2.5906e-02,-0.03,-0.185
2.5907e-02,-0.015,0.1
2.5909e-02,-0.045,-0.17
2.5910e-02,0,0.085
2.5912e-02,0.05,-0.185
2.5914e-02,0.03,0.095
2.5915e-02,0.01,-0.21
2.5917e-02,-0.1,0.115
2.5918e-02,0,-0.2
2.5920e-02,-0.1,0.11
2.5922e-02,0.015,-0.21
2.5923e-02,-0.06,0.12
2.5925e-02,-0.055,-0.205
2.5926e-02,-0.09,0.12
2.5928e-02,-0.11,-0.18
2.5930e-02,-0.01,0.09
2.5931e-02,-0.055,-0.185
2.5933e-02,0.075,0.095
2.5934e-02,-0.045,-0.2
2.5936e-02,0.02,0.115
2.5938e-02,-0.04,-0.19
2.5939e-02,-0.015,0.1
2.5941e-02,-0.06,-0.18
2.5942e-02,-0.11,0.09
2.5944e-02,-0.04,-0.18
2.5946e-02,-0.045,0.085
2.5947e-02,-0.01,-0.195
2.5949e-02,-0.08,0.1
2.5950e-02,-0.015,-0.185
2.5952e-02,-0.035,0.095
2.5954e-02,0.045,-0.18
2.5955e-02,-0.065,0.085
2.5957e-02,-0.07,-0.18
2.5958e-02,-0.12,0.09
2.5960e-02,-0.05,-0.195
2.5962e-02,-0.01,0.1
2.5963e-02,-0.035,-0.205
2.5965e-02,-0.005,0.115
2.5966e-02,-0.115,-0.22
2.5968e-02,-0.07,0.12
2.5970e-02,-0.09,-0.165
2.5971e-02,-0.02,0.08
2.5973e-02,-0.005,-0.21
2.5974e-02,-0.045,0.115
2.5976e-02,0.035,-0.18
2.5978e-02,-0.06,0.09
2.5979e-02,-0.03,-0.2
2.5981e-02,-0.135,0.1
2.5982e-02,-0.075,-0.205
2.5984e-02,-0.075,0.11
2.5986e-02,0,-0.2
2.5987e-02,-0.115,0.11
2.5989e-02,-0.105,-0.18
2.5990e-02,-0.15,0.085
2.5992e-02,-0.04,-0.185
2.5994e-02,-0.065,0.095
2.5995e-02,-0.035,-0.185
2.5997e-02,-0.005,0.09
2.5998e-02,-0.01,-0.195
2.6000e-02,0.085,0.095
2.6002e-02,-0.005,-0.19
2.6003e-02,0.045,0.095
2.6005e-02,-0.05,-0.19
2.6006e-02,-0.025,0.09
2.6008e-02,-0.01,-0.205
2.6010e-02,-0.08,0.11
2.6011e-02,-0.07,-0.195
2.6013e-02,-0.105,0.105
2.6014e-02,-0.03,-0.2
2.6016e-02,-0.06,0.1
2.6018e-02,0,-0.205
2.6019e-02,-0.09,0.11
2.6021e-02,0.015,-0.2
2.6022e-02,0.005,0.105
2.6024e-02,0.045,-0.2
2.6026e-02,0.02,0.1
2.6027e-02,-0.04,-0.195
2.6029e-02,0.025,0.095
2.6030e-02,-0.01,-0.215
2.6032e-02,0.07,0.12
2.6034e-02,-0.095,-0.23
2.6035e-02,-0.03,0.12
2.6037e-02,-0.055,-0.215
2.6038e-02,-0.005,0.115
2.6040e-02,-0.05,-0.195
2.6042e-02,-0.09,0.095
2.6043e-02,-0.015,-0.195
2.6045e-02,0.005,0.095
2.6046e-02,0.04,-0.195
2.6048e-02,-0.005,0.095
2.6050e-02,-0.015,-0.22
2.6051e-02,-0.08,0.12
2.6053e-02,-0.02,-0.185
2.6054e-02,-0.04,0.08
2.6056e-02,-0.05,-0.2
2.6058e-02,-0.03,0.09
2.6059e-02,-0.05,-0.205
2.6061e-02,0.04,0.1
2.6062e-02,-0.035,-0.205
2.6064e-02,0.065,0.1
2.6066e-02,-0.14,-0.215
2.6067e-02,-0.015,0.11
2.6069e-02,-0.095,-0.21
2.6070e-02,0.025,0.105
2.6072e-02,-0.13,-0.185
2.6074e-02,-0.02,0.08
2.6075e-02,-0.09,-0.22
2.6077e-02,-0.045,0.115
2.6078e-02,-0.145,-0.2
2.6080e-02,-0.135,0.09
2.6082e-02,-0.065,-0.19
2.6083e-02,0.005,0.085
2.6085e-02,-0.02,-0.195
2.6086e-02,-0.08,0.085
2.6088e-02,-0.075,-0.195
2.6090e-02,-0.075,0.09
2.6091e-02,-0.045,-0.215
2.6093e-02,-0.025,0.11
2.6094e-02,-0.025,-0.2
2.6096e-02,-0.09,0.085
2.6098e-02,-0.08,-0.195
2.6099e-02,-0.09,0.09
2.6101e-02,-0.085,-0.19
2.6102e-02,-0.075,0.08
2.6104e-02,-0.08,-0.19
2.6106e-02,-0.03,0.085
2.6107e-02,-0.015,-0.205
2.6109e-02,0.03,0.085
2.6110e-02,-0.045,-0.215
2.6112e-02,-0.1,0.11
2.6114e-02,-0.035,-0.2
2.6115e-02,-0.045,0.095
2.6117e-02,-0.02,-0.19
2.6118e-02,-0.08,0.085
2.6120e-02,-0.035,-0.205
2.6122e-02,0.03,0.095
2.6123e-02,-0.03,-0.195
2.6125e-02,-0.045,0.085
2.6126e-02,-0.105,-0.19
2.6128e-02,-0.05,0.08
2.6130e-02,-0.06,-0.19
2.6131e-02,-0.04,0.09
2.6133e-02,-0.095,-0.19
2.6134e-02,-0.01,0.09
2.6136e-02,-0.045,-0.21
2.6138e-02,0.04,0.1
2.6139e-02,-0.09,-0.185
2.6141e-02,-0.045,0.08
2.6142e-02,-0.115,-0.23
2.6144e-02,-0.135,0.125
2.6146e-02,-0.13,-0.2
2.6147e-02,-0.09,0.09
2.6149e-02,-0.1,-0.2
2.6150e-02,-0.05,0.095
2.6152e-02,-0.085,-0.195
2.6154e-02,0.055,0.09
2.6155e-02,0.025,-0.23
2.6157e-02,-0.02,0.12
2.6158e-02,-0.045,-0.23
2.6160e-02,-0.095,0.125
2.6162e-02,0.04,-0.19
2.6163e-02,-0.1,0.085
2.6165e-02,-0.025,-0.19
2.6166e-02,-0.11,0.085
2.6168e-02,0.01,-0.195
2.6170e-02,-0.045,0.085
2.6171e-02,-0.045,-0.225
2.6173e-02,-0.16,0.115
2.6174e-02,-0.03,-0.19
2.6176e-02,-0.08,0.08
2.6178e-02,-0.015,-0.195
2.6179e-02,-0.055,0.09
2.6181e-02,0,-0.21
2.6182e-02,0.015,0.11
2.6184e-02,0.005,-0.22
2.6186e-02,-0.035,0.11
2.6187e-02,-0.1,-0.205
2.6189e-02,-0.08,0.095
2.6190e-02,-0.12,-0.21
2.6192e-02,-0.07,0.1
2.6194e-02,-0.045,-0.205
2.6195e-02,-0.035,0.09
2.6197e-02,-0.07,-0.195
2.6198e-02,-0.06,0.085
2.6200e-02,-0.01,-0.185
2.6202e-02,-0.04,0.08
2.6203e-02,0.035,-0.22
2.6205e-02,-0.095,0.11
2.6206e-02,-0.025,-0.2
2.6208e-02,-0.015,0.09
2.6210e-02,-0.08,-0.195
2.6211e-02,-0.015,0.09
2.6213e-02,-0.135,-0.19
2.6214e-02,-0.05,0.08
2.6216e-02,-0.105,-0.21
2.6218e-02,-0.1,0.1
2.6219e-02,-0.095,-0.185
2.6221e-02,-0.1,0.065
2.6222e-02,0.04,-0.185
2.6224e-02,0.015,0.075
2.6226e-02,-0.11,-0.195
2.6227e-02,-0.05,0.08
2.6229e-02,-0.145,-0.19
2.6230e-02,-0.01,0.08
2.6232e-02,-0.09,-0.195
2.6234e-02,-0.13,0.075
2.6235e-02,-0.085,-0.205
2.6237e-02,-0.015,0.095
2.6238e-02,-0.01,-0.22
2.6240e-02,-0.015,0.1
2.6242e-02,-0.035,-0.225
2.6243e-02,-0.135,0.105
2.6245e-02,-0.025,-0.21
2.6246e-02,-0.02,0.095
2.6248e-02,0.06,-0.2
2.6250e-02,-0.075,0.09
2.6251e-02,-0.06,-0.195
2.6253e-02,-0.1,0.07
2.6254e-02,-0.06,-0.22
2.6256e-02,-0.005,0.105
2.6258e-02,-0.08,-0.2
2.6259e-02,-0.155,0.08
2.6261e-02,-0.02,-0.2
2.6262e-02,-0.035,0.085
2.6264e-02,-0.05,-0.19
2.6266e-02,-0.055,0.07
2.6267e-02,-0.1,-0.205
2.6269e-02,-0.045,0.08
2.6270e-02,0.005,-0.23
2.6272e-02,-0.02,0.105
2.6274e-02,-0.04,-0.195
2.6275e-02,-0.06,0.075
2.6277e-02,-0.025,-0.2
2.6278e-02,-0.05,0.08
2.6280e-02,-0.095,-0.2
2.6282e-02,-0.02,0.07
2.6283e-02,-0.11,-0.22
2.6285e-02,-0.05,0.1
2.6286e-02,-0.045,-0.21
2.6288e-02,-0.105,0.09
2.6290e-02,-0.115,-0.22
2.6291e-02,-0.13,0.1
2.6293e-02,-0.075,-0.22
2.6294e-02,0.015,0.1
2.6296e-02,-0.06,-0.205
2.6298e-02,-0.115,0.08
2.6299e-02,-0.135,-0.195
2.6301e-02,-0.095,0.075
2.6302e-02,-0.04,-0.195
2.6304e-02,-0.03,0.07
2.6306e-02,-0.085,-0.205
2.6307e-02,-0.065,0.075
2.6309e-02,-0.05,-0.225
2.6310e-02,-0.075,0.1
2.6312e-02,-0.03,-0.19
2.6314e-02,-0.03,0.07
2.6315e-02,-0.02,-0.2
2.6317e-02,0.005,0.08
2.6318e-02,-0.025,-0.2
2.6320e-02,-0.05,0.07
2.6322e-02,-0.075,-0.22
2.6323e-02,-0.12,0.085
2.6325e-02,-0.035,-0.195
2.6326e-02,-0.06,0.075
2.6328e-02,-0.09,-0.225
2.6330e-02,-0.045,0.105
2.6331e-02,-0.185,-0.21
2.6333e-02,0.05,0.09
2.6334e-02,0,-0.22
2.6336e-02,-0.035,0.09
2.6338e-02,-0.125,-0.205
2.6339e-02,-0.115,0.095
2.6341e-02,-0.065,-0.195
2.6342e-02,-0.06,0.075
2.6344e-02,-0.07,-0.21
2.6346e-02,-0.145,0.09
2.6347e-02,-0.105,-0.2
2.6349e-02,-0.08,0.08
2.6350e-02,-0.05,-0.235
2.6352e-02,-0.01,0.125
2.6354e-02,-0.07,-0.2
2.6355e-02,-0.01,0.075
2.6357e-02,-0.07,-0.21
2.6358e-02,-0.025,0.085
2.6360e-02,-0.01,-0.185
2.6362e-02,-0.035,0.06
2.6363e-02,-0.08,-0.21
2.6365e-02,-0.11,0.08
2.6366e-02,-0.06,-0.19
2.6368e-02,-0.07,0.075
2.6370e-02,-0.095,-0.2
2.6371e-02,-0.035,0.08
2.6373e-02,-0.06,-0.22
2.6374e-02,-0.035,0.095
2.6376e-02,-0.06,-0.21
2.6378e-02,-0.115,0.085
2.6379e-02,-0.04,-0.2
2.6381e-02,-0.08,0.08
2.6382e-02,-0.02,-0.23
2.6384e-02,-0.12,0.105
2.6386e-02,-0.06,-0.205
2.6387e-02,-0.075,0.085
2.6389e-02,0.02,-0.185
2.6390e-02,-0.115,0.065
2.6392e-02,-0.015,-0.2
2.6394e-02,-0.165,0.07
2.6395e-02,-0.06,-0.18
2.6397e-02,-0.12,0.055
2.6398e-02,-0.025,-0.22
2.6400e-02,-0.055,0.105
2.6402e-02,-0.03,-0.205
2.6403e-02,-0.08,0.075
2.6405e-02,0.02,-0.205
2.6406e-02,-0.05,0.08
2.6408e-02,-0.02,-0.19
2.6410e-02,-0.07,0.06
2.6411e-02,-0.085,-0.23
2.6413e-02,-0.015,0.1
2.6414e-02,-0.05,-0.205
2.6416e-02,-0.14,0.08
2.6418e-02,-0.175,-0.22
2.6419e-02,-0.105,0.09
2.6421e-02,-0.125,-0.205
2.6422e-02,-0.065,0.075
2.6424e-02,-0.09,-0.225
2.6426e-02,-0.05,0.09
2.6427e-02,-0.07,-0.21
2.6429e-02,0.03,0.08
2.6430e-02,-0.1,-0.205
2.6432e-02,-0.01,0.085
2.6434e-02,-0.13,-0.205
2.6435e-02,-0.09,0.075
2.6437e-02,-0.08,-0.225
2.6438e-02,-0.125,0.085
2.6440e-02,-0.1,-0.205
2.6442e-02,-0.115,0.08
2.6443e-02,-0.05,-0.22
2.6445e-02,0.015,0.085
2.6446e-02,0,-0.235
2.6448e-02,-0.06,0.1
2.6450e-02,-0.03,-0.2
2.6451e-02,0.005,0.07
2.6453e-02,-0.045,-0.205
2.6454e-02,-0.06,0.065
2.6456e-02,-0.115,-0.235
2.6458e-02,-0.07,0.095
2.6459e-02,-0.025,-0.215
2.6461e-02,-0.04,0.08
2.6462e-02,-0.135,-0.205
2.6464e-02,-0.045,0.07
2.6466e-02,-0.1,-0.2
2.6467e-02,-0.045,0.065
2.6469e-02,-0.015,-0.215
2.6470e-02,-0.06,0.07
2.6472e-02,-0.09,-0.21
2.6474e-02,-0.065,0.08
2.6475e-02,-0.1,-0.205
2.6477e-02,-0.09,0.07
2.6478e-02,0.01,-0.22
2.6480e-02,-0.12,0.085
2.6482e-02,-0.1,-0.24
2.6483e-02,-0.115,0.1
2.6485e-02,-0.07,-0.23
2.6486e-02,-0.085,0.09
2.6488e-02,-0.08,-0.21
2.6490e-02,-0.12,0.07
2.6491e-02,-0.05,-0.2
2.6493e-02,0,0.06
2.6494e-02,-0.075,-0.22
2.6496e-02,-0.02,0.08
2.6498e-02,-0.055,-0.215
2.6499e-02,0.02,0.07
2.6501e-02,-0.075,-0.24
2.6502e-02,-0.07,0.105
2.6504e-02,-0.05,-0.215
2.6506e-02,-0.04,0.075
2.6507e-02,-0.09,-0.2
2.6509e-02,-0.15,0.06
2.6510e-02,-0.13,-0.24
2.6512e-02,-0.13,0.105
2.6514e-02,-0.05,-0.22
2.6515e-02,-0.035,0.09
2.6517e-02,-0.055,-0.23
2.6518e-02,0.005,0.09
2.6520e-02,-0.035,-0.21
2.6522e-02,-0.05,0.075
2.6523e-02,-0.07,-0.21
2.6525e-02,-0.015,0.08
2.6526e-02,-0.13,-0.21
2.6528e-02,-0.03,0.07
2.6530e-02,-0.105,-0.205
2.6531e-02,-0.055,0.075
2.6533e-02,-0.055,-0.205
2.6534e-02,-0.15,0.065
2.6536e-02,-0.15,-0.2
2.6538e-02,-0.115,0.055
2.6539e-02,-0.08,-0.205
2.6541e-02,-0.16,0.065
2.6542e-02,-0.11,-0.215
2.6544e-02,-0.065,0.075
2.6546e-02,-0.02,-0.215
2.6547e-02,-0.005,0.08
2.6549e-02,-0.11,-0.2
2.6550e-02,-0.11,0.065
2.6552e-02,0.005,-0.21
2.6554e-02,-0.13,0.075
2.6555e-02,-0.08,-0.205
2.6557e-02,-0.14,0.065
2.6558e-02,-0.13,-0.21
2.6560e-02,-0.075,0.065
2.6562e-02,-0.08,-0.215
2.6563e-02,-0.09,0.075
2.6565e-02,-0.08,-0.215
2.6566e-02,-0.065,0.085
2.6568e-02,-0.065,-0.215
2.6570e-02,-0.015,0.085
2.6571e-02,-0.02,-0.2
2.6573e-02,-0.125,0.065
2.6574e-02,-0.05,-0.195
2.6576e-02,-0.125,0.06
2.6578e-02,-0.075,-0.2
2.6579e-02,-0.075,0.065
2.6581e-02,-0.195,-0.215
2.6582e-02,-0.1,0.085
2.6584e-02,-0.075,-0.23
2.6586e-02,-0.04,0.09
2.6587e-02,-0.105,-0.23
2.6589e-02,-0.1,0.09
2.6590e-02,-0.115,-0.19
2.6592e-02,-0.045,0.055
2.6594e-02,-0.1,-0.215
2.6595e-02,-0.14,0.08
2.6597e-02,-0.035,-0.215
2.6598e-02,-0.1,0.075
2.6600e-02,-0.08,-0.225
2.6602e-02,-0.11,0.08
2.6603e-02,-0.095,-0.215
2.6605e-02,-0.06,0.08
2.6606e-02,-0.035,-0.225
2.6608e-02,-0.03,0.085
2.6610e-02,-0.08,-0.225
2.6611e-02,-0.08,0.09
2.6613e-02,-0.08,-0.21
2.6614e-02,-0.085,0.065
2.6616e-02,0.015,-0.205
2.6618e-02,-0.1,0.07
2.6619e-02,-0.085,-0.215
2.6621e-02,-0.215,0.075
2.6622e-02,-0.105,-0.215
2.6624e-02,-0.055,0.07
2.6626e-02,-0.12,-0.26
2.6627e-02,-0.135,0.115
2.6629e-02,-0.155,-0.215
2.6630e-02,-0.125,0.08
2.6632e-02,-0.05,-0.245
2.6634e-02,-0.06,0.1
2.6635e-02,-0.08,-0.2
2.6637e-02,-0.085,0.06
2.6638e-02,-0.07,-0.215
2.6640e-02,-0.02,0.075
2.6642e-02,-0.045,-0.21
2.6643e-02,-0.015,0.07
2.6645e-02,-0.12,-0.22
2.6646e-02,-0.06,0.07
2.6648e-02,-0.035,-0.21
2.6650e-02,-0.025,0.065
2.6651e-02,-0.06,-0.22
2.6653e-02,-0.045,0.065
2.6654e-02,-0.025,-0.205
2.6656e-02,-0.05,0.07
2.6658e-02,-0.085,-0.205
2.6659e-02,-0.09,0.06
2.6661e-02,-0.08,-0.215
2.6662e-02,-0.005,0.065
2.6664e-02,-0.14,-0.22
2.6666e-02,-0.09,0.075
2.6667e-02,-0.185,-0.22
2.6669e-02,-0.025,0.07
2.6670e-02,-0.06,-0.25
2.6672e-02,0,0.095
2.6674e-02,-0.045,-0.215
2.6675e-02,-0.005,0.065
2.6677e-02,-0.06,-0.225
2.6678e-02,-0.05,0.065
2.6680e-02,-0.07,-0.21
2.6682e-02,-0.09,0.055
2.6683e-02,-0.13,-0.225
2.6685e-02,-0.085,0.075
2.6686e-02,-0.085,-0.22
2.6688e-02,-0.055,0.07
2.6690e-02,-0.07,-0.235
2.6691e-02,-0.11,0.085
2.6693e-02,-0.045,-0.21
2.6694e-02,-0.08,0.055
2.6696e-02,-0.105,-0.22
2.6698e-02,-0.17,0.07
2.6699e-02,-0.13,-0.245
2.6701e-02,-0.095,0.09
2.6702e-02,-0.08,-0.225
2.6704e-02,-0.09,0.075
2.6706e-02,-0.075,-0.22
2.6707e-02,-0.03,0.07
2.6709e-02,-0.065,-0.23
2.6710e-02,-0.055,0.08
2.6712e-02,-0.065,-0.23
2.6714e-02,-0.06,0.07
2.6715e-02,-0.035,-0.25
2.6717e-02,-0.025,0.1
2.6718e-02,-0.05,-0.215
2.6720e-02,-0.11,0.055
2.6722e-02,-0.085,-0.235
2.6723e-02,-0.135,0.085
2.6725e-02,0.03,-0.205
2.6726e-02,-0.055,0.05
2.6728e-02,-0.05,-0.225
2.6730e-02,-0.135,0.065
2.6731e-02,-0.06,-0.245
2.6733e-02,0.005,0.09
2.6734e-02,-0.03,-0.225
2.6736e-02,-0.095,0.08
2.6738e-02,-0.07,-0.21
2.6739e-02,-0.13,0.055
2.6741e-02,-0.055,-0.19
2.6742e-02,-0.08,0.04
2.6744e-02,-0.095,-0.225
2.6746e-02,-0.04,0.07
2.6747e-02,-0.04,-0.2
2.6749e-02,-0.095,0.05
2.6750e-02,-0.065,-0.2
2.6752e-02,-0.095,0.05
2.6754e-02,-0.05,-0.215
2.6755e-02,-0.025,0.06
2.6757e-02,-0.035,-0.22
2.6758e-02,-0.06,0.065
2.6760e-02,-0.04,-0.25
2.6762e-02,-0.05,0.095
2.6763e-02,-0.03,-0.21
2.6765e-02,-0.045,0.055
2.6766e-02,-0.125,-0.215
2.6768e-02,-0.08,0.06
2.6770e-02,-0.105,-0.235
2.6771e-02,-0.045,0.08
2.6773e-02,-0.09,-0.24
2.6774e-02,-0.105,0.09
2.6776e-02,-0.16,-0.23
2.6778e-02,-0.065,0.085
2.6779e-02,-0.02,-0.22
2.6781e-02,-0.105,0.07
2.6782e-02,-0.05,-0.22
2.6784e-02,-0.155,0.07
2.6786e-02,-0.025,-0.24
2.6787e-02,-0.04,0.085
2.6789e-02,-0.085,-0.21
2.6790e-02,-0.115,0.06
2.6792e-02,-0.075,-0.225
2.6794e-02,-0.085,0.07
2.6795e-02,-0.085,-0.215
2.6797e-02,-0.115,0.06
2.6798e-02,-0.135,-0.25
2.6800e-02,-0.135,0.095
2.6802e-02,-0.1,-0.225
2.6803e-02,-0.095,0.07
2.6805e-02,-0.12,-0.23
2.6806e-02,-0.105,0.07
2.6808e-02,-0.095,-0.215
2.6810e-02,-0.02,0.06
2.6811e-02,-0.02,-0.235
2.6813e-02,-0.095,0.08
2.6814e-02,-0.01,-0.245
2.6816e-02,-0.09,0.08
2.6818e-02,-0.03,-0.215
2.6819e-02,-0.1,0.06
2.6821e-02,-0.1,-0.21
2.6822e-02,-0.115,0.05
2.6824e-02,-0.03,-0.225
2.6826e-02,0.035,0.06
2.6827e-02,-0.145,-0.23
2.6829e-02,-0.095,0.07
2.6830e-02,-0.15,-0.21
2.6832e-02,-0.08,0.055
2.6834e-02,-0.13,-0.22
2.6835e-02,-0.085,0.055
2.6837e-02,-0.095,-0.22
2.6838e-02,-0.115,0.055
2.6840e-02,0.03,-0.23
2.6842e-02,-0.075,0.065
2.6843e-02,-0.06,-0.22
2.6845e-02,-0.075,0.055
2.6846e-02,-0.095,-0.24
2.6848e-02,-0.08,0.075
2.6850e-02,-0.065,-0.215
2.6851e-02,-0.115,0.055
2.6853e-02,-0.115,-0.21
2.6854e-02,-0.055,0.055
2.6856e-02,-0.035,-0.215
2.6858e-02,-0.045,0.045
2.6859e-02,-0.095,-0.21
2.6861e-02,-0.14,0.05
2.6862e-02,-0.115,-0.25
2.6864e-02,-0.13,0.08
2.6866e-02,-0.085,-0.225
2.6867e-02,-0.205,0.06
2.6869e-02,-0.015,-0.245
2.6870e-02,-0.045,0.08
2.6872e-02,-0.025,-0.21
2.6874e-02,-0.045,0.05
2.6875e-02,-0.12,-0.23
2.6877e-02,-0.09,0.065
2.6878e-02,-0.09,-0.235
2.6880e-02,-0.065,0.075
2.6882e-02,-0.135,-0.24
2.6883e-02,-0.05,0.07
2.6885e-02,-0.095,-0.215
2.6886e-02,-0.06,0.06
2.6888e-02,-0.055,-0.22
2.6890e-02,-0.025,0.055
2.6891e-02,-0.095,-0.255
2.6893e-02,0,0.085
2.6894e-02,-0.07,-0.225
2.6896e-02,-0.01,0.065
2.6898e-02,-0.01,-0.22
2.6899e-02,-0.09,0.06
2.6901e-02,-0.1,-0.23
2.6902e-02,-0.035,0.065
2.6904e-02,-0.055,-0.235
2.6906e-02,-0.085,0.07
2.6907e-02,-0.1,-0.245
2.6909e-02,-0.055,0.08
2.6910e-02,-0.025,-0.22
2.6912e-02,-0.025,0.06
2.6914e-02,-0.095,-0.24
2.6915e-02,-0.05,0.08
2.6917e-02,-0.085,-0.235
2.6918e-02,-0.09,0.075
2.6920e-02,-0.07,-0.23
2.6922e-02,-0.085,0.065
2.6923e-02,-0.125,-0.22
2.6925e-02,-0.095,0.06
2.6926e-02,-0.045,-0.22
2.6928e-02,-0.075,0.055
2.6930e-02,-0.035,-0.22
2.6931e-02,-0.14,0.06
2.6933e-02,-0.105,-0.215
2.6934e-02,-0.09,0.06
2.6936e-02,-0.12,-0.245
2.6938e-02,-0.145,0.085
2.6939e-02,-0.065,-0.21
2.6941e-02,-0.05,0.05
2.6942e-02,-0.015,-0.255
2.6944e-02,-0.01,0.095
2.6946e-02,-0.135,-0.21
2.6947e-02,-0.095,0.05
2.6949e-02,-0.085,-0.235
2.6950e-02,-0.13,0.07
2.6952e-02,-0.055,-0.23
2.6954e-02,-0.135,0.06
2.6955e-02,-0.12,-0.205
2.6957e-02,-0.06,0.045
2.6958e-02,-0.1,-0.22
2.6960e-02,-0.055,0.05
2.6962e-02,-0.055,-0.22
2.6963e-02,-0.155,0.05
2.6965e-02,-0.025,-0.225
2.6966e-02,-0.03,0.06
2.6968e-02,-0.05,-0.235
2.6970e-02,-0.03,0.065
2.6971e-02,-0.165,-0.25
2.6973e-02,-0.01,0.08
2.6974e-02,-0.155,-0.25
2.6976e-02,-0.06,0.085
2.6978e-02,-0.165,-0.24
2.6979e-02,-0.125,0.065
2.6981e-02,-0.075,-0.235
2.6982e-02,-0.045,0.065
2.6984e-02,-0.07,-0.225
2.6986e-02,-0.045,0.055
2.6987e-02,-0.015,-0.235
2.6989e-02,-0.03,0.06
2.6990e-02,-0.02,-0.225
2.6992e-02,-0.035,0.055
2.6994e-02,-0.07,-0.23
2.6995e-02,-0.09,0.06
2.6997e-02,-0.095,-0.24
2.6998e-02,-0.12,0.06
2.7000e-02,-0.04,-0.255
2.7002e-02,-0.115,0.075
2.7003e-02,-0.13,-0.215
2.7005e-02,-0.105,0.045
2.7006e-02,-0.075,-0.215
2.7008e-02,-0.135,0.045
2.7010e-02,-0.09,-0.225
2.7011e-02,-0.19,0.05
2.7013e-02,-0.16,-0.24
2.7014e-02,-0.08,0.055
2.7016e-02,-0.095,-0.245
2.7018e-02,-0.205,0.065
2.7019e-02,-0.095,-0.22
2.7021e-02,-0.155,0.04
2.7022e-02,-0.105,-0.22
2.7024e-02,-0.145,0.045
2.7026e-02,-0.115,-0.23
2.7027e-02,-0.145,0.055
2.7029e-02,-0.105,-0.23
2.7030e-02,-0.08,0.05
2.7032e-02,-0.11,-0.28
2.7034e-02,-0.095,0.09
2.7035e-02,-0.06,-0.26
2.7037e-02,-0.15,0.075
2.7038e-02,-0.035,-0.23
2.7040e-02,-0.08,0.055
2.7042e-02,0,-0.26
2.7043e-02,-0.105,0.08
2.7045e-02,-0.06,-0.235
2.7046e-02,-0.05,0.055
2.7048e-02,-0.05,-0.255
2.7050e-02,-0.04,0.075
2.7051e-02,-0.11,-0.22
2.7053e-02,-0.115,0.045
2.7054e-02,-0.095,-0.23
2.7056e-02,-0.07,0.045
2.7058e-02,-0.12,-0.245
2.7059e-02,-0.135,0.06
2.7061e-02,-0.125,-0.23
2.7062e-02,-0.04,0.05
2.7064e-02,-0.135,-0.24
2.7066e-02,-0.025,0.06
2.7067e-02,-0.105,-0.255
2.7069e-02,-0.125,0.08
2.7070e-02,-0.085,-0.23
2.7072e-02,-0.1,0.055
2.7074e-02,-0.125,-0.235
2.7075e-02,-0.165,0.055
2.7077e-02,-0.135,-0.255
2.7078e-02,-0.13,0.07
2.7080e-02,-0.1,-0.245
2.7082e-02,-0.07,0.07
2.7083e-02,-0.155,-0.23
2.7085e-02,-0.095,0.05
2.7086e-02,-0.02,-0.225
2.7088e-02,-0.035,0.05
2.7090e-02,-0.07,-0.225
2.7091e-02,-0.01,0.045
2.7093e-02,-0.085,-0.215
2.7094e-02,-0.06,0.045
2.7096e-02,-0.11,-0.26
2.7098e-02,-0.02,0.075
2.7099e-02,-0.185,-0.235
2.7101e-02,-0.085,0.065
2.7102e-02,-0.205,-0.24
2.7104e-02,-0.155,0.055
2.7106e-02,-0.105,-0.225
2.7107e-02,-0.12,0.045
2.7109e-02,-0.135,-0.225
2.7110e-02,-0.145,0.05
2.7112e-02,-0.035,-0.24
2.7114e-02,-0.05,0.065
2.7115e-02,-0.125,-0.25
2.7117e-02,-0.1,0.06
2.7118e-02,-0.055,-0.245
2.7120e-02,-0.11,0.065
2.7122e-02,-0.065,-0.215
2.7123e-02,-0.12,0.035
2.7125e-02,-0.105,-0.245
2.7126e-02,-0.035,0.07
2.7128e-02,-0.04,-0.25
2.7130e-02,-0.05,0.07
2.7131e-02,-0.055,-0.22
2.7133e-02,-0.06,0.04
2.7134e-02,-0.1,-0.215
2.7136e-02,-0.04,0.04
2.7138e-02,-0.08,-0.26
2.7139e-02,-0.08,0.075
2.7141e-02,-0.165,-0.23
2.7142e-02,-0.095,0.05
2.7144e-02,-0.09,-0.245
2.7146e-02,-0.065,0.06
2.7147e-02,-0.15,-0.235
2.7149e-02,-0.08,0.055
2.7150e-02,-0.125,-0.245
2.7152e-02,-0.03,0.06
2.7154e-02,0.03,-0.25
2.7155e-02,-0.07,0.07
2.7157e-02,-0.07,-0.23
2.7158e-02,0.015,0.05
2.7160e-02,-0.02,-0.215
2.7162e-02,-0.015,0.04
2.7163e-02,-0.005,-0.24
2.7165e-02,-0.055,0.06
2.7166e-02,-0.095,-0.24
2.7168e-02,-0.025,0.05
2.7170e-02,-0.085,-0.23
2.7171e-02,-0.085,0.04
2.7173e-02,-0.085,-0.265
2.7174e-02,-0.055,0.08
2.7176e-02,-0.01,-0.245
2.7178e-02,-0.02,0.06
2.7179e-02,-0.025,-0.235
2.7181e-02,-0.065,0.045
2.7182e-02,-0.01,-0.23
2.7184e-02,0.02,0.045
2.7186e-02,-0.065,-0.24
2.7187e-02,-0.115,0.055
2.7189e-02,-0.115,-0.25
2.7190e-02,-0.055,0.07
2.7192e-02,-0.075,-0.255
2.7194e-02,-0.065,0.07
2.7195e-02,-0.09,-0.24
2.7197e-02,-0.115,0.06
2.7198e-02,-0.075,-0.255
2.7200e-02,-0.055,0.07
2.7202e-02,-0.095,-0.26
2.7203e-02,-0.14,0.07
2.7205e-02,-0.04,-0.235
2.7206e-02,-0.135,0.05
2.7208e-02,-0.135,-0.265
2.7210e-02,-0.105,0.085
2.7211e-02,-0.12,-0.245
2.7213e-02,-0.155,0.06
2.7214e-02,-0.18,-0.225
2.7216e-02,-0.135,0.045
2.7218e-02,-0.145,-0.235
2.7219e-02,-0.09,0.05
2.7221e-02,-0.12,-0.24
2.7222e-02,-0.06,0.06
2.7224e-02,-0.02,-0.265
2.7226e-02,-0.02,0.075
2.7227e-02,-0.095,-0.24
2.7229e-02,-0.105,0.045
2.7230e-02,-0.05,-0.25
2.7232e-02,0.015,0.06
2.7234e-02,-0.105,-0.255
2.7235e-02,-0.08,0.065
2.7237e-02,-0.1,-0.22
2.7238e-02,-0.135,0.035
2.7240e-02,-0.065,-0.26
2.7242e-02,-0.095,0.08
2.7243e-02,-0.035,-0.245
2.7245e-02,-0.155,0.06
2.7246e-02,-0.02,-0.245
2.7248e-02,-0.13,0.06
2.7250e-02,-0.06,-0.235
2.7251e-02,-0.2,0.045
2.7253e-02,-0.13,-0.235
2.7254e-02,-0.21,0.045
2.7256e-02,-0.09,-0.24
2.7258e-02,-0.13,0.04
2.7259e-02,-0.1,-0.255
2.7261e-02,-0.145,0.065
2.7262e-02,-0.08,-0.235
2.7264e-02,-0.035,0.05
2.7266e-02,0,-0.23
2.7267e-02,-0.115,0.045
2.7269e-02,-0.04,-0.225
2.7270e-02,-0.015,0.03
2.7272e-02,-0.01,-0.275
2.7274e-02,-0.095,0.075
2.7275e-02,-0.005,-0.26
2.7277e-02,-0.12,0.06
2.7278e-02,-0.025,-0.23
2.7280e-02,-0.025,0.04
2.7282e-02,-0.085,-0.23
2.7283e-02,-0.035,0.04
2.7285e-02,-0.105,-0.225
2.7286e-02,-0.015,0.035
2.7288e-02,-0.14,-0.25
2.7290e-02,-0.09,0.05
2.7291e-02,-0.13,-0.235
2.7293e-02,-0.18,0.035
2.7294e-02,-0.165,-0.255
2.7296e-02,-0.15,0.06
2.7298e-02,-0.13,-0.23
2.7299e-02,-0.16,0.04
2.7301e-02,-0.15,-0.24
2.7302e-02,-0.075,0.04
2.7304e-02,-0.08,-0.25
2.7306e-02,-0.105,0.06
2.7307e-02,-0.11,-0.255
2.7309e-02,-0.08,0.055
2.7310e-02,-0.075,-0.28
2.7312e-02,0.04,0.075
2.7314e-02,-0.055,-0.28
2.7315e-02,-0.075,0.075
2.7317e-02,-0.12,-0.23
2.7318e-02,-0.145,0.035
2.7320e-02,-0.13,-0.24
2.7322e-02,-0.145,0.045
2.7323e-02,-0.01,-0.235
2.7325e-02,-0.14,0.045
2.7326e-02,-0.14,-0.255
2.7328e-02,-0.065,0.055
2.7330e-02,-0.05,-0.24
2.7331e-02,-0.085,0.045
2.7333e-02,-0.11,-0.225
2.7334e-02,-0.065,0.035
2.7336e-02,-0.08,-0.25
2.7338e-02,0.03,0.055
2.7339e-02,-0.105,-0.25
2.7341e-02,-0.09,0.045
2.7342e-02,-0.125,-0.255
2.7344e-02,-0.11,0.05
2.7346e-02,-0.175,-0.295
2.7347e-02,-0.155,0.095
2.7349e-02,-0.13,-0.275
2.7350e-02,-0.145,0.08
2.7352e-02,-0.09,-0.265
2.7354e-02,-0.06,0.07
2.7355e-02,-0.03,-0.23
2.7357e-02,-0.055,0.035
2.7358e-02,-0.085,-0.25
2.7360e-02,0.015,0.06
2.7362e-02,-0.07,-0.27
2.7363e-02,0.045,0.075
2.7365e-02,-0.095,-0.255
2.7366e-02,-0.09,0.06
2.7368e-02,-0.09,-0.24
2.7370e-02,-0.05,0.045
2.7371e-02,-0.115,-0.26
2.7373e-02,-0.07,0.065
2.7374e-02,-0.145,-0.245
2.7376e-02,-0.11,0.05
2.7378e-02,-0.06,-0.25
2.7379e-02,-0.03,0.055
2.7381e-02,-0.115,-0.235
2.7382e-02,0.02,0.045
2.7384e-02,-0.12,-0.25
2.7386e-02,-0.03,0.05
2.7387e-02,-0.04,-0.265
2.7389e-02,-0.15,0.065
2.7390e-02,-0.135,-0.275
2.7392e-02,-0.175,0.08
2.7394e-02,-0.06,-0.26
2.7395e-02,-0.055,0.06
2.7397e-02,-0.065,-0.245
2.7398e-02,-0.18,0.05
2.7400e-02,-0.055,-0.235
2.7402e-02,-0.115,0.045
2.7403e-02,-0.075,-0.235
2.7405e-02,-0.065,0.04
2.7406e-02,-0.105,-0.24
2.7408e-02,-0.115,0.045
2.7410e-02,-0.115,-0.25
2.7411e-02,-0.08,0.05
2.7413e-02,-0.125,-0.235
2.7414e-02,-0.04,0.035
2.7416e-02,-0.095,-0.255
2.7418e-02,-0.075,0.055
2.7419e-02,-0.045,-0.25
2.7421e-02,-0.06,0.05
2.7422e-02,-0.155,-0.245
2.7424e-02,-0.085,0.045
2.7426e-02,-0.11,-0.25
2.7427e-02,-0.025,0.05
2.7429e-02,-0.02,-0.245
2.7430e-02,-0.05,0.05
2.7432e-02,-0.06,-0.28
2.7434e-02,-0.09,0.085
2.7435e-02,-0.105,-0.285
2.7437e-02,-0.135,0.09
2.7438e-02,-0.065,-0.285
2.7440e-02,-0.185,0.08
2.7442e-02,-0.085,-0.28
2.7443e-02,-0.01,0.085
2.7445e-02,-0.035,-0.245
2.7446e-02,0.01,0.045
2.7448e-02,-0.11,-0.275
2.7450e-02,-0.065,0.065
2.7451e-02,-0.075,-0.25
2.7453e-02,-0.025,0.045
2.7454e-02,-0.17,-0.26
2.7456e-02,-0.05,0.06
2.7458e-02,-0.095,-0.26
2.7459e-02,-0.05,0.06
2.7461e-02,-0.12,-0.28
2.7462e-02,-0.05,0.08
2.7464e-02,-0.165,-0.27
2.7466e-02,-0.115,0.07
2.7467e-02,-0.11,-0.265
2.7469e-02,-0.055,0.06
2.7470e-02,0.05,-0.255
2.7472e-02,-0.085,0.055
2.7474e-02,-0.065,-0.255
2.7475e-02,-0.105,0.05
2.7477e-02,-0.035,-0.29
2.7478e-02,-0.085,0.075
2.7480e-02,-0.02,-0.255
2.7482e-02,-0.1,0.045
2.7483e-02,-0.08,-0.255
2.7485e-02,-0.085,0.05
2.7486e-02,-0.125,-0.255
2.7488e-02,-0.165,0.055
2.7490e-02,-0.13,-0.26
2.7491e-02,-0.105,0.055
2.7493e-02,-0.045,-0.28
2.7494e-02,-0.035,0.07
2.7496e-02,-0.135,-0.235
2.7498e-02,-0.1,0.035
2.7499e-02,-0.205,-0.26
2.7501e-02,-0.045,0.055
2.7502e-02,-0.05,-0.245
2.7504e-02,-0.1,0.04
2.7506e-02,-0.185,-0.25
2.7507e-02,-0.1,0.045
2.7509e-02,-0.14,-0.265
2.7510e-02,-0.105,0.055
2.7512e-02,-0.03,-0.24
2.7514e-02,-0.135,0.035
2.7515e-02,-0.05,-0.235
2.7517e-02,-0.09,0.03
2.7518e-02,-0.085,-0.25
2.7520e-02,-0.09,0.035
2.7522e-02,-0.025,-0.25
2.7523e-02,-0.115,0.04
2.7525e-02,-0.06,-0.25
2.7526e-02,-0.11,0.04
2.7528e-02,-0.055,-0.255
2.7530e-02,-0.185,0.05
2.7531e-02,-0.1,-0.27
2.7533e-02,-0.14,0.06
2.7534e-02,-0.005,-0.25
2.7536e-02,-0.05,0.04
2.7538e-02,-0.1,-0.27
2.7539e-02,-0.165,0.06
2.7541e-02,-0.1,-0.255
2.7542e-02,-0.09,0.04
2.7544e-02,-0.125,-0.265
2.7546e-02,-0.09,0.05
2.7547e-02,-0.075,-0.255
2.7549e-02,-0.15,0.04
2.7550e-02,-0.04,-0.245
2.7552e-02,-0.135,0.035
2.7554e-02,-0.11,-0.245
2.7555e-02,-0.07,0.04
2.7557e-02,-0.065,-0.265
2.7558e-02,-0.1,0.055
2.7560e-02,-0.09,-0.25
2.7562e-02,-0.115,0.04
2.7563e-02,-0.16,-0.26
2.7565e-02,-0.165,0.045
2.7566e-02,-0.07,-0.275
2.7568e-02,-0.1,0.07
2.7570e-02,-0.115,-0.245
2.7571e-02,-0.115,0.03
2.7573e-02,-0.195,-0.26
2.7574e-02,-0.055,0.045
2.7576e-02,-0.075,-0.275
2.7578e-02,-0.09,0.06
2.7579e-02,-0.13,-0.265
2.7581e-02,-0.11,0.045
2.7582e-02,-0.195,-0.255
2.7584e-02,-0.115,0.035
2.7586e-02,-0.11,-0.27
2.7587e-02,-0.075,0.055
2.7589e-02,-0.13,-0.245
2.7590e-02,-0.07,0.035
2.7592e-02,-0.13,-0.255
2.7594e-02,-0.06,0.04
2.7595e-02,-0.15,-0.255
2.7597e-02,-0.095,0.04
2.7598e-02,-0.085,-0.23
2.7600e-02,0.005,0.025
2.7602e-02,-0.025,-0.28
2.7603e-02,-0.075,0.06
2.7605e-02,-0.135,-0.235
2.7606e-02,-0.115,0.025
2.7608e-02,-0.07,-0.275
2.7610e-02,-0.135,0.06
2.7611e-02,-0.115,-0.24
2.7613e-02,-0.16,0.02
2.7614e-02,-0.185,-0.265
2.7616e-02,-0.155,0.05
2.7618e-02,-0.105,-0.295
2.7619e-02,-0.075,0.08
2.7621e-02,-0.105,-0.26
2.7622e-02,-0.095,0.05
2.7624e-02,-0.205,-0.265
2.7626e-02,-0.08,0.05
2.7627e-02,-0.175,-0.24
2.7629e-02,-0.115,0.025
2.7630e-02,-0.105,-0.245
2.7632e-02,-0.145,0.035
2.7634e-02,-0.06,-0.27
2.7635e-02,-0.115,0.06
2.7637e-02,-0.135,-0.29
2.7638e-02,-0.18,0.08
2.7640e-02,-0.145,-0.25
2.7642e-02,-0.075,0.04
2.7643e-02,-0.02,-0.275
2.7645e-02,-0.05,0.055
2.7646e-02,-0.065,-0.24
2.7648e-02,-0.055,0.035
2.7650e-02,-0.165,-0.235
2.7651e-02,-0.07,0.03
2.7653e-02,-0.085,-0.255
2.7654e-02,-0.12,0.04
2.7656e-02,-0.075,-0.25
2.7658e-02,-0.075,0.045
2.7659e-02,-0.04,-0.26
2.7661e-02,-0.08,0.05
2.7662e-02,-0.07,-0.24
2.7664e-02,-0.14,0.03
2.7666e-02,0.04,-0.26
2.7667e-02,-0.075,0.045
2.7669e-02,-0.02,-0.29
2.7670e-02,-0.075,0.08
2.7672e-02,-0.155,-0.275
2.7674e-02,-0.14,0.05
2.7675e-02,-0.085,-0.26
2.7677e-02,-0.115,0.04
2.7678e-02,-0.085,-0.285
2.7680e-02,-0.11,0.07
2.7682e-02,-0.095,-0.3
2.7683e-02,-0.135,0.08
2.7685e-02,-0.09,-0.265
2.7686e-02,-0.085,0.05
2.7688e-02,-0.115,-0.25
2.7690e-02,-0.105,0.025
2.7691e-02,-0.055,-0.255
2.7693e-02,-0.095,0.04
2.7694e-02,0.065,-0.265
2.7696e-02,-0.17,0.045
2.7698e-02,-0.105,-0.285
2.7699e-02,-0.18,0.065
2.7701e-02,-0.055,-0.275
2.7702e-02,-0.205,0.05
2.7704e-02,-0.12,-0.25
2.7706e-02,-0.11,0.03
2.7707e-02,-0.115,-0.245
2.7709e-02,-0.08,0.025
2.7710e-02,-0.11,-0.255
2.7712e-02,-0.125,0.03
2.7714e-02,-0.09,-0.24
2.7715e-02,-0.065,0.015
2.7717e-02,-0.095,-0.26
2.7718e-02,-0.07,0.04
2.7720e-02,-0.125,-0.26
2.7722e-02,-0.155,0.035
2.7723e-02,-0.21,-0.25
2.7725e-02,-0.045,0.02
2.7726e-02,-0.105,-0.26
2.7728e-02,-0.09,0.04
2.7730e-02,-0.205,-0.265
2.7731e-02,-0.08,0.04
2.7733e-02,-0.16,-0.26
2.7734e-02,-0.08,0.03
2.7736e-02,-0.055,-0.255
2.7738e-02,-0.095,0.025
2.7739e-02,-0.06,-0.265
2.7741e-02,-0.15,0.04
2.7742e-02,-0.075,-0.255
2.7744e-02,-0.125,0.035
2.7746e-02,-0.17,-0.25
2.7747e-02,-0.115,0.03
2.7749e-02,-0.155,-0.255
2.7750e-02,-0.13,0.025
2.7752e-02,-0.06,-0.26
2.7754e-02,-0.145,0.03
2.7755e-02,-0.13,-0.26
2.7757e-02,-0.08,0.035
2.7758e-02,-0.015,-0.275
2.7760e-02,-0.07,0.05
2.7762e-02,-0.135,-0.265
2.7763e-02,-0.105,0.035
2.7765e-02,-0.095,-0.25
2.7766e-02,-0.135,0.025
2.7768e-02,-0.19,-0.24
2.7770e-02,-0.095,0.015
2.7771e-02,-0.16,-0.245
2.7773e-02,-0.055,0.025
2.7774e-02,-0.11,-0.255
2.7776e-02,0,0.03
2.7778e-02,-0.085,-0.28
2.7779e-02,-0.125,0.06
2.7781e-02,-0.14,-0.275
2.7782e-02,-0.105,0.045
2.7784e-02,-0.08,-0.3
2.7786e-02,-0.115,0.075
2.7787e-02,-0.17,-0.255
2.7789e-02,-0.2,0.035
2.7790e-02,-0.06,-0.25
2.7792e-02,-0.075,0.03
2.7794e-02,-0.075,-0.26
2.7795e-02,-0.115,0.04
2.7797e-02,-0.055,-0.25
2.7798e-02,-0.125,0.02
2.7800e-02,-0.13,-0.255
2.7802e-02,-0.125,0.025
2.7803e-02,-0.175,-0.26
2.7805e-02,-0.07,0.035
2.7806e-02,-0.065,-0.255
2.7808e-02,-0.075,0.03
2.7810e-02,-0.08,-0.265
2.7811e-02,-0.07,0.035
2.7813e-02,-0.11,-0.275
2.7814e-02,-0.095,0.04
2.7816e-02,-0.05,-0.27
2.7818e-02,-0.145,0.045
2.7819e-02,-0.14,-0.3
2.7821e-02,-0.08,0.075
2.7822e-02,-0.035,-0.29
2.7824e-02,-0.04,0.065
2.7826e-02,-0.045,-0.26
2.7827e-02,-0.075,0.035
2.7829e-02,-0.13,-0.25
2.7830e-02,-0.01,0.025
2.7832e-02,-0.09,-0.26
2.7834e-02,-0.13,0.03
2.7835e-02,-0.16,-0.27
2.7837e-02,-0.125,0.04
2.7838e-02,-0.125,-0.25
2.7840e-02,-0.115,0.025
2.7842e-02,-0.165,-0.26
2.7843e-02,-0.14,0.035
2.7845e-02,-0.19,-0.295
2.7846e-02,-0.1,0.065
2.7848e-02,-0.095,-0.25
2.7850e-02,-0.14,0.015
2.7851e-02,-0.055,-0.265
2.7853e-02,-0.125,0.04
2.7854e-02,-0.075,-0.27
2.7856e-02,-0.115,0.035
2.7858e-02,-0.075,-0.255
2.7859e-02,-0.21,0.02
2.7861e-02,-0.135,-0.28
2.7862e-02,-0.095,0.05
2.7864e-02,-0.12,-0.275
2.7866e-02,-0.16,0.04
2.7867e-02,-0.21,-0.245
2.7869e-02,-0.14,0.02
2.7870e-02,-0.105,-0.25
2.7872e-02,-0.105,0.015
2.7874e-02,-0.14,-0.265
2.7875e-02,-0.04,0.03
2.7877e-02,-0.04,-0.27
2.7878e-02,-0.05,0.035
2.7880e-02,-0.07,-0.245
2.7882e-02,-0.14,0.02
2.7883e-02,-0.1,-0.24
2.7885e-02,-0.135,0.015
2.7886e-02,-0.075,-0.255
2.7888e-02,-0.2,0.02
2.7890e-02,-0.145,-0.27
2.7891e-02,-0.17,0.04
2.7893e-02,-0.16,-0.285
2.7894e-02,-0.025,0.05
2.7896e-02,-0.025,-0.28
2.7898e-02,-0.085,0.05
2.7899e-02,-0.18,-0.255
2.7901e-02,-0.145,0.02
2.7902e-02,-0.19,-0.275
2.7904e-02,-0.095,0.04
2.7906e-02,-0.14,-0.25
2.7907e-02,-0.13,0.015
2.7909e-02,-0.07,-0.255
2.7910e-02,-0.02,0.025
2.7912e-02,-0.165,-0.265
2.7914e-02,-0.15,0.025
2.7915e-02,-0.205,-0.26
2.7917e-02,-0.09,0.02
2.7918e-02,-0.12,-0.255
2.7920e-02,-0.12,0.025
2.7922e-02,-0.155,-0.27
2.7923e-02,-0.09,0.04
2.7925e-02,-0.125,-0.255
2.7926e-02,-0.105,0.02
2.7928e-02,-0.04,-0.27
2.7930e-02,-0.175,0.035
2.7931e-02,-0.105,-0.26
2.7933e-02,-0.09,0.025
2.7934e-02,-0.045,-0.255
2.7936e-02,-0.085,0.025
2.7938e-02,-0.08,-0.255
2.7939e-02,-0.085,0.02
2.7941e-02,-0.08,-0.265
2.7942e-02,0.035,0.035
2.7944e-02,-0.06,-0.275
2.7946e-02,-0.085,0.05
2.7947e-02,-0.11,-0.275
2.7949e-02,-0.135,0.055
2.7950e-02,-0.075,-0.255
2.7952e-02,-0.105,0.02
2.7954e-02,-0.11,-0.255
2.7955e-02,-0.08,0.03
2.7957e-02,-0.03,-0.27
2.7958e-02,-0.055,0.04
2.7960e-02,-0.055,-0.235
2.7962e-02,-0.075,0.01
2.7963e-02,-0.165,-0.27
2.7965e-02,-0.09,0.04
2.7966e-02,-0.115,-0.25
2.7968e-02,-0.18,0.015
2.7970e-02,-0.12,-0.25
2.7971e-02,-0.17,0.02
2.7973e-02,-0.05,-0.255
2.7974e-02,0.005,0.02
2.7976e-02,-0.085,-0.25
2.7978e-02,-0.055,0.02
2.7979e-02,-0.08,-0.28
2.7981e-02,-0.055,0.045
2.7982e-02,-0.105,-0.265
2.7984e-02,-0.095,0.025
2.7986e-02,-0.215,-0.27
2.7987e-02,-0.165,0.035
2.7989e-02,-0.145,-0.255
2.7990e-02,-0.19,0.025
2.7992e-02,-0.115,-0.28
2.7994e-02,-0.125,0.04
2.7995e-02,-0.025,-0.28
2.7997e-02,-0.095,0.035
2.7998e-02,0.005,-0.27
2.8000e-02,-0.17,0.04
2.8002e-02,-0.06,-0.265
2.8003e-02,-0.175,0.03
2.8005e-02,-0.13,-0.27
2.8006e-02,-0.12,0.03
2.8008e-02,-0.1,-0.245
2.8010e-02,-0.215,0.01
2.8011e-02,-0.115,-0.285
2.8013e-02,-0.155,0.045
2.8014e-02,-0.105,-0.27
2.8016e-02,-0.14,0.03
2.8018e-02,-0.115,-0.26
2.8019e-02,-0.07,0.015
2.8021e-02,-0.045,-0.26
2.8022e-02,-0.035,0.02
2.8024e-02,-0.195,-0.25
2.8026e-02,-0.115,0.01
2.8027e-02,-0.125,-0.25
2.8029e-02,-0.115,0.01
2.8030e-02,-0.125,-0.26
2.8032e-02,-0.13,0.02
2.8034e-02,-0.205,-0.265
2.8035e-02,-0.13,0.025
2.8037e-02,-0.145,-0.26
2.8038e-02,-0.07,0.015
2.8040e-02,-0.085,-0.27
2.8042e-02,-0.135,0.02
2.8043e-02,-0.185,-0.255
2.8045e-02,-0.095,0.01
2.8046e-02,-0.095,-0.265
2.8048e-02,-0.15,0.02
2.8050e-02,-0.14,-0.26
2.8051e-02,-0.165,0.02
2.8053e-02,-0.185,-0.28
2.8054e-02,-0.09,0.035
2.8056e-02,-0.09,-0.265
2.8058e-02,-0.175,0.025
2.8059e-02,-0.08,-0.255
2.8061e-02,-0.09,0.005
2.8062e-02,-0.07,-0.275
2.8064e-02,-0.085,0.03
2.8066e-02,-0.04,-0.285
2.8067e-02,-0.07,0.04
2.8069e-02,-0.055,-0.255
2.8070e-02,-0.035,0.01
2.8072e-02,-0.12,-0.265
2.8074e-02,-0.095,0.025
2.8075e-02,-0.115,-0.345
2.8077e-02,-0.175,0.09
2.8078e-02,-0.065,-0.28
2.8080e-02,-0.16,0.03
2.8082e-02,-0.13,-0.295
2.8083e-02,-0.15,0.045
2.8085e-02,-0.075,-0.275
2.8086e-02,-0.16,0.025
2.8088e-02,-0.09,-0.265
2.8090e-02,-0.195,0.02
2.8091e-02,-0.145,-0.29
2.8093e-02,-0.225,0.045
2.8094e-02,-0.075,-0.275
2.8096e-02,-0.115,0.03
2.8098e-02,-0.09,-0.305
2.8099e-02,-0.075,0.065
2.8101e-02,-0.095,-0.275
2.8102e-02,-0.105,0.03
2.8104e-02,-0.04,-0.265
2.8106e-02,-0.11,0.02
2.8107e-02,-0.13,-0.275
2.8109e-02,-0.19,0.035
2.8110e-02,-0.115,-0.305
2.8112e-02,-0.14,0.05
2.8114e-02,-0.105,-0.265
2.8115e-02,-0.125,0.025
2.8117e-02,-0.155,-0.285
2.8118e-02,-0.09,0.04
2.8120e-02,-0.02,-0.275
2.8122e-02,-0.115,0.03
2.8123e-02,-0.09,-0.275
2.8125e-02,-0.12,0.035
2.8126e-02,-0.035,-0.285
2.8128e-02,-0.21,0.04
2.8130e-02,-0.075,-0.29
2.8131e-02,-0.225,0.055
2.8133e-02,-0.15,-0.29
2.8134e-02,-0.185,0.045
2.8136e-02,-0.025,-0.27
2.8138e-02,-0.13,0.02
2.8139e-02,-0.07,-0.29
2.8141e-02,-0.09,0.045
2.8142e-02,-0.05,-0.27
2.8144e-02,-0.085,0.025
2.8146e-02,-0.045,-0.3
2.8147e-02,-0.15,0.05
2.8149e-02,-0.19,-0.28
2.8150e-02,-0.13,0.04
2.8152e-02,-0.085,-0.27
2.8154e-02,-0.085,0.02
2.8155e-02,-0.2,-0.26
2.8157e-02,-0.105,0.015
2.8158e-02,-0.155,-0.27
2.8160e-02,-0.1,0.025
2.8162e-02,-0.18,-0.265
2.8163e-02,-0.09,0.015
2.8165e-02,-0.125,-0.27
2.8166e-02,-0.145,0.025
2.8168e-02,-0.105,-0.255
2.8170e-02,-0.125,0.01
2.8171e-02,-0.14,-0.255
2.8173e-02,-0.18,0.01
2.8174e-02,-0.065,-0.265
2.8176e-02,-0.1,0.01
2.8178e-02,-0.065,-0.295
2.8179e-02,-0.105,0.05
2.8181e-02,-0.175,-0.285
2.8182e-02,-0.11,0.045
2.8184e-02,-0.015,-0.32
2.8186e-02,-0.155,0.065
2.8187e-02,-0.17,-0.27
2.8189e-02,-0.18,0.015
2.8190e-02,-0.135,-0.265
2.8192e-02,-0.125,0.02
2.8194e-02,-0.075,-0.305
2.8195e-02,-0.17,0.055
2.8197e-02,-0.09,-0.285
2.8198e-02,-0.2,0.035
2.8200e-02,-0.005,-0.3
2.8202e-02,-0.125,0.04
2.8203e-02,-0.045,-0.27
2.8205e-02,-0.115,0.02
2.8206e-02,-0.16,-0.29
2.8208e-02,-0.15,0.04
2.8210e-02,-0.135,-0.27
2.8211e-02,-0.115,0.025
2.8213e-02,-0.23,-0.3
2.8214e-02,-0.145,0.04
2.8216e-02,-0.19,-0.32
2.8218e-02,-0.15,0.06
2.8219e-02,-0.13,-0.275
2.8221e-02,-0.185,0.02
2.8222e-02,-0.055,-0.285
2.8224e-02,-0.085,0.035
2.8226e-02,-0.08,-0.28
2.8227e-02,-0.2,0.035
2.8229e-02,-0.1,-0.285
2.8230e-02,-0.12,0.03
2.8232e-02,-0.085,-0.285
2.8234e-02,-0.075,0.03
2.8235e-02,-0.115,-0.265
2.8237e-02,-0.135,0.01
2.8238e-02,-0.12,-0.28
2.8240e-02,-0.095,0.03
2.8242e-02,-0.15,-0.26
2.8243e-02,-0.04,0.005
2.8245e-02,-0.125,-0.295
2.8246e-02,-0.13,0.035
2.8248e-02,-0.035,-0.305
2.8250e-02,-0.085,0.045
2.8251e-02,-0.155,-0.29
2.8253e-02,-0.155,0.04
2.8254e-02,-0.095,-0.295
2.8256e-02,-0.16,0.04
2.8258e-02,-0.125,-0.28
2.8259e-02,-0.2,0.03
2.8261e-02,-0.17,-0.3
2.8262e-02,-0.1,0.04
2.8264e-02,-0.055,-0.295
2.8266e-02,-0.17,0.035
2.8267e-02,-0.145,-0.29
2.8269e-02,-0.125,0.04
2.8270e-02,-0.195,-0.27
2.8272e-02,-0.08,0.02
2.8274e-02,-0.195,-0.29
2.8275e-02,-0.2,0.035
2.8277e-02,-0.12,-0.28
2.8278e-02,-0.235,0.035
2.8280e-02,-0.125,-0.305
2.8282e-02,-0.115,0.045
2.8283e-02,-0.2,-0.275
2.8285e-02,-0.13,0.025
2.8286e-02,-0.155,-0.29
2.8288e-02,-0.07,0.035
2.8290e-02,-0.12,-0.305
2.8291e-02,-0.21,0.055
2.8293e-02,-0.21,-0.275
2.8294e-02,-0.21,0.02
2.8296e-02,-0.15,-0.295
2.8298e-02,-0.24,0.05
2.8299e-02,-0.15,-0.285
2.8301e-02,-0.26,0.04
2.8302e-02,-0.13,-0.305
2.8304e-02,-0.16,0.05
2.8306e-02,-0.115,-0.29
2.8307e-02,-0.115,0.03
2.8309e-02,-0.125,-0.275
2.8310e-02,-0.17,0.02
2.8312e-02,-0.115,-0.29
2.8314e-02,-0.145,0.03
2.8315e-02,-0.08,-0.305
2.8317e-02,-0.135,0.045
2.8318e-02,-0.17,-0.31
2.8320e-02,-0.125,0.055
2.8322e-02,-0.045,-0.285
2.8323e-02,-0.095,0.03
2.8325e-02,-0.07,-0.285
2.8326e-02,-0.11,0.025
2.8328e-02,-0.12,-0.3
2.8330e-02,0.025,0.04
2.8331e-02,-0.12,-0.295
2.8333e-02,-0.055,0.03
2.8334e-02,-0.14,-0.315
2.8336e-02,-0.085,0.05
2.8338e-02,-0.08,-0.305
2.8339e-02,-0.145,0.035
2.8341e-02,-0.12,-0.295
2.8342e-02,-0.21,0.035
2.8344e-02,-0.16,-0.28
2.8346e-02,-0.105,0.025
2.8347e-02,-0.12,-0.265
2.8349e-02,-0.11,0.005
2.8350e-02,-0.225,-0.28
2.8352e-02,-0.22,0.015
2.8354e-02,-0.155,-0.295
2.8355e-02,-0.185,0.03
2.8357e-02,-0.195,-0.285
2.8358e-02,-0.175,0.025
2.8360e-02,-0.145,-0.27
2.8362e-02,-0.09,0.005
2.8363e-02,-0.16,-0.29
2.8365e-02,-0.09,0.025
2.8366e-02,-0.165,-0.295
2.8368e-02,-0.125,0.035
2.8370e-02,-0.105,-0.28
2.8371e-02,-0.155,0.02
2.8373e-02,-0.11,-0.28
2.8374e-02,-0.165,0.01
2.8376e-02,-0.18,-0.3
2.8378e-02,-0.07,0.035
2.8379e-02,-0.055,-0.31
2.8381e-02,-0.055,0.04
2.8382e-02,-0.07,-0.28
2.8384e-02,-0.215,0.015
2.8386e-02,-0.07,-0.28
2.8387e-02,-0.135,0.01
2.8389e-02,-0.055,-0.28
2.8390e-02,-0.115,0.015
2.8392e-02,-0.13,-0.295
2.8394e-02,-0.03,0.035
2.8395e-02,-0.125,-0.29
2.8397e-02,-0.13,0.02
2.8398e-02,-0.09,-0.28
2.8400e-02,-0.17,0.015
2.8402e-02,-0.07,-0.285
2.8403e-02,-0.095,0.02
2.8405e-02,-0.14,-0.27
2.8406e-02,-0.085,0.01
2.8408e-02,-0.155,-0.275
2.8410e-02,-0.175,0.015
2.8411e-02,-0.085,-0.275
2.8413e-02,-0.115,0.02
2.8414e-02,-0.1,-0.28
2.8416e-02,-0.155,0.02
2.8418e-02,-0.14,-0.29
2.8419e-02,-0.135,0.025
2.8421e-02,-0.12,-0.295
2.8422e-02,-0.12,0.04
2.8424e-02,-0.23,-0.305
2.8426e-02,-0.15,0.045
2.8427e-02,-0.11,-0.3
2.8429e-02,-0.125,0.04
2.8430e-02,-0.17,-0.295
2.8432e-02,-0.155,0.03
2.8434e-02,-0.23,-0.285
2.8435e-02,-0.155,0.025
2.8437e-02,-0.17,-0.3
2.8438e-02,-0.175,0.04
2.8440e-02,-0.145,-0.285
2.8442e-02,-0.205,0.025
2.8443e-02,-0.105,-0.295
2.8445e-02,-0.135,0.035
2.8446e-02,-0.115,-0.3
2.8448e-02,-0.155,0.03
2.8450e-02,-0.125,-0.32
2.8451e-02,-0.035,0.06
2.8453e-02,-0.02,-0.29
2.8454e-02,-0.085,0.035
2.8456e-02,-0.1,-0.28
2.8458e-02,-0.075,0.02
2.8459e-02,-0.185,-0.295
2.8461e-02,-0.115,0.04
2.8462e-02,-0.165,-0.3
2.8464e-02,-0.125,0.03
2.8466e-02,-0.175,-0.295
2.8467e-02,-0.115,0.025
2.8469e-02,-0.075,-0.31
2.8470e-02,-0.055,0.045
2.8472e-02,-0.09,-0.32
2.8474e-02,-0.045,0.06
2.8475e-02,-0.11,-0.315
2.8477e-02,-0.075,0.05
2.8478e-02,-0.07,-0.28
2.8480e-02,-0.155,0.015
2.8482e-02,-0.12,-0.285
2.8483e-02,-0.135,0.005
2.8485e-02,-0.075,-0.29
2.8486e-02,-0.075,0.02
2.8488e-02,-0.16,-0.29
2.8490e-02,-0.165,0.015
2.8491e-02,-0.065,-0.295
2.8493e-02,-0.125,0.025
2.8494e-02,-0.11,-0.285
2.8496e-02,-0.205,0.015
2.8498e-02,-0.2,-0.28
2.8499e-02,-0.155,0.01
2.8501e-02,-0.11,-0.32
2.8502e-02,-0.115,0.045
2.8504e-02,-0.115,-0.31
2.8506e-02,-0.12,0.035
2.8507e-02,-0.235,-0.29
2.8509e-02,-0.14,0.015
2.8510e-02,-0.17,-0.3
2.8512e-02,-0.15,0.025
2.8514e-02,-0.18,-0.28
2.8515e-02,-0.215,0.005
2.8517e-02,-0.15,-0.285
2.8518e-02,-0.14,0.005
2.8520e-02,-0.175,-0.305
2.8522e-02,-0.155,0.02
2.8523e-02,-0.17,-0.305
2.8525e-02,-0.16,0.03
2.8526e-02,-0.11,-0.325
2.8528e-02,-0.145,0.035
2.8530e-02,-0.19,-0.295
2.8531e-02,-0.055,0.025
2.8533e-02,-0.15,-0.32
2.8534e-02,-0.05,0.045
2.8536e-02,-0.095,-0.295
2.8538e-02,-0.12,0.02
2.8539e-02,-0.08,-0.31
2.8541e-02,-0.245,0.035
2.8542e-02,-0.19,-0.315
2.8544e-02,-0.17,0.035
2.8546e-02,-0.19,-0.325
2.8547e-02,-0.055,0.045
2.8549e-02,-0.01,-0.325
2.8550e-02,-0.15,0.045
2.8552e-02,-0.06,-0.295
2.8554e-02,-0.305,0.02
2.8555e-02,-0.095,-0.31
2.8557e-02,-0.11,0.035
2.8558e-02,-0.125,-0.31
2.8560e-02,-0.14,0.03
2.8562e-02,-0.16,-0.315
2.8563e-02,-0.105,0.04
2.8565e-02,-0.045,-0.28
2.8566e-02,-0.125,0.015
2.8568e-02,-0.115,-0.305
2.8570e-02,-0.135,0.035
2.8571e-02,-0.065,-0.3
2.8573e-02,-0.075,0.035
2.8574e-02,-0.085,-0.305
2.8576e-02,-0.115,0.03
2.8578e-02,-0.125,-0.305
2.8579e-02,-0.185,0.03
2.8581e-02,-0.11,-0.28
2.8582e-02,-0.135,0.015
2.8584e-02,-0.125,-0.29
2.8586e-02,-0.19,0.02
2.8587e-02,-0.24,-0.295
2.8589e-02,-0.135,0.025
2.8590e-02,-0.175,-0.29
2.8592e-02,-0.15,0.015
2.8594e-02,-0.215,-0.285
2.8595e-02,-0.115,0.01
2.8597e-02,-0.045,-0.29
2.8598e-02,-0.115,0.02
2.8600e-02,-0.06,-0.28
2.8602e-02,-0.12,0.02
2.8603e-02,-0.08,-0.295
2.8605e-02,-0.07,0.025
2.8606e-02,-0.115,-0.275
2.8608e-02,-0.125,0.01
2.8610e-02,-0.095,-0.295
2.8611e-02,-0.11,0.025
2.8613e-02,-0.07,-0.305
2.8614e-02,-0.16,0.035
2.8616e-02,-0.09,-0.29
2.8618e-02,-0.215,0.02
2.8619e-02,-0.115,-0.27
2.8621e-02,-0.13,-0.005
2.8622e-02,-0.09,-0.28
2.8624e-02,-0.075,0.005
2.8626e-02,-0.15,-0.275
2.8627e-02,-0.165,0
2.8629e-02,-0.07,-0.3
2.8630e-02,-0.035,0.025
2.8632e-02,-0.06,-0.305
2.8634e-02,-0.085,0.03
2.8635e-02,-0.14,-0.31
2.8637e-02,-0.13,0.03
2.8638e-02,-0.075,-0.285
2.8640e-02,-0.135,0.005
2.8642e-02,-0.155,-0.325
2.8643e-02,-0.135,0.04
2.8645e-02,-0.09,-0.305
2.8646e-02,-0.135,0.02
2.8648e-02,-0.085,-0.32
2.8650e-02,-0.11,0.03
2.8651e-02,-0.115,-0.29
2.8653e-02,-0.105,0.01
2.8654e-02,-0.15,-0.285
2.8656e-02,-0.105,0
2.8658e-02,-0.135,-0.285
2.8659e-02,-0.145,0
2.8661e-02,-0.03,-0.305
2.8662e-02,-0.09,0.02
2.8664e-02,-0.15,-0.285
2.8666e-02,-0.15,0.01
2.8667e-02,-0.315,-0.285
2.8669e-02,-0.1,0.005
2.8670e-02,-0.2,-0.32
2.8672e-02,-0.155,0.035
2.8674e-02,-0.175,-0.29
2.8675e-02,-0.23,0.01
2.8677e-02,-0.155,-0.3
2.8678e-02,-0.18,0.015
2.8680e-02,-0.22,-0.28
2.8682e-02,-0.15,0
2.8683e-02,-0.185,-0.285
2.8685e-02,-0.135,0.005
2.8686e-02,-0.07,-0.32
2.8688e-02,-0.125,0.03
2.8690e-02,-0.135,-0.285
2.8691e-02,-0.15,0.005
2.8693e-02,-0.185,-0.325
2.8694e-02,-0.1,0.05
2.8696e-02,-0.11,-0.28
2.8698e-02,-0.195,0.005
2.8699e-02,-0.15,-0.315
2.8701e-02,-0.145,0.04
2.8702e-02,-0.095,-0.3
2.8704e-02,-0.145,0.015
2.8706e-02,-0.215,-0.27
2.8707e-02,-0.18,-0.01
2.8709e-02,-0.155,-0.305
2.8710e-02,-0.16,0.02
2.8712e-02,-0.155,-0.305
2.8714e-02,-0.165,0.03
2.8715e-02,-0.12,-0.285
2.8717e-02,-0.125,0.01
2.8718e-02,-0.09,-0.31
2.8720e-02,-0.105,0.035
2.8722e-02,-0.075,-0.295
2.8723e-02,-0.18,0.015
2.8725e-02,-0.175,-0.28
2.8726e-02,-0.11,0
2.8728e-02,-0.13,-0.29
2.8730e-02,-0.17,0
2.8731e-02,-0.165,-0.29
2.8733e-02,-0.235,0.01
2.8734e-02,-0.135,-0.3
2.8736e-02,-0.13,0.015
2.8738e-02,-0.135,-0.3
2.8739e-02,-0.155,0.015
2.8741e-02,-0.17,-0.28
2.8742e-02,-0.115,0
2.8744e-02,-0.13,-0.315
2.8746e-02,-0.11,0.045
2.8747e-02,-0.18,-0.32
2.8749e-02,-0.145,0.03
2.8750e-02,-0.24,-0.3
2.8752e-02,-0.195,0.01
2.8754e-02,-0.145,-0.315
2.8755e-02,-0.21,0.025
2.8757e-02,-0.185,-0.305
2.8758e-02,-0.14,0.025
2.8760e-02,-0.13,-0.31
2.8762e-02,-0.09,0.03
2.8763e-02,-0.155,-0.315
2.8765e-02,-0.2,0.025
2.8766e-02,-0.11,-0.3
2.8768e-02,-0.17,0.01
2.8770e-02,-0.105,-0.315
2.8771e-02,-0.18,0.025
2.8773e-02,-0.11,-0.305
2.8774e-02,-0.165,0.015
2.8776e-02,-0.09,-0.3
2.8778e-02,-0.19,0.015
2.8779e-02,-0.105,-0.305
2.8781e-02,-0.14,0.01
2.8782e-02,-0.235,-0.325
2.8784e-02,-0.155,0.035
2.8786e-02,-0.145,-0.31
2.8787e-02,-0.15,0.02
2.8789e-02,-0.155,-0.3
2.8790e-02,-0.23,0.01
2.8792e-02,-0.22,-0.305
2.8794e-02,-0.125,0.015
2.8795e-02,-0.165,-0.285
2.8797e-02,-0.155,-0.005
2.8798e-02,-0.185,-0.31
2.8800e-02,-0.2,0.02
2.8802e-02,-0.135,-0.32
2.8803e-02,-0.19,0.03
2.8805e-02,-0.135,-0.31
2.8806e-02,-0.145,0.025
2.8808e-02,-0.14,-0.32
2.8810e-02,-0.175,0.03
2.8811e-02,-0.05,-0.33
2.8813e-02,-0.145,0.035
2.8814e-02,-0.15,-0.3
2.8816e-02,-0.22,0.005
2.8818e-02,-0.17,-0.3
2.8819e-02,-0.12,0.01
2.8821e-02,-0.13,-0.305
2.8822e-02,-0.16,0.025
2.8824e-02,-0.17,-0.295
2.8826e-02,-0.195,0.01
2.8827e-02,-0.14,-0.3
2.8829e-02,-0.185,0.01
2.8830e-02,-0.205,-0.3
2.8832e-02,-0.125,0.005
2.8834e-02,-0.19,-0.295
2.8835e-02,-0.14,0.005
2.8837e-02,-0.095,-0.305
2.8838e-02,-0.135,0.01
2.8840e-02,-0.19,-0.315
2.8842e-02,-0.165,0.03
2.8843e-02,-0.27,-0.315
2.8845e-02,-0.12,0.025
2.8846e-02,-0.155,-0.315
2.8848e-02,-0.14,0.03
2.8850e-02,-0.22,-0.29
2.8851e-02,-0.165,0.01
2.8853e-02,-0.125,-0.29
2.8854e-02,-0.125,0
2.8856e-02,-0.125,-0.27
2.8858e-02,-0.145,-0.015
2.8859e-02,-0.105,-0.3
2.8861e-02,-0.175,0.01
2.8862e-02,-0.09,-0.295
2.8864e-02,-0.09,0.005
2.8866e-02,-0.155,-0.28
2.8867e-02,-0.115,-0.005
2.8869e-02,-0.175,-0.305
2.8870e-02,-0.135,0.02
2.8872e-02,-0.11,-0.305
2.8874e-02,-0.175,0.015
2.8875e-02,-0.185,-0.31
2.8877e-02,-0.165,0.025
2.8878e-02,-0.12,-0.29
2.8880e-02,-0.12,0.005
2.8882e-02,-0.1,-0.285
2.8883e-02,-0.205,-0.005
2.8885e-02,-0.185,-0.295
2.8886e-02,-0.15,0.005
2.8888e-02,-0.175,-0.3
2.8890e-02,-0.055,0.015
2.8891e-02,-0.11,-0.29
2.8893e-02,-0.085,0
2.8894e-02,-0.125,-0.315
2.8896e-02,-0.195,0.025
2.8898e-02,-0.135,-0.32
2.8899e-02,-0.24,0.035
2.8901e-02,-0.065,-0.305
2.8902e-02,-0.195,0.01
2.8904e-02,-0.05,-0.29
2.8906e-02,-0.19,-0.005
2.8907e-02,-0.215,-0.29
2.8909e-02,-0.265,0
2.8910e-02,-0.17,-0.3
2.8912e-02,-0.11,0.005
2.8914e-02,-0.11,-0.295
2.8915e-02,-0.17,0
2.8917e-02,-0.145,-0.315
2.8918e-02,-0.105,0.01
2.8920e-02,-0.1,-0.3
2.8922e-02,-0.105,0.005
2.8923e-02,-0.075,-0.29
2.8925e-02,-0.215,-0.005
2.8926e-02,-0.08,-0.3
2.8928e-02,-0.18,0.005
2.8930e-02,-0.005,-0.32
2.8931e-02,-0.135,0.02
2.8933e-02,-0.095,-0.315
2.8934e-02,-0.19,0.02
2.8936e-02,-0.16,-0.34
2.8938e-02,-0.13,0.04
2.8939e-02,-0.175,-0.315
2.8941e-02,-0.165,0.015
2.8942e-02,-0.225,-0.3
2.8944e-02,-0.225,0.005
2.8946e-02,-0.085,-0.305
2.8947e-02,-0.13,0.01
2.8949e-02,-0.115,-0.3
2.8950e-02,-0.135,0
2.8952e-02,-0.145,-0.3
2.8954e-02,-0.14,0
2.8955e-02,-0.115,-0.33
2.8957e-02,-0.15,0.025
2.8958e-02,-0.255,-0.305
2.8960e-02,-0.205,0.005
2.8962e-02,-0.23,-0.29
2.8963e-02,-0.085,-0.015
2.8965e-02,-0.155,-0.335
2.8966e-02,-0.145,0.03
2.8968e-02,-0.19,-0.3
2.8970e-02,-0.135,-0.005
2.8971e-02,-0.07,-0.31
2.8973e-02,-0.2,0.01
2.8974e-02,-0.18,-0.285
2.8976e-02,-0.22,-0.015
2.8978e-02,-0.125,-0.305
2.8979e-02,-0.185,0.005
2.8981e-02,-0.07,-0.29
2.8982e-02,-0.115,-0.005
2.8984e-02,-0.09,-0.32
2.8986e-02,-0.125,0.02
2.8987e-02,-0.12,-0.32
2.8989e-02,-0.165,0.01
2.8990e-02,-0.17,-0.315
2.8992e-02,-0.235,0.02
2.8994e-02,-0.2,-0.285
2.8995e-02,-0.215,-0.01
2.8997e-02,-0.135,-0.305
2.8998e-02,-0.07,0.01
2.9000e-02,-0.14,-0.32
2.9002e-02,-0.125,0.02
2.9003e-02,-0.12,-0.315
2.9005e-02,-0.115,0.02
2.9006e-02,-0.1,-0.315
2.9008e-02,-0.23,0.025
2.9010e-02,-0.135,-0.305
2.9011e-02,-0.19,0.01
2.9013e-02,-0.16,-0.31
2.9014e-02,-0.115,0.015
2.9016e-02,-0.21,-0.3
2.9018e-02,-0.17,0
2.9019e-02,-0.19,-0.29
2.9021e-02,-0.155,-0.01
2.9022e-02,-0.14,-0.31
2.9024e-02,-0.12,0.01
2.9026e-02,-0.16,-0.31
2.9027e-02,-0.115,0.02
2.9029e-02,-0.15,-0.31
2.9030e-02,-0.05,0.015
2.9032e-02,-0.15,-0.32
2.9034e-02,-0.18,0.03
2.9035e-02,-0.105,-0.315
2.9037e-02,-0.165,0.02
2.9038e-02,-0.095,-0.345
2.9040e-02,-0.165,0.04
2.9042e-02,-0.21,-0.315
2.9043e-02,-0.155,0.015
2.9045e-02,-0.15,-0.365
2.9046e-02,-0.155,0.06
2.9048e-02,-0.09,-0.35
2.9050e-02,-0.11,0.045
2.9051e-02,-0.105,-0.305
2.9053e-02,-0.09,0.01
2.9054e-02,-0.11,-0.295
2.9056e-02,-0.085,-0.005
2.9058e-02,-0.175,-0.305
2.9059e-02,-0.165,0
2.9061e-02,-0.195,-0.305
2.9062e-02,-0.16,0.01
2.9064e-02,-0.12,-0.31
2.9066e-02,-0.185,0.01
2.9067e-02,-0.235,-0.305
2.9069e-02,-0.155,0.005
2.9070e-02,-0.115,-0.295
2.9072e-02,-0.215,-0.005
2.9074e-02,-0.195,-0.315
2.9075e-02,-0.17,0.01
2.9077e-02,-0.165,-0.31
2.9078e-02,-0.135,0
2.9080e-02,-0.095,-0.345
2.9082e-02,-0.195,0.04
2.9083e-02,-0.16,-0.325
2.9085e-02,-0.19,0.015
2.9086e-02,-0.195,-0.32
2.9088e-02,-0.1,0.005
2.9090e-02,-0.195,-0.305
2.9091e-02,-0.1,0.005
2.9093e-02,-0.21,-0.315
2.9094e-02,-0.16,0.005
2.9096e-02,-0.145,-0.32
2.9098e-02,-0.085,0.01
2.9099e-02,-0.21,-0.315
2.9101e-02,-0.105,0
2.9102e-02,-0.105,-0.315
2.9104e-02,-0.095,0.005
2.9106e-02,-0.14,-0.31
2.9107e-02,-0.155,0.005
2.9109e-02,-0.21,-0.335
2.9110e-02,-0.19,0.02
2.9112e-02,-0.17,-0.32
2.9114e-02,-0.175,0.01
2.9115e-02,-0.13,-0.33
2.9117e-02,-0.185,0.015
2.9118e-02,-0.165,-0.34
2.9120e-02,-0.075,0.025
2.9122e-02,-0.165,-0.315
2.9123e-02,-0.135,0
2.9125e-02,-0.22,-0.315
2.9126e-02,-0.14,0
2.9128e-02,-0.115,-0.335
2.9130e-02,-0.15,0.02
2.9131e-02,-0.13,-0.29
2.9133e-02,-0.25,-0.01
2.9134e-02,-0.065,-0.29
2.9136e-02,-0.25,-0.015
2.9138e-02,-0.14,-0.335
2.9139e-02,-0.205,0.02
2.9141e-02,-0.255,-0.32
2.9142e-02,-0.135,0.005
2.9144e-02,-0.22,-0.31
2.9146e-02,-0.135,0
2.9147e-02,-0.155,-0.335
2.9149e-02,-0.125,0.025
2.9150e-02,-0.205,-0.32
2.9152e-02,-0.14,0.015
2.9154e-02,-0.035,-0.325
2.9155e-02,-0.22,0.02
2.9157e-02,-0.06,-0.315
2.9158e-02,-0.215,0.005
2.9160e-02,-0.2,-0.34
2.9162e-02,-0.09,0.035
2.9163e-02,-0.225,-0.325
2.9165e-02,-0.2,0.015
2.9166e-02,-0.185,-0.31
2.9168e-02,-0.185,0
2.9170e-02,-0.12,-0.31
2.9171e-02,-0.21,0
2.9173e-02,-0.145,-0.3
2.9174e-02,-0.235,0
2.9176e-02,-0.175,-0.29
2.9178e-02,-0.21,-0.015
2.9179e-02,-0.155,-0.33
2.9181e-02,-0.17,0.015
2.9182e-02,-0.215,-0.325
2.9184e-02,-0.135,0.015
2.9186e-02,-0.165,-0.33
2.9187e-02,-0.19,0.02
2.9189e-02,-0.21,-0.335
2.9190e-02,-0.27,0.025
2.9192e-02,-0.145,-0.29
2.9194e-02,-0.11,-0.01
2.9195e-02,-0.16,-0.32
2.9197e-02,-0.13,0.01
2.9198e-02,-0.2,-0.325
2.9200e-02,-0.235,0.015
2.9202e-02,-0.2,-0.325
2.9203e-02,-0.17,0.01
2.9205e-02,-0.19,-0.34
2.9206e-02,-0.18,0.035
2.9208e-02,-0.26,-0.29
2.9210e-02,-0.25,-0.015
2.9211e-02,-0.135,-0.32
2.9213e-02,-0.14,0.02
2.9214e-02,-0.165,-0.3
2.9216e-02,-0.2,-0.005
2.9218e-02,-0.235,-0.305
2.9219e-02,-0.115,-0.005
2.9221e-02,-0.14,-0.305
2.9222e-02,-0.215,0
2.9224e-02,-0.145,-0.325
2.9226e-02,-0.18,0.015
2.9227e-02,-0.075,-0.325
2.9229e-02,-0.09,0.01
2.9230e-02,-0.14,-0.35
2.9232e-02,-0.15,0.035
2.9234e-02,-0.23,-0.35
2.9235e-02,-0.115,0.04
2.9237e-02,-0.15,-0.33
2.9238e-02,-0.2,0.015
2.9240e-02,-0.205,-0.36
2.9242e-02,-0.18,0.04
2.9243e-02,-0.215,-0.31
2.9245e-02,-0.05,0
2.9246e-02,-0.125,-0.31
2.9248e-02,-0.21,0
2.9250e-02,-0.22,-0.32
2.9251e-02,-0.19,0
2.9253e-02,-0.13,-0.295
2.9254e-02,-0.125,-0.015
2.9256e-02,-0.12,-0.325
2.9258e-02,-0.145,0.01
2.9259e-02,-0.14,-0.305
2.9261e-02,-0.15,-0.005
2.9262e-02,-0.07,-0.31
2.9264e-02,-0.14,-0.01
2.9266e-02,-0.105,-0.325
2.9267e-02,-0.2,0.01
2.9269e-02,-0.215,-0.315
2.9270e-02,-0.13,0
2.9272e-02,-0.21,-0.35
2.9274e-02,-0.16,0.035
2.9275e-02,-0.23,-0.33
2.9277e-02,-0.165,0.005
2.9278e-02,-0.095,-0.325
2.9280e-02,-0.155,0
2.9282e-02,-0.22,-0.315
2.9283e-02,-0.21,-0.005
2.9285e-02,-0.21,-0.315
2.9286e-02,-0.125,0
2.9288e-02,-0.22,-0.35
2.9290e-02,-0.145,0.03
2.9291e-02,-0.215,-0.315
2.9293e-02,-0.075,-0.005
2.9294e-02,-0.165,-0.315
2.9296e-02,-0.13,-0.015
2.9298e-02,-0.155,-0.33
2.9299e-02,-0.115,0.01
2.9301e-02,-0.2,-0.335
2.9302e-02,-0.095,0.01
2.9304e-02,-0.155,-0.315
2.9306e-02,-0.08,-0.005
2.9307e-02,-0.125,-0.32
2.9309e-02,-0.195,-0.01
2.9310e-02,-0.09,-0.31
2.9312e-02,-0.125,-0.01
2.9314e-02,-0.075,-0.315
2.9315e-02,-0.155,-0.01
2.9317e-02,-0.15,-0.315
2.9318e-02,-0.095,-0.01
2.9320e-02,-0.125,-0.32
2.9322e-02,-0.085,0
2.9323e-02,-0.15,-0.325
2.9325e-02,-0.135,0
2.9326e-02,-0.175,-0.3
2.9328e-02,-0.12,-0.015
2.9330e-02,-0.165,-0.32
2.9331e-02,-0.08,0
2.9333e-02,-0.19,-0.3
2.9334e-02,-0.06,-0.015
2.9336e-02,-0.26,-0.34
2.9338e-02,-0.03,0.025
2.9339e-02,-0.215,-0.335
2.9341e-02,-0.1,0.01
2.9342e-02,-0.16,-0.3
2.9344e-02,-0.105,-0.02
2.9346e-02,-0.11,-0.33
2.9347e-02,-0.23,0.015
2.9349e-02,-0.2,-0.335
2.9350e-02,-0.225,0.02
2.9352e-02,-0.14,-0.3
2.9354e-02,-0.14,-0.02
2.9355e-02,-0.185,-0.325
2.9357e-02,-0.195,0
2.9358e-02,-0.195,-0.305
2.9360e-02,-0.24,-0.02
2.9362e-02,-0.17,-0.32
2.9363e-02,-0.185,0.005
2.9365e-02,-0.16,-0.29
2.9366e-02,-0.225,-0.025
2.9368e-02,-0.125,-0.32
2.9370e-02,-0.225,0
2.9371e-02,-0.06,-0.305
2.9373e-02,-0.215,-0.01
2.9374e-02,-0.215,-0.315
2.9376e-02,-0.19,-0.005
2.9378e-02,-0.175,-0.325
2.9379e-02,-0.14,0
2.9381e-02,-0.19,-0.315
2.9382e-02,-0.27,-0.005
2.9384e-02,-0.195,-0.335
2.9386e-02,-0.195,0.01
2.9387e-02,-0.28,-0.355
2.9389e-02,-0.2,0.025
2.9390e-02,-0.31,-0.34
2.9392e-02,-0.185,0.015
2.9394e-02,-0.255,-0.325
2.9395e-02,-0.155,0.005
2.9397e-02,-0.195,-0.34
2.9398e-02,-0.215,0.02
2.9400e-02,-0.2,-0.335
2.9402e-02,-0.19,0.01
2.9403e-02,-0.115,-0.33
2.9405e-02,-0.19,0.005
2.9406e-02,-0.2,-0.34
2.9408e-02,-0.215,0.02
2.9410e-02,-0.16,-0.35
2.9411e-02,-0.125,0.025
2.9413e-02,-0.07,-0.32
2.9414e-02,-0.165,-0.015
2.9416e-02,-0.08,-0.325
2.9418e-02,-0.12,0.005
2.9419e-02,-0.055,-0.325
2.9421e-02,-0.13,-0.005
2.9422e-02,-0.12,-0.305
2.9424e-02,-0.16,-0.025
2.9426e-02,-0.185,-0.3
2.9427e-02,-0.135,-0.025
2.9429e-02,-0.185,-0.35
2.9430e-02,-0.14,0.03
2.9432e-02,-0.21,-0.33
2.9434e-02,-0.17,-0.005
2.9435e-02,-0.155,-0.295
2.9437e-02,-0.145,-0.025
2.9438e-02,-0.11,-0.32
2.9440e-02,-0.135,-0.005
2.9442e-02,-0.16,-0.31
2.9443e-02,-0.015,-0.02
2.9445e-02,-0.105,-0.385
2.9446e-02,-0.07,0.055
2.9448e-02,-0.175,-0.315
2.9450e-02,-0.16,-0.01
2.9451e-02,-0.19,-0.34
2.9453e-02,-0.2,0.015
2.9454e-02,-0.145,-0.33
2.9456e-02,-0.15,0
2.9458e-02,-0.13,-0.31
2.9459e-02,-0.12,-0.015
2.9461e-02,-0.145,-0.31
2.9462e-02,-0.18,-0.025
2.9464e-02,-0.155,-0.325
2.9466e-02,-0.225,0.005
2.9467e-02,-0.18,-0.305
2.9469e-02,-0.165,-0.02
2.9470e-02,-0.195,-0.32
2.9472e-02,-0.17,-0.01
2.9474e-02,-0.22,-0.31
2.9475e-02,-0.215,-0.015
2.9477e-02,-0.08,-0.32
2.9478e-02,-0.175,-0.005
2.9480e-02,-0.06,-0.315
2.9482e-02,-0.175,-0.01
2.9483e-02,-0.13,-0.315
2.9485e-02,-0.09,-0.005
2.9486e-02,-0.115,-0.325
2.9488e-02,-0.115,-0.005
2.9490e-02,-0.205,-0.31
2.9491e-02,-0.13,-0.015
2.9493e-02,-0.095,-0.305
2.9494e-02,-0.115,-0.02
2.9496e-02,-0.05,-0.305
2.9498e-02,-0.125,-0.02
2.9499e-02,-0.2,-0.31
2.9501e-02,-0.17,-0.025
2.9502e-02,-0.13,-0.32
2.9504e-02,-0.16,-0.01
2.9506e-02,-0.085,-0.34
2.9507e-02,-0.265,0.005
2.9509e-02,-0.08,-0.36
2.9510e-02,-0.175,0.03
2.9512e-02,-0.07,-0.315
2.9514e-02,-0.17,-0.015
2.9515e-02,-0.21,-0.325
2.9517e-02,-0.185,-0.01
2.9518e-02,-0.185,-0.305
2.9520e-02,-0.18,-0.03
2.9522e-02,-0.17,-0.33
2.9523e-02,-0.175,-0.005
2.9525e-02,-0.205,-0.325
2.9526e-02,-0.165,0
2.9528e-02,-0.17,-0.33
2.9530e-02,-0.17,0
2.9531e-02,-0.105,-0.345
2.9533e-02,-0.29,0.015
2.9534e-02,-0.2,-0.35
2.9536e-02,-0.265,0.015
2.9538e-02,-0.19,-0.31
2.9539e-02,-0.255,-0.025
2.9541e-02,-0.235,-0.33
2.9542e-02,-0.25,-0.005
2.9544e-02,-0.125,-0.325
2.9546e-02,-0.135,-0.005
2.9547e-02,-0.105,-0.325
2.9549e-02,-0.125,-0.01
2.9550e-02,-0.155,-0.33
2.9552e-02,-0.195,-0.005
2.9554e-02,-0.19,-0.325
2.9555e-02,-0.225,-0.005
2.9557e-02,-0.21,-0.36
2.9558e-02,-0.17,0.02
2.9560e-02,-0.17,-0.36
2.9562e-02,-0.1,0.015
2.9563e-02,-0.125,-0.365
2.9565e-02,-0.1,0.04
2.9566e-02,-0.225,-0.335
2.9568e-02,-0.135,0
2.9570e-02,-0.185,-0.325
2.9571e-02,-0.07,-0.01
2.9573e-02,-0.26,-0.33
2.9574e-02,-0.185,-0.015
2.9576e-02,-0.24,-0.36
2.9578e-02,-0.175,0.03
2.9579e-02,-0.125,-0.36
2.9581e-02,-0.105,0.035
2.9582e-02,-0.145,-0.35
2.9584e-02,-0.08,0.02
2.9586e-02,-0.175,-0.345
2.9587e-02,-0.005,0.005
2.9589e-02,-0.14,-0.35
2.9590e-02,-0.095,0.02
2.9592e-02,-0.245,-0.345
2.9594e-02,-0.185,0.015
2.9595e-02,-0.13,-0.32
2.9597e-02,-0.165,-0.005
2.9598e-02,-0.21,-0.335
2.9600e-02,-0.25,0.005
2.9602e-02,-0.195,-0.355
2.9603e-02,-0.15,0.015
2.9605e-02,-0.21,-0.315
2.9606e-02,-0.125,-0.015
2.9608e-02,-0.21,-0.325
2.9610e-02,-0.065,-0.01
2.9611e-02,-0.13,-0.31
2.9613e-02,-0.09,-0.025
2.9614e-02,-0.115,-0.315
2.9616e-02,-0.165,-0.01
2.9618e-02,-0.15,-0.31
2.9619e-02,-0.25,-0.015
2.9621e-02,-0.135,-0.335
2.9622e-02,-0.195,0.005
2.9624e-02,-0.23,-0.315
2.9626e-02,-0.26,-0.02
2.9627e-02,-0.23,-0.325
2.9629e-02,-0.175,-0.005
2.9630e-02,-0.16,-0.31
2.9632e-02,-0.16,-0.02
2.9634e-02,-0.23,-0.31
2.9635e-02,-0.13,-0.02
2.9637e-02,-0.155,-0.36
2.9638e-02,-0.13,0.015
2.9640e-02,-0.175,-0.3
2.9642e-02,-0.13,-0.03
2.9643e-02,-0.14,-0.335
2.9645e-02,-0.11,0
2.9646e-02,-0.125,-0.33
2.9648e-02,-0.11,-0.005
2.9650e-02,-0.195,-0.34
2.9651e-02,-0.165,0.005
2.9653e-02,-0.165,-0.345
2.9654e-02,-0.2,0.01
2.9656e-02,-0.11,-0.35
2.9658e-02,-0.255,0.01
2.9659e-02,-0.19,-0.35
2.9661e-02,-0.165,0.015
2.9662e-02,-0.12,-0.34
2.9664e-02,-0.12,0.005
2.9666e-02,-0.225,-0.335
2.9667e-02,-0.17,0
2.9669e-02,-0.145,-0.315
2.9670e-02,-0.13,-0.025
2.9672e-02,-0.15,-0.31
2.9674e-02,-0.24,-0.025
2.9675e-02,-0.16,-0.345
2.9677e-02,-0.205,-0.005
2.9678e-02,-0.125,-0.31
2.9680e-02,-0.25,-0.025
2.9682e-02,-0.155,-0.365
2.9683e-02,-0.29,0.02
2.9685e-02,-0.16,-0.34
2.9686e-02,-0.16,-0.005
2.9688e-02,-0.16,-0.335
2.9690e-02,-0.085,-0.005
2.9691e-02,-0.215,-0.31
2.9693e-02,-0.17,-0.035
2.9694e-02,-0.145,-0.335
2.9696e-02,-0.175,-0.005
2.9698e-02,-0.11,-0.335
2.9699e-02,-0.25,-0.01
2.9701e-02,-0.2,-0.34
2.9702e-02,-0.125,-0.005
2.9704e-02,-0.215,-0.34
2.9706e-02,-0.18,-0.005
2.9707e-02,-0.3,-0.33
2.9709e-02,-0.22,-0.015
2.9710e-02,-0.16,-0.335
2.9712e-02,-0.12,-0.015
2.9714e-02,-0.2,-0.34
2.9715e-02,-0.105,-0.005
2.9717e-02,-0.17,-0.32
2.9718e-02,-0.08,-0.025
2.9720e-02,-0.155,-0.345
2.9722e-02,-0.115,0
2.9723e-02,-0.18,-0.36
2.9725e-02,-0.155,0.01
2.9726e-02,-0.21,-0.34
2.9728e-02,-0.12,-0.005
2.9730e-02,-0.15,-0.335
2.9731e-02,-0.15,-0.01
2.9733e-02,-0.18,-0.36
2.9734e-02,-0.17,0.005
2.9736e-02,-0.15,-0.315
2.9738e-02,-0.09,-0.03
2.9739e-02,-0.185,-0.34
2.9741e-02,-0.255,-0.01
2.9742e-02,-0.195,-0.325
2.9744e-02,-0.22,-0.02
2.9746e-02,-0.21,-0.32
2.9747e-02,-0.225,-0.025
2.9749e-02,-0.24,-0.355
2.9750e-02,-0.155,0.005
2.9752e-02,-0.205,-0.34
2.9754e-02,-0.095,0
2.9755e-02,-0.115,-0.34
2.9757e-02,-0.145,-0.005
2.9758e-02,-0.135,-0.325
2.9760e-02,-0.1,-0.02
2.9762e-02,-0.06,-0.315
2.9763e-02,-0.16,-0.025
2.9765e-02,-0.145,-0.32
2.9766e-02,-0.205,-0.02
2.9768e-02,-0.145,-0.32
2.9770e-02,-0.115,-0.02
2.9771e-02,-0.24,-0.355
2.9773e-02,-0.21,0.015
2.9774e-02,-0.275,-0.31
2.9776e-02,-0.15,-0.025
2.9778e-02,-0.13,-0.34
2.9779e-02,-0.23,0
2.9781e-02,-0.2,-0.32
2.9782e-02,-0.19,-0.02
2.9784e-02,-0.19,-0.32
2.9786e-02,-0.22,-0.02
2.9787e-02,-0.195,-0.33
2.9789e-02,-0.245,-0.01
2.9790e-02,-0.265,-0.345
2.9792e-02,-0.13,0.005
2.9794e-02,-0.22,-0.33
2.9795e-02,-0.095,-0.015
2.9797e-02,-0.205,-0.325
2.9798e-02,-0.22,-0.02
2.9800e-02,-0.15,-0.335
2.9802e-02,-0.165,-0.015
2.9803e-02,-0.085,-0.32
2.9805e-02,-0.27,-0.02
2.9806e-02,-0.17,-0.325
2.9808e-02,-0.155,-0.015
2.9810e-02,-0.075,-0.35
2.9811e-02,-0.11,0.01
2.9813e-02,-0.115,-0.31
2.9814e-02,-0.165,-0.03
2.9816e-02,-0.19,-0.31
2.9818e-02,-0.13,-0.03
2.9819e-02,-0.205,-0.315
2.9821e-02,-0.15,-0.03
2.9822e-02,-0.145,-0.34
2.9824e-02,-0.2,-0.01
2.9826e-02,-0.165,-0.3
2.9827e-02,-0.195,-0.045
2.9829e-02,-0.195,-0.37
2.9830e-02,-0.215,0.015
2.9832e-02,-0.26,-0.305
2.9834e-02,-0.19,-0.04
2.9835e-02,-0.085,-0.33
2.9837e-02,-0.18,-0.015
2.9838e-02,-0.14,-0.36
2.9840e-02,-0.19,0
2.9842e-02,-0.2,-0.355
2.9843e-02,-0.055,0.01
2.9845e-02,-0.13,-0.34
2.9846e-02,-0.15,-0.005
2.9848e-02,-0.125,-0.315
2.9850e-02,-0.125,-0.03
2.9851e-02,-0.15,-0.33
2.9853e-02,-0.165,-0.015
2.9854e-02,-0.16,-0.315
2.9856e-02,-0.17,-0.035
2.9858e-02,-0.145,-0.34
2.9859e-02,-0.105,-0.015
2.9861e-02,-0.2,-0.335
2.9862e-02,-0.165,-0.02
2.9864e-02,-0.3,-0.365
2.9866e-02,-0.185,0.01
2.9867e-02,-0.1,-0.345
2.9869e-02,-0.16,-0.01
2.9870e-02,-0.17,-0.325
2.9872e-02,-0.2,-0.02
2.9874e-02,-0.14,-0.34
2.9875e-02,-0.1,-0.01
2.9877e-02,-0.12,-0.33
2.9878e-02,-0.155,-0.02
2.9880e-02,-0.24,-0.32
2.9882e-02,-0.155,-0.03
2.9883e-02,-0.135,-0.335
2.9885e-02,-0.17,-0.025
2.9886e-02,-0.155,-0.33
2.9888e-02,-0.2,-0.03
2.9890e-02,-0.22,-0.33
2.9891e-02,-0.17,-0.025
2.9893e-02,-0.215,-0.33
2.9894e-02,-0.14,-0.025
2.9896e-02,-0.2,-0.325
2.9898e-02,-0.27,-0.025
2.9899e-02,-0.18,-0.33
2.9901e-02,-0.14,-0.03
2.9902e-02,-0.05,-0.34
2.9904e-02,-0.12,-0.015
2.9906e-02,-0.2,-0.335
2.9907e-02,-0.165,-0.02
2.9909e-02,-0.17,-0.365
2.9910e-02,-0.175,0.01
2.9912e-02,-0.185,-0.35
2.9914e-02,-0.205,-0.005
2.9915e-02,-0.22,-0.32
2.9917e-02,-0.15,-0.03
2.9918e-02,-0.22,-0.325
2.9920e-02,-0.155,-0.025
2.9922e-02,-0.185,-0.31
2.9923e-02,-0.14,-0.045
2.9925e-02,-0.155,-0.36
2.9926e-02,-0.105,0.005
2.9928e-02,-0.115,-0.36
2.9930e-02,-0.15,0.01
2.9931e-02,-0.185,-0.34
2.9933e-02,-0.185,-0.01
2.9934e-02,-0.13,-0.36
2.9936e-02,-0.165,0.005
2.9938e-02,-0.275,-0.35
2.9939e-02,-0.145,0
2.9941e-02,-0.3,-0.345
2.9942e-02,-0.125,-0.005
2.9944e-02,-0.17,-0.335
2.9946e-02,-0.23,-0.015
2.9947e-02,-0.195,-0.345
2.9949e-02,-0.245,0.005
2.9950e-02,-0.245,-0.315
2.9952e-02,-0.195,-0.035
2.9954e-02,-0.28,-0.325
2.9955e-02,-0.165,-0.025
2.9957e-02,-0.215,-0.325
2.9958e-02,-0.22,-0.015
2.9960e-02,-0.17,-0.33
2.9962e-02,-0.185,-0.01
2.9963e-02,-0.2,-0.35
2.9965e-02,-0.09,-0.005
2.9966e-02,-0.195,-0.32
2.9968e-02,-0.05,-0.025
2.9970e-02,-0.155,-0.34
2.9971e-02,-0.235,-0.015
2.9973e-02,-0.175,-0.35
2.9974e-02,-0.2,0
2.9976e-02,-0.195,-0.33
2.9978e-02,-0.2,-0.02
2.9979e-02,-0.25,-0.365
2.9981e-02,-0.165,0.01
2.9982e-02,-0.135,-0.32
2.9984e-02,-0.135,-0.03
2.9986e-02,-0.215,-0.335
2.9987e-02,-0.195,-0.02
2.9989e-02,-0.25,-0.325
2.9990e-02,-0.21,-0.03
2.9992e-02,-0.205,-0.335
2.9994e-02,-0.22,-0.015
2.9995e-02,-0.205,-0.335
2.9997e-02,-0.21,-0.02
2.9998e-02,-0.275,-0.35
3.0000e-02,-0.14,-0.01
3.0002e-02,-0.18,-0.355
3.0003e-02,-0.16,0
3.0005e-02,-0.19,-0.335
3.0006e-02,-0.22,-0.03
3.0008e-02,-0.145,-0.36
3.0010e-02,-0.17,-0.005
3.0011e-02,-0.245,-0.32
3.0013e-02,-0.19,-0.04
3.0014e-02,-0.185,-0.37
3.0016e-02,-0.145,0.01
3.0018e-02,-0.115,-0.325
3.0019e-02,-0.205,-0.04
3.0021e-02,-0.205,-0.33
3.0022e-02,-0.235,-0.03
3.0024e-02,-0.18,-0.38
3.0026e-02,-0.125,0.02
3.0027e-02,-0.15,-0.33
3.0029e-02,-0.19,-0.025
3.0030e-02,-0.16,-0.36
3.0032e-02,-0.16,0
3.0034e-02,-0.135,-0.33
3.0035e-02,-0.075,-0.025
3.0037e-02,-0.155,-0.345
3.0038e-02,-0.23,-0.02
3.0040e-02,-0.165,-0.325
3.0042e-02,-0.155,-0.025
3.0043e-02,-0.165,-0.325
3.0045e-02,-0.18,-0.045
3.0046e-02,-0.18,-0.325
3.0048e-02,-0.13,-0.04
3.0050e-02,-0.07,-0.335
3.0051e-02,-0.14,-0.02
3.0053e-02,-0.135,-0.335
3.0054e-02,-0.14,-0.025
3.0056e-02,-0.27,-0.35
3.0058e-02,-0.18,-0.005
3.0059e-02,-0.205,-0.335
3.0061e-02,-0.23,-0.025
3.0062e-02,-0.145,-0.355
3.0064e-02,-0.23,-0.01
3.0066e-02,-0.165,-0.345
3.0067e-02,-0.12,-0.01
3.0069e-02,-0.19,-0.33
3.0070e-02,-0.2,-0.035
3.0072e-02,-0.235,-0.345
3.0074e-02,-0.175,-0.01
3.0075e-02,-0.13,-0.35
3.0077e-02,-0.16,0
3.0078e-02,-0.16,-0.33
3.0080e-02,-0.155,-0.025
3.0082e-02,-0.07,-0.315
3.0083e-02,-0.115,-0.04
3.0085e-02,-0.165,-0.34
3.0086e-02,-0.115,-0.02
3.0088e-02,-0.17,-0.365
3.0090e-02,-0.16,-0.005
3.0091e-02,-0.115,-0.35
3.0093e-02,-0.135,-0.01
3.0094e-02,-0.155,-0.39
3.0096e-02,-0.21,0.03
3.0098e-02,-0.18,-0.35
3.0099e-02,-0.23,-0.01
3.0101e-02,-0.105,-0.365
3.0102e-02,-0.2,0.005
3.0104e-02,-0.13,-0.335
3.0106e-02,-0.265,-0.025
3.0107e-02,-0.205,-0.35
3.0109e-02,-0.14,-0.02
3.0110e-02,-0.175,-0.36
3.0112e-02,-0.17,-0.01
3.0114e-02,-0.175,-0.36
3.0115e-02,-0.135,0
3.0117e-02,-0.21,-0.35
3.0118e-02,-0.155,-0.005
3.0120e-02,-0.26,-0.34
3.0122e-02,-0.195,-0.025
3.0123e-02,-0.16,-0.335
3.0125e-02,-0.25,-0.03
3.0126e-02,-0.175,-0.325
3.0128e-02,-0.2,-0.035
3.0130e-02,-0.145,-0.34
3.0131e-02,-0.11,-0.025
3.0133e-02,-0.105,-0.345
3.0134e-02,-0.135,-0.02
3.0136e-02,-0.145,-0.325
3.0138e-02,-0.275,-0.04
3.0139e-02,-0.205,-0.32
3.0141e-02,-0.195,-0.04
3.0142e-02,-0.16,-0.345
3.0144e-02,-0.22,-0.015
3.0146e-02,-0.195,-0.33
3.0147e-02,-0.235,-0.035
3.0149e-02,-0.135,-0.35
3.0150e-02,-0.185,-0.02
3.0152e-02,-0.195,-0.325
3.0154e-02,-0.24,-0.04
3.0155e-02,-0.2,-0.34
3.0157e-02,-0.16,-0.02
3.0158e-02,-0.135,-0.36
3.0160e-02,-0.18,-0.01
3.0162e-02,-0.235,-0.33
3.0163e-02,-0.1,-0.03
3.0165e-02,-0.245,-0.335
3.0166e-02,-0.145,-0.035
3.0168e-02,-0.185,-0.325
3.0170e-02,-0.25,-0.045
3.0171e-02,-0.21,-0.34
3.0173e-02,-0.16,-0.035
3.0174e-02,-0.185,-0.335
3.0176e-02,-0.035,-0.035
3.0178e-02,-0.17,-0.33
3.0179e-02,-0.21,-0.03
3.0181e-02,-0.2,-0.365
3.0182e-02,-0.25,-0.005
3.0184e-02,-0.145,-0.4
3.0186e-02,-0.28,0.03
3.0187e-02,-0.18,-0.355
3.0189e-02,-0.15,-0.02
3.0190e-02,-0.12,-0.33
3.0192e-02,-0.17,-0.035
3.0194e-02,-0.155,-0.33
3.0195e-02,-0.245,-0.035
3.0197e-02,-0.19,-0.345
3.0198e-02,-0.165,-0.03
3.0200e-02,-0.255,-0.37
3.0202e-02,-0.135,0
3.0203e-02,-0.18,-0.355
3.0205e-02,-0.15,-0.015
3.0206e-02,-0.205,-0.35
3.0208e-02,-0.085,-0.02
3.0210e-02,-0.19,-0.345
3.0211e-02,-0.065,-0.03
3.0213e-02,-0.235,-0.365
3.0214e-02,-0.12,-0.005
3.0216e-02,-0.18,-0.365
3.0218e-02,-0.185,-0.005
3.0219e-02,-0.195,-0.36
3.0221e-02,-0.175,-0.005
3.0222e-02,-0.26,-0.37
3.0224e-02,-0.195,0.005
3.0226e-02,-0.2,-0.35
3.0227e-02,-0.26,-0.01
3.0229e-02,-0.075,-0.36
3.0230e-02,-0.18,-0.005
3.0232e-02,-0.145,-0.36
3.0234e-02,-0.21,-0.01
3.0235e-02,-0.2,-0.355
3.0237e-02,-0.13,-0.015
3.0238e-02,-0.14,-0.335
3.0240e-02,-0.2,-0.025
3.0242e-02,-0.15,-0.32
3.0243e-02,-0.195,-0.04
3.0245e-02,-0.145,-0.33
3.0246e-02,-0.195,-0.035
3.0248e-02,-0.145,-0.35
3.0250e-02,-0.3,-0.015
3.0251e-02,-0.205,-0.33
3.0253e-02,-0.16,-0.04
3.0254e-02,-0.145,-0.335
3.0256e-02,-0.075,-0.035
3.0258e-02,-0.195,-0.33
3.0259e-02,-0.29,-0.045
3.0261e-02,-0.19,-0.34
3.0262e-02,-0.13,-0.03
3.0264e-02,-0.23,-0.355
3.0266e-02,-0.175,-0.015
3.0267e-02,-0.29,-0.33
3.0269e-02,-0.26,-0.045
3.0270e-02,-0.135,-0.36
3.0272e-02,-0.18,-0.01
3.0274e-02,-0.265,-0.32
3.0275e-02,-0.195,-0.05
3.0277e-02,-0.205,-0.36
3.0278e-02,-0.085,-0.015
3.0280e-02,-0.135,-0.33
3.0282e-02,-0.16,-0.045
3.0283e-02,-0.17,-0.355
3.0285e-02,-0.125,-0.015
3.0286e-02,-0.145,-0.37
3.0288e-02,-0.11,-0.005
3.0290e-02,-0.19,-0.35
3.0291e-02,-0.225,-0.025
3.0293e-02,-0.17,-0.335
3.0294e-02,-0.115,-0.035
3.0296e-02,-0.155,-0.345
3.0298e-02,-0.175,-0.035
3.0299e-02,-0.2,-0.365
3.0301e-02,-0.2,-0.015
3.0302e-02,-0.19,-0.36
3.0304e-02,-0.205,-0.02
3.0306e-02,-0.275,-0.35
3.0307e-02,-0.165,-0.025
3.0309e-02,-0.14,-0.335
3.0310e-02,-0.19,-0.035
3.0312e-02,-0.12,-0.365
3.0314e-02,-0.255,-0.02
3.0315e-02,-0.2,-0.335
3.0317e-02,-0.155,-0.04
3.0318e-02,-0.175,-0.355
3.0320e-02,-0.155,-0.02
3.0322e-02,-0.17,-0.345
3.0323e-02,-0.19,-0.025
3.0325e-02,-0.155,-0.33
3.0326e-02,-0.17,-0.04
3.0328e-02,-0.185,-0.355
3.0330e-02,-0.22,-0.015
3.0331e-02,-0.22,-0.345
3.0333e-02,-0.165,-0.025
3.0334e-02,-0.205,-0.35
3.0336e-02,-0.15,-0.02
3.0338e-02,-0.185,-0.33
3.0339e-02,-0.21,-0.04
3.0341e-02,-0.135,-0.33
3.0342e-02,-0.195,-0.04
3.0344e-02,-0.3,-0.335
3.0346e-02,-0.245,-0.045
3.0347e-02,-0.23,-0.345
3.0349e-02,-0.09,-0.03
3.0350e-02,-0.155,-0.325
3.0352e-02,-0.16,-0.04
3.0354e-02,-0.245,-0.33
3.0355e-02,-0.205,-0.04
3.0357e-02,-0.195,-0.33
3.0358e-02,-0.175,-0.035
3.0360e-02,-0.13,-0.35
3.0362e-02,-0.13,-0.025
3.0363e-02,-0.225,-0.32
3.0365e-02,-0.175,-0.05
3.0366e-02,-0.21,-0.365
3.0368e-02,-0.225,-0.015
3.0370e-02,-0.165,-0.35
3.0371e-02,-0.215,-0.025
3.0373e-02,-0.215,-0.345
3.0374e-02,-0.155,-0.025
3.0376e-02,-0.14,-0.36
3.0378e-02,-0.255,-0.015
3.0379e-02,-0.15,-0.35
3.0381e-02,-0.105,-0.025
3.0382e-02,-0.2,-0.345
3.0384e-02,-0.165,-0.03
3.0386e-02,-0.25,-0.335
3.0387e-02,-0.145,-0.045
3.0389e-02,-0.14,-0.34
3.0390e-02,-0.19,-0.025
3.0392e-02,-0.205,-0.355
3.0394e-02,-0.285,-0.015
3.0395e-02,-0.2,-0.36
3.0397e-02,-0.24,-0.005
3.0398e-02,-0.125,-0.345
3.0400e-02,-0.2,-0.025
3.0402e-02,-0.11,-0.32
3.0403e-02,-0.15,-0.045
3.0405e-02,-0.16,-0.34
3.0406e-02,-0.175,-0.03
3.0408e-02,-0.165,-0.35
3.0410e-02,-0.245,-0.025
3.0411e-02,-0.255,-0.365
3.0413e-02,-0.14,-0.01
3.0414e-02,-0.18,-0.34
3.0416e-02,-0.24,-0.035
3.0418e-02,-0.17,-0.355
3.0419e-02,-0.24,-0.025
3.0421e-02,-0.1,-0.36
3.0422e-02,-0.165,-0.015
3.0424e-02,-0.155,-0.37
3.0426e-02,-0.33,-0.01
3.0427e-02,-0.19,-0.385
3.0429e-02,-0.175,0.005
3.0430e-02,-0.185,-0.365
3.0432e-02,-0.22,-0.015
3.0434e-02,-0.27,-0.35
3.0435e-02,-0.29,-0.03
3.0437e-02,-0.18,-0.345
3.0438e-02,-0.23,-0.04
3.0440e-02,-0.29,-0.36
3.0442e-02,-0.16,-0.025
3.0443e-02,-0.245,-0.345
3.0445e-02,-0.195,-0.03
3.0446e-02,-0.2,-0.36
3.0448e-02,-0.15,-0.02
3.0450e-02,-0.23,-0.39
3.0451e-02,-0.21,0
3.0453e-02,-0.19,-0.365
3.0454e-02,-0.29,-0.025
3.0456e-02,-0.205,-0.375
3.0458e-02,-0.3,-0.02
3.0459e-02,-0.215,-0.355
3.0461e-02,-0.205,-0.035
3.0462e-02,-0.13,-0.345
3.0464e-02,-0.25,-0.045
3.0466e-02,-0.105,-0.35
3.0467e-02,-0.14,-0.04
3.0469e-02,-0.165,-0.345
3.0470e-02,-0.05,-0.04
3.0472e-02,-0.26,-0.365
3.0474e-02,-0.215,-0.02
3.0475e-02,-0.255,-0.35
3.0477e-02,-0.21,-0.035
3.0478e-02,-0.25,-0.335
3.0480e-02,-0.28,-0.05
3.0482e-02,-0.255,-0.365
3.0483e-02,-0.205,-0.03
3.0485e-02,-0.17,-0.35
3.0486e-02,-0.19,-0.035
3.0488e-02,-0.2,-0.355
3.0490e-02,-0.215,-0.035
3.0491e-02,-0.295,-0.345
3.0493e-02,-0.22,-0.045
3.0494e-02,-0.21,-0.36
3.0496e-02,-0.25,-0.025
3.0498e-02,-0.175,-0.345
3.0499e-02,-0.165,-0.035
3.0501e-02,-0.23,-0.35
3.0502e-02,-0.13,-0.035
3.0504e-02,-0.32,-0.335
3.0506e-02,-0.21,-0.05
3.0507e-02,-0.225,-0.36
3.0509e-02,-0.155,-0.025
3.0510e-02,-0.165,-0.35
3.0512e-02,-0.265,-0.03
3.0514e-02,-0.25,-0.355
3.0515e-02,-0.165,-0.03
3.0517e-02,-0.145,-0.325
3.0518e-02,-0.17,-0.055
3.0520e-02,-0.14,-0.33
3.0522e-02,-0.2,-0.055
3.0523e-02,-0.175,-0.33
3.0525e-02,-0.03,-0.05
3.0526e-02,-0.175,-0.375
3.0528e-02,-0.14,0
3.0530e-02,-0.16,-0.35
3.0531e-02,-0.28,-0.03
3.0533e-02,-0.155,-0.34
3.0534e-02,-0.24,-0.035
3.0536e-02,-0.16,-0.34
3.0538e-02,-0.22,-0.04
3.0539e-02,-0.265,-0.345
3.0541e-02,-0.145,-0.035
3.0542e-02,-0.2,-0.33
3.0544e-02,-0.11,-0.045
3.0546e-02,-0.105,-0.33
3.0547e-02,-0.16,-0.045
3.0549e-02,-0.14,-0.34
3.0550e-02,-0.125,-0.04
3.0552e-02,-0.215,-0.33
3.0554e-02,-0.255,-0.055
3.0555e-02,-0.125,-0.385
3.0557e-02,-0.13,-0.005
3.0558e-02,-0.13,-0.35
3.0560e-02,-0.16,-0.035
3.0562e-02,-0.125,-0.365
3.0563e-02,-0.15,-0.01
3.0565e-02,-0.035,-0.35
3.0566e-02,-0.18,-0.03
3.0568e-02,-0.09,-0.345
3.0570e-02,-0.225,-0.035
3.0571e-02,-0.2,-0.35
3.0573e-02,-0.23,-0.03
3.0574e-02,-0.235,-0.345
3.0576e-02,-0.3,-0.04
3.0578e-02,-0.27,-0.355
3.0579e-02,-0.275,-0.03
3.0581e-02,-0.205,-0.365
3.0582e-02,-0.125,-0.015
3.0584e-02,-0.12,-0.37
3.0586e-02,-0.125,-0.02
3.0587e-02,-0.175,-0.34
3.0589e-02,-0.135,-0.045
3.0590e-02,-0.125,-0.33
3.0592e-02,-0.175,-0.045
3.0594e-02,-0.28,-0.37
3.0595e-02,-0.19,-0.015
3.0597e-02,-0.19,-0.36
3.0598e-02,-0.165,-0.025
3.0600e-02,-0.25,-0.33
3.0602e-02,-0.275,-0.05
3.0603e-02,-0.205,-0.355
3.0605e-02,-0.285,-0.035
3.0606e-02,-0.17,-0.335
3.0608e-02,-0.2,-0.05
3.0610e-02,-0.26,-0.37
3.0611e-02,-0.135,-0.015
3.0613e-02,-0.265,-0.36
3.0614e-02,-0.18,-0.025
3.0616e-02,-0.23,-0.34
3.0618e-02,-0.24,-0.05
3.0619e-02,-0.245,-0.35
3.0621e-02,-0.195,-0.045
3.0622e-02,-0.095,-0.325
3.0624e-02,-0.15,-0.065
3.0626e-02,-0.24,-0.355
3.0627e-02,-0.23,-0.035
3.0629e-02,-0.2,-0.33
3.0630e-02,-0.175,-0.06
3.0632e-02,-0.21,-0.355
3.0634e-02,-0.22,-0.035
3.0635e-02,-0.245,-0.35
3.0637e-02,-0.205,-0.04
3.0638e-02,-0.14,-0.35
3.0640e-02,-0.245,-0.04
3.0642e-02,-0.22,-0.37
3.0643e-02,-0.195,-0.025
3.0645e-02,-0.195,-0.355
3.0646e-02,-0.2,-0.04
3.0648e-02,-0.21,-0.355
3.0650e-02,-0.205,-0.04
3.0651e-02,-0.23,-0.365
3.0653e-02,-0.18,-0.025
3.0654e-02,-0.155,-0.335
3.0656e-02,-0.2,-0.06
3.0658e-02,-0.23,-0.335
3.0659e-02,-0.19,-0.065
3.0661e-02,-0.21,-0.355
3.0662e-02,-0.195,-0.035
3.0664e-02,-0.225,-0.37
3.0666e-02,-0.215,-0.025
3.0667e-02,-0.24,-0.36
3.0669e-02,-0.155,-0.035
3.0670e-02,-0.125,-0.34
3.0672e-02,-0.195,-0.055
3.0674e-02,-0.19,-0.35
3.0675e-02,-0.135,-0.035
3.0677e-02,-0.125,-0.35
3.0678e-02,-0.095,-0.05
3.0680e-02,-0.135,-0.365
3.0682e-02,-0.18,-0.035
3.0683e-02,-0.185,-0.355
3.0685e-02,-0.145,-0.035
3.0686e-02,-0.125,-0.36
3.0688e-02,-0.23,-0.035
3.0690e-02,-0.19,-0.34
3.0691e-02,-0.195,-0.055
3.0693e-02,-0.08,-0.345
3.0694e-02,-0.2,-0.05
3.0696e-02,-0.125,-0.345
3.0698e-02,-0.13,-0.05
3.0699e-02,-0.17,-0.38
3.0701e-02,-0.105,-0.02
3.0702e-02,-0.145,-0.36
3.0704e-02,-0.21,-0.035
3.0706e-02,-0.22,-0.385
3.0707e-02,-0.185,-0.02
3.0709e-02,-0.185,-0.35
3.0710e-02,-0.18,-0.04
3.0712e-02,-0.19,-0.34
3.0714e-02,-0.21,-0.055
3.0715e-02,-0.165,-0.36
3.0717e-02,-0.155,-0.035
3.0718e-02,-0.115,-0.36
3.0720e-02,-0.17,-0.03
3.0722e-02,-0.245,-0.335
3.0723e-02,-0.15,-0.06
3.0725e-02,-0.155,-0.34
3.0726e-02,-0.23,-0.05
3.0728e-02,-0.22,-0.345
3.0730e-02,-0.195,-0.05
3.0731e-02,-0.12,-0.355
3.0733e-02,-0.1,-0.045
3.0734e-02,-0.17,-0.365
3.0736e-02,-0.21,-0.03
3.0738e-02,-0.265,-0.345
3.0739e-02,-0.175,-0.05
3.0741e-02,-0.15,-0.34
3.0742e-02,-0.165,-0.045
3.0744e-02,-0.205,-0.365
3.0746e-02,-0.235,-0.035
3.0747e-02,-0.26,-0.375
3.0749e-02,-0.23,-0.015
3.0750e-02,-0.215,-0.355
3.0752e-02,-0.21,-0.035
3.0754e-02,-0.16,-0.35
3.0755e-02,-0.13,-0.035
3.0757e-02,-0.12,-0.35
3.0758e-02,-0.17,-0.045
3.0760e-02,-0.215,-0.36
3.0762e-02,-0.28,-0.03
3.0763e-02,-0.26,-0.35
3.0765e-02,-0.145,-0.035
3.0766e-02,-0.125,-0.345
3.0768e-02,-0.155,-0.045
3.0770e-02,-0.21,-0.34
3.0771e-02,-0.145,-0.055
3.0773e-02,-0.19,-0.34
3.0774e-02,-0.175,-0.055
3.0776e-02,-0.165,-0.335
3.0778e-02,-0.12,-0.06
3.0779e-02,-0.175,-0.365
3.0781e-02,-0.14,-0.03
3.0782e-02,-0.23,-0.37
3.0784e-02,-0.275,-0.02
3.0786e-02,-0.19,-0.36
3.0787e-02,-0.15,-0.045
3.0789e-02,-0.195,-0.35
3.0790e-02,-0.18,-0.04
3.0792e-02,-0.18,-0.345
3.0794e-02,-0.195,-0.055
3.0795e-02,-0.125,-0.335
3.0797e-02,-0.255,-0.06
3.0798e-02,-0.225,-0.35
3.0800e-02,-0.21,-0.045
3.0802e-02,-0.185,-0.345
3.0803e-02,-0.15,-0.045
3.0805e-02,-0.115,-0.33
3.0806e-02,-0.19,-0.06
3.0808e-02,-0.245,-0.385
3.0810e-02,-0.19,-0.015
3.0811e-02,-0.29,-0.355
3.0813e-02,-0.165,-0.035
3.0814e-02,-0.165,-0.365
3.0816e-02,-0.275,-0.03
3.0818e-02,-0.13,-0.335
3.0819e-02,-0.18,-0.06
3.0821e-02,-0.165,-0.405
3.0822e-02,-0.215,0.005
3.0824e-02,-0.245,-0.36
3.0826e-02,-0.255,-0.035
3.0827e-02,-0.165,-0.35
3.0829e-02,-0.22,-0.05
3.0830e-02,-0.325,-0.36
3.0832e-02,-0.27,-0.045
3.0834e-02,-0.235,-0.36
3.0835e-02,-0.18,-0.035
3.0837e-02,-0.14,-0.37
3.0838e-02,-0.26,-0.025
3.0840e-02,-0.24,-0.365
3.0842e-02,-0.19,-0.035
3.0843e-02,-0.205,-0.365
3.0845e-02,-0.235,-0.035
3.0846e-02,-0.225,-0.38
3.0848e-02,-0.235,-0.03
3.0850e-02,-0.23,-0.365
3.0851e-02,-0.13,-0.04
3.0853e-02,-0.265,-0.345
3.0854e-02,-0.205,-0.055
3.0856e-02,-0.25,-0.345
3.0858e-02,-0.27,-0.055
3.0859e-02,-0.095,-0.355
3.0861e-02,-0.23,-0.045
3.0862e-02,-0.205,-0.375
3.0864e-02,-0.21,-0.03
3.0866e-02,-0.23,-0.37
3.0867e-02,-0.135,-0.025
3.0869e-02,-0.255,-0.33
3.0870e-02,-0.26,-0.075
3.0872e-02,-0.2,-0.345
3.0874e-02,-0.245,-0.065
3.0875e-02,-0.185,-0.355
3.0877e-02,-0.185,-0.05
3.0878e-02,-0.245,-0.365
3.0880e-02,-0.125,-0.04
3.0882e-02,-0.155,-0.34
3.0883e-02,-0.175,-0.065
3.0885e-02,-0.175,-0.345
3.0886e-02,-0.23,-0.055
3.0888e-02,-0.145,-0.335
3.0890e-02,-0.175,-0.07
3.0891e-02,-0.18,-0.38
3.0893e-02,-0.21,-0.025
3.0894e-02,-0.245,-0.355
3.0896e-02,-0.18,-0.045
3.0898e-02,-0.22,-0.38
3.0899e-02,-0.165,-0.025
3.0901e-02,-0.21,-0.35
3.0902e-02,-0.19,-0.06
3.0904e-02,-0.2,-0.35
3.0906e-02,-0.145,-0.05
3.0907e-02,-0.15,-0.355
3.0909e-02,-0.135,-0.05
3.0910e-02,-0.15,-0.4
3.0912e-02,-0.165,-0.01
3.0914e-02,-0.1,-0.35
3.0915e-02,-0.175,-0.05
3.0917e-02,-0.22,-0.375
3.0918e-02,-0.28,-0.03
3.0920e-02,-0.24,-0.355
3.0922e-02,-0.16,-0.05
3.0923e-02,-0.285,-0.36
3.0925e-02,-0.2,-0.045
3.0926e-02,-0.265,-0.385
3.0928e-02,-0.18,-0.015
3.0930e-02,-0.175,-0.385
3.0931e-02,-0.255,-0.02
3.0933e-02,-0.28,-0.4
3.0934e-02,-0.255,-0.015
3.0936e-02,-0.205,-0.36
3.0938e-02,-0.255,-0.04
3.0939e-02,-0.235,-0.36
3.0941e-02,-0.27,-0.045
3.0942e-02,-0.22,-0.37
3.0944e-02,-0.185,-0.035
3.0946e-02,-0.22,-0.36
3.0947e-02,-0.215,-0.045
3.0949e-02,-0.255,-0.38
3.0950e-02,-0.19,-0.025
3.0952e-02,-0.17,-0.38
3.0954e-02,-0.135,-0.025
3.0955e-02,-0.165,-0.35
3.0957e-02,-0.155,-0.055
3.0958e-02,-0.225,-0.345
3.0960e-02,-0.155,-0.055
3.0962e-02,-0.165,-0.355
3.0963e-02,-0.28,-0.045
3.0965e-02,-0.185,-0.36
3.0966e-02,-0.245,-0.045
3.0968e-02,-0.14,-0.375
3.0970e-02,-0.165,-0.03
3.0971e-02,-0.275,-0.405
3.0973e-02,-0.255,-0.005
3.0974e-02,-0.23,-0.35
3.0976e-02,-0.13,-0.055
3.0978e-02,-0.18,-0.36
3.0979e-02,-0.21,-0.04
3.0981e-02,-0.19,-0.365
3.0982e-02,-0.185,-0.04
3.0984e-02,-0.14,-0.365
3.0986e-02,-0.24,-0.045
3.0987e-02,-0.17,-0.375
3.0989e-02,-0.285,-0.035
3.0990e-02,-0.15,-0.345
3.0992e-02,-0.215,-0.065
3.0994e-02,-0.175,-0.37
3.0995e-02,-0.185,-0.035
3.0997e-02,-0.22,-0.35
3.0998e-02,-0.195,-0.055
3.1000e-02,-0.215,-0.365
3.1002e-02,-0.19,-0.035
3.1003e-02,-0.275,-0.365
3.1005e-02,-0.255,-0.045
3.1006e-02,-0.2,-0.38
3.1008e-02,-0.305,-0.025
3.1010e-02,-0.155,-0.385
3.1011e-02,-0.235,-0.02
3.1013e-02,-0.23,-0.365
3.1014e-02,-0.13,-0.04
3.1016e-02,-0.21,-0.36
3.1018e-02,-0.15,-0.055
3.1019e-02,-0.26,-0.35
3.1021e-02,-0.2,-0.055
3.1022e-02,-0.195,-0.35
3.1024e-02,-0.24,-0.06
3.1026e-02,-0.21,-0.35
3.1027e-02,-0.37,-0.055
3.1029e-02,-0.185,-0.37
3.1030e-02,-0.27,-0.05
3.1032e-02,-0.19,-0.375
3.1034e-02,-0.235,-0.035
3.1035e-02,-0.325,-0.35
3.1037e-02,-0.16,-0.065
3.1038e-02,-0.195,-0.35
3.1040e-02,-0.205,-0.065
3.1042e-02,-0.275,-0.34
3.1043e-02,-0.23,-0.065
3.1045e-02,-0.185,-0.375
3.1046e-02,-0.22,-0.04
3.1048e-02,-0.175,-0.35
3.1050e-02,-0.265,-0.06
3.1051e-02,-0.3,-0.36
3.1053e-02,-0.15,-0.05
3.1054e-02,-0.285,-0.37
3.1056e-02,-0.28,-0.045
3.1058e-02,-0.26,-0.37
3.1059e-02,-0.35,-0.04
3.1061e-02,-0.145,-0.37
3.1062e-02,-0.22,-0.045
3.1064e-02,-0.27,-0.35
3.1066e-02,-0.17,-0.065
3.1067e-02,-0.285,-0.365
3.1069e-02,-0.2,-0.05
3.1070e-02,-0.17,-0.36
3.1072e-02,-0.215,-0.05
3.1074e-02,-0.155,-0.39
3.1075e-02,-0.155,-0.02
3.1077e-02,-0.16,-0.345
3.1078e-02,-0.19,-0.065
3.1080e-02,-0.17,-0.355
3.1082e-02,-0.245,-0.065
3.1083e-02,-0.24,-0.345
3.1085e-02,-0.135,-0.07
3.1086e-02,-0.15,-0.345
3.1088e-02,-0.175,-0.065
3.1090e-02,-0.235,-0.35
3.1091e-02,-0.2,-0.06
3.1093e-02,-0.145,-0.37
3.1094e-02,-0.17,-0.04
3.1096e-02,-0.26,-0.365
3.1098e-02,-0.28,-0.05
3.1099e-02,-0.195,-0.35
3.1101e-02,-0.275,-0.055
3.1102e-02,-0.23,-0.34
3.1104e-02,-0.275,-0.07
3.1106e-02,-0.325,-0.365
3.1107e-02,-0.23,-0.05
3.1109e-02,-0.23,-0.36
3.1110e-02,-0.215,-0.05
3.1112e-02,-0.27,-0.36
3.1114e-02,-0.2,-0.06
3.1115e-02,-0.215,-0.345
3.1117e-02,-0.205,-0.07
3.1118e-02,-0.17,-0.355
3.1120e-02,-0.21,-0.06
3.1122e-02,-0.175,-0.37
3.1123e-02,-0.18,-0.04
3.1125e-02,-0.215,-0.4
3.1126e-02,-0.19,-0.015
3.1128e-02,-0.2,-0.365
3.1130e-02,-0.3,-0.055
3.1131e-02,-0.175,-0.34
3.1133e-02,-0.22,-0.075
3.1134e-02,-0.295,-0.345
3.1136e-02,-0.205,-0.07
3.1138e-02,-0.33,-0.405
3.1139e-02,-0.195,-0.01
3.1141e-02,-0.175,-0.39
3.1142e-02,-0.29,-0.025
3.1144e-02,-0.2,-0.36
3.1146e-02,-0.175,-0.055
3.1147e-02,-0.145,-0.375
3.1149e-02,-0.115,-0.04
3.1150e-02,-0.2,-0.39
3.1152e-02,-0.225,-0.03
3.1154e-02,-0.145,-0.37
3.1155e-02,-0.175,-0.05
3.1157e-02,-0.125,-0.385
3.1158e-02,-0.23,-0.03
3.1160e-02,-0.28,-0.36
3.1162e-02,-0.18,-0.055
3.1163e-02,-0.25,-0.355
3.1165e-02,-0.225,-0.06
3.1166e-02,-0.275,-0.345
3.1168e-02,-0.22,-0.075
3.1170e-02,-0.225,-0.355
3.1171e-02,-0.22,-0.06
3.1173e-02,-0.165,-0.365
3.1174e-02,-0.235,-0.05
3.1176e-02,-0.235,-0.395
3.1178e-02,-0.21,-0.015
3.1179e-02,-0.23,-0.355
3.1181e-02,-0.17,-0.06
3.1182e-02,-0.295,-0.35
3.1184e-02,-0.24,-0.065
3.1186e-02,-0.27,-0.375
3.1187e-02,-0.25,-0.045
3.1189e-02,-0.225,-0.37
3.1190e-02,-0.21,-0.055
3.1192e-02,-0.255,-0.37
3.1194e-02,-0.055,-0.05
3.1195e-02,-0.17,-0.36
3.1197e-02,-0.255,-0.055
3.1198e-02,-0.235,-0.37
3.1200e-02,-0.32,-0.05
3.1202e-02,-0.175,-0.355
3.1203e-02,-0.22,-0.065
3.1205e-02,-0.21,-0.355
3.1206e-02,-0.18,-0.06
3.1208e-02,-0.16,-0.37
3.1210e-02,-0.17,-0.055
3.1211e-02,-0.16,-0.355
3.1213e-02,-0.195,-0.07
3.1214e-02,-0.24,-0.39
3.1216e-02,-0.19,-0.03
3.1218e-02,-0.255,-0.36
3.1219e-02,-0.16,-0.065
3.1221e-02,-0.19,-0.36
3.1222e-02,-0.225,-0.06
3.1224e-02,-0.19,-0.35
3.1226e-02,-0.14,-0.075
3.1227e-02,-0.14,-0.36
3.1229e-02,-0.195,-0.06
3.1230e-02,-0.26,-0.385
3.1232e-02,-0.23,-0.04
3.1234e-02,-0.22,-0.365
3.1235e-02,-0.11,-0.06
3.1237e-02,-0.335,-0.35
3.1238e-02,-0.19,-0.07
3.1240e-02,-0.27,-0.385
3.1242e-02,-0.165,-0.035
3.1243e-02,-0.15,-0.41
3.1245e-02,-0.21,-0.01
3.1246e-02,-0.205,-0.385
3.1248e-02,-0.155,-0.035
3.1250e-02,-0.16,-0.38
3.1251e-02,-0.135,-0.035
3.1253e-02,-0.16,-0.38
3.1254e-02,-0.18,-0.04
3.1256e-02,-0.195,-0.38
3.1258e-02,-0.185,-0.045
3.1259e-02,-0.14,-0.375
3.1261e-02,-0.21,-0.045
3.1262e-02,-0.205,-0.375
3.1264e-02,-0.21,-0.045
3.1266e-02,-0.245,-0.37
3.1267e-02,-0.16,-0.06
3.1269e-02,-0.165,-0.36
3.1270e-02,-0.2,-0.065
3.1272e-02,-0.13,-0.355
3.1274e-02,-0.195,-0.065
3.1275e-02,-0.105,-0.36
3.1277e-02,-0.15,-0.065
3.1278e-02,-0.22,-0.355
3.1280e-02,-0.3,-0.07
3.1282e-02,-0.17,-0.36
3.1283e-02,-0.16,-0.06
3.1285e-02,-0.255,-0.37
3.1286e-02,-0.235,-0.045
3.1288e-02,-0.23,-0.375
3.1290e-02,-0.245,-0.05
3.1291e-02,-0.17,-0.375
3.1293e-02,-0.275,-0.045
3.1294e-02,-0.25,-0.385
3.1296e-02,-0.195,-0.035
3.1298e-02,-0.24,-0.385
3.1299e-02,-0.225,-0.035
3.1301e-02,-0.22,-0.385
3.1302e-02,-0.22,-0.035
3.1304e-02,-0.27,-0.405
3.1306e-02,-0.145,-0.02
3.1307e-02,-0.245,-0.37
3.1309e-02,-0.195,-0.05
3.1310e-02,-0.19,-0.38
3.1312e-02,-0.215,-0.05
3.1314e-02,-0.28,-0.355
3.1315e-02,-0.205,-0.07
3.1317e-02,-0.22,-0.385
3.1318e-02,-0.21,-0.04
3.1320e-02,-0.185,-0.35
3.1322e-02,-0.16,-0.065
3.1323e-02,-0.21,-0.375
3.1325e-02,-0.125,-0.05
3.1326e-02,-0.28,-0.37
3.1328e-02,-0.235,-0.05
3.1330e-02,-0.165,-0.36
3.1331e-02,-0.205,-0.055
3.1333e-02,-0.195,-0.355
3.1334e-02,-0.21,-0.065
3.1336e-02,-0.28,-0.355
3.1338e-02,-0.155,-0.07
3.1339e-02,-0.17,-0.34
3.1341e-02,-0.28,-0.08
3.1342e-02,-0.23,-0.365
3.1344e-02,-0.125,-0.055
3.1346e-02,-0.215,-0.38
3.1347e-02,-0.085,-0.045
3.1349e-02,-0.24,-0.37
3.1350e-02,-0.245,-0.045
3.1352e-02,-0.205,-0.37
3.1354e-02,-0.23,-0.055
3.1355e-02,-0.26,-0.37
3.1357e-02,-0.145,-0.05
3.1358e-02,-0.21,-0.35
3.1360e-02,-0.215,-0.07
3.1362e-02,-0.145,-0.36
3.1363e-02,-0.295,-0.055
3.1365e-02,-0.24,-0.345
3.1366e-02,-0.235,-0.08
3.1368e-02,-0.285,-0.355
3.1370e-02,-0.21,-0.07
3.1371e-02,-0.175,-0.355
3.1373e-02,-0.165,-0.07
3.1374e-02,-0.185,-0.34
3.1376e-02,-0.235,-0.08
3.1378e-02,-0.155,-0.365
3.1379e-02,-0.11,-0.06
3.1381e-02,-0.19,-0.36
3.1382e-02,-0.25,-0.06
3.1384e-02,-0.17,-0.365
3.1386e-02,-0.185,-0.055
3.1387e-02,-0.16,-0.36
3.1389e-02,-0.21,-0.07
3.1390e-02,-0.245,-0.365
3.1392e-02,-0.165,-0.055
3.1394e-02,-0.11,-0.375
3.1395e-02,-0.225,-0.055
3.1397e-02,-0.155,-0.38
3.1398e-02,-0.27,-0.045
3.1400e-02,-0.19,-0.36
3.1402e-02,-0.18,-0.07
3.1403e-02,-0.22,-0.39
3.1405e-02,-0.23,-0.04
3.1406e-02,-0.24,-0.395
3.1408e-02,-0.2,-0.03
3.1410e-02,-0.22,-0.405
3.1411e-02,-0.15,-0.03
3.1413e-02,-0.25,-0.38
3.1414e-02,-0.165,-0.04
3.1416e-02,-0.165,-0.39
3.1418e-02,-0.27,-0.04
3.1419e-02,-0.095,-0.355
3.1421e-02,-0.22,-0.065
3.1422e-02,-0.355,-0.355
3.1424e-02,-0.175,-0.065
3.1426e-02,-0.245,-0.355
3.1427e-02,-0.195,-0.075
3.1429e-02,-0.145,-0.39
3.1430e-02,-0.295,-0.04
3.1432e-02,-0.17,-0.36
3.1434e-02,-0.195,-0.065
3.1435e-02,-0.23,-0.38
3.1437e-02,-0.22,-0.055
3.1438e-02,-0.25,-0.365
3.1440e-02,-0.23,-0.07
3.1442e-02,-0.12,-0.355
3.1443e-02,-0.195,-0.075
3.1445e-02,-0.2,-0.38
3.1446e-02,-0.13,-0.055
3.1448e-02,-0.24,-0.365
3.1450e-02,-0.125,-0.075
3.1451e-02,-0.255,-0.365
3.1453e-02,-0.27,-0.07
3.1454e-02,-0.255,-0.385
3.1456e-02,-0.34,-0.05
3.1458e-02,-0.27,-0.37
3.1459e-02,-0.2,-0.065
3.1461e-02,-0.255,-0.36
3.1462e-02,-0.25,-0.075
3.1464e-02,-0.215,-0.405
3.1466e-02,-0.235,-0.03
3.1467e-02,-0.26,-0.385
3.1469e-02,-0.2,-0.045
3.1470e-02,-0.305,-0.395
3.1472e-02,-0.255,-0.035
3.1474e-02,-0.18,-0.375
3.1475e-02,-0.12,-0.065
3.1477e-02,-0.235,-0.355
3.1478e-02,-0.205,-0.08
3.1480e-02,-0.275,-0.37
3.1482e-02,-0.22,-0.065
3.1483e-02,-0.175,-0.375
3.1485e-02,-0.235,-0.065
3.1486e-02,-0.235,-0.375
3.1488e-02,-0.155,-0.055
3.1490e-02,-0.165,-0.38
3.1491e-02,-0.24,-0.06
3.1493e-02,-0.195,-0.385
3.1494e-02,-0.275,-0.05
3.1496e-02,-0.18,-0.37
3.1498e-02,-0.14,-0.07
3.1499e-02,-0.26,-0.375
3.1501e-02,-0.225,-0.06
3.1502e-02,-0.17,-0.355
3.1504e-02,-0.24,-0.08
3.1506e-02,-0.155,-0.375
3.1507e-02,-0.15,-0.06
3.1509e-02,-0.185,-0.38
3.1510e-02,-0.155,-0.055
3.1512e-02,-0.215,-0.365
3.1514e-02,-0.245,-0.065
3.1515e-02,-0.17,-0.375
3.1517e-02,-0.185,-0.05
3.1518e-02,-0.26,-0.355
3.1520e-02,-0.225,-0.075
3.1522e-02,-0.18,-0.355
3.1523e-02,-0.205,-0.07
3.1525e-02,-0.23,-0.365
3.1526e-02,-0.27,-0.065
3.1528e-02,-0.28,-0.38
3.1530e-02,-0.16,-0.055
3.1531e-02,-0.18,-0.36
3.1533e-02,-0.25,-0.07
3.1534e-02,-0.17,-0.365
3.1536e-02,-0.225,-0.065
3.1538e-02,-0.14,-0.375
3.1539e-02,-0.14,-0.06
3.1541e-02,-0.245,-0.35
3.1542e-02,-0.2,-0.075
3.1544e-02,-0.19,-0.38
3.1546e-02,-0.25,-0.055
3.1547e-02,-0.175,-0.36
3.1549e-02,-0.26,-0.07
3.1550e-02,-0.23,-0.365
3.1552e-02,-0.205,-0.07
3.1554e-02,-0.17,-0.365
3.1555e-02,-0.255,-0.065
3.1557e-02,-0.175,-0.37
3.1558e-02,-0.28,-0.06
3.1560e-02,-0.21,-0.375
3.1562e-02,-0.185,-0.05
3.1563e-02,-0.155,-0.365
3.1565e-02,-0.265,-0.055
3.1566e-02,-0.245,-0.37
3.1568e-02,-0.28,-0.06
3.1570e-02,-0.265,-0.39
3.1571e-02,-0.185,-0.045
3.1573e-02,-0.24,-0.37
3.1574e-02,-0.27,-0.065
3.1576e-02,-0.16,-0.37
3.1578e-02,-0.15,-0.06
3.1579e-02,-0.19,-0.37
3.1581e-02,-0.2,-0.065
3.1582e-02,-0.265,-0.36
3.1584e-02,-0.175,-0.08
3.1586e-02,-0.07,-0.375
3.1587e-02,-0.225,-0.055
3.1589e-02,-0.215,-0.375
3.1590e-02,-0.235,-0.07
3.1592e-02,-0.28,-0.37
3.1594e-02,-0.14,-0.065
3.1595e-02,-0.26,-0.385
3.1597e-02,-0.205,-0.055
3.1598e-02,-0.23,-0.35
3.1600e-02,-0.275,-0.08
3.1602e-02,-0.155,-0.365
3.1603e-02,-0.235,-0.07
3.1605e-02,-0.195,-0.36
3.1606e-02,-0.22,-0.075
3.1608e-02,-0.165,-0.365
3.1610e-02,-0.2,-0.075
3.1611e-02,-0.155,-0.395
3.1613e-02,-0.21,-0.045
3.1614e-02,-0.21,-0.36
3.1616e-02,-0.16,-0.08
3.1618e-02,-0.115,-0.4
3.1619e-02,-0.225,-0.045
3.1621e-02,-0.23,-0.375
3.1622e-02,-0.245,-0.06
3.1624e-02,-0.225,-0.35
3.1626e-02,-0.18,-0.09
3.1627e-02,-0.23,-0.365
3.1629e-02,-0.28,-0.07
3.1630e-02,-0.3,-0.36
3.1632e-02,-0.24,-0.075
3.1634e-02,-0.28,-0.395
3.1635e-02,-0.22,-0.05
3.1637e-02,-0.255,-0.35
3.1638e-02,-0.17,-0.095
3.1640e-02,-0.17,-0.405
3.1642e-02,-0.18,-0.045
3.1643e-02,-0.19,-0.385
3.1645e-02,-0.23,-0.055
3.1646e-02,-0.225,-0.39
3.1648e-02,-0.255,-0.055
3.1650e-02,-0.255,-0.36
3.1651e-02,-0.19,-0.07
3.1653e-02,-0.215,-0.39
3.1654e-02,-0.245,-0.055
3.1656e-02,-0.12,-0.395
3.1658e-02,-0.19,-0.055
3.1659e-02,-0.185,-0.375
3.1661e-02,-0.15,-0.065
3.1662e-02,-0.2,-0.39
3.1664e-02,-0.17,-0.045
3.1666e-02,-0.105,-0.39
3.1667e-02,-0.24,-0.05
3.1669e-02,-0.23,-0.37
3.1670e-02,-0.17,-0.07
3.1672e-02,-0.155,-0.385
3.1674e-02,-0.18,-0.05
3.1675e-02,-0.265,-0.375
3.1677e-02,-0.29,-0.06
3.1678e-02,-0.22,-0.405
3.1680e-02,-0.23,-0.04
3.1682e-02,-0.195,-0.37
3.1683e-02,-0.25,-0.07
3.1685e-02,-0.26,-0.38
3.1686e-02,-0.25,-0.05
3.1688e-02,-0.185,-0.375
3.1690e-02,-0.23,-0.055
3.1691e-02,-0.165,-0.38
3.1693e-02,-0.175,-0.065
3.1694e-02,-0.21,-0.365
3.1696e-02,-0.135,-0.08
3.1698e-02,-0.265,-0.395
3.1699e-02,-0.21,-0.05
3.1701e-02,-0.24,-0.375
3.1702e-02,-0.19,-0.06
3.1704e-02,-0.165,-0.375
3.1706e-02,-0.255,-0.07
3.1707e-02,-0.215,-0.395
3.1709e-02,-0.21,-0.045
3.1710e-02,-0.215,-0.37
3.1712e-02,-0.13,-0.075
3.1714e-02,-0.125,-0.37
3.1715e-02,-0.275,-0.07
3.1717e-02,-0.265,-0.38
3.1718e-02,-0.21,-0.06
3.1720e-02,-0.18,-0.37
3.1722e-02,-0.215,-0.065
3.1723e-02,-0.17,-0.37
3.1725e-02,-0.26,-0.07
3.1726e-02,-0.18,-0.395
3.1728e-02,-0.18,-0.045
3.1730e-02,-0.14,-0.38
3.1731e-02,-0.285,-0.065
3.1733e-02,-0.24,-0.395
3.1734e-02,-0.135,-0.035
3.1736e-02,-0.185,-0.39
3.1738e-02,-0.17,-0.05
3.1739e-02,-0.145,-0.385
3.1741e-02,-0.17,-0.055
3.1742e-02,-0.17,-0.375
3.1744e-02,-0.18,-0.07
3.1746e-02,-0.22,-0.4
3.1747e-02,-0.23,-0.045
3.1749e-02,-0.23,-0.39
3.1750e-02,-0.22,-0.055
3.1752e-02,-0.215,-0.395
3.1754e-02,-0.215,-0.045
3.1755e-02,-0.235,-0.39
3.1757e-02,-0.33,-0.05
3.1758e-02,-0.205,-0.37
3.1760e-02,-0.19,-0.075
3.1762e-02,-0.22,-0.395
3.1763e-02,-0.165,-0.055
3.1765e-02,-0.22,-0.375
3.1766e-02,-0.17,-0.07
3.1768e-02,-0.175,-0.375
3.1770e-02,-0.215,-0.065
3.1771e-02,-0.2,-0.41
3.1773e-02,-0.22,-0.04
3.1774e-02,-0.15,-0.39
3.1776e-02,-0.22,-0.06
3.1778e-02,-0.255,-0.395
3.1779e-02,-0.21,-0.055
3.1781e-02,-0.255,-0.415
3.1782e-02,-0.16,-0.035
3.1784e-02,-0.205,-0.355
3.1786e-02,-0.175,-0.09
3.1787e-02,-0.17,-0.365
3.1789e-02,-0.165,-0.085
3.1790e-02,-0.21,-0.36
3.1792e-02,-0.125,-0.085
3.1794e-02,-0.215,-0.37
3.1795e-02,-0.195,-0.08
3.1797e-02,-0.225,-0.355
3.1798e-02,-0.205,-0.085
3.1800e-02,-0.18,-0.37
3.1802e-02,-0.14,-0.075
3.1803e-02,-0.305,-0.37
3.1805e-02,-0.195,-0.08
3.1806e-02,-0.19,-0.365
3.1808e-02,-0.2,-0.075
3.1810e-02,-0.2,-0.39
3.1811e-02,-0.22,-0.06
3.1813e-02,-0.235,-0.375
3.1814e-02,-0.165,-0.065
3.1816e-02,-0.1,-0.375
3.1818e-02,-0.215,-0.065
3.1819e-02,-0.205,-0.37
3.1821e-02,-0.19,-0.08
3.1822e-02,-0.305,-0.39
3.1824e-02,-0.18,-0.06
3.1826e-02,-0.165,-0.365
3.1827e-02,-0.21,-0.08
3.1829e-02,-0.165,-0.37
3.1830e-02,-0.23,-0.07
3.1832e-02,-0.22,-0.37
3.1834e-02,-0.15,-0.08
3.1835e-02,-0.2,-0.355
3.1837e-02,-0.2,-0.09
3.1838e-02,-0.2,-0.365
3.1840e-02,-0.25,-0.075
3.1842e-02,-0.165,-0.36
3.1843e-02,-0.195,-0.08
3.1845e-02,-0.255,-0.375
3.1846e-02,-0.225,-0.07
3.1848e-02,-0.225,-0.35
3.1850e-02,-0.19,-0.09
3.1851e-02,-0.16,-0.38
3.1853e-02,-0.32,-0.07
3.1854e-02,-0.31,-0.37
3.1856e-02,-0.205,-0.075
3.1858e-02,-0.35,-0.37
3.1859e-02,-0.165,-0.07
3.1861e-02,-0.25,-0.39
3.1862e-02,-0.21,-0.06
3.1864e-02,-0.14,-0.4
3.1866e-02,-0.215,-0.05
3.1867e-02,-0.185,-0.39
3.1869e-02,-0.255,-0.06
3.1870e-02,-0.255,-0.365
3.1872e-02,-0.22,-0.075
3.1874e-02,-0.24,-0.385
3.1875e-02,-0.16,-0.06
3.1877e-02,-0.27,-0.39
3.1878e-02,-0.27,-0.06
3.1880e-02,-0.275,-0.385
3.1882e-02,-0.165,-0.065
3.1883e-02,-0.23,-0.36
3.1885e-02,-0.19,-0.09
3.1886e-02,-0.28,-0.395
3.1888e-02,-0.24,-0.05
3.1890e-02,-0.235,-0.415
3.1891e-02,-0.17,-0.035
3.1893e-02,-0.205,-0.39
3.1894e-02,-0.18,-0.06
3.1896e-02,-0.215,-0.41
3.1898e-02,-0.16,-0.05
3.1899e-02,-0.165,-0.375
3.1901e-02,-0.23,-0.075
3.1902e-02,-0.22,-0.395
3.1904e-02,-0.175,-0.065
3.1906e-02,-0.175,-0.365
3.1907e-02,-0.175,-0.085
3.1909e-02,-0.265,-0.36
3.1910e-02,-0.245,-0.085
3.1912e-02,-0.275,-0.395
3.1914e-02,-0.225,-0.06
3.1915e-02,-0.205,-0.395
3.1917e-02,-0.215,-0.06
3.1918e-02,-0.225,-0.375
3.1920e-02,-0.25,-0.08
3.1922e-02,-0.235,-0.39
3.1923e-02,-0.18,-0.06
3.1925e-02,-0.26,-0.42
3.1926e-02,-0.315,-0.03
3.1928e-02,-0.235,-0.405
3.1930e-02,-0.25,-0.055
3.1931e-02,-0.18,-0.39
3.1933e-02,-0.175,-0.06
3.1934e-02,-0.31,-0.39
3.1936e-02,-0.185,-0.065
3.1938e-02,-0.21,-0.39
3.1939e-02,-0.195,-0.06
3.1941e-02,-0.23,-0.385
3.1942e-02,-0.24,-0.07
3.1944e-02,-0.265,-0.385
3.1946e-02,-0.145,-0.07
3.1947e-02,-0.23,-0.365
3.1949e-02,-0.175,-0.09
3.1950e-02,-0.26,-0.37
3.1952e-02,-0.26,-0.09
3.1954e-02,-0.205,-0.38
3.1955e-02,-0.265,-0.075
3.1957e-02,-0.21,-0.405
3.1958e-02,-0.21,-0.05
3.1960e-02,-0.265,-0.38
3.1962e-02,-0.25,-0.075
3.1963e-02,-0.255,-0.36
3.1965e-02,-0.295,-0.095
3.1966e-02,-0.275,-0.385
3.1968e-02,-0.29,-0.07
3.1970e-02,-0.18,-0.405
3.1971e-02,-0.17,-0.04
3.1973e-02,-0.165,-0.405
3.1974e-02,-0.215,-0.04
3.1976e-02,-0.255,-0.395
3.1978e-02,-0.13,-0.055
3.1979e-02,-0.165,-0.37
3.1981e-02,-0.25,-0.075
3.1982e-02,-0.225,-0.395
3.1984e-02,-0.19,-0.055
3.1986e-02,-0.205,-0.385
3.1987e-02,-0.16,-0.065
3.1989e-02,-0.215,-0.375
3.1990e-02,-0.27,-0.07
3.1992e-02,-0.22,-0.395
3.1994e-02,-0.25,-0.06
3.1995e-02,-0.285,-0.365
3.1997e-02,-0.195,-0.09
3.1998e-02,-0.355,-0.415
3.2000e-02,-0.26,-0.03
3.2002e-02,-0.29,-0.395
3.2003e-02,-0.255,-0.055
3.2005e-02,-0.165,-0.38
3.2006e-02,-0.22,-0.075
3.2008e-02,-0.245,-0.385
3.2010e-02,-0.155,-0.07
3.2011e-02,-0.215,-0.39
3.2013e-02,-0.165,-0.065
3.2014e-02,-0.22,-0.39
3.2016e-02,-0.26,-0.06
3.2018e-02,-0.15,-0.405
3.2019e-02,-0.215,-0.05
3.2021e-02,-0.22,-0.415
3.2022e-02,-0.255,-0.04
3.2024e-02,-0.255,-0.375
3.2026e-02,-0.16,-0.075
3.2027e-02,-0.175,-0.395
3.2029e-02,-0.27,-0.065
3.2030e-02,-0.21,-0.38
3.2032e-02,-0.275,-0.075
3.2034e-02,-0.165,-0.4
3.2035e-02,-0.23,-0.055
3.2037e-02,-0.245,-0.4
3.2038e-02,-0.255,-0.055
3.2040e-02,-0.17,-0.405
3.2042e-02,-0.245,-0.055
3.2043e-02,-0.135,-0.41
3.2045e-02,-0.17,-0.05
3.2046e-02,-0.27,-0.375
3.2048e-02,-0.2,-0.085
3.2050e-02,-0.29,-0.385
3.2051e-02,-0.115,-0.07
3.2053e-02,-0.17,-0.395
3.2054e-02,-0.175,-0.065
3.2056e-02,-0.24,-0.37
3.2058e-02,-0.245,-0.09
3.2059e-02,-0.14,-0.395
3.2061e-02,-0.15,-0.065
3.2062e-02,-0.275,-0.435
3.2064e-02,-0.225,-0.025
3.2066e-02,-0.28,-0.405
3.2067e-02,-0.2,-0.06
3.2069e-02,-0.25,-0.395
3.2070e-02,-0.3,-0.07
3.2072e-02,-0.26,-0.395
3.2074e-02,-0.275,-0.065
3.2075e-02,-0.195,-0.435
3.2077e-02,-0.15,-0.03
3.2078e-02,-0.265,-0.39
3.2080e-02,-0.135,-0.065
3.2082e-02,-0.255,-0.4
3.2083e-02,-0.175,-0.065
3.2085e-02,-0.14,-0.4
3.2086e-02,-0.22,-0.06
3.2088e-02,-0.17,-0.4
3.2090e-02,-0.245,-0.07
3.2091e-02,-0.245,-0.395
3.2093e-02,-0.175,-0.07
3.2094e-02,-0.305,-0.41
3.2096e-02,-0.235,-0.055
3.2098e-02,-0.32,-0.37
3.2099e-02,-0.245,-0.085
3.2101e-02,-0.25,-0.38
3.2102e-02,-0.315,-0.08
3.2104e-02,-0.335,-0.405
3.2106e-02,-0.26,-0.055
3.2107e-02,-0.22,-0.37
3.2109e-02,-0.17,-0.085
3.2110e-02,-0.265,-0.375
3.2112e-02,-0.245,-0.075
3.2114e-02,-0.22,-0.405
3.2115e-02,-0.24,-0.055
3.2117e-02,-0.255,-0.405
3.2118e-02,-0.26,-0.055
3.2120e-02,-0.35,-0.43
3.2122e-02,-0.225,-0.03
3.2123e-02,-0.305,-0.4
3.2125e-02,-0.265,-0.06
3.2126e-02,-0.24,-0.395
3.2128e-02,-0.245,-0.055
3.2130e-02,-0.18,-0.39
3.2131e-02,-0.175,-0.07
3.2133e-02,-0.17,-0.4
3.2134e-02,-0.12,-0.065
3.2136e-02,-0.3,-0.395
3.2138e-02,-0.23,-0.065
3.2139e-02,-0.17,-0.39
3.2141e-02,-0.165,-0.07
3.2142e-02,-0.2,-0.4
3.2144e-02,-0.225,-0.055
3.2146e-02,-0.225,-0.415
3.2147e-02,-0.23,-0.035
3.2149e-02,-0.26,-0.37
3.2150e-02,-0.295,-0.085
3.2152e-02,-0.265,-0.38
3.2154e-02,-0.22,-0.075
3.2155e-02,-0.205,-0.385
3.2157e-02,-0.18,-0.07
3.2158e-02,-0.215,-0.39
3.2160e-02,-0.26,-0.065
3.2162e-02,-0.215,-0.415
3.2163e-02,-0.245,-0.035
3.2165e-02,-0.255,-0.395
3.2166e-02,-0.14,-0.06
3.2168e-02,-0.295,-0.385
3.2170e-02,-0.2,-0.06
3.2171e-02,-0.235,-0.375
3.2173e-02,-0.155,-0.075
3.2174e-02,-0.14,-0.41
3.2176e-02,-0.22,-0.04
3.2178e-02,-0.265,-0.395
3.2179e-02,-0.205,-0.055
3.2181e-02,-0.165,-0.405
3.2182e-02,-0.185,-0.055
3.2184e-02,-0.22,-0.395
3.2186e-02,-0.27,-0.07
3.2187e-02,-0.225,-0.405
3.2189e-02,-0.225,-0.055
3.2190e-02,-0.21,-0.42
3.2192e-02,-0.21,-0.04
3.2194e-02,-0.345,-0.395
3.2195e-02,-0.185,-0.06
3.2197e-02,-0.23,-0.375
3.2198e-02,-0.2,-0.085
3.2200e-02,-0.2,-0.385
3.2202e-02,-0.185,-0.075
3.2203e-02,-0.215,-0.395
3.2205e-02,-0.245,-0.07
3.2206e-02,-0.13,-0.38
3.2208e-02,-0.235,-0.08
3.2210e-02,-0.175,-0.4
3.2211e-02,-0.265,-0.06
3.2213e-02,-0.265,-0.385
3.2214e-02,-0.185,-0.075
3.2216e-02,-0.235,-0.38
3.2218e-02,-0.22,-0.08
3.2219e-02,-0.145,-0.38
3.2221e-02,-0.225,-0.09
3.2222e-02,-0.125,-0.38
3.2224e-02,-0.23,-0.085
3.2226e-02,-0.155,-0.385
3.2227e-02,-0.29,-0.075
3.2229e-02,-0.075,-0.39
3.2230e-02,-0.215,-0.08
3.2232e-02,-0.255,-0.395
3.2234e-02,-0.29,-0.075
3.2235e-02,-0.245,-0.395
3.2237e-02,-0.23,-0.07
3.2238e-02,-0.24,-0.425
3.2240e-02,-0.245,-0.05
3.2242e-02,-0.215,-0.44
3.2243e-02,-0.175,-0.035
3.2245e-02,-0.17,-0.42
3.2246e-02,-0.17,-0.055
3.2248e-02,-0.18,-0.375
3.2250e-02,-0.135,-0.095
3.2251e-02,-0.295,-0.39
3.2253e-02,-0.15,-0.085
3.2254e-02,-0.235,-0.385
3.2256e-02,-0.225,-0.09
3.2258e-02,-0.25,-0.39
3.2259e-02,-0.275,-0.085
3.2261e-02,-0.33,-0.375
3.2262e-02,-0.255,-0.085
3.2264e-02,-0.225,-0.42
3.2266e-02,-0.255,-0.055
3.2267e-02,-0.29,-0.4
3.2269e-02,-0.23,-0.075
3.2270e-02,-0.225,-0.415
3.2272e-02,-0.26,-0.06
3.2274e-02,-0.26,-0.39
3.2275e-02,-0.34,-0.08
3.2277e-02,-0.23,-0.38
3.2278e-02,-0.21,-0.09
3.2280e-02,-0.215,-0.405
3.2282e-02,-0.27,-0.06
3.2283e-02,-0.295,-0.405
3.2285e-02,-0.205,-0.06
3.2286e-02,-0.225,-0.41
3.2288e-02,-0.195,-0.055
3.2290e-02,-0.18,-0.39
3.2291e-02,-0.17,-0.08
3.2293e-02,-0.245,-0.39
3.2294e-02,-0.215,-0.08
3.2296e-02,-0.17,-0.39
3.2298e-02,-0.225,-0.08
3.2299e-02,-0.215,-0.415
3.2301e-02,-0.245,-0.045
3.2302e-02,-0.15,-0.4
3.2304e-02,-0.24,-0.065
3.2306e-02,-0.185,-0.37
3.2307e-02,-0.26,-0.095
3.2309e-02,-0.29,-0.375
3.2310e-02,-0.19,-0.085
3.2312e-02,-0.17,-0.4
3.2314e-02,-0.135,-0.07
3.2315e-02,-0.24,-0.405
3.2317e-02,-0.225,-0.055
3.2318e-02,-0.2,-0.375
3.2320e-02,-0.25,-0.085
3.2322e-02,-0.25,-0.38
3.2323e-02,-0.305,-0.075
3.2325e-02,-0.285,-0.42
3.2326e-02,-0.315,-0.03
3.2328e-02,-0.245,-0.395
3.2330e-02,-0.21,-0.06
3.2331e-02,-0.265,-0.395
3.2333e-02,-0.26,-0.075
3.2334e-02,-0.17,-0.39
3.2336e-02,-0.135,-0.07
3.2338e-02,-0.22,-0.385
3.2339e-02,-0.14,-0.07
3.2341e-02,-0.255,-0.405
3.2342e-02,-0.13,-0.06
3.2344e-02,-0.14,-0.395
3.2346e-02,-0.165,-0.06
3.2347e-02,-0.23,-0.405
3.2349e-02,-0.24,-0.06
3.2350e-02,-0.155,-0.365
3.2352e-02,-0.19,-0.095
3.2354e-02,-0.23,-0.405
3.2355e-02,-0.24,-0.06
3.2357e-02,-0.195,-0.405
3.2358e-02,-0.27,-0.055
3.2360e-02,-0.235,-0.375
3.2362e-02,-0.16,-0.085
3.2363e-02,-0.21,-0.385
3.2365e-02,-0.185,-0.08
3.2366e-02,-0.265,-0.405
3.2368e-02,-0.175,-0.065
3.2370e-02,-0.165,-0.375
3.2371e-02,-0.285,-0.09
3.2373e-02,-0.275,-0.415
3.2374e-02,-0.29,-0.055
3.2376e-02,-0.345,-0.4
3.2378e-02,-0.22,-0.065
3.2379e-02,-0.215,-0.395
3.2381e-02,-0.31,-0.07
3.2382e-02,-0.18,-0.395
3.2384e-02,-0.2,-0.075
3.2386e-02,-0.11,-0.405
3.2387e-02,-0.215,-0.07
3.2389e-02,-0.17,-0.415
3.2390e-02,-0.23,-0.065
3.2392e-02,-0.21,-0.38
3.2394e-02,-0.23,-0.1
3.2395e-02,-0.255,-0.405
3.2397e-02,-0.275,-0.07
3.2398e-02,-0.235,-0.43
3.2400e-02,-0.17,-0.04
3.2402e-02,-0.27,-0.385
3.2403e-02,-0.26,-0.085
3.2405e-02,-0.32,-0.38
3.2406e-02,-0.295,-0.095
3.2408e-02,-0.315,-0.395
3.2410e-02,-0.23,-0.085
3.2411e-02,-0.21,-0.4
3.2413e-02,-0.26,-0.085
3.2414e-02,-0.27,-0.395
3.2416e-02,-0.215,-0.085
3.2418e-02,-0.28,-0.41
3.2419e-02,-0.17,-0.07
3.2421e-02,-0.145,-0.38
3.2422e-02,-0.27,-0.095
3.2424e-02,-0.24,-0.375
3.2426e-02,-0.27,-0.105
3.2427e-02,-0.185,-0.385
3.2429e-02,-0.315,-0.085
3.2430e-02,-0.22,-0.405
3.2432e-02,-0.33,-0.075
3.2434e-02,-0.235,-0.375
3.2435e-02,-0.24,-0.105
3.2437e-02,-0.23,-0.41
3.2438e-02,-0.225,-0.07
3.2440e-02,-0.25,-0.405
3.2442e-02,-0.235,-0.08
3.2443e-02,-0.225,-0.39
3.2445e-02,-0.205,-0.09
3.2446e-02,-0.185,-0.4
3.2448e-02,-0.31,-0.085
3.2450e-02,-0.25,-0.385
3.2451e-02,-0.17,-0.09
3.2453e-02,-0.23,-0.38
3.2454e-02,-0.255,-0.085
3.2456e-02,-0.3,-0.4
3.2458e-02,-0.34,-0.07
3.2459e-02,-0.28,-0.37
3.2461e-02,-0.215,-0.1
3.2462e-02,-0.315,-0.42
3.2464e-02,-0.285,-0.055
3.2466e-02,-0.28,-0.39
3.2467e-02,-0.205,-0.085
3.2469e-02,-0.245,-0.42
3.2470e-02,-0.2,-0.06
3.2472e-02,-0.155,-0.395
3.2474e-02,-0.265,-0.075
3.2475e-02,-0.215,-0.38
3.2477e-02,-0.22,-0.085
3.2478e-02,-0.295,-0.39
3.2480e-02,-0.26,-0.075
3.2482e-02,-0.29,-0.375
3.2483e-02,-0.29,-0.09
3.2485e-02,-0.26,-0.37
3.2486e-02,-0.25,-0.1
3.2488e-02,-0.295,-0.4
3.2490e-02,-0.205,-0.07
3.2491e-02,-0.215,-0.41
3.2493e-02,-0.175,-0.06
3.2494e-02,-0.18,-0.39
3.2496e-02,-0.295,-0.08
3.2498e-02,-0.3,-0.395
3.2499e-02,-0.275,-0.08
3.2501e-02,-0.27,-0.39
3.2502e-02,-0.245,-0.075
3.2504e-02,-0.28,-0.42
3.2506e-02,-0.35,-0.055
3.2507e-02,-0.265,-0.39
3.2509e-02,-0.245,-0.08
3.2510e-02,-0.325,-0.385
3.2512e-02,-0.19,-0.08
3.2514e-02,-0.24,-0.4
3.2515e-02,-0.18,-0.075
3.2517e-02,-0.21,-0.38
3.2518e-02,-0.16,-0.085
3.2520e-02,-0.26,-0.385
3.2522e-02,-0.175,-0.08
3.2523e-02,-0.225,-0.375
3.2525e-02,-0.24,-0.095
3.2526e-02,-0.175,-0.395
3.2528e-02,-0.26,-0.08
3.2530e-02,-0.235,-0.385
3.2531e-02,-0.26,-0.09
3.2533e-02,-0.225,-0.4
3.2534e-02,-0.13,-0.075
3.2536e-02,-0.18,-0.405
3.2538e-02,-0.31,-0.07
3.2539e-02,-0.175,-0.395
3.2541e-02,-0.205,-0.07
3.2542e-02,-0.215,-0.395
3.2544e-02,-0.26,-0.08
3.2546e-02,-0.295,-0.39
3.2547e-02,-0.355,-0.085
3.2549e-02,-0.19,-0.41
3.2550e-02,-0.245,-0.06
3.2552e-02,-0.28,-0.39
3.2554e-02,-0.305,-0.085
3.2555e-02,-0.32,-0.395
3.2557e-02,-0.255,-0.075
3.2558e-02,-0.225,-0.395
3.2560e-02,-0.22,-0.08
3.2562e-02,-0.13,-0.395
3.2563e-02,-0.19,-0.085
3.2565e-02,-0.22,-0.415
3.2566e-02,-0.2,-0.055
3.2568e-02,-0.175,-0.395
3.2570e-02,-0.26,-0.09
3.2571e-02,-0.235,-0.385
3.2573e-02,-0.38,-0.095
3.2574e-02,-0.235,-0.445
3.2576e-02,-0.24,-0.03
3.2578e-02,-0.285,-0.42
3.2579e-02,-0.27,-0.065
3.2581e-02,-0.365,-0.41
3.2582e-02,-0.285,-0.065
3.2584e-02,-0.245,-0.445
3.2586e-02,-0.28,-0.04
3.2587e-02,-0.27,-0.425
3.2589e-02,-0.21,-0.05
3.2590e-02,-0.255,-0.405
3.2592e-02,-0.175,-0.07
3.2594e-02,-0.215,-0.405
3.2595e-02,-0.28,-0.075
3.2597e-02,-0.18,-0.395
3.2598e-02,-0.33,-0.085
3.2600e-02,-0.14,-0.385
3.2602e-02,-0.165,-0.095
3.2603e-02,-0.22,-0.415
3.2605e-02,-0.13,-0.07
3.2606e-02,-0.27,-0.445
3.2608e-02,-0.075,-0.04
3.2610e-02,-0.215,-0.415
3.2611e-02,-0.165,-0.07
3.2613e-02,-0.27,-0.41
3.2614e-02,-0.175,-0.065
3.2616e-02,-0.25,-0.415
3.2618e-02,-0.185,-0.065
3.2619e-02,-0.26,-0.41
3.2621e-02,-0.25,-0.075
3.2622e-02,-0.27,-0.395
3.2624e-02,-0.255,-0.075
3.2626e-02,-0.265,-0.385
3.2627e-02,-0.24,-0.095
3.2629e-02,-0.25,-0.39
3.2630e-02,-0.34,-0.09
3.2632e-02,-0.2,-0.405
3.2634e-02,-0.35,-0.07
3.2635e-02,-0.17,-0.4
3.2637e-02,-0.26,-0.08
3.2638e-02,-0.26,-0.395
3.2640e-02,-0.29,-0.085
3.2642e-02,-0.225,-0.395
3.2643e-02,-0.265,-0.085
3.2645e-02,-0.22,-0.41
3.2646e-02,-0.29,-0.065
3.2648e-02,-0.32,-0.39
3.2650e-02,-0.165,-0.09
3.2651e-02,-0.24,-0.4
3.2653e-02,-0.245,-0.075
3.2654e-02,-0.28,-0.435
3.2656e-02,-0.26,-0.04
3.2658e-02,-0.145,-0.405
3.2659e-02,-0.27,-0.065
3.2661e-02,-0.305,-0.385
3.2662e-02,-0.305,-0.09
3.2664e-02,-0.29,-0.42
3.2666e-02,-0.21,-0.065
3.2667e-02,-0.275,-0.39
3.2669e-02,-0.32,-0.085
3.2670e-02,-0.265,-0.44
3.2672e-02,-0.25,-0.04
3.2674e-02,-0.235,-0.4
3.2675e-02,-0.19,-0.08
3.2677e-02,-0.25,-0.385
3.2678e-02,-0.26,-0.09
3.2680e-02,-0.225,-0.385
3.2682e-02,-0.26,-0.09
3.2683e-02,-0.215,-0.405
3.2685e-02,-0.25,-0.075
3.2686e-02,-0.315,-0.42
3.2688e-02,-0.21,-0.065
3.2690e-02,-0.33,-0.385
3.2691e-02,-0.185,-0.1
3.2693e-02,-0.28,-0.39
3.2694e-02,-0.27,-0.085
3.2696e-02,-0.265,-0.43
3.2698e-02,-0.275,-0.05
3.2699e-02,-0.215,-0.41
3.2701e-02,-0.255,-0.07
3.2702e-02,-0.28,-0.41
3.2704e-02,-0.275,-0.075
3.2706e-02,-0.22,-0.38
3.2707e-02,-0.195,-0.105
3.2709e-02,-0.26,-0.405
3.2710e-02,-0.31,-0.07
3.2712e-02,-0.205,-0.395
3.2714e-02,-0.195,-0.085
3.2715e-02,-0.165,-0.385
3.2717e-02,-0.24,-0.095
3.2718e-02,-0.26,-0.415
3.2720e-02,-0.205,-0.07
3.2722e-02,-0.255,-0.405
3.2723e-02,-0.25,-0.07
3.2725e-02,-0.265,-0.415
3.2726e-02,-0.215,-0.07
3.2728e-02,-0.185,-0.435
3.2730e-02,-0.245,-0.05
3.2731e-02,-0.22,-0.4
3.2733e-02,-0.255,-0.075
3.2734e-02,-0.22,-0.425
3.2736e-02,-0.23,-0.05
3.2738e-02,-0.245,-0.415
3.2739e-02,-0.145,-0.075
3.2741e-02,-0.235,-0.41
3.2742e-02,-0.275,-0.075
3.2744e-02,-0.31,-0.395
3.2746e-02,-0.265,-0.08
3.2747e-02,-0.145,-0.39
3.2749e-02,-0.26,-0.085
3.2750e-02,-0.28,-0.41
3.2752e-02,-0.325,-0.07
3.2754e-02,-0.2,-0.415
3.2755e-02,-0.205,-0.075
3.2757e-02,-0.28,-0.41
3.2758e-02,-0.28,-0.07
3.2760e-02,-0.305,-0.415
3.2762e-02,-0.205,-0.065
3.2763e-02,-0.26,-0.45
3.2765e-02,-0.3,-0.035
3.2766e-02,-0.175,-0.395
3.2768e-02,-0.32,-0.08
3.2770e-02,-0.17,-0.425
3.2771e-02,-0.36,-0.06
3.2773e-02,-0.24,-0.405
3.2774e-02,-0.28,-0.095
3.2776e-02,-0.29,-0.43
3.2778e-02,-0.23,-0.065
3.2779e-02,-0.235,-0.4
3.2781e-02,-0.175,-0.085
3.2782e-02,-0.255,-0.4
3.2784e-02,-0.205,-0.09
3.2786e-02,-0.245,-0.375
3.2787e-02,-0.18,-0.105
3.2789e-02,-0.31,-0.4
3.2790e-02,-0.31,-0.09
3.2792e-02,-0.295,-0.435
3.2794e-02,-0.26,-0.05
3.2795e-02,-0.22,-0.47
3.2797e-02,-0.29,-0.015
3.2798e-02,-0.34,-0.4
3.2800e-02,-0.205,-0.085
3.2802e-02,-0.125,-0.39
3.2803e-02,-0.21,-0.1
3.2805e-02,-0.245,-0.385
3.2806e-02,-0.23,-0.105
3.2808e-02,-0.24,-0.385
3.2810e-02,-0.185,-0.105
3.2811e-02,-0.315,-0.4
3.2813e-02,-0.265,-0.085
3.2814e-02,-0.325,-0.385
3.2816e-02,-0.275,-0.1
3.2818e-02,-0.275,-0.405
3.2819e-02,-0.265,-0.085
3.2821e-02,-0.25,-0.43
3.2822e-02,-0.3,-0.06
3.2824e-02,-0.22,-0.395
3.2826e-02,-0.21,-0.085
3.2827e-02,-0.165,-0.44
3.2829e-02,-0.255,-0.055
3.2830e-02,-0.15,-0.39
3.2832e-02,-0.305,-0.1
3.2834e-02,-0.16,-0.41
3.2835e-02,-0.24,-0.08
3.2837e-02,-0.245,-0.415
3.2838e-02,-0.265,-0.075
3.2840e-02,-0.245,-0.415
3.2842e-02,-0.265,-0.07
3.2843e-02,-0.235,-0.4
3.2845e-02,-0.375,-0.085
3.2846e-02,-0.235,-0.41
3.2848e-02,-0.17,-0.085
3.2850e-02,-0.19,-0.395
3.2851e-02,-0.165,-0.09
3.2853e-02,-0.32,-0.395
3.2854e-02,-0.3,-0.09
3.2856e-02,-0.26,-0.4
3.2858e-02,-0.27,-0.095
3.2859e-02,-0.21,-0.405
3.2861e-02,-0.23,-0.09
3.2862e-02,-0.28,-0.445
3.2864e-02,-0.24,-0.05
3.2866e-02,-0.26,-0.435
3.2867e-02,-0.23,-0.05
3.2869e-02,-0.205,-0.415
3.2870e-02,-0.33,-0.065
3.2872e-02,-0.155,-0.39
3.2874e-02,-0.275,-0.09
3.2875e-02,-0.155,-0.43
3.2877e-02,-0.265,-0.07
3.2878e-02,-0.26,-0.39
3.2880e-02,-0.14,-0.095
3.2882e-02,-0.18,-0.425
3.2883e-02,-0.18,-0.065
3.2885e-02,-0.29,-0.4
3.2886e-02,-0.245,-0.085
3.2888e-02,-0.26,-0.39
3.2890e-02,-0.275,-0.105
3.2891e-02,-0.255,-0.395
3.2893e-02,-0.33,-0.09
3.2894e-02,-0.24,-0.41
3.2896e-02,-0.34,-0.09
3.2898e-02,-0.195,-0.4
3.2899e-02,-0.31,-0.09
3.2901e-02,-0.195,-0.42
3.2902e-02,-0.26,-0.075
3.2904e-02,-0.23,-0.39
3.2906e-02,-0.18,-0.1
3.2907e-02,-0.23,-0.405
3.2909e-02,-0.235,-0.085
3.2910e-02,-0.27,-0.41
3.2912e-02,-0.26,-0.08
3.2914e-02,-0.215,-0.4
3.2915e-02,-0.27,-0.08
3.2917e-02,-0.305,-0.39
3.2918e-02,-0.3,-0.1
3.2920e-02,-0.25,-0.44
3.2922e-02,-0.26,-0.05
3.2923e-02,-0.25,-0.415
3.2925e-02,-0.355,-0.075
3.2926e-02,-0.285,-0.415
3.2928e-02,-0.275,-0.075
3.2930e-02,-0.29,-0.42
3.2931e-02,-0.25,-0.08
3.2933e-02,-0.315,-0.4
3.2934e-02,-0.27,-0.09
3.2936e-02,-0.225,-0.395
3.2938e-02,-0.19,-0.095
3.2939e-02,-0.15,-0.38
3.2941e-02,-0.2,-0.105
3.2942e-02,-0.13,-0.4
3.2944e-02,-0.22,-0.09
3.2946e-02,-0.115,-0.43
3.2947e-02,-0.205,-0.055
3.2949e-02,-0.125,-0.415
3.2950e-02,-0.245,-0.065
3.2952e-02,-0.285,-0.435
3.2954e-02,-0.21,-0.055
3.2955e-02,-0.305,-0.405
3.2957e-02,-0.235,-0.075
3.2958e-02,-0.32,-0.41
3.2960e-02,-0.305,-0.085
3.2962e-02,-0.175,-0.41
3.2963e-02,-0.265,-0.075
3.2965e-02,-0.2,-0.4
3.2966e-02,-0.3,-0.09
3.2968e-02,-0.175,-0.395
3.2970e-02,-0.205,-0.095
3.2971e-02,-0.175,-0.44
3.2973e-02,-0.23,-0.05
3.2974e-02,-0.225,-0.4
3.2976e-02,-0.225,-0.085
3.2978e-02,-0.235,-0.4
3.2979e-02,-0.17,-0.09
3.2981e-02,-0.25,-0.41
3.2982e-02,-0.22,-0.08
3.2984e-02,-0.225,-0.44
3.2986e-02,-0.265,-0.055
3.2987e-02,-0.19,-0.41
3.2989e-02,-0.215,-0.08
3.2990e-02,-0.28,-0.395
3.2992e-02,-0.265,-0.095
3.2994e-02,-0.315,-0.395
3.2995e-02,-0.195,-0.1
3.2997e-02,-0.22,-0.425
3.2998e-02,-0.225,-0.065
3.3000e-02,-0.26,-0.41
3.3002e-02,-0.24,-0.09
3.3003e-02,-0.16,-0.39
3.3005e-02,-0.185,-0.1
3.3006e-02,-0.185,-0.41
3.3008e-02,-0.28,-0.09
3.3010e-02,-0.13,-0.4
3.3011e-02,-0.2,-0.09
3.3013e-02,-0.105,-0.41
3.3014e-02,-0.275,-0.09
3.3016e-02,-0.255,-0.39
3.3018e-02,-0.245,-0.1
3.3019e-02,-0.275,-0.415
3.3021e-02,-0.22,-0.08
3.3022e-02,-0.27,-0.425
3.3024e-02,-0.28,-0.07
3.3026e-02,-0.175,-0.42
3.3027e-02,-0.22,-0.075
3.3029e-02,-0.165,-0.41
3.3030e-02,-0.22,-0.085
3.3032e-02,-0.28,-0.39
3.3034e-02,-0.265,-0.095
3.3035e-02,-0.25,-0.395
3.3037e-02,-0.25,-0.1
3.3038e-02,-0.22,-0.41
3.3040e-02,-0.29,-0.08
3.3042e-02,-0.22,-0.4
3.3043e-02,-0.25,-0.09
3.3045e-02,-0.195,-0.39
3.3046e-02,-0.225,-0.095
3.3048e-02,-0.3,-0.405
3.3050e-02,-0.225,-0.085
3.3051e-02,-0.26,-0.385
3.3053e-02,-0.21,-0.1
3.3054e-02,-0.3,-0.42
3.3056e-02,-0.25,-0.07
3.3058e-02,-0.275,-0.39
3.3059e-02,-0.195,-0.1
3.3061e-02,-0.245,-0.385
3.3062e-02,-0.21,-0.105
3.3064e-02,-0.225,-0.42
3.3066e-02,-0.205,-0.075
3.3067e-02,-0.27,-0.41
3.3069e-02,-0.17,-0.08
3.3070e-02,-0.285,-0.39
3.3072e-02,-0.27,-0.1
3.3074e-02,-0.27,-0.4
3.3075e-02,-0.255,-0.09
3.3077e-02,-0.215,-0.435
3.3078e-02,-0.2,-0.055
3.3080e-02,-0.3,-0.405
3.3082e-02,-0.24,-0.08
3.3083e-02,-0.255,-0.405
3.3085e-02,-0.26,-0.09
3.3086e-02,-0.27,-0.42
3.3088e-02,-0.385,-0.08
3.3090e-02,-0.29,-0.41
3.3091e-02,-0.25,-0.08
3.3093e-02,-0.25,-0.4
3.3094e-02,-0.17,-0.09
3.3096e-02,-0.3,-0.42
3.3098e-02,-0.225,-0.07
3.3099e-02,-0.205,-0.385
3.3101e-02,-0.265,-0.11
3.3102e-02,-0.2,-0.39
3.3104e-02,-0.335,-0.105
3.3106e-02,-0.245,-0.41
3.3107e-02,-0.2,-0.09
3.3109e-02,-0.21,-0.39
3.3110e-02,-0.215,-0.1
3.3112e-02,-0.29,-0.425
3.3114e-02,-0.26,-0.07
3.3115e-02,-0.32,-0.415
3.3117e-02,-0.235,-0.085
3.3118e-02,-0.235,-0.435
3.3120e-02,-0.265,-0.065
3.3122e-02,-0.285,-0.405
3.3123e-02,-0.325,-0.09
3.3125e-02,-0.21,-0.395
3.3126e-02,-0.24,-0.11
3.3128e-02,-0.275,-0.43
3.3130e-02,-0.225,-0.08
3.3131e-02,-0.18,-0.42
3.3133e-02,-0.135,-0.08
3.3134e-02,-0.19,-0.43
3.3136e-02,-0.29,-0.065
3.3138e-02,-0.23,-0.415
3.3139e-02,-0.245,-0.085
3.3141e-02,-0.24,-0.41
3.3142e-02,-0.315,-0.09
3.3144e-02,-0.23,-0.38
3.3146e-02,-0.32,-0.115
3.3147e-02,-0.245,-0.405
3.3149e-02,-0.29,-0.09
3.3150e-02,-0.225,-0.395
3.3152e-02,-0.235,-0.1
3.3154e-02,-0.28,-0.42
3.3155e-02,-0.255,-0.085
3.3157e-02,-0.26,-0.4
3.3158e-02,-0.195,-0.105
3.3160e-02,-0.295,-0.405
3.3162e-02,-0.27,-0.095
3.3163e-02,-0.265,-0.42
3.3165e-02,-0.21,-0.085
3.3166e-02,-0.27,-0.405
3.3168e-02,-0.15,-0.1
3.3170e-02,-0.325,-0.405
3.3171e-02,-0.19,-0.095
3.3173e-02,-0.19,-0.405
3.3174e-02,-0.305,-0.095
3.3176e-02,-0.235,-0.395
3.3178e-02,-0.35,-0.105
3.3179e-02,-0.235,-0.38
3.3181e-02,-0.23,-0.12
3.3182e-02,-0.28,-0.4
3.3184e-02,-0.29,-0.095
3.3186e-02,-0.205,-0.385
3.3187e-02,-0.2,-0.115
3.3189e-02,-0.145,-0.37
3.3190e-02,-0.23,-0.13
3.3192e-02,-0.225,-0.385
3.3194e-02,-0.155,-0.11
3.3195e-02,-0.22,-0.39
3.3197e-02,-0.21,-0.105
3.3198e-02,-0.31,-0.435
3.3200e-02,-0.28,-0.07
3.3202e-02,-0.285,-0.415
3.3203e-02,-0.28,-0.08
3.3205e-02,-0.29,-0.42
3.3206e-02,-0.2,-0.075
3.3208e-02,-0.27,-0.405
3.3210e-02,-0.165,-0.1
3.3211e-02,-0.24,-0.4
3.3213e-02,-0.17,-0.095
3.3214e-02,-0.23,-0.38
3.3216e-02,-0.23,-0.115
3.3218e-02,-0.325,-0.4
3.3219e-02,-0.26,-0.09
3.3221e-02,-0.265,-0.38
3.3222e-02,-0.3,-0.115
3.3224e-02,-0.36,-0.395
3.3226e-02,-0.235,-0.105
3.3227e-02,-0.22,-0.415
3.3229e-02,-0.22,-0.09
3.3230e-02,-0.295,-0.4
3.3232e-02,-0.335,-0.1
3.3234e-02,-0.2,-0.385
3.3235e-02,-0.31,-0.11
3.3237e-02,-0.35,-0.4
3.3238e-02,-0.335,-0.095
3.3240e-02,-0.315,-0.405
3.3242e-02,-0.28,-0.095
3.3243e-02,-0.32,-0.415
3.3245e-02,-0.235,-0.085
3.3246e-02,-0.32,-0.44
3.3248e-02,-0.235,-0.055
3.3250e-02,-0.21,-0.395
3.3251e-02,-0.275,-0.1
3.3253e-02,-0.14,-0.42
3.3254e-02,-0.305,-0.08
3.3256e-02,-0.22,-0.415
3.3258e-02,-0.22,-0.095
3.3259e-02,-0.185,-0.42
3.3261e-02,-0.24,-0.075
3.3262e-02,-0.21,-0.405
3.3264e-02,-0.29,-0.095
3.3266e-02,-0.25,-0.395
3.3267e-02,-0.205,-0.1
3.3269e-02,-0.32,-0.385
3.3270e-02,-0.31,-0.115
3.3272e-02,-0.295,-0.435
3.3274e-02,-0.33,-0.07
3.3275e-02,-0.275,-0.39
3.3277e-02,-0.295,-0.115
3.3278e-02,-0.335,-0.435
3.3280e-02,-0.265,-0.075
3.3282e-02,-0.205,-0.4
3.3283e-02,-0.285,-0.095
3.3285e-02,-0.28,-0.405
3.3286e-02,-0.22,-0.1
3.3288e-02,-0.305,-0.39
3.3290e-02,-0.23,-0.115
3.3291e-02,-0.27,-0.4
3.3293e-02,-0.27,-0.11
3.3294e-02,-0.265,-0.41
3.3296e-02,-0.205,-0.08
3.3298e-02,-0.255,-0.4
3.3299e-02,-0.185,-0.105
3.3301e-02,-0.23,-0.385
3.3302e-02,-0.27,-0.125
3.3304e-02,-0.235,-0.42
3.3306e-02,-0.215,-0.085
3.3307e-02,-0.285,-0.395
3.3309e-02,-0.26,-0.105
3.3310e-02,-0.32,-0.42
3.3312e-02,-0.27,-0.09
3.3314e-02,-0.22,-0.415
3.3315e-02,-0.18,-0.085
3.3317e-02,-0.32,-0.415
3.3318e-02,-0.22,-0.09
3.3320e-02,-0.265,-0.405
3.3322e-02,-0.28,-0.105
3.3323e-02,-0.24,-0.4
3.3325e-02,-0.26,-0.1
3.3326e-02,-0.245,-0.395
3.3328e-02,-0.14,-0.11
3.3330e-02,-0.215,-0.415
3.3331e-02,-0.23,-0.1
3.3333e-02,-0.28,-0.41
3.3334e-02,-0.275,-0.095
3.3336e-02,-0.28,-0.395
3.3338e-02,-0.195,-0.11
3.3339e-02,-0.245,-0.405
3.3341e-02,-0.29,-0.105
3.3342e-02,-0.23,-0.41
3.3344e-02,-0.275,-0.095
3.3346e-02,-0.155,-0.395
3.3347e-02,-0.25,-0.11
3.3349e-02,-0.285,-0.41
3.3350e-02,-0.285,-0.095
3.3352e-02,-0.235,-0.405
3.3354e-02,-0.285,-0.1
3.3355e-02,-0.215,-0.405
3.3357e-02,-0.355,-0.1
3.3358e-02,-0.285,-0.395
3.3360e-02,-0.26,-0.115
3.3362e-02,-0.275,-0.41
3.3363e-02,-0.3,-0.105
3.3365e-02,-0.26,-0.43
3.3366e-02,-0.215,-0.08
3.3368e-02,-0.22,-0.38
3.3370e-02,-0.175,-0.13
3.3371e-02,-0.295,-0.385
3.3373e-02,-0.205,-0.115
3.3374e-02,-0.21,-0.375
3.3376e-02,-0.24,-0.125
3.3378e-02,-0.27,-0.395
3.3379e-02,-0.325,-0.11
3.3381e-02,-0.33,-0.415
3.3382e-02,-0.21,-0.095
3.3384e-02,-0.31,-0.405
3.3386e-02,-0.21,-0.1
3.3387e-02,-0.31,-0.395
3.3389e-02,-0.27,-0.11
3.3390e-02,-0.305,-0.4
3.3392e-02,-0.19,-0.11
3.3394e-02,-0.255,-0.405
3.3395e-02,-0.345,-0.105
3.3397e-02,-0.235,-0.395
3.3398e-02,-0.305,-0.11
3.3400e-02,-0.18,-0.4
3.3402e-02,-0.235,-0.115
3.3403e-02,-0.235,-0.395
3.3405e-02,-0.165,-0.115
3.3406e-02,-0.16,-0.415
3.3408e-02,-0.21,-0.09
3.3410e-02,-0.24,-0.405
3.3411e-02,-0.365,-0.1
3.3413e-02,-0.285,-0.395
3.3414e-02,-0.2,-0.115
3.3416e-02,-0.3,-0.39
3.3418e-02,-0.27,-0.115
3.3419e-02,-0.265,-0.4
3.3421e-02,-0.305,-0.105
3.3422e-02,-0.15,-0.395
3.3424e-02,-0.22,-0.11
3.3426e-02,-0.215,-0.395
3.3427e-02,-0.21,-0.11
3.3429e-02,-0.27,-0.41
3.3430e-02,-0.195,-0.1
3.3432e-02,-0.245,-0.385
3.3434e-02,-0.2,-0.12
3.3435e-02,-0.325,-0.44
3.3437e-02,-0.295,-0.075
3.3438e-02,-0.255,-0.41
3.3440e-02,-0.215,-0.095
3.3442e-02,-0.275,-0.42
3.3443e-02,-0.21,-0.085
3.3445e-02,-0.27,-0.425
3.3446e-02,-0.14,-0.085
3.3448e-02,-0.2,-0.4
3.3450e-02,-0.2,-0.105
3.3451e-02,-0.24,-0.395
3.3453e-02,-0.21,-0.115
3.3454e-02,-0.235,-0.395
3.3456e-02,-0.255,-0.115
3.3458e-02,-0.295,-0.41
3.3459e-02,-0.245,-0.105
3.3461e-02,-0.24,-0.405
3.3462e-02,-0.28,-0.105
3.3464e-02,-0.3,-0.41
3.3466e-02,-0.335,-0.105
3.3467e-02,-0.235,-0.435
3.3469e-02,-0.21,-0.075
3.3470e-02,-0.27,-0.42
3.3472e-02,-0.23,-0.09
3.3474e-02,-0.3,-0.4
3.3475e-02,-0.295,-0.11
3.3477e-02,-0.31,-0.405
3.3478e-02,-0.325,-0.1
3.3480e-02,-0.28,-0.41
3.3482e-02,-0.305,-0.095
3.3483e-02,-0.24,-0.4
3.3485e-02,-0.28,-0.115
3.3486e-02,-0.29,-0.405
3.3488e-02,-0.25,-0.105
3.3490e-02,-0.26,-0.425
3.3491e-02,-0.17,-0.085
3.3493e-02,-0.185,-0.405
3.3494e-02,-0.24,-0.105
3.3496e-02,-0.225,-0.415
3.3498e-02,-0.315,-0.085
3.3499e-02,-0.225,-0.4
3.3501e-02,-0.275,-0.11
3.3502e-02,-0.24,-0.395
3.3504e-02,-0.31,-0.12
3.3506e-02,-0.275,-0.41
3.3507e-02,-0.275,-0.095
3.3509e-02,-0.275,-0.39
3.3510e-02,-0.275,-0.125
3.3512e-02,-0.25,-0.39
3.3514e-02,-0.28,-0.12
3.3515e-02,-0.25,-0.395
3.3517e-02,-0.315,-0.11
3.3518e-02,-0.335,-0.415
3.3520e-02,-0.285,-0.1
3.3522e-02,-0.255,-0.385
3.3523e-02,-0.32,-0.125
3.3525e-02,-0.255,-0.41
3.3526e-02,-0.315,-0.11
3.3528e-02,-0.2,-0.41
3.3530e-02,-0.205,-0.105
3.3531e-02,-0.155,-0.39
3.3533e-02,-0.25,-0.125
3.3534e-02,-0.275,-0.41
3.3536e-02,-0.26,-0.105
3.3538e-02,-0.245,-0.4
3.3539e-02,-0.255,-0.11
3.3541e-02,-0.3,-0.415
3.3542e-02,-0.305,-0.1
3.3544e-02,-0.31,-0.42
3.3546e-02,-0.27,-0.095
3.3547e-02,-0.3,-0.405
3.3549e-02,-0.255,-0.11
3.3550e-02,-0.255,-0.42
3.3552e-02,-0.24,-0.095
3.3554e-02,-0.195,-0.41
3.3555e-02,-0.245,-0.1
3.3557e-02,-0.275,-0.415
3.3558e-02,-0.27,-0.1
3.3560e-02,-0.32,-0.42
3.3562e-02,-0.235,-0.105
3.3563e-02,-0.33,-0.435
3.3565e-02,-0.315,-0.07
3.3566e-02,-0.32,-0.415
3.3568e-02,-0.32,-0.095
3.3570e-02,-0.175,-0.385
3.3571e-02,-0.305,-0.12
3.3573e-02,-0.245,-0.41
3.3574e-02,-0.245,-0.09
3.3576e-02,-0.2,-0.4
3.3578e-02,-0.145,-0.115
3.3579e-02,-0.2,-0.41
3.3581e-02,-0.275,-0.105
3.3582e-02,-0.215,-0.38
3.3584e-02,-0.26,-0.125
3.3586e-02,-0.29,-0.38
3.3587e-02,-0.3,-0.125
3.3589e-02,-0.355,-0.435
3.3590e-02,-0.195,-0.085
3.3592e-02,-0.275,-0.405
3.3594e-02,-0.21,-0.105
3.3595e-02,-0.305,-0.425
3.3597e-02,-0.28,-0.09
3.3598e-02,-0.295,-0.4
3.3600e-02,-0.225,-0.11
3.3602e-02,-0.31,-0.39
3.3603e-02,-0.24,-0.115
3.3605e-02,-0.335,-0.405
3.3606e-02,-0.285,-0.11
3.3608e-02,-0.205,-0.385
3.3610e-02,-0.245,-0.125
3.3611e-02,-0.17,-0.39
3.3613e-02,-0.27,-0.125
3.3614e-02,-0.18,-0.4
3.3616e-02,-0.185,-0.125
3.3618e-02,-0.195,-0.395
3.3619e-02,-0.245,-0.115
3.3621e-02,-0.24,-0.42
3.3622e-02,-0.27,-0.1
3.3624e-02,-0.14,-0.435
3.3626e-02,-0.35,-0.08
3.3627e-02,-0.25,-0.4
3.3629e-02,-0.285,-0.115
3.3630e-02,-0.225,-0.4
3.3632e-02,-0.155,-0.115
3.3634e-02,-0.215,-0.41
3.3635e-02,-0.26,-0.1
3.3637e-02,-0.265,-0.41
3.3638e-02,-0.29,-0.095
3.3640e-02,-0.24,-0.4
3.3642e-02,-0.3,-0.115
3.3643e-02,-0.3,-0.41
3.3645e-02,-0.235,-0.11
3.3646e-02,-0.21,-0.405
3.3648e-02,-0.17,-0.115
3.3650e-02,-0.245,-0.39
3.3651e-02,-0.26,-0.12
3.3653e-02,-0.26,-0.41
3.3654e-02,-0.26,-0.1
3.3656e-02,-0.255,-0.405
3.3658e-02,-0.33,-0.105
3.3659e-02,-0.325,-0.39
3.3661e-02,-0.265,-0.115
3.3662e-02,-0.225,-0.415
3.3664e-02,-0.235,-0.105
3.3666e-02,-0.3,-0.415
3.3667e-02,-0.31,-0.1
3.3669e-02,-0.26,-0.425
3.3670e-02,-0.305,-0.1
3.3672e-02,-0.3,-0.425
3.3674e-02,-0.355,-0.1
3.3675e-02,-0.29,-0.38
3.3677e-02,-0.27,-0.135
3.3678e-02,-0.235,-0.42
3.3680e-02,-0.255,-0.1
3.3682e-02,-0.295,-0.41
3.3683e-02,-0.265,-0.105
3.3685e-02,-0.27,-0.395
3.3686e-02,-0.17,-0.125
3.3688e-02,-0.205,-0.4
3.3690e-02,-0.23,-0.115
3.3691e-02,-0.29,-0.4
3.3693e-02,-0.315,-0.115
3.3694e-02,-0.255,-0.435
3.3696e-02,-0.26,-0.085
3.3698e-02,-0.255,-0.405
3.3699e-02,-0.305,-0.115
3.3701e-02,-0.29,-0.42
3.3702e-02,-0.23,-0.105
3.3704e-02,-0.21,-0.4
3.3706e-02,-0.29,-0.12
3.3707e-02,-0.3,-0.415
3.3709e-02,-0.33,-0.095
3.3710e-02,-0.245,-0.38
3.3712e-02,-0.305,-0.135
3.3714e-02,-0.295,-0.415
3.3715e-02,-0.31,-0.105
3.3717e-02,-0.22,-0.42
3.3718e-02,-0.21,-0.105
3.3720e-02,-0.2,-0.41
3.3722e-02,-0.235,-0.12
3.3723e-02,-0.225,-0.41
3.3725e-02,-0.225,-0.105
3.3726e-02,-0.26,-0.39
3.3728e-02,-0.275,-0.13
3.3730e-02,-0.245,-0.415
3.3731e-02,-0.305,-0.105
3.3733e-02,-0.265,-0.415
3.3734e-02,-0.33,-0.105
3.3736e-02,-0.255,-0.41
3.3738e-02,-0.285,-0.105
3.3739e-02,-0.28,-0.38
3.3741e-02,-0.355,-0.14
3.3742e-02,-0.245,-0.385
3.3744e-02,-0.3,-0.135
3.3746e-02,-0.245,-0.385
3.3747e-02,-0.315,-0.125
3.3749e-02,-0.27,-0.39
3.3750e-02,-0.19,-0.135
3.3752e-02,-0.305,-0.405
3.3754e-02,-0.23,-0.12
3.3755e-02,-0.285,-0.41
3.3757e-02,-0.235,-0.105
3.3758e-02,-0.21,-0.405
3.3760e-02,-0.33,-0.115
3.3762e-02,-0.23,-0.395
3.3763e-02,-0.255,-0.13
3.3765e-02,-0.24,-0.39
3.3766e-02,-0.25,-0.125
3.3768e-02,-0.29,-0.415
3.3770e-02,-0.235,-0.105
3.3771e-02,-0.255,-0.425
3.3773e-02,-0.275,-0.095
3.3774e-02,-0.245,-0.41
3.3776e-02,-0.31,-0.115
3.3778e-02,-0.24,-0.415
3.3779e-02,-0.295,-0.105
3.3781e-02,-0.215,-0.415
3.3782e-02,-0.28,-0.105
3.3784e-02,-0.205,-0.43
3.3786e-02,-0.23,-0.1
3.3787e-02,-0.27,-0.415
3.3789e-02,-0.22,-0.12
3.3790e-02,-0.295,-0.425
3.3792e-02,-0.24,-0.1
3.3794e-02,-0.27,-0.395
3.3795e-02,-0.295,-0.13
3.3797e-02,-0.215,-0.395
3.3798e-02,-0.245,-0.12
3.3800e-02,-0.29,-0.395
3.3802e-02,-0.33,-0.115
3.3803e-02,-0.265,-0.425
3.3805e-02,-0.265,-0.095
3.3806e-02,-0.255,-0.415
3.3808e-02,-0.29,-0.105
3.3810e-02,-0.2,-0.405
3.3811e-02,-0.16,-0.12
3.3813e-02,-0.24,-0.4
3.3814e-02,-0.18,-0.13
3.3816e-02,-0.335,-0.415
3.3818e-02,-0.255,-0.105
3.3819e-02,-0.255,-0.43
3.3821e-02,-0.29,-0.09
3.3822e-02,-0.195,-0.42
3.3824e-02,-0.36,-0.115
3.3826e-02,-0.27,-0.42
3.3827e-02,-0.345,-0.1
3.3829e-02,-0.21,-0.44
3.3830e-02,-0.215,-0.085
3.3832e-02,-0.2,-0.415
3.3834e-02,-0.35,-0.105
3.3835e-02,-0.27,-0.39
3.3837e-02,-0.22,-0.13
3.3838e-02,-0.205,-0.41
3.3840e-02,-0.2,-0.115
3.3842e-02,-0.3,-0.4
3.3843e-02,-0.255,-0.12
3.3845e-02,-0.2,-0.41
3.3846e-02,-0.24,-0.105
3.3848e-02,-0.2,-0.405
3.3850e-02,-0.32,-0.12
3.3851e-02,-0.27,-0.39
3.3853e-02,-0.23,-0.13
3.3854e-02,-0.225,-0.395
3.3856e-02,-0.24,-0.125
3.3858e-02,-0.28,-0.385
3.3859e-02,-0.24,-0.135
3.3861e-02,-0.34,-0.415
3.3862e-02,-0.205,-0.11
3.3864e-02,-0.32,-0.39
3.3866e-02,-0.18,-0.13
3.3867e-02,-0.265,-0.42
3.3869e-02,-0.245,-0.095
3.3870e-02,-0.26,-0.41
3.3872e-02,-0.29,-0.11
3.3874e-02,-0.24,-0.395
3.3875e-02,-0.23,-0.12
3.3877e-02,-0.23,-0.42
3.3878e-02,-0.185,-0.095
3.3880e-02,-0.29,-0.41
3.3882e-02,-0.22,-0.11
3.3883e-02,-0.29,-0.445
3.3885e-02,-0.235,-0.075
3.3886e-02,-0.285,-0.41
3.3888e-02,-0.265,-0.115
3.3890e-02,-0.295,-0.395
3.3891e-02,-0.25,-0.125
3.3893e-02,-0.125,-0.41
3.3894e-02,-0.25,-0.115
3.3896e-02,-0.2,-0.42
3.3898e-02,-0.29,-0.105
3.3899e-02,-0.2,-0.42
3.3901e-02,-0.18,-0.105
3.3902e-02,-0.24,-0.43
3.3904e-02,-0.245,-0.09
3.3906e-02,-0.225,-0.42
3.3907e-02,-0.275,-0.11
3.3909e-02,-0.29,-0.4
3.3910e-02,-0.3,-0.12
3.3912e-02,-0.36,-0.425
3.3914e-02,-0.21,-0.105
3.3915e-02,-0.3,-0.405
3.3917e-02,-0.23,-0.115
3.3918e-02,-0.365,-0.395
3.3920e-02,-0.24,-0.13
3.3922e-02,-0.31,-0.435
3.3923e-02,-0.235,-0.09
3.3925e-02,-0.255,-0.405
3.3926e-02,-0.325,-0.12
3.3928e-02,-0.3,-0.39
3.3930e-02,-0.395,-0.125
3.3931e-02,-0.2,-0.425
3.3933e-02,-0.26,-0.1
3.3934e-02,-0.195,-0.41
3.3936e-02,-0.315,-0.13
3.3938e-02,-0.215,-0.405
3.3939e-02,-0.245,-0.11
3.3941e-02,-0.24,-0.395
3.3942e-02,-0.315,-0.135
3.3944e-02,-0.315,-0.41
3.3946e-02,-0.18,-0.12
3.3947e-02,-0.27,-0.4
3.3949e-02,-0.18,-0.13
3.3950e-02,-0.395,-0.43
3.3952e-02,-0.29,-0.1
3.3954e-02,-0.25,-0.42
3.3955e-02,-0.32,-0.11
3.3957e-02,-0.24,-0.42
3.3958e-02,-0.35,-0.11
3.3960e-02,-0.215,-0.415
3.3962e-02,-0.22,-0.115
3.3963e-02,-0.25,-0.41
3.3965e-02,-0.2,-0.115
3.3966e-02,-0.245,-0.395
3.3968e-02,-0.27,-0.135
3.3970e-02,-0.26,-0.39
3.3971e-02,-0.305,-0.135
3.3973e-02,-0.3,-0.4
3.3974e-02,-0.31,-0.13
3.3976e-02,-0.325,-0.43
3.3978e-02,-0.255,-0.105
3.3979e-02,-0.245,-0.405
3.3981e-02,-0.26,-0.125
3.3982e-02,-0.22,-0.405
3.3984e-02,-0.32,-0.125
3.3986e-02,-0.19,-0.43
3.3987e-02,-0.23,-0.095
3.3989e-02,-0.255,-0.42
3.3990e-02,-0.325,-0.105
3.3992e-02,-0.295,-0.42
3.3994e-02,-0.3,-0.11
3.3995e-02,-0.29,-0.425
3.3997e-02,-0.29,-0.1
3.3998e-02,-0.295,-0.44
3.4000e-02,-0.265,-0.105
3.4002e-02,-0.18,-0.405
3.4003e-02,-0.215,-0.125
3.4005e-02,-0.185,-0.395
3.4006e-02,-0.275,-0.125
3.4008e-02,-0.335,-0.42
3.4010e-02,-0.255,-0.1
3.4011e-02,-0.34,-0.42
3.4013e-02,-0.22,-0.115
3.4014e-02,-0.33,-0.44
3.4016e-02,-0.27,-0.095
3.4018e-02,-0.24,-0.42
3.4019e-02,-0.27,-0.12
3.4021e-02,-0.265,-0.395
3.4022e-02,-0.305,-0.13
3.4024e-02,-0.255,-0.4
3.4026e-02,-0.24,-0.12
3.4027e-02,-0.23,-0.405
3.4029e-02,-0.265,-0.12
3.4030e-02,-0.26,-0.415
3.4032e-02,-0.2,-0.125
3.4034e-02,-0.265,-0.39
3.4035e-02,-0.3,-0.14
3.4037e-02,-0.295,-0.4
3.4038e-02,-0.295,-0.125
3.4040e-02,-0.205,-0.415
3.4042e-02,-0.195,-0.115
3.4043e-02,-0.265,-0.415
3.4045e-02,-0.26,-0.11
3.4046e-02,-0.325,-0.43
3.4048e-02,-0.3,-0.105
3.4050e-02,-0.28,-0.43
3.4051e-02,-0.23,-0.1
3.4053e-02,-0.21,-0.41
3.4054e-02,-0.32,-0.115
3.4056e-02,-0.29,-0.415
3.4058e-02,-0.275,-0.11
3.4059e-02,-0.215,-0.42
3.4061e-02,-0.195,-0.11
3.4062e-02,-0.275,-0.405
3.4064e-02,-0.22,-0.115
3.4066e-02,-0.265,-0.44
3.4067e-02,-0.14,-0.085
3.4069e-02,-0.325,-0.425
3.4070e-02,-0.255,-0.115
3.4072e-02,-0.235,-0.415
3.4074e-02,-0.255,-0.105
3.4075e-02,-0.18,-0.415
3.4077e-02,-0.365,-0.11
3.4078e-02,-0.295,-0.405
3.4080e-02,-0.28,-0.12
3.4082e-02,-0.23,-0.4
3.4083e-02,-0.285,-0.135
3.4085e-02,-0.145,-0.415
3.4086e-02,-0.31,-0.11
3.4088e-02,-0.21,-0.415
3.4090e-02,-0.25,-0.11
3.4091e-02,-0.205,-0.415
3.4093e-02,-0.25,-0.11
3.4094e-02,-0.245,-0.445
3.4096e-02,-0.285,-0.085
3.4098e-02,-0.21,-0.395
3.4099e-02,-0.28,-0.13
3.4101e-02,-0.285,-0.415
3.4102e-02,-0.375,-0.115
3.4104e-02,-0.32,-0.415
3.4106e-02,-0.3,-0.12
3.4107e-02,-0.17,-0.42
3.4109e-02,-0.255,-0.11
3.4110e-02,-0.26,-0.395
3.4112e-02,-0.215,-0.13
3.4114e-02,-0.275,-0.405
3.4115e-02,-0.235,-0.125
3.4117e-02,-0.255,-0.385
3.4118e-02,-0.31,-0.145
3.4120e-02,-0.305,-0.43
3.4122e-02,-0.295,-0.105
3.4123e-02,-0.285,-0.425
3.4125e-02,-0.2,-0.11
3.4126e-02,-0.23,-0.42
3.4128e-02,-0.215,-0.12
3.4130e-02,-0.205,-0.405
3.4131e-02,-0.215,-0.125
3.4133e-02,-0.275,-0.405
3.4134e-02,-0.275,-0.13
3.4136e-02,-0.325,-0.39
3.4138e-02,-0.22,-0.145
3.4139e-02,-0.195,-0.4
3.4141e-02,-0.29,-0.13
3.4142e-02,-0.275,-0.41
3.4144e-02,-0.185,-0.125
3.4146e-02,-0.225,-0.445
3.4147e-02,-0.155,-0.09
3.4149e-02,-0.245,-0.405
3.4150e-02,-0.21,-0.13
3.4152e-02,-0.185,-0.435
3.4154e-02,-0.19,-0.105
3.4155e-02,-0.165,-0.41
3.4157e-02,-0.265,-0.125
3.4158e-02,-0.2,-0.41
3.4160e-02,-0.28,-0.12
3.4162e-02,-0.275,-0.415
3.4163e-02,-0.295,-0.125
3.4165e-02,-0.295,-0.425
3.4166e-02,-0.315,-0.115
3.4168e-02,-0.315,-0.45
3.4170e-02,-0.255,-0.09
3.4171e-02,-0.25,-0.43
3.4173e-02,-0.255,-0.115
3.4174e-02,-0.235,-0.435
3.4176e-02,-0.345,-0.1
3.4178e-02,-0.25,-0.41
3.4179e-02,-0.28,-0.125
3.4181e-02,-0.35,-0.4
3.4182e-02,-0.36,-0.13
3.4184e-02,-0.245,-0.41
3.4186e-02,-0.195,-0.13
3.4187e-02,-0.22,-0.395
3.4189e-02,-0.2,-0.14
3.4190e-02,-0.335,-0.415
3.4192e-02,-0.305,-0.125
3.4194e-02,-0.305,-0.41
3.4195e-02,-0.265,-0.125
3.4197e-02,-0.3,-0.39
3.4198e-02,-0.3,-0.14
3.4200e-02,-0.22,-0.39
3.4202e-02,-0.245,-0.145
3.4203e-02,-0.29,-0.415
3.4205e-02,-0.285,-0.13
3.4206e-02,-0.325,-0.41
3.4208e-02,-0.28,-0.125
3.4210e-02,-0.37,-0.405
3.4211e-02,-0.255,-0.135
3.4213e-02,-0.285,-0.405
3.4214e-02,-0.28,-0.125
3.4216e-02,-0.265,-0.425
3.4218e-02,-0.22,-0.11
3.4219e-02,-0.295,-0.425
3.4221e-02,-0.21,-0.115
3.4222e-02,-0.295,-0.415
3.4224e-02,-0.295,-0.125
3.4226e-02,-0.33,-0.42
3.4227e-02,-0.205,-0.115
3.4229e-02,-0.28,-0.405
3.4230e-02,-0.33,-0.13
3.4232e-02,-0.27,-0.41
3.4234e-02,-0.25,-0.13
3.4235e-02,-0.295,-0.41
3.4237e-02,-0.29,-0.13
3.4238e-02,-0.35,-0.425
3.4240e-02,-0.35,-0.12
3.4242e-02,-0.295,-0.4
3.4243e-02,-0.375,-0.14
3.4245e-02,-0.32,-0.43
3.4246e-02,-0.35,-0.105
3.4248e-02,-0.255,-0.395
3.4250e-02,-0.29,-0.135
3.4251e-02,-0.26,-0.425
3.4253e-02,-0.245,-0.115
3.4254e-02,-0.32,-0.415
3.4256e-02,-0.365,-0.12
3.4258e-02,-0.295,-0.44
3.4259e-02,-0.305,-0.1
3.4261e-02,-0.325,-0.445
3.4262e-02,-0.25,-0.095
3.4264e-02,-0.325,-0.455
3.4266e-02,-0.335,-0.085
3.4267e-02,-0.135,-0.435
3.4269e-02,-0.28,-0.095
3.4270e-02,-0.22,-0.41
3.4272e-02,-0.255,-0.125
3.4274e-02,-0.23,-0.445
3.4275e-02,-0.2,-0.085
3.4277e-02,-0.25,-0.455
3.4278e-02,-0.3,-0.09
3.4280e-02,-0.33,-0.42
3.4282e-02,-0.29,-0.12
3.4283e-02,-0.265,-0.455
3.4285e-02,-0.33,-0.085
3.4286e-02,-0.275,-0.43
3.4288e-02,-0.31,-0.105
3.4290e-02,-0.32,-0.405
3.4291e-02,-0.22,-0.13
3.4293e-02,-0.26,-0.41
3.4294e-02,-0.285,-0.13
3.4296e-02,-0.235,-0.42
3.4298e-02,-0.295,-0.12
3.4299e-02,-0.2,-0.405
3.4301e-02,-0.24,-0.13
3.4302e-02,-0.26,-0.41
3.4304e-02,-0.265,-0.125
3.4306e-02,-0.3,-0.42
3.4307e-02,-0.245,-0.115
3.4309e-02,-0.255,-0.41
3.4310e-02,-0.24,-0.13
3.4312e-02,-0.355,-0.41
3.4314e-02,-0.225,-0.12
3.4315e-02,-0.285,-0.415
3.4317e-02,-0.27,-0.115
3.4318e-02,-0.21,-0.4
3.4320e-02,-0.325,-0.135
3.4322e-02,-0.24,-0.44
3.4323e-02,-0.315,-0.105
3.4325e-02,-0.295,-0.435
3.4326e-02,-0.28,-0.1
3.4328e-02,-0.325,-0.42
3.4330e-02,-0.35,-0.12
3.4331e-02,-0.27,-0.415
3.4333e-02,-0.26,-0.13
3.4334e-02,-0.17,-0.405
3.4336e-02,-0.27,-0.135
3.4338e-02,-0.24,-0.415
3.4339e-02,-0.255,-0.12
3.4341e-02,-0.185,-0.4
3.4342e-02,-0.325,-0.125
3.4344e-02,-0.255,-0.42
3.4346e-02,-0.28,-0.125
3.4347e-02,-0.26,-0.44
3.4349e-02,-0.165,-0.095
3.4350e-02,-0.33,-0.42
3.4352e-02,-0.25,-0.11
3.4354e-02,-0.35,-0.435
3.4355e-02,-0.275,-0.1
3.4357e-02,-0.32,-0.42
3.4358e-02,-0.23,-0.115
3.4360e-02,-0.325,-0.44
3.4362e-02,-0.24,-0.09
3.4363e-02,-0.38,-0.41
3.4365e-02,-0.285,-0.135
3.4366e-02,-0.26,-0.42
3.4368e-02,-0.355,-0.115
3.4370e-02,-0.28,-0.425
3.4371e-02,-0.34,-0.115
3.4373e-02,-0.195,-0.425
3.4374e-02,-0.135,-0.11
3.4376e-02,-0.2,-0.42
3.4378e-02,-0.275,-0.12
3.4379e-02,-0.225,-0.42
3.4381e-02,-0.31,-0.115
3.4382e-02,-0.215,-0.415
3.4384e-02,-0.335,-0.125
3.4386e-02,-0.28,-0.425
3.4387e-02,-0.33,-0.12
3.4389e-02,-0.27,-0.43
3.4390e-02,-0.27,-0.11
3.4392e-02,-0.24,-0.42
3.4394e-02,-0.305,-0.13
3.4395e-02,-0.23,-0.42
3.4397e-02,-0.355,-0.125
3.4398e-02,-0.245,-0.415
3.4400e-02,-0.3,-0.13
3.4402e-02,-0.375,-0.43
3.4403e-02,-0.32,-0.12
3.4405e-02,-0.33,-0.44
3.4406e-02,-0.275,-0.115
3.4408e-02,-0.21,-0.425
3.4410e-02,-0.36,-0.11
3.4411e-02,-0.285,-0.41
3.4413e-02,-0.33,-0.13
3.4414e-02,-0.285,-0.42
3.4416e-02,-0.255,-0.12
3.4418e-02,-0.305,-0.42
3.4419e-02,-0.33,-0.12
3.4421e-02,-0.27,-0.41
3.4422e-02,-0.305,-0.135
3.4424e-02,-0.245,-0.405
3.4426e-02,-0.26,-0.135
3.4427e-02,-0.3,-0.415
3.4429e-02,-0.3,-0.13
3.4430e-02,-0.31,-0.41
3.4432e-02,-0.275,-0.13
3.4434e-02,-0.205,-0.425
3.4435e-02,-0.27,-0.115
3.4437e-02,-0.235,-0.44
3.4438e-02,-0.2,-0.105
3.4440e-02,-0.2,-0.41
3.4442e-02,-0.2,-0.13
3.4443e-02,-0.29,-0.425
3.4445e-02,-0.265,-0.115
3.4446e-02,-0.295,-0.44
3.4448e-02,-0.225,-0.11
3.4450e-02,-0.3,-0.435
3.4451e-02,-0.3,-0.105
3.4453e-02,-0.335,-0.42
3.4454e-02,-0.225,-0.12
3.4456e-02,-0.25,-0.41
3.4458e-02,-0.21,-0.125
3.4459e-02,-0.3,-0.415
3.4461e-02,-0.25,-0.13
3.4462e-02,-0.245,-0.42
3.4464e-02,-0.295,-0.12
3.4466e-02,-0.27,-0.42
3.4467e-02,-0.295,-0.12
3.4469e-02,-0.35,-0.42
3.4470e-02,-0.305,-0.115
3.4472e-02,-0.31,-0.415
3.4474e-02,-0.27,-0.12
3.4475e-02,-0.28,-0.415
3.4477e-02,-0.25,-0.12
3.4478e-02,-0.31,-0.405
3.4480e-02,-0.21,-0.135
3.4482e-02,-0.225,-0.42
3.4483e-02,-0.235,-0.12
3.4485e-02,-0.295,-0.425
3.4486e-02,-0.255,-0.12
3.4488e-02,-0.2,-0.41
3.4490e-02,-0.26,-0.135
3.4491e-02,-0.22,-0.41
3.4493e-02,-0.265,-0.135
3.4494e-02,-0.23,-0.425
3.4496e-02,-0.15,-0.125
3.4498e-02,-0.2,-0.42
3.4499e-02,-0.195,-0.125
3.4501e-02,-0.245,-0.45
3.4502e-02,-0.195,-0.09
3.4504e-02,-0.235,-0.46
3.4506e-02,-0.255,-0.085
3.4507e-02,-0.245,-0.47
3.4509e-02,-0.315,-0.08
3.4510e-02,-0.23,-0.42
3.4512e-02,-0.33,-0.12
3.4514e-02,-0.165,-0.41
3.4515e-02,-0.26,-0.13
3.4517e-02,-0.265,-0.42
3.4518e-02,-0.26,-0.12
3.4520e-02,-0.29,-0.425
3.4522e-02,-0.25,-0.12
3.4523e-02,-0.24,-0.445
3.4525e-02,-0.34,-0.105
3.4526e-02,-0.315,-0.42
3.4528e-02,-0.285,-0.125
3.4530e-02,-0.24,-0.41
3.4531e-02,-0.235,-0.135
3.4533e-02,-0.265,-0.415
3.4534e-02,-0.255,-0.13
3.4536e-02,-0.18,-0.41
3.4538e-02,-0.245,-0.14
3.4539e-02,-0.225,-0.405
3.4541e-02,-0.265,-0.145
3.4542e-02,-0.32,-0.415
3.4544e-02,-0.2,-0.13
3.4546e-02,-0.3,-0.425
3.4547e-02,-0.3,-0.13
3.4549e-02,-0.23,-0.43
3.4550e-02,-0.315,-0.125
3.4552e-02,-0.225,-0.435
3.4554e-02,-0.21,-0.115
3.4555e-02,-0.29,-0.425
3.4557e-02,-0.28,-0.13
3.4558e-02,-0.4,-0.445
3.4560e-02,-0.305,-0.105
3.4562e-02,-0.27,-0.405
3.4563e-02,-0.325,-0.14
3.4565e-02,-0.31,-0.415
3.4566e-02,-0.325,-0.13
3.4568e-02,-0.275,-0.425
3.4570e-02,-0.27,-0.13
3.4571e-02,-0.23,-0.42
3.4573e-02,-0.355,-0.135
3.4574e-02,-0.275,-0.435
3.4576e-02,-0.315,-0.115
3.4578e-02,-0.31,-0.45
3.4579e-02,-0.25,-0.105
3.4581e-02,-0.315,-0.44
3.4582e-02,-0.325,-0.115
3.4584e-02,-0.29,-0.43
3.4586e-02,-0.26,-0.115
3.4587e-02,-0.265,-0.45
3.4589e-02,-0.19,-0.095
3.4590e-02,-0.315,-0.43
3.4592e-02,-0.21,-0.12
3.4594e-02,-0.275,-0.43
3.4595e-02,-0.215,-0.115
3.4597e-02,-0.285,-0.41
3.4598e-02,-0.355,-0.135
3.4600e-02,-0.285,-0.41
3.4602e-02,-0.265,-0.135
3.4603e-02,-0.25,-0.42
3.4605e-02,-0.31,-0.125
3.4606e-02,-0.25,-0.425
3.4608e-02,-0.265,-0.13
3.4610e-02,-0.285,-0.445
3.4611e-02,-0.255,-0.105
3.4613e-02,-0.39,-0.415
3.4614e-02,-0.3,-0.13
3.4616e-02,-0.355,-0.405
3.4618e-02,-0.345,-0.135
3.4619e-02,-0.26,-0.415
3.4621e-02,-0.345,-0.13
3.4622e-02,-0.22,-0.43
3.4624e-02,-0.305,-0.115
3.4626e-02,-0.275,-0.43
3.4627e-02,-0.23,-0.115
3.4629e-02,-0.245,-0.415
3.4630e-02,-0.265,-0.135
3.4632e-02,-0.32,-0.45
3.4634e-02,-0.275,-0.105
3.4635e-02,-0.26,-0.435
3.4637e-02,-0.315,-0.11
3.4638e-02,-0.32,-0.44
3.4640e-02,-0.34,-0.1
3.4642e-02,-0.26,-0.43
3.4643e-02,-0.235,-0.115
3.4645e-02,-0.245,-0.405
3.4646e-02,-0.27,-0.14
3.4648e-02,-0.22,-0.41
3.4650e-02,-0.21,-0.13
3.4651e-02,-0.21,-0.425
3.4653e-02,-0.28,-0.12
3.4654e-02,-0.195,-0.42
3.4656e-02,-0.36,-0.13
3.4658e-02,-0.225,-0.415
3.4659e-02,-0.31,-0.125
3.4661e-02,-0.265,-0.415
3.4662e-02,-0.32,-0.13
3.4664e-02,-0.31,-0.41
3.4666e-02,-0.285,-0.13
3.4667e-02,-0.215,-0.41
3.4669e-02,-0.285,-0.13
3.4670e-02,-0.295,-0.405
3.4672e-02,-0.355,-0.145
3.4674e-02,-0.355,-0.44
3.4675e-02,-0.265,-0.11
3.4677e-02,-0.32,-0.425
3.4678e-02,-0.35,-0.125
3.4680e-02,-0.235,-0.4
3.4682e-02,-0.295,-0.15
3.4683e-02,-0.235,-0.44
3.4685e-02,-0.22,-0.105
3.4686e-02,-0.275,-0.425
3.4688e-02,-0.21,-0.125
3.4690e-02,-0.34,-0.415
3.4691e-02,-0.28,-0.13
3.4693e-02,-0.26,-0.43
3.4694e-02,-0.3,-0.125
3.4696e-02,-0.27,-0.425
3.4698e-02,-0.275,-0.12
3.4699e-02,-0.245,-0.41
3.4701e-02,-0.175,-0.135
3.4702e-02,-0.245,-0.42
3.4704e-02,-0.29,-0.135
3.4706e-02,-0.27,-0.425
3.4707e-02,-0.215,-0.125
3.4709e-02,-0.245,-0.435
3.4710e-02,-0.205,-0.125
3.4712e-02,-0.255,-0.425
3.4714e-02,-0.24,-0.125
3.4715e-02,-0.205,-0.42
3.4717e-02,-0.225,-0.13
3.4718e-02,-0.215,-0.435
3.4720e-02,-0.225,-0.12
3.4722e-02,-0.28,-0.45
3.4723e-02,-0.245,-0.1
3.4725e-02,-0.28,-0.435
3.4726e-02,-0.225,-0.115
3.4728e-02,-0.235,-0.435
3.4730e-02,-0.25,-0.115
3.4731e-02,-0.33,-0.43
3.4733e-02,-0.22,-0.125
3.4734e-02,-0.265,-0.43
3.4736e-02,-0.22,-0.125
3.4738e-02,-0.295,-0.42
3.4739e-02,-0.355,-0.13
3.4741e-02,-0.31,-0.425
3.4742e-02,-0.3,-0.13
3.4744e-02,-0.36,-0.42
3.4746e-02,-0.27,-0.14
3.4747e-02,-0.33,-0.415
3.4749e-02,-0.28,-0.135
3.4750e-02,-0.205,-0.405
3.4752e-02,-0.265,-0.15
3.4754e-02,-0.21,-0.43
3.4755e-02,-0.275,-0.13
3.4757e-02,-0.265,-0.43
3.4758e-02,-0.265,-0.125
3.4760e-02,-0.255,-0.43
3.4762e-02,-0.255,-0.125
3.4763e-02,-0.285,-0.43
3.4765e-02,-0.28,-0.13
3.4766e-02,-0.23,-0.41
3.4768e-02,-0.19,-0.145
3.4770e-02,-0.315,-0.42
3.4771e-02,-0.305,-0.14
3.4773e-02,-0.28,-0.425
3.4774e-02,-0.33,-0.125
3.4776e-02,-0.215,-0.41
3.4778e-02,-0.335,-0.14
3.4779e-02,-0.295,-0.42
3.4781e-02,-0.28,-0.13
3.4782e-02,-0.275,-0.42
3.4784e-02,-0.26,-0.135
3.4786e-02,-0.19,-0.435
3.4787e-02,-0.275,-0.115
3.4789e-02,-0.195,-0.405
3.4790e-02,-0.31,-0.145
3.4792e-02,-0.22,-0.405
3.4794e-02,-0.205,-0.145
3.4795e-02,-0.2,-0.405
3.4797e-02,-0.275,-0.15
3.4798e-02,-0.21,-0.44
3.4800e-02,-0.2,-0.12
3.4802e-02,-0.19,-0.42
3.4803e-02,-0.265,-0.13
3.4805e-02,-0.285,-0.42
3.4806e-02,-0.325,-0.13
3.4808e-02,-0.18,-0.41
3.4810e-02,-0.29,-0.14
3.4811e-02,-0.23,-0.43
3.4813e-02,-0.27,-0.12
3.4814e-02,-0.225,-0.45
3.4816e-02,-0.24,-0.105
3.4818e-02,-0.265,-0.445
3.4819e-02,-0.345,-0.105
3.4821e-02,-0.32,-0.41
3.4822e-02,-0.395,-0.14
3.4824e-02,-0.335,-0.435
3.4826e-02,-0.29,-0.115
3.4827e-02,-0.245,-0.42
3.4829e-02,-0.315,-0.13
3.4830e-02,-0.28,-0.42
3.4832e-02,-0.295,-0.13
3.4834e-02,-0.28,-0.415
3.4835e-02,-0.32,-0.135
3.4837e-02,-0.3,-0.455
3.4838e-02,-0.41,-0.095
3.4840e-02,-0.26,-0.46
3.4842e-02,-0.32,-0.095
3.4843e-02,-0.26,-0.43
3.4845e-02,-0.255,-0.125
3.4846e-02,-0.34,-0.42
3.4848e-02,-0.26,-0.13
3.4850e-02,-0.33,-0.435
3.4851e-02,-0.285,-0.115
3.4853e-02,-0.385,-0.405
3.4854e-02,-0.23,-0.15
3.4856e-02,-0.305,-0.415
3.4858e-02,-0.27,-0.14
3.4859e-02,-0.245,-0.42
3.4861e-02,-0.27,-0.135
3.4862e-02,-0.335,-0.42
3.4864e-02,-0.285,-0.125
3.4866e-02,-0.31,-0.435
3.4867e-02,-0.27,-0.12
3.4869e-02,-0.31,-0.415
3.4870e-02,-0.305,-0.13
3.4872e-02,-0.28,-0.41
3.4874e-02,-0.215,-0.14
3.4875e-02,-0.22,-0.415
3.4877e-02,-0.365,-0.14
3.4878e-02,-0.26,-0.4
3.4880e-02,-0.28,-0.15
3.4882e-02,-0.185,-0.445
3.4883e-02,-0.235,-0.1
3.4885e-02,-0.195,-0.435
3.4886e-02,-0.325,-0.115
3.4888e-02,-0.28,-0.42
3.4890e-02,-0.305,-0.14
3.4891e-02,-0.265,-0.415
3.4893e-02,-0.28,-0.135
3.4894e-02,-0.225,-0.45
3.4896e-02,-0.28,-0.105
3.4898e-02,-0.295,-0.425
3.4899e-02,-0.26,-0.13
3.4901e-02,-0.255,-0.44
3.4902e-02,-0.31,-0.115
3.4904e-02,-0.4,-0.42
3.4906e-02,-0.28,-0.135
3.4907e-02,-0.325,-0.44
3.4909e-02,-0.26,-0.12
3.4910e-02,-0.285,-0.44
3.4912e-02,-0.295,-0.115
3.4914e-02,-0.255,-0.45
3.4915e-02,-0.275,-0.105
3.4917e-02,-0.245,-0.425
3.4918e-02,-0.33,-0.13
3.4920e-02,-0.265,-0.435
3.4922e-02,-0.265,-0.12
3.4923e-02,-0.315,-0.425
3.4925e-02,-0.295,-0.13
3.4926e-02,-0.285,-0.43
3.4928e-02,-0.395,-0.12
3.4930e-02,-0.355,-0.435
3.4931e-02,-0.365,-0.12
3.4933e-02,-0.275,-0.435
3.4934e-02,-0.3,-0.12
3.4936e-02,-0.31,-0.415
3.4938e-02,-0.26,-0.14
3.4939e-02,-0.28,-0.41
3.4941e-02,-0.23,-0.15
3.4942e-02,-0.26,-0.425
3.4944e-02,-0.285,-0.135
3.4946e-02,-0.33,-0.45
3.4947e-02,-0.255,-0.11
3.4949e-02,-0.21,-0.415
3.4950e-02,-0.265,-0.135
3.4952e-02,-0.235,-0.43
3.4954e-02,-0.22,-0.125
3.4955e-02,-0.26,-0.43
3.4957e-02,-0.3,-0.12
3.4958e-02,-0.24,-0.44
3.4960e-02,-0.28,-0.115
3.4962e-02,-0.345,-0.43
3.4963e-02,-0.28,-0.13
3.4965e-02,-0.285,-0.45
3.4966e-02,-0.2,-0.11
3.4968e-02,-0.285,-0.41
3.4970e-02,-0.31,-0.145
3.4971e-02,-0.265,-0.4
3.4973e-02,-0.36,-0.155
3.4974e-02,-0.265,-0.4
3.4976e-02,-0.385,-0.155
3.4978e-02,-0.34,-0.42
3.4979e-02,-0.355,-0.13
3.4981e-02,-0.26,-0.405
3.4982e-02,-0.285,-0.15
3.4984e-02,-0.245,-0.425
3.4986e-02,-0.315,-0.13
3.4987e-02,-0.21,-0.425
3.4989e-02,-0.31,-0.13
3.4990e-02,-0.285,-0.435
3.4992e-02,-0.3,-0.135
3.4994e-02,-0.27,-0.435
3.4995e-02,-0.26,-0.125
3.4997e-02,-0.355,-0.435
3.4998e-02,-0.265,-0.12
3.5000e-02,-0.235,-0.415
3.5002e-02,-0.25,-0.145
3.5003e-02,-0.285,-0.41
3.5005e-02,-0.265,-0.15
3.5006e-02,-0.225,-0.415
3.5008e-02,-0.21,-0.145
3.5010e-02,-0.24,-0.43
3.5011e-02,-0.25,-0.13
3.5013e-02,-0.235,-0.42
3.5014e-02,-0.23,-0.14
3.5016e-02,-0.19,-0.405
3.5018e-02,-0.315,-0.15
3.5019e-02,-0.35,-0.41
3.5021e-02,-0.265,-0.14
3.5022e-02,-0.245,-0.43
3.5024e-02,-0.19,-0.125
3.5026e-02,-0.255,-0.41
3.5027e-02,-0.265,-0.145
3.5029e-02,-0.275,-0.415
3.5030e-02,-0.335,-0.145
3.5032e-02,-0.25,-0.43
3.5034e-02,-0.275,-0.13
3.5035e-02,-0.28,-0.405
3.5037e-02,-0.41,-0.145
3.5038e-02,-0.24,-0.415
3.5040e-02,-0.25,-0.145
3.5042e-02,-0.185,-0.43
3.5043e-02,-0.245,-0.135
3.5045e-02,-0.26,-0.425
3.5046e-02,-0.28,-0.13
3.5048e-02,-0.295,-0.435
3.5050e-02,-0.22,-0.125
3.5051e-02,-0.245,-0.415
3.5053e-02,-0.29,-0.145
3.5054e-02,-0.275,-0.435
3.5056e-02,-0.32,-0.12
3.5058e-02,-0.28,-0.41
3.5059e-02,-0.34,-0.145
3.5061e-02,-0.325,-0.425
3.5062e-02,-0.32,-0.13
3.5064e-02,-0.345,-0.43
3.5066e-02,-0.25,-0.135
3.5067e-02,-0.215,-0.415
3.5069e-02,-0.275,-0.145
3.5070e-02,-0.3,-0.42
3.5072e-02,-0.315,-0.135
3.5074e-02,-0.27,-0.425
3.5075e-02,-0.39,-0.135
3.5077e-02,-0.34,-0.44
3.5078e-02,-0.375,-0.12
3.5080e-02,-0.285,-0.44
3.5082e-02,-0.31,-0.12
3.5083e-02,-0.32,-0.43
3.5085e-02,-0.29,-0.13
3.5086e-02,-0.365,-0.435
3.5088e-02,-0.325,-0.125
3.5090e-02,-0.325,-0.43
3.5091e-02,-0.225,-0.13
3.5093e-02,-0.235,-0.415
3.5094e-02,-0.265,-0.15
3.5096e-02,-0.26,-0.435
3.5098e-02,-0.265,-0.13
3.5099e-02,-0.225,-0.425
3.5101e-02,-0.27,-0.14
3.5102e-02,-0.26,-0.425
3.5104e-02,-0.41,-0.135
3.5106e-02,-0.255,-0.455
3.5107e-02,-0.29,-0.11
3.5109e-02,-0.24,-0.415
3.5110e-02,-0.285,-0.145
3.5112e-02,-0.29,-0.415
3.5114e-02,-0.25,-0.15
3.5115e-02,-0.335,-0.425
3.5117e-02,-0.365,-0.135
3.5118e-02,-0.365,-0.425
3.5120e-02,-0.33,-0.135
3.5122e-02,-0.35,-0.435
3.5123e-02,-0.235,-0.135
3.5125e-02,-0.215,-0.405
3.5126e-02,-0.205,-0.155
3.5128e-02,-0.355,-0.435
3.5130e-02,-0.235,-0.13
3.5131e-02,-0.25,-0.425
3.5133e-02,-0.21,-0.14
3.5134e-02,-0.255,-0.425
3.5136e-02,-0.255,-0.14
3.5138e-02,-0.245,-0.4
3.5139e-02,-0.275,-0.17
3.5141e-02,-0.26,-0.425
3.5142e-02,-0.29,-0.145
3.5144e-02,-0.26,-0.42
3.5146e-02,-0.295,-0.145
3.5147e-02,-0.3,-0.43
3.5149e-02,-0.29,-0.13
3.5150e-02,-0.27,-0.42
3.5152e-02,-0.305,-0.14
3.5154e-02,-0.235,-0.435
3.5155e-02,-0.25,-0.13
3.5157e-02,-0.28,-0.42
3.5158e-02,-0.27,-0.145
3.5160e-02,-0.255,-0.435
3.5162e-02,-0.295,-0.13
3.5163e-02,-0.315,-0.41
3.5165e-02,-0.275,-0.155
3.5166e-02,-0.255,-0.44
3.5168e-02,-0.28,-0.13
3.5170e-02,-0.29,-0.405
3.5171e-02,-0.255,-0.16
3.5173e-02,-0.23,-0.41
3.5174e-02,-0.27,-0.155
3.5176e-02,-0.3,-0.405
3.5178e-02,-0.205,-0.16
3.5179e-02,-0.225,-0.415
3.5181e-02,-0.21,-0.15
3.5182e-02,-0.3,-0.445
3.5184e-02,-0.285,-0.12
3.5186e-02,-0.255,-0.41
3.5187e-02,-0.355,-0.15
3.5189e-02,-0.245,-0.41
3.5190e-02,-0.29,-0.155
3.5192e-02,-0.29,-0.425
3.5194e-02,-0.315,-0.14
3.5195e-02,-0.34,-0.435
3.5197e-02,-0.355,-0.13
3.5198e-02,-0.235,-0.445
3.5200e-02,-0.345,-0.115
3.5202e-02,-0.245,-0.42
3.5203e-02,-0.36,-0.135
3.5205e-02,-0.26,-0.425
3.5206e-02,-0.305,-0.14
3.5208e-02,-0.205,-0.46
3.5210e-02,-0.32,-0.11
3.5211e-02,-0.275,-0.445
3.5213e-02,-0.225,-0.12
3.5214e-02,-0.16,-0.43
3.5216e-02,-0.24,-0.13
3.5218e-02,-0.255,-0.445
3.5219e-02,-0.315,-0.115
3.5221e-02,-0.255,-0.44
3.5222e-02,-0.27,-0.125
3.5224e-02,-0.31,-0.445
3.5226e-02,-0.22,-0.12
3.5227e-02,-0.285,-0.445
3.5229e-02,-0.245,-0.12
3.5230e-02,-0.275,-0.435
3.5232e-02,-0.235,-0.13
3.5234e-02,-0.31,-0.42
3.5235e-02,-0.315,-0.145
3.5237e-02,-0.31,-0.425
3.5238e-02,-0.235,-0.14
3.5240e-02,-0.35,-0.425
3.5242e-02,-0.285,-0.14
3.5243e-02,-0.34,-0.41
3.5245e-02,-0.31,-0.16
3.5246e-02,-0.275,-0.43
3.5248e-02,-0.275,-0.14
3.5250e-02,-0.235,-0.455
3.5251e-02,-0.31,-0.115
3.5253e-02,-0.24,-0.435
3.5254e-02,-0.26,-0.125
3.5256e-02,-0.23,-0.435
3.5258e-02,-0.37,-0.13
3.5259e-02,-0.3,-0.415
3.5261e-02,-0.3,-0.15
3.5262e-02,-0.28,-0.415
3.5264e-02,-0.27,-0.145
3.5266e-02,-0.275,-0.425
3.5267e-02,-0.29,-0.15
3.5269e-02,-0.305,-0.405
3.5270e-02,-0.22,-0.155
3.5272e-02,-0.245,-0.42
3.5274e-02,-0.315,-0.14
3.5275e-02,-0.305,-0.44
3.5277e-02,-0.395,-0.12
3.5278e-02,-0.285,-0.42
3.5280e-02,-0.28,-0.14
3.5282e-02,-0.185,-0.425
3.5283e-02,-0.345,-0.14
3.5285e-02,-0.245,-0.43
3.5286e-02,-0.255,-0.13
3.5288e-02,-0.25,-0.43
3.5290e-02,-0.3,-0.14
3.5291e-02,-0.335,-0.435
3.5293e-02,-0.365,-0.135
3.5294e-02,-0.355,-0.415
3.5296e-02,-0.29,-0.145
3.5298e-02,-0.24,-0.455
3.5299e-02,-0.29,-0.115
3.5301e-02,-0.185,-0.445
3.5302e-02,-0.325,-0.125
3.5304e-02,-0.24,-0.44
3.5306e-02,-0.33,-0.125
3.5307e-02,-0.3,-0.425
3.5309e-02,-0.365,-0.14
3.5310e-02,-0.28,-0.4
3.5312e-02,-0.29,-0.165
3.5314e-02,-0.23,-0.42
3.5315e-02,-0.32,-0.145
3.5317e-02,-0.315,-0.43
3.5318e-02,-0.36,-0.135
3.5320e-02,-0.315,-0.415
3.5322e-02,-0.24,-0.145
3.5323e-02,-0.35,-0.45
3.5325e-02,-0.365,-0.115
3.5326e-02,-0.28,-0.42
3.5328e-02,-0.195,-0.145
3.5330e-02,-0.225,-0.425
3.5331e-02,-0.255,-0.145
3.5333e-02,-0.345,-0.415
3.5334e-02,-0.305,-0.15
3.5336e-02,-0.29,-0.43
3.5338e-02,-0.28,-0.14
3.5339e-02,-0.27,-0.42
3.5341e-02,-0.27,-0.145
3.5342e-02,-0.335,-0.445
3.5344e-02,-0.21,-0.125
3.5346e-02,-0.245,-0.435
3.5347e-02,-0.25,-0.135
3.5349e-02,-0.34,-0.42
3.5350e-02,-0.345,-0.15
3.5352e-02,-0.38,-0.42
3.5354e-02,-0.185,-0.145
3.5355e-02,-0.21,-0.435
3.5357e-02,-0.26,-0.13
3.5358e-02,-0.295,-0.43
3.5360e-02,-0.325,-0.14
3.5362e-02,-0.245,-0.44
3.5363e-02,-0.265,-0.125
3.5365e-02,-0.3,-0.445
3.5366e-02,-0.35,-0.13
3.5368e-02,-0.28,-0.415
3.5370e-02,-0.295,-0.145
3.5371e-02,-0.26,-0.415
3.5373e-02,-0.27,-0.15
3.5374e-02,-0.285,-0.405
3.5376e-02,-0.27,-0.165
3.5378e-02,-0.28,-0.44
3.5379e-02,-0.265,-0.115
3.5381e-02,-0.21,-0.435
3.5382e-02,-0.215,-0.13
3.5384e-02,-0.28,-0.435
3.5386e-02,-0.23,-0.14
3.5387e-02,-0.295,-0.47
3.5389e-02,-0.26,-0.095
3.5390e-02,-0.285,-0.42
3.5392e-02,-0.31,-0.15
3.5394e-02,-0.25,-0.425
3.5395e-02,-0.21,-0.145
3.5397e-02,-0.27,-0.415
3.5398e-02,-0.25,-0.155
3.5400e-02,-0.25,-0.42
3.5402e-02,-0.25,-0.15
3.5403e-02,-0.28,-0.41
3.5405e-02,-0.31,-0.15
3.5406e-02,-0.31,-0.42
3.5408e-02,-0.31,-0.15
3.5410e-02,-0.315,-0.43
3.5411e-02,-0.28,-0.135
3.5413e-02,-0.215,-0.425
3.5414e-02,-0.285,-0.145
3.5416e-02,-0.28,-0.42
3.5418e-02,-0.3,-0.15
3.5419e-02,-0.295,-0.42
3.5421e-02,-0.24,-0.145
3.5422e-02,-0.26,-0.405
3.5424e-02,-0.33,-0.16
3.5426e-02,-0.305,-0.43
3.5427e-02,-0.245,-0.135
3.5429e-02,-0.26,-0.41
3.5430e-02,-0.19,-0.155
3.5432e-02,-0.35,-0.43
3.5434e-02,-0.315,-0.14
3.5435e-02,-0.345,-0.42
3.5437e-02,-0.29,-0.155
3.5438e-02,-0.22,-0.41
3.5440e-02,-0.3,-0.155
3.5442e-02,-0.255,-0.4
3.5443e-02,-0.33,-0.165
3.5445e-02,-0.285,-0.44
3.5446e-02,-0.265,-0.13
3.5448e-02,-0.25,-0.445
3.5450e-02,-0.345,-0.13
3.5451e-02,-0.325,-0.43
3.5453e-02,-0.295,-0.14
3.5454e-02,-0.28,-0.415
3.5456e-02,-0.175,-0.155
3.5458e-02,-0.31,-0.42
3.5459e-02,-0.28,-0.15
3.5461e-02,-0.26,-0.44
3.5462e-02,-0.3,-0.135
3.5464e-02,-0.265,-0.44
3.5466e-02,-0.315,-0.135
3.5467e-02,-0.265,-0.46
3.5469e-02,-0.32,-0.115
3.5470e-02,-0.31,-0.45
3.5472e-02,-0.325,-0.125
3.5474e-02,-0.295,-0.425
3.5475e-02,-0.365,-0.145
3.5477e-02,-0.355,-0.405
3.5478e-02,-0.31,-0.17
3.5480e-02,-0.29,-0.415
3.5482e-02,-0.24,-0.15
3.5483e-02,-0.305,-0.41
3.5485e-02,-0.305,-0.165
3.5486e-02,-0.255,-0.435
3.5488e-02,-0.26,-0.14
3.5490e-02,-0.29,-0.435
3.5491e-02,-0.34,-0.14
3.5493e-02,-0.39,-0.43
3.5494e-02,-0.315,-0.14
3.5496e-02,-0.245,-0.435
3.5498e-02,-0.25,-0.14
3.5499e-02,-0.245,-0.445
3.5501e-02,-0.33,-0.13
3.5502e-02,-0.295,-0.445
3.5504e-02,-0.335,-0.135
3.5506e-02,-0.29,-0.425
3.5507e-02,-0.27,-0.15
3.5509e-02,-0.22,-0.445
3.5510e-02,-0.32,-0.135
3.5512e-02,-0.27,-0.41
3.5514e-02,-0.265,-0.165
3.5515e-02,-0.28,-0.435
3.5517e-02,-0.28,-0.14
3.5518e-02,-0.295,-0.42
3.5520e-02,-0.275,-0.15
3.5522e-02,-0.235,-0.465
3.5523e-02,-0.265,-0.105
3.5525e-02,-0.29,-0.435
3.5526e-02,-0.325,-0.145
3.5528e-02,-0.34,-0.45
3.5530e-02,-0.35,-0.125
3.5531e-02,-0.355,-0.445
3.5533e-02,-0.275,-0.13
3.5534e-02,-0.345,-0.425
3.5536e-02,-0.255,-0.155
3.5538e-02,-0.31,-0.415
3.5539e-02,-0.235,-0.155
3.5541e-02,-0.26,-0.425
3.5542e-02,-0.33,-0.15
3.5544e-02,-0.41,-0.43
3.5546e-02,-0.28,-0.14
3.5547e-02,-0.315,-0.425
3.5549e-02,-0.215,-0.15
3.5550e-02,-0.29,-0.425
3.5552e-02,-0.29,-0.145
3.5554e-02,-0.265,-0.44
3.5555e-02,-0.3,-0.14
3.5557e-02,-0.32,-0.43
3.5558e-02,-0.32,-0.145
3.5560e-02,-0.285,-0.42
3.5562e-02,-0.24,-0.16
3.5563e-02,-0.21,-0.41
3.5565e-02,-0.19,-0.16
3.5566e-02,-0.285,-0.42
3.5568e-02,-0.255,-0.155
3.5570e-02,-0.37,-0.45
3.5571e-02,-0.36,-0.125
3.5573e-02,-0.245,-0.425
3.5574e-02,-0.21,-0.155
3.5576e-02,-0.23,-0.445
3.5578e-02,-0.24,-0.135
3.5579e-02,-0.325,-0.43
3.5581e-02,-0.255,-0.135
3.5582e-02,-0.245,-0.43
3.5584e-02,-0.31,-0.145
3.5586e-02,-0.295,-0.415
3.5587e-02,-0.22,-0.155
3.5589e-02,-0.27,-0.43
3.5590e-02,-0.265,-0.135
3.5592e-02,-0.275,-0.435
3.5594e-02,-0.315,-0.14
3.5595e-02,-0.295,-0.47
3.5597e-02,-0.275,-0.105
3.5598e-02,-0.32,-0.475
3.5600e-02,-0.265,-0.105
3.5602e-02,-0.3,-0.45
3.5603e-02,-0.3,-0.125
3.5605e-02,-0.245,-0.43
3.5606e-02,-0.19,-0.135
3.5608e-02,-0.25,-0.415
3.5610e-02,-0.265,-0.155
3.5611e-02,-0.35,-0.42
3.5613e-02,-0.31,-0.155
3.5614e-02,-0.345,-0.43
3.5616e-02,-0.265,-0.135
3.5618e-02,-0.36,-0.435
3.5619e-02,-0.3,-0.14
3.5621e-02,-0.27,-0.435
3.5622e-02,-0.205,-0.14
3.5624e-02,-0.31,-0.44
3.5626e-02,-0.3,-0.13
3.5627e-02,-0.275,-0.43
3.5629e-02,-0.405,-0.135
3.5630e-02,-0.285,-0.435
3.5632e-02,-0.3,-0.13
3.5634e-02,-0.25,-0.435
3.5635e-02,-0.235,-0.14
3.5637e-02,-0.295,-0.41
3.5638e-02,-0.335,-0.16
3.5640e-02,-0.29,-0.455
3.5642e-02,-0.275,-0.125
3.5643e-02,-0.32,-0.435
3.5645e-02,-0.32,-0.135
3.5646e-02,-0.33,-0.44
3.5648e-02,-0.29,-0.135
3.5650e-02,-0.345,-0.45
3.5651e-02,-0.26,-0.125
3.5653e-02,-0.355,-0.415
3.5654e-02,-0.255,-0.15
3.5656e-02,-0.26,-0.425
3.5658e-02,-0.295,-0.15
3.5659e-02,-0.28,-0.425
3.5661e-02,-0.265,-0.15
3.5662e-02,-0.305,-0.425
3.5664e-02,-0.27,-0.15
3.5666e-02,-0.25,-0.435
3.5667e-02,-0.305,-0.14
3.5669e-02,-0.3,-0.47
3.5670e-02,-0.29,-0.11
3.5672e-02,-0.27,-0.45
3.5674e-02,-0.23,-0.13
3.5675e-02,-0.25,-0.45
3.5677e-02,-0.24,-0.135
3.5678e-02,-0.325,-0.43
3.5680e-02,-0.275,-0.15
3.5682e-02,-0.265,-0.44
3.5683e-02,-0.35,-0.13
3.5685e-02,-0.26,-0.43
3.5686e-02,-0.37,-0.15
3.5688e-02,-0.28,-0.445
3.5690e-02,-0.255,-0.13
3.5691e-02,-0.25,-0.435
3.5693e-02,-0.38,-0.14
3.5694e-02,-0.28,-0.43
3.5696e-02,-0.34,-0.15
3.5698e-02,-0.175,-0.445
3.5699e-02,-0.315,-0.135
3.5701e-02,-0.15,-0.44
3.5702e-02,-0.33,-0.135
3.5704e-02,-0.265,-0.44
3.5706e-02,-0.29,-0.135
3.5707e-02,-0.3,-0.44
3.5709e-02,-0.305,-0.14
3.5710e-02,-0.315,-0.45
3.5712e-02,-0.305,-0.135
3.5714e-02,-0.305,-0.43
3.5715e-02,-0.225,-0.155
3.5717e-02,-0.35,-0.415
3.5718e-02,-0.37,-0.165
3.5720e-02,-0.395,-0.42
3.5722e-02,-0.28,-0.155
3.5723e-02,-0.24,-0.425
3.5725e-02,-0.27,-0.15
3.5726e-02,-0.23,-0.44
3.5728e-02,-0.255,-0.13
3.5730e-02,-0.3,-0.425
3.5731e-02,-0.245,-0.15
3.5733e-02,-0.26,-0.425
3.5734e-02,-0.29,-0.15
3.5736e-02,-0.34,-0.42
3.5738e-02,-0.335,-0.155
3.5739e-02,-0.37,-0.41
3.5741e-02,-0.215,-0.165
3.5742e-02,-0.195,-0.44
3.5744e-02,-0.25,-0.135
3.5746e-02,-0.285,-0.43
3.5747e-02,-0.32,-0.145
3.5749e-02,-0.235,-0.435
3.5750e-02,-0.345,-0.135
3.5752e-02,-0.28,-0.42
3.5754e-02,-0.395,-0.155
3.5755e-02,-0.29,-0.42
3.5757e-02,-0.23,-0.155
3.5758e-02,-0.305,-0.425
3.5760e-02,-0.33,-0.15
3.5762e-02,-0.305,-0.415
3.5763e-02,-0.3,-0.16
3.5765e-02,-0.235,-0.445
3.5766e-02,-0.29,-0.14
3.5768e-02,-0.255,-0.425
3.5770e-02,-0.31,-0.15
3.5771e-02,-0.285,-0.43
3.5773e-02,-0.295,-0.15
3.5774e-02,-0.375,-0.435
3.5776e-02,-0.27,-0.14
3.5778e-02,-0.33,-0.44
3.5779e-02,-0.3,-0.135
3.5781e-02,-0.34,-0.425
3.5782e-02,-0.275,-0.15
3.5784e-02,-0.335,-0.455
3.5786e-02,-0.25,-0.12
3.5787e-02,-0.245,-0.425
3.5789e-02,-0.28,-0.15
3.5790e-02,-0.185,-0.435
3.5792e-02,-0.35,-0.14
3.5794e-02,-0.335,-0.435
3.5795e-02,-0.3,-0.14
3.5797e-02,-0.17,-0.425
3.5798e-02,-0.235,-0.155
3.5800e-02,-0.3,-0.415
3.5802e-02,-0.335,-0.155
3.5803e-02,-0.35,-0.42
3.5805e-02,-0.29,-0.16
3.5806e-02,-0.26,-0.44
3.5808e-02,-0.35,-0.14
3.5810e-02,-0.3,-0.425
3.5811e-02,-0.275,-0.155
3.5813e-02,-0.285,-0.455
3.5814e-02,-0.245,-0.125
3.5816e-02,-0.255,-0.425
3.5818e-02,-0.28,-0.155
3.5819e-02,-0.295,-0.42
3.5821e-02,-0.295,-0.155
3.5822e-02,-0.325,-0.445
3.5824e-02,-0.325,-0.13
3.5826e-02,-0.32,-0.44
3.5827e-02,-0.32,-0.14
3.5829e-02,-0.26,-0.435
3.5830e-02,-0.245,-0.145
3.5832e-02,-0.24,-0.445
3.5834e-02,-0.365,-0.14
3.5835e-02,-0.26,-0.465
3.5837e-02,-0.325,-0.12
3.5838e-02,-0.24,-0.445
3.5840e-02,-0.285,-0.135
3.5842e-02,-0.34,-0.435
3.5843e-02,-0.295,-0.145
3.5845e-02,-0.28,-0.42
3.5846e-02,-0.24,-0.155
3.5848e-02,-0.33,-0.43
3.5850e-02,-0.205,-0.155
3.5851e-02,-0.28,-0.44
3.5853e-02,-0.24,-0.14
3.5854e-02,-0.195,-0.465
3.5856e-02,-0.285,-0.125
3.5858e-02,-0.235,-0.455
3.5859e-02,-0.305,-0.135
3.5861e-02,-0.27,-0.45
3.5862e-02,-0.265,-0.135
3.5864e-02,-0.255,-0.435
3.5866e-02,-0.315,-0.145
3.5867e-02,-0.305,-0.46
3.5869e-02,-0.27,-0.135
3.5870e-02,-0.28,-0.465
3.5872e-02,-0.31,-0.12
3.5874e-02,-0.315,-0.435
3.5875e-02,-0.345,-0.14
3.5877e-02,-0.29,-0.42
3.5878e-02,-0.26,-0.17
3.5880e-02,-0.29,-0.43
3.5882e-02,-0.375,-0.15
3.5883e-02,-0.24,-0.435
3.5885e-02,-0.27,-0.15
3.5886e-02,-0.26,-0.42
3.5888e-02,-0.31,-0.16
3.5890e-02,-0.32,-0.42
3.5891e-02,-0.315,-0.165
3.5893e-02,-0.275,-0.44
3.5894e-02,-0.225,-0.145
3.5896e-02,-0.37,-0.475
3.5898e-02,-0.33,-0.11
3.5899e-02,-0.3,-0.43
3.5901e-02,-0.24,-0.155
3.5902e-02,-0.26,-0.45
3.5904e-02,-0.23,-0.13
3.5906e-02,-0.33,-0.43
3.5907e-02,-0.3,-0.145
3.5909e-02,-0.265,-0.45
3.5910e-02,-0.22,-0.14
3.5912e-02,-0.315,-0.43
3.5914e-02,-0.265,-0.155
3.5915e-02,-0.33,-0.44
3.5917e-02,-0.305,-0.14
3.5918e-02,-0.205,-0.42
3.5920e-02,-0.26,-0.16
3.5922e-02,-0.285,-0.43
3.5923e-02,-0.205,-0.15
3.5925e-02,-0.285,-0.435
3.5926e-02,-0.24,-0.145
3.5928e-02,-0.325,-0.42
3.5930e-02,-0.33,-0.16
3.5931e-02,-0.325,-0.435
3.5933e-02,-0.255,-0.145
3.5934e-02,-0.325,-0.415
3.5936e-02,-0.35,-0.155
3.5938e-02,-0.315,-0.44
3.5939e-02,-0.29,-0.145
3.5941e-02,-0.21,-0.44
3.5942e-02,-0.335,-0.145
3.5944e-02,-0.235,-0.44
3.5946e-02,-0.405,-0.14
3.5947e-02,-0.21,-0.43
3.5949e-02,-0.25,-0.155
3.5950e-02,-0.215,-0.42
3.5952e-02,-0.29,-0.155
3.5954e-02,-0.255,-0.44
3.5955e-02,-0.375,-0.14
3.5957e-02,-0.22,-0.465
3.5958e-02,-0.31,-0.115
3.5960e-02,-0.345,-0.415
3.5962e-02,-0.335,-0.165
3.5963e-02,-0.355,-0.425
3.5965e-02,-0.245,-0.155
3.5966e-02,-0.2,-0.445
3.5968e-02,-0.255,-0.135
3.5970e-02,-0.33,-0.43
3.5971e-02,-0.245,-0.15
3.5973e-02,-0.275,-0.44
3.5974e-02,-0.175,-0.14
3.5976e-02,-0.325,-0.425
3.5978e-02,-0.31,-0.155
3.5979e-02,-0.295,-0.45
3.5981e-02,-0.225,-0.125
3.5982e-02,-0.235,-0.44
3.5984e-02,-0.26,-0.14
3.5986e-02,-0.325,-0.435
3.5987e-02,-0.32,-0.145
3.5989e-02,-0.255,-0.45
3.5990e-02,-0.26,-0.135
3.5992e-02,-0.24,-0.435
3.5994e-02,-0.29,-0.15
3.5995e-02,-0.325,-0.42
3.5997e-02,-0.27,-0.16
3.5998e-02,-0.275,-0.445
3.6000e-02,-0.225,-0.14
3.6002e-02,-0.285,-0.44
3.6003e-02,-0.305,-0.15
3.6005e-02,-0.405,-0.425
3.6006e-02,-0.25,-0.16
3.6008e-02,-0.33,-0.435
3.6010e-02,-0.27,-0.155
3.6011e-02,-0.365,-0.43
3.6013e-02,-0.315,-0.15
3.6014e-02,-0.24,-0.43
3.6016e-02,-0.26,-0.155
3.6018e-02,-0.285,-0.44
3.6019e-02,-0.305,-0.145
3.6021e-02,-0.255,-0.425
3.6022e-02,-0.32,-0.16
3.6024e-02,-0.225,-0.435
3.6026e-02,-0.355,-0.155
3.6027e-02,-0.24,-0.445
3.6029e-02,-0.32,-0.15
3.6030e-02,-0.3,-0.44
3.6032e-02,-0.35,-0.145
3.6034e-02,-0.31,-0.44
3.6035e-02,-0.305,-0.145
3.6037e-02,-0.24,-0.45
3.6038e-02,-0.35,-0.135
3.6040e-02,-0.285,-0.435
3.6042e-02,-0.33,-0.155
3.6043e-02,-0.265,-0.485
3.6045e-02,-0.33,-0.11
3.6046e-02,-0.215,-0.45
3.6048e-02,-0.405,-0.145
3.6050e-02,-0.295,-0.495
3.6051e-02,-0.34,-0.095
3.6053e-02,-0.28,-0.45
3.6054e-02,-0.235,-0.14
3.6056e-02,-0.205,-0.45
3.6058e-02,-0.31,-0.135
3.6059e-02,-0.26,-0.425
3.6061e-02,-0.305,-0.155
3.6062e-02,-0.195,-0.435
3.6064e-02,-0.275,-0.15
3.6066e-02,-0.335,-0.445
3.6067e-02,-0.385,-0.15
3.6069e-02,-0.27,-0.435
3.6070e-02,-0.29,-0.155
3.6072e-02,-0.25,-0.46
3.6074e-02,-0.325,-0.12
3.6075e-02,-0.355,-0.475
3.6077e-02,-0.25,-0.115
3.6078e-02,-0.28,-0.465
3.6080e-02,-0.255,-0.12
3.6082e-02,-0.28,-0.45
3.6083e-02,-0.275,-0.135
3.6085e-02,-0.38,-0.435
3.6086e-02,-0.23,-0.145
3.6088e-02,-0.32,-0.475
3.6090e-02,-0.225,-0.115
3.6091e-02,-0.32,-0.435
3.6093e-02,-0.26,-0.15
3.6094e-02,-0.36,-0.45
3.6096e-02,-0.235,-0.135
3.6098e-02,-0.32,-0.445
3.6099e-02,-0.34,-0.145
3.6101e-02,-0.31,-0.42
3.6102e-02,-0.25,-0.165
3.6104e-02,-0.26,-0.425
3.6106e-02,-0.29,-0.155
3.6107e-02,-0.315,-0.445
3.6109e-02,-0.375,-0.145
3.6110e-02,-0.31,-0.43
3.6112e-02,-0.285,-0.155
3.6114e-02,-0.3,-0.44
3.6115e-02,-0.3,-0.15
3.6117e-02,-0.275,-0.465
3.6118e-02,-0.345,-0.12
3.6120e-02,-0.27,-0.435
3.6122e-02,-0.325,-0.155
3.6123e-02,-0.31,-0.455
3.6125e-02,-0.375,-0.13
3.6126e-02,-0.35,-0.46
3.6128e-02,-0.385,-0.13
3.6130e-02,-0.28,-0.48
3.6131e-02,-0.415,-0.11
3.6133e-02,-0.35,-0.44
3.6134e-02,-0.3,-0.155
3.6136e-02,-0.235,-0.45
3.6138e-02,-0.29,-0.135
3.6139e-02,-0.28,-0.425
3.6141e-02,-0.28,-0.165
3.6142e-02,-0.335,-0.43
3.6144e-02,-0.205,-0.16
3.6146e-02,-0.26,-0.435
3.6147e-02,-0.31,-0.145
3.6149e-02,-0.275,-0.44
3.6150e-02,-0.28,-0.145
3.6152e-02,-0.25,-0.45
3.6154e-02,-0.23,-0.14
3.6155e-02,-0.165,-0.45
3.6157e-02,-0.28,-0.14
3.6158e-02,-0.23,-0.445
3.6160e-02,-0.27,-0.15
3.6162e-02,-0.225,-0.435
3.6163e-02,-0.22,-0.155
3.6165e-02,-0.215,-0.46
3.6166e-02,-0.325,-0.135
3.6168e-02,-0.23,-0.46
3.6170e-02,-0.215,-0.13
3.6171e-02,-0.26,-0.46
3.6173e-02,-0.33,-0.13
3.6174e-02,-0.345,-0.47
3.6176e-02,-0.36,-0.13
3.6178e-02,-0.3,-0.45
3.6179e-02,-0.375,-0.145
3.6181e-02,-0.36,-0.445
3.6182e-02,-0.36,-0.145
3.6184e-02,-0.325,-0.45
3.6186e-02,-0.335,-0.14
3.6187e-02,-0.325,-0.44
3.6189e-02,-0.37,-0.15
3.6190e-02,-0.375,-0.44
3.6192e-02,-0.33,-0.15
3.6194e-02,-0.365,-0.44
3.6195e-02,-0.305,-0.14
3.6197e-02,-0.355,-0.435
3.6198e-02,-0.365,-0.15
3.6200e-02,-0.355,-0.44
3.6202e-02,-0.25,-0.155
3.6203e-02,-0.26,-0.45
3.6205e-02,-0.28,-0.135
3.6206e-02,-0.32,-0.445
3.6208e-02,-0.31,-0.145
3.6210e-02,-0.29,-0.44
3.6211e-02,-0.205,-0.155
3.6213e-02,-0.31,-0.475
3.6214e-02,-0.29,-0.12
3.6216e-02,-0.3,-0.455
3.6218e-02,-0.22,-0.135
3.6219e-02,-0.28,-0.465
3.6221e-02,-0.22,-0.125
3.6222e-02,-0.255,-0.46
3.6224e-02,-0.295,-0.135
3.6226e-02,-0.22,-0.425
3.6227e-02,-0.285,-0.165
3.6229e-02,-0.27,-0.44
3.6230e-02,-0.29,-0.155
3.6232e-02,-0.33,-0.45
3.6234e-02,-0.28,-0.14
3.6235e-02,-0.245,-0.435
3.6237e-02,-0.31,-0.155
3.6238e-02,-0.29,-0.455
3.6240e-02,-0.305,-0.135
3.6242e-02,-0.275,-0.455
3.6243e-02,-0.24,-0.135
3.6245e-02,-0.315,-0.47
3.6246e-02,-0.39,-0.125
3.6248e-02,-0.35,-0.445
3.6250e-02,-0.305,-0.15
3.6251e-02,-0.275,-0.445
3.6253e-02,-0.25,-0.155
3.6254e-02,-0.35,-0.485
3.6256e-02,-0.345,-0.1
3.6258e-02,-0.37,-0.465
3.6259e-02,-0.325,-0.125
3.6261e-02,-0.335,-0.44
3.6262e-02,-0.285,-0.15
3.6264e-02,-0.41,-0.425
3.6266e-02,-0.29,-0.155
3.6267e-02,-0.35,-0.43
3.6269e-02,-0.205,-0.16
3.6270e-02,-0.245,-0.43
3.6272e-02,-0.325,-0.16
3.6274e-02,-0.35,-0.455
3.6275e-02,-0.3,-0.135
3.6277e-02,-0.32,-0.48
3.6278e-02,-0.26,-0.115
3.6280e-02,-0.445,-0.45
3.6282e-02,-0.3,-0.135
3.6283e-02,-0.29,-0.445
3.6285e-02,-0.225,-0.145
3.6286e-02,-0.235,-0.445
3.6288e-02,-0.33,-0.15
3.6290e-02,-0.32,-0.46
3.6291e-02,-0.29,-0.125
3.6293e-02,-0.275,-0.45
3.6294e-02,-0.26,-0.145
3.6296e-02,-0.29,-0.45
3.6298e-02,-0.335,-0.145
3.6299e-02,-0.275,-0.43
3.6301e-02,-0.355,-0.155
3.6302e-02,-0.235,-0.435
3.6304e-02,-0.255,-0.145
3.6306e-02,-0.275,-0.445
3.6307e-02,-0.22,-0.14
3.6309e-02,-0.34,-0.435
3.6310e-02,-0.255,-0.155
3.6312e-02,-0.365,-0.44
3.6314e-02,-0.34,-0.145
3.6315e-02,-0.275,-0.435
3.6317e-02,-0.36,-0.15
3.6318e-02,-0.27,-0.455
3.6320e-02,-0.37,-0.13
3.6322e-02,-0.34,-0.465
3.6323e-02,-0.24,-0.115
3.6325e-02,-0.29,-0.435
3.6326e-02,-0.265,-0.155
3.6328e-02,-0.35,-0.43
3.6330e-02,-0.265,-0.155
3.6331e-02,-0.24,-0.425
3.6333e-02,-0.265,-0.165
3.6334e-02,-0.295,-0.43
3.6336e-02,-0.305,-0.16
3.6338e-02,-0.245,-0.465
3.6339e-02,-0.265,-0.125
3.6341e-02,-0.215,-0.46
3.6342e-02,-0.305,-0.125
3.6344e-02,-0.29,-0.45
3.6346e-02,-0.345,-0.14
3.6347e-02,-0.33,-0.46
3.6349e-02,-0.265,-0.13
3.6350e-02,-0.35,-0.435
3.6352e-02,-0.29,-0.16
3.6354e-02,-0.34,-0.46
3.6355e-02,-0.295,-0.13
3.6357e-02,-0.245,-0.455
3.6358e-02,-0.225,-0.14
3.6360e-02,-0.275,-0.435
3.6362e-02,-0.265,-0.155
3.6363e-02,-0.285,-0.445
3.6365e-02,-0.15,-0.15
3.6366e-02,-0.315,-0.445
3.6368e-02,-0.275,-0.15
3.6370e-02,-0.38,-0.45
3.6371e-02,-0.34,-0.145
3.6373e-02,-0.25,-0.48
3.6374e-02,-0.315,-0.115
3.6376e-02,-0.295,-0.445
3.6378e-02,-0.375,-0.155
3.6379e-02,-0.215,-0.46
3.6381e-02,-0.26,-0.14
3.6382e-02,-0.19,-0.435
3.6384e-02,-0.265,-0.16
3.6386e-02,-0.31,-0.49
3.6387e-02,-0.275,-0.105
3.6389e-02,-0.28,-0.485
3.6390e-02,-0.26,-0.11
3.6392e-02,-0.295,-0.445
3.6394e-02,-0.33,-0.155
3.6395e-02,-0.325,-0.455
3.6397e-02,-0.23,-0.145
3.6398e-02,-0.245,-0.43
3.6400e-02,-0.26,-0.17
3.6402e-02,-0.31,-0.445
3.6403e-02,-0.32,-0.155
3.6405e-02,-0.355,-0.435
3.6406e-02,-0.295,-0.16
3.6408e-02,-0.38,-0.45
3.6410e-02,-0.325,-0.15
3.6411e-02,-0.245,-0.455
3.6413e-02,-0.295,-0.145
3.6414e-02,-0.185,-0.45
3.6416e-02,-0.355,-0.145
3.6418e-02,-0.215,-0.435
3.6419e-02,-0.355,-0.16
3.6421e-02,-0.32,-0.445
3.6422e-02,-0.33,-0.155
3.6424e-02,-0.345,-0.445
3.6426e-02,-0.325,-0.15
3.6427e-02,-0.385,-0.44
3.6429e-02,-0.295,-0.155
3.6430e-02,-0.26,-0.44
3.6432e-02,-0.235,-0.155
3.6434e-02,-0.255,-0.435
3.6435e-02,-0.285,-0.16
3.6437e-02,-0.25,-0.44
3.6438e-02,-0.205,-0.16
3.6440e-02,-0.325,-0.44
3.6442e-02,-0.34,-0.155
3.6443e-02,-0.395,-0.445
3.6445e-02,-0.305,-0.145
3.6446e-02,-0.34,-0.445
3.6448e-02,-0.29,-0.15
3.6450e-02,-0.4,-0.44
3.6451e-02,-0.275,-0.15
3.6453e-02,-0.265,-0.44
3.6454e-02,-0.315,-0.16
3.6456e-02,-0.375,-0.44
3.6458e-02,-0.35,-0.155
3.6459e-02,-0.39,-0.435
3.6461e-02,-0.275,-0.155
3.6462e-02,-0.355,-0.435
3.6464e-02,-0.35,-0.15
3.6466e-02,-0.37,-0.435
3.6467e-02,-0.325,-0.155
3.6469e-02,-0.28,-0.445
3.6470e-02,-0.275,-0.15
3.6472e-02,-0.255,-0.45
3.6474e-02,-0.295,-0.145
3.6475e-02,-0.26,-0.44
3.6477e-02,-0.27,-0.15
3.6478e-02,-0.29,-0.485
3.6480e-02,-0.3,-0.11
3.6482e-02,-0.29,-0.46
3.6483e-02,-0.365,-0.135
3.6485e-02,-0.325,-0.48
3.6486e-02,-0.32,-0.115
3.6488e-02,-0.3,-0.47
3.6490e-02,-0.29,-0.125
3.6491e-02,-0.355,-0.435
3.6493e-02,-0.25,-0.155
3.6494e-02,-0.305,-0.44
3.6496e-02,-0.28,-0.155
3.6498e-02,-0.32,-0.46
3.6499e-02,-0.31,-0.14
3.6501e-02,-0.21,-0.45
3.6502e-02,-0.245,-0.14
3.6504e-02,-0.3,-0.46
3.6506e-02,-0.3,-0.14
3.6507e-02,-0.355,-0.46
3.6509e-02,-0.265,-0.14
3.6510e-02,-0.27,-0.45
3.6512e-02,-0.27,-0.14
3.6514e-02,-0.3,-0.445
3.6515e-02,-0.275,-0.145
3.6517e-02,-0.315,-0.46
3.6518e-02,-0.2,-0.14
3.6520e-02,-0.375,-0.44
3.6522e-02,-0.285,-0.16
3.6523e-02,-0.36,-0.485
3.6525e-02,-0.29,-0.12
3.6526e-02,-0.3,-0.48
3.6528e-02,-0.21,-0.13
3.6530e-02,-0.27,-0.475
3.6531e-02,-0.265,-0.125
3.6533e-02,-0.29,-0.47
3.6534e-02,-0.27,-0.125
3.6536e-02,-0.295,-0.49
3.6538e-02,-0.275,-0.105
3.6539e-02,-0.335,-0.48
3.6541e-02,-0.275,-0.12
3.6542e-02,-0.195,-0.485
3.6544e-02,-0.305,-0.11
3.6546e-02,-0.24,-0.485
3.6547e-02,-0.37,-0.115
3.6549e-02,-0.3,-0.47
3.6550e-02,-0.265,-0.13
3.6552e-02,-0.355,-0.465
3.6554e-02,-0.33,-0.135
3.6555e-02,-0.385,-0.45
3.6557e-02,-0.295,-0.155
3.6558e-02,-0.315,-0.45
3.6560e-02,-0.335,-0.15
3.6562e-02,-0.35,-0.45
3.6563e-02,-0.29,-0.155
3.6565e-02,-0.305,-0.46
3.6566e-02,-0.25,-0.135
3.6568e-02,-0.325,-0.47
3.6570e-02,-0.325,-0.125
3.6571e-02,-0.395,-0.47
3.6573e-02,-0.425,-0.13
3.6574e-02,-0.295,-0.46
3.6576e-02,-0.35,-0.14
3.6578e-02,-0.3,-0.48
3.6579e-02,-0.28,-0.125
3.6581e-02,-0.38,-0.465
3.6582e-02,-0.245,-0.135
3.6584e-02,-0.29,-0.455
3.6586e-02,-0.27,-0.155
3.6587e-02,-0.28,-0.47
3.6589e-02,-0.36,-0.125
3.6590e-02,-0.2,-0.48
3.6592e-02,-0.375,-0.125
3.6594e-02,-0.32,-0.47
3.6595e-02,-0.395,-0.14
3.6597e-02,-0.29,-0.475
3.6598e-02,-0.305,-0.115
3.6600e-02,-0.315,-0.465
3.6602e-02,-0.29,-0.135
3.6603e-02,-0.365,-0.465
3.6605e-02,-0.235,-0.135
3.6606e-02,-0.265,-0.48
3.6608e-02,-0.25,-0.12
3.6610e-02,-0.255,-0.435
3.6611e-02,-0.355,-0.16
3.6613e-02,-0.335,-0.44
3.6614e-02,-0.32,-0.15
3.6616e-02,-0.33,-0.45
3.6618e-02,-0.24,-0.155
3.6619e-02,-0.395,-0.46
3.6621e-02,-0.305,-0.14
3.6622e-02,-0.355,-0.46
3.6624e-02,-0.28,-0.13
3.6626e-02,-0.28,-0.47
3.6627e-02,-0.305,-0.125
3.6629e-02,-0.29,-0.475
3.6630e-02,-0.27,-0.13
3.6632e-02,-0.32,-0.455
3.6634e-02,-0.29,-0.145
3.6635e-02,-0.32,-0.45
3.6637e-02,-0.275,-0.145
3.6638e-02,-0.25,-0.435
3.6640e-02,-0.265,-0.165
3.6642e-02,-0.275,-0.44
3.6643e-02,-0.325,-0.155
3.6645e-02,-0.305,-0.455
3.6646e-02,-0.295,-0.14
3.6648e-02,-0.26,-0.435
3.6650e-02,-0.29,-0.155
3.6651e-02,-0.345,-0.445
3.6653e-02,-0.36,-0.15
3.6654e-02,-0.295,-0.475
3.6656e-02,-0.28,-0.125
3.6658e-02,-0.23,-0.465
3.6659e-02,-0.39,-0.125
3.6661e-02,-0.325,-0.485
3.6662e-02,-0.385,-0.115
3.6664e-02,-0.16,-0.445
3.6666e-02,-0.305,-0.155
3.6667e-02,-0.23,-0.49
3.6669e-02,-0.31,-0.11
3.6670e-02,-0.36,-0.445
3.6672e-02,-0.285,-0.155
3.6674e-02,-0.315,-0.455
3.6675e-02,-0.285,-0.135
3.6677e-02,-0.265,-0.45
3.6678e-02,-0.305,-0.145
3.6680e-02,-0.28,-0.455
3.6682e-02,-0.34,-0.145
3.6683e-02,-0.32,-0.48
3.6685e-02,-0.325,-0.125
3.6686e-02,-0.395,-0.45
3.6688e-02,-0.275,-0.155
3.6690e-02,-0.27,-0.445
3.6691e-02,-0.235,-0.16
3.6693e-02,-0.33,-0.45
3.6694e-02,-0.295,-0.15
3.6696e-02,-0.33,-0.46
3.6698e-02,-0.25,-0.15
3.6699e-02,-0.305,-0.45
3.6701e-02,-0.34,-0.155
3.6702e-02,-0.305,-0.45
3.6704e-02,-0.265,-0.15
3.6706e-02,-0.245,-0.445
3.6707e-02,-0.335,-0.155
3.6709e-02,-0.38,-0.45
3.6710e-02,-0.295,-0.15
3.6712e-02,-0.255,-0.465
3.6714e-02,-0.21,-0.14
3.6715e-02,-0.265,-0.445
3.6717e-02,-0.215,-0.16
3.6718e-02,-0.31,-0.465
3.6720e-02,-0.25,-0.14
3.6722e-02,-0.29,-0.45
3.6723e-02,-0.27,-0.155
3.6725e-02,-0.215,-0.46
3.6726e-02,-0.325,-0.145
3.6728e-02,-0.28,-0.45
3.6730e-02,-0.36,-0.15
3.6731e-02,-0.26,-0.505
3.6733e-02,-0.335,-0.09
3.6734e-02,-0.285,-0.51
3.6736e-02,-0.33,-0.105
3.6738e-02,-0.225,-0.485
3.6739e-02,-0.245,-0.125
3.6741e-02,-0.265,-0.47
3.6742e-02,-0.38,-0.14
3.6744e-02,-0.305,-0.48
3.6746e-02,-0.325,-0.13
3.6747e-02,-0.305,-0.465
3.6749e-02,-0.375,-0.14
3.6750e-02,-0.365,-0.445
3.6752e-02,-0.31,-0.155
3.6754e-02,-0.34,-0.47
3.6755e-02,-0.26,-0.135
3.6757e-02,-0.365,-0.475
3.6758e-02,-0.285,-0.135
3.6760e-02,-0.265,-0.465
3.6762e-02,-0.22,-0.135
3.6763e-02,-0.285,-0.47
3.6765e-02,-0.21,-0.135
3.6766e-02,-0.355,-0.45
3.6768e-02,-0.32,-0.145
3.6770e-02,-0.375,-0.45
3.6771e-02,-0.31,-0.15
3.6773e-02,-0.3,-0.465
3.6774e-02,-0.36,-0.135
3.6776e-02,-0.34,-0.46
3.6778e-02,-0.3,-0.145
3.6779e-02,-0.29,-0.45
3.6781e-02,-0.295,-0.155
3.6782e-02,-0.355,-0.455
3.6784e-02,-0.355,-0.145
3.6786e-02,-0.27,-0.475
3.6787e-02,-0.26,-0.125
3.6789e-02,-0.265,-0.45
3.6790e-02,-0.28,-0.14
3.6792e-02,-0.355,-0.47
3.6794e-02,-0.245,-0.13
3.6795e-02,-0.36,-0.45
3.6797e-02,-0.23,-0.15
3.6798e-02,-0.36,-0.455
3.6800e-02,-0.255,-0.14
3.6802e-02,-0.29,-0.435
3.6803e-02,-0.275,-0.165
3.6805e-02,-0.24,-0.455
3.6806e-02,-0.285,-0.14
3.6808e-02,-0.3,-0.46
3.6810e-02,-0.365,-0.14
3.6811e-02,-0.27,-0.47
3.6813e-02,-0.35,-0.14
3.6814e-02,-0.37,-0.44
3.6816e-02,-0.39,-0.16
3.6818e-02,-0.38,-0.455
3.6819e-02,-0.295,-0.15
3.6821e-02,-0.3,-0.445
3.6822e-02,-0.32,-0.155
3.6824e-02,-0.315,-0.475
3.6826e-02,-0.29,-0.135
3.6827e-02,-0.185,-0.45
3.6829e-02,-0.25,-0.14
3.6830e-02,-0.235,-0.45
3.6832e-02,-0.3,-0.155
3.6834e-02,-0.31,-0.47
3.6835e-02,-0.4,-0.135
3.6837e-02,-0.295,-0.465
3.6838e-02,-0.405,-0.135
3.6840e-02,-0.34,-0.455
3.6842e-02,-0.4,-0.145
3.6843e-02,-0.345,-0.465
3.6845e-02,-0.335,-0.135
3.6846e-02,-0.25,-0.505
3.6848e-02,-0.305,-0.1
3.6850e-02,-0.325,-0.465
3.6851e-02,-0.305,-0.14
3.6853e-02,-0.27,-0.46
3.6854e-02,-0.23,-0.14
3.6856e-02,-0.255,-0.45
3.6858e-02,-0.32,-0.16
3.6859e-02,-0.205,-0.455
3.6861e-02,-0.275,-0.15
3.6862e-02,-0.295,-0.475
3.6864e-02,-0.37,-0.135
3.6866e-02,-0.375,-0.47
3.6867e-02,-0.33,-0.135
3.6869e-02,-0.35,-0.455
3.6870e-02,-0.245,-0.15
3.6872e-02,-0.33,-0.475
3.6874e-02,-0.21,-0.135
3.6875e-02,-0.375,-0.455
3.6877e-02,-0.255,-0.145
3.6878e-02,-0.355,-0.445
3.6880e-02,-0.275,-0.155
3.6882e-02,-0.285,-0.435
3.6883e-02,-0.32,-0.165
3.6885e-02,-0.175,-0.47
3.6886e-02,-0.315,-0.14
3.6888e-02,-0.24,-0.44
3.6890e-02,-0.39,-0.16
3.6891e-02,-0.385,-0.435
3.6893e-02,-0.34,-0.17
3.6894e-02,-0.36,-0.465
3.6896e-02,-0.28,-0.14
3.6898e-02,-0.355,-0.455
3.6899e-02,-0.34,-0.15
3.6901e-02,-0.345,-0.455
3.6902e-02,-0.32,-0.145
3.6904e-02,-0.31,-0.46
3.6906e-02,-0.25,-0.145
3.6907e-02,-0.335,-0.465
3.6909e-02,-0.305,-0.145
3.6910e-02,-0.325,-0.445
3.6912e-02,-0.235,-0.16
3.6914e-02,-0.3,-0.435
3.6915e-02,-0.345,-0.17
3.6917e-02,-0.34,-0.445
3.6918e-02,-0.33,-0.165
3.6920e-02,-0.265,-0.47
3.6922e-02,-0.355,-0.13
3.6923e-02,-0.29,-0.465
3.6925e-02,-0.38,-0.14
3.6926e-02,-0.32,-0.455
3.6928e-02,-0.35,-0.155
3.6930e-02,-0.33,-0.465
3.6931e-02,-0.285,-0.145
3.6933e-02,-0.4,-0.47
3.6934e-02,-0.325,-0.135
3.6936e-02,-0.465,-0.45
3.6938e-02,-0.22,-0.155
3.6939e-02,-0.375,-0.475
3.6941e-02,-0.275,-0.13
3.6942e-02,-0.425,-0.46
3.6944e-02,-0.3,-0.155
3.6946e-02,-0.335,-0.48
3.6947e-02,-0.225,-0.135
3.6949e-02,-0.355,-0.435
3.6950e-02,-0.32,-0.175
3.6952e-02,-0.315,-0.48
3.6954e-02,-0.25,-0.13
3.6955e-02,-0.315,-0.465
3.6957e-02,-0.345,-0.15
3.6958e-02,-0.39,-0.46
3.6960e-02,-0.32,-0.145
3.6962e-02,-0.38,-0.455
3.6963e-02,-0.33,-0.155
3.6965e-02,-0.415,-0.46
3.6966e-02,-0.245,-0.15
3.6968e-02,-0.355,-0.46
3.6970e-02,-0.285,-0.145
3.6971e-02,-0.37,-0.455
3.6973e-02,-0.35,-0.155
3.6974e-02,-0.29,-0.475
3.6976e-02,-0.365,-0.14
3.6978e-02,-0.23,-0.47
3.6979e-02,-0.355,-0.14
3.6981e-02,-0.33,-0.455
3.6982e-02,-0.435,-0.155
3.6984e-02,-0.305,-0.45
3.6986e-02,-0.315,-0.16
3.6987e-02,-0.245,-0.45
3.6989e-02,-0.325,-0.15
3.6990e-02,-0.32,-0.45
3.6992e-02,-0.275,-0.155
3.6994e-02,-0.245,-0.445
3.6995e-02,-0.225,-0.165
3.6997e-02,-0.235,-0.47
3.6998e-02,-0.265,-0.13
3.7000e-02,-0.22,-0.43
3.7002e-02,-0.225,-0.17
3.7003e-02,-0.26,-0.475
3.7005e-02,-0.29,-0.14
3.7006e-02,-0.23,-0.495
3.7008e-02,-0.265,-0.115
3.7010e-02,-0.25,-0.455
3.7011e-02,-0.33,-0.15
3.7013e-02,-0.26,-0.45
3.7014e-02,-0.28,-0.16
3.7016e-02,-0.245,-0.435
3.7018e-02,-0.295,-0.165
3.7019e-02,-0.3,-0.455
3.7021e-02,-0.275,-0.15
3.7022e-02,-0.28,-0.47
3.7024e-02,-0.285,-0.14
3.7026e-02,-0.335,-0.46
3.7027e-02,-0.34,-0.145
3.7029e-02,-0.315,-0.455
3.7030e-02,-0.32,-0.15
3.7032e-02,-0.315,-0.455
3.7034e-02,-0.25,-0.155
3.7035e-02,-0.315,-0.46
3.7037e-02,-0.28,-0.15
3.7038e-02,-0.37,-0.47
3.7040e-02,-0.305,-0.135
3.7042e-02,-0.255,-0.46
3.7043e-02,-0.27,-0.145
3.7045e-02,-0.3,-0.445
3.7046e-02,-0.28,-0.16
3.7048e-02,-0.325,-0.48
3.7050e-02,-0.205,-0.13
3.7051e-02,-0.25,-0.44
3.7053e-02,-0.21,-0.165
3.7054e-02,-0.315,-0.475
3.7056e-02,-0.305,-0.13
3.7058e-02,-0.285,-0.465
3.7059e-02,-0.36,-0.14
3.7061e-02,-0.305,-0.445
3.7062e-02,-0.37,-0.165
3.7064e-02,-0.275,-0.465
3.7066e-02,-0.275,-0.14
3.7067e-02,-0.315,-0.45
3.7069e-02,-0.25,-0.155
3.7070e-02,-0.37,-0.485
3.7072e-02,-0.265,-0.13
3.7074e-02,-0.33,-0.455
3.7075e-02,-0.31,-0.155
3.7077e-02,-0.315,-0.465
3.7078e-02,-0.395,-0.15
3.7080e-02,-0.27,-0.47
3.7082e-02,-0.385,-0.135
3.7083e-02,-0.21,-0.455
3.7085e-02,-0.415,-0.16
3.7086e-02,-0.3,-0.47
3.7088e-02,-0.41,-0.14
3.7090e-02,-0.32,-0.48
3.7091e-02,-0.29,-0.145
3.7093e-02,-0.4,-0.49
3.7094e-02,-0.32,-0.125
3.7096e-02,-0.375,-0.46
3.7098e-02,-0.25,-0.15
3.7099e-02,-0.28,-0.495
3.7101e-02,-0.34,-0.125
3.7102e-02,-0.305,-0.47
3.7104e-02,-0.335,-0.14
3.7106e-02,-0.23,-0.47
3.7107e-02,-0.25,-0.14
3.7109e-02,-0.34,-0.45
3.7110e-02,-0.255,-0.165
3.7112e-02,-0.375,-0.46
3.7114e-02,-0.275,-0.15
3.7115e-02,-0.3,-0.46
3.7117e-02,-0.29,-0.145
3.7118e-02,-0.265,-0.45
3.7120e-02,-0.25,-0.165
3.7122e-02,-0.25,-0.455
3.7123e-02,-0.24,-0.155
3.7125e-02,-0.315,-0.455
3.7126e-02,-0.325,-0.16
3.7128e-02,-0.335,-0.475
3.7130e-02,-0.275,-0.14
3.7131e-02,-0.24,-0.455
3.7133e-02,-0.345,-0.155
3.7134e-02,-0.305,-0.515
3.7136e-02,-0.3,-0.1
3.7138e-02,-0.28,-0.46
3.7139e-02,-0.26,-0.155
3.7141e-02,-0.355,-0.47
3.7142e-02,-0.26,-0.14
3.7144e-02,-0.26,-0.49
3.7146e-02,-0.18,-0.12
3.7147e-02,-0.21,-0.47
3.7149e-02,-0.275,-0.14
3.7150e-02,-0.31,-0.49
3.7152e-02,-0.31,-0.12
3.7154e-02,-0.375,-0.465
3.7155e-02,-0.32,-0.145
3.7157e-02,-0.41,-0.46
3.7158e-02,-0.345,-0.15
3.7160e-02,-0.385,-0.455
3.7162e-02,-0.33,-0.155
3.7163e-02,-0.325,-0.445
3.7165e-02,-0.32,-0.165
3.7166e-02,-0.395,-0.465
3.7168e-02,-0.345,-0.15
3.7170e-02,-0.355,-0.44
3.7171e-02,-0.22,-0.17
3.7173e-02,-0.32,-0.435
3.7174e-02,-0.27,-0.17
3.7176e-02,-0.325,-0.45
3.7178e-02,-0.275,-0.155
3.7179e-02,-0.21,-0.44
3.7181e-02,-0.315,-0.17
3.7182e-02,-0.31,-0.455
3.7184e-02,-0.38,-0.155
3.7186e-02,-0.305,-0.47
3.7187e-02,-0.35,-0.13
3.7189e-02,-0.33,-0.47
3.7190e-02,-0.285,-0.14
3.7192e-02,-0.245,-0.475
3.7194e-02,-0.245,-0.145
3.7195e-02,-0.285,-0.51
3.7197e-02,-0.31,-0.105
3.7198e-02,-0.35,-0.475
3.7200e-02,-0.415,-0.13
3.7202e-02,-0.31,-0.48
3.7203e-02,-0.375,-0.135
3.7205e-02,-0.265,-0.49
3.7206e-02,-0.325,-0.125
3.7208e-02,-0.31,-0.46
3.7210e-02,-0.33,-0.155
3.7211e-02,-0.245,-0.445
3.7213e-02,-0.325,-0.165
3.7214e-02,-0.29,-0.465
3.7216e-02,-0.365,-0.14
3.7218e-02,-0.34,-0.445
3.7219e-02,-0.255,-0.16
3.7221e-02,-0.31,-0.45
3.7222e-02,-0.34,-0.165
3.7224e-02,-0.38,-0.48
3.7226e-02,-0.355,-0.13
3.7227e-02,-0.25,-0.485
3.7229e-02,-0.325,-0.14
3.7230e-02,-0.245,-0.465
3.7232e-02,-0.41,-0.15
3.7234e-02,-0.3,-0.47
3.7235e-02,-0.335,-0.15
3.7237e-02,-0.32,-0.46
3.7238e-02,-0.285,-0.16
3.7240e-02,-0.37,-0.455
3.7242e-02,-0.295,-0.16
3.7243e-02,-0.355,-0.445
3.7245e-02,-0.28,-0.165
3.7246e-02,-0.245,-0.47
3.7248e-02,-0.29,-0.15
3.7250e-02,-0.27,-0.435
3.7251e-02,-0.34,-0.175
3.7253e-02,-0.345,-0.485
3.7254e-02,-0.285,-0.14
3.7256e-02,-0.425,-0.47
3.7258e-02,-0.365,-0.155
3.7259e-02,-0.325,-0.475
3.7261e-02,-0.28,-0.15
3.7262e-02,-0.225,-0.47
3.7264e-02,-0.375,-0.145
3.7266e-02,-0.345,-0.49
3.7267e-02,-0.355,-0.125
3.7269e-02,-0.305,-0.51
3.7270e-02,-0.245,-0.11
3.7272e-02,-0.385,-0.45
3.7274e-02,-0.275,-0.16
3.7275e-02,-0.38,-0.45
3.7277e-02,-0.275,-0.17
3.7278e-02,-0.24,-0.455
3.7280e-02,-0.315,-0.165
3.7282e-02,-0.275,-0.47
3.7283e-02,-0.37,-0.145
3.7285e-02,-0.355,-0.445
3.7286e-02,-0.28,-0.17
3.7288e-02,-0.38,-0.455
3.7290e-02,-0.295,-0.16
3.7291e-02,-0.375,-0.445
3.7293e-02,-0.325,-0.16
3.7294e-02,-0.31,-0.465
3.7296e-02,-0.33,-0.14
3.7298e-02,-0.345,-0.47
3.7299e-02,-0.305,-0.15
3.7301e-02,-0.315,-0.45
3.7302e-02,-0.285,-0.16
3.7304e-02,-0.3,-0.445
3.7306e-02,-0.31,-0.165
3.7307e-02,-0.29,-0.46
3.7309e-02,-0.355,-0.15
3.7310e-02,-0.245,-0.475
3.7312e-02,-0.385,-0.135
3.7314e-02,-0.255,-0.455
3.7315e-02,-0.385,-0.16
3.7317e-02,-0.32,-0.455
3.7318e-02,-0.38,-0.155
3.7320e-02,-0.37,-0.445
3.7322e-02,-0.28,-0.16
3.7323e-02,-0.33,-0.48
3.7325e-02,-0.275,-0.13
3.7326e-02,-0.34,-0.43
3.7328e-02,-0.235,-0.175
3.7330e-02,-0.235,-0.445
3.7331e-02,-0.245,-0.165
3.7333e-02,-0.29,-0.44
3.7334e-02,-0.315,-0.17
3.7336e-02,-0.27,-0.48
3.7338e-02,-0.37,-0.125
3.7339e-02,-0.38,-0.45
3.7341e-02,-0.325,-0.155
3.7342e-02,-0.325,-0.44
3.7344e-02,-0.27,-0.165
3.7346e-02,-0.33,-0.45
3.7347e-02,-0.32,-0.165
3.7349e-02,-0.265,-0.475
3.7350e-02,-0.27,-0.13
3.7352e-02,-0.2,-0.46
3.7354e-02,-0.335,-0.155
3.7355e-02,-0.3,-0.445
3.7357e-02,-0.26,-0.155
3.7358e-02,-0.285,-0.46
3.7360e-02,-0.195,-0.15
3.7362e-02,-0.255,-0.445
3.7363e-02,-0.295,-0.155
3.7365e-02,-0.285,-0.475
3.7366e-02,-0.395,-0.14
3.7368e-02,-0.375,-0.465
3.7370e-02,-0.385,-0.15
3.7371e-02,-0.305,-0.475
3.7373e-02,-0.345,-0.135
3.7374e-02,-0.33,-0.46
3.7376e-02,-0.325,-0.15
3.7378e-02,-0.23,-0.435
3.7379e-02,-0.28,-0.175
3.7381e-02,-0.24,-0.465
3.7382e-02,-0.34,-0.155
3.7384e-02,-0.275,-0.5
3.7386e-02,-0.28,-0.115
3.7387e-02,-0.34,-0.47
3.7389e-02,-0.385,-0.135
3.7390e-02,-0.345,-0.465
3.7392e-02,-0.295,-0.155
3.7394e-02,-0.255,-0.485
3.7395e-02,-0.405,-0.13
3.7397e-02,-0.315,-0.475
3.7398e-02,-0.375,-0.145
3.7400e-02,-0.285,-0.445
3.7402e-02,-0.265,-0.17
3.7403e-02,-0.3,-0.495
3.7405e-02,-0.315,-0.13
3.7406e-02,-0.3,-0.465
3.7408e-02,-0.275,-0.155
3.7410e-02,-0.325,-0.45
3.7411e-02,-0.245,-0.16
3.7413e-02,-0.32,-0.485
3.7414e-02,-0.345,-0.14
3.7416e-02,-0.37,-0.45
3.7418e-02,-0.38,-0.16
3.7419e-02,-0.34,-0.485
3.7421e-02,-0.3,-0.135
3.7422e-02,-0.375,-0.49
3.7424e-02,-0.295,-0.13
3.7426e-02,-0.27,-0.485
3.7427e-02,-0.25,-0.14
3.7429e-02,-0.315,-0.455
3.7430e-02,-0.365,-0.16
3.7432e-02,-0.345,-0.455
3.7434e-02,-0.29,-0.16
3.7435e-02,-0.25,-0.51
3.7437e-02,-0.365,-0.115
3.7438e-02,-0.28,-0.48
3.7440e-02,-0.3,-0.14
3.7442e-02,-0.335,-0.485
3.7443e-02,-0.245,-0.14
3.7445e-02,-0.42,-0.48
3.7446e-02,-0.32,-0.145
3.7448e-02,-0.415,-0.465
3.7450e-02,-0.41,-0.155
3.7451e-02,-0.2,-0.465
3.7453e-02,-0.3,-0.15
3.7454e-02,-0.27,-0.49
3.7456e-02,-0.295,-0.135
3.7458e-02,-0.26,-0.49
3.7459e-02,-0.3,-0.135
3.7461e-02,-0.29,-0.475
3.7462e-02,-0.33,-0.15
3.7464e-02,-0.445,-0.5
3.7466e-02,-0.3,-0.125
3.7467e-02,-0.365,-0.465
3.7469e-02,-0.285,-0.15
3.7470e-02,-0.33,-0.47
3.7472e-02,-0.38,-0.145
3.7474e-02,-0.375,-0.49
3.7475e-02,-0.36,-0.13
3.7477e-02,-0.36,-0.495
3.7478e-02,-0.4,-0.13
3.7480e-02,-0.24,-0.5
3.7482e-02,-0.355,-0.115
3.7483e-02,-0.325,-0.445
3.7485e-02,-0.315,-0.175
3.7486e-02,-0.275,-0.465
3.7488e-02,-0.315,-0.15
3.7490e-02,-0.26,-0.465
3.7491e-02,-0.315,-0.155
3.7493e-02,-0.3,-0.455
3.7494e-02,-0.225,-0.165
3.7496e-02,-0.4,-0.465
3.7498e-02,-0.31,-0.16
3.7499e-02,-0.315,-0.475
3.7501e-02,-0.275,-0.14
3.7502e-02,-0.34,-0.475
3.7504e-02,-0.34,-0.135
3.7506e-02,-0.41,-0.465
3.7507e-02,-0.32,-0.15
3.7509e-02,-0.255,-0.49
3.7510e-02,-0.24,-0.135
3.7512e-02,-0.295,-0.505
3.7514e-02,-0.255,-0.12
3.7515e-02,-0.27,-0.465
3.7517e-02,-0.35,-0.155
3.7518e-02,-0.31,-0.475
3.7520e-02,-0.33,-0.14
3.7522e-02,-0.315,-0.455
3.7523e-02,-0.38,-0.165
3.7525e-02,-0.28,-0.485
3.7526e-02,-0.345,-0.135
3.7528e-02,-0.335,-0.45
3.7530e-02,-0.35,-0.17
3.7531e-02,-0.31,-0.475
3.7533e-02,-0.36,-0.15
3.7534e-02,-0.195,-0.5
3.7536e-02,-0.28,-0.125
3.7538e-02,-0.315,-0.47
3.7539e-02,-0.35,-0.145
3.7541e-02,-0.27,-0.475
3.7542e-02,-0.33,-0.15
3.7544e-02,-0.365,-0.465
3.7546e-02,-0.395,-0.16
3.7547e-02,-0.375,-0.47
3.7549e-02,-0.29,-0.16
3.7550e-02,-0.315,-0.48
3.7552e-02,-0.295,-0.145
3.7554e-02,-0.33,-0.475
3.7555e-02,-0.37,-0.145
3.7557e-02,-0.345,-0.465
3.7558e-02,-0.225,-0.16
3.7560e-02,-0.395,-0.48
3.7562e-02,-0.215,-0.14
3.7563e-02,-0.34,-0.48
3.7565e-02,-0.33,-0.14
3.7566e-02,-0.325,-0.465
3.7568e-02,-0.31,-0.155
3.7570e-02,-0.3,-0.47
3.7571e-02,-0.365,-0.15
3.7573e-02,-0.315,-0.47
3.7574e-02,-0.25,-0.145
3.7576e-02,-0.225,-0.48
3.7578e-02,-0.31,-0.145
3.7579e-02,-0.4,-0.465
3.7581e-02,-0.3,-0.155
3.7582e-02,-0.335,-0.455
3.7584e-02,-0.325,-0.16
3.7586e-02,-0.345,-0.465
3.7587e-02,-0.32,-0.15
3.7589e-02,-0.35,-0.48
3.7590e-02,-0.235,-0.14
3.7592e-02,-0.31,-0.45
3.7594e-02,-0.27,-0.165
3.7595e-02,-0.315,-0.47
3.7597e-02,-0.245,-0.15
3.7598e-02,-0.295,-0.47
3.7600e-02,-0.315,-0.145
3.7602e-02,-0.335,-0.455
3.7603e-02,-0.31,-0.16
3.7605e-02,-0.345,-0.475
3.7606e-02,-0.295,-0.145
3.7608e-02,-0.21,-0.445
3.7610e-02,-0.28,-0.17
3.7611e-02,-0.3,-0.475
3.7613e-02,-0.34,-0.14
3.7614e-02,-0.255,-0.47
3.7616e-02,-0.275,-0.145
3.7618e-02,-0.325,-0.45
3.7619e-02,-0.26,-0.155
3.7621e-02,-0.34,-0.445
3.7622e-02,-0.255,-0.16
3.7624e-02,-0.295,-0.49
3.7626e-02,-0.265,-0.135
3.7627e-02,-0.365,-0.475
3.7629e-02,-0.34,-0.14
3.7630e-02,-0.345,-0.45
3.7632e-02,-0.285,-0.16
3.7634e-02,-0.325,-0.47
3.7635e-02,-0.38,-0.15
3.7637e-02,-0.215,-0.485
3.7638e-02,-0.255,-0.135
3.7640e-02,-0.17,-0.495
3.7642e-02,-0.315,-0.13
3.7643e-02,-0.235,-0.465
3.7645e-02,-0.375,-0.155
3.7646e-02,-0.305,-0.465
3.7648e-02,-0.395,-0.15
3.7650e-02,-0.365,-0.48
3.7651e-02,-0.455,-0.145
3.7653e-02,-0.325,-0.51
3.7654e-02,-0.365,-0.105
3.7656e-02,-0.26,-0.505
3.7658e-02,-0.375,-0.12
3.7659e-02,-0.32,-0.475
3.7661e-02,-0.36,-0.145
3.7662e-02,-0.265,-0.515
3.7664e-02,-0.365,-0.11
3.7666e-02,-0.285,-0.455
3.7667e-02,-0.365,-0.16
3.7669e-02,-0.34,-0.47
3.7670e-02,-0.225,-0.15
3.7672e-02,-0.235,-0.51
3.7674e-02,-0.33,-0.13
3.7675e-02,-0.305,-0.465
3.7677e-02,-0.325,-0.165
3.7678e-02,-0.265,-0.465
3.7680e-02,-0.35,-0.16
3.7682e-02,-0.345,-0.475
3.7683e-02,-0.355,-0.155
3.7685e-02,-0.365,-0.475
3.7686e-02,-0.35,-0.15
3.7688e-02,-0.33,-0.475
3.7690e-02,-0.33,-0.155
3.7691e-02,-0.325,-0.485
3.7693e-02,-0.33,-0.14
3.7694e-02,-0.255,-0.465
3.7696e-02,-0.29,-0.16
3.7698e-02,-0.39,-0.475
3.7699e-02,-0.305,-0.15
3.7701e-02,-0.315,-0.46
3.7702e-02,-0.265,-0.17
3.7704e-02,-0.28,-0.465
3.7706e-02,-0.205,-0.16
3.7707e-02,-0.3,-0.49
3.7709e-02,-0.29,-0.135
3.7710e-02,-0.275,-0.46
3.7712e-02,-0.36,-0.165
3.7714e-02,-0.39,-0.48
3.7715e-02,-0.375,-0.145
3.7717e-02,-0.31,-0.48
3.7718e-02,-0.305,-0.145
3.7720e-02,-0.315,-0.455
3.7722e-02,-0.33,-0.17
3.7723e-02,-0.395,-0.455
3.7725e-02,-0.335,-0.17
3.7726e-02,-0.27,-0.45
3.7728e-02,-0.255,-0.165
3.7730e-02,-0.28,-0.47
3.7731e-02,-0.28,-0.15
3.7733e-02,-0.275,-0.495
3.7734e-02,-0.21,-0.135
3.7736e-02,-0.265,-0.475
3.7738e-02,-0.32,-0.155
3.7739e-02,-0.345,-0.475
3.7741e-02,-0.32,-0.145
3.7742e-02,-0.255,-0.465
3.7744e-02,-0.4,-0.16
3.7746e-02,-0.345,-0.455
3.7747e-02,-0.33,-0.16
3.7749e-02,-0.325,-0.48
3.7750e-02,-0.3,-0.14
3.7752e-02,-0.24,-0.505
3.7754e-02,-0.41,-0.115
3.7755e-02,-0.255,-0.485
3.7757e-02,-0.325,-0.135
3.7758e-02,-0.34,-0.47
3.7760e-02,-0.3,-0.14
3.7762e-02,-0.38,-0.505
3.7763e-02,-0.305,-0.125
3.7765e-02,-0.32,-0.465
3.7766e-02,-0.29,-0.15
3.7768e-02,-0.265,-0.48
3.7770e-02,-0.235,-0.145
3.7771e-02,-0.34,-0.48
3.7773e-02,-0.25,-0.145
3.7774e-02,-0.18,-0.45
3.7776e-02,-0.225,-0.17
3.7778e-02,-0.28,-0.475
3.7779e-02,-0.315,-0.155
3.7781e-02,-0.265,-0.475
3.7782e-02,-0.33,-0.14
3.7784e-02,-0.195,-0.465
3.7786e-02,-0.41,-0.165
3.7787e-02,-0.315,-0.485
3.7789e-02,-0.35,-0.14
3.7790e-02,-0.33,-0.465
3.7792e-02,-0.285,-0.155
3.7794e-02,-0.34,-0.45
3.7795e-02,-0.355,-0.17
3.7797e-02,-0.29,-0.465
3.7798e-02,-0.265,-0.165
3.7800e-02,-0.27,-0.47
3.7802e-02,-0.295,-0.165
3.7803e-02,-0.245,-0.48
3.7805e-02,-0.28,-0.14
3.7806e-02,-0.26,-0.485
3.7808e-02,-0.225,-0.135
3.7810e-02,-0.35,-0.48
3.7811e-02,-0.23,-0.145
3.7813e-02,-0.32,-0.49
3.7814e-02,-0.3,-0.14
3.7816e-02,-0.255,-0.485
3.7818e-02,-0.295,-0.135
3.7819e-02,-0.41,-0.495
3.7821e-02,-0.285,-0.14
3.7822e-02,-0.37,-0.475
3.7824e-02,-0.3,-0.15
3.7826e-02,-0.33,-0.465
3.7827e-02,-0.355,-0.165
3.7829e-02,-0.385,-0.495
3.7830e-02,-0.185,-0.15
3.7832e-02,-0.34,-0.48
3.7834e-02,-0.255,-0.15
3.7835e-02,-0.34,-0.48
3.7837e-02,-0.29,-0.15
3.7838e-02,-0.225,-0.475
3.7840e-02,-0.19,-0.15
3.7842e-02,-0.305,-0.465
3.7843e-02,-0.34,-0.165
3.7845e-02,-0.235,-0.51
3.7846e-02,-0.285,-0.12
3.7848e-02,-0.205,-0.475
3.7850e-02,-0.28,-0.15
3.7851e-02,-0.265,-0.48
3.7853e-02,-0.34,-0.15
3.7854e-02,-0.27,-0.47
3.7856e-02,-0.415,-0.16
3.7858e-02,-0.285,-0.475
3.7859e-02,-0.31,-0.145
3.7861e-02,-0.34,-0.49
3.7862e-02,-0.26,-0.13
3.7864e-02,-0.3,-0.5
3.7866e-02,-0.315,-0.13
3.7867e-02,-0.34,-0.465
3.7869e-02,-0.33,-0.16
3.7870e-02,-0.285,-0.465
3.7872e-02,-0.29,-0.16
3.7874e-02,-0.265,-0.485
3.7875e-02,-0.37,-0.14
3.7877e-02,-0.3,-0.465
3.7878e-02,-0.35,-0.165
3.7880e-02,-0.29,-0.47
3.7882e-02,-0.37,-0.15
3.7883e-02,-0.31,-0.475
3.7885e-02,-0.415,-0.145
3.7886e-02,-0.255,-0.49
3.7888e-02,-0.285,-0.14
3.7890e-02,-0.285,-0.455
3.7891e-02,-0.31,-0.17
3.7893e-02,-0.305,-0.44
3.7894e-02,-0.31,-0.185
3.7896e-02,-0.32,-0.49
3.7898e-02,-0.265,-0.135
3.7899e-02,-0.375,-0.46
3.7901e-02,-0.33,-0.16
3.7902e-02,-0.315,-0.45
3.7904e-02,-0.315,-0.17
3.7906e-02,-0.28,-0.48
3.7907e-02,-0.255,-0.14
3.7909e-02,-0.34,-0.475
3.7910e-02,-0.25,-0.15
3.7912e-02,-0.315,-0.475
3.7914e-02,-0.235,-0.155
3.7915e-02,-0.335,-0.48
3.7917e-02,-0.3,-0.14
3.7918e-02,-0.31,-0.47
3.7920e-02,-0.28,-0.155
3.7922e-02,-0.275,-0.475
3.7923e-02,-0.39,-0.15
3.7925e-02,-0.285,-0.46
3.7926e-02,-0.26,-0.155
3.7928e-02,-0.22,-0.485
3.7930e-02,-0.25,-0.14
3.7931e-02,-0.255,-0.455
3.7933e-02,-0.325,-0.16
3.7934e-02,-0.28,-0.485
3.7936e-02,-0.385,-0.14
3.7938e-02,-0.315,-0.46
3.7939e-02,-0.36,-0.165
3.7941e-02,-0.305,-0.49
3.7942e-02,-0.36,-0.13
3.7944e-02,-0.25,-0.515
3.7946e-02,-0.29,-0.11
3.7947e-02,-0.225,-0.525
3.7949e-02,-0.285,-0.105
3.7950e-02,-0.35,-0.49
3.7952e-02,-0.34,-0.135
3.7954e-02,-0.33,-0.49
3.7955e-02,-0.385,-0.14
3.7957e-02,-0.35,-0.49
3.7958e-02,-0.435,-0.145
3.7960e-02,-0.23,-0.47
3.7962e-02,-0.245,-0.165
3.7963e-02,-0.27,-0.46
3.7965e-02,-0.335,-0.175
3.7966e-02,-0.25,-0.475
3.7968e-02,-0.36,-0.155
3.7970e-02,-0.28,-0.48
3.7971e-02,-0.36,-0.155
3.7973e-02,-0.325,-0.46
3.7974e-02,-0.265,-0.17
3.7976e-02,-0.29,-0.5
3.7978e-02,-0.27,-0.135
3.7979e-02,-0.285,-0.48
3.7981e-02,-0.38,-0.15
3.7982e-02,-0.305,-0.515
3.7984e-02,-0.425,-0.12
3.7986e-02,-0.28,-0.47
3.7987e-02,-0.265,-0.165
3.7989e-02,-0.29,-0.47
3.7990e-02,-0.405,-0.165
3.7992e-02,-0.335,-0.485
3.7994e-02,-0.34,-0.155
3.7995e-02,-0.32,-0.485
3.7997e-02,-0.295,-0.16
3.7998e-02,-0.435,-0.485
3.8000e-02,-0.265,-0.145
3.8002e-02,-0.345,-0.46
3.8003e-02,-0.24,-0.18
3.8005e-02,-0.275,-0.48
3.8006e-02,-0.29,-0.155
3.8008e-02,-0.245,-0.48
3.8010e-02,-0.285,-0.16
3.8011e-02,-0.31,-0.455
3.8013e-02,-0.35,-0.18
3.8014e-02,-0.365,-0.51
3.8016e-02,-0.355,-0.135
3.8018e-02,-0.35,-0.475
3.8019e-02,-0.365,-0.155
3.8021e-02,-0.375,-0.47
3.8022e-02,-0.355,-0.16
3.8024e-02,-0.35,-0.485
3.8026e-02,-0.195,-0.16
3.8027e-02,-0.24,-0.495
3.8029e-02,-0.215,-0.135
3.8030e-02,-0.3,-0.465
3.8032e-02,-0.35,-0.165
3.8034e-02,-0.415,-0.455
3.8035e-02,-0.33,-0.17
3.8037e-02,-0.345,-0.495
3.8038e-02,-0.38,-0.14
3.8040e-02,-0.32,-0.47
3.8042e-02,-0.29,-0.165
3.8043e-02,-0.245,-0.495
3.8045e-02,-0.23,-0.14
3.8046e-02,-0.295,-0.445
3.8048e-02,-0.34,-0.18
3.8050e-02,-0.265,-0.48
3.8051e-02,-0.32,-0.15
3.8053e-02,-0.285,-0.49
3.8054e-02,-0.28,-0.14
3.8056e-02,-0.285,-0.5
3.8058e-02,-0.25,-0.135
3.8059e-02,-0.23,-0.48
3.8061e-02,-0.295,-0.145
3.8062e-02,-0.335,-0.525
3.8064e-02,-0.305,-0.095
3.8066e-02,-0.365,-0.48
3.8067e-02,-0.27,-0.145
3.8069e-02,-0.275,-0.475
3.8070e-02,-0.24,-0.15
3.8072e-02,-0.315,-0.49
3.8074e-02,-0.255,-0.14
3.8075e-02,-0.315,-0.49
3.8077e-02,-0.325,-0.14
3.8078e-02,-0.31,-0.505
3.8080e-02,-0.38,-0.13
3.8082e-02,-0.255,-0.475
3.8083e-02,-0.305,-0.155
3.8085e-02,-0.225,-0.51
3.8086e-02,-0.41,-0.125
3.8088e-02,-0.355,-0.49
3.8090e-02,-0.29,-0.13
3.8091e-02,-0.275,-0.49
3.8093e-02,-0.26,-0.135
3.8094e-02,-0.32,-0.505
3.8096e-02,-0.28,-0.12
3.8098e-02,-0.35,-0.475
3.8099e-02,-0.295,-0.155
3.8101e-02,-0.27,-0.475
3.8102e-02,-0.315,-0.145
3.8104e-02,-0.28,-0.46
3.8106e-02,-0.23,-0.17
3.8107e-02,-0.245,-0.515
3.8109e-02,-0.31,-0.125
3.8110e-02,-0.33,-0.485
3.8112e-02,-0.34,-0.14
3.8114e-02,-0.385,-0.48
3.8115e-02,-0.32,-0.14
3.8117e-02,-0.255,-0.47
3.8118e-02,-0.315,-0.155
3.8120e-02,-0.325,-0.465
3.8122e-02,-0.28,-0.165
3.8123e-02,-0.3,-0.475
3.8125e-02,-0.265,-0.165
3.8126e-02,-0.34,-0.455
3.8128e-02,-0.265,-0.17
3.8130e-02,-0.375,-0.47
3.8131e-02,-0.18,-0.16
3.8133e-02,-0.31,-0.49
3.8134e-02,-0.265,-0.14
3.8136e-02,-0.45,-0.505
3.8138e-02,-0.255,-0.14
3.8139e-02,-0.385,-0.49
3.8141e-02,-0.3,-0.145
3.8142e-02,-0.365,-0.49
3.8144e-02,-0.3,-0.145
3.8146e-02,-0.33,-0.48
3.8147e-02,-0.255,-0.16
3.8149e-02,-0.295,-0.47
3.8150e-02,-0.325,-0.165
3.8152e-02,-0.395,-0.49
3.8154e-02,-0.325,-0.145
3.8155e-02,-0.32,-0.47
3.8157e-02,-0.365,-0.155
3.8158e-02,-0.29,-0.475
3.8160e-02,-0.3,-0.165
3.8162e-02,-0.375,-0.48
3.8163e-02,-0.34,-0.15
3.8165e-02,-0.35,-0.515
3.8166e-02,-0.34,-0.12
3.8168e-02,-0.405,-0.515
3.8170e-02,-0.275,-0.12
3.8171e-02,-0.285,-0.48
3.8173e-02,-0.2,-0.155
3.8174e-02,-0.28,-0.455
3.8176e-02,-0.29,-0.18
3.8178e-02,-0.35,-0.465
3.8179e-02,-0.3,-0.175
3.8181e-02,-0.315,-0.485
3.8182e-02,-0.305,-0.145
3.8184e-02,-0.375,-0.49
3.8186e-02,-0.21,-0.15
3.8187e-02,-0.29,-0.46
3.8189e-02,-0.29,-0.18
3.8190e-02,-0.34,-0.48
3.8192e-02,-0.325,-0.15
3.8194e-02,-0.36,-0.455
3.8195e-02,-0.32,-0.175
3.8197e-02,-0.33,-0.45
3.8198e-02,-0.31,-0.185
3.8200e-02,-0.385,-0.455
3.8202e-02,-0.315,-0.17
3.8203e-02,-0.33,-0.48
3.8205e-02,-0.33,-0.155
3.8206e-02,-0.305,-0.45
3.8208e-02,-0.37,-0.175
3.8210e-02,-0.3,-0.455
3.8211e-02,-0.305,-0.175
3.8213e-02,-0.31,-0.46
3.8214e-02,-0.265,-0.17
3.8216e-02,-0.325,-0.475
3.8218e-02,-0.27,-0.165
3.8219e-02,-0.275,-0.52
3.8221e-02,-0.19,-0.115
3.8222e-02,-0.285,-0.455
3.8224e-02,-0.34,-0.175
3.8226e-02,-0.21,-0.485
3.8227e-02,-0.255,-0.14
3.8229e-02,-0.26,-0.49
3.8230e-02,-0.345,-0.14
3.8232e-02,-0.3,-0.47
3.8234e-02,-0.285,-0.165
3.8235e-02,-0.32,-0.47
3.8237e-02,-0.305,-0.17
3.8238e-02,-0.37,-0.45
3.8240e-02,-0.32,-0.175
3.8242e-02,-0.35,-0.495
3.8243e-02,-0.27,-0.135
3.8245e-02,-0.385,-0.485
3.8246e-02,-0.365,-0.155
3.8248e-02,-0.305,-0.485
3.8250e-02,-0.3,-0.15
3.8251e-02,-0.275,-0.48
3.8253e-02,-0.255,-0.155
3.8254e-02,-0.255,-0.49
3.8256e-02,-0.3,-0.145
3.8258e-02,-0.275,-0.475
3.8259e-02,-0.27,-0.165
3.8261e-02,-0.345,-0.465
3.8262e-02,-0.37,-0.17
3.8264e-02,-0.31,-0.48
3.8266e-02,-0.355,-0.155
3.8267e-02,-0.28,-0.49
3.8269e-02,-0.27,-0.15
3.8270e-02,-0.355,-0.495
3.8272e-02,-0.345,-0.145
3.8274e-02,-0.295,-0.455
3.8275e-02,-0.31,-0.18
3.8277e-02,-0.385,-0.475
3.8278e-02,-0.33,-0.16
3.8280e-02,-0.3,-0.465
3.8282e-02,-0.28,-0.175
3.8283e-02,-0.215,-0.49
3.8285e-02,-0.38,-0.16
3.8286e-02,-0.35,-0.495
3.8288e-02,-0.3,-0.145
3.8290e-02,-0.36,-0.455
3.8291e-02,-0.395,-0.185
3.8293e-02,-0.415,-0.465
3.8294e-02,-0.28,-0.175
3.8296e-02,-0.31,-0.475
3.8298e-02,-0.255,-0.165
3.8299e-02,-0.26,-0.475
3.8301e-02,-0.255,-0.165
3.8302e-02,-0.275,-0.46
3.8304e-02,-0.185,-0.17
3.8306e-02,-0.265,-0.465
3.8307e-02,-0.265,-0.175
3.8309e-02,-0.275,-0.48
3.8310e-02,-0.3,-0.16
3.8312e-02,-0.31,-0.47
3.8314e-02,-0.285,-0.165
3.8315e-02,-0.33,-0.475
3.8317e-02,-0.375,-0.16
3.8318e-02,-0.365,-0.49
3.8320e-02,-0.33,-0.145
3.8322e-02,-0.35,-0.5
3.8323e-02,-0.325,-0.14
3.8325e-02,-0.375,-0.51
3.8326e-02,-0.36,-0.135
3.8328e-02,-0.34,-0.495
3.8330e-02,-0.31,-0.145
3.8331e-02,-0.405,-0.49
3.8333e-02,-0.335,-0.15
3.8334e-02,-0.315,-0.495
3.8336e-02,-0.29,-0.15
3.8338e-02,-0.325,-0.475
3.8339e-02,-0.385,-0.16
3.8341e-02,-0.29,-0.465
3.8342e-02,-0.265,-0.17
3.8344e-02,-0.325,-0.49
3.8346e-02,-0.31,-0.145
3.8347e-02,-0.305,-0.46
3.8349e-02,-0.315,-0.17
3.8350e-02,-0.315,-0.49
3.8352e-02,-0.35,-0.145
3.8354e-02,-0.365,-0.465
3.8355e-02,-0.43,-0.175
3.8357e-02,-0.265,-0.455
3.8358e-02,-0.33,-0.175
3.8360e-02,-0.32,-0.49
3.8362e-02,-0.31,-0.145
3.8363e-02,-0.245,-0.465
3.8365e-02,-0.285,-0.18
3.8366e-02,-0.255,-0.515
3.8368e-02,-0.34,-0.115
3.8370e-02,-0.34,-0.47
3.8371e-02,-0.345,-0.16
3.8373e-02,-0.305,-0.47
3.8374e-02,-0.25,-0.17
3.8376e-02,-0.325,-0.475
3.8378e-02,-0.245,-0.165
3.8379e-02,-0.355,-0.465
3.8381e-02,-0.305,-0.165
3.8382e-02,-0.365,-0.475
3.8384e-02,-0.31,-0.16
3.8386e-02,-0.405,-0.475
3.8387e-02,-0.265,-0.16
3.8389e-02,-0.28,-0.51
3.8390e-02,-0.28,-0.12
3.8392e-02,-0.38,-0.5
3.8394e-02,-0.28,-0.135
3.8395e-02,-0.34,-0.48
3.8397e-02,-0.34,-0.155
3.8398e-02,-0.415,-0.48
3.8400e-02,-0.405,-0.16
3.8402e-02,-0.41,-0.47
3.8403e-02,-0.35,-0.165
3.8405e-02,-0.325,-0.485
3.8406e-02,-0.335,-0.16
3.8408e-02,-0.42,-0.465
3.8410e-02,-0.245,-0.17
3.8411e-02,-0.28,-0.47
3.8413e-02,-0.29,-0.165
3.8414e-02,-0.39,-0.485
3.8416e-02,-0.26,-0.15
3.8418e-02,-0.295,-0.5
3.8419e-02,-0.255,-0.14
3.8421e-02,-0.385,-0.505
3.8422e-02,-0.305,-0.14
3.8424e-02,-0.38,-0.48
3.8426e-02,-0.305,-0.16
3.8427e-02,-0.345,-0.505
3.8429e-02,-0.315,-0.135
3.8430e-02,-0.395,-0.48
3.8432e-02,-0.335,-0.16
3.8434e-02,-0.285,-0.48
3.8435e-02,-0.35,-0.16
3.8437e-02,-0.31,-0.49
3.8438e-02,-0.335,-0.155
3.8440e-02,-0.22,-0.48
3.8442e-02,-0.275,-0.155
3.8443e-02,-0.37,-0.47
3.8445e-02,-0.25,-0.175
3.8446e-02,-0.35,-0.495
3.8448e-02,-0.27,-0.14
3.8450e-02,-0.38,-0.47
3.8451e-02,-0.295,-0.165
3.8453e-02,-0.345,-0.48
3.8454e-02,-0.295,-0.16
3.8456e-02,-0.29,-0.49
3.8458e-02,-0.275,-0.155
3.8459e-02,-0.27,-0.505
3.8461e-02,-0.34,-0.14
3.8462e-02,-0.32,-0.475
3.8464e-02,-0.29,-0.17
3.8466e-02,-0.27,-0.53
3.8467e-02,-0.335,-0.11
3.8469e-02,-0.41,-0.495
3.8470e-02,-0.32,-0.14
3.8472e-02,-0.345,-0.475
3.8474e-02,-0.33,-0.165
3.8475e-02,-0.455,-0.495
3.8477e-02,-0.26,-0.15
3.8478e-02,-0.315,-0.51
3.8480e-02,-0.185,-0.145
3.8482e-02,-0.335,-0.46
3.8483e-02,-0.295,-0.18
3.8485e-02,-0.3,-0.475
3.8486e-02,-0.36,-0.165
3.8488e-02,-0.39,-0.475
3.8490e-02,-0.375,-0.17
3.8491e-02,-0.355,-0.49
3.8493e-02,-0.26,-0.16
3.8494e-02,-0.275,-0.5
3.8496e-02,-0.245,-0.145
3.8498e-02,-0.305,-0.485
3.8499e-02,-0.28,-0.16
3.8501e-02,-0.27,-0.47
3.8502e-02,-0.3,-0.17
3.8504e-02,-0.37,-0.49
3.8506e-02,-0.365,-0.155
3.8507e-02,-0.36,-0.465
3.8509e-02,-0.335,-0.17
3.8510e-02,-0.315,-0.47
3.8512e-02,-0.35,-0.175
3.8514e-02,-0.275,-0.465
3.8515e-02,-0.3,-0.175
3.8517e-02,-0.245,-0.495
3.8518e-02,-0.31,-0.15
3.8520e-02,-0.28,-0.465
3.8522e-02,-0.28,-0.17
3.8523e-02,-0.25,-0.495
3.8525e-02,-0.205,-0.15
3.8526e-02,-0.28,-0.47
3.8528e-02,-0.21,-0.17
3.8530e-02,-0.305,-0.515
3.8531e-02,-0.27,-0.12
3.8533e-02,-0.315,-0.49
3.8534e-02,-0.265,-0.155
3.8536e-02,-0.37,-0.47
3.8538e-02,-0.375,-0.17
3.8539e-02,-0.315,-0.47
3.8541e-02,-0.3,-0.185
3.8542e-02,-0.345,-0.47
3.8544e-02,-0.405,-0.175
3.8546e-02,-0.325,-0.5
3.8547e-02,-0.305,-0.145
3.8549e-02,-0.33,-0.485
3.8550e-02,-0.43,-0.16
3.8552e-02,-0.315,-0.49
3.8554e-02,-0.28,-0.155
3.8555e-02,-0.27,-0.505
3.8557e-02,-0.325,-0.14
3.8558e-02,-0.305,-0.48
3.8560e-02,-0.245,-0.165
3.8562e-02,-0.265,-0.49
3.8563e-02,-0.27,-0.155
3.8565e-02,-0.32,-0.46
3.8566e-02,-0.33,-0.185
3.8568e-02,-0.345,-0.48
3.8570e-02,-0.395,-0.16
3.8571e-02,-0.285,-0.475
3.8573e-02,-0.42,-0.165
3.8574e-02,-0.37,-0.475
3.8576e-02,-0.375,-0.17
3.8578e-02,-0.32,-0.475
3.8579e-02,-0.35,-0.165
3.8581e-02,-0.3,-0.485
3.8582e-02,-0.36,-0.16
3.8584e-02,-0.18,-0.475
3.8586e-02,-0.275,-0.17
3.8587e-02,-0.225,-0.47
3.8589e-02,-0.305,-0.165
3.8590e-02,-0.26,-0.465
3.8592e-02,-0.4,-0.18
3.8594e-02,-0.275,-0.47
3.8595e-02,-0.335,-0.165
3.8597e-02,-0.37,-0.48
3.8598e-02,-0.36,-0.165
3.8600e-02,-0.29,-0.475
3.8602e-02,-0.24,-0.165
3.8603e-02,-0.34,-0.47
3.8605e-02,-0.33,-0.17
3.8606e-02,-0.25,-0.49
3.8608e-02,-0.265,-0.155
3.8610e-02,-0.31,-0.485
3.8611e-02,-0.325,-0.155
3.8613e-02,-0.35,-0.455
3.8614e-02,-0.305,-0.185
3.8616e-02,-0.325,-0.48
3.8618e-02,-0.27,-0.165
3.8619e-02,-0.39,-0.475
3.8621e-02,-0.32,-0.165
3.8622e-02,-0.335,-0.475
3.8624e-02,-0.26,-0.17
3.8626e-02,-0.39,-0.465
3.8627e-02,-0.325,-0.175
3.8629e-02,-0.335,-0.475
3.8630e-02,-0.27,-0.165
3.8632e-02,-0.335,-0.47
3.8634e-02,-0.29,-0.175
3.8635e-02,-0.285,-0.49
3.8637e-02,-0.3,-0.155
3.8638e-02,-0.24,-0.475
3.8640e-02,-0.26,-0.175
3.8642e-02,-0.24,-0.475
3.8643e-02,-0.39,-0.16
3.8645e-02,-0.3,-0.48
3.8646e-02,-0.35,-0.16
3.8648e-02,-0.38,-0.47
3.8650e-02,-0.355,-0.17
3.8651e-02,-0.46,-0.48
3.8653e-02,-0.365,-0.165
3.8654e-02,-0.345,-0.475
3.8656e-02,-0.285,-0.17
3.8658e-02,-0.33,-0.46
3.8659e-02,-0.375,-0.18
3.8661e-02,-0.225,-0.475
3.8662e-02,-0.305,-0.16
3.8664e-02,-0.35,-0.49
3.8666e-02,-0.305,-0.15
3.8667e-02,-0.31,-0.455
3.8669e-02,-0.285,-0.185
3.8670e-02,-0.235,-0.51
3.8672e-02,-0.34,-0.135
3.8674e-02,-0.35,-0.495
3.8675e-02,-0.41,-0.145
3.8677e-02,-0.31,-0.485
3.8678e-02,-0.375,-0.155
3.8680e-02,-0.43,-0.48
3.8682e-02,-0.36,-0.17
3.8683e-02,-0.365,-0.48
3.8685e-02,-0.395,-0.165
3.8686e-02,-0.305,-0.48
3.8688e-02,-0.365,-0.17
3.8690e-02,-0.33,-0.47
3.8691e-02,-0.375,-0.175
3.8693e-02,-0.32,-0.465
3.8694e-02,-0.355,-0.175
3.8696e-02,-0.39,-0.475
3.8698e-02,-0.33,-0.175
3.8699e-02,-0.395,-0.475
3.8701e-02,-0.36,-0.17
3.8702e-02,-0.335,-0.465
3.8704e-02,-0.395,-0.18
3.8706e-02,-0.47,-0.485
3.8707e-02,-0.325,-0.16
3.8709e-02,-0.355,-0.505
3.8710e-02,-0.4,-0.15
3.8712e-02,-0.365,-0.485
3.8714e-02,-0.31,-0.165
3.8715e-02,-0.315,-0.475
3.8717e-02,-0.21,-0.17
3.8718e-02,-0.365,-0.495
3.8720e-02,-0.35,-0.16
3.8722e-02,-0.41,-0.48
3.8723e-02,-0.2,-0.17
3.8725e-02,-0.325,-0.505
3.8726e-02,-0.31,-0.14
3.8728e-02,-0.295,-0.51
3.8730e-02,-0.355,-0.135
3.8731e-02,-0.32,-0.495
3.8733e-02,-0.32,-0.155
3.8734e-02,-0.365,-0.49
3.8736e-02,-0.365,-0.16
3.8738e-02,-0.255,-0.48
3.8739e-02,-0.37,-0.16
3.8741e-02,-0.29,-0.51
3.8742e-02,-0.35,-0.14
3.8744e-02,-0.325,-0.5
3.8746e-02,-0.33,-0.15
3.8747e-02,-0.26,-0.49
3.8749e-02,-0.375,-0.16
3.8750e-02,-0.305,-0.515
3.8752e-02,-0.345,-0.14
3.8754e-02,-0.305,-0.5
3.8755e-02,-0.355,-0.155
3.8757e-02,-0.305,-0.49
3.8758e-02,-0.37,-0.155
3.8760e-02,-0.34,-0.485
3.8762e-02,-0.325,-0.16
3.8763e-02,-0.335,-0.485
3.8765e-02,-0.42,-0.17
3.8766e-02,-0.32,-0.495
3.8768e-02,-0.38,-0.15
3.8770e-02,-0.31,-0.48
3.8771e-02,-0.285,-0.165
3.8773e-02,-0.355,-0.49
3.8774e-02,-0.34,-0.155
3.8776e-02,-0.32,-0.485
3.8778e-02,-0.29,-0.16
3.8779e-02,-0.39,-0.48
3.8781e-02,-0.35,-0.16
3.8782e-02,-0.375,-0.465
3.8784e-02,-0.33,-0.18
3.8786e-02,-0.26,-0.48
3.8787e-02,-0.34,-0.17
3.8789e-02,-0.405,-0.475
3.8790e-02,-0.335,-0.17
3.8792e-02,-0.355,-0.475
3.8794e-02,-0.325,-0.175
3.8795e-02,-0.37,-0.465
3.8797e-02,-0.28,-0.18
3.8798e-02,-0.32,-0.495
3.8800e-02,-0.2,-0.145
3.8802e-02,-0.29,-0.48
3.8803e-02,-0.35,-0.16
3.8805e-02,-0.325,-0.5
3.8806e-02,-0.3,-0.15
3.8808e-02,-0.355,-0.51
3.8810e-02,-0.375,-0.135
3.8811e-02,-0.33,-0.495
3.8813e-02,-0.26,-0.145
3.8814e-02,-0.31,-0.475
3.8816e-02,-0.18,-0.17
3.8818e-02,-0.425,-0.48
3.8819e-02,-0.26,-0.155
3.8821e-02,-0.345,-0.495
3.8822e-02,-0.35,-0.15
3.8824e-02,-0.365,-0.49
3.8826e-02,-0.32,-0.155
3.8827e-02,-0.325,-0.51
3.8829e-02,-0.29,-0.135
3.8830e-02,-0.26,-0.485
3.8832e-02,-0.31,-0.17
3.8834e-02,-0.315,-0.485
3.8835e-02,-0.345,-0.16
3.8837e-02,-0.395,-0.5
3.8838e-02,-0.305,-0.15
3.8840e-02,-0.375,-0.54
3.8842e-02,-0.395,-0.115
3.8843e-02,-0.395,-0.555
3.8845e-02,-0.305,-0.1
3.8846e-02,-0.28,-0.48
3.8848e-02,-0.29,-0.17
3.8850e-02,-0.23,-0.5
3.8851e-02,-0.385,-0.145
3.8853e-02,-0.225,-0.49
3.8854e-02,-0.355,-0.16
3.8856e-02,-0.345,-0.5
3.8858e-02,-0.39,-0.15
3.8859e-02,-0.265,-0.48
3.8861e-02,-0.36,-0.16
3.8862e-02,-0.33,-0.49
3.8864e-02,-0.41,-0.165
3.8866e-02,-0.335,-0.485
3.8867e-02,-0.27,-0.17
3.8869e-02,-0.345,-0.475
3.8870e-02,-0.37,-0.18
3.8872e-02,-0.335,-0.5
3.8874e-02,-0.355,-0.145
3.8875e-02,-0.285,-0.48
3.8877e-02,-0.305,-0.175
3.8878e-02,-0.28,-0.455
3.8880e-02,-0.3,-0.19
3.8882e-02,-0.245,-0.475
3.8883e-02,-0.375,-0.17
3.8885e-02,-0.3,-0.495
3.8886e-02,-0.365,-0.16
3.8888e-02,-0.315,-0.485
3.8890e-02,-0.325,-0.17
3.8891e-02,-0.23,-0.495
3.8893e-02,-0.34,-0.16
3.8894e-02,-0.265,-0.49
3.8896e-02,-0.35,-0.165
3.8898e-02,-0.365,-0.48
3.8899e-02,-0.345,-0.17
3.8901e-02,-0.395,-0.465
3.8902e-02,-0.435,-0.18
3.8904e-02,-0.315,-0.47
3.8906e-02,-0.3,-0.18
3.8907e-02,-0.245,-0.5
3.8909e-02,-0.325,-0.15
3.8910e-02,-0.33,-0.49
3.8912e-02,-0.35,-0.155
3.8914e-02,-0.29,-0.485
3.8915e-02,-0.375,-0.17
3.8917e-02,-0.385,-0.48
3.8918e-02,-0.27,-0.17
3.8920e-02,-0.325,-0.48
3.8922e-02,-0.24,-0.175
3.8923e-02,-0.35,-0.49
3.8925e-02,-0.425,-0.165
3.8926e-02,-0.245,-0.47
3.8928e-02,-0.34,-0.17
3.8930e-02,-0.3,-0.495
3.8931e-02,-0.34,-0.15
3.8933e-02,-0.385,-0.495
3.8934e-02,-0.315,-0.155
3.8936e-02,-0.365,-0.47
3.8938e-02,-0.31,-0.18
3.8939e-02,-0.39,-0.455
3.8941e-02,-0.245,-0.19
3.8942e-02,-0.33,-0.47
3.8944e-02,-0.275,-0.17
3.8946e-02,-0.37,-0.46
3.8947e-02,-0.355,-0.185
3.8949e-02,-0.38,-0.495
3.8950e-02,-0.28,-0.155
3.8952e-02,-0.34,-0.495
3.8954e-02,-0.32,-0.15
3.8955e-02,-0.33,-0.49
3.8957e-02,-0.305,-0.165
3.8958e-02,-0.245,-0.49
3.8960e-02,-0.305,-0.16
3.8962e-02,-0.27,-0.49
3.8963e-02,-0.37,-0.165
3.8965e-02,-0.28,-0.49
3.8966e-02,-0.345,-0.16
3.8968e-02,-0.32,-0.5
3.8970e-02,-0.355,-0.15
3.8971e-02,-0.28,-0.47
3.8973e-02,-0.265,-0.17
3.8974e-02,-0.28,-0.475
3.8976e-02,-0.255,-0.17
3.8978e-02,-0.385,-0.465
3.8979e-02,-0.245,-0.19
3.8981e-02,-0.27,-0.47
3.8982e-02,-0.295,-0.175
3.8984e-02,-0.255,-0.495
3.8986e-02,-0.31,-0.155
3.8987e-02,-0.245,-0.49
3.8989e-02,-0.245,-0.165
3.8990e-02,-0.305,-0.495
3.8992e-02,-0.35,-0.15
3.8994e-02,-0.34,-0.475
3.8995e-02,-0.365,-0.18
3.8997e-02,-0.255,-0.48
3.8998e-02,-0.385,-0.17
3.9000e-02,-0.395,-0.47
3.9002e-02,-0.32,-0.19
3.9003e-02,-0.35,-0.48
3.9005e-02,-0.34,-0.175
3.9006e-02,-0.375,-0.505
3.9008e-02,-0.34,-0.16
3.9010e-02,-0.32,-0.495
3.9011e-02,-0.21,-0.165
3.9013e-02,-0.315,-0.5
3.9014e-02,-0.325,-0.15
3.9016e-02,-0.26,-0.495
3.9018e-02,-0.35,-0.155
3.9019e-02,-0.3,-0.535
3.9021e-02,-0.36,-0.125
3.9022e-02,-0.355,-0.525
3.9024e-02,-0.21,-0.13
3.9026e-02,-0.315,-0.5
3.9027e-02,-0.265,-0.165
3.9029e-02,-0.305,-0.495
3.9030e-02,-0.33,-0.17
3.9032e-02,-0.315,-0.49
3.9034e-02,-0.31,-0.165
3.9035e-02,-0.285,-0.47
3.9037e-02,-0.38,-0.19
3.9038e-02,-0.29,-0.485
3.9040e-02,-0.43,-0.17
3.9042e-02,-0.34,-0.495
3.9043e-02,-0.385,-0.165
3.9045e-02,-0.385,-0.51
3.9046e-02,-0.37,-0.155
3.9048e-02,-0.28,-0.505
3.9050e-02,-0.305,-0.155
3.9051e-02,-0.285,-0.475
3.9053e-02,-0.32,-0.185
3.9054e-02,-0.335,-0.485
3.9056e-02,-0.33,-0.17
3.9058e-02,-0.245,-0.485
3.9059e-02,-0.34,-0.17
3.9061e-02,-0.39,-0.47
3.9062e-02,-0.245,-0.185
3.9064e-02,-0.31,-0.47
3.9066e-02,-0.325,-0.175
3.9067e-02,-0.365,-0.475
3.9069e-02,-0.365,-0.185
3.9070e-02,-0.365,-0.49
3.9072e-02,-0.2,-0.165
3.9074e-02,-0.35,-0.515
3.9075e-02,-0.325,-0.135
3.9077e-02,-0.275,-0.5
3.9078e-02,-0.26,-0.155
3.9080e-02,-0.345,-0.475
3.9082e-02,-0.33,-0.175
3.9083e-02,-0.325,-0.505
3.9085e-02,-0.305,-0.155
3.9086e-02,-0.175,-0.505
3.9088e-02,-0.24,-0.155
3.9090e-02,-0.315,-0.48
3.9091e-02,-0.3,-0.17
3.9093e-02,-0.295,-0.49
3.9094e-02,-0.315,-0.165
3.9096e-02,-0.365,-0.495
3.9098e-02,-0.27,-0.165
3.9099e-02,-0.37,-0.475
3.9101e-02,-0.3,-0.175
3.9102e-02,-0.245,-0.52
3.9104e-02,-0.325,-0.14
3.9106e-02,-0.36,-0.495
3.9107e-02,-0.37,-0.15
3.9109e-02,-0.375,-0.485
3.9110e-02,-0.29,-0.165
3.9112e-02,-0.325,-0.515
3.9114e-02,-0.28,-0.145
3.9115e-02,-0.34,-0.47
3.9117e-02,-0.28,-0.185
3.9118e-02,-0.255,-0.465
3.9120e-02,-0.4,-0.18
3.9122e-02,-0.375,-0.46
3.9123e-02,-0.4,-0.18
3.9125e-02,-0.255,-0.465
3.9126e-02,-0.345,-0.18
3.9128e-02,-0.305,-0.47
3.9130e-02,-0.3,-0.185
3.9131e-02,-0.325,-0.48
3.9133e-02,-0.285,-0.17
3.9134e-02,-0.33,-0.485
3.9136e-02,-0.355,-0.165
3.9138e-02,-0.325,-0.485
3.9139e-02,-0.28,-0.165
3.9141e-02,-0.36,-0.475
3.9142e-02,-0.385,-0.175
3.9144e-02,-0.35,-0.48
3.9146e-02,-0.33,-0.17
3.9147e-02,-0.305,-0.505
3.9149e-02,-0.26,-0.14
3.9150e-02,-0.21,-0.505
3.9152e-02,-0.325,-0.14
3.9154e-02,-0.36,-0.465
3.9155e-02,-0.235,-0.18
3.9157e-02,-0.29,-0.49
3.9158e-02,-0.28,-0.165
3.9160e-02,-0.335,-0.47
3.9162e-02,-0.32,-0.185
3.9163e-02,-0.35,-0.47
3.9165e-02,-0.175,-0.175
3.9166e-02,-0.36,-0.52
3.9168e-02,-0.36,-0.13
3.9170e-02,-0.345,-0.53
3.9171e-02,-0.335,-0.12
3.9173e-02,-0.36,-0.475
3.9174e-02,-0.395,-0.18
3.9176e-02,-0.32,-0.48
3.9178e-02,-0.305,-0.175
3.9179e-02,-0.235,-0.515
3.9181e-02,-0.29,-0.135
3.9182e-02,-0.26,-0.485
3.9184e-02,-0.38,-0.16
3.9186e-02,-0.285,-0.49
3.9187e-02,-0.325,-0.17
3.9189e-02,-0.305,-0.465
3.9190e-02,-0.26,-0.19
3.9192e-02,-0.32,-0.485
3.9194e-02,-0.36,-0.17
3.9195e-02,-0.31,-0.505
3.9197e-02,-0.315,-0.15
3.9198e-02,-0.385,-0.515
3.9200e-02,-0.415,-0.145
3.9202e-02,-0.36,-0.515
3.9203e-02,-0.35,-0.145
3.9205e-02,-0.33,-0.485
3.9206e-02,-0.32,-0.165
3.9208e-02,-0.385,-0.51
3.9210e-02,-0.325,-0.16
3.9211e-02,-0.265,-0.505
3.9213e-02,-0.255,-0.155
3.9214e-02,-0.31,-0.52
3.9216e-02,-0.33,-0.145
3.9218e-02,-0.295,-0.48
3.9219e-02,-0.32,-0.17
3.9221e-02,-0.32,-0.49
3.9222e-02,-0.355,-0.175
3.9224e-02,-0.335,-0.495
3.9226e-02,-0.21,-0.165
3.9227e-02,-0.255,-0.48
3.9229e-02,-0.35,-0.185
3.9230e-02,-0.315,-0.475
3.9232e-02,-0.32,-0.18
3.9234e-02,-0.39,-0.52
3.9235e-02,-0.29,-0.135
3.9237e-02,-0.4,-0.505
3.9238e-02,-0.32,-0.155
3.9240e-02,-0.365,-0.485
3.9242e-02,-0.245,-0.175
3.9243e-02,-0.315,-0.48
3.9245e-02,-0.255,-0.18
3.9246e-02,-0.325,-0.48
3.9248e-02,-0.39,-0.185
3.9250e-02,-0.27,-0.465
3.9251e-02,-0.35,-0.19
3.9253e-02,-0.275,-0.495
3.9254e-02,-0.335,-0.165
3.9256e-02,-0.345,-0.5
3.9258e-02,-0.365,-0.155
3.9259e-02,-0.285,-0.48
3.9261e-02,-0.36,-0.175
3.9262e-02,-0.36,-0.47
3.9264e-02,-0.32,-0.185
3.9266e-02,-0.3,-0.465
3.9267e-02,-0.28,-0.19
3.9269e-02,-0.33,-0.475
3.9270e-02,-0.445,-0.18
3.9272e-02,-0.365,-0.46
3.9274e-02,-0.305,-0.19
3.9275e-02,-0.34,-0.5
3.9277e-02,-0.285,-0.16
3.9278e-02,-0.255,-0.505
3.9280e-02,-0.275,-0.15
3.9282e-02,-0.26,-0.46
3.9283e-02,-0.31,-0.195
3.9285e-02,-0.345,-0.46
3.9286e-02,-0.3,-0.195
3.9288e-02,-0.32,-0.485
3.9290e-02,-0.33,-0.17
3.9291e-02,-0.315,-0.465
3.9293e-02,-0.39,-0.185
3.9294e-02,-0.43,-0.5
3.9296e-02,-0.285,-0.15
3.9298e-02,-0.335,-0.46
3.9299e-02,-0.215,-0.19
3.9301e-02,-0.315,-0.465
3.9302e-02,-0.375,-0.18
3.9304e-02,-0.37,-0.49
3.9306e-02,-0.325,-0.17
3.9307e-02,-0.315,-0.49
3.9309e-02,-0.28,-0.165
3.9310e-02,-0.32,-0.495
3.9312e-02,-0.305,-0.165
3.9314e-02,-0.22,-0.51
3.9315e-02,-0.345,-0.145
3.9317e-02,-0.375,-0.47
3.9318e-02,-0.405,-0.18
3.9320e-02,-0.385,-0.48
3.9322e-02,-0.285,-0.18
3.9323e-02,-0.31,-0.47
3.9325e-02,-0.355,-0.175
3.9326e-02,-0.305,-0.5
3.9328e-02,-0.29,-0.155
3.9330e-02,-0.355,-0.49
3.9331e-02,-0.34,-0.165
3.9333e-02,-0.425,-0.485
3.9334e-02,-0.33,-0.17
3.9336e-02,-0.36,-0.505
3.9338e-02,-0.3,-0.155
3.9339e-02,-0.3,-0.525
3.9341e-02,-0.235,-0.13
3.9342e-02,-0.355,-0.505
3.9344e-02,-0.195,-0.16
3.9346e-02,-0.285,-0.485
3.9347e-02,-0.3,-0.175
3.9349e-02,-0.39,-0.52
3.9350e-02,-0.365,-0.14
3.9352e-02,-0.38,-0.5
3.9354e-02,-0.295,-0.165
3.9355e-02,-0.34,-0.48
3.9357e-02,-0.385,-0.18
3.9358e-02,-0.31,-0.495
3.9360e-02,-0.28,-0.17
3.9362e-02,-0.345,-0.495
3.9363e-02,-0.32,-0.175
3.9365e-02,-0.35,-0.515
3.9366e-02,-0.29,-0.155
3.9368e-02,-0.195,-0.55
3.9370e-02,-0.245,-0.12
3.9371e-02,-0.35,-0.535
3.9373e-02,-0.285,-0.135
3.9374e-02,-0.365,-0.485
3.9376e-02,-0.33,-0.18
3.9378e-02,-0.31,-0.485
3.9379e-02,-0.31,-0.175
3.9381e-02,-0.365,-0.475
3.9382e-02,-0.28,-0.19
3.9384e-02,-0.36,-0.495
3.9386e-02,-0.375,-0.165
3.9387e-02,-0.35,-0.48
3.9389e-02,-0.44,-0.175
3.9390e-02,-0.34,-0.49
3.9392e-02,-0.305,-0.175
3.9394e-02,-0.325,-0.48
3.9395e-02,-0.365,-0.19
3.9397e-02,-0.325,-0.485
3.9398e-02,-0.335,-0.175
3.9400e-02,-0.31,-0.5
3.9402e-02,-0.32,-0.165
3.9403e-02,-0.365,-0.48
3.9405e-02,-0.37,-0.175
3.9406e-02,-0.28,-0.485
3.9408e-02,-0.36,-0.17
3.9410e-02,-0.43,-0.515
3.9411e-02,-0.34,-0.14
3.9413e-02,-0.385,-0.505
3.9414e-02,-0.26,-0.165
3.9416e-02,-0.325,-0.485
3.9418e-02,-0.29,-0.18
3.9419e-02,-0.36,-0.505
3.9421e-02,-0.27,-0.165
3.9422e-02,-0.3,-0.5
3.9424e-02,-0.27,-0.165
3.9426e-02,-0.315,-0.515
3.9427e-02,-0.33,-0.145
3.9429e-02,-0.41,-0.48
3.9430e-02,-0.34,-0.17
3.9432e-02,-0.335,-0.495
3.9434e-02,-0.285,-0.16
3.9435e-02,-0.325,-0.51
3.9437e-02,-0.34,-0.135
3.9438e-02,-0.31,-0.515
3.9440e-02,-0.29,-0.145
3.9442e-02,-0.345,-0.49
3.9443e-02,-0.34,-0.165
3.9445e-02,-0.28,-0.52
3.9446e-02,-0.295,-0.13
3.9448e-02,-0.305,-0.495
3.9450e-02,-0.365,-0.16
3.9451e-02,-0.415,-0.515
3.9453e-02,-0.285,-0.145
3.9454e-02,-0.285,-0.505
3.9456e-02,-0.255,-0.155
3.9458e-02,-0.375,-0.495
3.9459e-02,-0.33,-0.17
3.9461e-02,-0.32,-0.51
3.9462e-02,-0.28,-0.155
3.9464e-02,-0.375,-0.5
3.9466e-02,-0.33,-0.165
3.9467e-02,-0.335,-0.48
3.9469e-02,-0.255,-0.18
3.9470e-02,-0.29,-0.475
3.9472e-02,-0.225,-0.18
3.9474e-02,-0.395,-0.485
3.9475e-02,-0.23,-0.17
3.9477e-02,-0.36,-0.495
3.9478e-02,-0.3,-0.17
3.9480e-02,-0.24,-0.485
3.9482e-02,-0.3,-0.17
3.9483e-02,-0.36,-0.485
3.9485e-02,-0.3,-0.17
3.9486e-02,-0.42,-0.515
3.9488e-02,-0.32,-0.15
3.9490e-02,-0.47,-0.495
3.9491e-02,-0.38,-0.17
3.9493e-02,-0.29,-0.495
3.9494e-02,-0.26,-0.165
3.9496e-02,-0.315,-0.47
3.9498e-02,-0.275,-0.185
3.9499e-02,-0.35,-0.47
3.9501e-02,-0.27,-0.195
3.9502e-02,-0.32,-0.485
3.9504e-02,-0.38,-0.185
3.9506e-02,-0.375,-0.485
3.9507e-02,-0.33,-0.185
3.9509e-02,-0.265,-0.495
3.9510e-02,-0.265,-0.165
3.9512e-02,-0.38,-0.47
3.9514e-02,-0.35,-0.19
3.9515e-02,-0.355,-0.48
3.9517e-02,-0.355,-0.185
3.9518e-02,-0.345,-0.51
3.9520e-02,-0.3,-0.15
3.9522e-02,-0.335,-0.47
3.9523e-02,-0.26,-0.195
3.9525e-02,-0.295,-0.51
3.9526e-02,-0.275,-0.165
3.9528e-02,-0.255,-0.48
3.9530e-02,-0.37,-0.18
3.9531e-02,-0.36,-0.51
3.9533e-02,-0.38,-0.165
3.9534e-02,-0.34,-0.5
3.9536e-02,-0.35,-0.165
3.9538e-02,-0.34,-0.505
3.9539e-02,-0.38,-0.165
3.9541e-02,-0.265,-0.485
3.9542e-02,-0.315,-0.185
3.9544e-02,-0.315,-0.495
3.9546e-02,-0.365,-0.175
3.9547e-02,-0.285,-0.485
3.9549e-02,-0.23,-0.18
3.9550e-02,-0.315,-0.5
3.9552e-02,-0.29,-0.165
3.9554e-02,-0.295,-0.485
3.9555e-02,-0.265,-0.18
3.9557e-02,-0.255,-0.48
3.9558e-02,-0.37,-0.19
3.9560e-02,-0.355,-0.475
3.9562e-02,-0.375,-0.19
3.9563e-02,-0.315,-0.495
3.9565e-02,-0.295,-0.175
3.9566e-02,-0.29,-0.49
3.9568e-02,-0.385,-0.18
3.9570e-02,-0.32,-0.505
3.9571e-02,-0.345,-0.165
3.9573e-02,-0.3,-0.5
3.9574e-02,-0.315,-0.17
3.9576e-02,-0.335,-0.5
3.9578e-02,-0.375,-0.175
3.9579e-02,-0.4,-0.485
3.9581e-02,-0.33,-0.18
3.9582e-02,-0.405,-0.49
3.9584e-02,-0.325,-0.17
3.9586e-02,-0.43,-0.495
3.9587e-02,-0.32,-0.17
3.9589e-02,-0.29,-0.475
3.9590e-02,-0.38,-0.18
3.9592e-02,-0.38,-0.525
3.9594e-02,-0.405,-0.145
3.9595e-02,-0.34,-0.485
3.9597e-02,-0.335,-0.185
3.9598e-02,-0.4,-0.495
3.9600e-02,-0.405,-0.17
3.9602e-02,-0.3,-0.48
3.9603e-02,-0.38,-0.175
3.9605e-02,-0.305,-0.485
3.9606e-02,-0.4,-0.175
3.9608e-02,-0.36,-0.49
3.9610e-02,-0.295,-0.175
3.9611e-02,-0.295,-0.495
3.9613e-02,-0.265,-0.17
3.9614e-02,-0.305,-0.51
3.9616e-02,-0.28,-0.145
3.9618e-02,-0.28,-0.52
3.9619e-02,-0.23,-0.15
3.9621e-02,-0.31,-0.485
3.9622e-02,-0.255,-0.18
3.9624e-02,-0.285,-0.485
3.9626e-02,-0.345,-0.185
3.9627e-02,-0.245,-0.495
3.9629e-02,-0.355,-0.17
3.9630e-02,-0.3,-0.49
3.9632e-02,-0.335,-0.175
3.9634e-02,-0.405,-0.49
3.9635e-02,-0.28,-0.175
3.9637e-02,-0.285,-0.505
3.9638e-02,-0.365,-0.16
3.9640e-02,-0.27,-0.505
3.9642e-02,-0.385,-0.165
3.9643e-02,-0.205,-0.495
3.9645e-02,-0.285,-0.175
3.9646e-02,-0.33,-0.48
3.9648e-02,-0.31,-0.18
3.9650e-02,-0.305,-0.495
3.9651e-02,-0.285,-0.17
3.9653e-02,-0.335,-0.51
3.9654e-02,-0.38,-0.16
3.9656e-02,-0.41,-0.485
3.9658e-02,-0.305,-0.18
3.9659e-02,-0.375,-0.515
3.9661e-02,-0.34,-0.155
3.9662e-02,-0.425,-0.495
3.9664e-02,-0.3,-0.165
3.9666e-02,-0.31,-0.495
3.9667e-02,-0.3,-0.175
3.9669e-02,-0.31,-0.495
3.9670e-02,-0.33,-0.16
3.9672e-02,-0.29,-0.49
3.9674e-02,-0.25,-0.18
3.9675e-02,-0.295,-0.47
3.9677e-02,-0.255,-0.19
3.9678e-02,-0.28,-0.48
3.9680e-02,-0.33,-0.185
3.9682e-02,-0.25,-0.49
3.9683e-02,-0.33,-0.175
3.9685e-02,-0.34,-0.48
3.9686e-02,-0.32,-0.18
3.9688e-02,-0.395,-0.52
3.9690e-02,-0.285,-0.145
3.9691e-02,-0.33,-0.51
3.9693e-02,-0.31,-0.155
3.9694e-02,-0.36,-0.48
3.9696e-02,-0.39,-0.18
3.9698e-02,-0.31,-0.48
3.9699e-02,-0.385,-0.175
3.9701e-02,-0.395,-0.485
3.9702e-02,-0.41,-0.175
3.9704e-02,-0.43,-0.475
3.9706e-02,-0.305,-0.185
3.9707e-02,-0.455,-0.47
3.9709e-02,-0.37,-0.18
3.9710e-02,-0.435,-0.48
3.9712e-02,-0.32,-0.18
3.9714e-02,-0.305,-0.48
3.9715e-02,-0.44,-0.175
3.9717e-02,-0.32,-0.5
3.9718e-02,-0.385,-0.16
3.9720e-02,-0.28,-0.47
3.9722e-02,-0.325,-0.185
3.9723e-02,-0.365,-0.51
3.9725e-02,-0.325,-0.155
3.9726e-02,-0.45,-0.475
3.9728e-02,-0.285,-0.18
3.9730e-02,-0.365,-0.5
3.9731e-02,-0.31,-0.16
3.9733e-02,-0.32,-0.525
3.9734e-02,-0.29,-0.14
3.9736e-02,-0.225,-0.515
3.9738e-02,-0.29,-0.14
3.9739e-02,-0.25,-0.51
3.9741e-02,-0.3,-0.155
3.9742e-02,-0.34,-0.51
3.9744e-02,-0.25,-0.15
3.9746e-02,-0.35,-0.475
3.9747e-02,-0.315,-0.18
3.9749e-02,-0.395,-0.465
3.9750e-02,-0.305,-0.19
3.9752e-02,-0.34,-0.475
3.9754e-02,-0.285,-0.195
3.9755e-02,-0.315,-0.47
3.9757e-02,-0.39,-0.185
3.9758e-02,-0.26,-0.54
3.9760e-02,-0.27,-0.125
3.9762e-02,-0.335,-0.47
3.9763e-02,-0.3,-0.195
3.9765e-02,-0.375,-0.475
3.9766e-02,-0.285,-0.19
3.9768e-02,-0.365,-0.515
3.9770e-02,-0.39,-0.155
3.9771e-02,-0.46,-0.49
3.9773e-02,-0.42,-0.18
3.9774e-02,-0.3,-0.475
3.9776e-02,-0.365,-0.2
3.9778e-02,-0.3,-0.495
3.9779e-02,-0.34,-0.17
3.9781e-02,-0.34,-0.48
3.9782e-02,-0.31,-0.19
3.9784e-02,-0.405,-0.49
3.9786e-02,-0.29,-0.18
3.9787e-02,-0.425,-0.515
3.9789e-02,-0.38,-0.16
3.9790e-02,-0.375,-0.495
3.9792e-02,-0.35,-0.18
3.9794e-02,-0.235,-0.5
3.9795e-02,-0.345,-0.175
3.9797e-02,-0.3,-0.47
3.9798e-02,-0.34,-0.2
3.9800e-02,-0.27,-0.49
3.9802e-02,-0.245,-0.185
3.9803e-02,-0.35,-0.475
3.9805e-02,-0.26,-0.19
3.9806e-02,-0.37,-0.495
3.9808e-02,-0.26,-0.18
3.9810e-02,-0.395,-0.48
3.9811e-02,-0.41,-0.19
3.9813e-02,-0.355,-0.48
3.9814e-02,-0.44,-0.19
3.9816e-02,-0.295,-0.475
3.9818e-02,-0.46,-0.195
3.9819e-02,-0.325,-0.485
3.9821e-02,-0.365,-0.18
3.9822e-02,-0.335,-0.485
3.9824e-02,-0.25,-0.185
3.9826e-02,-0.335,-0.5
3.9827e-02,-0.275,-0.175
3.9829e-02,-0.38,-0.505
3.9830e-02,-0.275,-0.16
3.9832e-02,-0.335,-0.505
3.9834e-02,-0.28,-0.16
3.9835e-02,-0.42,-0.505
3.9837e-02,-0.37,-0.165
3.9838e-02,-0.345,-0.495
3.9840e-02,-0.26,-0.175
3.9842e-02,-0.345,-0.48
3.9843e-02,-0.305,-0.19
3.9845e-02,-0.34,-0.49
3.9846e-02,-0.3,-0.17
3.9848e-02,-0.305,-0.49
3.9850e-02,-0.325,-0.175
3.9851e-02,-0.36,-0.51
3.9853e-02,-0.34,-0.16
3.9854e-02,-0.22,-0.49
3.9856e-02,-0.3,-0.18
3.9858e-02,-0.28,-0.475
3.9859e-02,-0.35,-0.185
3.9861e-02,-0.29,-0.48
3.9862e-02,-0.325,-0.18
3.9864e-02,-0.245,-0.495
3.9866e-02,-0.325,-0.175
3.9867e-02,-0.24,-0.49
3.9869e-02,-0.365,-0.18
3.9870e-02,-0.275,-0.48
3.9872e-02,-0.355,-0.19
3.9874e-02,-0.39,-0.485
3.9875e-02,-0.345,-0.18
3.9877e-02,-0.41,-0.51
3.9878e-02,-0.24,-0.15
3.9880e-02,-0.255,-0.475
3.9882e-02,-0.305,-0.19
3.9883e-02,-0.275,-0.505
3.9885e-02,-0.37,-0.165
3.9886e-02,-0.18,-0.51
3.9888e-02,-0.38,-0.155
3.9890e-02,-0.335,-0.495
3.9891e-02,-0.42,-0.165
3.9893e-02,-0.37,-0.5
3.9894e-02,-0.325,-0.165
3.9896e-02,-0.365,-0.505
3.9898e-02,-0.335,-0.16
3.9899e-02,-0.305,-0.495
3.9901e-02,-0.35,-0.175
3.9902e-02,-0.255,-0.51
3.9904e-02,-0.325,-0.155
3.9906e-02,-0.22,-0.505
3.9907e-02,-0.395,-0.16
3.9909e-02,-0.265,-0.48
3.9910e-02,-0.355,-0.185
3.9912e-02,-0.28,-0.5
3.9914e-02,-0.335,-0.16
3.9915e-02,-0.37,-0.505
3.9917e-02,-0.35,-0.165
3.9918e-02,-0.215,-0.47
3.9920e-02,-0.305,-0.195
3.9922e-02,-0.27,-0.485
3.9923e-02,-0.34,-0.19
3.9925e-02,-0.245,-0.47
3.9926e-02,-0.315,-0.195
3.9928e-02,-0.295,-0.475
3.9930e-02,-0.375,-0.195
3.9931e-02,-0.33,-0.475
3.9933e-02,-0.34,-0.195
3.9934e-02,-0.31,-0.49
3.9936e-02,-0.335,-0.18
3.9938e-02,-0.345,-0.49
3.9939e-02,-0.37,-0.18
3.9941e-02,-0.33,-0.53
3.9942e-02,-0.335,-0.15
3.9944e-02,-0.24,-0.495
3.9946e-02,-0.335,-0.17
3.9947e-02,-0.24,-0.515
3.9949e-02,-0.315,-0.155
3.9950e-02,-0.24,-0.53
3.9952e-02,-0.235,-0.145
3.9954e-02,-0.29,-0.535
3.9955e-02,-0.36,-0.145
3.9957e-02,-0.31,-0.5
3.9958e-02,-0.36,-0.17
3.9960e-02,-0.255,-0.495
3.9962e-02,-0.395,-0.18
3.9963e-02,-0.395,-0.485
3.9965e-02,-0.24,-0.19
3.9966e-02,-0.325,-0.49
3.9968e-02,-0.205,-0.185
3.9970e-02,-0.36,-0.485
3.9971e-02,-0.265,-0.19
3.9973e-02,-0.27,-0.51
3.9974e-02,-0.29,-0.16
3.9976e-02,-0.275,-0.485
3.9978e-02,-0.33,-0.185
3.9979e-02,-0.32,-0.5
3.9981e-02,-0.26,-0.165
3.9982e-02,-0.32,-0.495
3.9984e-02,-0.325,-0.185
3.9986e-02,-0.25,-0.48
3.9987e-02,-0.39,-0.185
3.9989e-02,-0.28,-0.51
3.9990e-02,-0.365,-0.165
3.9992e-02,-0.33,-0.485
3.9994e-02,-0.345,-0.185
3.9995e-02,-0.395,-0.495
3.9997e-02,-0.335,-0.17
3.9998e-02,-0.305,-0.495
4.0000e-02,-0.365,-0.175
4.0002e-02,-0.3,-0.5
4.0003e-02,-0.39,-0.155
4.0005e-02,-0.34,-0.52
4.0006e-02,-0.255,-0.155
4.0008e-02,-0.335,-0.48
4.0010e-02,-0.36,-0.195
4.0011e-02,-0.325,-0.485
4.0013e-02,-0.325,-0.18
4.0014e-02,-0.29,-0.48
4.0016e-02,-0.34,-0.19
4.0018e-02,-0.41,-0.505
4.0019e-02,-0.325,-0.17
4.0021e-02,-0.29,-0.485
4.0022e-02,-0.32,-0.19
4.0024e-02,-0.345,-0.49
4.0026e-02,-0.32,-0.18
4.0027e-02,-0.35,-0.5
4.0029e-02,-0.31,-0.18
4.0030e-02,-0.34,-0.535
4.0032e-02,-0.39,-0.14
4.0034e-02,-0.33,-0.5
4.0035e-02,-0.385,-0.165
4.0037e-02,-0.365,-0.515
4.0038e-02,-0.32,-0.16
4.0040e-02,-0.395,-0.48
4.0042e-02,-0.355,-0.19
4.0043e-02,-0.315,-0.48
4.0045e-02,-0.355,-0.19
4.0046e-02,-0.285,-0.47
4.0048e-02,-0.34,-0.205
4.0050e-02,-0.375,-0.515
4.0051e-02,-0.365,-0.155
4.0053e-02,-0.28,-0.485
4.0054e-02,-0.355,-0.18
4.0056e-02,-0.34,-0.505
4.0058e-02,-0.425,-0.165
4.0059e-02,-0.295,-0.495
4.0061e-02,-0.35,-0.18
4.0062e-02,-0.305,-0.49
4.0064e-02,-0.41,-0.185
4.0066e-02,-0.29,-0.495
4.0067e-02,-0.29,-0.17
4.0069e-02,-0.29,-0.485
4.0070e-02,-0.385,-0.195
4.0072e-02,-0.36,-0.485
4.0074e-02,-0.405,-0.185
4.0075e-02,-0.355,-0.51
4.0077e-02,-0.335,-0.16
4.0078e-02,-0.35,-0.52
4.0080e-02,-0.29,-0.155
4.0082e-02,-0.3,-0.48
4.0083e-02,-0.3,-0.195
4.0085e-02,-0.39,-0.495
4.0086e-02,-0.33,-0.185
4.0088e-02,-0.42,-0.535
4.0090e-02,-0.375,-0.14
4.0091e-02,-0.32,-0.505
4.0093e-02,-0.325,-0.17
4.0094e-02,-0.435,-0.51
4.0096e-02,-0.385,-0.165
4.0098e-02,-0.42,-0.515
4.0099e-02,-0.36,-0.16
4.0101e-02,-0.25,-0.52
4.0102e-02,-0.325,-0.16
4.0104e-02,-0.345,-0.495
4.0106e-02,-0.25,-0.175
4.0107e-02,-0.325,-0.51
4.0109e-02,-0.335,-0.16
4.0110e-02,-0.375,-0.48
4.0112e-02,-0.42,-0.195
4.0114e-02,-0.365,-0.48
4.0115e-02,-0.305,-0.185
4.0117e-02,-0.36,-0.475
4.0118e-02,-0.415,-0.19
4.0120e-02,-0.31,-0.48
4.0122e-02,-0.335,-0.19
4.0123e-02,-0.31,-0.495
4.0125e-02,-0.31,-0.18
4.0126e-02,-0.31,-0.475
4.0128e-02,-0.27,-0.19
4.0130e-02,-0.245,-0.5
4.0131e-02,-0.315,-0.17
4.0133e-02,-0.375,-0.505
4.0134e-02,-0.335,-0.17
4.0136e-02,-0.305,-0.475
4.0138e-02,-0.335,-0.2
4.0139e-02,-0.225,-0.5
4.0141e-02,-0.405,-0.165
4.0142e-02,-0.305,-0.495
4.0144e-02,-0.345,-0.18
4.0146e-02,-0.325,-0.49
4.0147e-02,-0.29,-0.185
4.0149e-02,-0.275,-0.49
4.0150e-02,-0.325,-0.175
4.0152e-02,-0.345,-0.495
4.0154e-02,-0.27,-0.17
4.0155e-02,-0.355,-0.48
4.0157e-02,-0.365,-0.185
4.0158e-02,-0.37,-0.5
4.0160e-02,-0.35,-0.165
4.0162e-02,-0.305,-0.505
4.0163e-02,-0.29,-0.165
4.0165e-02,-0.35,-0.495
4.0166e-02,-0.345,-0.165
4.0168e-02,-0.265,-0.505
4.0170e-02,-0.325,-0.165
4.0171e-02,-0.285,-0.48
4.0173e-02,-0.37,-0.195
4.0174e-02,-0.27,-0.485
4.0176e-02,-0.25,-0.18
4.0178e-02,-0.3,-0.47
4.0179e-02,-0.33,-0.195
4.0181e-02,-0.3,-0.485
4.0182e-02,-0.365,-0.19
4.0184e-02,-0.335,-0.515
4.0186e-02,-0.355,-0.155
4.0187e-02,-0.45,-0.495
4.0189e-02,-0.295,-0.175
4.0190e-02,-0.36,-0.5
4.0192e-02,-0.315,-0.17
4.0194e-02,-0.265,-0.49
4.0195e-02,-0.31,-0.18
4.0197e-02,-0.285,-0.485
4.0198e-02,-0.305,-0.19
4.0200e-02,-0.3,-0.475
4.0202e-02,-0.34,-0.2
4.0203e-02,-0.385,-0.47
4.0205e-02,-0.415,-0.2
4.0206e-02,-0.38,-0.495
4.0208e-02,-0.36,-0.175
4.0210e-02,-0.25,-0.49
4.0211e-02,-0.365,-0.18
4.0213e-02,-0.38,-0.535
4.0214e-02,-0.3,-0.14
4.0216e-02,-0.36,-0.49
4.0218e-02,-0.22,-0.185
4.0219e-02,-0.38,-0.52
4.0221e-02,-0.27,-0.15
4.0222e-02,-0.305,-0.485
4.0224e-02,-0.3,-0.185
4.0226e-02,-0.33,-0.49
4.0227e-02,-0.385,-0.19
4.0229e-02,-0.31,-0.485
4.0230e-02,-0.275,-0.19
4.0232e-02,-0.31,-0.505
4.0234e-02,-0.3,-0.17
4.0235e-02,-0.34,-0.525
4.0237e-02,-0.255,-0.155
4.0238e-02,-0.3,-0.495
4.0240e-02,-0.305,-0.185
4.0242e-02,-0.29,-0.515
4.0243e-02,-0.355,-0.155
4.0245e-02,-0.22,-0.5
4.0246e-02,-0.325,-0.17
4.0248e-02,-0.21,-0.48
4.0250e-02,-0.23,-0.19
4.0251e-02,-0.285,-0.505
4.0253e-02,-0.275,-0.165
4.0254e-02,-0.275,-0.48
4.0256e-02,-0.26,-0.19
4.0258e-02,-0.325,-0.48
4.0259e-02,-0.355,-0.19
4.0261e-02,-0.37,-0.505
4.0262e-02,-0.31,-0.17
4.0264e-02,-0.315,-0.49
4.0266e-02,-0.33,-0.185
4.0267e-02,-0.34,-0.495
4.0269e-02,-0.37,-0.175
4.0270e-02,-0.26,-0.48
4.0272e-02,-0.335,-0.185
4.0274e-02,-0.36,-0.525
4.0275e-02,-0.39,-0.145
4.0277e-02,-0.355,-0.52
4.0278e-02,-0.355,-0.155
4.0280e-02,-0.34,-0.495
4.0282e-02,-0.44,-0.18
4.0283e-02,-0.275,-0.525
4.0285e-02,-0.375,-0.145
4.0286e-02,-0.235,-0.52
4.0288e-02,-0.395,-0.155
4.0290e-02,-0.29,-0.5
4.0291e-02,-0.44,-0.17
4.0293e-02,-0.36,-0.48
4.0294e-02,-0.43,-0.19
4.0296e-02,-0.36,-0.48
4.0298e-02,-0.39,-0.185
4.0299e-02,-0.395,-0.495
4.0301e-02,-0.345,-0.175
4.0302e-02,-0.305,-0.51
4.0304e-02,-0.335,-0.155
4.0306e-02,-0.345,-0.495
4.0307e-02,-0.46,-0.17
4.0309e-02,-0.42,-0.51
4.0310e-02,-0.335,-0.155
4.0312e-02,-0.365,-0.49
4.0314e-02,-0.335,-0.185
4.0315e-02,-0.415,-0.5
4.0317e-02,-0.28,-0.17
4.0318e-02,-0.335,-0.495
4.0320e-02,-0.305,-0.17
4.0322e-02,-0.38,-0.475
4.0323e-02,-0.385,-0.195
4.0325e-02,-0.33,-0.5
4.0326e-02,-0.355,-0.17
4.0328e-02,-0.3,-0.49
4.0330e-02,-0.295,-0.175
4.0331e-02,-0.32,-0.5
4.0333e-02,-0.26,-0.175
4.0334e-02,-0.3,-0.515
4.0336e-02,-0.265,-0.16
4.0338e-02,-0.365,-0.515
4.0339e-02,-0.405,-0.16
4.0341e-02,-0.365,-0.49
4.0342e-02,-0.31,-0.18
4.0344e-02,-0.27,-0.52
4.0346e-02,-0.33,-0.15
4.0347e-02,-0.34,-0.525
4.0349e-02,-0.325,-0.145
4.0350e-02,-0.325,-0.525
4.0352e-02,-0.22,-0.155
4.0354e-02,-0.38,-0.49
4.0355e-02,-0.29,-0.185
4.0357e-02,-0.405,-0.52
4.0358e-02,-0.265,-0.155
4.0360e-02,-0.36,-0.495
4.0362e-02,-0.325,-0.18
4.0363e-02,-0.35,-0.49
4.0365e-02,-0.315,-0.19
4.0366e-02,-0.27,-0.485
4.0368e-02,-0.25,-0.2
4.0370e-02,-0.325,-0.495
4.0371e-02,-0.255,-0.18
4.0373e-02,-0.38,-0.49
4.0374e-02,-0.28,-0.195
4.0376e-02,-0.395,-0.515
4.0378e-02,-0.35,-0.165
4.0379e-02,-0.38,-0.505
4.0381e-02,-0.395,-0.18
4.0382e-02,-0.28,-0.525
4.0384e-02,-0.32,-0.165
4.0386e-02,-0.255,-0.52
4.0387e-02,-0.38,-0.16
4.0389e-02,-0.335,-0.49
4.0390e-02,-0.325,-0.195
4.0392e-02,-0.365,-0.48
4.0394e-02,-0.405,-0.2
4.0395e-02,-0.385,-0.515
4.0397e-02,-0.315,-0.165
4.0398e-02,-0.24,-0.515
4.0400e-02,-0.265,-0.165
4.0402e-02,-0.325,-0.5
4.0403e-02,-0.35,-0.175
4.0405e-02,-0.31,-0.495
4.0406e-02,-0.29,-0.185
4.0408e-02,-0.325,-0.49
4.0410e-02,-0.395,-0.185
4.0411e-02,-0.375,-0.51
4.0413e-02,-0.365,-0.16
4.0414e-02,-0.36,-0.49
4.0416e-02,-0.355,-0.18
4.0418e-02,-0.335,-0.505
4.0419e-02,-0.365,-0.17
4.0421e-02,-0.325,-0.475
4.0422e-02,-0.395,-0.195
4.0424e-02,-0.23,-0.505
4.0426e-02,-0.37,-0.18
4.0427e-02,-0.26,-0.495
4.0429e-02,-0.38,-0.18
4.0430e-02,-0.27,-0.495
4.0432e-02,-0.285,-0.18
4.0434e-02,-0.355,-0.51
4.0435e-02,-0.41,-0.165
4.0437e-02,-0.315,-0.49
4.0438e-02,-0.39,-0.185
4.0440e-02,-0.27,-0.5
4.0442e-02,-0.47,-0.175
4.0443e-02,-0.31,-0.5
4.0445e-02,-0.42,-0.16
4.0446e-02,-0.265,-0.505
4.0448e-02,-0.365,-0.17
4.0450e-02,-0.345,-0.495
4.0451e-02,-0.325,-0.17
4.0453e-02,-0.375,-0.48
4.0454e-02,-0.305,-0.185
4.0456e-02,-0.35,-0.49
4.0458e-02,-0.395,-0.18
4.0459e-02,-0.375,-0.52
4.0461e-02,-0.39,-0.145
4.0462e-02,-0.375,-0.495
4.0464e-02,-0.3,-0.17
4.0466e-02,-0.29,-0.49
4.0467e-02,-0.285,-0.18
4.0469e-02,-0.365,-0.505
4.0470e-02,-0.24,-0.16
4.0472e-02,-0.335,-0.49
4.0474e-02,-0.33,-0.175
4.0475e-02,-0.415,-0.5
4.0477e-02,-0.36,-0.165
4.0478e-02,-0.355,-0.475
4.0480e-02,-0.295,-0.19
4.0482e-02,-0.345,-0.53
4.0483e-02,-0.33,-0.145
4.0485e-02,-0.31,-0.485
4.0486e-02,-0.24,-0.18
4.0488e-02,-0.37,-0.47
4.0490e-02,-0.325,-0.2
4.0491e-02,-0.42,-0.485
4.0493e-02,-0.38,-0.195
4.0494e-02,-0.385,-0.5
4.0496e-02,-0.36,-0.165
4.0498e-02,-0.31,-0.495
4.0499e-02,-0.365,-0.175
4.0501e-02,-0.31,-0.515
4.0502e-02,-0.315,-0.155
4.0504e-02,-0.355,-0.485
4.0506e-02,-0.33,-0.185
4.0507e-02,-0.405,-0.505
4.0509e-02,-0.33,-0.17
4.0510e-02,-0.23,-0.485
4.0512e-02,-0.245,-0.19
4.0514e-02,-0.28,-0.51
4.0515e-02,-0.335,-0.165
4.0517e-02,-0.37,-0.5
4.0518e-02,-0.285,-0.165
4.0520e-02,-0.29,-0.5
4.0522e-02,-0.265,-0.18
4.0523e-02,-0.365,-0.47
4.0525e-02,-0.26,-0.205
4.0526e-02,-0.27,-0.48
4.0528e-02,-0.26,-0.195
4.0530e-02,-0.275,-0.48
4.0531e-02,-0.41,-0.2
4.0533e-02,-0.34,-0.475
4.0534e-02,-0.41,-0.2
4.0536e-02,-0.445,-0.495
4.0538e-02,-0.395,-0.185
4.0539e-02,-0.405,-0.5
4.0541e-02,-0.34,-0.18
4.0542e-02,-0.295,-0.49
4.0544e-02,-0.265,-0.185
4.0546e-02,-0.315,-0.515
4.0547e-02,-0.325,-0.175
4.0549e-02,-0.39,-0.505
4.0550e-02,-0.305,-0.18
4.0552e-02,-0.265,-0.495
4.0554e-02,-0.29,-0.195
4.0555e-02,-0.29,-0.505
4.0557e-02,-0.355,-0.175
4.0558e-02,-0.25,-0.5
4.0560e-02,-0.295,-0.18
4.0562e-02,-0.39,-0.515
4.0563e-02,-0.29,-0.16
4.0565e-02,-0.35,-0.505
4.0566e-02,-0.245,-0.175
4.0568e-02,-0.305,-0.515
4.0570e-02,-0.335,-0.17
4.0571e-02,-0.315,-0.495
4.0573e-02,-0.35,-0.18
4.0574e-02,-0.32,-0.52
4.0576e-02,-0.285,-0.16
4.0578e-02,-0.385,-0.495
4.0579e-02,-0.33,-0.18
4.0581e-02,-0.35,-0.515
4.0582e-02,-0.34,-0.16
4.0584e-02,-0.255,-0.49
4.0586e-02,-0.355,-0.185
4.0587e-02,-0.29,-0.51
4.0589e-02,-0.34,-0.175
4.0590e-02,-0.305,-0.485
4.0592e-02,-0.2,-0.19
4.0594e-02,-0.32,-0.51
4.0595e-02,-0.26,-0.165
4.0597e-02,-0.355,-0.49
4.0598e-02,-0.24,-0.195
4.0600e-02,-0.21,-0.495
4.0602e-02,-0.335,-0.19
4.0603e-02,-0.285,-0.5
4.0605e-02,-0.375,-0.175
4.0606e-02,-0.29,-0.505
4.0608e-02,-0.395,-0.175
4.0610e-02,-0.405,-0.5
4.0611e-02,-0.465,-0.175
4.0613e-02,-0.35,-0.49
4.0614e-02,-0.35,-0.19
4.0616e-02,-0.245,-0.495
4.0618e-02,-0.3,-0.185
4.0619e-02,-0.25,-0.525
4.0621e-02,-0.34,-0.16
4.0622e-02,-0.38,-0.515
4.0624e-02,-0.33,-0.16
4.0626e-02,-0.33,-0.495
4.0627e-02,-0.33,-0.185
4.0629e-02,-0.365,-0.48
4.0630e-02,-0.29,-0.19
4.0632e-02,-0.25,-0.49
4.0634e-02,-0.235,-0.18
4.0635e-02,-0.29,-0.495
4.0637e-02,-0.295,-0.18
4.0638e-02,-0.3,-0.515
4.0640e-02,-0.275,-0.155
4.0642e-02,-0.28,-0.49
4.0643e-02,-0.395,-0.185
4.0645e-02,-0.315,-0.49
4.0646e-02,-0.335,-0.185
4.0648e-02,-0.25,-0.505
4.0650e-02,-0.32,-0.16
4.0651e-02,-0.335,-0.51
4.0653e-02,-0.25,-0.165
4.0654e-02,-0.28,-0.475
4.0656e-02,-0.27,-0.19
4.0658e-02,-0.29,-0.495
4.0659e-02,-0.305,-0.175
4.0661e-02,-0.27,-0.5
4.0662e-02,-0.355,-0.17
4.0664e-02,-0.36,-0.525
4.0666e-02,-0.375,-0.15
4.0667e-02,-0.44,-0.49
4.0669e-02,-0.41,-0.18
4.0670e-02,-0.365,-0.535
4.0672e-02,-0.36,-0.14
4.0674e-02,-0.305,-0.505
4.0675e-02,-0.37,-0.165
4.0677e-02,-0.395,-0.48
4.0678e-02,-0.35,-0.19
4.0680e-02,-0.365,-0.51
4.0682e-02,-0.295,-0.165
4.0683e-02,-0.44,-0.49
4.0685e-02,-0.35,-0.185
4.0686e-02,-0.345,-0.5
4.0688e-02,-0.36,-0.175
4.0690e-02,-0.37,-0.51
4.0691e-02,-0.395,-0.16
4.0693e-02,-0.29,-0.505
4.0694e-02,-0.29,-0.16
4.0696e-02,-0.285,-0.525
4.0698e-02,-0.285,-0.14
4.0699e-02,-0.38,-0.52
4.0701e-02,-0.33,-0.16
4.0702e-02,-0.375,-0.485
4.0704e-02,-0.275,-0.185
4.0706e-02,-0.28,-0.5
4.0707e-02,-0.305,-0.17
4.0709e-02,-0.31,-0.505
4.0710e-02,-0.31,-0.165
4.0712e-02,-0.345,-0.485
4.0714e-02,-0.355,-0.185
4.0715e-02,-0.315,-0.48
4.0717e-02,-0.32,-0.19
4.0718e-02,-0.155,-0.5
4.0720e-02,-0.295,-0.18
4.0722e-02,-0.29,-0.52
4.0723e-02,-0.395,-0.155
4.0725e-02,-0.32,-0.5
4.0726e-02,-0.34,-0.18
4.0728e-02,-0.26,-0.5
4.0730e-02,-0.38,-0.175
4.0731e-02,-0.335,-0.505
4.0733e-02,-0.395,-0.175
4.0734e-02,-0.355,-0.51
4.0736e-02,-0.3,-0.16
4.0738e-02,-0.4,-0.49
4.0739e-02,-0.325,-0.185
4.0741e-02,-0.395,-0.5
4.0742e-02,-0.415,-0.175
4.0744e-02,-0.315,-0.5
4.0746e-02,-0.405,-0.18
4.0747e-02,-0.315,-0.49
4.0749e-02,-0.33,-0.19
4.0750e-02,-0.35,-0.515
4.0752e-02,-0.285,-0.155
4.0754e-02,-0.375,-0.515
4.0755e-02,-0.455,-0.155
4.0757e-02,-0.34,-0.5
4.0758e-02,-0.34,-0.17
4.0760e-02,-0.255,-0.505
4.0762e-02,-0.41,-0.175
4.0763e-02,-0.36,-0.485
4.0765e-02,-0.32,-0.19
4.0766e-02,-0.34,-0.525
4.0768e-02,-0.36,-0.16
4.0770e-02,-0.38,-0.5
4.0771e-02,-0.36,-0.175
4.0773e-02,-0.29,-0.515
4.0774e-02,-0.27,-0.165
4.0776e-02,-0.335,-0.495
4.0778e-02,-0.385,-0.195
4.0779e-02,-0.385,-0.515
4.0781e-02,-0.345,-0.165
4.0782e-02,-0.27,-0.505
4.0784e-02,-0.355,-0.17
4.0786e-02,-0.38,-0.49
4.0787e-02,-0.375,-0.185
4.0789e-02,-0.395,-0.48
4.0790e-02,-0.31,-0.2
4.0792e-02,-0.305,-0.505
4.0794e-02,-0.29,-0.175
4.0795e-02,-0.325,-0.51
4.0797e-02,-0.41,-0.175
4.0798e-02,-0.385,-0.49
4.0800e-02,-0.405,-0.185
4.0802e-02,-0.37,-0.535
4.0803e-02,-0.34,-0.145
4.0805e-02,-0.29,-0.505
4.0806e-02,-0.26,-0.17
4.0808e-02,-0.31,-0.495
4.0810e-02,-0.46,-0.175
4.0811e-02,-0.385,-0.49
4.0813e-02,-0.355,-0.185
4.0814e-02,-0.41,-0.5
4.0816e-02,-0.335,-0.165
4.0818e-02,-0.44,-0.51
4.0819e-02,-0.255,-0.16
4.0821e-02,-0.275,-0.505
4.0822e-02,-0.325,-0.165
4.0824e-02,-0.305,-0.5
4.0826e-02,-0.375,-0.165
4.0827e-02,-0.295,-0.495
4.0829e-02,-0.28,-0.18
4.0830e-02,-0.31,-0.51
4.0832e-02,-0.375,-0.165
4.0834e-02,-0.31,-0.51
4.0835e-02,-0.355,-0.16
4.0837e-02,-0.31,-0.52
4.0838e-02,-0.36,-0.15
4.0840e-02,-0.375,-0.55
4.0842e-02,-0.375,-0.13
4.0843e-02,-0.345,-0.495
4.0845e-02,-0.35,-0.18
4.0846e-02,-0.29,-0.495
4.0848e-02,-0.375,-0.18
4.0850e-02,-0.345,-0.515
4.0851e-02,-0.345,-0.165
4.0853e-02,-0.375,-0.515
4.0854e-02,-0.375,-0.165
4.0856e-02,-0.37,-0.475
4.0858e-02,-0.435,-0.195
4.0859e-02,-0.245,-0.51
4.0861e-02,-0.34,-0.165
4.0862e-02,-0.275,-0.495
4.0864e-02,-0.35,-0.175
4.0866e-02,-0.34,-0.52
4.0867e-02,-0.25,-0.155
4.0869e-02,-0.345,-0.495
4.0870e-02,-0.365,-0.175
4.0872e-02,-0.415,-0.48
4.0874e-02,-0.38,-0.2
4.0875e-02,-0.31,-0.525
4.0877e-02,-0.29,-0.15
4.0878e-02,-0.395,-0.485
4.0880e-02,-0.26,-0.185
4.0882e-02,-0.365,-0.47
4.0883e-02,-0.335,-0.2
4.0885e-02,-0.355,-0.495
4.0886e-02,-0.395,-0.18
4.0888e-02,-0.33,-0.495
4.0890e-02,-0.285,-0.185
4.0891e-02,-0.29,-0.475
4.0893e-02,-0.315,-0.2
4.0894e-02,-0.29,-0.5
4.0896e-02,-0.34,-0.18
4.0898e-02,-0.375,-0.495
4.0899e-02,-0.35,-0.185
4.0901e-02,-0.395,-0.505
4.0902e-02,-0.375,-0.175
4.0904e-02,-0.31,-0.5
4.0906e-02,-0.345,-0.18
4.0907e-02,-0.235,-0.52
4.0909e-02,-0.38,-0.165
4.0910e-02,-0.32,-0.505
4.0912e-02,-0.44,-0.18
4.0914e-02,-0.305,-0.5
4.0915e-02,-0.355,-0.185
4.0917e-02,-0.325,-0.485
4.0918e-02,-0.405,-0.19
4.0920e-02,-0.335,-0.48
4.0922e-02,-0.265,-0.2
4.0923e-02,-0.345,-0.49
4.0925e-02,-0.345,-0.19
4.0926e-02,-0.42,-0.49
4.0928e-02,-0.365,-0.185
4.0930e-02,-0.32,-0.53
4.0931e-02,-0.29,-0.155
4.0933e-02,-0.37,-0.51
4.0934e-02,-0.345,-0.175
4.0936e-02,-0.335,-0.545
4.0938e-02,-0.405,-0.14
4.0939e-02,-0.345,-0.505
4.0941e-02,-0.47,-0.18
4.0942e-02,-0.31,-0.5
4.0944e-02,-0.33,-0.18
4.0946e-02,-0.25,-0.495
4.0947e-02,-0.285,-0.18
4.0949e-02,-0.275,-0.48
4.0950e-02,-0.395,-0.2
4.0952e-02,-0.355,-0.5
4.0954e-02,-0.395,-0.175
4.0955e-02,-0.33,-0.495
4.0957e-02,-0.33,-0.18
4.0958e-02,-0.395,-0.53
4.0960e-02,-0.32,-0.15
4.0962e-02,-0.33,-0.51
4.0963e-02,-0.435,-0.17
4.0965e-02,-0.435,-0.515
4.0966e-02,-0.465,-0.165
4.0968e-02,-0.35,-0.51
4.0970e-02,-0.34,-0.16
4.0971e-02,-0.45,-0.505
4.0973e-02,-0.36,-0.165
4.0974e-02,-0.36,-0.485
4.0976e-02,-0.33,-0.19
4.0978e-02,-0.31,-0.515
4.0979e-02,-0.365,-0.165
4.0981e-02,-0.29,-0.495
4.0982e-02,-0.26,-0.18
4.0984e-02,-0.285,-0.49
4.0986e-02,-0.28,-0.185
4.0987e-02,-0.27,-0.49
4.0989e-02,-0.365,-0.18
4.0990e-02,-0.29,-0.49
4.0992e-02,-0.345,-0.19
4.0994e-02,-0.3,-0.5
4.0995e-02,-0.275,-0.18
4.0997e-02,-0.37,-0.515
4.0998e-02,-0.33,-0.155
4.1000e-02,-0.285,-0.51
4.1002e-02,-0.385,-0.165
4.1003e-02,-0.335,-0.535
4.1005e-02,-0.435,-0.145
4.1006e-02,-0.425,-0.515
4.1008e-02,-0.34,-0.165
4.1010e-02,-0.355,-0.54
4.1011e-02,-0.375,-0.14
4.1013e-02,-0.39,-0.485
4.1014e-02,-0.33,-0.19
4.1016e-02,-0.34,-0.505
4.1018e-02,-0.33,-0.165
4.1019e-02,-0.4,-0.525
4.1021e-02,-0.395,-0.14
4.1022e-02,-0.27,-0.495
4.1024e-02,-0.39,-0.18
4.1026e-02,-0.35,-0.525
4.1027e-02,-0.5,-0.155
4.1029e-02,-0.37,-0.505
4.1030e-02,-0.395,-0.17
4.1032e-02,-0.335,-0.475
4.1034e-02,-0.38,-0.19
4.1035e-02,-0.305,-0.485
4.1037e-02,-0.385,-0.185
4.1038e-02,-0.34,-0.49
4.1040e-02,-0.335,-0.175
4.1042e-02,-0.365,-0.49
4.1043e-02,-0.37,-0.175
4.1045e-02,-0.4,-0.51
4.1046e-02,-0.37,-0.165
4.1048e-02,-0.3,-0.485
4.1050e-02,-0.23,-0.19
4.1051e-02,-0.325,-0.515
4.1053e-02,-0.32,-0.16
4.1054e-02,-0.29,-0.535
4.1056e-02,-0.34,-0.145
4.1058e-02,-0.295,-0.495
4.1059e-02,-0.49,-0.18
4.1061e-02,-0.435,-0.505
4.1062e-02,-0.315,-0.16
4.1064e-02,-0.35,-0.51
4.1066e-02,-0.345,-0.165
4.1067e-02,-0.375,-0.5
4.1069e-02,-0.32,-0.175
4.1070e-02,-0.34,-0.5
4.1072e-02,-0.28,-0.175
4.1074e-02,-0.37,-0.52
4.1075e-02,-0.355,-0.16
4.1077e-02,-0.295,-0.525
4.1078e-02,-0.34,-0.15
4.1080e-02,-0.265,-0.505
4.1082e-02,-0.325,-0.175
4.1083e-02,-0.315,-0.5
4.1085e-02,-0.375,-0.175
4.1086e-02,-0.31,-0.51
4.1088e-02,-0.305,-0.17
4.1090e-02,-0.375,-0.5
4.1091e-02,-0.325,-0.175
4.1093e-02,-0.335,-0.545
4.1094e-02,-0.285,-0.145
4.1096e-02,-0.28,-0.555
4.1098e-02,-0.31,-0.13
4.1099e-02,-0.435,-0.5
4.1101e-02,-0.355,-0.175
4.1102e-02,-0.32,-0.49
4.1104e-02,-0.35,-0.19
4.1106e-02,-0.39,-0.505
4.1107e-02,-0.385,-0.18
4.1109e-02,-0.31,-0.5
4.1110e-02,-0.375,-0.18
4.1112e-02,-0.315,-0.505
4.1114e-02,-0.35,-0.175
4.1115e-02,-0.43,-0.515
4.1117e-02,-0.255,-0.175
4.1118e-02,-0.34,-0.51
4.1120e-02,-0.275,-0.17
4.1122e-02,-0.26,-0.525
4.1123e-02,-0.315,-0.16
4.1125e-02,-0.31,-0.535
4.1126e-02,-0.36,-0.15
4.1128e-02,-0.275,-0.53
4.1130e-02,-0.435,-0.145
4.1131e-02,-0.34,-0.53
4.1133e-02,-0.375,-0.145
4.1134e-02,-0.35,-0.515
4.1136e-02,-0.375,-0.165
4.1138e-02,-0.43,-0.525
4.1139e-02,-0.46,-0.16
4.1141e-02,-0.415,-0.5
4.1142e-02,-0.345,-0.18
4.1144e-02,-0.355,-0.525
4.1146e-02,-0.335,-0.16
4.1147e-02,-0.35,-0.525
4.1149e-02,-0.37,-0.15
4.1150e-02,-0.24,-0.505
4.1152e-02,-0.4,-0.18
4.1154e-02,-0.36,-0.57
4.1155e-02,-0.43,-0.11
4.1157e-02,-0.3,-0.52
4.1158e-02,-0.375,-0.165
4.1160e-02,-0.355,-0.5
4.1162e-02,-0.365,-0.175
4.1163e-02,-0.395,-0.51
4.1165e-02,-0.335,-0.165
4.1166e-02,-0.4,-0.49
4.1168e-02,-0.315,-0.19
4.1170e-02,-0.385,-0.49
4.1171e-02,-0.36,-0.19
4.1173e-02,-0.33,-0.51
4.1174e-02,-0.36,-0.165
4.1176e-02,-0.35,-0.525
4.1178e-02,-0.405,-0.145
4.1179e-02,-0.395,-0.535
4.1181e-02,-0.37,-0.145
4.1182e-02,-0.305,-0.5
4.1184e-02,-0.345,-0.175
4.1186e-02,-0.38,-0.515
4.1187e-02,-0.33,-0.16
4.1189e-02,-0.325,-0.505
4.1190e-02,-0.31,-0.17
4.1192e-02,-0.405,-0.49
4.1194e-02,-0.4,-0.18
4.1195e-02,-0.35,-0.485
4.1197e-02,-0.36,-0.195
4.1198e-02,-0.335,-0.51
4.1200e-02,-0.3,-0.165
4.1202e-02,-0.375,-0.5
4.1203e-02,-0.235,-0.17
4.1205e-02,-0.37,-0.525
4.1206e-02,-0.265,-0.14
4.1208e-02,-0.365,-0.48
4.1210e-02,-0.34,-0.19
4.1211e-02,-0.36,-0.495
4.1213e-02,-0.295,-0.175
4.1214e-02,-0.345,-0.485
4.1216e-02,-0.245,-0.19
4.1218e-02,-0.355,-0.49
4.1219e-02,-0.305,-0.175
4.1221e-02,-0.34,-0.5
4.1222e-02,-0.295,-0.165
4.1224e-02,-0.325,-0.53
4.1226e-02,-0.365,-0.14
4.1227e-02,-0.33,-0.495
4.1229e-02,-0.27,-0.175
4.1230e-02,-0.33,-0.515
4.1232e-02,-0.365,-0.155
4.1234e-02,-0.335,-0.495
4.1235e-02,-0.295,-0.18
4.1237e-02,-0.26,-0.505
4.1238e-02,-0.245,-0.16
4.1240e-02,-0.36,-0.495
4.1242e-02,-0.295,-0.175
4.1243e-02,-0.315,-0.505
4.1245e-02,-0.34,-0.175
4.1246e-02,-0.335,-0.525
4.1248e-02,-0.35,-0.155
4.1250e-02,-0.34,-0.5
4.1251e-02,-0.28,-0.175
4.1253e-02,-0.305,-0.49
4.1254e-02,-0.315,-0.185
4.1256e-02,-0.355,-0.52
4.1258e-02,-0.325,-0.145
4.1259e-02,-0.395,-0.52
4.1261e-02,-0.38,-0.155
4.1262e-02,-0.43,-0.52
4.1264e-02,-0.39,-0.16
4.1266e-02,-0.435,-0.515
4.1267e-02,-0.36,-0.165
4.1269e-02,-0.34,-0.485
4.1270e-02,-0.345,-0.18
4.1272e-02,-0.455,-0.505
4.1274e-02,-0.365,-0.165
4.1275e-02,-0.4,-0.505
4.1277e-02,-0.225,-0.17
4.1278e-02,-0.36,-0.495
4.1280e-02,-0.295,-0.18
4.1282e-02,-0.38,-0.49
4.1283e-02,-0.255,-0.185
4.1285e-02,-0.355,-0.54
4.1286e-02,-0.395,-0.15
4.1288e-02,-0.365,-0.495
4.1290e-02,-0.32,-0.19
4.1291e-02,-0.26,-0.495
4.1293e-02,-0.34,-0.185
4.1294e-02,-0.295,-0.485
4.1296e-02,-0.385,-0.185
4.1298e-02,-0.34,-0.505
4.1299e-02,-0.405,-0.175
4.1301e-02,-0.35,-0.5
4.1302e-02,-0.49,-0.18
4.1304e-02,-0.33,-0.49
4.1306e-02,-0.395,-0.18
4.1307e-02,-0.35,-0.53
4.1309e-02,-0.37,-0.145
4.1310e-02,-0.335,-0.545
4.1312e-02,-0.425,-0.135
4.1314e-02,-0.415,-0.5
4.1315e-02,-0.375,-0.175
4.1317e-02,-0.425,-0.48
4.1318e-02,-0.335,-0.195
4.1320e-02,-0.39,-0.495
4.1322e-02,-0.285,-0.18
4.1323e-02,-0.275,-0.495
4.1325e-02,-0.28,-0.18
4.1326e-02,-0.415,-0.495
4.1328e-02,-0.295,-0.185
4.1330e-02,-0.395,-0.53
4.1331e-02,-0.255,-0.16
4.1333e-02,-0.37,-0.49
4.1334e-02,-0.31,-0.185
4.1336e-02,-0.285,-0.495
4.1338e-02,-0.33,-0.19
4.1339e-02,-0.31,-0.5
4.1341e-02,-0.475,-0.175
4.1342e-02,-0.33,-0.52
4.1344e-02,-0.34,-0.16
4.1346e-02,-0.28,-0.495
4.1347e-02,-0.335,-0.185
4.1349e-02,-0.36,-0.52
4.1350e-02,-0.415,-0.16
4.1352e-02,-0.34,-0.505
4.1354e-02,-0.39,-0.175
4.1355e-02,-0.305,-0.515
4.1357e-02,-0.305,-0.16
4.1358e-02,-0.345,-0.495
4.1360e-02,-0.355,-0.18
4.1362e-02,-0.355,-0.48
4.1363e-02,-0.33,-0.195
4.1365e-02,-0.38,-0.475
4.1366e-02,-0.405,-0.2
4.1368e-02,-0.355,-0.48
4.1370e-02,-0.32,-0.19
4.1371e-02,-0.32,-0.48
4.1373e-02,-0.33,-0.195
4.1374e-02,-0.37,-0.52
4.1376e-02,-0.24,-0.16
4.1378e-02,-0.29,-0.495
4.1379e-02,-0.33,-0.175
4.1381e-02,-0.37,-0.495
4.1382e-02,-0.395,-0.18
4.1384e-02,-0.28,-0.5
4.1386e-02,-0.365,-0.17
4.1387e-02,-0.33,-0.475
4.1389e-02,-0.325,-0.195
4.1390e-02,-0.37,-0.495
4.1392e-02,-0.28,-0.18
4.1394e-02,-0.345,-0.49
4.1395e-02,-0.305,-0.175
4.1397e-02,-0.375,-0.485
4.1398e-02,-0.255,-0.19
4.1400e-02,-0.365,-0.525
4.1402e-02,-0.215,-0.145
4.1403e-02,-0.35,-0.51
4.1405e-02,-0.415,-0.165
4.1406e-02,-0.375,-0.51
4.1408e-02,-0.385,-0.165
4.1410e-02,-0.32,-0.49
4.1411e-02,-0.345,-0.18
4.1413e-02,-0.4,-0.495
4.1414e-02,-0.375,-0.17
4.1416e-02,-0.32,-0.505
4.1418e-02,-0.285,-0.17
4.1419e-02,-0.275,-0.49
4.1421e-02,-0.355,-0.19
4.1422e-02,-0.25,-0.51
4.1424e-02,-0.35,-0.16
4.1426e-02,-0.275,-0.515
4.1427e-02,-0.365,-0.165
4.1429e-02,-0.32,-0.51
4.1430e-02,-0.31,-0.17
4.1432e-02,-0.33,-0.495
4.1434e-02,-0.24,-0.18
4.1435e-02,-0.405,-0.49
4.1437e-02,-0.285,-0.185
4.1438e-02,-0.365,-0.51
4.1440e-02,-0.345,-0.16
4.1442e-02,-0.29,-0.485
4.1443e-02,-0.39,-0.19
4.1445e-02,-0.295,-0.48
4.1446e-02,-0.365,-0.19
4.1448e-02,-0.305,-0.5
4.1450e-02,-0.29,-0.18
4.1451e-02,-0.41,-0.5
4.1453e-02,-0.34,-0.18
4.1454e-02,-0.325,-0.5
4.1456e-02,-0.28,-0.175
4.1458e-02,-0.27,-0.51
4.1459e-02,-0.335,-0.165
4.1461e-02,-0.375,-0.545
4.1462e-02,-0.36,-0.14
4.1464e-02,-0.275,-0.51
4.1466e-02,-0.395,-0.17
4.1467e-02,-0.37,-0.48
4.1469e-02,-0.49,-0.2
4.1470e-02,-0.35,-0.5
4.1472e-02,-0.345,-0.175
4.1474e-02,-0.345,-0.515
4.1475e-02,-0.375,-0.165
4.1477e-02,-0.335,-0.49
4.1478e-02,-0.27,-0.185
4.1480e-02,-0.285,-0.525
4.1482e-02,-0.245,-0.15
4.1483e-02,-0.375,-0.51
4.1485e-02,-0.35,-0.16
4.1486e-02,-0.33,-0.49
4.1488e-02,-0.42,-0.19
4.1490e-02,-0.355,-0.495
4.1491e-02,-0.445,-0.185
4.1493e-02,-0.29,-0.51
4.1494e-02,-0.32,-0.16
4.1496e-02,-0.31,-0.49
4.1498e-02,-0.28,-0.185
4.1499e-02,-0.375,-0.49
4.1501e-02,-0.315,-0.185
4.1502e-02,-0.325,-0.505
4.1504e-02,-0.275,-0.175
4.1506e-02,-0.335,-0.48
4.1507e-02,-0.305,-0.19
4.1509e-02,-0.365,-0.5
4.1510e-02,-0.33,-0.18
4.1512e-02,-0.24,-0.485
4.1514e-02,-0.305,-0.185
4.1515e-02,-0.345,-0.485
4.1517e-02,-0.29,-0.185
4.1518e-02,-0.315,-0.49
4.1520e-02,-0.31,-0.18
4.1522e-02,-0.405,-0.5
4.1523e-02,-0.38,-0.17
4.1525e-02,-0.325,-0.485
4.1526e-02,-0.295,-0.18
4.1528e-02,-0.19,-0.485
4.1530e-02,-0.33,-0.185
4.1531e-02,-0.305,-0.48
4.1533e-02,-0.27,-0.19
4.1534e-02,-0.36,-0.515
4.1536e-02,-0.3,-0.155
4.1538e-02,-0.36,-0.48
4.1539e-02,-0.33,-0.195
4.1541e-02,-0.305,-0.475
4.1542e-02,-0.31,-0.195
4.1544e-02,-0.31,-0.495
4.1546e-02,-0.33,-0.18
4.1547e-02,-0.365,-0.49
4.1549e-02,-0.265,-0.19
4.1550e-02,-0.325,-0.505
4.1552e-02,-0.275,-0.17
4.1554e-02,-0.325,-0.52
4.1555e-02,-0.365,-0.155
4.1557e-02,-0.335,-0.505
4.1558e-02,-0.29,-0.165
4.1560e-02,-0.33,-0.525
4.1562e-02,-0.275,-0.15
4.1563e-02,-0.325,-0.515
4.1565e-02,-0.28,-0.155
4.1566e-02,-0.29,-0.525
4.1568e-02,-0.31,-0.155
4.1570e-02,-0.37,-0.52
4.1571e-02,-0.275,-0.16
4.1573e-02,-0.275,-0.485
4.1574e-02,-0.33,-0.18
4.1576e-02,-0.345,-0.465
4.1578e-02,-0.45,-0.195
4.1579e-02,-0.37,-0.495
4.1581e-02,-0.3,-0.17
4.1582e-02,-0.315,-0.48
4.1584e-02,-0.32,-0.185
4.1586e-02,-0.28,-0.465
4.1587e-02,-0.365,-0.205
4.1589e-02,-0.325,-0.47
4.1590e-02,-0.335,-0.205
4.1592e-02,-0.41,-0.49
4.1594e-02,-0.325,-0.18
4.1595e-02,-0.42,-0.475
4.1597e-02,-0.29,-0.19
4.1598e-02,-0.305,-0.51
4.1600e-02,-0.345,-0.155
4.1602e-02,-0.37,-0.475
4.1603e-02,-0.325,-0.195
4.1605e-02,-0.39,-0.505
4.1606e-02,-0.275,-0.165
4.1608e-02,-0.395,-0.48
4.1610e-02,-0.32,-0.185
4.1611e-02,-0.35,-0.485
4.1613e-02,-0.215,-0.185
4.1614e-02,-0.35,-0.49
4.1616e-02,-0.335,-0.18
4.1618e-02,-0.375,-0.48
4.1619e-02,-0.36,-0.19
4.1621e-02,-0.34,-0.475
4.1622e-02,-0.365,-0.195
4.1624e-02,-0.395,-0.505
4.1626e-02,-0.305,-0.17
4.1627e-02,-0.345,-0.48
4.1629e-02,-0.3,-0.19
4.1630e-02,-0.28,-0.52
4.1632e-02,-0.34,-0.15
4.1634e-02,-0.325,-0.475
4.1635e-02,-0.375,-0.19
4.1637e-02,-0.345,-0.475
4.1638e-02,-0.33,-0.195
4.1640e-02,-0.275,-0.47
4.1642e-02,-0.375,-0.205
4.1643e-02,-0.235,-0.485
4.1645e-02,-0.285,-0.185
4.1646e-02,-0.28,-0.465
4.1648e-02,-0.355,-0.2
4.1650e-02,-0.36,-0.48
4.1651e-02,-0.375,-0.19
4.1653e-02,-0.24,-0.475
4.1654e-02,-0.29,-0.195
4.1656e-02,-0.3,-0.49
4.1658e-02,-0.285,-0.17
4.1659e-02,-0.34,-0.495
4.1661e-02,-0.295,-0.175
4.1662e-02,-0.35,-0.485
4.1664e-02,-0.38,-0.185
4.1666e-02,-0.275,-0.495
4.1667e-02,-0.325,-0.175
4.1669e-02,-0.25,-0.49
4.1670e-02,-0.315,-0.19
4.1672e-02,-0.265,-0.505
4.1674e-02,-0.385,-0.17
4.1675e-02,-0.315,-0.505
4.1677e-02,-0.395,-0.175
4.1678e-02,-0.32,-0.49
4.1680e-02,-0.285,-0.185
4.1682e-02,-0.39,-0.555
4.1683e-02,-0.305,-0.12
4.1685e-02,-0.34,-0.525
4.1686e-02,-0.195,-0.155
4.1688e-02,-0.345,-0.49
4.1690e-02,-0.325,-0.175
4.1691e-02,-0.405,-0.495
4.1693e-02,-0.3,-0.175
4.1694e-02,-0.375,-0.515
4.1696e-02,-0.345,-0.16
4.1698e-02,-0.415,-0.475
4.1699e-02,-0.35,-0.205
4.1701e-02,-0.315,-0.485
4.1702e-02,-0.345,-0.19
4.1704e-02,-0.355,-0.48
4.1706e-02,-0.385,-0.19
4.1707e-02,-0.3,-0.47
4.1709e-02,-0.35,-0.205
4.1710e-02,-0.33,-0.475
4.1712e-02,-0.375,-0.19
4.1714e-02,-0.375,-0.495
4.1715e-02,-0.33,-0.18
4.1717e-02,-0.365,-0.47
4.1718e-02,-0.275,-0.195
4.1720e-02,-0.38,-0.475
4.1722e-02,-0.42,-0.195
4.1723e-02,-0.435,-0.48
4.1725e-02,-0.41,-0.195
4.1726e-02,-0.32,-0.475
4.1728e-02,-0.265,-0.2
4.1730e-02,-0.355,-0.51
4.1731e-02,-0.355,-0.16
4.1733e-02,-0.32,-0.49
4.1734e-02,-0.325,-0.185
4.1736e-02,-0.41,-0.485
4.1738e-02,-0.365,-0.185
4.1739e-02,-0.44,-0.49
4.1741e-02,-0.345,-0.18
4.1742e-02,-0.29,-0.49
4.1744e-02,-0.32,-0.19
4.1746e-02,-0.29,-0.5
4.1747e-02,-0.335,-0.175
4.1749e-02,-0.35,-0.485
4.1750e-02,-0.32,-0.185
4.1752e-02,-0.405,-0.47
4.1754e-02,-0.39,-0.19
4.1755e-02,-0.385,-0.49
4.1757e-02,-0.41,-0.175
4.1758e-02,-0.32,-0.485
4.1760e-02,-0.265,-0.18
4.1762e-02,-0.365,-0.49
4.1763e-02,-0.325,-0.18
4.1765e-02,-0.34,-0.475
4.1766e-02,-0.335,-0.195
4.1768e-02,-0.27,-0.47
4.1770e-02,-0.35,-0.2
4.1771e-02,-0.315,-0.515
4.1773e-02,-0.29,-0.15
4.1774e-02,-0.255,-0.48
4.1776e-02,-0.355,-0.19
4.1778e-02,-0.325,-0.495
4.1779e-02,-0.46,-0.17
4.1781e-02,-0.325,-0.495
4.1782e-02,-0.34,-0.17
4.1784e-02,-0.315,-0.485
4.1786e-02,-0.38,-0.19
4.1787e-02,-0.32,-0.475
4.1789e-02,-0.44,-0.19
4.1790e-02,-0.395,-0.495
4.1792e-02,-0.335,-0.17
4.1794e-02,-0.31,-0.485
4.1795e-02,-0.275,-0.18
4.1797e-02,-0.34,-0.51
4.1798e-02,-0.325,-0.165
4.1800e-02,-0.315,-0.48
4.1802e-02,-0.295,-0.185
4.1803e-02,-0.355,-0.495
4.1805e-02,-0.385,-0.165
4.1806e-02,-0.275,-0.525
4.1808e-02,-0.34,-0.145
4.1810e-02,-0.27,-0.485
4.1811e-02,-0.41,-0.185
4.1813e-02,-0.3,-0.485
4.1814e-02,-0.295,-0.185
4.1816e-02,-0.345,-0.495
4.1818e-02,-0.29,-0.17
4.1819e-02,-0.355,-0.49
4.1821e-02,-0.35,-0.18
4.1822e-02,-0.325,-0.48
4.1824e-02,-0.375,-0.19
4.1826e-02,-0.315,-0.5
4.1827e-02,-0.4,-0.17
4.1829e-02,-0.41,-0.49
4.1830e-02,-0.34,-0.175
4.1832e-02,-0.38,-0.48
4.1834e-02,-0.245,-0.19
4.1835e-02,-0.325,-0.48
4.1837e-02,-0.365,-0.195
4.1838e-02,-0.28,-0.54
4.1840e-02,-0.29,-0.14
4.1842e-02,-0.255,-0.48
4.1843e-02,-0.35,-0.19
4.1845e-02,-0.295,-0.47
4.1846e-02,-0.35,-0.2
4.1848e-02,-0.225,-0.475
4.1850e-02,-0.29,-0.18
4.1851e-02,-0.265,-0.495
4.1853e-02,-0.3,-0.175
4.1854e-02,-0.355,-0.485
4.1856e-02,-0.31,-0.185
4.1858e-02,-0.385,-0.495
4.1859e-02,-0.335,-0.175
4.1861e-02,-0.4,-0.475
4.1862e-02,-0.365,-0.2
4.1864e-02,-0.295,-0.475
4.1866e-02,-0.2,-0.195
4.1867e-02,-0.325,-0.49
4.1869e-02,-0.275,-0.175
4.1870e-02,-0.37,-0.485
4.1872e-02,-0.34,-0.19
4.1874e-02,-0.33,-0.465
4.1875e-02,-0.435,-0.2
4.1877e-02,-0.43,-0.48
4.1878e-02,-0.38,-0.19
4.1880e-02,-0.295,-0.49
4.1882e-02,-0.31,-0.18
4.1883e-02,-0.31,-0.485
4.1885e-02,-0.35,-0.185
4.1886e-02,-0.36,-0.48
4.1888e-02,-0.36,-0.185
4.1890e-02,-0.34,-0.475
4.1891e-02,-0.285,-0.2
4.1893e-02,-0.41,-0.475
4.1894e-02,-0.31,-0.195
4.1896e-02,-0.455,-0.475
4.1898e-02,-0.35,-0.195
4.1899e-02,-0.265,-0.49
4.1901e-02,-0.3,-0.185
4.1902e-02,-0.275,-0.465
4.1904e-02,-0.32,-0.21
4.1906e-02,-0.32,-0.465
4.1907e-02,-0.245,-0.195
4.1909e-02,-0.395,-0.5
4.1910e-02,-0.325,-0.165
4.1912e-02,-0.375,-0.495
4.1914e-02,-0.31,-0.18
4.1915e-02,-0.33,-0.525
4.1917e-02,-0.395,-0.14
4.1918e-02,-0.4,-0.48
4.1920e-02,-0.365,-0.185
4.1922e-02,-0.365,-0.46
4.1923e-02,-0.365,-0.2
4.1925e-02,-0.365,-0.48
4.1926e-02,-0.375,-0.19
4.1928e-02,-0.315,-0.475
4.1930e-02,-0.32,-0.2
4.1931e-02,-0.28,-0.47
4.1933e-02,-0.28,-0.2
4.1934e-02,-0.335,-0.475
4.1936e-02,-0.34,-0.185
4.1938e-02,-0.345,-0.47
4.1939e-02,-0.33,-0.19
4.1941e-02,-0.295,-0.475
4.1942e-02,-0.325,-0.19
4.1944e-02,-0.395,-0.495
4.1946e-02,-0.29,-0.175
4.1947e-02,-0.255,-0.475
4.1949e-02,-0.31,-0.19
4.1950e-02,-0.28,-0.505
4.1952e-02,-0.4,-0.165
4.1954e-02,-0.31,-0.485
4.1955e-02,-0.315,-0.18
4.1957e-02,-0.35,-0.485
4.1958e-02,-0.34,-0.19
4.1960e-02,-0.34,-0.485
4.1962e-02,-0.35,-0.18
4.1963e-02,-0.275,-0.47
4.1965e-02,-0.33,-0.195
4.1966e-02,-0.29,-0.48
4.1968e-02,-0.275,-0.18
4.1970e-02,-0.325,-0.49
4.1971e-02,-0.3,-0.18
4.1973e-02,-0.385,-0.48
4.1974e-02,-0.355,-0.18
4.1976e-02,-0.4,-0.475
4.1978e-02,-0.3,-0.19
4.1979e-02,-0.305,-0.46
4.1981e-02,-0.285,-0.205
4.1982e-02,-0.31,-0.475
4.1984e-02,-0.465,-0.19
4.1986e-02,-0.41,-0.475
4.1987e-02,-0.39,-0.19
4.1989e-02,-0.395,-0.465
4.1990e-02,-0.33,-0.2
4.1992e-02,-0.365,-0.495
4.1994e-02,-0.295,-0.17
4.1995e-02,-0.31,-0.465
4.1997e-02,-0.26,-0.195
4.1998e-02,-0.365,-0.475
4.2000e-02,-0.315,-0.19
4.2002e-02,-0.335,-0.475
4.2003e-02,-0.35,-0.18
4.2005e-02,-0.31,-0.5
4.2006e-02,-0.32,-0.165
4.2008e-02,-0.36,-0.49
4.2010e-02,-0.34,-0.17
4.2011e-02,-0.35,-0.495
4.2013e-02,-0.36,-0.17
4.2014e-02,-0.33,-0.52
4.2016e-02,-0.31,-0.145
4.2018e-02,-0.375,-0.485
4.2019e-02,-0.275,-0.18
4.2021e-02,-0.275,-0.49
4.2022e-02,-0.335,-0.17
4.2024e-02,-0.305,-0.48
4.2026e-02,-0.325,-0.175
4.2027e-02,-0.29,-0.5
4.2029e-02,-0.3,-0.16
4.2030e-02,-0.3,-0.465
4.2032e-02,-0.435,-0.19
4.2034e-02,-0.335,-0.48
4.2035e-02,-0.32,-0.175
4.2037e-02,-0.375,-0.475
4.2038e-02,-0.315,-0.19
4.2040e-02,-0.325,-0.5
4.2042e-02,-0.34,-0.165
4.2043e-02,-0.38,-0.495
4.2045e-02,-0.31,-0.175
4.2046e-02,-0.32,-0.48
4.2048e-02,-0.32,-0.17
4.2050e-02,-0.345,-0.5
4.2051e-02,-0.405,-0.155
4.2053e-02,-0.445,-0.475
4.2054e-02,-0.32,-0.18
4.2056e-02,-0.355,-0.505
4.2058e-02,-0.375,-0.16
4.2059e-02,-0.365,-0.465
4.2061e-02,-0.36,-0.195
4.2062e-02,-0.315,-0.475
4.2064e-02,-0.37,-0.175
4.2066e-02,-0.355,-0.495
4.2067e-02,-0.395,-0.17
4.2069e-02,-0.395,-0.475
4.2070e-02,-0.285,-0.185
4.2072e-02,-0.35,-0.5
4.2074e-02,-0.34,-0.16
4.2075e-02,-0.26,-0.475
4.2077e-02,-0.305,-0.185
4.2078e-02,-0.25,-0.49
4.2080e-02,-0.29,-0.17
4.2082e-02,-0.24,-0.48
4.2083e-02,-0.375,-0.185
4.2085e-02,-0.31,-0.48
4.2086e-02,-0.29,-0.18
4.2088e-02,-0.29,-0.475
4.2090e-02,-0.36,-0.185
4.2091e-02,-0.315,-0.485
4.2093e-02,-0.395,-0.175
4.2094e-02,-0.32,-0.49
4.2096e-02,-0.35,-0.175
4.2098e-02,-0.355,-0.495
4.2099e-02,-0.42,-0.175
4.2101e-02,-0.395,-0.46
4.2102e-02,-0.34,-0.2
4.2104e-02,-0.325,-0.49
4.2106e-02,-0.34,-0.175
4.2107e-02,-0.325,-0.47
4.2109e-02,-0.35,-0.2
4.2110e-02,-0.335,-0.48
4.2112e-02,-0.375,-0.18
4.2114e-02,-0.285,-0.485
4.2115e-02,-0.425,-0.185
4.2117e-02,-0.345,-0.475
4.2118e-02,-0.42,-0.19
4.2120e-02,-0.35,-0.495
4.2122e-02,-0.335,-0.17
4.2123e-02,-0.405,-0.485
4.2125e-02,-0.425,-0.175
4.2126e-02,-0.385,-0.49
4.2128e-02,-0.26,-0.18
4.2130e-02,-0.285,-0.49
4.2131e-02,-0.33,-0.17
4.2133e-02,-0.29,-0.495
4.2134e-02,-0.385,-0.175
4.2136e-02,-0.275,-0.485
4.2138e-02,-0.37,-0.185
4.2139e-02,-0.345,-0.49
4.2141e-02,-0.4,-0.17
4.2142e-02,-0.305,-0.505
4.2144e-02,-0.355,-0.165
4.2146e-02,-0.29,-0.485
4.2147e-02,-0.26,-0.18
4.2149e-02,-0.33,-0.475
4.2150e-02,-0.375,-0.19
4.2152e-02,-0.305,-0.48
4.2154e-02,-0.395,-0.185
4.2155e-02,-0.295,-0.46
4.2157e-02,-0.37,-0.2
4.2158e-02,-0.375,-0.49
4.2160e-02,-0.49,-0.17
4.2162e-02,-0.34,-0.51
4.2163e-02,-0.385,-0.16
4.2165e-02,-0.305,-0.5
4.2166e-02,-0.395,-0.175
4.2168e-02,-0.355,-0.495
4.2170e-02,-0.315,-0.17
4.2171e-02,-0.37,-0.5
4.2173e-02,-0.36,-0.16
4.2174e-02,-0.405,-0.475
4.2176e-02,-0.325,-0.185
4.2178e-02,-0.355,-0.475
4.2179e-02,-0.27,-0.19
4.2181e-02,-0.38,-0.485
4.2182e-02,-0.31,-0.175
4.2184e-02,-0.33,-0.465
4.2186e-02,-0.37,-0.195
4.2187e-02,-0.35,-0.475
4.2189e-02,-0.365,-0.19
4.2190e-02,-0.37,-0.475
4.2192e-02,-0.335,-0.185
4.2194e-02,-0.34,-0.47
4.2195e-02,-0.26,-0.19
4.2197e-02,-0.27,-0.47
4.2198e-02,-0.33,-0.19
4.2200e-02,-0.3,-0.48
4.2202e-02,-0.335,-0.185
4.2203e-02,-0.28,-0.475
4.2205e-02,-0.265,-0.185
4.2206e-02,-0.35,-0.48
4.2208e-02,-0.395,-0.175
4.2210e-02,-0.32,-0.475
4.2211e-02,-0.35,-0.185
4.2213e-02,-0.325,-0.495
4.2214e-02,-0.33,-0.17
4.2216e-02,-0.38,-0.49
4.2218e-02,-0.28,-0.17
4.2219e-02,-0.31,-0.47
4.2221e-02,-0.275,-0.19
4.2222e-02,-0.28,-0.485
4.2224e-02,-0.325,-0.18
4.2226e-02,-0.325,-0.49
4.2227e-02,-0.315,-0.17
4.2229e-02,-0.285,-0.49
4.2230e-02,-0.29,-0.17
4.2232e-02,-0.325,-0.46
4.2234e-02,-0.32,-0.195
4.2235e-02,-0.27,-0.465
4.2237e-02,-0.285,-0.195
4.2238e-02,-0.3,-0.49
4.2240e-02,-0.38,-0.165
4.2242e-02,-0.375,-0.485
4.2243e-02,-0.325,-0.18
4.2245e-02,-0.275,-0.475
4.2246e-02,-0.375,-0.175
4.2248e-02,-0.27,-0.47
4.2250e-02,-0.395,-0.19
4.2251e-02,-0.305,-0.465
4.2253e-02,-0.34,-0.2
4.2254e-02,-0.305,-0.465
4.2256e-02,-0.31,-0.19
4.2258e-02,-0.35,-0.455
4.2259e-02,-0.35,-0.205
4.2261e-02,-0.365,-0.495
4.2262e-02,-0.35,-0.16
4.2264e-02,-0.26,-0.46
4.2266e-02,-0.385,-0.2
4.2267e-02,-0.365,-0.5
4.2269e-02,-0.33,-0.165
4.2270e-02,-0.255,-0.48
4.2272e-02,-0.245,-0.185
4.2274e-02,-0.26,-0.51
4.2275e-02,-0.305,-0.15
4.2277e-02,-0.315,-0.475
4.2278e-02,-0.25,-0.19
4.2280e-02,-0.3,-0.475
4.2282e-02,-0.365,-0.19
4.2283e-02,-0.375,-0.5
4.2285e-02,-0.325,-0.155
4.2286e-02,-0.36,-0.475
4.2288e-02,-0.34,-0.19
4.2290e-02,-0.38,-0.455
4.2291e-02,-0.34,-0.2
4.2293e-02,-0.425,-0.465
4.2294e-02,-0.275,-0.195
4.2296e-02,-0.315,-0.46
4.2298e-02,-0.27,-0.205
4.2299e-02,-0.29,-0.47
4.2301e-02,-0.36,-0.195
4.2302e-02,-0.3,-0.46
4.2304e-02,-0.255,-0.195
4.2306e-02,-0.355,-0.475
4.2307e-02,-0.27,-0.185
4.2309e-02,-0.39,-0.47
4.2310e-02,-0.3,-0.19
4.2312e-02,-0.3,-0.48
4.2314e-02,-0.29,-0.175
4.2315e-02,-0.33,-0.49
4.2317e-02,-0.32,-0.17
4.2318e-02,-0.375,-0.48
4.2320e-02,-0.25,-0.175
4.2322e-02,-0.36,-0.505
4.2323e-02,-0.33,-0.165
4.2325e-02,-0.305,-0.455
4.2326e-02,-0.275,-0.2
4.2328e-02,-0.27,-0.46
4.2330e-02,-0.245,-0.195
4.2331e-02,-0.285,-0.455
4.2333e-02,-0.385,-0.2
4.2334e-02,-0.405,-0.465
4.2336e-02,-0.395,-0.19
4.2338e-02,-0.33,-0.465
4.2339e-02,-0.41,-0.185
4.2341e-02,-0.365,-0.475
4.2342e-02,-0.34,-0.18
4.2344e-02,-0.27,-0.46
4.2346e-02,-0.28,-0.19
4.2347e-02,-0.255,-0.45
4.2349e-02,-0.34,-0.205
4.2350e-02,-0.34,-0.48
4.2352e-02,-0.32,-0.17
4.2354e-02,-0.345,-0.465
4.2355e-02,-0.34,-0.18
4.2357e-02,-0.345,-0.505
4.2358e-02,-0.35,-0.155
4.2360e-02,-0.34,-0.485
4.2362e-02,-0.28,-0.165
4.2363e-02,-0.325,-0.495
4.2365e-02,-0.225,-0.16
4.2366e-02,-0.255,-0.485
4.2368e-02,-0.325,-0.175
4.2370e-02,-0.305,-0.475
4.2371e-02,-0.255,-0.18
4.2373e-02,-0.305,-0.47
4.2374e-02,-0.32,-0.185
4.2376e-02,-0.36,-0.45
4.2378e-02,-0.315,-0.2
4.2379e-02,-0.275,-0.475
4.2381e-02,-0.265,-0.175
4.2382e-02,-0.355,-0.48
4.2384e-02,-0.35,-0.175
4.2386e-02,-0.38,-0.465
4.2387e-02,-0.4,-0.19
4.2389e-02,-0.365,-0.47
4.2390e-02,-0.375,-0.185
4.2392e-02,-0.365,-0.47
4.2394e-02,-0.26,-0.18
4.2395e-02,-0.325,-0.475
4.2397e-02,-0.21,-0.175
4.2398e-02,-0.275,-0.49
4.2400e-02,-0.365,-0.16
4.2402e-02,-0.295,-0.46
4.2403e-02,-0.305,-0.19
4.2405e-02,-0.26,-0.46
4.2406e-02,-0.28,-0.19
4.2408e-02,-0.335,-0.485
4.2410e-02,-0.395,-0.17
4.2411e-02,-0.37,-0.47
4.2413e-02,-0.31,-0.19
4.2414e-02,-0.41,-0.455
4.2416e-02,-0.325,-0.195
4.2418e-02,-0.365,-0.495
4.2419e-02,-0.355,-0.16
4.2421e-02,-0.33,-0.465
4.2422e-02,-0.295,-0.19
4.2424e-02,-0.35,-0.49
4.2426e-02,-0.28,-0.165
4.2427e-02,-0.4,-0.48
4.2429e-02,-0.325,-0.175
4.2430e-02,-0.3,-0.485
4.2432e-02,-0.285,-0.17
4.2434e-02,-0.32,-0.475
4.2435e-02,-0.285,-0.18
4.2437e-02,-0.35,-0.495
4.2438e-02,-0.25,-0.165
4.2440e-02,-0.325,-0.475
4.2442e-02,-0.385,-0.185
4.2443e-02,-0.435,-0.48
4.2445e-02,-0.355,-0.18
4.2446e-02,-0.38,-0.48
4.2448e-02,-0.385,-0.17
4.2450e-02,-0.36,-0.475
4.2451e-02,-0.34,-0.18
4.2453e-02,-0.325,-0.495
4.2454e-02,-0.28,-0.17
4.2456e-02,-0.325,-0.47
4.2458e-02,-0.305,-0.185
4.2459e-02,-0.34,-0.475
4.2461e-02,-0.415,-0.18
4.2462e-02,-0.305,-0.495
4.2464e-02,-0.33,-0.165
4.2466e-02,-0.28,-0.455
4.2467e-02,-0.375,-0.2
4.2469e-02,-0.29,-0.465
4.2470e-02,-0.35,-0.2
4.2472e-02,-0.31,-0.46
4.2474e-02,-0.265,-0.195
4.2475e-02,-0.355,-0.47
4.2477e-02,-0.375,-0.19
4.2478e-02,-0.27,-0.48
4.2480e-02,-0.3,-0.175
4.2482e-02,-0.26,-0.485
4.2483e-02,-0.3,-0.175
4.2485e-02,-0.345,-0.47
4.2486e-02,-0.335,-0.18
4.2488e-02,-0.29,-0.48
4.2490e-02,-0.32,-0.17
4.2491e-02,-0.305,-0.47
4.2493e-02,-0.325,-0.18
4.2494e-02,-0.3,-0.465
4.2496e-02,-0.265,-0.19
4.2498e-02,-0.225,-0.485
4.2499e-02,-0.35,-0.16
4.2501e-02,-0.33,-0.47
4.2502e-02,-0.345,-0.18
4.2504e-02,-0.315,-0.475
4.2506e-02,-0.29,-0.18
4.2507e-02,-0.35,-0.475
4.2509e-02,-0.375,-0.17
4.2510e-02,-0.33,-0.485
4.2512e-02,-0.24,-0.175
4.2514e-02,-0.33,-0.5
4.2515e-02,-0.22,-0.155
4.2517e-02,-0.335,-0.475
4.2518e-02,-0.235,-0.17
4.2520e-02,-0.325,-0.47
4.2522e-02,-0.16,-0.175
4.2523e-02,-0.315,-0.48
4.2525e-02,-0.245,-0.16
4.2526e-02,-0.305,-0.49
4.2528e-02,-0.315,-0.16
4.2530e-02,-0.26,-0.46
4.2531e-02,-0.22,-0.19
4.2533e-02,-0.325,-0.46
4.2534e-02,-0.285,-0.195
4.2536e-02,-0.29,-0.455
4.2538e-02,-0.21,-0.195
4.2539e-02,-0.255,-0.475
4.2541e-02,-0.295,-0.175
4.2542e-02,-0.365,-0.47
4.2544e-02,-0.265,-0.175
4.2546e-02,-0.335,-0.49
4.2547e-02,-0.385,-0.155
4.2549e-02,-0.405,-0.49
4.2550e-02,-0.425,-0.17
4.2552e-02,-0.36,-0.48
4.2554e-02,-0.325,-0.17
4.2555e-02,-0.27,-0.485
4.2557e-02,-0.285,-0.17
4.2558e-02,-0.225,-0.475
4.2560e-02,-0.325,-0.175
4.2562e-02,-0.28,-0.465
4.2563e-02,-0.33,-0.185
4.2565e-02,-0.35,-0.465
4.2566e-02,-0.375,-0.185
4.2568e-02,-0.38,-0.455
4.2570e-02,-0.375,-0.195
4.2571e-02,-0.335,-0.505
4.2573e-02,-0.29,-0.15
4.2574e-02,-0.405,-0.475
4.2576e-02,-0.375,-0.18
4.2578e-02,-0.37,-0.46
4.2579e-02,-0.325,-0.185
4.2581e-02,-0.35,-0.465
4.2582e-02,-0.265,-0.18
4.2584e-02,-0.365,-0.48
4.2586e-02,-0.315,-0.175
4.2587e-02,-0.28,-0.47
4.2589e-02,-0.32,-0.18
4.2590e-02,-0.285,-0.49
4.2592e-02,-0.315,-0.17
4.2594e-02,-0.335,-0.45
4.2595e-02,-0.275,-0.195
4.2597e-02,-0.29,-0.485
4.2598e-02,-0.36,-0.165
4.2600e-02,-0.35,-0.475
4.2602e-02,-0.365,-0.175
4.2603e-02,-0.355,-0.46
4.2605e-02,-0.33,-0.19
4.2606e-02,-0.395,-0.47
4.2608e-02,-0.47,-0.18
4.2610e-02,-0.325,-0.485
4.2611e-02,-0.38,-0.165
4.2613e-02,-0.34,-0.495
4.2614e-02,-0.375,-0.15
4.2616e-02,-0.32,-0.51
4.2618e-02,-0.325,-0.145
4.2619e-02,-0.25,-0.485
4.2621e-02,-0.3,-0.16
4.2622e-02,-0.255,-0.475
4.2624e-02,-0.29,-0.175
4.2626e-02,-0.285,-0.46
4.2627e-02,-0.315,-0.185
4.2629e-02,-0.29,-0.495
4.2630e-02,-0.35,-0.155
4.2632e-02,-0.37,-0.475
4.2634e-02,-0.385,-0.165
4.2635e-02,-0.385,-0.465
4.2637e-02,-0.35,-0.18
4.2638e-02,-0.265,-0.47
4.2640e-02,-0.375,-0.18
4.2642e-02,-0.29,-0.47
4.2643e-02,-0.345,-0.175
4.2645e-02,-0.235,-0.455
4.2646e-02,-0.23,-0.185
4.2648e-02,-0.33,-0.48
4.2650e-02,-0.3,-0.17
4.2651e-02,-0.255,-0.465
4.2653e-02,-0.31,-0.185
4.2654e-02,-0.29,-0.465
4.2656e-02,-0.33,-0.17
4.2658e-02,-0.35,-0.465
4.2659e-02,-0.39,-0.185
4.2661e-02,-0.335,-0.455
4.2662e-02,-0.37,-0.19
4.2664e-02,-0.305,-0.465
4.2666e-02,-0.36,-0.185
4.2667e-02,-0.335,-0.47
4.2669e-02,-0.325,-0.17
4.2670e-02,-0.285,-0.49
4.2672e-02,-0.315,-0.16
4.2674e-02,-0.335,-0.46
4.2675e-02,-0.35,-0.18
4.2677e-02,-0.36,-0.465
4.2678e-02,-0.275,-0.185
4.2680e-02,-0.29,-0.455
4.2682e-02,-0.39,-0.19
4.2683e-02,-0.295,-0.455
4.2685e-02,-0.36,-0.185
4.2686e-02,-0.275,-0.46
4.2688e-02,-0.37,-0.18
4.2690e-02,-0.31,-0.47
4.2691e-02,-0.4,-0.175
4.2693e-02,-0.345,-0.47
4.2694e-02,-0.36,-0.175
4.2696e-02,-0.285,-0.465
4.2698e-02,-0.325,-0.175
4.2699e-02,-0.33,-0.5
4.2701e-02,-0.435,-0.155
4.2702e-02,-0.335,-0.47
4.2704e-02,-0.375,-0.165
4.2706e-02,-0.315,-0.46
4.2707e-02,-0.355,-0.185
4.2709e-02,-0.385,-0.47
4.2710e-02,-0.225,-0.175
4.2712e-02,-0.275,-0.45
4.2714e-02,-0.245,-0.19
4.2715e-02,-0.28,-0.47
4.2717e-02,-0.315,-0.17
4.2718e-02,-0.3,-0.475
4.2720e-02,-0.375,-0.17
4.2722e-02,-0.365,-0.465
4.2723e-02,-0.38,-0.175
4.2725e-02,-0.355,-0.465
4.2726e-02,-0.4,-0.185
4.2728e-02,-0.325,-0.515
4.2730e-02,-0.275,-0.135
4.2731e-02,-0.28,-0.505
4.2733e-02,-0.29,-0.145
4.2734e-02,-0.37,-0.48
4.2736e-02,-0.34,-0.17
4.2738e-02,-0.31,-0.49
4.2739e-02,-0.345,-0.155
4.2741e-02,-0.325,-0.495
4.2742e-02,-0.34,-0.15
4.2744e-02,-0.375,-0.485
4.2746e-02,-0.305,-0.165
4.2747e-02,-0.41,-0.455
4.2749e-02,-0.355,-0.185
4.2750e-02,-0.37,-0.475
4.2752e-02,-0.275,-0.165
4.2754e-02,-0.305,-0.475
4.2755e-02,-0.22,-0.17
4.2757e-02,-0.31,-0.47
4.2758e-02,-0.315,-0.175
4.2760e-02,-0.38,-0.475
4.2762e-02,-0.335,-0.175
4.2763e-02,-0.315,-0.475
4.2765e-02,-0.305,-0.175
4.2766e-02,-0.32,-0.475
4.2768e-02,-0.27,-0.17
4.2770e-02,-0.315,-0.475
4.2771e-02,-0.335,-0.17
4.2773e-02,-0.39,-0.47
4.2774e-02,-0.385,-0.185
4.2776e-02,-0.38,-0.45
4.2778e-02,-0.325,-0.195
4.2779e-02,-0.315,-0.45
4.2781e-02,-0.33,-0.19
4.2782e-02,-0.23,-0.48
4.2784e-02,-0.365,-0.165
4.2786e-02,-0.35,-0.48
4.2787e-02,-0.33,-0.165
4.2789e-02,-0.3,-0.455
4.2790e-02,-0.26,-0.185
4.2792e-02,-0.295,-0.46
4.2794e-02,-0.325,-0.18
4.2795e-02,-0.31,-0.475
4.2797e-02,-0.29,-0.17
4.2798e-02,-0.275,-0.46
4.2800e-02,-0.305,-0.175
4.2802e-02,-0.355,-0.485
4.2803e-02,-0.32,-0.15
4.2805e-02,-0.3,-0.48
4.2806e-02,-0.315,-0.16
4.2808e-02,-0.235,-0.49
4.2810e-02,-0.315,-0.155
4.2811e-02,-0.29,-0.465
4.2813e-02,-0.29,-0.18
4.2814e-02,-0.265,-0.49
4.2816e-02,-0.235,-0.155
4.2818e-02,-0.29,-0.46
4.2819e-02,-0.31,-0.18
4.2821e-02,-0.265,-0.45
4.2822e-02,-0.23,-0.18
4.2824e-02,-0.31,-0.485
4.2826e-02,-0.255,-0.155
4.2827e-02,-0.37,-0.48
4.2829e-02,-0.295,-0.16
4.2830e-02,-0.3,-0.46
4.2832e-02,-0.32,-0.18
4.2834e-02,-0.325,-0.485
4.2835e-02,-0.325,-0.155
4.2837e-02,-0.37,-0.47
4.2838e-02,-0.275,-0.175
4.2840e-02,-0.345,-0.47
4.2842e-02,-0.265,-0.17
4.2843e-02,-0.335,-0.465
4.2845e-02,-0.33,-0.185
4.2846e-02,-0.405,-0.49
4.2848e-02,-0.39,-0.15
4.2850e-02,-0.3,-0.49
4.2851e-02,-0.35,-0.155
4.2853e-02,-0.315,-0.505
4.2854e-02,-0.365,-0.135
4.2856e-02,-0.315,-0.455
4.2858e-02,-0.24,-0.19
4.2859e-02,-0.35,-0.465
4.2861e-02,-0.28,-0.17
4.2862e-02,-0.355,-0.475
4.2864e-02,-0.315,-0.16
4.2866e-02,-0.275,-0.475
4.2867e-02,-0.33,-0.165
4.2869e-02,-0.245,-0.46
4.2870e-02,-0.28,-0.175
4.2872e-02,-0.305,-0.475
4.2874e-02,-0.245,-0.16
4.2875e-02,-0.29,-0.465
4.2877e-02,-0.24,-0.175
4.2878e-02,-0.295,-0.465
4.2880e-02,-0.35,-0.17
4.2882e-02,-0.295,-0.47
4.2883e-02,-0.24,-0.17
4.2885e-02,-0.285,-0.46
4.2886e-02,-0.265,-0.18
4.2888e-02,-0.365,-0.465
4.2890e-02,-0.305,-0.17
4.2891e-02,-0.315,-0.505
4.2893e-02,-0.325,-0.125
4.2894e-02,-0.275,-0.495
4.2896e-02,-0.325,-0.14
4.2898e-02,-0.255,-0.475
4.2899e-02,-0.265,-0.16
4.2901e-02,-0.295,-0.495
4.2902e-02,-0.225,-0.15
4.2904e-02,-0.285,-0.465
4.2906e-02,-0.285,-0.175
4.2907e-02,-0.355,-0.475
4.2909e-02,-0.28,-0.16
4.2910e-02,-0.29,-0.45
4.2912e-02,-0.35,-0.18
4.2914e-02,-0.39,-0.485
4.2915e-02,-0.45,-0.155
4.2917e-02,-0.32,-0.475
4.2918e-02,-0.315,-0.155
4.2920e-02,-0.315,-0.465
4.2922e-02,-0.285,-0.175
4.2923e-02,-0.34,-0.455
4.2925e-02,-0.255,-0.175
4.2926e-02,-0.31,-0.46
4.2928e-02,-0.31,-0.18
4.2930e-02,-0.285,-0.45
4.2931e-02,-0.265,-0.185
4.2933e-02,-0.3,-0.47
4.2934e-02,-0.22,-0.16
4.2936e-02,-0.32,-0.455
4.2938e-02,-0.23,-0.175
4.2939e-02,-0.335,-0.465
4.2941e-02,-0.385,-0.165
4.2942e-02,-0.35,-0.465
4.2944e-02,-0.265,-0.17
4.2946e-02,-0.25,-0.485
4.2947e-02,-0.35,-0.14
4.2949e-02,-0.31,-0.49
4.2950e-02,-0.38,-0.15
4.2952e-02,-0.26,-0.465
4.2954e-02,-0.24,-0.165
4.2955e-02,-0.32,-0.47
4.2957e-02,-0.275,-0.165
4.2958e-02,-0.32,-0.52
4.2960e-02,-0.285,-0.11
4.2962e-02,-0.24,-0.47
4.2963e-02,-0.26,-0.165
4.2965e-02,-0.3,-0.475
4.2966e-02,-0.33,-0.16
4.2968e-02,-0.345,-0.455
4.2970e-02,-0.295,-0.17
4.2971e-02,-0.29,-0.465
4.2973e-02,-0.325,-0.165
4.2974e-02,-0.37,-0.465
4.2976e-02,-0.365,-0.165
4.2978e-02,-0.29,-0.48
4.2979e-02,-0.32,-0.155
4.2981e-02,-0.22,-0.475
4.2982e-02,-0.3,-0.165
4.2984e-02,-0.315,-0.445
4.2986e-02,-0.28,-0.19
4.2987e-02,-0.3,-0.455
4.2989e-02,-0.295,-0.175
4.2990e-02,-0.27,-0.46
4.2992e-02,-0.325,-0.17
4.2994e-02,-0.335,-0.46
4.2995e-02,-0.305,-0.165
4.2997e-02,-0.34,-0.465
4.2998e-02,-0.295,-0.17
4.3000e-02,-0.395,-0.465
4.3002e-02,-0.26,-0.165
4.3003e-02,-0.365,-0.47
4.3005e-02,-0.24,-0.155
4.3006e-02,-0.275,-0.445
4.3008e-02,-0.35,-0.185
4.3010e-02,-0.3,-0.45
4.3011e-02,-0.28,-0.185
4.3013e-02,-0.245,-0.465
4.3014e-02,-0.365,-0.175
4.3016e-02,-0.33,-0.465
4.3018e-02,-0.36,-0.165
4.3019e-02,-0.35,-0.465
4.3021e-02,-0.32,-0.165
4.3022e-02,-0.31,-0.475
4.3024e-02,-0.39,-0.165
4.3026e-02,-0.36,-0.465
4.3027e-02,-0.41,-0.175
4.3029e-02,-0.285,-0.45
4.3030e-02,-0.3,-0.185
4.3032e-02,-0.28,-0.465
4.3034e-02,-0.37,-0.175
4.3035e-02,-0.4,-0.47
4.3037e-02,-0.285,-0.165
4.3038e-02,-0.28,-0.46
4.3040e-02,-0.285,-0.18
4.3042e-02,-0.34,-0.49
4.3043e-02,-0.33,-0.155
4.3045e-02,-0.35,-0.455
4.3046e-02,-0.355,-0.18
4.3048e-02,-0.27,-0.47
4.3050e-02,-0.295,-0.16
4.3051e-02,-0.26,-0.44
4.3053e-02,-0.28,-0.19
4.3054e-02,-0.26,-0.47
4.3056e-02,-0.275,-0.165
4.3058e-02,-0.305,-0.465
4.3059e-02,-0.275,-0.175
4.3061e-02,-0.375,-0.45
4.3062e-02,-0.285,-0.185
4.3064e-02,-0.29,-0.47
4.3066e-02,-0.295,-0.165
4.3067e-02,-0.35,-0.475
4.3069e-02,-0.38,-0.16
4.3070e-02,-0.31,-0.475
4.3072e-02,-0.345,-0.155
4.3074e-02,-0.31,-0.47
4.3075e-02,-0.335,-0.165
4.3077e-02,-0.305,-0.46
4.3078e-02,-0.375,-0.17
4.3080e-02,-0.285,-0.45
4.3082e-02,-0.35,-0.18
4.3083e-02,-0.3,-0.455
4.3085e-02,-0.355,-0.17
4.3086e-02,-0.345,-0.48
4.3088e-02,-0.375,-0.15
4.3090e-02,-0.32,-0.475
4.3091e-02,-0.265,-0.155
4.3093e-02,-0.385,-0.46
4.3094e-02,-0.335,-0.17
4.3096e-02,-0.405,-0.47
4.3098e-02,-0.295,-0.155
4.3099e-02,-0.37,-0.47
4.3101e-02,-0.345,-0.16
4.3102e-02,-0.365,-0.47
4.3104e-02,-0.32,-0.16
4.3106e-02,-0.365,-0.48
4.3107e-02,-0.315,-0.15
4.3109e-02,-0.305,-0.46
4.3110e-02,-0.29,-0.165
4.3112e-02,-0.295,-0.46
4.3114e-02,-0.29,-0.16
4.3115e-02,-0.345,-0.465
4.3117e-02,-0.25,-0.16
4.3118e-02,-0.26,-0.465
4.3120e-02,-0.4,-0.155
4.3122e-02,-0.305,-0.455
4.3123e-02,-0.315,-0.17
4.3125e-02,-0.335,-0.445
4.3126e-02,-0.34,-0.175
4.3128e-02,-0.375,-0.49
4.3130e-02,-0.395,-0.13
4.3131e-02,-0.315,-0.475
4.3133e-02,-0.325,-0.15
4.3134e-02,-0.355,-0.465
4.3136e-02,-0.36,-0.155
4.3138e-02,-0.33,-0.48
4.3139e-02,-0.405,-0.145
4.3141e-02,-0.32,-0.49
4.3142e-02,-0.35,-0.135
4.3144e-02,-0.365,-0.475
4.3146e-02,-0.365,-0.16
4.3147e-02,-0.315,-0.45
4.3149e-02,-0.365,-0.17
4.3150e-02,-0.28,-0.485
4.3152e-02,-0.245,-0.14
4.3154e-02,-0.34,-0.47
4.3155e-02,-0.35,-0.155
4.3157e-02,-0.285,-0.475
4.3158e-02,-0.28,-0.155
4.3160e-02,-0.265,-0.485
4.3162e-02,-0.25,-0.15
4.3163e-02,-0.315,-0.455
4.3165e-02,-0.22,-0.165
4.3166e-02,-0.25,-0.465
4.3168e-02,-0.24,-0.165
4.3170e-02,-0.36,-0.47
4.3171e-02,-0.245,-0.155
4.3173e-02,-0.395,-0.45
4.3174e-02,-0.305,-0.175
4.3176e-02,-0.38,-0.46
4.3178e-02,-0.365,-0.165
4.3179e-02,-0.37,-0.44
4.3181e-02,-0.415,-0.18
4.3182e-02,-0.345,-0.47
4.3184e-02,-0.345,-0.155
4.3186e-02,-0.335,-0.48
4.3187e-02,-0.38,-0.15
4.3189e-02,-0.335,-0.47
4.3190e-02,-0.335,-0.155
4.3192e-02,-0.32,-0.465
4.3194e-02,-0.315,-0.165
4.3195e-02,-0.385,-0.455
4.3197e-02,-0.365,-0.175
4.3198e-02,-0.315,-0.46
4.3200e-02,-0.33,-0.165
4.3202e-02,-0.28,-0.485
4.3203e-02,-0.3,-0.14
4.3205e-02,-0.305,-0.455
4.3206e-02,-0.335,-0.175
4.3208e-02,-0.225,-0.48
4.3210e-02,-0.3,-0.145
4.3211e-02,-0.28,-0.455
4.3213e-02,-0.28,-0.175
4.3214e-02,-0.33,-0.485
4.3216e-02,-0.315,-0.145
4.3218e-02,-0.24,-0.475
4.3219e-02,-0.315,-0.145
4.3221e-02,-0.325,-0.47
4.3222e-02,-0.31,-0.15
4.3224e-02,-0.31,-0.435
4.3226e-02,-0.28,-0.19
4.3227e-02,-0.225,-0.485
4.3229e-02,-0.35,-0.145
4.3230e-02,-0.27,-0.455
4.3232e-02,-0.265,-0.17
4.3234e-02,-0.225,-0.45
4.3235e-02,-0.32,-0.175
4.3237e-02,-0.27,-0.45
4.3238e-02,-0.35,-0.17
4.3240e-02,-0.255,-0.44
4.3242e-02,-0.255,-0.18
4.3243e-02,-0.295,-0.475
4.3245e-02,-0.3,-0.15
4.3246e-02,-0.32,-0.455
4.3248e-02,-0.305,-0.155
4.3250e-02,-0.36,-0.47
4.3251e-02,-0.24,-0.14
4.3253e-02,-0.395,-0.465
4.3254e-02,-0.34,-0.155
4.3256e-02,-0.42,-0.45
4.3258e-02,-0.3,-0.17
4.3259e-02,-0.355,-0.45
4.3261e-02,-0.295,-0.165
4.3262e-02,-0.355,-0.44
4.3264e-02,-0.385,-0.175
4.3266e-02,-0.295,-0.46
4.3267e-02,-0.31,-0.15
4.3269e-02,-0.375,-0.465
4.3270e-02,-0.36,-0.14
4.3272e-02,-0.32,-0.47
4.3274e-02,-0.275,-0.15
4.3275e-02,-0.27,-0.455
4.3277e-02,-0.32,-0.155
4.3278e-02,-0.36,-0.47
4.3280e-02,-0.295,-0.15
4.3282e-02,-0.33,-0.46
4.3283e-02,-0.28,-0.16
4.3285e-02,-0.295,-0.46
4.3286e-02,-0.245,-0.155
4.3288e-02,-0.335,-0.45
4.3290e-02,-0.25,-0.165
4.3291e-02,-0.315,-0.43
4.3293e-02,-0.31,-0.185
4.3294e-02,-0.325,-0.445
4.3296e-02,-0.315,-0.18
4.3298e-02,-0.31,-0.46
4.3299e-02,-0.305,-0.155
4.3301e-02,-0.315,-0.44
4.3302e-02,-0.355,-0.175
4.3304e-02,-0.375,-0.43
4.3306e-02,-0.28,-0.185
4.3307e-02,-0.32,-0.445
4.3309e-02,-0.26,-0.165
4.3310e-02,-0.31,-0.45
4.3312e-02,-0.34,-0.17
4.3314e-02,-0.33,-0.445
4.3315e-02,-0.29,-0.175
4.3317e-02,-0.305,-0.465
4.3318e-02,-0.28,-0.15
4.3320e-02,-0.285,-0.435
4.3322e-02,-0.4,-0.185
4.3323e-02,-0.37,-0.455
4.3325e-02,-0.25,-0.165
4.3326e-02,-0.285,-0.435
4.3328e-02,-0.245,-0.185
4.3330e-02,-0.33,-0.445
4.3331e-02,-0.275,-0.17
4.3333e-02,-0.335,-0.48
4.3334e-02,-0.335,-0.135
4.3336e-02,-0.415,-0.455
4.3338e-02,-0.295,-0.165
4.3339e-02,-0.26,-0.455
4.3341e-02,-0.23,-0.165
4.3342e-02,-0.325,-0.435
4.3344e-02,-0.25,-0.175
4.3346e-02,-0.41,-0.45
4.3347e-02,-0.29,-0.17
4.3349e-02,-0.35,-0.445
4.3350e-02,-0.28,-0.17
4.3352e-02,-0.365,-0.46
4.3354e-02,-0.265,-0.155
4.3355e-02,-0.405,-0.44
4.3357e-02,-0.275,-0.18
4.3358e-02,-0.355,-0.475
4.3360e-02,-0.315,-0.145
4.3362e-02,-0.45,-0.445
4.3363e-02,-0.285,-0.175
4.3365e-02,-0.4,-0.48
4.3366e-02,-0.3,-0.145
4.3368e-02,-0.355,-0.45
4.3370e-02,-0.36,-0.165
4.3371e-02,-0.375,-0.45
4.3373e-02,-0.305,-0.17
4.3374e-02,-0.385,-0.45
4.3376e-02,-0.355,-0.17
4.3378e-02,-0.37,-0.465
4.3379e-02,-0.31,-0.15
4.3381e-02,-0.32,-0.475
4.3382e-02,-0.27,-0.145
4.3384e-02,-0.34,-0.465
4.3386e-02,-0.34,-0.155
4.3387e-02,-0.37,-0.445
4.3389e-02,-0.295,-0.165
4.3390e-02,-0.305,-0.465
4.3392e-02,-0.29,-0.145
4.3394e-02,-0.32,-0.445
4.3395e-02,-0.3,-0.165
4.3397e-02,-0.295,-0.455
4.3398e-02,-0.27,-0.155
4.3400e-02,-0.315,-0.435
4.3402e-02,-0.385,-0.17
4.3403e-02,-0.255,-0.45
4.3405e-02,-0.305,-0.16
4.3406e-02,-0.265,-0.455
4.3408e-02,-0.3,-0.15
4.3410e-02,-0.31,-0.435
4.3411e-02,-0.355,-0.175
4.3413e-02,-0.24,-0.445
4.3414e-02,-0.3,-0.165
4.3416e-02,-0.185,-0.46
4.3418e-02,-0.265,-0.15
4.3419e-02,-0.245,-0.45
4.3421e-02,-0.3,-0.155
4.3422e-02,-0.29,-0.47
4.3424e-02,-0.295,-0.135
4.3426e-02,-0.255,-0.46
4.3427e-02,-0.37,-0.15
4.3429e-02,-0.34,-0.445
4.3430e-02,-0.295,-0.16
4.3432e-02,-0.335,-0.44
4.3434e-02,-0.315,-0.16
4.3435e-02,-0.395,-0.435
4.3437e-02,-0.36,-0.17
4.3438e-02,-0.32,-0.44
4.3440e-02,-0.3,-0.17
4.3442e-02,-0.365,-0.455
4.3443e-02,-0.32,-0.15
4.3445e-02,-0.375,-0.445
4.3446e-02,-0.29,-0.16
4.3448e-02,-0.34,-0.45
4.3450e-02,-0.34,-0.155
4.3451e-02,-0.32,-0.445
4.3453e-02,-0.35,-0.16
4.3454e-02,-0.345,-0.445
4.3456e-02,-0.28,-0.155
4.3458e-02,-0.285,-0.445
4.3459e-02,-0.33,-0.155
4.3461e-02,-0.29,-0.44
4.3462e-02,-0.34,-0.165
4.3464e-02,-0.195,-0.445
4.3466e-02,-0.265,-0.155
4.3467e-02,-0.28,-0.45
4.3469e-02,-0.32,-0.15
4.3470e-02,-0.255,-0.495
4.3472e-02,-0.255,-0.115
4.3474e-02,-0.255,-0.48
4.3475e-02,-0.265,-0.135
4.3477e-02,-0.315,-0.46
4.3478e-02,-0.255,-0.15
4.3480e-02,-0.275,-0.45
4.3482e-02,-0.275,-0.16
4.3483e-02,-0.255,-0.45
4.3485e-02,-0.35,-0.155
4.3486e-02,-0.295,-0.435
4.3488e-02,-0.28,-0.175
4.3490e-02,-0.26,-0.445
4.3491e-02,-0.275,-0.165
4.3493e-02,-0.31,-0.45
4.3494e-02,-0.27,-0.16
4.3496e-02,-0.235,-0.465
4.3498e-02,-0.21,-0.15
4.3499e-02,-0.24,-0.455
4.3501e-02,-0.33,-0.16
4.3502e-02,-0.165,-0.445
4.3504e-02,-0.29,-0.17
4.3506e-02,-0.195,-0.45
4.3507e-02,-0.295,-0.155
4.3509e-02,-0.265,-0.445
4.3510e-02,-0.335,-0.165
4.3512e-02,-0.255,-0.465
4.3514e-02,-0.325,-0.155
4.3515e-02,-0.28,-0.455
4.3517e-02,-0.33,-0.165
4.3518e-02,-0.37,-0.465
4.3520e-02,-0.3,-0.14
4.3522e-02,-0.33,-0.455
4.3523e-02,-0.3,-0.155
4.3525e-02,-0.315,-0.455
4.3526e-02,-0.365,-0.16
4.3528e-02,-0.36,-0.45
4.3530e-02,-0.295,-0.155
4.3531e-02,-0.315,-0.445
4.3533e-02,-0.4,-0.16
4.3534e-02,-0.345,-0.445
4.3536e-02,-0.36,-0.165
4.3538e-02,-0.29,-0.45
4.3539e-02,-0.32,-0.165
4.3541e-02,-0.355,-0.44
4.3542e-02,-0.34,-0.165
4.3544e-02,-0.275,-0.45
4.3546e-02,-0.38,-0.16
4.3547e-02,-0.275,-0.45
4.3549e-02,-0.325,-0.155
4.3550e-02,-0.315,-0.44
4.3552e-02,-0.26,-0.17
4.3554e-02,-0.29,-0.455
4.3555e-02,-0.24,-0.15
4.3557e-02,-0.29,-0.445
4.3558e-02,-0.305,-0.16
4.3560e-02,-0.35,-0.425
4.3562e-02,-0.245,-0.18
4.3563e-02,-0.265,-0.43
4.3565e-02,-0.265,-0.175
4.3566e-02,-0.31,-0.45
4.3568e-02,-0.325,-0.15
4.3570e-02,-0.26,-0.465
4.3571e-02,-0.295,-0.145
4.3573e-02,-0.295,-0.435
4.3574e-02,-0.415,-0.165
4.3576e-02,-0.345,-0.425
4.3578e-02,-0.325,-0.18
4.3579e-02,-0.345,-0.445
4.3581e-02,-0.31,-0.16
4.3582e-02,-0.37,-0.455
4.3584e-02,-0.315,-0.15
4.3586e-02,-0.265,-0.43
4.3587e-02,-0.255,-0.17
4.3589e-02,-0.26,-0.43
4.3590e-02,-0.255,-0.175
4.3592e-02,-0.28,-0.455
4.3594e-02,-0.23,-0.15
4.3595e-02,-0.29,-0.455
4.3597e-02,-0.265,-0.145
4.3598e-02,-0.31,-0.46
4.3600e-02,-0.365,-0.14
4.3602e-02,-0.295,-0.44
4.3603e-02,-0.325,-0.155
4.3605e-02,-0.34,-0.465
4.3606e-02,-0.355,-0.135
4.3608e-02,-0.345,-0.44
4.3610e-02,-0.28,-0.16
4.3611e-02,-0.265,-0.445
4.3613e-02,-0.27,-0.15
4.3614e-02,-0.315,-0.45
4.3616e-02,-0.255,-0.145
4.3618e-02,-0.275,-0.44
4.3619e-02,-0.265,-0.16
4.3621e-02,-0.29,-0.435
4.3622e-02,-0.27,-0.17
4.3624e-02,-0.355,-0.44
4.3626e-02,-0.26,-0.155
4.3627e-02,-0.31,-0.455
4.3629e-02,-0.265,-0.155
4.3630e-02,-0.285,-0.43
4.3632e-02,-0.29,-0.175
4.3634e-02,-0.23,-0.435
4.3635e-02,-0.275,-0.165
4.3637e-02,-0.195,-0.44
4.3638e-02,-0.26,-0.155
4.3640e-02,-0.32,-0.445
4.3642e-02,-0.315,-0.16
4.3643e-02,-0.3,-0.45
4.3645e-02,-0.265,-0.145
4.3646e-02,-0.315,-0.445
4.3648e-02,-0.305,-0.16
4.3650e-02,-0.3,-0.465
4.3651e-02,-0.18,-0.13
4.3653e-02,-0.3,-0.45
4.3654e-02,-0.3,-0.15
4.3656e-02,-0.305,-0.45
4.3658e-02,-0.28,-0.15
4.3659e-02,-0.25,-0.465
4.3661e-02,-0.355,-0.14
4.3662e-02,-0.35,-0.45
4.3664e-02,-0.34,-0.15
4.3666e-02,-0.335,-0.455
4.3667e-02,-0.285,-0.14
4.3669e-02,-0.32,-0.435
4.3670e-02,-0.365,-0.165
4.3672e-02,-0.32,-0.45
4.3674e-02,-0.3,-0.145
4.3675e-02,-0.34,-0.45
4.3677e-02,-0.255,-0.155
4.3678e-02,-0.315,-0.455
4.3680e-02,-0.26,-0.145
4.3682e-02,-0.285,-0.45
4.3683e-02,-0.26,-0.155
4.3685e-02,-0.225,-0.43
4.3686e-02,-0.27,-0.165
4.3688e-02,-0.34,-0.445
4.3690e-02,-0.29,-0.15
4.3691e-02,-0.29,-0.445
4.3693e-02,-0.23,-0.155
4.3694e-02,-0.36,-0.435
4.3696e-02,-0.31,-0.165
4.3698e-02,-0.29,-0.465
4.3699e-02,-0.265,-0.125
4.3701e-02,-0.295,-0.465
4.3702e-02,-0.31,-0.135
4.3704e-02,-0.35,-0.44
4.3706e-02,-0.265,-0.15
4.3707e-02,-0.275,-0.445
4.3709e-02,-0.35,-0.15
4.3710e-02,-0.27,-0.465
4.3712e-02,-0.35,-0.125
4.3714e-02,-0.25,-0.44
4.3715e-02,-0.295,-0.15
4.3717e-02,-0.225,-0.445
4.3718e-02,-0.26,-0.145
4.3720e-02,-0.29,-0.44
4.3722e-02,-0.28,-0.155
4.3723e-02,-0.275,-0.445
4.3725e-02,-0.265,-0.145
4.3726e-02,-0.265,-0.445
4.3728e-02,-0.405,-0.145
4.3730e-02,-0.305,-0.455
4.3731e-02,-0.29,-0.135
4.3733e-02,-0.275,-0.47
4.3734e-02,-0.28,-0.125
4.3736e-02,-0.315,-0.43
4.3738e-02,-0.31,-0.155
4.3739e-02,-0.275,-0.44
4.3741e-02,-0.295,-0.155
4.3742e-02,-0.34,-0.44
4.3744e-02,-0.335,-0.15
4.3746e-02,-0.345,-0.45
4.3747e-02,-0.31,-0.13
4.3749e-02,-0.355,-0.435
4.3750e-02,-0.3,-0.155
4.3752e-02,-0.335,-0.44
4.3754e-02,-0.275,-0.145
4.3755e-02,-0.275,-0.445
4.3757e-02,-0.285,-0.145
4.3758e-02,-0.225,-0.435
4.3760e-02,-0.3,-0.155
4.3762e-02,-0.265,-0.43
4.3763e-02,-0.255,-0.16
4.3765e-02,-0.305,-0.445
4.3766e-02,-0.26,-0.145
4.3768e-02,-0.375,-0.46
4.3770e-02,-0.28,-0.13
4.3771e-02,-0.305,-0.425
4.3773e-02,-0.295,-0.155
4.3774e-02,-0.325,-0.47
4.3776e-02,-0.335,-0.12
4.3778e-02,-0.305,-0.43
4.3779e-02,-0.28,-0.155
4.3781e-02,-0.28,-0.445
4.3782e-02,-0.32,-0.15
4.3784e-02,-0.35,-0.425
4.3786e-02,-0.285,-0.165
4.3787e-02,-0.265,-0.435
4.3789e-02,-0.3,-0.15
4.3790e-02,-0.28,-0.425
4.3792e-02,-0.335,-0.16
4.3794e-02,-0.265,-0.45
4.3795e-02,-0.215,-0.135
4.3797e-02,-0.275,-0.455
4.3798e-02,-0.295,-0.13
4.3800e-02,-0.265,-0.45
4.3802e-02,-0.245,-0.135
4.3803e-02,-0.28,-0.455
4.3805e-02,-0.26,-0.145
4.3806e-02,-0.315,-0.445
4.3808e-02,-0.325,-0.14
4.3810e-02,-0.295,-0.45
4.3811e-02,-0.31,-0.135
4.3813e-02,-0.3,-0.465
4.3814e-02,-0.32,-0.13
4.3816e-02,-0.35,-0.485
4.3818e-02,-0.24,-0.11
4.3819e-02,-0.33,-0.435
4.3821e-02,-0.215,-0.15
4.3822e-02,-0.395,-0.435
4.3824e-02,-0.295,-0.15
4.3826e-02,-0.345,-0.465
4.3827e-02,-0.245,-0.125
4.3829e-02,-0.32,-0.435
4.3830e-02,-0.34,-0.15
4.3832e-02,-0.33,-0.425
4.3834e-02,-0.28,-0.165
4.3835e-02,-0.275,-0.455
4.3837e-02,-0.27,-0.13
4.3838e-02,-0.275,-0.42
4.3840e-02,-0.27,-0.16
4.3842e-02,-0.23,-0.445
4.3843e-02,-0.265,-0.135
4.3845e-02,-0.22,-0.425
4.3846e-02,-0.36,-0.16
4.3848e-02,-0.275,-0.45
4.3850e-02,-0.33,-0.145
4.3851e-02,-0.28,-0.425
4.3853e-02,-0.23,-0.16
4.3854e-02,-0.305,-0.445
4.3856e-02,-0.285,-0.135
4.3858e-02,-0.31,-0.435
4.3859e-02,-0.275,-0.15
4.3861e-02,-0.36,-0.42
4.3862e-02,-0.335,-0.155
4.3864e-02,-0.365,-0.425
4.3866e-02,-0.28,-0.155
4.3867e-02,-0.295,-0.415
4.3869e-02,-0.325,-0.17
4.3870e-02,-0.34,-0.43
4.3872e-02,-0.33,-0.16
4.3874e-02,-0.325,-0.415
4.3875e-02,-0.335,-0.165
4.3877e-02,-0.305,-0.435
4.3878e-02,-0.34,-0.15
4.3880e-02,-0.23,-0.43
4.3882e-02,-0.26,-0.155
4.3883e-02,-0.19,-0.425
4.3885e-02,-0.275,-0.15
4.3886e-02,-0.315,-0.43
4.3888e-02,-0.265,-0.145
4.3890e-02,-0.365,-0.43
4.3891e-02,-0.19,-0.15
4.3893e-02,-0.315,-0.435
4.3894e-02,-0.21,-0.145
4.3896e-02,-0.355,-0.42
4.3898e-02,-0.24,-0.155
4.3899e-02,-0.27,-0.445
4.3901e-02,-0.315,-0.135
4.3902e-02,-0.29,-0.43
4.3904e-02,-0.28,-0.145
4.3906e-02,-0.26,-0.465
4.3907e-02,-0.285,-0.12
4.3909e-02,-0.295,-0.435
4.3910e-02,-0.355,-0.15
4.3912e-02,-0.255,-0.435
4.3914e-02,-0.29,-0.15
4.3915e-02,-0.21,-0.45
4.3917e-02,-0.265,-0.13
4.3918e-02,-0.255,-0.425
4.3920e-02,-0.22,-0.155
4.3922e-02,-0.265,-0.415
4.3923e-02,-0.225,-0.17
4.3925e-02,-0.315,-0.43
4.3926e-02,-0.27,-0.155
4.3928e-02,-0.255,-0.43
4.3930e-02,-0.235,-0.15
4.3931e-02,-0.24,-0.44
4.3933e-02,-0.265,-0.14
4.3934e-02,-0.325,-0.425
4.3936e-02,-0.31,-0.16
4.3938e-02,-0.275,-0.42
4.3939e-02,-0.28,-0.16
4.3941e-02,-0.275,-0.425
4.3942e-02,-0.345,-0.16
4.3944e-02,-0.32,-0.445
4.3946e-02,-0.27,-0.135
4.3947e-02,-0.33,-0.45
4.3949e-02,-0.24,-0.135
4.3950e-02,-0.335,-0.43
4.3952e-02,-0.29,-0.145
4.3954e-02,-0.17,-0.43
4.3955e-02,-0.285,-0.155
4.3957e-02,-0.32,-0.425
4.3958e-02,-0.295,-0.16
4.3960e-02,-0.33,-0.445
4.3962e-02,-0.275,-0.135
4.3963e-02,-0.21,-0.435
4.3965e-02,-0.28,-0.145
4.3966e-02,-0.29,-0.45
4.3968e-02,-0.38,-0.135
4.3970e-02,-0.31,-0.43
4.3971e-02,-0.325,-0.15
4.3973e-02,-0.265,-0.445
4.3974e-02,-0.35,-0.13
4.3976e-02,-0.28,-0.45
4.3978e-02,-0.255,-0.125
4.3979e-02,-0.225,-0.435
4.3981e-02,-0.27,-0.14
4.3982e-02,-0.23,-0.445
4.3984e-02,-0.275,-0.14
4.3986e-02,-0.22,-0.445
4.3987e-02,-0.28,-0.13
4.3989e-02,-0.28,-0.42
4.3990e-02,-0.35,-0.155
4.3992e-02,-0.255,-0.455
4.3994e-02,-0.26,-0.125
4.3995e-02,-0.27,-0.45
4.3997e-02,-0.215,-0.13
4.3998e-02,-0.325,-0.43
4.4000e-02,-0.255,-0.145
4.4002e-02,-0.315,-0.47
4.4003e-02,-0.26,-0.105
4.4005e-02,-0.275,-0.43
4.4006e-02,-0.275,-0.145
4.4008e-02,-0.3,-0.42
4.4010e-02,-0.26,-0.15
4.4011e-02,-0.215,-0.435
4.4013e-02,-0.25,-0.14
4.4014e-02,-0.245,-0.42
4.4016e-02,-0.32,-0.15
4.4018e-02,-0.245,-0.415
4.4019e-02,-0.27,-0.15
4.4021e-02,-0.28,-0.42
4.4022e-02,-0.34,-0.145
4.4024e-02,-0.29,-0.425
4.4026e-02,-0.255,-0.14
4.4027e-02,-0.295,-0.42
4.4029e-02,-0.315,-0.145
4.4030e-02,-0.385,-0.435
4.4032e-02,-0.375,-0.135
4.4034e-02,-0.27,-0.44
4.4035e-02,-0.325,-0.135
4.4037e-02,-0.235,-0.455
4.4038e-02,-0.275,-0.115
4.4040e-02,-0.22,-0.425
4.4042e-02,-0.32,-0.14
4.4043e-02,-0.205,-0.43
4.4045e-02,-0.29,-0.14
4.4046e-02,-0.255,-0.415
4.4048e-02,-0.27,-0.15
4.4050e-02,-0.29,-0.435
4.4051e-02,-0.26,-0.14
4.4053e-02,-0.195,-0.425
4.4054e-02,-0.295,-0.145
4.4056e-02,-0.33,-0.425
4.4058e-02,-0.215,-0.15
4.4059e-02,-0.23,-0.42
4.4061e-02,-0.205,-0.15
4.4062e-02,-0.335,-0.425
4.4064e-02,-0.305,-0.145
4.4066e-02,-0.27,-0.425
4.4067e-02,-0.22,-0.15
4.4069e-02,-0.26,-0.42
4.4070e-02,-0.295,-0.145
4.4072e-02,-0.3,-0.415
4.4074e-02,-0.31,-0.155
4.4075e-02,-0.2,-0.44
4.4077e-02,-0.31,-0.13
4.4078e-02,-0.255,-0.43
4.4080e-02,-0.27,-0.14
4.4082e-02,-0.28,-0.425
4.4083e-02,-0.32,-0.145
4.4085e-02,-0.3,-0.43
4.4086e-02,-0.335,-0.145
4.4088e-02,-0.27,-0.44
4.4090e-02,-0.38,-0.13
4.4091e-02,-0.31,-0.425
4.4093e-02,-0.275,-0.15
4.4094e-02,-0.335,-0.43
4.4096e-02,-0.27,-0.14
4.4098e-02,-0.31,-0.43
4.4099e-02,-0.215,-0.135
4.4101e-02,-0.225,-0.42
4.4102e-02,-0.325,-0.15
4.4104e-02,-0.27,-0.42
4.4106e-02,-0.285,-0.155
4.4107e-02,-0.255,-0.43
4.4109e-02,-0.23,-0.145
4.4110e-02,-0.28,-0.445
4.4112e-02,-0.265,-0.12
4.4114e-02,-0.295,-0.445
4.4115e-02,-0.305,-0.115
4.4117e-02,-0.25,-0.45
4.4118e-02,-0.38,-0.115
4.4120e-02,-0.26,-0.45
4.4122e-02,-0.33,-0.125
4.4123e-02,-0.2,-0.45
4.4125e-02,-0.235,-0.115
4.4126e-02,-0.275,-0.42
4.4128e-02,-0.25,-0.145
4.4130e-02,-0.28,-0.45
4.4131e-02,-0.24,-0.12
4.4133e-02,-0.235,-0.415
4.4134e-02,-0.3,-0.15
4.4136e-02,-0.3,-0.425
4.4138e-02,-0.27,-0.14
4.4139e-02,-0.275,-0.43
4.4141e-02,-0.22,-0.135
4.4142e-02,-0.325,-0.43
4.4144e-02,-0.26,-0.145
4.4146e-02,-0.35,-0.44
4.4147e-02,-0.225,-0.13
4.4149e-02,-0.265,-0.45
4.4150e-02,-0.345,-0.115
4.4152e-02,-0.31,-0.415
4.4154e-02,-0.33,-0.145
4.4155e-02,-0.315,-0.415
4.4157e-02,-0.32,-0.15
4.4158e-02,-0.325,-0.41
4.4160e-02,-0.295,-0.15
4.4162e-02,-0.305,-0.42
4.4163e-02,-0.305,-0.145
4.4165e-02,-0.225,-0.42
4.4166e-02,-0.28,-0.14
4.4168e-02,-0.275,-0.465
4.4170e-02,-0.325,-0.105
4.4171e-02,-0.245,-0.415
4.4173e-02,-0.25,-0.145
4.4174e-02,-0.29,-0.415
4.4176e-02,-0.29,-0.145
4.4178e-02,-0.36,-0.43
4.4179e-02,-0.27,-0.13
4.4181e-02,-0.31,-0.41
4.4182e-02,-0.395,-0.155
4.4184e-02,-0.295,-0.42
4.4186e-02,-0.32,-0.145
4.4187e-02,-0.15,-0.43
4.4189e-02,-0.295,-0.135
4.4190e-02,-0.275,-0.435
4.4192e-02,-0.37,-0.125
4.4194e-02,-0.32,-0.42
4.4195e-02,-0.23,-0.14
4.4197e-02,-0.29,-0.43
4.4198e-02,-0.155,-0.13
4.4200e-02,-0.245,-0.455
4.4202e-02,-0.255,-0.105
4.4203e-02,-0.295,-0.415
4.4205e-02,-0.29,-0.145
4.4206e-02,-0.305,-0.44
4.4208e-02,-0.29,-0.12
4.4210e-02,-0.395,-0.41
4.4211e-02,-0.215,-0.15
4.4213e-02,-0.3,-0.435
4.4214e-02,-0.205,-0.135
4.4216e-02,-0.32,-0.405
4.4218e-02,-0.305,-0.155
4.4219e-02,-0.31,-0.41
4.4221e-02,-0.25,-0.15
4.4222e-02,-0.215,-0.42
4.4224e-02,-0.28,-0.135
4.4226e-02,-0.285,-0.42
4.4227e-02,-0.31,-0.14
4.4229e-02,-0.2,-0.43
4.4230e-02,-0.28,-0.13
4.4232e-02,-0.21,-0.435
4.4234e-02,-0.3,-0.13
4.4235e-02,-0.29,-0.45
4.4237e-02,-0.3,-0.105
4.4238e-02,-0.28,-0.41
4.4240e-02,-0.25,-0.145
4.4242e-02,-0.305,-0.42
4.4243e-02,-0.305,-0.135
4.4245e-02,-0.27,-0.42
4.4246e-02,-0.3,-0.145
4.4248e-02,-0.2,-0.435
4.4250e-02,-0.325,-0.13
4.4251e-02,-0.23,-0.415
4.4253e-02,-0.24,-0.15
4.4254e-02,-0.225,-0.43
4.4256e-02,-0.235,-0.125
4.4258e-02,-0.33,-0.415
4.4259e-02,-0.33,-0.14
4.4261e-02,-0.25,-0.435
4.4262e-02,-0.315,-0.125
4.4264e-02,-0.245,-0.415
4.4266e-02,-0.27,-0.14
4.4267e-02,-0.27,-0.425
4.4269e-02,-0.305,-0.13
4.4270e-02,-0.225,-0.405
4.4272e-02,-0.23,-0.15
4.4274e-02,-0.27,-0.41
4.4275e-02,-0.295,-0.145
4.4277e-02,-0.34,-0.42
4.4278e-02,-0.275,-0.135
4.4280e-02,-0.28,-0.42
4.4282e-02,-0.235,-0.135
4.4283e-02,-0.255,-0.435
4.4285e-02,-0.18,-0.115
4.4286e-02,-0.21,-0.435
4.4288e-02,-0.245,-0.12
4.4290e-02,-0.32,-0.425
4.4291e-02,-0.305,-0.125
4.4293e-02,-0.295,-0.415
4.4294e-02,-0.275,-0.14
4.4296e-02,-0.275,-0.44
4.4298e-02,-0.29,-0.115
4.4299e-02,-0.3,-0.43
4.4301e-02,-0.315,-0.12
4.4302e-02,-0.27,-0.44
4.4304e-02,-0.265,-0.105
4.4306e-02,-0.25,-0.41
4.4307e-02,-0.21,-0.135
4.4309e-02,-0.295,-0.42
4.4310e-02,-0.295,-0.13
4.4312e-02,-0.275,-0.42
4.4314e-02,-0.26,-0.13
4.4315e-02,-0.32,-0.4
4.4317e-02,-0.255,-0.145
4.4318e-02,-0.345,-0.42
4.4320e-02,-0.22,-0.12
4.4322e-02,-0.315,-0.405
4.4323e-02,-0.315,-0.14
4.4325e-02,-0.29,-0.395
4.4326e-02,-0.295,-0.145
4.4328e-02,-0.195,-0.425
4.4330e-02,-0.34,-0.115
4.4331e-02,-0.255,-0.43
4.4333e-02,-0.325,-0.115
4.4334e-02,-0.28,-0.43
4.4336e-02,-0.255,-0.12
4.4338e-02,-0.24,-0.465
4.4339e-02,-0.315,-0.085
4.4341e-02,-0.26,-0.415
4.4342e-02,-0.32,-0.13
4.4344e-02,-0.275,-0.41
4.4346e-02,-0.235,-0.135
4.4347e-02,-0.235,-0.41
4.4349e-02,-0.265,-0.135
4.4350e-02,-0.26,-0.41
4.4352e-02,-0.28,-0.14
4.4354e-02,-0.265,-0.46
4.4355e-02,-0.36,-0.095
4.4357e-02,-0.31,-0.44
4.4358e-02,-0.345,-0.11
4.4360e-02,-0.24,-0.435
4.4362e-02,-0.255,-0.11
4.4363e-02,-0.225,-0.43
4.4365e-02,-0.305,-0.125
4.4366e-02,-0.3,-0.425
4.4368e-02,-0.34,-0.13
4.4370e-02,-0.23,-0.435
4.4371e-02,-0.355,-0.12
4.4373e-02,-0.215,-0.415
4.4374e-02,-0.33,-0.135
4.4376e-02,-0.28,-0.405
4.4378e-02,-0.325,-0.145
4.4379e-02,-0.24,-0.465
4.4381e-02,-0.225,-0.09
4.4382e-02,-0.34,-0.415
4.4384e-02,-0.285,-0.135
4.4386e-02,-0.34,-0.395
4.4387e-02,-0.25,-0.155
4.4389e-02,-0.35,-0.41
4.4390e-02,-0.325,-0.145
4.4392e-02,-0.3,-0.405
4.4394e-02,-0.255,-0.145
4.4395e-02,-0.31,-0.42
4.4397e-02,-0.35,-0.125
4.4398e-02,-0.305,-0.415
4.4400e-02,-0.255,-0.13
4.4402e-02,-0.19,-0.405
4.4403e-02,-0.24,-0.145
4.4405e-02,-0.28,-0.41
4.4406e-02,-0.325,-0.135
4.4408e-02,-0.32,-0.415
4.4410e-02,-0.265,-0.125
4.4411e-02,-0.275,-0.4
4.4413e-02,-0.28,-0.15
4.4414e-02,-0.255,-0.415
4.4416e-02,-0.255,-0.13
4.4418e-02,-0.2,-0.415
4.4419e-02,-0.26,-0.13
4.4421e-02,-0.15,-0.45
4.4422e-02,-0.35,-0.11
4.4424e-02,-0.33,-0.425
4.4426e-02,-0.36,-0.12
4.4427e-02,-0.34,-0.405
4.4429e-02,-0.245,-0.14
4.4430e-02,-0.315,-0.415
4.4432e-02,-0.225,-0.13
4.4434e-02,-0.27,-0.41
4.4435e-02,-0.2,-0.14
4.4437e-02,-0.295,-0.41
4.4438e-02,-0.295,-0.135
4.4440e-02,-0.315,-0.415
4.4442e-02,-0.25,-0.135
4.4443e-02,-0.265,-0.415
4.4445e-02,-0.275,-0.12
4.4446e-02,-0.355,-0.425
4.4448e-02,-0.29,-0.12
4.4450e-02,-0.32,-0.42
4.4451e-02,-0.27,-0.12
4.4453e-02,-0.29,-0.42
4.4454e-02,-0.245,-0.12
4.4456e-02,-0.27,-0.4
4.4458e-02,-0.23,-0.14
4.4459e-02,-0.28,-0.425
4.4461e-02,-0.185,-0.115
4.4462e-02,-0.295,-0.41
4.4464e-02,-0.285,-0.13
4.4466e-02,-0.375,-0.41
4.4467e-02,-0.24,-0.125
4.4469e-02,-0.27,-0.4
4.4470e-02,-0.31,-0.135
4.4472e-02,-0.245,-0.43
4.4474e-02,-0.31,-0.11
4.4475e-02,-0.205,-0.425
4.4477e-02,-0.25,-0.115
4.4478e-02,-0.28,-0.415
4.4480e-02,-0.23,-0.125
4.4482e-02,-0.285,-0.395
4.4483e-02,-0.195,-0.135
4.4485e-02,-0.235,-0.395
4.4486e-02,-0.28,-0.14
4.4488e-02,-0.25,-0.39
4.4490e-02,-0.265,-0.135
4.4491e-02,-0.165,-0.425
4.4493e-02,-0.21,-0.11
4.4494e-02,-0.115,-0.415
4.4496e-02,-0.235,-0.115
4.4498e-02,-0.265,-0.435
4.4499e-02,-0.26,-0.095
4.4501e-02,-0.32,-0.405
4.4502e-02,-0.27,-0.13
4.4504e-02,-0.33,-0.41
4.4506e-02,-0.36,-0.12
4.4507e-02,-0.29,-0.4
4.4509e-02,-0.305,-0.135
4.4510e-02,-0.22,-0.405
4.4512e-02,-0.285,-0.13
4.4514e-02,-0.22,-0.415
4.4515e-02,-0.26,-0.12
4.4517e-02,-0.19,-0.41
4.4518e-02,-0.275,-0.12
4.4520e-02,-0.225,-0.4
4.4522e-02,-0.275,-0.135
4.4523e-02,-0.245,-0.4
4.4525e-02,-0.325,-0.135
4.4526e-02,-0.21,-0.405
4.4528e-02,-0.265,-0.135
4.4530e-02,-0.32,-0.425
4.4531e-02,-0.26,-0.115
4.4533e-02,-0.31,-0.41
4.4534e-02,-0.175,-0.13
4.4536e-02,-0.255,-0.435
4.4538e-02,-0.25,-0.105
4.4539e-02,-0.29,-0.395
4.4541e-02,-0.305,-0.14
4.4542e-02,-0.255,-0.43
4.4544e-02,-0.3,-0.12
4.4546e-02,-0.355,-0.415
4.4547e-02,-0.295,-0.125
4.4549e-02,-0.295,-0.4
4.4550e-02,-0.295,-0.14
4.4552e-02,-0.28,-0.42
4.4554e-02,-0.285,-0.12
4.4555e-02,-0.21,-0.41
4.4557e-02,-0.27,-0.13
4.4558e-02,-0.2,-0.41
4.4560e-02,-0.255,-0.125
4.4562e-02,-0.265,-0.435
4.4563e-02,-0.385,-0.105
4.4565e-02,-0.29,-0.405
4.4566e-02,-0.36,-0.135
4.4568e-02,-0.21,-0.42
4.4570e-02,-0.315,-0.115
4.4571e-02,-0.325,-0.43
4.4573e-02,-0.3,-0.115
4.4574e-02,-0.305,-0.45
4.4576e-02,-0.28,-0.08
4.4578e-02,-0.25,-0.445
4.4579e-02,-0.315,-0.09
4.4581e-02,-0.19,-0.41
4.4582e-02,-0.255,-0.125
4.4584e-02,-0.175,-0.415
4.4586e-02,-0.2,-0.115
4.4587e-02,-0.255,-0.435
4.4589e-02,-0.305,-0.095
4.4590e-02,-0.325,-0.425
4.4592e-02,-0.285,-0.1
4.4594e-02,-0.24,-0.41
4.4595e-02,-0.27,-0.115
4.4597e-02,-0.29,-0.395
4.4598e-02,-0.295,-0.13
4.4600e-02,-0.28,-0.42
4.4602e-02,-0.25,-0.115
4.4603e-02,-0.33,-0.4
4.4605e-02,-0.34,-0.13
4.4606e-02,-0.28,-0.42
4.4608e-02,-0.27,-0.11
4.4610e-02,-0.28,-0.41
4.4611e-02,-0.255,-0.12
4.4613e-02,-0.265,-0.4
4.4614e-02,-0.26,-0.12
4.4616e-02,-0.22,-0.415
4.4618e-02,-0.3,-0.115
4.4619e-02,-0.15,-0.44
4.4621e-02,-0.28,-0.09
4.4622e-02,-0.255,-0.415
4.4624e-02,-0.27,-0.11
4.4626e-02,-0.21,-0.41
4.4627e-02,-0.18,-0.11
4.4629e-02,-0.255,-0.42
4.4630e-02,-0.26,-0.1
4.4632e-02,-0.265,-0.415
4.4634e-02,-0.17,-0.105
4.4635e-02,-0.29,-0.405
4.4637e-02,-0.24,-0.12
4.4638e-02,-0.265,-0.42
4.4640e-02,-0.275,-0.11
4.4642e-02,-0.19,-0.405
4.4643e-02,-0.23,-0.11
4.4645e-02,-0.29,-0.395
4.4646e-02,-0.275,-0.12
4.4648e-02,-0.32,-0.39
4.4650e-02,-0.29,-0.13
4.4651e-02,-0.25,-0.41
4.4653e-02,-0.33,-0.11
4.4654e-02,-0.235,-0.39
4.4656e-02,-0.3,-0.125
4.4658e-02,-0.205,-0.425
4.4659e-02,-0.195,-0.095
4.4661e-02,-0.205,-0.41
4.4662e-02,-0.26,-0.115
4.4664e-02,-0.27,-0.41
4.4666e-02,-0.29,-0.12
4.4667e-02,-0.22,-0.385
4.4669e-02,-0.23,-0.14
4.4670e-02,-0.295,-0.44
4.4672e-02,-0.29,-0.075
4.4674e-02,-0.22,-0.42
4.4675e-02,-0.335,-0.1
4.4677e-02,-0.29,-0.41
4.4678e-02,-0.32,-0.115
4.4680e-02,-0.355,-0.41
4.4682e-02,-0.285,-0.12
4.4683e-02,-0.295,-0.42
4.4685e-02,-0.285,-0.11
4.4686e-02,-0.225,-0.41
4.4688e-02,-0.26,-0.115
4.4690e-02,-0.245,-0.405
4.4691e-02,-0.26,-0.12
4.4693e-02,-0.185,-0.395
4.4694e-02,-0.245,-0.125
4.4696e-02,-0.22,-0.4
4.4698e-02,-0.275,-0.12
4.4699e-02,-0.26,-0.4
4.4701e-02,-0.22,-0.12
4.4702e-02,-0.265,-0.41
4.4704e-02,-0.29,-0.115
4.4706e-02,-0.285,-0.41
4.4707e-02,-0.275,-0.11
4.4709e-02,-0.17,-0.415
4.4710e-02,-0.295,-0.115
4.4712e-02,-0.19,-0.445
4.4714e-02,-0.22,-0.08
4.4715e-02,-0.215,-0.41
4.4717e-02,-0.155,-0.11
4.4718e-02,-0.225,-0.455
4.4720e-02,-0.185,-0.06
4.4722e-02,-0.22,-0.415
4.4723e-02,-0.195,-0.105
4.4725e-02,-0.26,-0.415
4.4726e-02,-0.095,-0.115
4.4728e-02,-0.28,-0.415
4.4730e-02,-0.165,-0.095
4.4731e-02,-0.245,-0.42
4.4733e-02,-0.21,-0.1
4.4734e-02,-0.145,-0.425
4.4736e-02,-0.205,-0.095
4.4738e-02,-0.255,-0.425
4.4739e-02,-0.275,-0.1
4.4741e-02,-0.21,-0.43
4.4742e-02,-0.255,-0.085
4.4744e-02,-0.24,-0.42
4.4746e-02,-0.335,-0.105
4.4747e-02,-0.245,-0.395
4.4749e-02,-0.25,-0.125
4.4750e-02,-0.295,-0.405
4.4752e-02,-0.26,-0.105
4.4754e-02,-0.325,-0.4
4.4755e-02,-0.24,-0.11
4.4757e-02,-0.29,-0.4
4.4758e-02,-0.23,-0.11
4.4760e-02,-0.275,-0.41
4.4762e-02,-0.215,-0.105
4.4763e-02,-0.345,-0.425
4.4765e-02,-0.2,-0.085
4.4766e-02,-0.24,-0.41
4.4768e-02,-0.2,-0.095
4.4770e-02,-0.32,-0.395
4.4771e-02,-0.245,-0.11
4.4773e-02,-0.29,-0.455
4.4774e-02,-0.135,-0.06
4.4776e-02,-0.325,-0.405
4.4778e-02,-0.255,-0.1
4.4779e-02,-0.29,-0.405
4.4781e-02,-0.31,-0.105
4.4782e-02,-0.21,-0.395
4.4784e-02,-0.345,-0.115
4.4786e-02,-0.265,-0.42
4.4787e-02,-0.315,-0.09
4.4789e-02,-0.285,-0.41
4.4790e-02,-0.285,-0.11
4.4792e-02,-0.21,-0.405
4.4794e-02,-0.205,-0.105
4.4795e-02,-0.2,-0.395
4.4797e-02,-0.23,-0.115
4.4798e-02,-0.195,-0.395
4.4800e-02,-0.185,-0.115
4.4802e-02,-0.24,-0.405
4.4803e-02,-0.285,-0.11
4.4805e-02,-0.295,-0.385
4.4806e-02,-0.265,-0.13
4.4808e-02,-0.25,-0.395
4.4810e-02,-0.365,-0.11
4.4811e-02,-0.31,-0.4
4.4813e-02,-0.3,-0.115
4.4814e-02,-0.285,-0.43
4.4816e-02,-0.24,-0.085
4.4818e-02,-0.225,-0.395
4.4819e-02,-0.23,-0.12
4.4821e-02,-0.195,-0.405
4.4822e-02,-0.195,-0.11
4.4824e-02,-0.185,-0.405
4.4826e-02,-0.175,-0.105
4.4827e-02,-0.245,-0.435
4.4829e-02,-0.25,-0.075
4.4830e-02,-0.275,-0.395
4.4832e-02,-0.24,-0.12
4.4834e-02,-0.23,-0.42
4.4835e-02,-0.235,-0.09
4.4837e-02,-0.305,-0.385
4.4838e-02,-0.24,-0.125
4.4840e-02,-0.285,-0.4
4.4842e-02,-0.185,-0.115
4.4843e-02,-0.285,-0.39
4.4845e-02,-0.265,-0.12
4.4846e-02,-0.245,-0.41
4.4848e-02,-0.245,-0.095
4.4850e-02,-0.195,-0.395
4.4851e-02,-0.26,-0.115
4.4853e-02,-0.275,-0.425
4.4854e-02,-0.215,-0.08
4.4856e-02,-0.225,-0.41
4.4858e-02,-0.22,-0.105
4.4859e-02,-0.255,-0.4
4.4861e-02,-0.305,-0.105
4.4862e-02,-0.29,-0.395
4.4864e-02,-0.335,-0.11
4.4866e-02,-0.255,-0.4
4.4867e-02,-0.345,-0.11
4.4869e-02,-0.275,-0.39
4.4870e-02,-0.335,-0.115
4.4872e-02,-0.2,-0.385
4.4874e-02,-0.155,-0.12
4.4875e-02,-0.21,-0.41
4.4877e-02,-0.265,-0.1
4.4878e-02,-0.31,-0.39
4.4880e-02,-0.155,-0.115
4.4882e-02,-0.29,-0.395
4.4883e-02,-0.155,-0.11
4.4885e-02,-0.315,-0.405
4.4886e-02,-0.195,-0.095
4.4888e-02,-0.175,-0.42
4.4890e-02,-0.255,-0.085
4.4891e-02,-0.16,-0.4
4.4893e-02,-0.29,-0.1
4.4894e-02,-0.29,-0.395
4.4896e-02,-0.27,-0.11
4.4898e-02,-0.265,-0.41
4.4899e-02,-0.175,-0.09
4.4901e-02,-0.26,-0.395
4.4902e-02,-0.265,-0.105
4.4904e-02,-0.285,-0.41
4.4906e-02,-0.195,-0.095
4.4907e-02,-0.22,-0.39
4.4909e-02,-0.23,-0.11
4.4910e-02,-0.275,-0.405
4.4912e-02,-0.295,-0.1
4.4914e-02,-0.205,-0.405
4.4915e-02,-0.325,-0.09
4.4917e-02,-0.31,-0.435
4.4918e-02,-0.355,-0.065
4.4920e-02,-0.245,-0.43
4.4922e-02,-0.275,-0.06
4.4923e-02,-0.25,-0.42
4.4925e-02,-0.255,-0.075
4.4926e-02,-0.2,-0.405
4.4928e-02,-0.24,-0.09
4.4930e-02,-0.26,-0.415
4.4931e-02,-0.19,-0.08
4.4933e-02,-0.275,-0.405
4.4934e-02,-0.295,-0.09
4.4936e-02,-0.3,-0.405
4.4938e-02,-0.255,-0.095
4.4939e-02,-0.265,-0.435
4.4941e-02,-0.27,-0.065
4.4942e-02,-0.28,-0.395
4.4944e-02,-0.315,-0.105
4.4946e-02,-0.23,-0.395
4.4947e-02,-0.275,-0.105
4.4949e-02,-0.29,-0.38
4.4950e-02,-0.315,-0.11
4.4952e-02,-0.32,-0.415
4.4954e-02,-0.29,-0.09
4.4955e-02,-0.22,-0.4
4.4957e-02,-0.245,-0.1
4.4958e-02,-0.32,-0.415
4.4960e-02,-0.235,-0.08
4.4962e-02,-0.19,-0.39
4.4963e-02,-0.265,-0.1
4.4965e-02,-0.24,-0.405
4.4966e-02,-0.26,-0.095
4.4968e-02,-0.25,-0.42
4.4970e-02,-0.275,-0.08
4.4971e-02,-0.195,-0.415
4.4973e-02,-0.28,-0.085
4.4974e-02,-0.3,-0.425
4.4976e-02,-0.23,-0.08
4.4978e-02,-0.21,-0.42
4.4979e-02,-0.23,-0.085
4.4981e-02,-0.245,-0.415
4.4982e-02,-0.285,-0.09
4.4984e-02,-0.315,-0.4
4.4986e-02,-0.28,-0.105
4.4987e-02,-0.2,-0.405
4.4989e-02,-0.275,-0.105
4.4990e-02,-0.28,-0.41
4.4992e-02,-0.27,-0.085
4.4994e-02,-0.205,-0.4
4.4995e-02,-0.28,-0.105
4.4997e-02,-0.235,-0.41
4.4998e-02,-0.19,-0.085
4.5000e-02,-0.305,-0.405
4.5002e-02,-0.2,-0.095
4.5003e-02,-0.22,-0.395
4.5005e-02,-0.2,-0.105
4.5006e-02,-0.26,-0.405
4.5008e-02,-0.255,-0.095
4.5010e-02,-0.27,-0.405
4.5011e-02,-0.25,-0.095
4.5013e-02,-0.265,-0.41
4.5014e-02,-0.28,-0.095
4.5016e-02,-0.335,-0.44
4.5018e-02,-0.24,-0.06
4.5019e-02,-0.23,-0.395
4.5021e-02,-0.265,-0.105
4.5022e-02,-0.26,-0.4
4.5024e-02,-0.205,-0.095
4.5026e-02,-0.195,-0.385
4.5027e-02,-0.145,-0.1
4.5029e-02,-0.185,-0.415
4.5030e-02,-0.235,-0.07
4.5032e-02,-0.185,-0.405
4.5034e-02,-0.155,-0.09
4.5035e-02,-0.195,-0.39
4.5037e-02,-0.24,-0.105
4.5038e-02,-0.195,-0.44
4.5040e-02,-0.295,-0.06
4.5042e-02,-0.26,-0.405
4.5043e-02,-0.24,-0.09
4.5045e-02,-0.255,-0.395
4.5046e-02,-0.305,-0.095
4.5048e-02,-0.305,-0.41
4.5050e-02,-0.25,-0.07
4.5051e-02,-0.255,-0.42
4.5053e-02,-0.23,-0.075
4.5054e-02,-0.22,-0.405
4.5056e-02,-0.265,-0.085
4.5058e-02,-0.225,-0.38
4.5059e-02,-0.155,-0.1
4.5061e-02,-0.265,-0.41
4.5062e-02,-0.215,-0.07
4.5064e-02,-0.375,-0.4
4.5066e-02,-0.285,-0.085
4.5067e-02,-0.26,-0.385
4.5069e-02,-0.34,-0.095
4.5070e-02,-0.31,-0.415
4.5072e-02,-0.285,-0.08
4.5074e-02,-0.235,-0.41
4.5075e-02,-0.27,-0.07
4.5077e-02,-0.21,-0.41
4.5078e-02,-0.325,-0.075
4.5080e-02,-0.225,-0.385
4.5082e-02,-0.275,-0.095
4.5083e-02,-0.275,-0.405
4.5085e-02,-0.245,-0.07
4.5086e-02,-0.27,-0.39
4.5088e-02,-0.315,-0.085
4.5090e-02,-0.21,-0.39
4.5091e-02,-0.265,-0.085
4.5093e-02,-0.2,-0.375
4.5094e-02,-0.275,-0.105
4.5096e-02,-0.28,-0.42
4.5098e-02,-0.19,-0.06
4.5099e-02,-0.23,-0.405
4.5101e-02,-0.26,-0.07
4.5102e-02,-0.22,-0.4
4.5104e-02,-0.355,-0.085
4.5106e-02,-0.235,-0.385
4.5107e-02,-0.25,-0.095
4.5109e-02,-0.28,-0.39
4.5110e-02,-0.265,-0.095
4.5112e-02,-0.315,-0.38
4.5114e-02,-0.25,-0.105
4.5115e-02,-0.24,-0.375
4.5117e-02,-0.265,-0.105
4.5118e-02,-0.205,-0.385
4.5120e-02,-0.31,-0.09
4.5122e-02,-0.225,-0.395
4.5123e-02,-0.225,-0.08
4.5125e-02,-0.23,-0.395
4.5126e-02,-0.24,-0.085
4.5128e-02,-0.26,-0.39
4.5130e-02,-0.295,-0.085
4.5131e-02,-0.13,-0.41
4.5133e-02,-0.275,-0.07
4.5134e-02,-0.255,-0.39
4.5136e-02,-0.215,-0.095
4.5138e-02,-0.295,-0.39
4.5139e-02,-0.16,-0.09
4.5141e-02,-0.225,-0.385
4.5142e-02,-0.235,-0.095
4.5144e-02,-0.185,-0.4
4.5146e-02,-0.29,-0.09
4.5147e-02,-0.115,-0.405
4.5149e-02,-0.215,-0.08
4.5150e-02,-0.21,-0.39
4.5152e-02,-0.17,-0.09
4.5154e-02,-0.225,-0.395
4.5155e-02,-0.255,-0.085
4.5157e-02,-0.165,-0.385
4.5158e-02,-0.19,-0.09
4.5160e-02,-0.23,-0.405
4.5162e-02,-0.24,-0.085
4.5163e-02,-0.27,-0.415
4.5165e-02,-0.155,-0.065
4.5166e-02,-0.255,-0.395
4.5168e-02,-0.245,-0.085
4.5170e-02,-0.265,-0.41
4.5171e-02,-0.245,-0.08
4.5173e-02,-0.105,-0.395
4.5174e-02,-0.32,-0.09
4.5176e-02,-0.205,-0.41
4.5178e-02,-0.29,-0.07
4.5179e-02,-0.265,-0.4
4.5181e-02,-0.235,-0.08
4.5182e-02,-0.315,-0.39
4.5184e-02,-0.27,-0.09
4.5186e-02,-0.27,-0.395
4.5187e-02,-0.265,-0.09
4.5189e-02,-0.205,-0.425
4.5190e-02,-0.225,-0.05
4.5192e-02,-0.175,-0.41
4.5194e-02,-0.22,-0.07
4.5195e-02,-0.265,-0.41
4.5197e-02,-0.165,-0.07
4.5198e-02,-0.185,-0.395
4.5200e-02,-0.18,-0.085
4.5202e-02,-0.245,-0.38
4.5203e-02,-0.28,-0.09
4.5205e-02,-0.215,-0.405
4.5206e-02,-0.195,-0.07
4.5208e-02,-0.25,-0.42
4.5210e-02,-0.215,-0.065
4.5211e-02,-0.27,-0.4
4.5213e-02,-0.18,-0.07
4.5214e-02,-0.265,-0.375
4.5216e-02,-0.26,-0.095
4.5218e-02,-0.265,-0.385
4.5219e-02,-0.275,-0.09
4.5221e-02,-0.23,-0.41
4.5222e-02,-0.205,-0.07
4.5224e-02,-0.165,-0.375
4.5226e-02,-0.145,-0.095
4.5227e-02,-0.195,-0.375
4.5229e-02,-0.21,-0.095
4.5230e-02,-0.15,-0.385
4.5232e-02,-0.22,-0.085
4.5234e-02,-0.175,-0.385
4.5235e-02,-0.26,-0.09
4.5237e-02,-0.2,-0.38
4.5238e-02,-0.145,-0.09
4.5240e-02,-0.135,-0.375
4.5242e-02,-0.215,-0.095
4.5243e-02,-0.25,-0.385
4.5245e-02,-0.205,-0.09
4.5246e-02,-0.19,-0.38
4.5248e-02,-0.17,-0.09
4.5250e-02,-0.235,-0.395
4.5251e-02,-0.235,-0.075
4.5253e-02,-0.225,-0.38
4.5254e-02,-0.275,-0.09
4.5256e-02,-0.225,-0.395
4.5258e-02,-0.305,-0.07
4.5259e-02,-0.21,-0.4
4.5261e-02,-0.27,-0.065
4.5262e-02,-0.315,-0.41
4.5264e-02,-0.155,-0.05
4.5266e-02,-0.24,-0.38
4.5267e-02,-0.165,-0.085
4.5269e-02,-0.21,-0.365
4.5270e-02,-0.25,-0.1
4.5272e-02,-0.19,-0.37
4.5274e-02,-0.2,-0.095
4.5275e-02,-0.25,-0.39
4.5277e-02,-0.3,-0.07
4.5278e-02,-0.25,-0.39
4.5280e-02,-0.26,-0.07
4.5282e-02,-0.145,-0.415
4.5283e-02,-0.325,-0.06
4.5285e-02,-0.23,-0.42
4.5286e-02,-0.21,-0.05
4.5288e-02,-0.21,-0.435
4.5290e-02,-0.185,-0.04
4.5291e-02,-0.24,-0.395
4.5293e-02,-0.18,-0.07
4.5294e-02,-0.245,-0.4
4.5296e-02,-0.205,-0.07
4.5298e-02,-0.22,-0.38
4.5299e-02,-0.245,-0.085
4.5301e-02,-0.255,-0.365
4.5302e-02,-0.305,-0.095
4.5304e-02,-0.245,-0.38
4.5306e-02,-0.24,-0.08
4.5307e-02,-0.17,-0.37
4.5309e-02,-0.195,-0.095
4.5310e-02,-0.24,-0.375
4.5312e-02,-0.15,-0.09
4.5314e-02,-0.17,-0.375
4.5315e-02,-0.14,-0.08
4.5317e-02,-0.13,-0.385
4.5318e-02,-0.285,-0.08
4.5320e-02,-0.22,-0.385
4.5322e-02,-0.2,-0.085
4.5323e-02,-0.225,-0.37
4.5325e-02,-0.21,-0.095
4.5326e-02,-0.265,-0.365
4.5328e-02,-0.25,-0.095
4.5330e-02,-0.27,-0.39
4.5331e-02,-0.27,-0.065
4.5333e-02,-0.265,-0.41
4.5334e-02,-0.28,-0.055
4.5336e-02,-0.24,-0.405
4.5338e-02,-0.205,-0.055
4.5339e-02,-0.165,-0.385
4.5341e-02,-0.165,-0.075
4.5342e-02,-0.165,-0.405
4.5344e-02,-0.255,-0.06
4.5346e-02,-0.19,-0.395
4.5347e-02,-0.24,-0.06
4.5349e-02,-0.29,-0.385
4.5350e-02,-0.29,-0.075
4.5352e-02,-0.33,-0.375
4.5354e-02,-0.235,-0.08
4.5355e-02,-0.24,-0.4
4.5357e-02,-0.2,-0.065
4.5358e-02,-0.22,-0.395
4.5360e-02,-0.345,-0.065
4.5362e-02,-0.14,-0.39
4.5363e-02,-0.265,-0.075
4.5365e-02,-0.16,-0.38
4.5366e-02,-0.27,-0.08
4.5368e-02,-0.17,-0.395
4.5370e-02,-0.28,-0.075
4.5371e-02,-0.165,-0.405
4.5373e-02,-0.315,-0.055
4.5374e-02,-0.155,-0.375
4.5376e-02,-0.315,-0.08
4.5378e-02,-0.24,-0.425
4.5379e-02,-0.265,-0.04
4.5381e-02,-0.19,-0.415
4.5382e-02,-0.155,-0.045
4.5384e-02,-0.27,-0.405
4.5386e-02,-0.23,-0.045
4.5387e-02,-0.21,-0.425
4.5389e-02,-0.16,-0.035
4.5390e-02,-0.18,-0.39
4.5392e-02,-0.245,-0.065
4.5394e-02,-0.22,-0.37
4.5395e-02,-0.19,-0.085
4.5397e-02,-0.265,-0.38
4.5398e-02,-0.265,-0.08
4.5400e-02,-0.33,-0.405
4.5402e-02,-0.29,-0.06
4.5403e-02,-0.2,-0.405
4.5405e-02,-0.185,-0.05
4.5406e-02,-0.16,-0.395
4.5408e-02,-0.195,-0.065
4.5410e-02,-0.23,-0.37
4.5411e-02,-0.235,-0.085
4.5413e-02,-0.27,-0.395
4.5414e-02,-0.225,-0.06
4.5416e-02,-0.28,-0.41
4.5418e-02,-0.305,-0.05
4.5419e-02,-0.285,-0.4
4.5421e-02,-0.24,-0.055
4.5422e-02,-0.19,-0.39
4.5424e-02,-0.22,-0.07
4.5426e-02,-0.32,-0.395
4.5427e-02,-0.26,-0.06
4.5429e-02,-0.27,-0.355
4.5430e-02,-0.18,-0.095
4.5432e-02,-0.21,-0.39
4.5434e-02,-0.27,-0.075
4.5435e-02,-0.125,-0.37
4.5437e-02,-0.285,-0.085
4.5438e-02,-0.165,-0.38
4.5440e-02,-0.26,-0.075
4.5442e-02,-0.245,-0.38
4.5443e-02,-0.195,-0.07
4.5445e-02,-0.245,-0.395
4.5446e-02,-0.195,-0.06
4.5448e-02,-0.14,-0.4
4.5450e-02,-0.21,-0.055
4.5451e-02,-0.16,-0.39
4.5453e-02,-0.165,-0.06
4.5454e-02,-0.185,-0.38
4.5456e-02,-0.19,-0.07
4.5458e-02,-0.225,-0.4
4.5459e-02,-0.29,-0.04
4.5461e-02,-0.205,-0.385
4.5462e-02,-0.23,-0.07
4.5464e-02,-0.265,-0.365
4.5466e-02,-0.195,-0.085
4.5467e-02,-0.3,-0.375
4.5469e-02,-0.2,-0.08
4.5470e-02,-0.195,-0.38
4.5472e-02,-0.25,-0.07
4.5474e-02,-0.17,-0.405
4.5475e-02,-0.24,-0.035
4.5477e-02,-0.19,-0.41
4.5478e-02,-0.21,-0.035
4.5480e-02,-0.22,-0.38
4.5482e-02,-0.21,-0.07
4.5483e-02,-0.18,-0.405
4.5485e-02,-0.245,-0.045
4.5486e-02,-0.17,-0.375
4.5488e-02,-0.215,-0.065
4.5490e-02,-0.285,-0.355
4.5491e-02,-0.28,-0.09
4.5493e-02,-0.22,-0.38
4.5494e-02,-0.23,-0.07
4.5496e-02,-0.1,-0.39
4.5498e-02,-0.3,-0.06
4.5499e-02,-0.175,-0.365
4.5501e-02,-0.255,-0.075
4.5502e-02,-0.18,-0.385
4.5504e-02,-0.17,-0.055
4.5506e-02,-0.34,-0.375
4.5507e-02,-0.26,-0.065
4.5509e-02,-0.275,-0.38
4.5510e-02,-0.205,-0.06
4.5512e-02,-0.18,-0.37
4.5514e-02,-0.145,-0.065
4.5515e-02,-0.14,-0.38
4.5517e-02,-0.225,-0.055
4.5518e-02,-0.115,-0.385
4.5520e-02,-0.225,-0.06
4.5522e-02,-0.085,-0.37
4.5523e-02,-0.21,-0.06
4.5525e-02,-0.26,-0.365
4.5526e-02,-0.23,-0.07
4.5528e-02,-0.225,-0.41
4.5530e-02,-0.165,-0.03
4.5531e-02,-0.245,-0.375
4.5533e-02,-0.175,-0.055
4.5534e-02,-0.245,-0.4
4.5536e-02,-0.15,-0.035
4.5538e-02,-0.22,-0.36
4.5539e-02,-0.255,-0.075
4.5541e-02,-0.27,-0.385
4.5542e-02,-0.215,-0.055
4.5544e-02,-0.25,-0.375
4.5546e-02,-0.23,-0.055
4.5547e-02,-0.215,-0.355
4.5549e-02,-0.24,-0.08
4.5550e-02,-0.225,-0.375
4.5552e-02,-0.18,-0.065
4.5554e-02,-0.18,-0.38
4.5555e-02,-0.205,-0.055
4.5557e-02,-0.22,-0.355
4.5558e-02,-0.255,-0.085
4.5560e-02,-0.225,-0.38
4.5562e-02,-0.19,-0.06
4.5563e-02,-0.23,-0.37
4.5565e-02,-0.26,-0.065
4.5566e-02,-0.155,-0.37
4.5568e-02,-0.24,-0.06
4.5570e-02,-0.105,-0.365
4.5571e-02,-0.23,-0.075
4.5573e-02,-0.21,-0.4
4.5574e-02,-0.29,-0.05
4.5576e-02,-0.13,-0.385
4.5578e-02,-0.28,-0.055
4.5579e-02,-0.165,-0.415
4.5581e-02,-0.275,-0.03
4.5582e-02,-0.21,-0.385
4.5584e-02,-0.14,-0.055
4.5586e-02,-0.215,-0.36
4.5587e-02,-0.175,-0.075
4.5589e-02,-0.215,-0.375
4.5590e-02,-0.235,-0.06
4.5592e-02,-0.285,-0.37
4.5594e-02,-0.185,-0.075
4.5595e-02,-0.325,-0.365
4.5597e-02,-0.22,-0.08
4.5598e-02,-0.275,-0.395
4.5600e-02,-0.23,-0.045
4.5602e-02,-0.175,-0.365
4.5603e-02,-0.205,-0.08
4.5605e-02,-0.24,-0.38
4.5606e-02,-0.26,-0.05
4.5608e-02,-0.185,-0.415
4.5610e-02,-0.22,-0.025
4.5611e-02,-0.25,-0.36
4.5613e-02,-0.31,-0.075
4.5614e-02,-0.33,-0.37
4.5616e-02,-0.175,-0.07
4.5618e-02,-0.28,-0.375
4.5619e-02,-0.205,-0.065
4.5621e-02,-0.26,-0.405
4.5622e-02,-0.21,-0.045
4.5624e-02,-0.145,-0.395
4.5626e-02,-0.18,-0.035
4.5627e-02,-0.195,-0.38
4.5629e-02,-0.2,-0.06
4.5630e-02,-0.23,-0.37
4.5632e-02,-0.23,-0.065
4.5634e-02,-0.195,-0.37
4.5635e-02,-0.18,-0.06
4.5637e-02,-0.235,-0.375
4.5638e-02,-0.22,-0.055
4.5640e-02,-0.29,-0.36
4.5642e-02,-0.225,-0.075
4.5643e-02,-0.235,-0.365
4.5645e-02,-0.3,-0.06
4.5646e-02,-0.195,-0.375
4.5648e-02,-0.21,-0.055
4.5650e-02,-0.18,-0.38
4.5651e-02,-0.22,-0.05
4.5653e-02,-0.265,-0.395
4.5654e-02,-0.335,-0.035
4.5656e-02,-0.22,-0.385
4.5658e-02,-0.185,-0.04
4.5659e-02,-0.265,-0.38
4.5661e-02,-0.205,-0.045
4.5662e-02,-0.205,-0.355
4.5664e-02,-0.235,-0.07
4.5666e-02,-0.145,-0.375
4.5667e-02,-0.145,-0.05
4.5669e-02,-0.19,-0.385
4.5670e-02,-0.145,-0.04
4.5672e-02,-0.19,-0.36
4.5674e-02,-0.17,-0.065
4.5675e-02,-0.265,-0.365
4.5677e-02,-0.23,-0.055
4.5678e-02,-0.235,-0.395
4.5680e-02,-0.315,-0.03
4.5682e-02,-0.21,-0.34
4.5683e-02,-0.165,-0.075
4.5685e-02,-0.265,-0.37
4.5686e-02,-0.215,-0.055
4.5688e-02,-0.165,-0.355
4.5690e-02,-0.185,-0.07
4.5691e-02,-0.19,-0.365
4.5693e-02,-0.13,-0.055
4.5694e-02,-0.285,-0.355
4.5696e-02,-0.19,-0.07
4.5698e-02,-0.16,-0.385
4.5699e-02,-0.22,-0.04
4.5701e-02,-0.28,-0.355
4.5702e-02,-0.27,-0.065
4.5704e-02,-0.17,-0.355
4.5706e-02,-0.245,-0.065
4.5707e-02,-0.23,-0.365
4.5709e-02,-0.235,-0.055
4.5710e-02,-0.175,-0.38
4.5712e-02,-0.23,-0.04
4.5714e-02,-0.11,-0.38
4.5715e-02,-0.275,-0.035
4.5717e-02,-0.235,-0.38
4.5718e-02,-0.29,-0.045
4.5720e-02,-0.195,-0.38
4.5722e-02,-0.305,-0.045
4.5723e-02,-0.22,-0.38
4.5725e-02,-0.235,-0.045
4.5726e-02,-0.225,-0.365
4.5728e-02,-0.19,-0.06
4.5730e-02,-0.175,-0.355
4.5731e-02,-0.065,-0.065
4.5733e-02,-0.19,-0.375
4.5734e-02,-0.215,-0.05
4.5736e-02,-0.115,-0.375
4.5738e-02,-0.25,-0.05
4.5739e-02,-0.215,-0.37
4.5741e-02,-0.35,-0.055
4.5742e-02,-0.275,-0.375
4.5744e-02,-0.235,-0.05
4.5746e-02,-0.225,-0.355
4.5747e-02,-0.17,-0.07
4.5749e-02,-0.305,-0.365
4.5750e-02,-0.2,-0.06
4.5752e-02,-0.135,-0.355
4.5754e-02,-0.165,-0.065
4.5755e-02,-0.185,-0.36
4.5757e-02,-0.185,-0.06
4.5758e-02,-0.245,-0.385
4.5760e-02,-0.235,-0.035
4.5762e-02,-0.215,-0.37
4.5763e-02,-0.19,-0.045
4.5765e-02,-0.245,-0.4
4.5766e-02,-0.245,-0.02
4.5768e-02,-0.25,-0.36
4.5770e-02,-0.145,-0.065
4.5771e-02,-0.275,-0.38
4.5773e-02,-0.235,-0.035
4.5774e-02,-0.21,-0.37
4.5776e-02,-0.245,-0.05
4.5778e-02,-0.165,-0.35
4.5779e-02,-0.205,-0.06
4.5781e-02,-0.23,-0.37
4.5782e-02,-0.345,-0.05
4.5784e-02,-0.245,-0.385
4.5786e-02,-0.245,-0.04
4.5787e-02,-0.245,-0.375
4.5789e-02,-0.24,-0.045
4.5790e-02,-0.26,-0.38
4.5792e-02,-0.145,-0.035
4.5794e-02,-0.145,-0.4
4.5795e-02,-0.125,-0.02
4.5797e-02,-0.18,-0.375
4.5798e-02,-0.24,-0.03
4.5800e-02,-0.165,-0.365
4.5802e-02,-0.2,-0.05
4.5803e-02,-0.22,-0.355
4.5805e-02,-0.195,-0.06
4.5806e-02,-0.165,-0.36
4.5808e-02,-0.235,-0.045
4.5810e-02,-0.14,-0.39
4.5811e-02,-0.19,-0.02
4.5813e-02,-0.245,-0.345
4.5814e-02,-0.16,-0.065
4.5816e-02,-0.14,-0.36
4.5818e-02,-0.145,-0.045
4.5819e-02,-0.145,-0.375
4.5821e-02,-0.21,-0.03
4.5822e-02,-0.26,-0.375
4.5824e-02,-0.21,-0.035
4.5826e-02,-0.13,-0.37
4.5827e-02,-0.12,-0.03
4.5829e-02,-0.275,-0.405
4.5830e-02,-0.16,-0.01
4.5832e-02,-0.155,-0.37
4.5834e-02,-0.215,-0.035
4.5835e-02,-0.11,-0.34
4.5837e-02,-0.24,-0.065
4.5838e-02,-0.175,-0.355
4.5840e-02,-0.255,-0.055
4.5842e-02,-0.245,-0.35
4.5843e-02,-0.22,-0.065
4.5845e-02,-0.24,-0.38
4.5846e-02,-0.23,-0.03
4.5848e-02,-0.31,-0.365
4.5850e-02,-0.245,-0.04
4.5851e-02,-0.145,-0.34
4.5853e-02,-0.18,-0.07
4.5854e-02,-0.245,-0.335
4.5856e-02,-0.24,-0.07
4.5858e-02,-0.2,-0.35
4.5859e-02,-0.19,-0.05
4.5861e-02,-0.185,-0.365
4.5862e-02,-0.24,-0.035
4.5864e-02,-0.215,-0.355
4.5866e-02,-0.165,-0.045
4.5867e-02,-0.21,-0.345
4.5869e-02,-0.285,-0.055
4.5870e-02,-0.145,-0.37
4.5872e-02,-0.19,-0.04
4.5874e-02,-0.165,-0.375
4.5875e-02,-0.19,-0.025
4.5877e-02,-0.17,-0.35
4.5878e-02,-0.205,-0.055
4.5880e-02,-0.16,-0.35
4.5882e-02,-0.115,-0.06
4.5883e-02,-0.18,-0.37
4.5885e-02,-0.21,-0.04
4.5886e-02,-0.185,-0.38
4.5888e-02,-0.22,-0.025
4.5890e-02,-0.215,-0.37
4.5891e-02,-0.08,-0.045
4.5893e-02,-0.14,-0.355
4.5894e-02,-0.17,-0.055
4.5896e-02,-0.24,-0.375
4.5898e-02,-0.14,-0.035
4.5899e-02,-0.19,-0.365
4.5901e-02,-0.19,-0.045
4.5902e-02,-0.175,-0.36
4.5904e-02,-0.24,-0.05
4.5906e-02,-0.225,-0.385
4.5907e-02,-0.15,-0.02
4.5909e-02,-0.23,-0.38
4.5910e-02,-0.235,-0.03
4.5912e-02,-0.175,-0.36
4.5914e-02,-0.235,-0.05
4.5915e-02,-0.195,-0.36
4.5917e-02,-0.26,-0.045
4.5918e-02,-0.18,-0.36
4.5920e-02,-0.26,-0.045
4.5922e-02,-0.18,-0.365
4.5923e-02,-0.235,-0.04
4.5925e-02,-0.205,-0.36
4.5926e-02,-0.195,-0.05
4.5928e-02,-0.115,-0.355
4.5930e-02,-0.16,-0.05
4.5931e-02,-0.145,-0.35
4.5933e-02,-0.22,-0.055
4.5934e-02,-0.11,-0.35
4.5936e-02,-0.255,-0.06
4.5938e-02,-0.165,-0.345
4.5939e-02,-0.085,-0.055
4.5941e-02,-0.19,-0.37
4.5942e-02,-0.195,-0.045
4.5944e-02,-0.245,-0.375
4.5946e-02,-0.175,-0.025
4.5947e-02,-0.235,-0.38
4.5949e-02,-0.22,-0.025
4.5950e-02,-0.185,-0.34
4.5952e-02,-0.27,-0.06
4.5954e-02,-0.135,-0.35
4.5955e-02,-0.22,-0.05
4.5957e-02,-0.25,-0.36
4.5958e-02,-0.29,-0.045
4.5960e-02,-0.185,-0.35
4.5962e-02,-0.175,-0.05
4.5963e-02,-0.215,-0.385
4.5965e-02,-0.155,-0.02
4.5966e-02,-0.235,-0.36
4.5968e-02,-0.155,-0.035
4.5970e-02,-0.23,-0.345
4.5971e-02,-0.155,-0.045
4.5973e-02,-0.295,-0.36
4.5974e-02,-0.27,-0.035
4.5976e-02,-0.275,-0.355
4.5978e-02,-0.18,-0.045
4.5979e-02,-0.21,-0.35
4.5981e-02,-0.175,-0.05
4.5982e-02,-0.24,-0.365
4.5984e-02,-0.14,-0.03
4.5986e-02,-0.2,-0.355
4.5987e-02,-0.115,-0.04
4.5989e-02,-0.22,-0.35
4.5990e-02,-0.23,-0.04
4.5992e-02,-0.18,-0.37
4.5994e-02,-0.115,-0.025
4.5995e-02,-0.16,-0.37
4.5997e-02,-0.19,-0.025
4.5998e-02,-0.16,-0.37
4.6000e-02,-0.185,-0.02
4.6002e-02,-0.075,-0.355
4.6003e-02,-0.22,-0.035
4.6005e-02,-0.17,-0.35
4.6006e-02,-0.2,-0.03
4.6008e-02,-0.15,-0.365
4.6010e-02,-0.165,-0.025
4.6011e-02,-0.165,-0.35
4.6013e-02,-0.08,-0.04
4.6014e-02,-0.26,-0.35
4.6016e-02,-0.245,-0.035
4.6018e-02,-0.255,-0.35
4.6019e-02,-0.185,-0.045
4.6021e-02,-0.275,-0.33
4.6022e-02,-0.22,-0.06
4.6024e-02,-0.155,-0.36
4.6026e-02,-0.08,-0.03
4.6027e-02,-0.13,-0.375
4.6029e-02,-0.155,-0.01
4.6030e-02,-0.155,-0.38
4.6032e-02,-0.145,-0.01
4.6034e-02,-0.165,-0.365
4.6035e-02,-0.205,-0.035
4.6037e-02,-0.22,-0.35
4.6038e-02,-0.265,-0.035
4.6040e-02,-0.165,-0.35
4.6042e-02,-0.16,-0.045
4.6043e-02,-0.135,-0.36
4.6045e-02,-0.295,-0.025
4.6046e-02,-0.135,-0.33
4.6048e-02,-0.215,-0.05
4.6050e-02,-0.145,-0.395
4.6051e-02,-0.21,0.01
4.6053e-02,-0.155,-0.355
4.6054e-02,-0.215,-0.035
4.6056e-02,-0.155,-0.36
4.6058e-02,-0.19,-0.03
4.6059e-02,-0.195,-0.35
4.6061e-02,-0.26,-0.035
4.6062e-02,-0.24,-0.38
4.6064e-02,-0.265,-0.01
4.6066e-02,-0.21,-0.35
4.6067e-02,-0.2,-0.035
4.6069e-02,-0.175,-0.365
4.6070e-02,-0.185,-0.02
4.6072e-02,-0.105,-0.355
4.6074e-02,-0.13,-0.03
4.6075e-02,-0.135,-0.39
4.6077e-02,-0.23,0
4.6078e-02,-0.145,-0.345
4.6080e-02,-0.23,-0.05
4.6082e-02,-0.245,-0.355
4.6083e-02,-0.21,-0.025
4.6085e-02,-0.335,-0.365
4.6086e-02,-0.18,-0.02
4.6088e-02,-0.15,-0.36
4.6090e-02,-0.12,-0.03
4.6091e-02,-0.2,-0.355
4.6093e-02,-0.145,-0.03
4.6094e-02,-0.125,-0.365
4.6096e-02,-0.175,-0.025
4.6098e-02,-0.17,-0.335
4.6099e-02,-0.28,-0.045
4.6101e-02,-0.21,-0.35
4.6102e-02,-0.18,-0.03
4.6104e-02,-0.21,-0.345
4.6106e-02,-0.195,-0.04
4.6107e-02,-0.22,-0.37
4.6109e-02,-0.17,-0.015
4.6110e-02,-0.155,-0.33
4.6112e-02,-0.125,-0.06
4.6114e-02,-0.16,-0.34
4.6115e-02,-0.17,-0.04
4.6117e-02,-0.13,-0.35
4.6118e-02,-0.165,-0.035
4.6120e-02,-0.135,-0.35
4.6122e-02,-0.185,-0.04
4.6123e-02,-0.175,-0.375
4.6125e-02,-0.145,-0.005
4.6126e-02,-0.15,-0.36
4.6128e-02,-0.245,-0.03
4.6130e-02,-0.145,-0.38
4.6131e-02,-0.26,-0.01
4.6133e-02,-0.18,-0.355
4.6134e-02,-0.15,-0.03
4.6136e-02,-0.145,-0.355
4.6138e-02,-0.255,-0.02
4.6139e-02,-0.155,-0.35
4.6141e-02,-0.235,-0.035
4.6142e-02,-0.185,-0.35
4.6144e-02,-0.21,-0.035
4.6146e-02,-0.29,-0.335
4.6147e-02,-0.22,-0.045
4.6149e-02,-0.2,-0.345
4.6150e-02,-0.16,-0.035
4.6152e-02,-0.21,-0.38
4.6154e-02,-0.23,-0.005
4.6155e-02,-0.255,-0.34
4.6157e-02,-0.145,-0.04
4.6158e-02,-0.22,-0.36
4.6160e-02,-0.26,-0.015
4.6162e-02,-0.19,-0.33
4.6163e-02,-0.16,-0.05
4.6165e-02,-0.115,-0.33
4.6166e-02,-0.06,-0.05
4.6168e-02,-0.21,-0.35
4.6170e-02,-0.14,-0.025
4.6171e-02,-0.125,-0.345
4.6173e-02,-0.175,-0.03
4.6174e-02,-0.135,-0.36
4.6176e-02,-0.215,-0.01
4.6178e-02,-0.225,-0.34
4.6179e-02,-0.12,-0.035
4.6181e-02,-0.18,-0.355
4.6182e-02,-0.14,-0.015
4.6184e-02,-0.12,-0.41
4.6186e-02,-0.155,0.03
4.6187e-02,-0.11,-0.355
4.6189e-02,-0.105,-0.02
4.6190e-02,-0.23,-0.325
4.6192e-02,-0.28,-0.05
4.6194e-02,-0.165,-0.33
4.6195e-02,-0.165,-0.04
4.6197e-02,-0.17,-0.33
4.6198e-02,-0.155,-0.035
4.6200e-02,-0.275,-0.33
4.6202e-02,-0.075,-0.035
4.6203e-02,-0.21,-0.35
4.6205e-02,-0.145,-0.025
4.6206e-02,-0.21,-0.345
4.6208e-02,-0.2,-0.025
4.6210e-02,-0.24,-0.345
4.6211e-02,-0.115,-0.02
4.6213e-02,-0.185,-0.33
4.6214e-02,-0.12,-0.035
4.6216e-02,-0.185,-0.35
4.6218e-02,-0.125,-0.025
4.6219e-02,-0.16,-0.325
4.6221e-02,-0.11,-0.045
4.6222e-02,-0.195,-0.34
4.6224e-02,-0.135,-0.03
4.6226e-02,-0.165,-0.345
4.6227e-02,-0.045,-0.015
4.6229e-02,-0.19,-0.33
4.6230e-02,-0.195,-0.03
4.6232e-02,-0.205,-0.325
4.6234e-02,-0.145,-0.035
4.6235e-02,-0.165,-0.335
4.6237e-02,-0.175,-0.025
4.6238e-02,-0.165,-0.385
4.6240e-02,-0.045,0.02
4.6242e-02,-0.12,-0.325
4.6243e-02,-0.175,-0.03
4.6245e-02,-0.17,-0.34
4.6246e-02,-0.14,-0.02
4.6248e-02,-0.165,-0.335
4.6250e-02,-0.125,-0.025
4.6251e-02,-0.225,-0.36
4.6253e-02,-0.27,0.01
4.6254e-02,-0.215,-0.325
4.6256e-02,-0.28,-0.03
4.6258e-02,-0.255,-0.355
4.6259e-02,-0.215,-0.005
4.6261e-02,-0.225,-0.335
4.6262e-02,-0.195,-0.03
4.6264e-02,-0.16,-0.39
4.6266e-02,-0.18,0.03
4.6267e-02,-0.13,-0.34
4.6269e-02,-0.22,-0.02
4.6270e-02,-0.215,-0.33
4.6272e-02,-0.175,-0.025
4.6274e-02,-0.11,-0.36
4.6275e-02,-0.18,0
4.6277e-02,-0.16,-0.33
4.6278e-02,-0.17,-0.03
4.6280e-02,-0.06,-0.33
4.6282e-02,-0.18,-0.03
4.6283e-02,-0.135,-0.325
4.6285e-02,-0.26,-0.03
4.6286e-02,-0.115,-0.355
4.6288e-02,-0.22,-0.005
4.6290e-02,-0.265,-0.37
4.6291e-02,-0.255,0
4.6293e-02,-0.295,-0.335
4.6294e-02,-0.23,-0.03
4.6296e-02,-0.205,-0.33
4.6298e-02,-0.205,-0.03
4.6299e-02,-0.275,-0.35
4.6301e-02,-0.1,-0.01
4.6302e-02,-0.145,-0.345
4.6304e-02,-0.105,-0.02
4.6306e-02,-0.145,-0.335
4.6307e-02,-0.14,-0.03
4.6309e-02,-0.14,-0.335
4.6310e-02,-0.1,-0.035
4.6312e-02,-0.15,-0.365
4.6314e-02,-0.165,0
4.6315e-02,-0.2,-0.345
4.6317e-02,-0.18,-0.02
4.6318e-02,-0.215,-0.35
4.6320e-02,-0.14,-0.025
4.6322e-02,-0.15,-0.34
4.6323e-02,-0.275,-0.02
4.6325e-02,-0.16,-0.36
4.6326e-02,-0.17,0.005
4.6328e-02,-0.175,-0.345
4.6330e-02,-0.205,-0.02
4.6331e-02,-0.14,-0.36
4.6333e-02,-0.245,-0.005
4.6334e-02,-0.125,-0.34
4.6336e-02,-0.205,-0.025
4.6338e-02,-0.22,-0.345
4.6339e-02,-0.155,-0.015
4.6341e-02,-0.17,-0.355
4.6342e-02,-0.155,-0.015
4.6344e-02,-0.195,-0.345
4.6346e-02,-0.275,-0.02
4.6347e-02,-0.145,-0.365
4.6349e-02,-0.12,-0.005
4.6350e-02,-0.195,-0.33
4.6352e-02,-0.185,-0.04
4.6354e-02,-0.135,-0.355
4.6355e-02,-0.185,-0.005
4.6357e-02,-0.08,-0.34
4.6358e-02,-0.11,-0.025
4.6360e-02,-0.225,-0.345
4.6362e-02,-0.145,-0.015
4.6363e-02,-0.155,-0.35
4.6365e-02,-0.195,-0.02
4.6366e-02,-0.14,-0.365
4.6368e-02,-0.27,0
4.6370e-02,-0.245,-0.335
4.6371e-02,-0.14,-0.025
4.6373e-02,-0.22,-0.35
4.6374e-02,-0.22,-0.01
4.6376e-02,-0.145,-0.33
4.6378e-02,-0.195,-0.025
4.6379e-02,-0.115,-0.37
4.6381e-02,-0.11,0.01
4.6382e-02,-0.125,-0.35
4.6384e-02,-0.14,-0.005
4.6386e-02,-0.15,-0.355
4.6387e-02,-0.24,0
4.6389e-02,-0.165,-0.33
4.6390e-02,-0.305,-0.01
4.6392e-02,-0.22,-0.36
4.6394e-02,-0.23,0.015
4.6395e-02,-0.17,-0.335
4.6397e-02,-0.135,-0.015
4.6398e-02,-0.145,-0.32
4.6400e-02,-0.16,-0.02
4.6402e-02,-0.115,-0.33
4.6403e-02,-0.105,-0.025
4.6405e-02,-0.21,-0.32
4.6406e-02,-0.11,-0.015
4.6408e-02,-0.165,-0.325
4.6410e-02,-0.055,-0.02
4.6411e-02,-0.155,-0.325
4.6413e-02,-0.12,-0.015
4.6414e-02,-0.23,-0.33
4.6416e-02,-0.105,-0.02
4.6418e-02,-0.105,-0.32
4.6419e-02,-0.15,-0.015
4.6421e-02,-0.125,-0.325
4.6422e-02,-0.21,-0.02
4.6424e-02,-0.22,-0.34
4.6426e-02,-0.14,0
4.6427e-02,-0.265,-0.37
4.6429e-02,-0.165,0.035
4.6430e-02,-0.27,-0.34
4.6432e-02,-0.215,0
4.6434e-02,-0.165,-0.32
4.6435e-02,-0.165,-0.015
4.6437e-02,-0.115,-0.35
4.6438e-02,-0.135,0.005
4.6440e-02,-0.09,-0.33
4.6442e-02,-0.155,-0.01
4.6443e-02,-0.09,-0.335
4.6445e-02,-0.175,-0.01
4.6446e-02,-0.165,-0.325
4.6448e-02,-0.09,-0.01
4.6450e-02,-0.155,-0.31
4.6451e-02,-0.16,-0.025
4.6453e-02,-0.1,-0.335
4.6454e-02,-0.16,0
4.6456e-02,0,-0.31
4.6458e-02,-0.105,-0.025
4.6459e-02,-0.165,-0.35
4.6461e-02,-0.215,0.015
4.6462e-02,-0.11,-0.32
4.6464e-02,-0.18,-0.015
4.6466e-02,-0.155,-0.315
4.6467e-02,-0.28,-0.02
4.6469e-02,-0.215,-0.345
4.6470e-02,-0.14,0.01
4.6472e-02,-0.115,-0.375
4.6474e-02,-0.17,0.02
4.6475e-02,-0.205,-0.335
4.6477e-02,-0.17,-0.01
4.6478e-02,-0.1,-0.32
4.6480e-02,-0.145,-0.03
4.6482e-02,-0.205,-0.34
4.6483e-02,-0.185,0.005
4.6485e-02,-0.215,-0.35
4.6486e-02,-0.085,0
4.6488e-02,-0.175,-0.33
4.6490e-02,-0.14,-0.015
4.6491e-02,-0.165,-0.32
4.6493e-02,-0.125,-0.025
4.6494e-02,-0.115,-0.33
4.6496e-02,-0.015,-0.015
4.6498e-02,-0.22,-0.335
4.6499e-02,-0.16,-0.005
4.6501e-02,-0.25,-0.33
4.6502e-02,-0.125,-0.015
4.6504e-02,-0.185,-0.31
4.6506e-02,-0.18,-0.035
4.6507e-02,-0.305,-0.355
4.6509e-02,-0.185,0.015
4.6510e-02,-0.175,-0.35
4.6512e-02,-0.185,0
4.6514e-02,-0.225,-0.355
4.6515e-02,-0.17,0.005
4.6517e-02,-0.235,-0.33
4.6518e-02,-0.11,-0.02
4.6520e-02,-0.2,-0.335
4.6522e-02,-0.265,-0.005
4.6523e-02,-0.205,-0.325
4.6525e-02,-0.18,-0.01
4.6526e-02,-0.195,-0.36
4.6528e-02,-0.055,0.015
4.6530e-02,-0.2,-0.345
4.6531e-02,-0.08,0
4.6533e-02,-0.075,-0.345
4.6534e-02,-0.11,0.005
4.6536e-02,-0.195,-0.31
4.6538e-02,-0.16,-0.03
4.6539e-02,-0.275,-0.34
4.6541e-02,-0.21,-0.005
4.6542e-02,-0.145,-0.305
4.6544e-02,-0.23,-0.035
4.6546e-02,-0.155,-0.36
4.6547e-02,-0.165,0.015
4.6549e-02,-0.115,-0.34
4.6550e-02,-0.09,0
4.6552e-02,-0.165,-0.335
4.6554e-02,-0.155,-0.005
4.6555e-02,-0.085,-0.35
4.6557e-02,-0.125,0.02
4.6558e-02,-0.11,-0.33
4.6560e-02,-0.27,-0.005
4.6562e-02,-0.125,-0.325
4.6563e-02,-0.095,-0.005
4.6565e-02,-0.155,-0.315
4.6566e-02,-0.12,-0.02
4.6568e-02,-0.16,-0.31
4.6570e-02,-0.175,-0.025
4.6571e-02,-0.07,-0.32
4.6573e-02,-0.175,-0.015
4.6574e-02,-0.155,-0.33
4.6576e-02,-0.18,0
4.6578e-02,-0.195,-0.325
4.6579e-02,-0.165,-0.005
4.6581e-02,-0.225,-0.33
4.6582e-02,-0.18,0.01
4.6584e-02,-0.28,-0.31
4.6586e-02,-0.2,-0.015
4.6587e-02,-0.16,-0.31
4.6589e-02,-0.25,-0.015
4.6590e-02,-0.16,-0.33
4.6592e-02,-0.205,0.01
4.6594e-02,-0.275,-0.32
4.6595e-02,-0.12,-0.005
4.6597e-02,-0.21,-0.335
4.6598e-02,-0.215,0.02
4.6600e-02,-0.155,-0.35
4.6602e-02,-0.21,0.02
4.6603e-02,-0.11,-0.34
4.6605e-02,-0.135,0.02
4.6606e-02,-0.19,-0.335
4.6608e-02,-0.23,0.01
4.6610e-02,-0.19,-0.3
4.6611e-02,-0.17,-0.02
4.6613e-02,-0.22,-0.325
4.6614e-02,-0.185,0
4.6616e-02,-0.205,-0.345
4.6618e-02,-0.145,0.02
4.6619e-02,-0.1,-0.335
4.6621e-02,-0.105,0.015
4.6622e-02,-0.22,-0.3
4.6624e-02,-0.045,-0.02
4.6626e-02,-0.07,-0.315
4.6627e-02,-0.105,-0.01
4.6629e-02,-0.125,-0.33
4.6630e-02,-0.155,0
4.6632e-02,-0.165,-0.32
4.6634e-02,-0.14,0
4.6635e-02,-0.155,-0.33
4.6637e-02,-0.18,0.005
4.6638e-02,-0.185,-0.31
4.6640e-02,-0.14,-0.01
4.6642e-02,-0.19,-0.32
4.6643e-02,-0.135,-0.01
4.6645e-02,-0.13,-0.335
4.6646e-02,-0.215,0.005
4.6648e-02,-0.14,-0.33
4.6650e-02,-0.13,0.005
4.6651e-02,-0.23,-0.335
4.6653e-02,-0.215,0.005
4.6654e-02,-0.22,-0.325
4.6656e-02,-0.13,-0.005
4.6658e-02,-0.17,-0.335
4.6659e-02,-0.17,0.01
4.6661e-02,-0.25,-0.33
4.6662e-02,-0.2,0
4.6664e-02,-0.13,-0.315
4.6666e-02,-0.24,-0.01
4.6667e-02,-0.24,-0.32
4.6669e-02,-0.2,-0.005
4.6670e-02,-0.19,-0.33
4.6672e-02,-0.175,-0.005
4.6674e-02,-0.155,-0.335
4.6675e-02,-0.19,0.015
4.6677e-02,-0.165,-0.32
4.6678e-02,-0.17,-0.005
4.6680e-02,-0.105,-0.315
4.6682e-02,-0.22,-0.015
4.6683e-02,-0.16,-0.3
4.6685e-02,-0.145,-0.02
4.6686e-02,-0.215,-0.33
4.6688e-02,-0.15,0.005
4.6690e-02,-0.115,-0.32
4.6691e-02,-0.15,0
4.6693e-02,-0.155,-0.335
4.6694e-02,-0.145,0.01
4.6696e-02,-0.18,-0.31
4.6698e-02,-0.12,-0.005
4.6699e-02,-0.25,-0.3
4.6701e-02,-0.255,-0.02
4.6702e-02,-0.205,-0.295
4.6704e-02,-0.15,-0.01
4.6706e-02,-0.245,-0.305
4.6707e-02,-0.185,-0.015
4.6709e-02,-0.19,-0.31
4.6710e-02,-0.18,-0.005
4.6712e-02,-0.09,-0.34
4.6714e-02,-0.255,0.03
4.6715e-02,-0.16,-0.325
4.6717e-02,-0.18,0.01
4.6718e-02,-0.155,-0.315
4.6720e-02,-0.185,0.005
4.6722e-02,-0.14,-0.31
4.6723e-02,-0.2,0
4.6725e-02,-0.05,-0.315
4.6726e-02,-0.07,0.005
4.6728e-02,-0.105,-0.3
4.6730e-02,-0.07,-0.005
4.6731e-02,-0.06,-0.3
4.6733e-02,-0.17,-0.01
4.6734e-02,-0.145,-0.31
4.6736e-02,-0.155,0
4.6738e-02,-0.145,-0.365
4.6739e-02,-0.11,0.05
4.6741e-02,-0.105,-0.3
4.6742e-02,-0.125,0
4.6744e-02,-0.155,-0.325
4.6746e-02,-0.13,0.02
4.6747e-02,-0.21,-0.28
4.6749e-02,-0.13,-0.02
4.6750e-02,-0.165,-0.295
4.6752e-02,-0.23,-0.01
4.6754e-02,-0.265,-0.3
4.6755e-02,-0.205,-0.005
4.6757e-02,-0.125,-0.305
4.6758e-02,-0.15,0.005
4.6760e-02,-0.17,-0.31
4.6762e-02,-0.275,0.01
4.6763e-02,-0.16,-0.325
4.6765e-02,-0.185,0.02
4.6766e-02,-0.205,-0.33
4.6768e-02,-0.21,0.02
4.6770e-02,-0.22,-0.31
4.6771e-02,-0.115,0.005
4.6773e-02,-0.18,-0.29
4.6774e-02,-0.16,-0.01
4.6776e-02,-0.2,-0.295
4.6778e-02,-0.15,-0.01
4.6779e-02,-0.14,-0.28
4.6781e-02,-0.175,-0.025
4.6782e-02,-0.25,-0.295
4.6784e-02,-0.245,-0.01
4.6786e-02,-0.175,-0.3
4.6787e-02,-0.19,-0.005
4.6789e-02,-0.13,-0.335
4.6790e-02,-0.12,0.015
4.6792e-02,-0.185,-0.325
4.6794e-02,-0.095,0.015
4.6795e-02,-0.17,-0.305
4.6797e-02,-0.095,-0.01
4.6798e-02,-0.095,-0.305
4.6800e-02,-0.22,0
4.6802e-02,-0.165,-0.3
4.6803e-02,-0.12,-0.01
4.6805e-02,-0.175,-0.32
4.6806e-02,-0.1,0.015
4.6808e-02,-0.19,-0.285
4.6810e-02,-0.165,-0.03
4.6811e-02,-0.095,-0.295
4.6813e-02,-0.265,-0.015
4.6814e-02,-0.195,-0.305
4.6816e-02,-0.14,-0.005
4.6818e-02,-0.125,-0.305
4.6819e-02,-0.105,-0.01
4.6821e-02,-0.19,-0.295
4.6822e-02,-0.195,-0.01
4.6824e-02,-0.04,-0.33
4.6826e-02,-0.13,0.025
4.6827e-02,-0.045,-0.35
4.6829e-02,-0.18,0.04
4.6830e-02,-0.185,-0.295
4.6832e-02,-0.15,-0.01
4.6834e-02,-0.08,-0.305
4.6835e-02,-0.16,0.005
4.6837e-02,-0.03,-0.315
4.6838e-02,-0.15,0
4.6840e-02,-0.025,-0.295
4.6842e-02,-0.165,-0.015
4.6843e-02,-0.175,-0.345
4.6845e-02,-0.215,0.03
4.6846e-02,-0.2,-0.325
4.6848e-02,-0.205,0.015
4.6850e-02,-0.16,-0.295
4.6851e-02,-0.16,-0.005
4.6853e-02,-0.23,-0.315
4.6854e-02,-0.165,0.015
4.6856e-02,-0.255,-0.29
4.6858e-02,-0.13,-0.005
4.6859e-02,-0.135,-0.3
4.6861e-02,-0.24,0
4.6862e-02,-0.09,-0.305
4.6864e-02,-0.085,0.005
4.6866e-02,-0.095,-0.335
4.6867e-02,-0.105,0.035
4.6869e-02,-0.21,-0.32
4.6870e-02,-0.115,0.02
4.6872e-02,-0.165,-0.305
4.6874e-02,-0.23,0.015
4.6875e-02,-0.23,-0.315
4.6877e-02,-0.19,0.025
4.6878e-02,-0.155,-0.3
4.6880e-02,-0.125,0
4.6882e-02,-0.105,-0.325
4.6883e-02,-0.145,0.03
4.6885e-02,-0.075,-0.315
4.6886e-02,-0.015,0.025
4.6888e-02,-0.125,-0.305
4.6890e-02,-0.02,0.005
4.6891e-02,-0.16,-0.31
4.6893e-02,-0.115,0.01
4.6894e-02,-0.1,-0.3
4.6896e-02,-0.165,0.01
4.6898e-02,-0.13,-0.315
4.6899e-02,-0.19,0.03
4.6901e-02,-0.145,-0.325
4.6902e-02,-0.19,0.03
4.6904e-02,-0.075,-0.295
4.6906e-02,-0.23,0
4.6907e-02,-0.115,-0.345
4.6909e-02,-0.21,0.06
4.6910e-02,-0.075,-0.33
4.6912e-02,-0.14,0.045
4.6914e-02,-0.15,-0.32
4.6915e-02,-0.16,0.035
4.6917e-02,-0.085,-0.3
4.6918e-02,-0.115,0.005
4.6920e-02,-0.165,-0.295
4.6922e-02,-0.13,0.01
4.6923e-02,-0.13,-0.325
4.6925e-02,-0.095,0.03
4.6926e-02,-0.075,-0.35
4.6928e-02,-0.095,0.055
4.6930e-02,-0.165,-0.305
4.6931e-02,-0.06,0.01
4.6933e-02,-0.18,-0.335
4.6934e-02,-0.12,0.055
4.6936e-02,-0.12,-0.29
4.6938e-02,-0.135,0
4.6939e-02,-0.165,-0.305
4.6941e-02,-0.075,0.01
4.6942e-02,-0.05,-0.295
4.6944e-02,-0.09,0.005
4.6946e-02,-0.1,-0.305
4.6947e-02,-0.085,0.015
4.6949e-02,-0.125,-0.295
4.6950e-02,-0.06,0.005
4.6952e-02,-0.085,-0.29
4.6954e-02,-0.205,0
4.6955e-02,-0.105,-0.305
4.6957e-02,-0.095,0.02
4.6958e-02,-0.1,-0.305
4.6960e-02,-0.145,0.02
4.6962e-02,-0.215,-0.315
4.6963e-02,-0.18,0.02
4.6965e-02,-0.11,-0.295
4.6966e-02,-0.21,0
4.6968e-02,-0.115,-0.3
4.6970e-02,-0.16,0.01
4.6971e-02,0,-0.31
4.6973e-02,-0.175,0.02
4.6974e-02,-0.07,-0.3
4.6976e-02,-0.13,0.01
4.6978e-02,-0.125,-0.305
4.6979e-02,-0.085,0.015
4.6981e-02,-0.13,-0.325
4.6982e-02,-0.125,0.035
4.6984e-02,-0.08,-0.31
4.6986e-02,-0.14,0.025
4.6987e-02,-0.14,-0.35
4.6989e-02,-0.12,0.055
4.6990e-02,-0.2,-0.295
4.6992e-02,-0.21,0.01
4.6994e-02,-0.21,-0.305
4.6995e-02,-0.155,0.025
4.6997e-02,-0.125,-0.345
4.6998e-02,-0.075,0.05
4.7000e-02,-0.14,-0.32
4.7002e-02,-0.09,0.03
4.7003e-02,-0.01,-0.305
4.7005e-02,-0.11,0.025
4.7006e-02,-0.18,-0.29
4.7008e-02,-0.205,0.005
4.7010e-02,-0.19,-0.29
4.7011e-02,-0.095,0.005
4.7013e-02,-0.205,-0.29
4.7014e-02,-0.11,0.01
4.7016e-02,-0.175,-0.275
4.7018e-02,-0.085,-0.005
4.7019e-02,-0.135,-0.28
4.7021e-02,-0.12,0.005
4.7022e-02,-0.19,-0.3
4.7024e-02,-0.085,0.015
4.7026e-02,-0.12,-0.32
4.7027e-02,-0.115,0.035
4.7029e-02,-0.105,-0.315
4.7030e-02,-0.215,0.03
4.7032e-02,-0.155,-0.315
4.7034e-02,-0.16,0.03
4.7035e-02,-0.115,-0.305
4.7037e-02,-0.1,0.025
4.7038e-02,-0.19,-0.29
4.7040e-02,-0.09,0.015
4.7042e-02,-0.08,-0.305
4.7043e-02,-0.075,0.035
4.7045e-02,-0.105,-0.3
4.7046e-02,-0.13,0.02
4.7048e-02,-0.145,-0.3
4.7050e-02,-0.025,0.025
4.7051e-02,-0.06,-0.28
4.7053e-02,-0.06,0.005
4.7054e-02,-0.095,-0.28
4.7056e-02,-0.075,0.015
4.7058e-02,-0.055,-0.29
4.7059e-02,-0.085,0.02
4.7061e-02,-0.175,-0.305
4.7062e-02,-0.145,0.025
4.7064e-02,-0.155,-0.325
4.7066e-02,-0.095,0.04
4.7067e-02,-0.105,-0.325
4.7069e-02,-0.115,0.055
4.7070e-02,-0.15,-0.33
4.7072e-02,-0.145,0.06
4.7074e-02,-0.125,-0.3
4.7075e-02,-0.075,0.025
4.7077e-02,-0.175,-0.285
4.7078e-02,-0.1,0.01
4.7080e-02,-0.15,-0.29
4.7082e-02,-0.05,0.01
4.7083e-02,-0.11,-0.305
4.7085e-02,-0.115,0.025
4.7086e-02,-0.26,-0.305
4.7088e-02,-0.125,0.035
4.7090e-02,-0.195,-0.295
4.7091e-02,-0.03,0.025
4.7093e-02,-0.25,-0.32
4.7094e-02,-0.095,0.04
4.7096e-02,-0.155,-0.3
4.7098e-02,-0.095,0.03
4.7099e-02,-0.12,-0.285
4.7101e-02,-0.2,0.01
4.7102e-02,-0.175,-0.285
4.7104e-02,-0.16,0.005
4.7106e-02,-0.075,-0.3
4.7107e-02,-0.07,0.025
4.7109e-02,-0.08,-0.275
4.7110e-02,-0.075,0
4.7112e-02,-0.135,-0.27
4.7114e-02,-0.08,0.01
4.7115e-02,-0.175,-0.28
4.7117e-02,-0.13,0.01
4.7118e-02,-0.135,-0.31
4.7120e-02,-0.12,0.035
4.7122e-02,-0.015,-0.28
4.7123e-02,-0.115,0.01
4.7125e-02,-0.09,-0.29
4.7126e-02,-0.16,0.025
4.7128e-02,-0.105,-0.295
4.7130e-02,-0.095,0.025
4.7131e-02,-0.125,-0.3
4.7133e-02,-0.18,0.035
4.7134e-02,-0.11,-0.295
4.7136e-02,-0.18,0.025
4.7138e-02,-0.085,-0.29
4.7139e-02,-0.24,0.025
4.7141e-02,-0.18,-0.28
4.7142e-02,-0.18,0.015
4.7144e-02,-0.12,-0.28
4.7146e-02,-0.125,0.015
4.7147e-02,-0.135,-0.3
4.7149e-02,-0.135,0.03
4.7150e-02,-0.14,-0.28
4.7152e-02,-0.09,0.025
4.7154e-02,-0.145,-0.32
4.7155e-02,-0.125,0.05
4.7157e-02,-0.085,-0.285
4.7158e-02,-0.155,0.025
4.7160e-02,-0.095,-0.285
4.7162e-02,-0.115,0.02
4.7163e-02,-0.14,-0.29
4.7165e-02,-0.115,0.03
4.7166e-02,-0.155,-0.31
4.7168e-02,-0.115,0.045
4.7170e-02,-0.005,-0.32
4.7171e-02,-0.13,0.06
4.7173e-02,-0.075,-0.28
4.7174e-02,-0.16,0.025
4.7176e-02,-0.085,-0.275
4.7178e-02,-0.095,0.02
4.7179e-02,-0.13,-0.285
4.7181e-02,-0.1,0.025
4.7182e-02,-0.11,-0.285
4.7184e-02,0.04,0.02
4.7186e-02,-0.135,-0.295
4.7187e-02,-0.055,0.04
4.7189e-02,-0.155,-0.315
4.7190e-02,-0.09,0.05
4.7192e-02,-0.07,-0.285
4.7194e-02,-0.155,0.02
4.7195e-02,-0.16,-0.285
4.7197e-02,-0.13,0.025
4.7198e-02,-0.145,-0.295
4.7200e-02,-0.09,0.035
4.7202e-02,-0.215,-0.29
4.7203e-02,-0.18,0.03
4.7205e-02,-0.255,-0.28
4.7206e-02,-0.165,0.02
4.7208e-02,-0.175,-0.295
4.7210e-02,-0.185,0.04
4.7211e-02,-0.105,-0.31
4.7213e-02,-0.23,0.045
4.7214e-02,-0.055,-0.29
4.7216e-02,-0.145,0.03
4.7218e-02,-0.13,-0.28
4.7219e-02,-0.12,0.02
4.7221e-02,-0.15,-0.325
4.7222e-02,-0.07,0.06
4.7224e-02,-0.07,-0.3
4.7226e-02,-0.08,0.04
4.7227e-02,-0.16,-0.29
4.7229e-02,-0.08,0.03
4.7230e-02,-0.16,-0.275
4.7232e-02,-0.08,0.005
4.7234e-02,-0.13,-0.295
4.7235e-02,-0.165,0.03
4.7237e-02,-0.11,-0.285
4.7238e-02,-0.105,0.03
4.7240e-02,-0.22,-0.3
4.7242e-02,-0.155,0.04
4.7243e-02,-0.265,-0.285
4.7245e-02,-0.09,0.025
4.7246e-02,-0.17,-0.29
4.7248e-02,-0.085,0.025
4.7250e-02,-0.115,-0.315
4.7251e-02,-0.105,0.055
4.7253e-02,-0.01,-0.285
4.7254e-02,-0.15,0.025
4.7256e-02,-0.095,-0.27
4.7258e-02,-0.185,0.01
4.7259e-02,-0.09,-0.275
4.7261e-02,-0.14,0.015
4.7262e-02,-0.09,-0.305
4.7264e-02,-0.11,0.045
4.7266e-02,-0.13,-0.31
4.7267e-02,-0.155,0.05
4.7269e-02,-0.165,-0.335
4.7270e-02,-0.12,0.075
4.7272e-02,-0.15,-0.29
4.7274e-02,-0.24,0.025
4.7275e-02,-0.13,-0.295
4.7277e-02,-0.115,0.04
4.7278e-02,-0.09,-0.27
4.7280e-02,-0.14,0.02
4.7282e-02,-0.135,-0.29
4.7283e-02,-0.095,0.04
4.7285e-02,-0.02,-0.265
4.7286e-02,-0.07,0.015
4.7288e-02,-0.12,-0.275
4.7290e-02,-0.045,0.025
4.7291e-02,-0.165,-0.3
4.7293e-02,-0.08,0.055
4.7294e-02,-0.155,-0.29
4.7296e-02,-0.19,0.05
4.7298e-02,-0.025,-0.275
4.7299e-02,-0.14,0.03
4.7301e-02,-0.025,-0.28
4.7302e-02,-0.115,0.04
4.7304e-02,-0.14,-0.275
4.7306e-02,-0.11,0.03
4.7307e-02,-0.125,-0.275
4.7309e-02,-0.11,0.025
4.7310e-02,-0.115,-0.27
4.7312e-02,-0.12,0.03
4.7314e-02,-0.18,-0.27
4.7315e-02,-0.075,0.025
4.7317e-02,-0.14,-0.26
4.7318e-02,-0.155,0.02
4.7320e-02,-0.12,-0.275
4.7322e-02,-0.17,0.035
4.7323e-02,-0.07,-0.265
4.7325e-02,-0.13,0.025
4.7326e-02,-0.16,-0.285
4.7328e-02,-0.205,0.045
4.7330e-02,-0.14,-0.28
4.7331e-02,-0.2,0.035
4.7333e-02,-0.195,-0.25
4.7334e-02,-0.145,0.01
4.7336e-02,-0.15,-0.315
4.7338e-02,-0.055,0.07
4.7339e-02,-0.14,-0.275
4.7341e-02,-0.18,0.035
4.7342e-02,-0.195,-0.275
4.7344e-02,-0.17,0.035
4.7346e-02,-0.13,-0.275
4.7347e-02,-0.145,0.04
4.7349e-02,-0.175,-0.255
4.7350e-02,-0.095,0.01
4.7352e-02,-0.025,-0.27
4.7354e-02,-0.105,0.04
4.7355e-02,-0.125,-0.275
4.7357e-02,-0.115,0.04
4.7358e-02,-0.195,-0.3
4.7360e-02,-0.055,0.055
4.7362e-02,-0.145,-0.27
4.7363e-02,-0.125,0.03
4.7365e-02,-0.025,-0.26
4.7366e-02,-0.115,0.02
4.7368e-02,-0.06,-0.28
4.7370e-02,-0.155,0.04
4.7371e-02,-0.13,-0.245
4.7373e-02,-0.135,0.01
4.7374e-02,0.01,-0.295
4.7376e-02,-0.13,0.05
4.7378e-02,-0.115,-0.315
4.7379e-02,-0.125,0.065
4.7381e-02,-0.165,-0.275
4.7382e-02,-0.03,0.03
4.7384e-02,-0.135,-0.265
4.7386e-02,-0.14,0.03
4.7387e-02,-0.105,-0.26
4.7389e-02,-0.075,0.015
4.7390e-02,-0.09,-0.28
4.7392e-02,-0.065,0.04
4.7394e-02,-0.17,-0.26
4.7395e-02,-0.09,0.02
4.7397e-02,-0.065,-0.295
4.7398e-02,-0.095,0.04
4.7400e-02,-0.1,-0.275
4.7402e-02,-0.07,0.03
4.7403e-02,-0.07,-0.28
4.7405e-02,-0.04,0.035
4.7406e-02,-0.09,-0.27
4.7408e-02,-0.205,0.025
4.7410e-02,-0.105,-0.28
4.7411e-02,-0.17,0.04
4.7413e-02,-0.05,-0.27
4.7414e-02,-0.105,0.025
4.7416e-02,-0.15,-0.285
4.7418e-02,-0.15,0.045
4.7419e-02,-0.085,-0.27
4.7421e-02,-0.12,0.02
4.7422e-02,-0.145,-0.27
4.7424e-02,-0.105,0.025
4.7426e-02,-0.175,-0.295
4.7427e-02,-0.105,0.05
4.7429e-02,-0.125,-0.29
4.7430e-02,-0.255,0.04
4.7432e-02,-0.07,-0.26
4.7434e-02,-0.2,0.02
4.7435e-02,-0.085,-0.285
4.7437e-02,-0.12,0.05
4.7438e-02,-0.155,-0.25
4.7440e-02,-0.165,0.015
4.7442e-02,-0.175,-0.26
4.7443e-02,-0.15,0.025
4.7445e-02,-0.165,-0.27
4.7446e-02,-0.15,0.025
4.7448e-02,-0.185,-0.28
4.7450e-02,-0.07,0.04
4.7451e-02,-0.17,-0.28
4.7453e-02,-0.155,0.045
4.7454e-02,-0.21,-0.27
4.7456e-02,-0.17,0.04
4.7458e-02,-0.105,-0.275
4.7459e-02,-0.08,0.045
4.7461e-02,-0.15,-0.265
4.7462e-02,-0.115,0.035
4.7464e-02,-0.055,-0.27
4.7466e-02,-0.075,0.045
4.7467e-02,0.02,-0.275
4.7469e-02,-0.185,0.05
4.7470e-02,-0.155,-0.255
4.7472e-02,-0.12,0.03
4.7474e-02,-0.145,-0.26
4.7475e-02,-0.09,0.035
4.7477e-02,-0.11,-0.255
4.7478e-02,-0.19,0.03
4.7480e-02,-0.1,-0.275
4.7482e-02,-0.2,0.055
4.7483e-02,-0.185,-0.295
4.7485e-02,-0.095,0.06
4.7486e-02,-0.115,-0.26
4.7488e-02,-0.075,0.035
4.7490e-02,-0.155,-0.28
4.7491e-02,-0.155,0.05
4.7493e-02,-0.16,-0.27
4.7494e-02,-0.145,0.04
4.7496e-02,-0.11,-0.29
4.7498e-02,-0.13,0.07
4.7499e-02,-0.075,-0.28
4.7501e-02,-0.15,0.055
4.7502e-02,-0.075,-0.265
4.7504e-02,-0.075,0.045
4.7506e-02,-0.105,-0.305
4.7507e-02,-0.135,0.085
4.7509e-02,-0.085,-0.275
4.7510e-02,-0.13,0.05
4.7512e-02,-0.02,-0.27
4.7514e-02,-0.115,0.045
4.7515e-02,-0.13,-0.27
4.7517e-02,-0.17,0.05
4.7518e-02,-0.08,-0.29
4.7520e-02,-0.16,0.07
4.7522e-02,-0.055,-0.26
4.7523e-02,-0.145,0.04
4.7525e-02,-0.075,-0.31
4.7526e-02,-0.02,0.08
4.7528e-02,-0.095,-0.3
4.7530e-02,-0.14,0.07
4.7531e-02,-0.115,-0.27
4.7533e-02,-0.145,0.045
4.7534e-02,-0.105,-0.26
4.7536e-02,-0.15,0.03
4.7538e-02,-0.19,-0.265
4.7539e-02,-0.08,0.04
4.7541e-02,-0.1,-0.27
4.7542e-02,-0.085,0.04
4.7544e-02,-0.16,-0.265
4.7546e-02,-0.17,0.035
4.7547e-02,-0.145,-0.27
4.7549e-02,-0.095,0.045
4.7550e-02,-0.115,-0.27
4.7552e-02,-0.11,0.05
4.7554e-02,-0.15,-0.265
4.7555e-02,-0.06,0.04
4.7557e-02,-0.11,-0.265
4.7558e-02,-0.08,0.04
4.7560e-02,-0.065,-0.26
4.7562e-02,-0.145,0.03
4.7563e-02,-0.04,-0.26
4.7565e-02,-0.025,0.035
4.7566e-02,-0.045,-0.265
4.7568e-02,-0.045,0.04
4.7570e-02,-0.145,-0.245
4.7571e-02,-0.08,0.02
4.7573e-02,0.005,-0.255
4.7574e-02,-0.045,0.03
4.7576e-02,-0.09,-0.26
4.7578e-02,-0.13,0.035
4.7579e-02,-0.085,-0.28
4.7581e-02,-0.08,0.06
4.7582e-02,-0.13,-0.27
4.7584e-02,-0.13,0.05
4.7586e-02,-0.11,-0.27
4.7587e-02,-0.1,0.045
4.7589e-02,-0.015,-0.265
4.7590e-02,-0.13,0.05
4.7592e-02,-0.07,-0.26
4.7594e-02,-0.08,0.045
4.7595e-02,-0.085,-0.275
4.7597e-02,-0.025,0.055
4.7598e-02,-0.1,-0.27
4.7600e-02,-0.08,0.055
4.7602e-02,-0.095,-0.3
4.7603e-02,-0.065,0.085
4.7605e-02,-0.12,-0.25
4.7606e-02,-0.145,0.04
4.7608e-02,-0.185,-0.275
4.7610e-02,-0.095,0.055
4.7611e-02,-0.145,-0.27
4.7613e-02,-0.065,0.05
4.7614e-02,-0.185,-0.3
4.7616e-02,-0.205,0.08
4.7618e-02,-0.13,-0.265
4.7619e-02,-0.19,0.045
4.7621e-02,-0.07,-0.275
4.7622e-02,-0.16,0.065
4.7624e-02,-0.19,-0.3
4.7626e-02,-0.09,0.08
4.7627e-02,-0.09,-0.285
4.7629e-02,-0.105,0.075
4.7630e-02,-0.155,-0.26
4.7632e-02,-0.18,0.05
4.7634e-02,-0.105,-0.28
4.7635e-02,-0.09,0.07
4.7637e-02,-0.075,-0.25
4.7638e-02,-0.155,0.04
4.7640e-02,-0.12,-0.28
4.7642e-02,-0.115,0.075
4.7643e-02,-0.1,-0.265
4.7645e-02,-0.07,0.05
4.7646e-02,-0.045,-0.255
4.7648e-02,-0.055,0.045
4.7650e-02,0,-0.255
4.7651e-02,-0.04,0.05
4.7653e-02,-0.02,-0.245
4.7654e-02,-0.07,0.035
4.7656e-02,-0.085,-0.255
4.7658e-02,-0.035,0.045
4.7659e-02,-0.04,-0.255
4.7661e-02,-0.09,0.045
4.7662e-02,-0.035,-0.25
4.7664e-02,-0.13,0.035
4.7666e-02,0.015,-0.28
4.7667e-02,-0.07,0.075
4.7669e-02,-0.045,-0.315
4.7670e-02,-0.125,0.1
4.7672e-02,-0.085,-0.27
4.7674e-02,-0.04,0.065
4.7675e-02,-0.01,-0.275
4.7677e-02,-0.025,0.055
4.7678e-02,-0.095,-0.25
4.7680e-02,-0.075,0.04
4.7682e-02,-0.07,-0.255
4.7683e-02,-0.11,0.05
4.7685e-02,-0.075,-0.245
4.7686e-02,-0.09,0.04
4.7688e-02,-0.09,-0.265
4.7690e-02,-0.11,0.055
4.7691e-02,-0.12,-0.25
4.7693e-02,-0.195,0.04
4.7694e-02,-0.1,-0.275
4.7696e-02,-0.145,0.07
4.7698e-02,-0.065,-0.25
4.7699e-02,-0.11,0.035
4.7701e-02,-0.115,-0.255
4.7702e-02,-0.145,0.045
4.7704e-02,-0.165,-0.23
4.7706e-02,-0.09,0.03
4.7707e-02,-0.1,-0.23
4.7709e-02,-0.11,0.03
4.7710e-02,-0.155,-0.265
4.7712e-02,-0.145,0.06
4.7714e-02,-0.04,-0.25
4.7715e-02,-0.125,0.045
4.7717e-02,-0.06,-0.26
4.7718e-02,-0.13,0.05
4.7720e-02,-0.02,-0.25
4.7722e-02,-0.095,0.04
4.7723e-02,-0.1,-0.29
4.7725e-02,-0.09,0.085
4.7726e-02,-0.155,-0.27
4.7728e-02,-0.12,0.065
4.7730e-02,-0.125,-0.26
4.7731e-02,-0.115,0.055
4.7733e-02,-0.1,-0.25
4.7734e-02,-0.135,0.045
4.7736e-02,-0.05,-0.285
4.7738e-02,-0.125,0.08
4.7739e-02,-0.04,-0.265
4.7741e-02,-0.12,0.06
4.7742e-02,-0.14,-0.275
4.7744e-02,-0.115,0.065
4.7746e-02,-0.07,-0.265
4.7747e-02,-0.065,0.06
4.7749e-02,-0.075,-0.255
4.7750e-02,-0.185,0.055
4.7752e-02,-0.085,-0.26
4.7754e-02,-0.105,0.055
4.7755e-02,-0.085,-0.245
4.7757e-02,-0.165,0.035
4.7758e-02,-0.11,-0.26
4.7760e-02,-0.115,0.065
4.7762e-02,-0.11,-0.235
4.7763e-02,-0.1,0.03
4.7765e-02,-0.16,-0.27
4.7766e-02,-0.11,0.065
4.7768e-02,-0.115,-0.265
4.7770e-02,-0.085,0.065
4.7771e-02,-0.07,-0.24
4.7773e-02,-0.075,0.045
4.7774e-02,-0.125,-0.24
4.7776e-02,-0.035,0.035
4.7778e-02,-0.08,-0.275
4.7779e-02,-0.05,0.07
4.7781e-02,-0.07,-0.255
4.7782e-02,-0.22,0.055
4.7784e-02,-0.13,-0.24
4.7786e-02,-0.125,0.05
4.7787e-02,-0.02,-0.235
4.7789e-02,-0.13,0.04
4.7790e-02,-0.105,-0.26
4.7792e-02,-0.17,0.06
4.7794e-02,-0.105,-0.235
4.7795e-02,-0.095,0.03
4.7797e-02,-0.155,-0.27
4.7798e-02,-0.05,0.065
4.7800e-02,-0.07,-0.27
4.7802e-02,-0.09,0.075
4.7803e-02,-0.035,-0.255
4.7805e-02,-0.07,0.065
4.7806e-02,-0.08,-0.25
4.7808e-02,-0.075,0.055
4.7810e-02,-0.105,-0.24
4.7811e-02,-0.02,0.05
4.7813e-02,-0.105,-0.26
4.7814e-02,-0.045,0.07
4.7816e-02,-0.135,-0.265
4.7818e-02,-0.005,0.08
4.7819e-02,-0.125,-0.23
4.7821e-02,-0.125,0.04
4.7822e-02,-0.165,-0.245
4.7824e-02,-0.085,0.055
4.7826e-02,-0.05,-0.23
4.7827e-02,-0.09,0.04
4.7829e-02,-0.125,-0.26
4.7830e-02,-0.175,0.065
4.7832e-02,-0.055,-0.24
4.7834e-02,-0.07,0.05
4.7835e-02,-0.035,-0.24
4.7837e-02,-0.065,0.05
4.7838e-02,-0.075,-0.26
4.7840e-02,-0.025,0.065
4.7842e-02,-0.045,-0.24
4.7843e-02,-0.065,0.05
4.7845e-02,-0.11,-0.24
4.7846e-02,-0.095,0.055
4.7848e-02,-0.115,-0.275
4.7850e-02,-0.015,0.085
4.7851e-02,-0.05,-0.235
4.7853e-02,-0.09,0.045
4.7854e-02,-0.065,-0.245
4.7856e-02,-0.225,0.06
4.7858e-02,-0.075,-0.235
4.7859e-02,-0.18,0.055
4.7861e-02,-0.07,-0.25
4.7862e-02,-0.135,0.065
4.7864e-02,-0.075,-0.245
4.7866e-02,-0.01,0.065
4.7867e-02,-0.065,-0.245
4.7869e-02,-0.12,0.05
4.7870e-02,-0.16,-0.24
4.7872e-02,-0.045,0.06
4.7874e-02,-0.07,-0.265
4.7875e-02,-0.02,0.08
4.7877e-02,-0.07,-0.27
4.7878e-02,-0.09,0.08
4.7880e-02,-0.05,-0.245
4.7882e-02,-0.12,0.055
4.7883e-02,-0.13,-0.245
4.7885e-02,-0.115,0.055
4.7886e-02,-0.155,-0.29
4.7888e-02,-0.095,0.105
4.7890e-02,-0.015,-0.255
4.7891e-02,-0.1,0.07
4.7893e-02,-0.01,-0.26
4.7894e-02,-0.05,0.075
4.7896e-02,-0.075,-0.275
4.7898e-02,-0.035,0.09
4.7899e-02,-0.07,-0.265
4.7901e-02,-0.07,0.08
4.7902e-02,-0.115,-0.265
4.7904e-02,-0.14,0.075
4.7906e-02,-0.06,-0.255
4.7907e-02,-0.015,0.065
4.7909e-02,-0.12,-0.25
4.7910e-02,-0.085,0.065
4.7912e-02,-0.08,-0.26
4.7914e-02,0.01,0.075
4.7915e-02,-0.015,-0.255
4.7917e-02,-0.095,0.07
4.7918e-02,-0.055,-0.255
4.7920e-02,0.01,0.065
4.7922e-02,-0.105,-0.245
4.7923e-02,-0.06,0.06
4.7925e-02,-0.125,-0.25
4.7926e-02,-0.095,0.06
4.7928e-02,0.01,-0.245
4.7930e-02,-0.06,0.06
4.7931e-02,-0.035,-0.235
4.7933e-02,-0.05,0.05
4.7934e-02,-0.155,-0.27
4.7936e-02,-0.02,0.085
4.7938e-02,-0.165,-0.24
4.7939e-02,-0.09,0.06
4.7941e-02,-0.13,-0.25
4.7942e-02,-0.13,0.065
4.7944e-02,-0.13,-0.265
4.7946e-02,-0.075,0.08
4.7947e-02,-0.005,-0.245
4.7949e-02,-0.135,0.06
4.7950e-02,-0.105,-0.255
4.7952e-02,-0.17,0.07
4.7954e-02,-0.075,-0.24
4.7955e-02,-0.05,0.06
4.7957e-02,-0.125,-0.275
4.7958e-02,-0.105,0.09
4.7960e-02,-0.125,-0.235
4.7962e-02,-0.1,0.05
4.7963e-02,-0.125,-0.235
4.7965e-02,-0.13,0.055
4.7966e-02,-0.09,-0.26
4.7968e-02,-0.02,0.08
4.7970e-02,-0.135,-0.25
4.7971e-02,-0.075,0.07
4.7973e-02,-0.18,-0.265
4.7974e-02,-0.15,0.075
4.7976e-02,-0.155,-0.25
4.7978e-02,-0.08,0.075
4.7979e-02,-0.115,-0.225
4.7981e-02,-0.01,0.045
4.7982e-02,-0.18,-0.275
4.7984e-02,-0.055,0.09
4.7986e-02,-0.1,-0.22
4.7987e-02,-0.16,0.05
4.7989e-02,-0.105,-0.255
4.7990e-02,-0.29,0.075
4.7992e-02,-0.08,-0.29
4.7994e-02,-0.11,0.115
4.7995e-02,-0.085,-0.27
4.7997e-02,-0.165,0.1
4.7998e-02,-0.13,-0.305
4.8000e-02,-0.095,0.125
4.8002e-02,-0.05,-0.25
4.8003e-02,-0.075,0.07
4.8005e-02,-0.17,-0.25
4.8006e-02,-0.085,0.07
4.8008e-02,-0.1,-0.235
4.8010e-02,-0.085,0.07
4.8011e-02,-0.14,-0.22
4.8013e-02,-0.185,0.05
4.8014e-02,-0.085,-0.25
4.8016e-02,-0.1,0.085
4.8018e-02,-0.12,-0.245
4.8019e-02,-0.09,0.075
4.8021e-02,-0.15,-0.24
4.8022e-02,0.01,0.07
4.8024e-02,-0.13,-0.23
4.8026e-02,-0.08,0.065
4.8027e-02,-0.035,-0.265
4.8029e-02,-0.115,0.095
4.8030e-02,0.005,-0.24
4.8032e-02,-0.11,0.075
4.8034e-02,-0.085,-0.23
4.8035e-02,-0.085,0.07
4.8037e-02,-0.185,-0.22
4.8038e-02,-0.045,0.06
4.8040e-02,-0.13,-0.225
4.8042e-02,-0.08,0.06
4.8043e-02,-0.125,-0.245
4.8045e-02,-0.135,0.085
4.8046e-02,-0.055,-0.245
4.8048e-02,0.005,0.08
4.8050e-02,-0.02,-0.25
4.8051e-02,-0.03,0.08
4.8053e-02,-0.06,-0.25
4.8054e-02,-0.025,0.085
4.8056e-02,-0.075,-0.265
4.8058e-02,-0.1,0.095
4.8059e-02,-0.145,-0.26
4.8061e-02,-0.135,0.09
4.8062e-02,-0.04,-0.22
4.8064e-02,-0.1,0.065
4.8066e-02,-0.08,-0.23
4.8067e-02,-0.045,0.06
4.8069e-02,-0.06,-0.25
4.8070e-02,-0.02,0.085
4.8072e-02,-0.09,-0.245
4.8074e-02,-0.045,0.08
4.8075e-02,-0.075,-0.225
4.8077e-02,-0.09,0.06
4.8078e-02,-0.05,-0.295
4.8080e-02,-0.095,0.135
4.8082e-02,-0.125,-0.265
4.8083e-02,-0.1,0.1
4.8085e-02,-0.145,-0.235
4.8086e-02,-0.07,0.07
4.8088e-02,-0.045,-0.24
4.8090e-02,-0.095,0.08
4.8091e-02,-0.07,-0.24
4.8093e-02,-0.055,0.07
4.8094e-02,-0.02,-0.24
4.8096e-02,-0.045,0.075
4.8098e-02,-0.16,-0.255
4.8099e-02,-0.11,0.085
4.8101e-02,-0.125,-0.225
4.8102e-02,-0.105,0.055
4.8104e-02,-0.105,-0.23
4.8106e-02,-0.215,0.06
4.8107e-02,-0.035,-0.26
4.8109e-02,-0.055,0.095
4.8110e-02,0,-0.26
4.8112e-02,-0.045,0.085
4.8114e-02,-0.075,-0.24
4.8115e-02,-0.005,0.075
4.8117e-02,-0.055,-0.235
4.8118e-02,-0.065,0.07
4.8120e-02,-0.04,-0.245
4.8122e-02,-0.11,0.075
4.8123e-02,0,-0.255
4.8125e-02,-0.115,0.085
4.8126e-02,-0.13,-0.22
4.8128e-02,-0.1,0.055
4.8130e-02,-0.175,-0.245
4.8131e-02,-0.02,0.075
4.8133e-02,-0.12,-0.26
4.8134e-02,-0.015,0.085
4.8136e-02,-0.1,-0.22
4.8138e-02,-0.145,0.05
4.8139e-02,-0.1,-0.23
4.8141e-02,-0.055,0.065
4.8142e-02,-0.13,-0.225
4.8144e-02,-0.08,0.055
4.8146e-02,-0.145,-0.235
4.8147e-02,-0.065,0.07
4.8149e-02,-0.005,-0.235
4.8150e-02,-0.14,0.07
4.8152e-02,-0.065,-0.245
4.8154e-02,-0.13,0.08
4.8155e-02,-0.07,-0.24
4.8157e-02,-0.08,0.07
4.8158e-02,-0.21,-0.23
4.8160e-02,-0.155,0.07
4.8162e-02,-0.145,-0.27
4.8163e-02,-0.08,0.105
4.8165e-02,-0.095,-0.26
4.8166e-02,-0.15,0.095
4.8168e-02,-0.12,-0.235
4.8170e-02,-0.115,0.07
4.8171e-02,-0.175,-0.22
4.8173e-02,-0.115,0.07
4.8174e-02,-0.165,-0.27
4.8176e-02,-0.12,0.105
4.8178e-02,-0.105,-0.25
4.8179e-02,-0.11,0.095
4.8181e-02,-0.05,-0.245
4.8182e-02,-0.19,0.08
4.8184e-02,-0.145,-0.22
4.8186e-02,-0.14,0.075
4.8187e-02,-0.09,-0.225
4.8189e-02,-0.12,0.075
4.8190e-02,-0.14,-0.23
4.8192e-02,-0.075,0.08
4.8194e-02,-0.07,-0.235
4.8195e-02,0.06,0.08
4.8197e-02,-0.09,-0.25
4.8198e-02,-0.06,0.105
4.8200e-02,-0.065,-0.24
4.8202e-02,-0.015,0.085
4.8203e-02,-0.005,-0.225
4.8205e-02,0.015,0.085
4.8206e-02,-0.085,-0.225
4.8208e-02,-0.065,0.08
4.8210e-02,-0.005,-0.265
4.8211e-02,-0.05,0.125
4.8213e-02,-0.045,-0.245
4.8214e-02,-0.13,0.1
4.8216e-02,-0.055,-0.245
4.8218e-02,-0.135,0.1
4.8219e-02,-0.04,-0.23
4.8221e-02,-0.095,0.09
4.8222e-02,-0.095,-0.255
4.8224e-02,-0.07,0.115
4.8226e-02,-0.11,-0.235
4.8227e-02,-0.05,0.085
4.8229e-02,-0.115,-0.23
4.8230e-02,-0.16,0.09
4.8232e-02,-0.09,-0.215
4.8234e-02,-0.1,0.07
4.8235e-02,-0.11,-0.21
4.8237e-02,-0.04,0.065
4.8238e-02,-0.095,-0.225
4.8240e-02,-0.015,0.085
4.8242e-02,-0.005,-0.215
4.8243e-02,-0.095,0.07
4.8245e-02,-0.155,-0.24
4.8246e-02,-0.16,0.1
4.8248e-02,-0.125,-0.23
4.8250e-02,-0.115,0.09
4.8251e-02,-0.1,-0.235
4.8253e-02,-0.125,0.09
4.8254e-02,-0.095,-0.22
4.8256e-02,0.065,0.07
4.8258e-02,-0.07,-0.235
4.8259e-02,0.01,0.085
4.8261e-02,-0.035,-0.235
4.8262e-02,-0.1,0.085
4.8264e-02,-0.04,-0.24
4.8266e-02,-0.105,0.095
4.8267e-02,-0.035,-0.225
4.8269e-02,-0.1,0.08
4.8270e-02,0.005,-0.24
4.8272e-02,-0.045,0.095
4.8274e-02,0.04,-0.235
4.8275e-02,-0.01,0.085
4.8277e-02,-0.06,-0.215
4.8278e-02,-0.035,0.07
4.8280e-02,-0.095,-0.24
4.8282e-02,-0.02,0.09
4.8283e-02,-0.06,-0.22
4.8285e-02,-0.105,0.08
4.8286e-02,-0.07,-0.23
4.8288e-02,-0.02,0.085
4.8290e-02,-0.055,-0.23
4.8291e-02,-0.09,0.085
4.8293e-02,-0.135,-0.225
4.8294e-02,-0.07,0.08
4.8296e-02,-0.05,-0.25
4.8298e-02,-0.035,0.1
4.8299e-02,-0.095,-0.245
4.8301e-02,-0.025,0.095
4.8302e-02,-0.085,-0.265
4.8304e-02,-0.005,0.12
4.8306e-02,-0.035,-0.225
4.8307e-02,-0.07,0.085
4.8309e-02,-0.025,-0.255
4.8310e-02,-0.1,0.1
4.8312e-02,-0.075,-0.255
4.8314e-02,-0.045,0.105
4.8315e-02,-0.07,-0.235
4.8317e-02,-0.07,0.09
4.8318e-02,-0.085,-0.235
4.8320e-02,-0.085,0.085
4.8322e-02,0,-0.22
4.8323e-02,-0.01,0.08
4.8325e-02,-0.06,-0.23
4.8326e-02,-0.05,0.085
4.8328e-02,-0.045,-0.245
4.8330e-02,0.02,0.105
4.8331e-02,-0.045,-0.225
4.8333e-02,-0.14,0.085
4.8334e-02,-0.015,-0.21
4.8336e-02,-0.06,0.075
4.8338e-02,-0.075,-0.21
4.8339e-02,-0.085,0.075
4.8341e-02,-0.145,-0.235
4.8342e-02,-0.09,0.09
4.8344e-02,-0.065,-0.23
4.8346e-02,-0.115,0.095
4.8347e-02,-0.065,-0.245
4.8349e-02,-0.08,0.105
4.8350e-02,-0.07,-0.215
4.8352e-02,-0.06,0.08
4.8354e-02,-0.015,-0.225
4.8355e-02,-0.115,0.085
4.8357e-02,-0.03,-0.225
4.8358e-02,-0.215,0.09
4.8360e-02,-0.09,-0.215
4.8362e-02,-0.055,0.08
4.8363e-02,-0.095,-0.23
4.8365e-02,-0.125,0.09
4.8366e-02,-0.12,-0.22
4.8368e-02,-0.105,0.09
4.8370e-02,-0.05,-0.22
4.8371e-02,-0.07,0.09
4.8373e-02,-0.16,-0.235
4.8374e-02,-0.045,0.105
4.8376e-02,-0.065,-0.235
4.8378e-02,0.05,0.1
4.8379e-02,-0.08,-0.225
4.8381e-02,-0.1,0.09
4.8382e-02,-0.095,-0.22
4.8384e-02,0.005,0.085
4.8386e-02,-0.03,-0.255
4.8387e-02,0.02,0.12
4.8389e-02,-0.075,-0.215
4.8390e-02,-0.03,0.08
4.8392e-02,-0.045,-0.215
4.8394e-02,-0.065,0.085
4.8395e-02,-0.01,-0.24
4.8397e-02,-0.055,0.11
4.8398e-02,-0.025,-0.21
4.8400e-02,-0.06,0.08
4.8402e-02,-0.035,-0.24
4.8403e-02,0.015,0.11
4.8405e-02,-0.07,-0.255
4.8406e-02,-0.075,0.115
4.8408e-02,-0.03,-0.21
4.8410e-02,-0.035,0.075
4.8411e-02,-0.075,-0.23
4.8413e-02,-0.16,0.105
4.8414e-02,-0.185,-0.2
4.8416e-02,-0.135,0.075
4.8418e-02,-0.08,-0.195
4.8419e-02,-0.085,0.065
4.8421e-02,-0.085,-0.215
4.8422e-02,-0.11,0.085
4.8424e-02,0.005,-0.235
4.8426e-02,-0.095,0.1
4.8427e-02,-0.07,-0.24
4.8429e-02,-0.12,0.11
4.8430e-02,-0.125,-0.245
4.8432e-02,-0.055,0.115
4.8434e-02,-0.135,-0.225
4.8435e-02,-0.015,0.1
4.8437e-02,-0.07,-0.24
4.8438e-02,-0.01,0.115
4.8440e-02,0.005,-0.275
4.8442e-02,0.005,0.145
4.8443e-02,0,-0.255
4.8445e-02,-0.055,0.12
4.8446e-02,-0.01,-0.23
4.8448e-02,0.005,0.105
4.8450e-02,-0.02,-0.23
4.8451e-02,-0.05,0.1
4.8453e-02,-0.08,-0.22
4.8454e-02,-0.01,0.095
4.8456e-02,-0.02,-0.22
4.8458e-02,0.06,0.095
4.8459e-02,-0.105,-0.25
4.8461e-02,0.01,0.115
4.8462e-02,-0.075,-0.245
4.8464e-02,0,0.125
4.8466e-02,-0.095,-0.23
4.8467e-02,-0.075,0.095
4.8469e-02,-0.18,-0.275
4.8470e-02,-0.005,0.155
4.8472e-02,-0.125,-0.225
4.8474e-02,-0.085,0.1
4.8475e-02,-0.07,-0.22
4.8477e-02,-0.095,0.1
4.8478e-02,-0.075,-0.23
4.8480e-02,-0.045,0.105
4.8482e-02,-0.085,-0.215
4.8483e-02,-0.05,0.09
4.8485e-02,-0.075,-0.24
4.8486e-02,-0.13,0.115
4.8488e-02,-0.035,-0.22
4.8490e-02,-0.04,0.105
4.8491e-02,-0.08,-0.24
4.8493e-02,-0.085,0.115
4.8494e-02,-0.015,-0.21
4.8496e-02,-0.01,0.095
4.8498e-02,0.025,-0.235
4.8499e-02,-0.125,0.115
4.8501e-02,-0.05,-0.22
4.8502e-02,-0.065,0.1
4.8504e-02,0.015,-0.195
4.8506e-02,-0.07,0.075
4.8507e-02,-0.03,-0.2
4.8509e-02,0.01,0.08
4.8510e-02,-0.025,-0.245
4.8512e-02,0.04,0.125
4.8514e-02,-0.06,-0.235
4.8515e-02,-0.03,0.12
4.8517e-02,-0.065,-0.245
4.8518e-02,-0.02,0.125
4.8520e-02,-0.06,-0.215
4.8522e-02,-0.03,0.1
4.8523e-02,-0.025,-0.21
4.8525e-02,-0.095,0.09
4.8526e-02,-0.005,-0.225
4.8528e-02,0.03,0.11
4.8530e-02,-0.035,-0.24
4.8531e-02,-0.045,0.12
4.8533e-02,0.015,-0.265
4.8534e-02,-0.02,0.14
4.8536e-02,0.065,-0.2
4.8538e-02,-0.015,0.085
4.8539e-02,-0.03,-0.215
4.8541e-02,-0.025,0.095
4.8542e-02,0.045,-0.21
4.8544e-02,-0.12,0.1
4.8546e-02,-0.02,-0.23
4.8547e-02,-0.09,0.11
4.8549e-02,0.015,-0.215
4.8550e-02,-0.03,0.095
4.8552e-02,-0.025,-0.245
4.8554e-02,-0.025,0.125
4.8555e-02,0.015,-0.22
4.8557e-02,0.08,0.1
4.8558e-02,0.005,-0.21
4.8560e-02,-0.06,0.09
4.8562e-02,0.01,-0.25
4.8563e-02,-0.045,0.135
4.8565e-02,-0.045,-0.23
4.8566e-02,0.02,0.115
4.8568e-02,-0.1,-0.22
4.8570e-02,-0.085,0.1
4.8571e-02,-0.105,-0.205
4.8573e-02,-0.105,0.08
4.8574e-02,-0.045,-0.215
4.8576e-02,-0.035,0.095
4.8578e-02,-0.135,-0.23
4.8579e-02,-0.115,0.105
4.8581e-02,-0.04,-0.24
4.8582e-02,-0.12,0.12
4.8584e-02,-0.1,-0.265
4.8586e-02,-0.12,0.145
4.8587e-02,-0.185,-0.24
4.8589e-02,-0.03,0.125
4.8590e-02,-0.11,-0.21
4.8592e-02,-0.115,0.095
4.8594e-02,-0.115,-0.22
4.8595e-02,-0.015,0.105
4.8597e-02,-0.085,-0.23
4.8598e-02,-0.055,0.115
4.8600e-02,-0.1,-0.22
4.8602e-02,-0.085,0.105
4.8603e-02,-0.005,-0.25
4.8605e-02,-0.175,0.13
4.8606e-02,-0.055,-0.22
4.8608e-02,-0.13,0.1
4.8610e-02,-0.085,-0.215
4.8611e-02,-0.09,0.1
4.8613e-02,-0.09,-0.205
4.8614e-02,-0.125,0.095
4.8616e-02,-0.035,-0.205
4.8618e-02,-0.145,0.09
4.8619e-02,-0.035,-0.2
4.8621e-02,-0.045,0.09
4.8622e-02,-0.08,-0.205
4.8624e-02,-0.08,0.09
4.8626e-02,-0.03,-0.21
4.8627e-02,-0.04,0.09
4.8629e-02,0.02,-0.22
4.8630e-02,-0.08,0.11
4.8632e-02,-0.135,-0.21
4.8634e-02,-0.06,0.105
4.8635e-02,-0.025,-0.22
4.8637e-02,-0.065,0.105
4.8638e-02,-0.02,-0.225
4.8640e-02,-0.08,0.115
4.8642e-02,0.005,-0.235
4.8643e-02,0.03,0.125
4.8645e-02,-0.095,-0.235
4.8646e-02,-0.085,0.125
4.8648e-02,-0.085,-0.22
4.8650e-02,-0.085,0.115
4.8651e-02,-0.085,-0.22
4.8653e-02,-0.16,0.115
4.8654e-02,-0.075,-0.21
4.8656e-02,0.005,0.105
4.8658e-02,-0.135,-0.215
4.8659e-02,-0.105,0.105
4.8661e-02,-0.11,-0.22
4.8662e-02,-0.07,0.11
4.8664e-02,0.01,-0.22
4.8666e-02,-0.06,0.115
4.8667e-02,-0.085,-0.24
4.8669e-02,-0.09,0.13
4.8670e-02,-0.165,-0.235
4.8672e-02,-0.07,0.125
4.8674e-02,-0.06,-0.22
4.8675e-02,-0.05,0.11
4.8677e-02,-0.045,-0.23
4.8678e-02,-0.09,0.12
4.8680e-02,-0.08,-0.25
4.8682e-02,-0.03,0.15
4.8683e-02,-0.115,-0.22
4.8685e-02,-0.105,0.115
4.8686e-02,-0.04,-0.22
4.8688e-02,0,0.11
4.8690e-02,-0.02,-0.215
4.8691e-02,-0.055,0.105
4.8693e-02,-0.18,-0.21
4.8694e-02,-0.07,0.1
4.8696e-02,-0.115,-0.19
4.8698e-02,-0.055,0.085
4.8699e-02,-0.125,-0.205
4.8701e-02,-0.065,0.1
4.8702e-02,0.035,-0.215
4.8704e-02,0.02,0.1
4.8706e-02,-0.02,-0.21
4.8707e-02,-0.08,0.1
4.8709e-02,-0.09,-0.225
4.8710e-02,-0.025,0.12
4.8712e-02,-0.115,-0.19
4.8714e-02,-0.055,0.085
4.8715e-02,-0.06,-0.205
4.8717e-02,-0.03,0.11
4.8718e-02,0.005,-0.215
4.8720e-02,-0.06,0.12
4.8722e-02,-0.1,-0.21
4.8723e-02,-0.045,0.1
4.8725e-02,-0.115,-0.185
4.8726e-02,-0.05,0.085
4.8728e-02,-0.125,-0.22
4.8730e-02,-0.03,0.125
4.8731e-02,-0.145,-0.205
4.8733e-02,-0.035,0.105
4.8734e-02,-0.045,-0.215
4.8736e-02,0.04,0.115
4.8738e-02,0.015,-0.185
4.8739e-02,-0.05,0.085
4.8741e-02,0,-0.2
4.8742e-02,-0.015,0.105
4.8744e-02,-0.03,-0.185
4.8746e-02,-0.09,0.085
4.8747e-02,-0.135,-0.2
4.8749e-02,-0.06,0.11
4.8750e-02,-0.1,-0.2
4.8752e-02,-0.105,0.105
4.8754e-02,-0.135,-0.2
4.8755e-02,-0.035,0.11
4.8757e-02,-0.005,-0.19
4.8758e-02,-0.01,0.095
4.8760e-02,-0.08,-0.2
4.8762e-02,0.005,0.11
4.8763e-02,0.03,-0.2
4.8765e-02,-0.03,0.11
4.8766e-02,-0.065,-0.2
4.8768e-02,-0.065,0.115
4.8770e-02,-0.115,-0.235
4.8771e-02,-0.04,0.14
4.8773e-02,-0.09,-0.21
4.8774e-02,-0.105,0.12
4.8776e-02,-0.11,-0.255
4.8778e-02,-0.055,0.165
4.8779e-02,-0.18,-0.2
4.8781e-02,0.005,0.115
4.8782e-02,-0.115,-0.205
4.8784e-02,-0.025,0.11
4.8786e-02,-0.025,-0.2
4.8787e-02,-0.025,0.12
4.8789e-02,-0.08,-0.21
4.8790e-02,-0.065,0.115
4.8792e-02,-0.145,-0.225
4.8794e-02,-0.075,0.135
4.8795e-02,-0.025,-0.195
4.8797e-02,0.045,0.1
4.8798e-02,-0.035,-0.23
4.8800e-02,-0.005,0.135
4.8802e-02,-0.08,-0.215
4.8803e-02,-0.02,0.12
4.8805e-02,-0.005,-0.21
4.8806e-02,-0.04,0.12
4.8808e-02,-0.055,-0.185
4.8810e-02,0.05,0.095
4.8811e-02,0.03,-0.23
4.8813e-02,0.025,0.15
4.8814e-02,-0.095,-0.22
4.8816e-02,-0.04,0.13
4.8818e-02,-0.055,-0.225
4.8819e-02,0.01,0.13
4.8821e-02,-0.075,-0.21
4.8822e-02,-0.125,0.12
4.8824e-02,0,-0.21
4.8826e-02,-0.055,0.115
4.8827e-02,-0.025,-0.2
4.8829e-02,-0.11,0.115
4.8830e-02,-0.02,-0.2
4.8832e-02,-0.045,0.11
4.8834e-02,-0.03,-0.2
4.8835e-02,-0.025,0.105
4.8837e-02,0.025,-0.22
4.8838e-02,-0.1,0.13
4.8840e-02,-0.025,-0.195
4.8842e-02,-0.035,0.105
4.8843e-02,0.01,-0.215
4.8845e-02,-0.015,0.13
4.8846e-02,-0.065,-0.215
4.8848e-02,0.005,0.12
4.8850e-02,-0.12,-0.185
4.8851e-02,-0.005,0.095
4.8853e-02,-0.095,-0.195
4.8854e-02,-0.06,0.105
4.8856e-02,-0.065,-0.19
4.8858e-02,-0.02,0.1
4.8859e-02,-0.005,-0.195
4.8861e-02,-0.075,0.11
4.8862e-02,-0.08,-0.195
4.8864e-02,0.015,0.105
4.8866e-02,-0.08,-0.23
4.8867e-02,-0.07,0.145
4.8869e-02,-0.115,-0.22
4.8870e-02,-0.055,0.13
4.8872e-02,0,-0.19
4.8874e-02,0.05,0.105
4.8875e-02,0.005,-0.2
4.8877e-02,-0.035,0.11
4.8878e-02,-0.025,-0.195
4.8880e-02,-0.02,0.105
4.8882e-02,-0.055,-0.195
4.8883e-02,-0.03,0.115
4.8885e-02,-0.13,-0.195
4.8886e-02,-0.045,0.11
4.8888e-02,-0.05,-0.22
4.8890e-02,-0.035,0.14
4.8891e-02,-0.1,-0.2
4.8893e-02,-0.02,0.11
4.8894e-02,-0.05,-0.195
4.8896e-02,0.03,0.105
4.8898e-02,0.04,-0.21
4.8899e-02,0.06,0.125
4.8901e-02,0.025,-0.18
4.8902e-02,-0.075,0.1
4.8904e-02,-0.02,-0.175
4.8906e-02,0,0.09
4.8907e-02,-0.135,-0.185
4.8909e-02,-0.105,0.1
4.8910e-02,-0.12,-0.175
4.8912e-02,0.015,0.095
4.8914e-02,-0.05,-0.195
4.8915e-02,-0.02,0.12
4.8917e-02,-0.045,-0.21
4.8918e-02,-0.02,0.125
4.8920e-02,0.025,-0.225
4.8922e-02,-0.005,0.14
4.8923e-02,-0.08,-0.23
4.8925e-02,-0.055,0.16
4.8926e-02,0.03,-0.22
4.8928e-02,-0.025,0.14
4.8930e-02,-0.035,-0.195
4.8931e-02,-0.105,0.11
4.8933e-02,-0.02,-0.205
4.8934e-02,-0.005,0.13
4.8936e-02,-0.1,-0.2
4.8938e-02,0,0.125
4.8939e-02,-0.09,-0.19
4.8941e-02,-0.015,0.12
4.8942e-02,-0.04,-0.19
4.8944e-02,-0.025,0.115
4.8946e-02,0.04,-0.195
4.8947e-02,-0.125,0.11
4.8949e-02,-0.055,-0.205
4.8950e-02,-0.03,0.125
4.8952e-02,0.05,-0.19
4.8954e-02,0.03,0.115
4.8955e-02,0.025,-0.21
4.8957e-02,0.02,0.125
4.8958e-02,0.025,-0.19
4.8960e-02,0.03,0.11
4.8962e-02,-0.07,-0.2
4.8963e-02,-0.065,0.125
4.8965e-02,-0.175,-0.205
4.8966e-02,-0.055,0.125
4.8968e-02,-0.01,-0.21
4.8970e-02,-0.135,0.135
4.8971e-02,-0.05,-0.205
4.8973e-02,-0.005,0.125
4.8974e-02,0.02,-0.2
4.8976e-02,-0.005,0.13
4.8978e-02,-0.015,-0.19
4.8979e-02,0.025,0.11
4.8981e-02,-0.02,-0.175
4.8982e-02,0.005,0.1
4.8984e-02,-0.01,-0.195
4.8986e-02,0.015,0.115
4.8987e-02,-0.1,-0.185
4.8989e-02,-0.02,0.11
4.8990e-02,-0.085,-0.2
4.8992e-02,-0.055,0.125
4.8994e-02,-0.095,-0.22
4.8995e-02,-0.07,0.14
4.8997e-02,-0.16,-0.21
4.8998e-02,-0.06,0.13
4.9000e-02,-0.105,-0.2
4.9002e-02,-0.115,0.125
4.9003e-02,-0.195,-0.21
4.9005e-02,0.015,0.13
4.9006e-02,-0.035,-0.2
4.9008e-02,0.005,0.13
4.9010e-02,-0.085,-0.19
4.9011e-02,-0.04,0.115
4.9013e-02,-0.1,-0.205
4.9014e-02,-0.04,0.125
4.9016e-02,-0.06,-0.2
4.9018e-02,-0.12,0.125
4.9019e-02,-0.005,-0.19
4.9021e-02,0,0.115
4.9022e-02,0,-0.205
4.9024e-02,-0.12,0.135
4.9026e-02,-0.055,-0.21
4.9027e-02,-0.19,0.14
4.9029e-02,-0.055,-0.205
4.9030e-02,-0.025,0.13
4.9032e-02,-0.04,-0.185
4.9034e-02,-0.07,0.115
4.9035e-02,-0.135,-0.2
4.9037e-02,-0.095,0.13
4.9038e-02,-0.045,-0.18
4.9040e-02,-0.045,0.115
4.9042e-02,-0.02,-0.19
4.9043e-02,-0.065,0.12
4.9045e-02,-0.035,-0.18
4.9046e-02,0.07,0.11
4.9048e-02,-0.105,-0.205
4.9050e-02,-0.035,0.135
4.9051e-02,-0.075,-0.195
4.9053e-02,-0.05,0.13
4.9054e-02,0.02,-0.2
4.9056e-02,0.035,0.13
4.9058e-02,0.005,-0.19
4.9059e-02,0.02,0.125
4.9061e-02,0.09,-0.215
4.9062e-02,-0.02,0.155
4.9064e-02,-0.06,-0.185
4.9066e-02,0.005,0.115
4.9067e-02,-0.095,-0.195
4.9069e-02,-0.04,0.135
4.9070e-02,-0.005,-0.215
4.9072e-02,-0.09,0.15
4.9074e-02,-0.115,-0.165
4.9075e-02,-0.045,0.1
4.9077e-02,-0.065,-0.245
4.9078e-02,0.015,0.185
4.9080e-02,-0.055,-0.225
4.9082e-02,0.035,0.165
4.9083e-02,-0.105,-0.21
4.9085e-02,0.065,0.145
4.9086e-02,0.06,-0.175
4.9088e-02,-0.025,0.11
4.9090e-02,0.005,-0.185
4.9091e-02,-0.025,0.12
4.9093e-02,0.095,-0.19
4.9094e-02,0.02,0.115
4.9096e-02,0.035,-0.205
4.9098e-02,-0.015,0.14
4.9099e-02,-0.075,-0.23
4.9101e-02,0.04,0.165
4.9102e-02,-0.06,-0.17
4.9104e-02,-0.08,0.115
4.9106e-02,-0.055,-0.185
4.9107e-02,-0.115,0.11
4.9109e-02,-0.085,-0.19
4.9110e-02,-0.075,0.13
4.9112e-02,-0.095,-0.18
4.9114e-02,-0.05,0.115
4.9115e-02,-0.03,-0.195
4.9117e-02,0.035,0.125
4.9118e-02,0.01,-0.18
4.9120e-02,-0.005,0.115
4.9122e-02,0.04,-0.19
4.9123e-02,-0.03,0.12
4.9125e-02,-0.015,-0.185
4.9126e-02,0.04,0.115
4.9128e-02,-0.095,-0.205
4.9130e-02,-0.095,0.14
4.9131e-02,-0.045,-0.205
4.9133e-02,-0.05,0.145
4.9134e-02,-0.04,-0.195
4.9136e-02,-0.055,0.135
4.9138e-02,-0.085,-0.195
4.9139e-02,-0.08,0.135
4.9141e-02,0.035,-0.195
4.9142e-02,-0.03,0.13
4.9144e-02,-0.07,-0.19
4.9146e-02,-0.045,0.12
4.9147e-02,-0.01,-0.175
4.9149e-02,-0.02,0.115
4.9150e-02,-0.035,-0.185
4.9152e-02,-0.035,0.12
4.9154e-02,-0.12,-0.175
4.9155e-02,0.005,0.115
4.9157e-02,-0.035,-0.18
4.9158e-02,-0.04,0.115
4.9160e-02,0.025,-0.19
4.9162e-02,-0.005,0.125
4.9163e-02,-0.05,-0.185
4.9165e-02,0.01,0.13
4.9166e-02,-0.01,-0.19
4.9168e-02,-0.035,0.125
4.9170e-02,-0.06,-0.215
4.9171e-02,-0.045,0.155
4.9173e-02,-0.045,-0.19
4.9174e-02,0.06,0.13
4.9176e-02,-0.03,-0.19
4.9178e-02,-0.005,0.125
4.9179e-02,0.045,-0.205
4.9181e-02,0.05,0.145
4.9182e-02,0.065,-0.19
4.9184e-02,0.035,0.14
4.9186e-02,-0.045,-0.195
4.9187e-02,0.075,0.135
4.9189e-02,-0.065,-0.175
4.9190e-02,-0.04,0.12
4.9192e-02,-0.11,-0.19
4.9194e-02,-0.07,0.135
4.9195e-02,-0.12,-0.175
4.9197e-02,0.005,0.125
4.9198e-02,-0.145,-0.175
4.9200e-02,-0.075,0.125
4.9202e-02,-0.095,-0.185
4.9203e-02,-0.055,0.13
4.9205e-02,-0.065,-0.19
4.9206e-02,-0.005,0.13
4.9208e-02,-0.05,-0.2
4.9210e-02,-0.02,0.14
4.9211e-02,-0.01,-0.195
4.9213e-02,-0.05,0.145
4.9214e-02,0.025,-0.175
4.9216e-02,-0.035,0.13
4.9218e-02,-0.015,-0.18
4.9219e-02,0.01,0.13
4.9221e-02,0.02,-0.19
4.9222e-02,0.03,0.14
4.9224e-02,-0.07,-0.225
4.9226e-02,-0.12,0.185
4.9227e-02,-0.075,-0.205
4.9229e-02,-0.025,0.155
4.9230e-02,-0.04,-0.18
4.9232e-02,-0.05,0.13
4.9234e-02,-0.035,-0.2
4.9235e-02,0.01,0.15
4.9237e-02,-0.01,-0.225
4.9238e-02,-0.01,0.185
4.9240e-02,-0.01,-0.185
4.9242e-02,0.035,0.135
4.9243e-02,0.01,-0.18
4.9245e-02,-0.05,0.135
4.9246e-02,-0.01,-0.185
4.9248e-02,-0.05,0.14
4.9250e-02,-0.04,-0.195
4.9251e-02,-0.03,0.15
4.9253e-02,0.085,-0.185
4.9254e-02,0.055,0.135
4.9256e-02,0.05,-0.185
4.9258e-02,-0.01,0.145
4.9259e-02,-0.03,-0.22
4.9261e-02,-0.065,0.175
4.9262e-02,0.03,-0.195
4.9264e-02,-0.165,0.15
4.9266e-02,-0.08,-0.2
4.9267e-02,-0.045,0.14
4.9269e-02,0.01,-0.205
4.9270e-02,-0.01,0.16
4.9272e-02,0.005,-0.19
4.9274e-02,-0.095,0.145
4.9275e-02,0.045,-0.17
4.9277e-02,-0.05,0.13
4.9278e-02,0.02,-0.19
4.9280e-02,-0.045,0.13
4.9282e-02,0.025,-0.195
4.9283e-02,0.045,0.145
4.9285e-02,0,-0.19
4.9286e-02,0.025,0.14
4.9288e-02,-0.12,-0.2
4.9290e-02,-0.045,0.15
4.9291e-02,-0.03,-0.18
4.9293e-02,-0.035,0.145
4.9294e-02,0.1,-0.19
4.9296e-02,-0.055,0.145
4.9298e-02,-0.035,-0.17
4.9299e-02,-0.05,0.125
4.9301e-02,-0.085,-0.185
4.9302e-02,0.035,0.135
4.9304e-02,-0.045,-0.185
4.9306e-02,-0.01,0.135
4.9307e-02,-0.025,-0.185
4.9309e-02,0.05,0.135
4.9310e-02,-0.06,-0.18
4.9312e-02,-0.085,0.125
4.9314e-02,-0.065,-0.195
4.9315e-02,0.005,0.15
4.9317e-02,0.085,-0.175
4.9318e-02,0.05,0.13
4.9320e-02,-0.04,-0.185
4.9322e-02,-0.075,0.135
4.9323e-02,0.03,-0.185
4.9325e-02,-0.07,0.14
4.9326e-02,-0.035,-0.18
4.9328e-02,-0.11,0.135
4.9330e-02,-0.045,-0.19
4.9331e-02,-0.02,0.14
4.9333e-02,-0.01,-0.18
4.9334e-02,0.03,0.135
4.9336e-02,-0.03,-0.165
4.9338e-02,-0.045,0.125
4.9339e-02,-0.04,-0.175
4.9341e-02,-0.015,0.135
4.9342e-02,0.015,-0.175
4.9344e-02,-0.03,0.135
4.9346e-02,-0.005,-0.195
4.9347e-02,-0.04,0.145
4.9349e-02,0.015,-0.185
4.9350e-02,-0.035,0.145
4.9352e-02,-0.08,-0.175
4.9354e-02,-0.01,0.13
4.9355e-02,-0.05,-0.165
4.9357e-02,-0.005,0.13
4.9358e-02,-0.005,-0.19
4.9360e-02,-0.16,0.15
4.9362e-02,-0.08,-0.17
4.9363e-02,-0.07,0.135
4.9365e-02,-0.025,-0.18
4.9366e-02,-0.005,0.145
4.9368e-02,-0.035,-0.155
4.9370e-02,-0.035,0.115
4.9371e-02,0.035,-0.165
4.9373e-02,-0.005,0.125
4.9374e-02,-0.05,-0.155
4.9376e-02,0.03,0.115
4.9378e-02,-0.075,-0.165
4.9379e-02,0.055,0.13
4.9381e-02,-0.015,-0.165
4.9382e-02,0.025,0.13
4.9384e-02,0.01,-0.175
4.9386e-02,-0.025,0.15
4.9387e-02,0.005,-0.175
4.9389e-02,0.07,0.145
4.9390e-02,-0.08,-0.185
4.9392e-02,-0.045,0.145
4.9394e-02,-0.12,-0.18
4.9395e-02,-0.055,0.14
4.9397e-02,0.01,-0.18
4.9398e-02,-0.025,0.14
4.9400e-02,-0.06,-0.185
4.9402e-02,-0.005,0.16
4.9403e-02,0.005,-0.185
4.9405e-02,0.06,0.155
4.9406e-02,0.005,-0.19
4.9408e-02,-0.06,0.155
4.9410e-02,-0.02,-0.165
4.9411e-02,-0.075,0.13
4.9413e-02,-0.005,-0.18
4.9414e-02,0,0.14
4.9416e-02,-0.02,-0.17
4.9418e-02,-0.015,0.14
4.9419e-02,0.05,-0.185
4.9421e-02,-0.115,0.15
4.9422e-02,0.025,-0.19
4.9424e-02,-0.055,0.16
4.9426e-02,-0.09,-0.185
4.9427e-02,-0.015,0.14
4.9429e-02,-0.055,-0.18
4.9430e-02,0.025,0.15
4.9432e-02,-0.035,-0.17
4.9434e-02,-0.095,0.14
4.9435e-02,-0.025,-0.175
4.9437e-02,-0.03,0.14
4.9438e-02,-0.05,-0.18
4.9440e-02,-0.005,0.15
4.9442e-02,-0.05,-0.16
4.9443e-02,0,0.135
4.9445e-02,0.04,-0.2
4.9446e-02,-0.09,0.165
4.9448e-02,-0.065,-0.175
4.9450e-02,-0.02,0.155
4.9451e-02,0.035,-0.175
4.9453e-02,0.035,0.15
4.9454e-02,0.02,-0.175
4.9456e-02,0.05,0.15
4.9458e-02,-0.115,-0.175
4.9459e-02,-0.045,0.14
4.9461e-02,-0.09,-0.205
4.9462e-02,-0.07,0.175
4.9464e-02,0.045,-0.19
4.9466e-02,-0.07,0.17
4.9467e-02,0.05,-0.185
4.9469e-02,0.02,0.155
4.9470e-02,-0.005,-0.175
4.9472e-02,-0.025,0.145
4.9474e-02,-0.105,-0.185
4.9475e-02,-0.085,0.155
4.9477e-02,0.035,-0.18
4.9478e-02,0.035,0.15
4.9480e-02,0.03,-0.22
4.9482e-02,-0.025,0.19
4.9483e-02,0.06,-0.17
4.9485e-02,0,0.125
4.9486e-02,0.05,-0.17
4.9488e-02,0.01,0.14
4.9490e-02,-0.045,-0.16
4.9491e-02,0.035,0.13
4.9493e-02,-0.04,-0.175
4.9494e-02,-0.085,0.145
4.9496e-02,-0.005,-0.18
4.9498e-02,-0.225,0.15
4.9499e-02,-0.08,-0.225
4.9501e-02,-0.11,0.175
4.9502e-02,-0.015,-0.23
4.9504e-02,-0.01,0.205
4.9506e-02,0,-0.165
4.9507e-02,-0.02,0.14
4.9509e-02,0.065,-0.165
4.9510e-02,0.145,0.135
4.9512e-02,0.02,-0.17
4.9514e-02,0.04,0.145
4.9515e-02,0.03,-0.16
4.9517e-02,-0.025,0.125
4.9518e-02,0.11,-0.185
4.9520e-02,-0.075,0.15
4.9522e-02,-0.03,-0.16
4.9523e-02,-0.035,0.13
4.9525e-02,-0.095,-0.165
4.9526e-02,0.025,0.135
4.9528e-02,-0.05,-0.165
4.9530e-02,0.005,0.135
4.9531e-02,-0.01,-0.195
4.9533e-02,0.01,0.16
4.9534e-02,0.02,-0.175
4.9536e-02,0.005,0.145
4.9538e-02,-0.005,-0.185
4.9539e-02,-0.085,0.155
4.9541e-02,-0.095,-0.185
4.9542e-02,0.035,0.16
4.9544e-02,0.065,-0.17
4.9546e-02,0.04,0.15
4.9547e-02,0,-0.155
4.9549e-02,-0.07,0.13
4.9550e-02,-0.025,-0.18
4.9552e-02,0,0.15
4.9554e-02,-0.145,-0.17
4.9555e-02,-0.1,0.145
4.9557e-02,-0.045,-0.175
4.9558e-02,-0.02,0.145
4.9560e-02,-0.035,-0.165
4.9562e-02,0.1,0.145
4.9563e-02,0.005,-0.165
4.9565e-02,0.02,0.15
4.9566e-02,-0.05,-0.215
4.9568e-02,0.055,0.19
4.9570e-02,-0.07,-0.185
4.9571e-02,0.01,0.165
4.9573e-02,-0.045,-0.165
4.9574e-02,-0.095,0.14
4.9576e-02,-0.04,-0.155
4.9578e-02,0.04,0.15
4.9579e-02,-0.05,-0.15
4.9581e-02,0.04,0.135
4.9582e-02,-0.045,-0.16
4.9584e-02,-0.025,0.14
4.9586e-02,0.06,-0.175
4.9587e-02,0.04,0.15
4.9589e-02,-0.055,-0.165
4.9590e-02,-0.045,0.15
4.9592e-02,-0.09,-0.175
4.9594e-02,0.005,0.16
4.9595e-02,-0.055,-0.18
4.9597e-02,0.005,0.15
4.9598e-02,-0.015,-0.18
4.9600e-02,0.04,0.16
4.9602e-02,0.07,-0.17
4.9603e-02,0.035,0.15
4.9605e-02,0.065,-0.175
4.9606e-02,0.01,0.16
4.9608e-02,-0.105,-0.16
4.9610e-02,-0.01,0.15
4.9611e-02,0.04,-0.17
4.9613e-02,-0.005,0.15
4.9614e-02,0.065,-0.175
4.9616e-02,-0.035,0.16
4.9618e-02,0.01,-0.18
4.9619e-02,0.005,0.165
4.9621e-02,-0.015,-0.18
4.9622e-02,-0.1,0.16
4.9624e-02,-0.095,-0.15
4.9626e-02,-0.08,0.135
4.9627e-02,-0.015,-0.155
4.9629e-02,0.01,0.14
4.9630e-02,0.02,-0.175
4.9632e-02,-0.04,0.155
4.9634e-02,-0.005,-0.17
4.9635e-02,-0.065,0.155
4.9637e-02,-0.06,-0.205
4.9638e-02,0,0.195
4.9640e-02,-0.03,-0.165
4.9642e-02,-0.075,0.15
4.9643e-02,0.045,-0.165
4.9645e-02,0.02,0.155
4.9646e-02,0.1,-0.14
4.9648e-02,0.025,0.135
4.9650e-02,-0.03,-0.17
4.9651e-02,0.045,0.16
4.9653e-02,-0.025,-0.135
4.9654e-02,0.02,0.125
4.9656e-02,-0.08,-0.175
4.9658e-02,-0.11,0.16
4.9659e-02,-0.02,-0.14
4.9661e-02,-0.055,0.13
4.9662e-02,0.04,-0.175
4.9664e-02,0.015,0.16
4.9666e-02,0.08,-0.155
4.9667e-02,0.015,0.145
4.9669e-02,0.09,-0.17
4.9670e-02,-0.015,0.155
4.9672e-02,0.085,-0.185
4.9674e-02,-0.08,0.17
4.9675e-02,-0.035,-0.155
4.9677e-02,0.01,0.155
4.9678e-02,-0.015,-0.185
4.9680e-02,0.045,0.18
4.9682e-02,-0.025,-0.16
4.9683e-02,-0.08,0.15
4.9685e-02,-0.01,-0.145
4.9686e-02,-0.01,0.13
4.9688e-02,-0.03,-0.155
4.9690e-02,0.01,0.145
4.9691e-02,-0.12,-0.155
4.9693e-02,-0.045,0.14
4.9694e-02,0.055,-0.14
4.9696e-02,0.02,0.135
4.9698e-02,0.105,-0.16
4.9699e-02,-0.015,0.155
4.9701e-02,-0.045,-0.16
4.9702e-02,0.005,0.155
4.9704e-02,0.04,-0.155
4.9706e-02,0.1,0.15
4.9707e-02,0.01,-0.165
4.9709e-02,-0.03,0.145
4.9710e-02,0.02,-0.19
4.9712e-02,-0.02,0.19
4.9714e-02,-0.03,-0.175
4.9715e-02,-0.09,0.165
4.9717e-02,-0.075,-0.21
4.9718e-02,0.01,0.2
4.9720e-02,-0.025,-0.175
4.9722e-02,0.02,0.17
4.9723e-02,0.075,-0.16
4.9725e-02,0.005,0.155
4.9726e-02,0.08,-0.16
4.9728e-02,-0.015,0.15
4.9730e-02,0.06,-0.19
4.9731e-02,0.035,0.18
4.9733e-02,-0.045,-0.18
4.9734e-02,-0.015,0.175
4.9736e-02,-0.035,-0.175
4.9738e-02,0.005,0.165
4.9739e-02,0.015,-0.14
4.9741e-02,-0.09,0.13
4.9742e-02,-0.07,-0.165
4.9744e-02,-0.01,0.16
4.9746e-02,-0.055,-0.17
4.9747e-02,-0.03,0.16
4.9749e-02,-0.105,-0.17
4.9750e-02,-0.015,0.16
4.9752e-02,-0.015,-0.19
4.9754e-02,0.045,0.18
4.9755e-02,0.025,-0.195
4.9757e-02,-0.055,0.195
4.9758e-02,0.025,-0.16
4.9760e-02,-0.065,0.16
4.9762e-02,0.045,-0.16
4.9763e-02,-0.055,0.16
4.9765e-02,0.015,-0.16
4.9766e-02,0.005,0.155
4.9768e-02,0.04,-0.14
4.9770e-02,-0.02,0.14
4.9771e-02,0.03,-0.155
4.9773e-02,-0.07,0.15
4.9774e-02,-0.095,-0.165
4.9776e-02,-0.035,0.165
4.9778e-02,0.085,-0.175
4.9779e-02,-0.05,0.17
4.9781e-02,-0.005,-0.165
4.9782e-02,-0.105,0.165
4.9784e-02,-0.07,-0.195
4.9786e-02,0.02,0.19
4.9787e-02,-0.035,-0.165
4.9789e-02,0.035,0.17
4.9790e-02,0.04,-0.155
4.9792e-02,0.065,0.155
4.9794e-02,0.025,-0.145
4.9795e-02,0.075,0.14
4.9797e-02,0,-0.165
4.9798e-02,-0.025,0.165
4.9800e-02,-0.08,-0.14
4.9802e-02,0,0.14
4.9803e-02,-0.075,-0.15
4.9805e-02,-0.015,0.15
4.9806e-02,-0.015,-0.155
4.9808e-02,-0.015,0.155
4.9810e-02,0.115,-0.18
4.9811e-02,-0.005,0.19
4.9813e-02,0.03,-0.16
4.9814e-02,-0.045,0.165
4.9816e-02,0.065,-0.155
4.9818e-02,0.01,0.16
4.9819e-02,0.13,-0.18
4.9821e-02,0.005,0.19
4.9822e-02,0.01,-0.155
4.9824e-02,0.03,0.155
4.9826e-02,-0.01,-0.165
4.9827e-02,-0.01,0.175
4.9829e-02,-0.08,-0.165
4.9830e-02,0.01,0.165
4.9832e-02,-0.06,-0.14
4.9834e-02,0.01,0.145
4.9835e-02,0.085,-0.175
4.9837e-02,0.03,0.19
4.9838e-02,-0.05,-0.175
4.9840e-02,-0.005,0.175
4.9842e-02,-0.1,-0.155
4.9843e-02,0.09,0.16
4.9845e-02,-0.005,-0.145
4.9846e-02,-0.04,0.15
4.9848e-02,-0.01,-0.135
4.9850e-02,-0.01,0.155
4.9851e-02,0.14,-0.15
4.9853e-02,-0.005,0.16
4.9854e-02,0.04,-0.165
4.9856e-02,0.04,0.17
4.9858e-02,-0.04,-0.175
4.9859e-02,0.005,0.18
4.9861e-02,-0.02,-0.16
4.9862e-02,0.055,0.16
4.9864e-02,0.01,-0.135
4.9866e-02,0.055,0.145
4.9867e-02,-0.01,-0.155
4.9869e-02,0,0.155
4.9870e-02,-0.035,-0.15
4.9872e-02,-0.04,0.15
4.9874e-02,0.045,-0.16
4.9875e-02,0.06,0.155
4.9877e-02,0.045,-0.145
4.9878e-02,-0.035,0.145
4.9880e-02,0.035,-0.135
4.9882e-02,0,0.135
4.9883e-02,0.015,-0.185
4.9885e-02,0.03,0.195
4.9886e-02,-0.035,-0.135
4.9888e-02,0.03,0.14
4.9890e-02,0.07,-0.15
4.9891e-02,0.125,0.145
4.9893e-02,-0.07,-0.145
4.9894e-02,0.015,0.145
4.9896e-02,-0.02,-0.125
4.9898e-02,-0.02,0.13
4.9899e-02,-0.035,-0.125
4.9901e-02,0,0.125
4.9902e-02,-0.015,-0.14
4.9904e-02,-0.005,0.145
4.9906e-02,0.09,-0.155
4.9907e-02,0.06,0.155
4.9909e-02,0.045,-0.15
4.9910e-02,-0.005,0.155
4.9912e-02,-0.035,-0.145
4.9914e-02,0.005,0.145
4.9915e-02,0.065,-0.135
4.9917e-02,-0.015,0.145
4.9918e-02,-0.01,-0.13
4.9920e-02,0.02,0.135
4.9922e-02,0.045,-0.16
4.9923e-02,0.005,0.17
4.9925e-02,-0.01,-0.15
4.9926e-02,-0.075,0.16
4.9928e-02,-0.015,-0.195
4.9930e-02,0.065,0.21
4.9931e-02,0.075,-0.145
4.9933e-02,0.05,0.15
4.9934e-02,-0.045,-0.15
4.9936e-02,0.06,0.165
4.9938e-02,-0.08,-0.14
4.9939e-02,0.04,0.145
4.9941e-02,0.035,-0.15
4.9942e-02,-0.055,0.16
4.9944e-02,-0.015,-0.14
4.9946e-02,-0.035,0.15
4.9947e-02,0.04,-0.13
4.9949e-02,0.02,0.145
4.9950e-02,-0.03,-0.135
4.9952e-02,-0.03,0.145
4.9954e-02,-0.03,-0.145
4.9955e-02,0.045,0.155
4.9957e-02,0.085,-0.13
4.9958e-02,-0.07,0.14
4.9960e-02,0.02,-0.145
4.9962e-02,0.065,0.155
4.9963e-02,0.055,-0.125
4.9965e-02,0.095,0.135
4.9966e-02,0.045,-0.12
4.9968e-02,-0.02,0.14
4.9970e-02,0.045,-0.165
4.9971e-02,0.05,0.18
4.9973e-02,0.04,-0.125
4.9974e-02,0.035,0.145
4.9976e-02,0.02,-0.15
4.9978e-02,-0.045,0.16
4.9979e-02,0.015,-0.155
4.9981e-02,0.05,0.165
4.9982e-02,0.13,-0.14
4.9984e-02,-0.045,0.165
4.9986e-02,0.08,-0.135
4.9987e-02,0.005,0.16
4.9989e-02,0.03,-0.125
4.9990e-02,0.03,0.145
4.9992e-02,-0.03,-0.14
4.9994e-02,-0.105,0.155
4.9995e-02,0.005,-0.13
4.9997e-02,0.015,0.16
4.9998e-02,-0.01,-0.135
5.0000e-02,0.05,0.155
5.0002e-02,-0.025,-0.14
5.0003e-02,0.02,0.16
5.0005e-02,0.055,-0.14
5.0006e-02,0.01,0.16
5.0008e-02,-0.015,-0.16
5.0010e-02,-0.075,0.17
5.0011e-02,-0.01,-0.13
5.0013e-02,-0.035,0.145
5.0014e-02,0.035,-0.15
5.0016e-02,-0.05,0.17
5.0018e-02,-0.01,-0.165
5.0019e-02,0.02,0.19
5.0021e-02,0.025,-0.15
5.0022e-02,0.06,0.165
5.0024e-02,0.045,-0.165
5.0026e-02,0,0.175
5.0027e-02,0.03,-0.135
5.0029e-02,0.08,0.15
5.0030e-02,0.055,-0.155
5.0032e-02,0.06,0.175
5.0034e-02,0.01,-0.155
5.0035e-02,-0.01,0.18
5.0037e-02,0.095,-0.135
5.0038e-02,0.075,0.155
5.0040e-02,-0.005,-0.17
5.0042e-02,0.025,0.19
5.0043e-02,-0.035,-0.155
5.0045e-02,0.04,0.175
5.0046e-02,0.06,-0.16
5.0048e-02,0.045,0.18
5.0050e-02,0.045,-0.145
5.0051e-02,0.045,0.165
5.0053e-02,0.005,-0.14
5.0054e-02,0.065,0.16
5.0056e-02,0.015,-0.14
5.0058e-02,-0.005,0.16
5.0059e-02,0,-0.155
5.0061e-02,-0.075,0.175
5.0062e-02,0.055,-0.18
5.0064e-02,0.015,0.195
5.0066e-02,0.04,-0.16
5.0067e-02,-0.02,0.17
5.0069e-02,0.03,-0.155
5.0070e-02,0.01,0.17
5.0072e-02,0.125,-0.175
5.0074e-02,0.035,0.195
5.0075e-02,0.05,-0.135
5.0077e-02,0.05,0.155
5.0078e-02,0.01,-0.14
5.0080e-02,0.055,0.15
5.0082e-02,-0.06,-0.135
5.0083e-02,-0.065,0.16
5.0085e-02,-0.025,-0.14
5.0086e-02,-0.1,0.165
5.0088e-02,-0.04,-0.13
5.0090e-02,-0.03,0.16
5.0091e-02,-0.03,-0.125
5.0093e-02,0.015,0.145
5.0094e-02,-0.04,-0.155
5.0096e-02,0.035,0.18
5.0098e-02,0.035,-0.13
5.0099e-02,0.035,0.16
5.0101e-02,-0.02,-0.15
5.0102e-02,-0.025,0.18
5.0104e-02,0.005,-0.12
5.0106e-02,0.03,0.15
5.0107e-02,0.06,-0.12
5.0109e-02,-0.03,0.145
5.0110e-02,-0.03,-0.16
5.0112e-02,-0.025,0.195
5.0114e-02,0.035,-0.14
5.0115e-02,-0.045,0.165
5.0117e-02,-0.015,-0.14
5.0118e-02,-0.11,0.17
5.0120e-02,-0.015,-0.13
5.0122e-02,-0.02,0.16
5.0123e-02,0.05,-0.125
5.0125e-02,0.05,0.15
5.0126e-02,0.05,-0.125
5.0128e-02,0.04,0.15
5.0130e-02,0.07,-0.14
5.0131e-02,0.1,0.17
5.0133e-02,0.035,-0.18
5.0134e-02,0.005,0.215
5.0136e-02,0,-0.155
5.0138e-02,0.025,0.19
5.0139e-02,0.03,-0.145
5.0141e-02,0.05,0.175
5.0142e-02,-0.05,-0.16
5.0144e-02,-0.005,0.2
5.0146e-02,0.01,-0.135
5.0147e-02,0.045,0.165
5.0149e-02,-0.01,-0.12
5.0150e-02,-0.015,0.15
5.0152e-02,-0.03,-0.13
5.0154e-02,0.01,0.165
5.0155e-02,0.02,-0.14
5.0157e-02,0.095,0.17
5.0158e-02,0.065,-0.135
5.0160e-02,0.015,0.165
5.0162e-02,0.06,-0.16
5.0163e-02,-0.045,0.195
5.0165e-02,0.065,-0.135
5.0166e-02,-0.04,0.17
5.0168e-02,-0.045,-0.135
5.0170e-02,0,0.165
5.0171e-02,0.01,-0.125
5.0173e-02,0.14,0.16
5.0174e-02,0.005,-0.135
5.0176e-02,0.055,0.165
5.0178e-02,0.015,-0.135
5.0179e-02,0.045,0.165
5.0181e-02,0.08,-0.125
5.0182e-02,0.035,0.165
5.0184e-02,0.055,-0.135
5.0186e-02,0.07,0.17
5.0187e-02,-0.01,-0.14
5.0189e-02,0.06,0.175
5.0190e-02,0.01,-0.155
5.0192e-02,-0.015,0.19
5.0194e-02,0.04,-0.13
5.0195e-02,-0.05,0.165
5.0197e-02,0.07,-0.135
5.0198e-02,0.02,0.17
5.0200e-02,-0.065,-0.13
5.0202e-02,-0.01,0.16
5.0203e-02,-0.1,-0.13
5.0205e-02,0.06,0.165
5.0206e-02,0.025,-0.145
5.0208e-02,0,0.175
5.0210e-02,-0.025,-0.135
5.0211e-02,-0.065,0.17
5.0213e-02,-0.01,-0.155
5.0214e-02,0.055,0.19
5.0216e-02,0.01,-0.14
5.0218e-02,0.07,0.17
5.0219e-02,-0.075,-0.13
5.0221e-02,0.025,0.16
5.0222e-02,0.065,-0.135
5.0224e-02,0.025,0.17
5.0226e-02,0.08,-0.145
5.0227e-02,-0.01,0.18
5.0229e-02,0.005,-0.13
5.0230e-02,0.105,0.155
5.0232e-02,0.045,-0.16
5.0234e-02,0.005,0.19
5.0235e-02,-0.04,-0.13
5.0237e-02,-0.01,0.165
5.0238e-02,0.08,-0.13
5.0240e-02,0.095,0.165
5.0242e-02,0,-0.14
5.0243e-02,0.015,0.17
5.0245e-02,-0.06,-0.14
5.0246e-02,0.03,0.165
5.0248e-02,0.005,-0.155
5.0250e-02,0.005,0.19
5.0251e-02,0.01,-0.115
5.0253e-02,-0.015,0.15
5.0254e-02,0,-0.165
5.0256e-02,0.115,0.2
5.0258e-02,0.02,-0.13
5.0259e-02,0.075,0.165
5.0261e-02,-0.02,-0.125
5.0262e-02,-0.05,0.16
5.0264e-02,0.055,-0.155
5.0266e-02,0.03,0.195
5.0267e-02,0.015,-0.105
5.0269e-02,-0.04,0.14
5.0270e-02,-0.075,-0.13
5.0272e-02,0.04,0.165
5.0274e-02,0.03,-0.13
5.0275e-02,-0.005,0.17
5.0277e-02,-0.01,-0.135
5.0278e-02,-0.01,0.18
5.0280e-02,0.09,-0.125
5.0282e-02,0.025,0.17
5.0283e-02,0.085,-0.145
5.0285e-02,0.015,0.185
5.0286e-02,0.04,-0.135
5.0288e-02,0.09,0.175
5.0290e-02,0.07,-0.12
5.0291e-02,0.095,0.15
5.0293e-02,-0.04,-0.12
5.0294e-02,-0.03,0.165
5.0296e-02,0.03,-0.125
5.0298e-02,0.06,0.165
5.0299e-02,0.01,-0.13
5.0301e-02,0.035,0.165
5.0302e-02,-0.06,-0.12
5.0304e-02,0.07,0.16
5.0306e-02,0,-0.12
5.0307e-02,0,0.155
5.0309e-02,0.08,-0.105
5.0310e-02,-0.045,0.15
5.0312e-02,0.06,-0.115
5.0314e-02,-0.025,0.16
5.0315e-02,-0.01,-0.125
5.0317e-02,0.005,0.16
5.0318e-02,-0.08,-0.11
5.0320e-02,0.02,0.16
5.0322e-02,0.005,-0.12
5.0323e-02,0.11,0.16
5.0325e-02,0.04,-0.12
5.0326e-02,0.035,0.155
5.0328e-02,0.04,-0.125
5.0330e-02,0.06,0.165
5.0331e-02,0.02,-0.14
5.0333e-02,-0.005,0.18
5.0334e-02,-0.045,-0.125
5.0336e-02,-0.015,0.165
5.0338e-02,0.03,-0.115
5.0339e-02,-0.01,0.15
5.0341e-02,0.065,-0.135
5.0342e-02,0.005,0.18
5.0344e-02,0.08,-0.12
5.0346e-02,0.08,0.16
5.0347e-02,0.095,-0.105
5.0349e-02,0.085,0.15
5.0350e-02,0.015,-0.13
5.0352e-02,0.065,0.17
5.0354e-02,-0.025,-0.15
5.0355e-02,0.11,0.19
5.0357e-02,0.01,-0.14
5.0358e-02,-0.03,0.195
5.0360e-02,-0.035,-0.13
5.0362e-02,-0.045,0.175
5.0363e-02,0.025,-0.12
5.0365e-02,0.04,0.155
5.0366e-02,0,-0.14
5.0368e-02,0.025,0.185
5.0370e-02,0.03,-0.125
5.0371e-02,0.035,0.17
5.0373e-02,-0.035,-0.12
5.0374e-02,0.055,0.165
5.0376e-02,-0.085,-0.14
5.0378e-02,-0.025,0.19
5.0379e-02,-0.07,-0.13
5.0381e-02,-0.01,0.175
5.0382e-02,0.02,-0.12
5.0384e-02,0.025,0.17
5.0386e-02,0.005,-0.14
5.0387e-02,0.05,0.175
5.0389e-02,0.085,-0.145
5.0390e-02,0.07,0.185
5.0392e-02,0.025,-0.12
5.0394e-02,-0.035,0.17
5.0395e-02,0.03,-0.115
5.0397e-02,-0.02,0.17
5.0398e-02,0.05,-0.13
5.0400e-02,-0.055,0.165
5.0402e-02,0.005,-0.13
5.0403e-02,0.03,0.185
5.0405e-02,0.1,-0.115
5.0406e-02,0.06,0.165
5.0408e-02,0.035,-0.115
5.0410e-02,-0.01,0.17
5.0411e-02,0.01,-0.13
5.0413e-02,0.055,0.18
5.0414e-02,0.06,-0.125
5.0416e-02,0.1,0.17
5.0418e-02,0.07,-0.135
5.0419e-02,0.035,0.185
5.0421e-02,0.025,-0.135
5.0422e-02,0.075,0.19
5.0424e-02,-0.01,-0.125
5.0426e-02,-0.015,0.17
5.0427e-02,-0.085,-0.11
5.0429e-02,-0.015,0.165
5.0430e-02,0.03,-0.115
5.0432e-02,-0.015,0.165
5.0434e-02,-0.04,-0.13
5.0435e-02,0.04,0.175
5.0437e-02,0,-0.13
5.0438e-02,0.105,0.185
5.0440e-02,-0.035,-0.125
5.0442e-02,0.075,0.18
5.0443e-02,-0.045,-0.13
5.0445e-02,0,0.18
5.0446e-02,0.03,-0.12
5.0448e-02,0.025,0.175
5.0450e-02,0.04,-0.125
5.0451e-02,-0.02,0.185
5.0453e-02,-0.04,-0.115
5.0454e-02,0.105,0.175
5.0456e-02,-0.035,-0.135
5.0458e-02,0.04,0.185
5.0459e-02,-0.04,-0.135
5.0461e-02,-0.01,0.19
5.0462e-02,0.065,-0.14
5.0464e-02,0.01,0.205
5.0466e-02,0.035,-0.125
5.0467e-02,0.035,0.18
5.0469e-02,0.04,-0.13
5.0470e-02,0.075,0.19
5.0472e-02,0.045,-0.115
5.0474e-02,0.025,0.17
5.0475e-02,0.04,-0.11
5.0477e-02,-0.015,0.165
5.0478e-02,0.04,-0.125
5.0480e-02,-0.025,0.18
5.0482e-02,0.035,-0.12
5.0483e-02,-0.015,0.175
5.0485e-02,-0.045,-0.15
5.0486e-02,-0.015,0.215
5.0488e-02,0.055,-0.155
5.0490e-02,0.03,0.21
5.0491e-02,0.035,-0.12
5.0493e-02,0.005,0.18
5.0494e-02,0.04,-0.14
5.0496e-02,0.155,0.195
5.0498e-02,0.01,-0.145
5.0499e-02,0.05,0.2
5.0501e-02,0.04,-0.12
5.0502e-02,0.06,0.175
5.0504e-02,0.145,-0.125
5.0506e-02,0.025,0.18
5.0507e-02,0.01,-0.13
5.0509e-02,0.03,0.18
5.0510e-02,0.025,-0.115
5.0512e-02,0.03,0.17
5.0514e-02,0,-0.12
5.0515e-02,0.05,0.185
5.0517e-02,0.035,-0.105
5.0518e-02,0.05,0.165
5.0520e-02,0.045,-0.105
5.0522e-02,0.065,0.165
5.0523e-02,0.075,-0.095
5.0525e-02,0,0.155
5.0526e-02,0,-0.13
5.0528e-02,0.045,0.19
5.0530e-02,0.095,-0.14
5.0531e-02,0.085,0.2
5.0533e-02,0.005,-0.125
5.0534e-02,0.025,0.185
5.0536e-02,0.005,-0.115
5.0538e-02,-0.015,0.18
5.0539e-02,-0.02,-0.13
5.0541e-02,-0.04,0.195
5.0542e-02,0.075,-0.11
5.0544e-02,0.1,0.165
5.0546e-02,0.075,-0.11
5.0547e-02,0.07,0.17
5.0549e-02,0.015,-0.105
5.0550e-02,0.04,0.17
5.0552e-02,-0.005,-0.125
5.0554e-02,0,0.18
5.0555e-02,0.03,-0.11
5.0557e-02,0.015,0.17
5.0558e-02,-0.005,-0.13
5.0560e-02,0.055,0.195
5.0562e-02,-0.04,-0.145
5.0563e-02,0.085,0.205
5.0565e-02,0.015,-0.12
5.0566e-02,0.12,0.185
5.0568e-02,0.13,-0.13
5.0570e-02,0.055,0.19
5.0571e-02,0.04,-0.1
5.0573e-02,-0.03,0.165
5.0574e-02,-0.01,-0.125
5.0576e-02,0.04,0.185
5.0578e-02,0.025,-0.11
5.0579e-02,0.005,0.18
5.0581e-02,0.015,-0.15
5.0582e-02,0,0.225
5.0584e-02,0.095,-0.115
5.0586e-02,0.065,0.185
5.0587e-02,0.08,-0.11
5.0589e-02,0.05,0.175
5.0590e-02,0.04,-0.12
5.0592e-02,0.075,0.185
5.0594e-02,0.085,-0.13
5.0595e-02,0.03,0.19
5.0597e-02,0.035,-0.105
5.0598e-02,0.005,0.17
5.0600e-02,0.045,-0.125
5.0602e-02,0.14,0.19
5.0603e-02,0.035,-0.105
5.0605e-02,0.01,0.175
5.0606e-02,0.065,-0.13
5.0608e-02,0.065,0.195
5.0610e-02,0.055,-0.13
5.0611e-02,0.01,0.195
5.0613e-02,-0.045,-0.125
5.0614e-02,0.075,0.19
5.0616e-02,-0.02,-0.15
5.0618e-02,0.045,0.215
5.0619e-02,0.015,-0.12
5.0621e-02,0.03,0.19
5.0622e-02,0.015,-0.105
5.0624e-02,0.035,0.17
5.0626e-02,0.06,-0.155
5.0627e-02,0.045,0.23
5.0629e-02,0.015,-0.155
5.0630e-02,0.03,0.215
5.0632e-02,0.025,-0.12
5.0634e-02,0.015,0.18
5.0635e-02,0.04,-0.165
5.0637e-02,-0.035,0.225
5.0638e-02,-0.025,-0.125
5.0640e-02,0,0.18
5.0642e-02,-0.01,-0.13
5.0643e-02,0.02,0.195
5.0645e-02,-0.075,-0.13
5.0646e-02,-0.015,0.19
5.0648e-02,0.005,-0.135
5.0650e-02,0.055,0.205
5.0651e-02,-0.05,-0.135
5.0653e-02,0.05,0.205
5.0654e-02,0.03,-0.13
5.0656e-02,0.095,0.185
5.0658e-02,0.08,-0.11
5.0659e-02,0.07,0.18
5.0661e-02,0.085,-0.11
5.0662e-02,0.045,0.175
5.0664e-02,0.015,-0.12
5.0666e-02,0.095,0.19
5.0667e-02,-0.045,-0.125
5.0669e-02,0.045,0.195
5.0670e-02,-0.07,-0.105
5.0672e-02,0.075,0.175
5.0674e-02,0.06,-0.105
5.0675e-02,0.035,0.175
5.0677e-02,-0.025,-0.105
5.0678e-02,-0.035,0.175
5.0680e-02,-0.015,-0.11
5.0682e-02,0.11,0.175
5.0683e-02,0.085,-0.135
5.0685e-02,0.11,0.21
5.0686e-02,0.025,-0.11
5.0688e-02,0.06,0.175
5.0690e-02,0.01,-0.11
5.0691e-02,0.04,0.185
5.0693e-02,-0.005,-0.125
5.0694e-02,0.025,0.2
5.0696e-02,0.045,-0.13
5.0698e-02,0.02,0.2
5.0699e-02,0.01,-0.1
5.0701e-02,0.025,0.175
5.0702e-02,-0.01,-0.105
5.0704e-02,0.045,0.18
5.0706e-02,0.075,-0.11
5.0707e-02,0.105,0.185
5.0709e-02,0.075,-0.105
5.0710e-02,0.05,0.18
5.0712e-02,0.065,-0.105
5.0714e-02,0.04,0.19
5.0715e-02,0.03,-0.12
5.0717e-02,-0.04,0.205
5.0718e-02,-0.055,-0.115
5.0720e-02,-0.04,0.19
5.0722e-02,0.01,-0.105
5.0723e-02,0.02,0.185
5.0725e-02,0.025,-0.135
5.0726e-02,0.035,0.215
5.0728e-02,-0.015,-0.115
5.0730e-02,0.06,0.19
5.0731e-02,0.04,-0.1
5.0733e-02,-0.03,0.175
5.0734e-02,0.065,-0.09
5.0736e-02,-0.01,0.165
5.0738e-02,0.125,-0.13
5.0739e-02,0.065,0.205
5.0741e-02,0.09,-0.115
5.0742e-02,0.12,0.195
5.0744e-02,-0.015,-0.115
5.0746e-02,0.075,0.19
5.0747e-02,-0.015,-0.105
5.0749e-02,0.045,0.185
5.0750e-02,0,-0.135
5.0752e-02,-0.015,0.2
5.0754e-02,0.04,-0.13
5.0755e-02,0.07,0.205
5.0757e-02,0.065,-0.135
5.0758e-02,0.065,0.215
5.0760e-02,-0.015,-0.105
5.0762e-02,0.065,0.185
5.0763e-02,0.045,-0.11
5.0765e-02,0.08,0.175
5.0766e-02,0.045,-0.11
5.0768e-02,0.03,0.195
5.0770e-02,0.035,-0.1
5.0771e-02,0.055,0.175
5.0773e-02,0.005,-0.105
5.0774e-02,0.035,0.17
5.0776e-02,-0.02,-0.12
5.0778e-02,0.08,0.2
5.0779e-02,0.12,-0.105
5.0781e-02,0.04,0.185
5.0782e-02,0.055,-0.095
5.0784e-02,-0.025,0.175
5.0786e-02,0.035,-0.11
5.0787e-02,0.1,0.175
5.0789e-02,0.06,-0.14
5.0790e-02,0.06,0.215
5.0792e-02,0.065,-0.125
5.0794e-02,0.05,0.195
5.0795e-02,-0.01,-0.095
5.0797e-02,0.09,0.17
5.0798e-02,-0.02,-0.125
5.0800e-02,0.055,0.21
5.0802e-02,0.025,-0.105
5.0803e-02,0.04,0.18
5.0805e-02,0.065,-0.09
5.0806e-02,0.01,0.165
5.0808e-02,-0.065,-0.105
5.0810e-02,0.025,0.19
5.0811e-02,0.06,-0.11
5.0813e-02,0.155,0.19
5.0814e-02,0.05,-0.11
5.0816e-02,0,0.185
5.0818e-02,0.035,-0.085
5.0819e-02,0.09,0.165
5.0821e-02,0.065,-0.135
5.0822e-02,0.095,0.205
5.0824e-02,-0.005,-0.1
5.0826e-02,0.07,0.18
5.0827e-02,0.03,-0.095
5.0829e-02,0.055,0.175
5.0830e-02,0.065,-0.105
5.0832e-02,0.03,0.18
5.0834e-02,-0.045,-0.12
5.0835e-02,0.02,0.2
5.0837e-02,-0.015,-0.105
5.0838e-02,0.08,0.185
5.0840e-02,0.005,-0.095
5.0842e-02,-0.035,0.18
5.0843e-02,-0.005,-0.095
5.0845e-02,0.05,0.185
5.0846e-02,0.07,-0.125
5.0848e-02,0.025,0.21
5.0850e-02,-0.035,-0.125
5.0851e-02,0.03,0.205
5.0853e-02,0.07,-0.125
5.0854e-02,0.035,0.205
5.0856e-02,0.065,-0.135
5.0858e-02,-0.045,0.22
5.0859e-02,-0.05,-0.1
5.0861e-02,0.01,0.185
5.0862e-02,0.015,-0.115
5.0864e-02,0.045,0.2
5.0866e-02,-0.015,-0.105
5.0867e-02,-0.065,0.19
5.0869e-02,0.04,-0.085
5.0870e-02,0.075,0.175
5.0872e-02,0.065,-0.085
5.0874e-02,0.03,0.18
5.0875e-02,-0.01,-0.09
5.0877e-02,0.06,0.19
5.0878e-02,0.065,-0.095
5.0880e-02,0.15,0.185
5.0882e-02,0.07,-0.105
5.0883e-02,0.06,0.19
5.0885e-02,0.035,-0.12
5.0886e-02,0.04,0.205
5.0888e-02,0.08,-0.115
5.0890e-02,0.01,0.205
5.0891e-02,-0.03,-0.105
5.0893e-02,0.01,0.19
5.0894e-02,-0.02,-0.1
5.0896e-02,0.045,0.185
5.0898e-02,0.13,-0.09
5.0899e-02,0.02,0.18
5.0901e-02,0.05,-0.105
5.0902e-02,-0.02,0.195
5.0904e-02,0.11,-0.12
5.0906e-02,0.06,0.215
5.0907e-02,0.06,-0.105
5.0909e-02,0.04,0.2
5.0910e-02,0.1,-0.115
5.0912e-02,0.14,0.205
5.0914e-02,0.075,-0.115
5.0915e-02,0.01,0.21
5.0917e-02,0,-0.11
5.0918e-02,0.035,0.205
5.0920e-02,0.065,-0.11
5.0922e-02,0.01,0.2
5.0923e-02,0.13,-0.13
5.0925e-02,0.035,0.21
5.0926e-02,0.035,-0.095
5.0928e-02,0.01,0.175
5.0930e-02,-0.005,-0.105
5.0931e-02,0.06,0.19
5.0933e-02,0.02,-0.115
5.0934e-02,0.08,0.2
5.0936e-02,0.13,-0.105
5.0938e-02,0.075,0.195
5.0939e-02,0.04,-0.115
5.0941e-02,-0.015,0.2
5.0942e-02,0.045,-0.11
5.0944e-02,0.01,0.195
5.0946e-02,0.125,-0.13
5.0947e-02,0.015,0.215
5.0949e-02,0.055,-0.105
5.0950e-02,0.065,0.195
5.0952e-02,0.07,-0.13
5.0954e-02,0.115,0.205
5.0955e-02,0.03,-0.11
5.0957e-02,0.04,0.2
5.0958e-02,0.04,-0.115
5.0960e-02,0.055,0.205
5.0962e-02,0.075,-0.11
5.0963e-02,0.03,0.195
5.0965e-02,0.03,-0.135
5.0966e-02,0.025,0.225
5.0968e-02,0.03,-0.125
5.0970e-02,0.02,0.23
5.0971e-02,0.01,-0.1
5.0973e-02,-0.03,0.195
5.0974e-02,-0.005,-0.095
5.0976e-02,0.1,0.185
5.0978e-02,0.01,-0.1
5.0979e-02,0.035,0.19
5.0981e-02,-0.025,-0.105
5.0982e-02,0.02,0.2
5.0984e-02,0.035,-0.105
5.0986e-02,-0.04,0.2
5.0987e-02,0.06,-0.105
5.0989e-02,0.01,0.2
5.0990e-02,0.06,-0.105
5.0992e-02,0.115,0.2
5.0994e-02,0.055,-0.105
5.0995e-02,0.005,0.2
5.0997e-02,0.045,-0.115
5.0998e-02,-0.05,0.2
5.1000e-02,0.055,-0.1
5.1002e-02,0.06,0.195
5.1003e-02,0.045,-0.095
5.1005e-02,0.065,0.195
5.1006e-02,-0.04,-0.105
5.1008e-02,0.025,0.2
5.1010e-02,0.085,-0.1
5.1011e-02,0.04,0.2
5.1013e-02,0.06,-0.105
5.1014e-02,0.045,0.2
5.1016e-02,0.08,-0.09
5.1018e-02,0.11,0.195
5.1019e-02,0.025,-0.1
5.1021e-02,0.055,0.19
5.1022e-02,0.125,-0.1
5.1024e-02,0.135,0.19
5.1026e-02,0.105,-0.11
5.1027e-02,0.085,0.21
5.1029e-02,-0.01,-0.105
5.1030e-02,0.065,0.2
5.1032e-02,-0.035,-0.11
5.1034e-02,0.02,0.215
5.1035e-02,0.03,-0.11
5.1037e-02,-0.025,0.205
5.1038e-02,0.085,-0.105
5.1040e-02,0.045,0.2
5.1042e-02,0.125,-0.085
5.1043e-02,0.07,0.205
5.1045e-02,0.125,-0.11
5.1046e-02,-0.005,0.21
5.1048e-02,0.12,-0.09
5.1050e-02,-0.03,0.195
5.1051e-02,0.06,-0.115
5.1053e-02,-0.05,0.22
5.1054e-02,0.01,-0.09
5.1056e-02,0.025,0.19
5.1058e-02,0.09,-0.11
5.1059e-02,0.055,0.21
5.1061e-02,0.06,-0.09
5.1062e-02,0.06,0.19
5.1064e-02,0.125,-0.105
5.1066e-02,0.09,0.2
5.1067e-02,0.015,-0.09
5.1069e-02,0.005,0.195
5.1070e-02,0.02,-0.11
5.1072e-02,0.11,0.21
5.1074e-02,0.035,-0.075
5.1075e-02,0.07,0.18
5.1077e-02,0.05,-0.09
5.1078e-02,0.03,0.2
5.1080e-02,0.025,-0.07
5.1082e-02,0.05,0.17
5.1083e-02,0.04,-0.105
5.1085e-02,0.1,0.2
5.1086e-02,0.025,-0.11
5.1088e-02,0.145,0.205
5.1090e-02,0.04,-0.105
5.1091e-02,0,0.205
5.1093e-02,-0.055,-0.085
5.1094e-02,-0.055,0.185
5.1096e-02,0.065,-0.09
5.1098e-02,0.05,0.195
5.1099e-02,0.055,-0.1
5.1101e-02,0.115,0.2
5.1102e-02,0.02,-0.085
5.1104e-02,0.095,0.19
5.1106e-02,0.065,-0.11
5.1107e-02,0.025,0.21
5.1109e-02,0.15,-0.085
5.1110e-02,0.02,0.185
5.1112e-02,0.12,-0.1
5.1114e-02,0.015,0.2
5.1115e-02,0.02,-0.09
5.1117e-02,0.03,0.195
5.1118e-02,0.03,-0.095
5.1120e-02,0.02,0.2
5.1122e-02,0.07,-0.12
5.1123e-02,-0.025,0.225
5.1125e-02,0.1,-0.115
5.1126e-02,-0.005,0.21
5.1128e-02,0.185,-0.085
5.1130e-02,0.09,0.19
5.1131e-02,0.04,-0.115
5.1133e-02,0.01,0.22
5.1134e-02,0.07,-0.105
5.1136e-02,0.085,0.215
5.1138e-02,0.065,-0.095
5.1139e-02,0.05,0.195
5.1141e-02,0.02,-0.1
5.1142e-02,0.05,0.19
5.1144e-02,0.135,-0.115
5.1146e-02,0.04,0.21
5.1147e-02,0.08,-0.095
5.1149e-02,0.015,0.195
5.1150e-02,0.04,-0.085
5.1152e-02,0.035,0.185
5.1154e-02,-0.015,-0.085
5.1155e-02,0.115,0.195
5.1157e-02,-0.015,-0.07
5.1158e-02,0.11,0.18
5.1160e-02,0.035,-0.07
5.1162e-02,0.05,0.18
5.1163e-02,0.02,-0.1
5.1165e-02,0.07,0.22
5.1166e-02,0.115,-0.09
5.1168e-02,0.1,0.195
5.1170e-02,0.115,-0.11
5.1171e-02,0.005,0.225
5.1173e-02,0.02,-0.095
5.1174e-02,0.1,0.2
5.1176e-02,0.095,-0.09
5.1178e-02,0.115,0.195
5.1179e-02,-0.045,-0.105
5.1181e-02,0.005,0.21
5.1182e-02,0.035,-0.075
5.1184e-02,0.055,0.19
5.1186e-02,0.05,-0.085
5.1187e-02,0.035,0.21
5.1189e-02,0.06,-0.08
5.1190e-02,0.15,0.2
5.1192e-02,0.045,-0.09
5.1194e-02,0.1,0.195
5.1195e-02,-0.055,-0.08
5.1197e-02,0.075,0.19
5.1198e-02,0.03,-0.085
5.1200e-02,0.16,0.2
5.1202e-02,0.05,-0.085
5.1203e-02,0.09,0.2
5.1205e-02,0.025,-0.105
5.1206e-02,0.035,0.21
5.1208e-02,0.06,-0.09
5.1210e-02,0.065,0.205
5.1211e-02,0,-0.07
5.1213e-02,-0.025,0.185
5.1214e-02,0.015,-0.07
5.1216e-02,0.09,0.185
5.1218e-02,0.11,-0.095
5.1219e-02,0.055,0.205
5.1221e-02,0.02,-0.105
5.1222e-02,0.12,0.21
5.1224e-02,0.125,-0.085
5.1226e-02,0.095,0.19
5.1227e-02,0.06,-0.1
5.1229e-02,0.065,0.205
5.1230e-02,0.105,-0.095
5.1232e-02,0.11,0.205
5.1234e-02,0.02,-0.11
5.1235e-02,0.02,0.215
5.1237e-02,0.005,-0.085
5.1238e-02,0.125,0.19
5.1240e-02,0.085,-0.075
5.1242e-02,0.075,0.185
5.1243e-02,0.04,-0.11
5.1245e-02,0.01,0.22
5.1246e-02,0,-0.115
5.1248e-02,0.065,0.235
5.1250e-02,0.06,-0.08
5.1251e-02,0.125,0.19
5.1253e-02,0.065,-0.07
5.1254e-02,0.085,0.18
5.1256e-02,0.09,-0.09
5.1258e-02,0.03,0.2
5.1259e-02,0.08,-0.105
5.1261e-02,-0.025,0.22
5.1262e-02,0.115,-0.075
5.1264e-02,0.025,0.19
5.1266e-02,0.075,-0.075
5.1267e-02,0.055,0.195
5.1269e-02,0.08,-0.09
5.1270e-02,0.145,0.21
5.1272e-02,0.03,-0.075
5.1274e-02,0,0.19
5.1275e-02,-0.045,-0.095
5.1277e-02,0.015,0.215
5.1278e-02,0.155,-0.09
5.1280e-02,0.04,0.215
5.1282e-02,0.055,-0.11
5.1283e-02,-0.005,0.225
5.1285e-02,0.09,-0.085
5.1286e-02,0.04,0.2
5.1288e-02,0.095,-0.09
5.1290e-02,0.005,0.205
5.1291e-02,0.11,-0.075
5.1293e-02,0.045,0.195
5.1294e-02,0.205,-0.075
5.1296e-02,0.055,0.19
5.1298e-02,0.13,-0.095
5.1299e-02,-0.035,0.22
5.1301e-02,0.03,-0.085
5.1302e-02,0.01,0.21
5.1304e-02,0.085,-0.09
5.1306e-02,0.12,0.205
5.1307e-02,0.065,-0.09
5.1309e-02,0.03,0.205
5.1310e-02,0.03,-0.08
5.1312e-02,0.08,0.195
5.1314e-02,0.015,-0.09
5.1315e-02,0.065,0.21
5.1317e-02,0.075,-0.085
5.1318e-02,0.11,0.205
5.1320e-02,0.11,-0.08
5.1322e-02,0.06,0.205
5.1323e-02,0.035,-0.08
5.1325e-02,0.095,0.2
5.1326e-02,0.04,-0.065
5.1328e-02,0.115,0.195
5.1330e-02,-0.045,-0.07
5.1331e-02,0.12,0.185
5.1333e-02,0.045,-0.07
5.1334e-02,0.05,0.19
5.1336e-02,-0.01,-0.08
5.1338e-02,-0.015,0.195
5.1339e-02,0.115,-0.09
5.1341e-02,0.085,0.21
5.1342e-02,0.15,-0.08
5.1344e-02,0.035,0.2
5.1346e-02,0.06,-0.08
5.1347e-02,0.005,0.21
5.1349e-02,0.085,-0.095
5.1350e-02,0.15,0.215
5.1352e-02,0.105,-0.09
5.1354e-02,0.05,0.21
5.1355e-02,0.02,-0.08
5.1357e-02,-0.025,0.205
5.1358e-02,0.15,-0.07
5.1360e-02,0.01,0.19
5.1362e-02,0.12,-0.07
5.1363e-02,-0.03,0.185
5.1365e-02,0.1,-0.09
5.1366e-02,0.065,0.22
5.1368e-02,0.02,-0.07
5.1370e-02,0.02,0.195
5.1371e-02,0.015,-0.08
5.1373e-02,0.05,0.2
5.1374e-02,0.075,-0.085
5.1376e-02,0.055,0.205
5.1378e-02,0.105,-0.08
5.1379e-02,0.075,0.205
5.1381e-02,0.13,-0.075
5.1382e-02,0.1,0.205
5.1384e-02,0.105,-0.08
5.1386e-02,0.065,0.2
5.1387e-02,-0.03,-0.075
5.1389e-02,0.045,0.19
5.1390e-02,0.055,-0.085
5.1392e-02,0.145,0.21
5.1394e-02,0.065,-0.105
5.1395e-02,0.025,0.225
5.1397e-02,0.025,-0.085
5.1398e-02,0.04,0.21
5.1400e-02,0.065,-0.085
5.1402e-02,-0.02,0.21
5.1403e-02,0.025,-0.095
5.1405e-02,0.095,0.215
5.1406e-02,0.105,-0.1
5.1408e-02,0.13,0.215
5.1410e-02,0.035,-0.085
5.1411e-02,0.05,0.215
5.1413e-02,0.04,-0.08
5.1414e-02,0.13,0.205
5.1416e-02,0.13,-0.065
5.1418e-02,0.11,0.19
5.1419e-02,0.11,-0.085
5.1421e-02,0.04,0.22
5.1422e-02,0.115,-0.08
5.1424e-02,0.005,0.22
5.1426e-02,0.08,-0.085
5.1427e-02,0.01,0.22
5.1429e-02,0.03,-0.11
5.1430e-02,0.06,0.23
5.1432e-02,0.01,-0.105
5.1434e-02,0.035,0.23
5.1435e-02,-0.005,-0.085
5.1437e-02,0.06,0.215
5.1438e-02,0.125,-0.08
5.1440e-02,0.08,0.21
5.1442e-02,0.05,-0.11
5.1443e-02,0.04,0.235
5.1445e-02,0.08,-0.105
5.1446e-02,0.17,0.24
5.1448e-02,0.145,-0.09
5.1450e-02,0,0.225
5.1451e-02,0.03,-0.08
5.1453e-02,0,0.21
5.1454e-02,0.065,-0.06
5.1456e-02,0.035,0.195
5.1458e-02,0.025,-0.07
5.1459e-02,-0.035,0.205
5.1461e-02,0.04,-0.085
5.1462e-02,0.01,0.215
5.1464e-02,0.095,-0.095
5.1466e-02,0.06,0.22
5.1467e-02,0.07,-0.08
5.1469e-02,0.05,0.21
5.1470e-02,0.09,-0.09
5.1472e-02,0.125,0.22
5.1474e-02,0.15,-0.085
5.1475e-02,0.1,0.225
5.1477e-02,0.07,-0.075
5.1478e-02,-0.03,0.205
5.1480e-02,0.13,-0.08
5.1482e-02,0.065,0.215
5.1483e-02,0.07,-0.07
5.1485e-02,0.095,0.205
5.1486e-02,0.13,-0.1
5.1488e-02,0.085,0.235
5.1490e-02,0.05,-0.075
5.1491e-02,-0.08,0.205
5.1493e-02,0.035,-0.08
5.1494e-02,0.02,0.21
5.1496e-02,0.13,-0.09
5.1498e-02,0.08,0.225
5.1499e-02,0.1,-0.075
5.1501e-02,0.105,0.21
5.1502e-02,0.195,-0.095
5.1504e-02,0.095,0.23
5.1506e-02,0.165,-0.065
5.1507e-02,0.09,0.2
5.1509e-02,0.055,-0.075
5.1510e-02,0.07,0.21
5.1512e-02,0.01,-0.11
5.1514e-02,0.055,0.235
5.1515e-02,0.025,-0.09
5.1517e-02,-0.02,0.215
5.1518e-02,0.045,-0.1
5.1520e-02,0.06,0.23
5.1522e-02,0.08,-0.105
5.1523e-02,0.02,0.23
5.1525e-02,0.05,-0.11
5.1526e-02,0.055,0.245
5.1528e-02,0.095,-0.1
5.1530e-02,0.125,0.225
5.1531e-02,0.005,-0.095
5.1533e-02,0.01,0.225
5.1534e-02,0.075,-0.075
5.1536e-02,0.085,0.2
5.1538e-02,0.085,-0.095
5.1539e-02,0.02,0.23
5.1541e-02,0.075,-0.07
5.1542e-02,0.045,0.21
5.1544e-02,0.1,-0.075
5.1546e-02,0.02,0.205
5.1547e-02,0.03,-0.055
5.1549e-02,0.1,0.195
5.1550e-02,0.07,-0.075
5.1552e-02,0.1,0.21
5.1554e-02,0.085,-0.09
5.1555e-02,0.04,0.23
5.1557e-02,0.06,-0.08
5.1558e-02,0.1,0.215
5.1560e-02,0.065,-0.1
5.1562e-02,0.14,0.225
5.1563e-02,-0.035,-0.085
5.1565e-02,0.085,0.225
5.1566e-02,0.015,-0.085
5.1568e-02,0.15,0.22
5.1570e-02,0.08,-0.075
5.1571e-02,0.045,0.215
5.1573e-02,0,-0.065
5.1574e-02,0.065,0.2
5.1576e-02,0.055,-0.065
5.1578e-02,0.05,0.21
5.1579e-02,0.115,-0.1
5.1581e-02,-0.015,0.24
5.1582e-02,0.15,-0.06
5.1584e-02,0.105,0.205
5.1586e-02,0.055,-0.09
5.1587e-02,0.1,0.225
5.1589e-02,0.05,-0.065
5.1590e-02,0.105,0.21
5.1592e-02,0.07,-0.105
5.1594e-02,0.03,0.245
5.1595e-02,0.105,-0.08
5.1597e-02,-0.005,0.225
5.1598e-02,0.125,-0.085
5.1600e-02,0.03,0.225
5.1602e-02,0.045,-0.055
5.1603e-02,0.02,0.2
5.1605e-02,-0.015,-0.075
5.1606e-02,0.14,0.215
5.1608e-02,0.09,-0.09
5.1610e-02,0.075,0.23
5.1611e-02,0.09,-0.065
5.1613e-02,0.015,0.22
5.1614e-02,0.135,-0.095
5.1616e-02,0.07,0.24
5.1618e-02,-0.02,-0.09
5.1619e-02,0.08,0.24
5.1621e-02,-0.02,-0.08
5.1622e-02,0.125,0.225
5.1624e-02,0.03,-0.06
5.1626e-02,0.07,0.205
5.1627e-02,0.05,-0.06
5.1629e-02,0.065,0.21
5.1630e-02,0.13,-0.075
5.1632e-02,0.095,0.22
5.1634e-02,0.08,-0.06
5.1635e-02,0.095,0.205
5.1637e-02,0.01,-0.095
5.1638e-02,0.065,0.24
5.1640e-02,0.11,-0.075
5.1642e-02,0.075,0.215
5.1643e-02,0.06,-0.095
5.1645e-02,0.06,0.245
5.1646e-02,0.05,-0.06
5.1648e-02,0.13,0.2
5.1650e-02,0.075,-0.085
5.1651e-02,0.035,0.225
5.1653e-02,0.095,-0.075
5.1654e-02,0.115,0.22
5.1656e-02,0.125,-0.085
5.1658e-02,0.065,0.23
5.1659e-02,0.035,-0.07
5.1661e-02,0.065,0.21
5.1662e-02,0.08,-0.08
5.1664e-02,0.1,0.22
5.1666e-02,0.05,-0.105
5.1667e-02,0.02,0.25
5.1669e-02,0.175,-0.1
5.1670e-02,0.09,0.245
5.1672e-02,0.18,-0.08
5.1674e-02,0.11,0.22
5.1675e-02,0.135,-0.065
5.1677e-02,0.16,0.205
5.1678e-02,0.1,-0.095
5.1680e-02,0.18,0.235
5.1682e-02,0.08,-0.085
5.1683e-02,0.12,0.22
5.1685e-02,0.04,-0.07
5.1686e-02,0.085,0.21
5.1688e-02,0.09,-0.085
5.1690e-02,0.105,0.235
5.1691e-02,0.005,-0.075
5.1693e-02,0.065,0.22
5.1694e-02,0.08,-0.095
5.1696e-02,0.14,0.24
5.1698e-02,0.08,-0.08
5.1699e-02,0.07,0.22
5.1701e-02,0.135,-0.07
5.1702e-02,0.135,0.215
5.1704e-02,0.17,-0.08
5.1706e-02,0,0.225
5.1707e-02,0.065,-0.08
5.1709e-02,0,0.225
5.1710e-02,0.045,-0.075
5.1712e-02,0.03,0.23
5.1714e-02,0.035,-0.095
5.1715e-02,0.12,0.245
5.1717e-02,0.1,-0.08
5.1718e-02,0.15,0.225
5.1720e-02,0.07,-0.08
5.1722e-02,0.105,0.225
5.1723e-02,0.03,-0.085
5.1725e-02,0.08,0.23
5.1726e-02,0.045,-0.085
5.1728e-02,0.135,0.235
5.1730e-02,0.08,-0.065
5.1731e-02,0,0.215
5.1733e-02,0.03,-0.085
5.1734e-02,0.07,0.24
5.1736e-02,0.13,-0.07
5.1738e-02,0.075,0.22
5.1739e-02,0.065,-0.085
5.1741e-02,0.005,0.245
5.1742e-02,0.14,-0.065
5.1744e-02,0.06,0.22
5.1746e-02,0.07,-0.06
5.1747e-02,0.06,0.215
5.1749e-02,0.075,-0.085
5.1750e-02,0.105,0.245
5.1752e-02,0.08,-0.06
5.1754e-02,0.07,0.22
5.1755e-02,0.105,-0.08
5.1757e-02,0.05,0.235
5.1758e-02,0.07,-0.08
5.1760e-02,0.085,0.235
5.1762e-02,0.07,-0.07
5.1763e-02,0.085,0.23
5.1765e-02,0.06,-0.065
5.1766e-02,0.13,0.22
5.1768e-02,0.015,-0.055
5.1770e-02,0.1,0.215
5.1771e-02,0.01,-0.06
5.1773e-02,0.065,0.22
5.1774e-02,0.155,-0.07
5.1776e-02,0.12,0.22
5.1778e-02,0.095,-0.08
5.1779e-02,0.045,0.235
5.1781e-02,0.1,-0.075
5.1782e-02,0.075,0.23
5.1784e-02,0.065,-0.065
5.1786e-02,0.055,0.22
5.1787e-02,0.005,-0.1
5.1789e-02,0.03,0.26
5.1790e-02,0.1,-0.07
5.1792e-02,0.075,0.22
5.1794e-02,0.045,-0.08
5.1795e-02,0.045,0.23
5.1797e-02,0.075,-0.09
5.1798e-02,0.055,0.235
5.1800e-02,0.08,-0.1
5.1802e-02,0.075,0.25
5.1803e-02,0.12,-0.06
5.1805e-02,0.115,0.22
5.1806e-02,0.12,-0.06
5.1808e-02,0.025,0.22
5.1810e-02,0.08,-0.06
5.1811e-02,0.01,0.215
5.1813e-02,0.09,-0.07
5.1814e-02,0.085,0.225
5.1816e-02,0.105,-0.095
5.1818e-02,0.075,0.255
5.1819e-02,0.02,-0.085
5.1821e-02,0.125,0.24
5.1822e-02,0.14,-0.07
5.1824e-02,0.105,0.225
5.1826e-02,0.06,-0.09
5.1827e-02,-0.005,0.255
5.1829e-02,0.105,-0.065
5.1830e-02,0.13,0.225
5.1832e-02,0.145,-0.07
5.1834e-02,0.02,0.23
5.1835e-02,0.07,-0.06
5.1837e-02,0.07,0.205
5.1838e-02,0.07,-0.07
5.1840e-02,0.115,0.23
5.1842e-02,0.035,-0.08
5.1843e-02,0.02,0.23
5.1845e-02,-0.01,-0.065
5.1846e-02,0.08,0.225
5.1848e-02,0.135,-0.065
5.1850e-02,0.13,0.225
5.1851e-02,0.2,-0.055
5.1853e-02,0.035,0.205
5.1854e-02,0.13,-0.06
5.1856e-02,0.09,0.22
5.1858e-02,0.08,-0.065
5.1859e-02,0.035,0.23
5.1861e-02,0.07,-0.075
5.1862e-02,0.07,0.23
5.1864e-02,0.075,-0.075
5.1866e-02,0.075,0.23
5.1867e-02,0.03,-0.075
5.1869e-02,0.07,0.23
5.1870e-02,0.105,-0.075
5.1872e-02,0.13,0.235
5.1874e-02,0.01,-0.06
5.1875e-02,0.115,0.225
5.1877e-02,0.03,-0.09
5.1878e-02,0.175,0.25
5.1880e-02,0.1,-0.06
5.1882e-02,0.14,0.215
5.1883e-02,0.095,-0.085
5.1885e-02,0.075,0.24
5.1886e-02,0.075,-0.05
5.1888e-02,0.035,0.215
5.1890e-02,0.07,-0.06
5.1891e-02,0.07,0.23
5.1893e-02,0.025,-0.065
5.1894e-02,0.055,0.23
5.1896e-02,0.075,-0.065
5.1898e-02,0.065,0.24
5.1899e-02,0.08,-0.06
5.1901e-02,0.03,0.225
5.1902e-02,0.09,-0.065
5.1904e-02,0.14,0.235
5.1906e-02,0.165,-0.06
5.1907e-02,0.095,0.225
5.1909e-02,0.09,-0.085
5.1910e-02,0.14,0.245
5.1912e-02,0.14,-0.07
5.1914e-02,0.08,0.24
5.1915e-02,0.105,-0.08
5.1917e-02,0.07,0.245
5.1918e-02,0.12,-0.065
5.1920e-02,0.11,0.225
5.1922e-02,0.055,-0.075
5.1923e-02,0.04,0.25
5.1925e-02,0.1,-0.065
5.1926e-02,0.095,0.23
5.1928e-02,0.05,-0.07
5.1930e-02,0.09,0.235
5.1931e-02,-0.005,-0.08
5.1933e-02,0.11,0.245
5.1934e-02,0.05,-0.085
5.1936e-02,0.14,0.25
5.1938e-02,0.115,-0.07
5.1939e-02,0.185,0.23
5.1941e-02,0.035,-0.07
5.1942e-02,0.015,0.24
5.1944e-02,0.075,-0.055
5.1946e-02,0.095,0.22
5.1947e-02,0.075,-0.065
5.1949e-02,0.05,0.235
5.1950e-02,0.03,-0.06
5.1952e-02,0.075,0.23
5.1954e-02,0.075,-0.05
5.1955e-02,0.08,0.22
5.1957e-02,0.06,-0.065
5.1958e-02,0.15,0.23
5.1960e-02,0.12,-0.075
5.1962e-02,0.215,0.235
5.1963e-02,0.08,-0.075
5.1965e-02,0.085,0.245
5.1966e-02,0.09,-0.085
5.1968e-02,0.05,0.255
5.1970e-02,0.07,-0.07
5.1971e-02,0.115,0.24
5.1973e-02,0.08,-0.06
5.1974e-02,0.07,0.225
5.1976e-02,0.08,-0.045
5.1978e-02,0.07,0.21
5.1979e-02,0.05,-0.05
5.1981e-02,0.1,0.215
5.1982e-02,0.025,-0.075
5.1984e-02,0.115,0.245
5.1986e-02,0.13,-0.1
5.1987e-02,0.14,0.27
5.1989e-02,0.08,-0.055
5.1990e-02,0.055,0.215
5.1992e-02,0.045,-0.1
5.1994e-02,0.07,0.27
5.1995e-02,0.05,-0.06
5.1997e-02,-0.01,0.23
5.1998e-02,0.035,-0.065
5.2000e-02,0.045,0.235
5.2002e-02,0.125,-0.085
5.2003e-02,0.105,0.245
5.2005e-02,0.155,-0.07
5.2006e-02,0.025,0.245
5.2008e-02,0.095,-0.08
5.2010e-02,0.085,0.255
5.2011e-02,0.055,-0.065
5.2013e-02,0.13,0.235
5.2014e-02,0.095,-0.06
5.2016e-02,0.07,0.23
5.2018e-02,0.16,-0.045
5.2019e-02,0.125,0.23
5.2021e-02,0.075,-0.07
5.2022e-02,0.045,0.235
5.2024e-02,0.08,-0.055
5.2026e-02,0.08,0.235
5.2027e-02,0.09,-0.08
5.2029e-02,0.075,0.25
5.2030e-02,0.08,-0.05
5.2032e-02,0.035,0.225
5.2034e-02,0.14,-0.065
5.2035e-02,0.035,0.24
5.2037e-02,0.04,-0.075
5.2038e-02,0.095,0.255
5.2040e-02,0.02,-0.045
5.2042e-02,0.16,0.22
5.2043e-02,0.135,-0.055
5.2045e-02,0.155,0.23
5.2046e-02,0.17,-0.04
5.2048e-02,0.095,0.22
5.2050e-02,0.165,-0.075
5.2051e-02,0.065,0.255
5.2053e-02,0.21,-0.06
5.2054e-02,0.11,0.23
5.2056e-02,0.035,-0.065
5.2058e-02,0.08,0.25
5.2059e-02,0.15,-0.06
5.2061e-02,0.08,0.24
5.2062e-02,0.07,-0.055
5.2064e-02,0.06,0.23
5.2066e-02,0.09,-0.065
5.2067e-02,0.1,0.235
5.2069e-02,0.135,-0.05
5.2070e-02,0.065,0.225
5.2072e-02,0.065,-0.065
5.2074e-02,0.09,0.245
5.2075e-02,0.09,-0.045
5.2077e-02,0.1,0.23
5.2078e-02,0.15,-0.07
5.2080e-02,0.095,0.245
5.2082e-02,0.105,-0.055
5.2083e-02,0.14,0.23
5.2085e-02,0.07,-0.09
5.2086e-02,0.085,0.27
5.2088e-02,0.05,-0.075
5.2090e-02,0.045,0.255
5.2091e-02,0.04,-0.07
5.2093e-02,0.165,0.245
5.2094e-02,0.04,-0.06
5.2096e-02,0.075,0.245
5.2098e-02,-0.025,-0.08
5.2099e-02,0.045,0.26
5.2101e-02,-0.015,-0.055
5.2102e-02,0.12,0.24
5.2104e-02,0.12,-0.05
5.2106e-02,0.09,0.225
5.2107e-02,0.1,-0.08
5.2109e-02,0.135,0.255
5.2110e-02,0.04,-0.085
5.2112e-02,0.15,0.26
5.2114e-02,0.045,-0.085
5.2115e-02,0.06,0.255
5.2117e-02,0.15,-0.065
5.2118e-02,0.115,0.24
5.2120e-02,0.065,-0.055
5.2122e-02,0.12,0.235
5.2123e-02,0.095,-0.045
5.2125e-02,0.18,0.225
5.2126e-02,0.17,-0.06
5.2128e-02,0.1,0.235
5.2130e-02,0.08,-0.085
5.2131e-02,0.04,0.27
5.2133e-02,0.09,-0.07
5.2134e-02,0.02,0.245
5.2136e-02,0.12,-0.055
5.2138e-02,0.07,0.235
5.2139e-02,0.145,-0.04
5.2141e-02,0.14,0.22
5.2142e-02,0.15,-0.07
5.2144e-02,0.045,0.25
5.2146e-02,0.15,-0.05
5.2147e-02,0,0.225
5.2149e-02,0.03,-0.065
5.2150e-02,0.095,0.235
5.2152e-02,0.105,-0.055
5.2154e-02,0.045,0.235
5.2155e-02,0.085,-0.05
5.2157e-02,0.03,0.23
5.2158e-02,0.125,-0.07
5.2160e-02,0.19,0.245
5.2162e-02,0.125,-0.05
5.2163e-02,0.075,0.235
5.2165e-02,0.175,-0.055
5.2166e-02,0.07,0.23
5.2168e-02,0.07,-0.05
5.2170e-02,0,0.23
5.2171e-02,0.035,-0.045
5.2173e-02,0.09,0.23
5.2174e-02,0.115,-0.035
5.2176e-02,0.15,0.22
5.2178e-02,0.065,-0.055
5.2179e-02,0.095,0.235
5.2181e-02,0.05,-0.04
5.2182e-02,0.085,0.225
5.2184e-02,0.125,-0.04
5.2186e-02,0.035,0.225
5.2187e-02,0.13,-0.085
5.2189e-02,0.07,0.275
5.2190e-02,0.105,-0.07
5.2192e-02,0.075,0.255
5.2194e-02,0.18,-0.06
5.2195e-02,0.07,0.24
5.2197e-02,0.115,-0.06
5.2198e-02,0.165,0.245
5.2200e-02,0.06,-0.04
5.2202e-02,0.145,0.235
5.2203e-02,-0.035,-0.045
5.2205e-02,0.035,0.23
5.2206e-02,0.07,-0.05
5.2208e-02,0.135,0.24
5.2210e-02,0.145,-0.03
5.2211e-02,0.09,0.225
5.2213e-02,0.155,-0.04
5.2214e-02,0.135,0.235
5.2216e-02,0.18,-0.04
5.2218e-02,0.05,0.23
5.2219e-02,0.06,-0.04
5.2221e-02,0.105,0.225
5.2222e-02,0.03,-0.055
5.2224e-02,0.115,0.245
5.2226e-02,0.035,-0.06
5.2227e-02,0.08,0.25
5.2229e-02,0.12,-0.07
5.2230e-02,0.085,0.26
5.2232e-02,0.105,-0.06
5.2234e-02,0.07,0.245
5.2235e-02,0.035,-0.075
5.2237e-02,0.11,0.265
5.2238e-02,0.105,-0.05
5.2240e-02,0.175,0.245
5.2242e-02,0.1,-0.055
5.2243e-02,0.08,0.24
5.2245e-02,0.055,-0.055
5.2246e-02,0.06,0.235
5.2248e-02,0.165,-0.08
5.2250e-02,-0.015,0.28
5.2251e-02,0.16,-0.065
5.2253e-02,0.16,0.25
5.2254e-02,0.17,-0.05
5.2256e-02,0.155,0.235
5.2258e-02,0,-0.055
5.2259e-02,0.06,0.255
5.2261e-02,0.04,-0.065
5.2262e-02,0.055,0.25
5.2264e-02,0.145,-0.04
5.2266e-02,0.125,0.23
5.2267e-02,0.16,-0.04
5.2269e-02,0.11,0.23
5.2270e-02,0.095,-0.07
5.2272e-02,0.105,0.25
5.2274e-02,0.1,-0.065
5.2275e-02,0.03,0.255
5.2277e-02,0.055,-0.045
5.2278e-02,0.075,0.245
5.2280e-02,0.145,-0.085
5.2282e-02,0.075,0.275
5.2283e-02,0.13,-0.09
5.2285e-02,0.18,0.27
5.2286e-02,0.17,-0.045
5.2288e-02,0.115,0.225
5.2290e-02,0.04,-0.03
5.2291e-02,0.03,0.22
5.2293e-02,0.07,-0.03
5.2294e-02,0.145,0.225
5.2296e-02,0.12,-0.045
5.2298e-02,0.11,0.23
5.2299e-02,0.11,-0.05
5.2301e-02,0.095,0.235
5.2302e-02,0.145,-0.045
5.2304e-02,0.07,0.235
5.2306e-02,0.11,-0.065
5.2307e-02,0.04,0.25
5.2309e-02,0.075,-0.045
5.2310e-02,0.13,0.235
5.2312e-02,0.125,-0.075
5.2314e-02,0.13,0.27
5.2315e-02,0.1,-0.055
5.2317e-02,0.045,0.245
5.2318e-02,0.11,-0.045
5.2320e-02,0.01,0.245
5.2322e-02,0.12,-0.035
5.2323e-02,0.035,0.23
5.2325e-02,0.12,-0.08
5.2326e-02,0.15,0.27
5.2328e-02,0.155,-0.045
5.2330e-02,0.06,0.24
5.2331e-02,0.035,-0.035
5.2333e-02,0.11,0.23
5.2334e-02,0.14,-0.03
5.2336e-02,0.125,0.22
5.2338e-02,0.1,-0.045
5.2339e-02,0.135,0.245
5.2341e-02,0.13,-0.09
5.2342e-02,0.12,0.285
5.2344e-02,0.05,-0.06
5.2346e-02,0.115,0.255
5.2347e-02,0.095,-0.075
5.2349e-02,0.11,0.275
5.2350e-02,0.11,-0.055
5.2352e-02,0.13,0.255
5.2354e-02,0.055,-0.05
5.2355e-02,0.085,0.25
5.2357e-02,0.035,-0.03
5.2358e-02,0.085,0.23
5.2360e-02,0.105,-0.05
5.2362e-02,0.125,0.25
5.2363e-02,0.135,-0.05
5.2365e-02,0.18,0.245
5.2366e-02,0.205,-0.035
5.2368e-02,0.17,0.24
5.2370e-02,0.045,-0.07
5.2371e-02,0.045,0.275
5.2373e-02,-0.005,-0.05
5.2374e-02,0.105,0.245
5.2376e-02,0.085,-0.06
5.2378e-02,0.03,0.26
5.2379e-02,0.125,-0.04
5.2381e-02,0.18,0.245
5.2382e-02,0.12,-0.065
5.2384e-02,0.155,0.275
5.2386e-02,0.03,-0.05
5.2387e-02,0.135,0.255
5.2389e-02,0.125,-0.065
5.2390e-02,0.09,0.27
5.2392e-02,0.12,-0.06
5.2394e-02,0.105,0.26
5.2395e-02,0.08,-0.05
5.2397e-02,0.135,0.255
5.2398e-02,0.02,-0.05
5.2400e-02,0.09,0.255
5.2402e-02,0.04,-0.055
5.2403e-02,0.1,0.26
5.2405e-02,0.11,-0.045
5.2406e-02,0.19,0.24
5.2408e-02,0.075,-0.05
5.2410e-02,0.14,0.26
5.2411e-02,0.04,-0.035
5.2413e-02,0.09,0.24
5.2414e-02,0.16,-0.055
5.2416e-02,0.19,0.255
5.2418e-02,0.085,-0.03
5.2419e-02,0.145,0.235
5.2421e-02,0.12,-0.055
5.2422e-02,0.12,0.255
5.2424e-02,0.135,-0.06
5.2426e-02,0.005,0.255
5.2427e-02,0.07,-0.035
5.2429e-02,0.155,0.235
5.2430e-02,0.12,-0.045
5.2432e-02,0.075,0.25
5.2434e-02,0.06,-0.05
5.2435e-02,0.045,0.255
5.2437e-02,0.15,-0.07
5.2438e-02,0.135,0.26
5.2440e-02,0.08,-0.045
5.2442e-02,0.15,0.245
5.2443e-02,0.09,-0.055
5.2445e-02,0.11,0.255
5.2446e-02,0.17,-0.05
5.2448e-02,0.09,0.255
5.2450e-02,0.035,-0.05
5.2451e-02,0.055,0.245
5.2453e-02,0.1,-0.055
5.2454e-02,0.11,0.255
5.2456e-02,0.185,-0.04
5.2458e-02,0.095,0.24
5.2459e-02,0.05,-0.035
5.2461e-02,0.09,0.24
5.2462e-02,0.12,-0.035
5.2464e-02,0.04,0.235
5.2466e-02,0.035,-0.065
5.2467e-02,0.085,0.255
5.2469e-02,0.09,-0.055
5.2470e-02,0.17,0.255
5.2472e-02,0.095,-0.045
5.2474e-02,0.11,0.24
5.2475e-02,0.08,-0.03
5.2477e-02,0.115,0.235
5.2478e-02,0.06,-0.05
5.2480e-02,0.165,0.245
5.2482e-02,0.145,-0.045
5.2483e-02,0.04,0.245
5.2485e-02,0.1,-0.06
5.2486e-02,0.08,0.255
5.2488e-02,0.105,-0.04
5.2490e-02,0.08,0.24
5.2491e-02,0.095,-0.065
5.2493e-02,0.11,0.265
5.2494e-02,0.225,-0.075
5.2496e-02,0.165,0.28
5.2498e-02,0.09,-0.055
5.2499e-02,0.08,0.255
5.2501e-02,0.08,-0.04
5.2502e-02,0.05,0.24
5.2504e-02,0.06,-0.04
5.2506e-02,0.04,0.24
5.2507e-02,0.075,-0.06
5.2509e-02,0.095,0.26
5.2510e-02,0.155,-0.055
5.2512e-02,0.14,0.255
5.2514e-02,0.19,-0.035
5.2515e-02,0.14,0.245
5.2517e-02,-0.015,-0.065
5.2518e-02,0.1,0.27
5.2520e-02,0.045,-0.03
5.2522e-02,0.14,0.24
5.2523e-02,0.14,-0.09
5.2525e-02,0.065,0.295
5.2526e-02,0.125,-0.035
5.2528e-02,0.15,0.235
5.2530e-02,0.11,-0.055
5.2531e-02,0.08,0.265
5.2533e-02,0.045,-0.015
5.2534e-02,0.11,0.23
5.2536e-02,0.225,-0.02
5.2538e-02,0.08,0.235
5.2539e-02,0.115,-0.025
5.2541e-02,0.06,0.24
5.2542e-02,0.03,-0.035
5.2544e-02,0.13,0.245
5.2546e-02,0.11,-0.055
5.2547e-02,0.145,0.265
5.2549e-02,0.095,-0.025
5.2550e-02,0.155,0.245
5.2552e-02,0.1,-0.03
5.2554e-02,0.155,0.25
5.2555e-02,0.105,-0.03
5.2557e-02,0.05,0.245
5.2558e-02,0.1,-0.07
5.2560e-02,0.09,0.275
5.2562e-02,0.105,-0.03
5.2563e-02,0.145,0.255
5.2565e-02,0.125,-0.035
5.2566e-02,0.11,0.25
5.2568e-02,0.25,-0.065
5.2570e-02,0.14,0.275
5.2571e-02,0.135,-0.045
5.2573e-02,0.07,0.255
5.2574e-02,0.005,-0.055
5.2576e-02,0.125,0.265
5.2578e-02,0.125,-0.05
5.2579e-02,0.07,0.27
5.2581e-02,0.17,-0.07
5.2582e-02,0.085,0.285
5.2584e-02,0.155,-0.04
5.2586e-02,0.105,0.25
5.2587e-02,0.11,-0.045
5.2589e-02,0.15,0.255
5.2590e-02,0.06,-0.04
5.2592e-02,0.065,0.255
5.2594e-02,0.12,-0.065
5.2595e-02,0.085,0.28
5.2597e-02,0.115,-0.065
5.2598e-02,0.06,0.275
5.2600e-02,0.065,-0.045
5.2602e-02,0.125,0.255
5.2603e-02,0.145,-0.05
5.2605e-02,0.06,0.265
5.2606e-02,0.12,-0.045
5.2608e-02,0.085,0.265
5.2610e-02,0.12,-0.045
5.2611e-02,0.125,0.255
5.2613e-02,0.03,-0.04
5.2614e-02,0.145,0.25
5.2616e-02,0.085,-0.055
5.2618e-02,0.135,0.27
5.2619e-02,0.115,-0.055
5.2621e-02,0.085,0.265
5.2622e-02,0.04,-0.02
5.2624e-02,0.025,0.225
5.2626e-02,0.02,-0.025
5.2627e-02,0.18,0.23
5.2629e-02,0.175,-0.03
5.2630e-02,0.13,0.24
5.2632e-02,0.115,-0.025
5.2634e-02,0.085,0.23
5.2635e-02,0.135,-0.04
5.2637e-02,0.155,0.26
5.2638e-02,0.09,-0.045
5.2640e-02,0.135,0.255
5.2642e-02,0.08,-0.045
5.2643e-02,0.125,0.26
5.2645e-02,0.1,-0.04
5.2646e-02,0.12,0.245
5.2648e-02,0.125,-0.04
5.2650e-02,0.105,0.245
5.2651e-02,0.11,-0.05
5.2653e-02,0.14,0.265
5.2654e-02,0.115,-0.035
5.2656e-02,0.16,0.25
5.2658e-02,0.13,-0.07
5.2659e-02,0.155,0.285
5.2661e-02,0.16,-0.04
5.2662e-02,0.125,0.25
5.2664e-02,0.025,-0.03
5.2666e-02,0.075,0.245
5.2667e-02,0.085,-0.075
5.2669e-02,0.18,0.28
5.2670e-02,0.185,-0.035
5.2672e-02,0.175,0.25
5.2674e-02,0.1,-0.045
5.2675e-02,0.175,0.265
5.2677e-02,0.12,-0.025
5.2678e-02,0.17,0.245
5.2680e-02,0.045,-0.045
5.2682e-02,0.13,0.27
5.2683e-02,0.1,-0.03
5.2685e-02,0.095,0.25
5.2686e-02,0.14,-0.05
5.2688e-02,0.095,0.27
5.2690e-02,0.08,-0.03
5.2691e-02,0.035,0.25
5.2693e-02,0.05,-0.025
5.2694e-02,0.07,0.245
5.2696e-02,0.105,-0.045
5.2698e-02,0.075,0.26
5.2699e-02,0.14,-0.065
5.2701e-02,0.07,0.28
5.2702e-02,0.23,-0.03
5.2704e-02,0.12,0.25
5.2706e-02,0.08,-0.06
5.2707e-02,0.14,0.29
5.2709e-02,0.145,-0.04
5.2710e-02,0.18,0.265
5.2712e-02,0.155,-0.055
5.2714e-02,0.03,0.28
5.2715e-02,0.125,-0.015
5.2717e-02,0.15,0.235
5.2718e-02,0.18,-0.025
5.2720e-02,0.155,0.245
5.2722e-02,0.145,-0.035
5.2723e-02,0.035,0.27
5.2725e-02,0.065,-0.065
5.2726e-02,0.075,0.295
5.2728e-02,0.18,-0.055
5.2730e-02,0.185,0.27
5.2731e-02,0.15,-0.045
5.2733e-02,0.065,0.265
5.2734e-02,0.14,-0.035
5.2736e-02,0.21,0.26
5.2738e-02,0.195,-0.045
5.2739e-02,0.06,0.265
5.2741e-02,0.09,-0.01
5.2742e-02,0.1,0.24
5.2744e-02,0.19,-0.02
5.2746e-02,0.19,0.245
5.2747e-02,0.09,-0.035
5.2749e-02,0.115,0.27
5.2750e-02,0.165,-0.055
5.2752e-02,0.155,0.275
5.2754e-02,0.105,-0.025
5.2755e-02,0.095,0.255
5.2757e-02,0.095,-0.03
5.2758e-02,0.105,0.255
5.2760e-02,0.17,-0.03
5.2762e-02,0.1,0.255
5.2763e-02,0.07,-0.04
5.2765e-02,0.065,0.265
5.2766e-02,0.135,-0.045
5.2768e-02,0.135,0.265
5.2770e-02,0.16,-0.045
5.2771e-02,0.1,0.27
5.2773e-02,0.13,-0.035
5.2774e-02,0.105,0.255
5.2776e-02,0.2,-0.04
5.2778e-02,0.215,0.26
5.2779e-02,0.03,-0.02
5.2781e-02,0.11,0.24
5.2782e-02,0.075,-0.055
5.2784e-02,0.09,0.275
5.2786e-02,0.105,-0.05
5.2787e-02,0.065,0.275
5.2789e-02,0.085,-0.025
5.2790e-02,0.045,0.245
5.2792e-02,0.09,-0.025
5.2794e-02,0.165,0.25
5.2795e-02,0.06,-0.035
5.2797e-02,0.065,0.255
5.2798e-02,0.035,-0.035
5.2800e-02,0.065,0.255
5.2802e-02,0.105,-0.005
5.2803e-02,0.135,0.235
5.2805e-02,0.165,-0.03
5.2806e-02,0.045,0.245
5.2808e-02,0.175,-0.06
5.2810e-02,0.14,0.28
5.2811e-02,0.085,-0.04
5.2813e-02,0.025,0.265
5.2814e-02,0.035,-0.025
5.2816e-02,0.14,0.245
5.2818e-02,0.115,-0.03
5.2819e-02,0.105,0.255
5.2821e-02,0.105,-0.06
5.2822e-02,0.01,0.28
5.2824e-02,0.105,-0.04
5.2826e-02,0.055,0.27
5.2827e-02,0.135,-0.03
5.2829e-02,0.035,0.26
5.2830e-02,0.165,-0.015
5.2832e-02,0.105,0.245
5.2834e-02,0.13,-0.02
5.2835e-02,0.11,0.255
5.2837e-02,0.155,-0.03
5.2838e-02,0.19,0.26
5.2840e-02,0.09,-0.05
5.2842e-02,0.08,0.28
5.2843e-02,0.07,-0.05
5.2845e-02,0.085,0.275
5.2846e-02,0.02,-0.075
5.2848e-02,0.12,0.295
5.2850e-02,0.17,-0.04
5.2851e-02,0.215,0.275
5.2853e-02,0.055,-0.05
5.2854e-02,0.13,0.275
5.2856e-02,0.075,-0.045
5.2858e-02,0.145,0.275
5.2859e-02,0.14,-0.04
5.2861e-02,0.105,0.27
5.2862e-02,0.17,-0.025
5.2864e-02,0.095,0.26
5.2866e-02,0.2,-0.03
5.2867e-02,0.18,0.26
5.2869e-02,0.125,-0.03
5.2870e-02,0.135,0.26
5.2872e-02,0.16,-0.065
5.2874e-02,0.12,0.3
5.2875e-02,0.16,-0.02
5.2877e-02,0.11,0.25
5.2878e-02,0.145,-0.045
5.2880e-02,0.075,0.28
5.2882e-02,0.14,-0.03
5.2883e-02,0.19,0.26
5.2885e-02,0.155,-0.045
5.2886e-02,0.03,0.275
5.2888e-02,0.11,-0.05
5.2890e-02,0.14,0.28
5.2891e-02,0.19,-0.005
5.2893e-02,0.105,0.235
5.2894e-02,0.095,-0.04
5.2896e-02,0.13,0.275
5.2898e-02,0.12,-0.04
5.2899e-02,0.055,0.27
5.2901e-02,0.095,-0.015
5.2902e-02,0.085,0.245
5.2904e-02,0.04,-0.02
5.2906e-02,0.135,0.255
5.2907e-02,0.085,-0.04
5.2909e-02,0.065,0.265
5.2910e-02,0.13,-0.035
5.2912e-02,0.085,0.26
5.2914e-02,0.145,-0.04
5.2915e-02,0.105,0.275
5.2917e-02,0.025,-0.035
5.2918e-02,0.08,0.265
5.2920e-02,0.13,-0.03
5.2922e-02,0.18,0.255
5.2923e-02,0.17,-0.025
5.2925e-02,0.165,0.26
5.2926e-02,0.025,-0.03
5.2928e-02,0.095,0.27
5.2930e-02,0.09,-0.015
5.2931e-02,0.08,0.255
5.2933e-02,0.085,-0.02
5.2934e-02,0.06,0.25
5.2936e-02,0.165,-0.055
5.2938e-02,0.17,0.285
5.2939e-02,0.16,-0.025
5.2941e-02,0.09,0.255
5.2942e-02,0.195,-0.025
5.2944e-02,0.085,0.265
5.2946e-02,0.18,-0.025
5.2947e-02,0.14,0.255
5.2949e-02,0.105,-0.02
5.2950e-02,0.155,0.25
5.2952e-02,0.065,-0.045
5.2954e-02,0.125,0.27
5.2955e-02,0.135,-0.02
5.2957e-02,0.01,0.255
5.2958e-02,0.12,-0.015
5.2960e-02,0.065,0.255
5.2962e-02,0.095,-0.05
5.2963e-02,0.19,0.285
5.2965e-02,0.125,-0.02
5.2966e-02,0.125,0.26
5.2968e-02,0.095,-0.035
5.2970e-02,0.2,0.265
5.2971e-02,0.18,-0.03
5.2973e-02,0.07,0.27
5.2974e-02,-0.025,-0.015
5.2976e-02,0.07,0.245
5.2978e-02,0.105,-0.04
5.2979e-02,0.1,0.275
5.2981e-02,0.135,-0.045
5.2982e-02,0.11,0.275
5.2984e-02,0.19,-0.045
5.2986e-02,0.175,0.28
5.2987e-02,0.195,-0.04
5.2989e-02,0.105,0.275
5.2990e-02,0.05,-0.01
5.2992e-02,0.1,0.25
5.2994e-02,0.06,-0.04
5.2995e-02,0.11,0.275
5.2997e-02,0.13,-0.035
5.2998e-02,0.105,0.27
5.3000e-02,0.115,-0.02
5.3002e-02,0.04,0.255
5.3003e-02,0.18,-0.035
5.3005e-02,0.165,0.275
5.3006e-02,0.12,-0.03
5.3008e-02,0.095,0.27
5.3010e-02,0.145,-0.05
5.3011e-02,0.145,0.3
5.3013e-02,0.055,-0.025
5.3014e-02,0.105,0.255
5.3016e-02,0.065,-0.02
5.3018e-02,0.12,0.27
5.3019e-02,0.15,-0.025
5.3021e-02,0.025,0.26
5.3022e-02,0.09,-0.01
5.3024e-02,0.18,0.25
5.3026e-02,0.18,-0.035
5.3027e-02,0.185,0.275
5.3029e-02,0.155,-0.025
5.3030e-02,0.175,0.265
5.3032e-02,0.02,-0.01
5.3034e-02,0.165,0.25
5.3035e-02,0.18,-0.03
5.3037e-02,0.165,0.28
5.3038e-02,0.07,-0.015
5.3040e-02,0.07,0.255
5.3042e-02,0.09,-0.035
5.3043e-02,0.12,0.285
5.3045e-02,0.235,-0.005
5.3046e-02,0.1,0.245
5.3048e-02,0.1,-0.03
5.3050e-02,0.08,0.26
5.3051e-02,0.1,-0.025
5.3053e-02,0.05,0.265
5.3054e-02,0.155,-0.035
5.3056e-02,0.07,0.285
5.3058e-02,0.14,-0.05
5.3059e-02,0.09,0.28
5.3061e-02,0.06,-0.035
5.3062e-02,0.08,0.27
5.3064e-02,0.085,-0.02
5.3066e-02,0.135,0.26
5.3067e-02,0.07,-0.015
5.3069e-02,0.12,0.26
5.3070e-02,0.15,-0.025
5.3072e-02,0.1,0.27
5.3074e-02,0.19,-0.055
5.3075e-02,0.16,0.295
5.3077e-02,0.1,-0.075
5.3078e-02,0.085,0.325
5.3080e-02,-0.01,-0.015
5.3082e-02,0.18,0.26
5.3083e-02,0.16,-0.035
5.3085e-02,0.16,0.285
5.3086e-02,0.095,-0.005
5.3088e-02,0.095,0.25
5.3090e-02,0.185,-0.02
5.3091e-02,0.105,0.25
5.3093e-02,0.095,-0.03
5.3094e-02,0.035,0.275
5.3096e-02,0.085,-0.04
5.3098e-02,0.12,0.29
5.3099e-02,0.225,0
5.3101e-02,0.16,0.245
5.3102e-02,0.135,-0.025
5.3104e-02,0.105,0.275
5.3106e-02,0.06,-0.035
5.3107e-02,0.135,0.28
5.3109e-02,0.1,-0.05
5.3110e-02,0.07,0.29
5.3112e-02,0.085,-0.045
5.3114e-02,-0.015,0.29
5.3115e-02,0.12,-0.025
5.3117e-02,0.255,0.265
5.3118e-02,0.13,-0.025
5.3120e-02,0.195,0.275
5.3122e-02,0.07,-0.02
5.3123e-02,0.135,0.27
5.3125e-02,0.16,-0.045
5.3126e-02,0.12,0.3
5.3128e-02,0.07,-0.035
5.3130e-02,0.14,0.285
5.3131e-02,0.085,-0.025
5.3133e-02,0.15,0.265
5.3134e-02,0.12,-0.02
5.3136e-02,0.15,0.27
5.3138e-02,0.095,-0.025
5.3139e-02,0.185,0.275
5.3141e-02,0.115,-0.025
5.3142e-02,0.155,0.265
5.3144e-02,0.145,-0.015
5.3146e-02,0.05,0.26
5.3147e-02,0.12,-0.02
5.3149e-02,0.195,0.27
5.3150e-02,0.13,-0.05
5.3152e-02,0.16,0.295
5.3154e-02,0.05,-0.015
5.3155e-02,0.055,0.27
5.3157e-02,0.16,-0.025
5.3158e-02,0.095,0.275
5.3160e-02,0.15,-0.025
5.3162e-02,0.125,0.27
5.3163e-02,0.13,-0.045
5.3165e-02,0.19,0.295
5.3166e-02,0.155,-0.03
5.3168e-02,0.095,0.275
5.3170e-02,0.11,-0.02
5.3171e-02,0.125,0.27
5.3173e-02,0.155,-0.01
5.3174e-02,0.105,0.26
5.3176e-02,0.17,-0.04
5.3178e-02,0.085,0.29
5.3179e-02,0.13,-0.03
5.3181e-02,0.15,0.275
5.3182e-02,0.135,-0.02
5.3184e-02,0.17,0.27
5.3186e-02,0.085,-0.035
5.3187e-02,0.17,0.28
5.3189e-02,0.135,-0.04
5.3190e-02,0.255,0.285
5.3192e-02,0.18,-0.04
5.3194e-02,0.045,0.29
5.3195e-02,0.165,-0.04
5.3197e-02,0.08,0.285
5.3198e-02,0.2,-0.04
5.3200e-02,0.16,0.285
5.3202e-02,0.085,-0.045
5.3203e-02,0.17,0.295
5.3205e-02,0.17,-0.025
5.3206e-02,0.13,0.28
5.3208e-02,0.175,-0.04
5.3210e-02,0.075,0.285
5.3211e-02,0.1,-0.06
5.3213e-02,0.08,0.305
5.3214e-02,0.155,-0.035
5.3216e-02,0.14,0.285
5.3218e-02,0.14,-0.04
5.3219e-02,0.135,0.29
5.3221e-02,0.155,-0.015
5.3222e-02,0.155,0.265
5.3224e-02,0.175,-0.055
5.3226e-02,0.075,0.3
5.3227e-02,0.07,-0.02
5.3229e-02,0.045,0.27
5.3230e-02,0.18,-0.04
5.3232e-02,0.18,0.285
5.3234e-02,0.095,-0.015
5.3235e-02,0.12,0.275
5.3237e-02,0.14,-0.02
5.3238e-02,0.24,0.275
5.3240e-02,0.14,-0.03
5.3242e-02,0.155,0.28
5.3243e-02,0.125,-0.03
5.3245e-02,0.11,0.28
5.3246e-02,0.145,-0.03
5.3248e-02,0.155,0.28
5.3250e-02,0.07,-0.04
5.3251e-02,0.175,0.285
5.3253e-02,0.16,-0.025
5.3254e-02,0.2,0.28
5.3256e-02,0.145,-0.02
5.3258e-02,0.11,0.275
5.3259e-02,0.15,-0.04
5.3261e-02,0.025,0.3
5.3262e-02,0.23,-0.035
5.3264e-02,0.15,0.3
5.3266e-02,0.19,-0.055
5.3267e-02,0.12,0.31
5.3269e-02,0.13,-0.045
5.3270e-02,0.14,0.295
5.3272e-02,0.215,-0.035
5.3274e-02,0.045,0.285
5.3275e-02,0.095,-0.05
5.3277e-02,0.03,0.32
5.3278e-02,0.165,-0.015
5.3280e-02,0.105,0.27
5.3282e-02,0.08,-0.04
5.3283e-02,0.095,0.3
5.3285e-02,-0.005,-0.025
5.3286e-02,0.14,0.285
5.3288e-02,0.1,-0.035
5.3290e-02,0.085,0.3
5.3291e-02,0.09,-0.015
5.3293e-02,0.08,0.275
5.3294e-02,0.095,-0.035
5.3296e-02,0.13,0.295
5.3298e-02,0.12,-0.015
5.3299e-02,0.075,0.28
5.3301e-02,0.01,-0.04
5.3302e-02,0.045,0.3
5.3304e-02,0.13,-0.04
5.3306e-02,0.18,0.305
5.3307e-02,0.135,-0.03
5.3309e-02,0.04,0.29
5.3310e-02,0.105,-0.015
5.3312e-02,0.175,0.28
5.3314e-02,0.125,-0.05
5.3315e-02,0.14,0.32
5.3317e-02,0,-0.01
5.3318e-02,0.145,0.27
5.3320e-02,0.1,-0.025
5.3322e-02,0.195,0.29
5.3323e-02,0.2,-0.035
5.3325e-02,0.11,0.29
5.3326e-02,0.115,-0.02
5.3328e-02,0.18,0.28
5.3330e-02,0.09,-0.035
5.3331e-02,0.16,0.295
5.3333e-02,0.01,-0.045
5.3334e-02,0.09,0.31
5.3336e-02,0.095,-0.015
5.3338e-02,0.18,0.275
5.3339e-02,0.18,-0.035
5.3341e-02,0.02,0.295
5.3342e-02,0.135,-0.03
5.3344e-02,0.105,0.29
5.3346e-02,0.205,-0.015
5.3347e-02,0.19,0.28
5.3349e-02,0.09,-0.03
5.3350e-02,0.15,0.29
5.3352e-02,0.155,-0.015
5.3354e-02,0.175,0.28
5.3355e-02,0.135,-0.015
5.3357e-02,0.1,0.275
5.3358e-02,0.035,-0.03
5.3360e-02,0.205,0.29
5.3362e-02,0.06,-0.02
5.3363e-02,0.17,0.28
5.3365e-02,0.12,-0.02
5.3366e-02,0.06,0.275
5.3368e-02,0.16,-0.04
5.3370e-02,0.185,0.305
5.3371e-02,0.185,-0.065
5.3373e-02,0.18,0.33
5.3374e-02,0.065,-0.015
5.3376e-02,0.015,0.275
5.3378e-02,0.11,-0.055
5.3379e-02,0.14,0.31
5.3381e-02,0.185,-0.035
5.3382e-02,0.165,0.29
5.3384e-02,0.1,-0.01
5.3386e-02,0.16,0.275
5.3387e-02,0.125,-0.055
5.3389e-02,0.07,0.305
5.3390e-02,0.06,-0.04
5.3392e-02,0.16,0.295
5.3394e-02,0.12,-0.01
5.3395e-02,0.205,0.265
5.3397e-02,0.185,-0.035
5.3398e-02,0.14,0.29
5.3400e-02,0.265,-0.045
5.3402e-02,0.135,0.305
5.3403e-02,0.16,-0.02
5.3405e-02,0.12,0.28
5.3406e-02,0.055,-0.02
5.3408e-02,0.105,0.28
5.3410e-02,0.135,-0.025
5.3411e-02,0.16,0.29
5.3413e-02,0.235,-0.04
5.3414e-02,0.205,0.3
5.3416e-02,0.065,-0.035
5.3418e-02,0.175,0.3
5.3419e-02,0.175,-0.03
5.3421e-02,0.11,0.29
5.3422e-02,0.18,-0.015
5.3424e-02,0.16,0.28
5.3426e-02,0.22,-0.02
5.3427e-02,0.245,0.285
5.3429e-02,0.24,-0.04
5.3430e-02,0.055,0.3
5.3432e-02,0.17,-0.015
5.3434e-02,0.085,0.285
5.3435e-02,0.075,-0.02
5.3437e-02,0.075,0.285
5.3438e-02,0.13,-0.025
5.3440e-02,0.15,0.295
5.3442e-02,0.225,-0.015
5.3443e-02,0.155,0.285
5.3445e-02,0.135,-0.05
5.3446e-02,0.085,0.31
5.3448e-02,0.055,-0.03
5.3450e-02,0.05,0.295
5.3451e-02,0.125,-0.04
5.3453e-02,0.095,0.31
5.3454e-02,0.13,-0.04
5.3456e-02,0.15,0.31
5.3458e-02,0.15,-0.025
5.3459e-02,0.085,0.3
5.3461e-02,0.105,-0.015
5.3462e-02,0.005,0.28
5.3464e-02,0.13,-0.035
5.3466e-02,0.155,0.31
5.3467e-02,0.2,-0.035
5.3469e-02,0.085,0.31
5.3470e-02,0.145,-0.05
5.3472e-02,0.16,0.32
5.3474e-02,0.15,-0.04
5.3475e-02,0.175,0.305
5.3477e-02,0.18,-0.025
5.3478e-02,0.105,0.295
5.3480e-02,0.17,-0.01
5.3482e-02,0.07,0.285
5.3483e-02,0.125,-0.04
5.3485e-02,0.17,0.315
5.3486e-02,0.105,-0.065
5.3488e-02,0.195,0.33
5.3490e-02,0.15,-0.035
5.3491e-02,0.115,0.315
5.3493e-02,0.065,-0.02
5.3494e-02,0.105,0.295
5.3496e-02,0.075,-0.02
5.3498e-02,0.215,0.295
5.3499e-02,0.14,-0.035
5.3501e-02,0.16,0.305
5.3502e-02,0.1,-0.03
5.3504e-02,0.155,0.3
5.3506e-02,0.115,-0.055
5.3507e-02,0.1,0.32
5.3509e-02,0.065,-0.045
5.3510e-02,0.03,0.315
5.3512e-02,0.19,-0.03
5.3514e-02,0.18,0.3
5.3515e-02,0.13,-0.07
5.3517e-02,0.19,0.33
5.3518e-02,0.16,-0.05
5.3520e-02,0.17,0.325
5.3522e-02,0.205,-0.04
5.3523e-02,0.14,0.31
5.3525e-02,0.11,-0.06
5.3526e-02,0.215,0.325
5.3528e-02,0.195,-0.02
5.3530e-02,0.21,0.3
5.3531e-02,0.225,-0.035
5.3533e-02,0.175,0.305
5.3534e-02,0.125,-0.025
5.3536e-02,0.2,0.3
5.3538e-02,0.155,-0.025
5.3539e-02,0.16,0.295
5.3541e-02,0.14,-0.02
5.3542e-02,0.115,0.305
5.3544e-02,0.14,-0.045
5.3546e-02,0.175,0.31
5.3547e-02,0.06,-0.035
5.3549e-02,0.06,0.315
5.3550e-02,0.025,-0.03
5.3552e-02,0.035,0.31
5.3554e-02,0.165,-0.01
5.3555e-02,0,0.29
5.3557e-02,0.095,-0.045
5.3558e-02,0.105,0.305
5.3560e-02,0.12,-0.045
5.3562e-02,0.125,0.325
5.3563e-02,0.07,-0.065
5.3565e-02,0.04,0.35
5.3566e-02,0.13,-0.06
5.3568e-02,0.135,0.34
5.3570e-02,0.175,-0.06
5.3571e-02,0.16,0.33
5.3573e-02,0.125,-0.05
5.3574e-02,0.125,0.32
5.3576e-02,0.19,-0.015
5.3578e-02,0.13,0.295
5.3579e-02,0.155,-0.005
5.3581e-02,0.095,0.285
5.3582e-02,0.08,-0.02
5.3584e-02,0.13,0.305
5.3586e-02,0.135,-0.025
5.3587e-02,0.12,0.3
5.3589e-02,0.17,-0.015
5.3590e-02,0.15,0.3
5.3592e-02,0.225,-0.02
5.3594e-02,0.125,0.295
5.3595e-02,0.08,-0.03
5.3597e-02,0.07,0.32
5.3598e-02,0.105,-0.025
5.3600e-02,0.26,0.305
5.3602e-02,0.18,0
5.3603e-02,0.135,0.285
5.3605e-02,0.06,-0.03
5.3606e-02,0.16,0.315
5.3608e-02,0.125,-0.02
5.3610e-02,0.155,0.3
5.3611e-02,0.115,-0.01
5.3613e-02,0.095,0.285
5.3614e-02,0.225,-0.015
5.3616e-02,0.15,0.285
5.3618e-02,0.245,-0.02
5.3619e-02,0.16,0.305
5.3621e-02,0.16,-0.01
5.3622e-02,0.09,0.295
5.3624e-02,0.07,-0.02
5.3626e-02,0.11,0.3
5.3627e-02,0.115,-0.04
5.3629e-02,0.125,0.32
5.3630e-02,0.025,-0.045
5.3632e-02,0.17,0.32
5.3634e-02,0.11,-0.035
5.3635e-02,0.145,0.31
5.3637e-02,0.105,-0.05
5.3638e-02,0.055,0.31
5.3640e-02,0.115,-0.005
5.3642e-02,0.06,0.28
5.3643e-02,0.04,-0.015
5.3645e-02,0.145,0.295
5.3646e-02,0.1,-0.015
5.3648e-02,0.15,0.295
5.3650e-02,0.1,-0.015
5.3651e-02,-0.005,0.295
5.3653e-02,0.12,-0.025
5.3654e-02,0.075,0.295
5.3656e-02,0.135,0
5.3658e-02,0.015,0.275
5.3659e-02,0.07,-0.02
5.3661e-02,0.14,0.295
5.3662e-02,0.14,-0.025
5.3664e-02,0.15,0.3
5.3666e-02,0.1,-0.02
5.3667e-02,0.03,0.29
5.3669e-02,0.05,-0.03
5.3670e-02,0.07,0.3
5.3672e-02,0.185,-0.045
5.3674e-02,0.13,0.33
5.3675e-02,0.17,-0.015
5.3677e-02,0.12,0.29
5.3678e-02,0.125,-0.03
5.3680e-02,0.265,0.305
5.3682e-02,0.155,-0.005
5.3683e-02,0.14,0.285
5.3685e-02,0.08,-0.015
5.3686e-02,0.075,0.29
5.3688e-02,0.185,-0.015
5.3690e-02,0.185,0.295
5.3691e-02,0.08,-0.015
5.3693e-02,0.165,0.3
5.3694e-02,0.105,-0.01
5.3696e-02,0.15,0.285
5.3698e-02,0.095,-0.015
5.3699e-02,0.12,0.29
5.3701e-02,0.04,-0.01
5.3702e-02,0.105,0.295
5.3704e-02,0.18,-0.02
5.3706e-02,0.09,0.305
5.3707e-02,0.135,-0.025
5.3709e-02,0.13,0.3
5.3710e-02,0.035,-0.025
5.3712e-02,0.15,0.305
5.3714e-02,0.06,-0.02
5.3715e-02,0.165,0.305
5.3717e-02,0.155,0
5.3718e-02,0.21,0.285
5.3720e-02,0.195,-0.015
5.3722e-02,0.21,0.3
5.3723e-02,0.145,-0.05
5.3725e-02,0.085,0.325
5.3726e-02,0.155,-0.01
5.3728e-02,0.155,0.295
5.3730e-02,0.145,-0.02
5.3731e-02,0.095,0.31
5.3733e-02,0.18,0
5.3734e-02,0.14,0.29
5.3736e-02,0.2,0
5.3738e-02,0.215,0.285
5.3739e-02,0.1,0
5.3741e-02,0.095,0.285
5.3742e-02,0.175,-0.015
5.3744e-02,0.125,0.31
5.3746e-02,0.125,-0.025
5.3747e-02,0.08,0.31
5.3749e-02,0.205,-0.045
5.3750e-02,0.08,0.33
5.3752e-02,0.255,-0.035
5.3754e-02,0.09,0.32
5.3755e-02,0.14,-0.015
5.3757e-02,0.12,0.3
5.3758e-02,0.145,-0.025
5.3760e-02,0.14,0.305
5.3762e-02,0.095,-0.03
5.3763e-02,0.15,0.315
5.3765e-02,0.085,-0.055
5.3766e-02,0.095,0.335
5.3768e-02,0.17,-0.02
5.3770e-02,0.04,0.3
5.3771e-02,0.07,-0.01
5.3773e-02,0.045,0.3
5.3774e-02,0.115,-0.02
5.3776e-02,0.13,0.31
5.3778e-02,0.16,-0.02
5.3779e-02,0.175,0.295
5.3781e-02,0.1,-0.045
5.3782e-02,0.27,0.325
5.3784e-02,0.145,-0.035
5.3786e-02,0.17,0.32
5.3787e-02,0.05,-0.025
5.3789e-02,0.14,0.31
5.3790e-02,0.17,-0.025
5.3792e-02,0.185,0.315
5.3794e-02,0.225,-0.01
5.3795e-02,0.11,0.29
5.3797e-02,0.165,-0.025
5.3798e-02,0.18,0.31
5.3800e-02,0.1,-0.035
5.3802e-02,0.07,0.315
5.3803e-02,0.08,-0.02
5.3805e-02,0.11,0.3
5.3806e-02,0.115,-0.005
5.3808e-02,0.155,0.29
5.3810e-02,0.195,-0.01
5.3811e-02,0.1,0.3
5.3813e-02,0.21,-0.02
5.3814e-02,0.13,0.3
5.3816e-02,0.165,-0.025
5.3818e-02,0.105,0.31
5.3819e-02,0.155,-0.01
5.3821e-02,0.09,0.295
5.3822e-02,0.15,-0.05
5.3824e-02,0.165,0.34
5.3826e-02,0.065,-0.005
5.3827e-02,0.035,0.3
5.3829e-02,0.14,-0.02
5.3830e-02,0.15,0.31
5.3832e-02,0.16,-0.02
5.3834e-02,0.105,0.305
5.3835e-02,0.06,-0.045
5.3837e-02,0.09,0.33
5.3838e-02,0.185,-0.005
5.3840e-02,0.2,0.295
5.3842e-02,0.14,-0.01
5.3843e-02,0.2,0.3
5.3845e-02,0.175,-0.005
5.3846e-02,0.21,0.295
5.3848e-02,0.145,-0.04
5.3850e-02,0.16,0.33
5.3851e-02,0.1,-0.04
5.3853e-02,0.17,0.33
5.3854e-02,0.19,-0.01
5.3856e-02,0.17,0.3
5.3858e-02,0.195,-0.035
5.3859e-02,0.17,0.325
5.3861e-02,0.1,0.005
5.3862e-02,0.22,0.29
5.3864e-02,0.18,-0.015
5.3866e-02,0.17,0.305
5.3867e-02,0.155,0.005
5.3869e-02,0.2,0.295
5.3870e-02,0.18,-0.01
5.3872e-02,0.255,0.315
5.3874e-02,0.09,-0.01
5.3875e-02,0.085,0.305
5.3877e-02,0.07,-0.005
5.3878e-02,0.135,0.3
5.3880e-02,0.08,-0.015
5.3882e-02,0.125,0.31
5.3883e-02,0.13,-0.015
5.3885e-02,0.145,0.315
5.3886e-02,0.185,-0.005
5.3888e-02,0.18,0.305
5.3890e-02,0.105,-0.025
5.3891e-02,0.16,0.32
5.3893e-02,0.15,-0.015
5.3894e-02,0.12,0.315
5.3896e-02,0.175,-0.005
5.3898e-02,0.19,0.305
5.3899e-02,0.16,-0.005
5.3901e-02,0.15,0.3
5.3902e-02,0.175,-0.015
5.3904e-02,0.195,0.305
5.3906e-02,0.17,0.01
5.3907e-02,0.18,0.29
5.3909e-02,0.19,-0.02
5.3910e-02,0.245,0.315
5.3912e-02,0.265,-0.005
5.3914e-02,0.18,0.31
5.3915e-02,0.095,-0.025
5.3917e-02,0.185,0.325
5.3918e-02,0.15,0
5.3920e-02,0.175,0.3
5.3922e-02,0.185,0.015
5.3923e-02,0.175,0.285
5.3925e-02,0.195,-0.005
5.3926e-02,0.335,0.3
5.3928e-02,0.195,-0.03
5.3930e-02,0.145,0.335
5.3931e-02,0.2,-0.045
5.3933e-02,0.09,0.33
5.3934e-02,0.135,-0.015
5.3936e-02,0.095,0.31
5.3938e-02,0.215,-0.01
5.3939e-02,0.125,0.315
5.3941e-02,0.145,0.005
5.3942e-02,0.16,0.29
5.3944e-02,0.145,-0.035
5.3946e-02,0.145,0.33
5.3947e-02,0.14,-0.015
5.3949e-02,0.17,0.31
5.3950e-02,0.125,0
5.3952e-02,0.225,0.285
5.3954e-02,0.14,-0.015
5.3955e-02,0.03,0.305
5.3957e-02,0.125,-0.015
5.3958e-02,0.14,0.305
5.3960e-02,0.175,0
5.3962e-02,0.13,0.29
5.3963e-02,0.14,0.01
5.3965e-02,0.14,0.285
5.3966e-02,0.125,-0.025
5.3968e-02,0.13,0.32
5.3970e-02,0.045,-0.045
5.3971e-02,0.11,0.34
5.3973e-02,0.21,-0.01
5.3974e-02,0.155,0.305
5.3976e-02,0.11,0.015
5.3978e-02,0.14,0.285
5.3979e-02,0.11,-0.015
5.3981e-02,0.15,0.305
5.3982e-02,0.22,-0.04
5.3984e-02,0.22,0.34
5.3986e-02,0.205,0
5.3987e-02,0.065,0.3
5.3989e-02,0.135,-0.01
5.3990e-02,0.065,0.305
5.3992e-02,0.12,-0.005
5.3994e-02,0.15,0.305
5.3995e-02,0.12,-0.03
5.3997e-02,0.05,0.32
5.3998e-02,0.2,-0.025
5.4000e-02,0.17,0.32
5.4002e-02,0.155,-0.015
5.4003e-02,0.18,0.315
5.4005e-02,0.205,-0.02
5.4006e-02,0.2,0.315
5.4008e-02,0.185,-0.015
5.4010e-02,0.19,0.31
5.4011e-02,0.125,-0.035
5.4013e-02,0.185,0.33
5.4014e-02,0.24,-0.04
5.4016e-02,0.22,0.335
5.4018e-02,0.11,0.01
5.4019e-02,0.095,0.295
5.4021e-02,0.095,-0.045
5.4022e-02,0.125,0.35
5.4024e-02,0.065,0.005
5.4026e-02,0.215,0.3
5.4027e-02,0.17,-0.03
5.4029e-02,0.15,0.325
5.4030e-02,0.21,-0.015
5.4032e-02,0.07,0.315
5.4034e-02,0.145,-0.005
5.4035e-02,0.085,0.305
5.4037e-02,0.23,0
5.4038e-02,0.14,0.3
5.4040e-02,0.16,0.005
5.4042e-02,0.17,0.3
5.4043e-02,0.14,-0.03
5.4045e-02,0.11,0.33
5.4046e-02,0.265,-0.005
5.4048e-02,0.19,0.31
5.4050e-02,0.195,-0.035
5.4051e-02,0.07,0.34
5.4053e-02,0.185,-0.005
5.4054e-02,0.185,0.3
5.4056e-02,0.25,-0.035
5.4058e-02,0.24,0.34
5.4059e-02,0.215,-0.005
5.4061e-02,0.18,0.315
5.4062e-02,0.2,0.01
5.4064e-02,0.155,0.295
5.4066e-02,0.105,0
5.4067e-02,0.135,0.31
5.4069e-02,0.255,0.01
5.4070e-02,0.195,0.3
5.4072e-02,0.22,-0.035
5.4074e-02,0.14,0.335
5.4075e-02,0.12,-0.005
5.4077e-02,0.1,0.32
5.4078e-02,0.13,-0.025
5.4080e-02,0.105,0.33
5.4082e-02,0.13,-0.025
5.4083e-02,0.155,0.34
5.4085e-02,0.085,0
5.4086e-02,0.195,0.305
5.4088e-02,0.09,-0.025
5.4090e-02,0.11,0.33
5.4091e-02,0.045,-0.035
5.4093e-02,0.22,0.345
5.4094e-02,0.11,0
5.4096e-02,0.165,0.305
5.4098e-02,0.07,-0.02
5.4099e-02,0.095,0.32
5.4101e-02,0.115,-0.01
5.4102e-02,0.16,0.315
5.4104e-02,0.125,-0.015
5.4106e-02,0.12,0.32
5.4107e-02,0.165,-0.005
5.4109e-02,0.19,0.315
5.4110e-02,0.21,-0.01
5.4112e-02,0.21,0.305
5.4114e-02,0.115,-0.01
5.4115e-02,0.22,0.315
5.4117e-02,0.095,0.01
5.4118e-02,0.155,0.3
5.4120e-02,0.045,-0.005
5.4122e-02,0.11,0.3
5.4123e-02,0.055,-0.005
5.4125e-02,0.155,0.31
5.4126e-02,0.17,-0.005
5.4128e-02,0.065,0.31
5.4130e-02,0.14,-0.015
5.4131e-02,0.095,0.325
5.4133e-02,0.17,-0.02
5.4134e-02,0.145,0.325
5.4136e-02,0.12,-0.045
5.4138e-02,0.08,0.345
5.4139e-02,0.21,-0.005
5.4141e-02,0.17,0.31
5.4142e-02,0.17,0
5.4144e-02,0.115,0.31
5.4146e-02,0.13,-0.02
5.4147e-02,0.09,0.32
5.4149e-02,0.175,-0.025
5.4150e-02,0.065,0.345
5.4152e-02,0.06,-0.04
5.4154e-02,0.115,0.33
5.4155e-02,0.13,-0.015
5.4157e-02,0.215,0.315
5.4158e-02,0.205,-0.03
5.4160e-02,0.185,0.33
5.4162e-02,0.205,-0.045
5.4163e-02,0.21,0.35
5.4165e-02,0.18,0
5.4166e-02,0.285,0.3
5.4168e-02,0.15,-0.035
5.4170e-02,0.215,0.345
5.4171e-02,0.18,-0.04
5.4173e-02,0.205,0.345
5.4174e-02,0.16,0.005
5.4176e-02,0.02,0.305
5.4178e-02,0.09,-0.015
5.4179e-02,0.16,0.33
5.4181e-02,0.175,0.02
5.4182e-02,0.205,0.29
5.4184e-02,0.11,0
5.4186e-02,0.155,0.305
5.4187e-02,0.155,-0.005
5.4189e-02,0.1,0.31
5.4190e-02,0.105,-0.005
5.4192e-02,0.07,0.31
5.4194e-02,0.21,-0.02
5.4195e-02,0.225,0.34
5.4197e-02,0.215,-0.025
5.4198e-02,0.14,0.33
5.4200e-02,0.14,-0.015
5.4202e-02,0.105,0.32
5.4203e-02,0.23,-0.02
5.4205e-02,0.14,0.335
5.4206e-02,0.195,0
5.4208e-02,0.125,0.31
5.4210e-02,0.095,0
5.4211e-02,0.13,0.31
5.4213e-02,0.11,0.015
5.4214e-02,0.15,0.3
5.4216e-02,0.135,0.01
5.4218e-02,0.1,0.305
5.4219e-02,0.18,-0.01
5.4221e-02,0.19,0.315
5.4222e-02,0.145,-0.03
5.4224e-02,0.16,0.34
5.4226e-02,0.14,0
5.4227e-02,0.14,0.315
5.4229e-02,0.155,0.015
5.4230e-02,0.06,0.295
5.4232e-02,0.145,0.015
5.4234e-02,0.185,0.3
5.4235e-02,0.205,0.02
5.4237e-02,0.175,0.29
5.4238e-02,0.035,0.01
5.4240e-02,0.15,0.305
5.4242e-02,0.145,0
5.4243e-02,0.205,0.32
5.4245e-02,0.24,0.005
5.4246e-02,0.145,0.305
5.4248e-02,0.185,0.01
5.4250e-02,0.07,0.305
5.4251e-02,0.165,0.025
5.4253e-02,0.12,0.29
5.4254e-02,0.225,-0.005
5.4256e-02,0.145,0.33
5.4258e-02,0.225,0.015
5.4259e-02,0.095,0.31
5.4261e-02,0.135,-0.005
5.4262e-02,0.125,0.315
5.4264e-02,0.07,-0.005
5.4266e-02,0.15,0.32
5.4267e-02,0.245,0
5.4269e-02,0.165,0.315
5.4270e-02,0.215,0.01
5.4272e-02,0.03,0.305
5.4274e-02,0.155,0.015
5.4275e-02,0.21,0.3
5.4277e-02,0.105,0.005
5.4278e-02,0.13,0.315
5.4280e-02,0.055,0.01
5.4282e-02,0.175,0.305
5.4283e-02,0.205,0.015
5.4285e-02,0.18,0.295
5.4286e-02,0.15,0.02
5.4288e-02,0.15,0.295
5.4290e-02,0.18,0.01
5.4291e-02,0.165,0.295
5.4293e-02,0.235,0.01
5.4294e-02,0.195,0.305
5.4296e-02,0.175,0
5.4298e-02,0.22,0.315
5.4299e-02,0.205,-0.01
5.4301e-02,0.235,0.34
5.4302e-02,0.205,0
5.4304e-02,0.16,0.315
5.4306e-02,0.185,-0.01
5.4307e-02,0.19,0.325
5.4309e-02,0.16,0
5.4310e-02,0.18,0.315
5.4312e-02,0.075,0
5.4314e-02,0.245,0.315
5.4315e-02,0.19,-0.01
5.4317e-02,0.21,0.33
5.4318e-02,0.085,-0.015
5.4320e-02,0.055,0.335
5.4322e-02,0.165,-0.015
5.4323e-02,0.15,0.325
5.4325e-02,0.225,0.01
5.4326e-02,0.155,0.315
5.4328e-02,0.125,0.005
5.4330e-02,0.165,0.32
5.4331e-02,0.155,0.01
5.4333e-02,0.105,0.315
5.4334e-02,0.19,0.01
5.4336e-02,0.095,0.305
5.4338e-02,0.195,-0.035
5.4339e-02,0.14,0.36
5.4341e-02,0.205,0
5.4342e-02,0.18,0.32
5.4344e-02,0.165,-0.01
5.4346e-02,0.215,0.335
5.4347e-02,0.205,0.01
5.4349e-02,0.2,0.31
5.4350e-02,0.135,0.01
5.4352e-02,0.125,0.305
5.4354e-02,0.185,-0.005
5.4355e-02,0.265,0.315
5.4357e-02,0.155,0.005
5.4358e-02,0.275,0.31
5.4360e-02,0.06,-0.015
5.4362e-02,0.265,0.345
5.4363e-02,0.125,-0.025
5.4365e-02,0.165,0.335
5.4366e-02,0.16,-0.015
5.4368e-02,0.19,0.34
5.4370e-02,0.22,0.015
5.4371e-02,0.2,0.305
5.4373e-02,0.205,-0.005
5.4374e-02,0.18,0.325
5.4376e-02,0.115,0
5.4378e-02,0.07,0.33
5.4379e-02,0.14,0.005
5.4381e-02,0.09,0.31
5.4382e-02,0.19,0
5.4384e-02,0.07,0.325
5.4386e-02,0.19,0.01
5.4387e-02,0.14,0.31
5.4389e-02,0.155,0
5.4390e-02,0.065,0.32
5.4392e-02,0.11,0
5.4394e-02,0.235,0.32
5.4395e-02,0.225,0.015
5.4397e-02,0.26,0.305
5.4398e-02,0.16,0
5.4400e-02,0.155,0.325
5.4402e-02,0.135,0.005
5.4403e-02,0.14,0.315
5.4405e-02,0.165,0.015
5.4406e-02,0.165,0.31
5.4408e-02,0.185,-0.005
5.4410e-02,0.125,0.33
5.4411e-02,0.125,-0.025
5.4413e-02,0.23,0.355
5.4414e-02,0.16,0.005
5.4416e-02,0.185,0.32
5.4418e-02,0.125,0.015
5.4419e-02,0.14,0.305
5.4421e-02,0.235,0.005
5.4422e-02,0.1,0.315
5.4424e-02,0.13,-0.01
5.4426e-02,0.095,0.33
5.4427e-02,0.14,0.005
5.4429e-02,0.25,0.32
5.4430e-02,0.195,0.02
5.4432e-02,0.17,0.31
5.4434e-02,0.18,-0.065
5.4435e-02,0.19,0.38
5.4437e-02,0.14,-0.06
5.4438e-02,0.175,0.395
5.4440e-02,0.105,-0.01
5.4442e-02,0.2,0.335
5.4443e-02,0.205,0.02
5.4445e-02,0.235,0.305
5.4446e-02,0.225,-0.005
5.4448e-02,0.155,0.325
5.4450e-02,0.135,0.01
5.4451e-02,0.155,0.325
5.4453e-02,0.125,0.025
5.4454e-02,0.185,0.305
5.4456e-02,0.12,0.005
5.4458e-02,0.055,0.325
5.4459e-02,0.135,-0.03
5.4461e-02,0.165,0.36
5.4462e-02,0.17,0.015
5.4464e-02,0.21,0.32
5.4466e-02,0.13,0.015
5.4467e-02,0.2,0.31
5.4469e-02,0.155,0.02
5.4470e-02,0.155,0.31
5.4472e-02,0.11,0.01
5.4474e-02,0.095,0.32
5.4475e-02,0.075,-0.01
5.4477e-02,0.135,0.335
5.4478e-02,0.14,-0.02
5.4480e-02,0.245,0.355
5.4482e-02,0.23,0.005
5.4483e-02,0.175,0.315
5.4485e-02,0.295,0.01
5.4486e-02,0.245,0.32
5.4488e-02,0.19,-0.02
5.4490e-02,0.225,0.35
5.4491e-02,0.095,-0.015
5.4493e-02,0.2,0.345
5.4494e-02,0.235,-0.02
5.4496e-02,0.21,0.36
5.4498e-02,0.225,-0.005
5.4499e-02,0.21,0.33
5.4501e-02,0.145,0.02
5.4502e-02,0.17,0.31
5.4504e-02,0.105,0.005
5.4506e-02,0.115,0.325
5.4507e-02,0.13,0.005
5.4509e-02,0.035,0.325
5.4510e-02,0.16,-0.01
5.4512e-02,0.16,0.34
5.4514e-02,0.115,0.02
5.4515e-02,0.155,0.3
5.4517e-02,0.08,0.01
5.4518e-02,0.15,0.31
5.4520e-02,0.2,0.01
5.4522e-02,0.14,0.315
5.4523e-02,0.1,0.005
5.4525e-02,0.125,0.325
5.4526e-02,0.155,0.015
5.4528e-02,0.19,0.31
5.4530e-02,0.18,0
5.4531e-02,0.11,0.325
5.4533e-02,0.1,0.01
5.4534e-02,0.115,0.32
5.4536e-02,0.15,0.005
5.4538e-02,0.075,0.315
5.4539e-02,0.15,-0.005
5.4541e-02,0.09,0.33
5.4542e-02,0.13,0.01
5.4544e-02,0.16,0.32
5.4546e-02,0.145,-0.015
5.4547e-02,0.15,0.335
5.4549e-02,0.085,0.02
5.4550e-02,0.215,0.31
5.4552e-02,0.23,-0.015
5.4554e-02,0.26,0.33
5.4555e-02,0.17,0.02
5.4557e-02,0.12,0.305
5.4558e-02,0.155,0.015
5.4560e-02,0.13,0.315
5.4562e-02,0.14,0
5.4563e-02,0.115,0.325
5.4565e-02,0.135,-0.02
5.4566e-02,0.28,0.35
5.4568e-02,0.185,0.03
5.4570e-02,0.225,0.3
5.4571e-02,0.14,0
5.4573e-02,0.06,0.34
5.4574e-02,0.185,-0.005
5.4576e-02,0.16,0.33
5.4578e-02,0.245,0.02
5.4579e-02,0.22,0.31
5.4581e-02,0.17,0
5.4582e-02,0.125,0.335
5.4584e-02,0.1,0.015
5.4586e-02,0.255,0.315
5.4587e-02,0.205,0.03
5.4589e-02,0.17,0.305
5.4590e-02,0.14,0.005
5.4592e-02,0.105,0.33
5.4594e-02,0.22,0
5.4595e-02,0.17,0.345
5.4597e-02,0.125,0.03
5.4598e-02,0.15,0.305
5.4600e-02,0.185,0.03
5.4602e-02,0.255,0.31
5.4603e-02,0.18,0.015
5.4605e-02,0.155,0.32
5.4606e-02,0.125,-0.015
5.4608e-02,0.165,0.355
5.4610e-02,0.215,-0.005
5.4611e-02,0.17,0.345
5.4613e-02,0.2,0.02
5.4614e-02,0.145,0.325
5.4616e-02,0.14,0.015
5.4618e-02,0.155,0.325
5.4619e-02,0.21,0.005
5.4621e-02,0.12,0.335
5.4622e-02,0.15,0.015
5.4624e-02,0.13,0.325
5.4626e-02,0.255,0.02
5.4627e-02,0.24,0.32
5.4629e-02,0.18,0
5.4630e-02,0.125,0.34
5.4632e-02,0.07,0
5.4634e-02,0.13,0.335
5.4635e-02,0.175,0.02
5.4637e-02,0.165,0.315
5.4638e-02,0.205,0.01
5.4640e-02,0.22,0.335
5.4642e-02,0.205,-0.01
5.4643e-02,0.17,0.345
5.4645e-02,0.015,0
5.4646e-02,0.16,0.33
5.4648e-02,0.15,0.015
5.4650e-02,0.225,0.33
5.4651e-02,0.155,0.015
5.4653e-02,0.16,0.325
5.4654e-02,0.14,0.03
5.4656e-02,0.175,0.31
5.4658e-02,0.175,0
5.4659e-02,0.2,0.33
5.4661e-02,0.13,0
5.4662e-02,0.16,0.335
5.4664e-02,0.14,-0.01
5.4666e-02,0.15,0.345
5.4667e-02,0.22,0.02
5.4669e-02,0.17,0.315
5.4670e-02,0.175,0
5.4672e-02,0.22,0.33
5.4674e-02,0.185,0
5.4675e-02,0.13,0.335
5.4677e-02,0.11,0.01
5.4678e-02,0.075,0.315
5.4680e-02,0.16,-0.005
5.4682e-02,0.27,0.335
5.4683e-02,0.255,0
5.4685e-02,0.155,0.335
5.4686e-02,0.185,-0.01
5.4688e-02,0.13,0.335
5.4690e-02,0.155,0
5.4691e-02,0.145,0.33
5.4693e-02,0.105,0.02
5.4694e-02,0.09,0.31
5.4696e-02,0.145,-0.005
5.4698e-02,0.145,0.325
5.4699e-02,0.14,0
5.4701e-02,0.235,0.335
5.4702e-02,0.17,0
5.4704e-02,0.14,0.33
5.4706e-02,0.175,0.03
5.4707e-02,0.06,0.31
5.4709e-02,0.195,0.025
5.4710e-02,0.1,0.31
5.4712e-02,0.18,0.035
5.4714e-02,0.25,0.305
5.4715e-02,0.13,0.005
5.4717e-02,0.185,0.325
5.4718e-02,0.11,-0.025
5.4720e-02,0.15,0.36
5.4722e-02,0.285,0
5.4723e-02,0.14,0.34
5.4725e-02,0.125,0.03
5.4726e-02,0.16,0.305
5.4728e-02,0.1,0.005
5.4730e-02,0.225,0.335
5.4731e-02,0.15,-0.01
5.4733e-02,0.13,0.35
5.4734e-02,0.09,-0.01
5.4736e-02,0.18,0.36
5.4738e-02,0.085,-0.01
5.4739e-02,0.255,0.36
5.4741e-02,0.18,0.02
5.4742e-02,0.205,0.32
5.4744e-02,0.265,0.015
5.4746e-02,0.19,0.335
5.4747e-02,0.19,0.03
5.4749e-02,0.125,0.315
5.4750e-02,0.055,0.015
5.4752e-02,0.15,0.34
5.4754e-02,0.21,0.005
5.4755e-02,0.19,0.34
5.4757e-02,0.195,0.01
5.4758e-02,0.185,0.33
5.4760e-02,0.205,0.005
5.4762e-02,0.32,0.345
5.4763e-02,0.155,0
5.4765e-02,0.13,0.35
5.4766e-02,0.175,0
5.4768e-02,0.2,0.35
5.4770e-02,0.17,0.02
5.4771e-02,0.235,0.335
5.4773e-02,0.165,0.015
5.4774e-02,0.185,0.335
5.4776e-02,0.27,0.02
5.4778e-02,0.15,0.33
5.4779e-02,0.18,0.02
5.4781e-02,0.145,0.33
5.4782e-02,0.145,0.025
5.4784e-02,0.145,0.33
5.4786e-02,0.195,0.005
5.4787e-02,0.19,0.355
5.4789e-02,0.19,0.025
5.4790e-02,0.165,0.32
5.4792e-02,0.15,0.03
5.4794e-02,0.19,0.32
5.4795e-02,0.19,-0.02
5.4797e-02,0.16,0.38
5.4798e-02,0.135,0.01
5.4800e-02,0.19,0.33
5.4802e-02,0.235,0.02
5.4803e-02,0.18,0.325
5.4805e-02,0.175,-0.005
5.4806e-02,0.16,0.355
5.4808e-02,0.16,-0.015
5.4810e-02,0.24,0.36
5.4811e-02,0.095,0
5.4813e-02,0.155,0.34
5.4814e-02,0.15,0.005
5.4816e-02,0.19,0.34
5.4818e-02,0.18,0.025
5.4819e-02,0.23,0.32
5.4821e-02,0.125,0.02
5.4822e-02,0.1,0.325
5.4824e-02,0.105,0.01
5.4826e-02,0.115,0.34
5.4827e-02,0.18,0.005
5.4829e-02,0.22,0.34
5.4830e-02,0.14,-0.01
5.4832e-02,0.23,0.33
5.4834e-02,0.215,-0.02
5.4835e-02,0.195,0.37
5.4837e-02,0.1,0.005
5.4838e-02,0.12,0.35
5.4840e-02,0.13,0.01
5.4842e-02,0.245,0.335
5.4843e-02,0.22,0.025
5.4845e-02,0.22,0.32
5.4846e-02,0.2,0.02
5.4848e-02,0.205,0.32
5.4850e-02,0.16,0.015
5.4851e-02,0.18,0.32
5.4853e-02,0.06,0.005
5.4854e-02,0.09,0.345
5.4856e-02,0.115,0
5.4858e-02,0.15,0.335
5.4859e-02,0.175,0
5.4861e-02,0.175,0.34
5.4862e-02,0.085,0.015
5.4864e-02,0.255,0.325
5.4866e-02,0.22,-0.005
5.4867e-02,0.265,0.35
5.4869e-02,0.125,0.015
5.4870e-02,0.045,0.325
5.4872e-02,0.155,0.015
5.4874e-02,0.11,0.325
5.4875e-02,0.265,-0.005
5.4877e-02,0.175,0.35
5.4878e-02,0.265,0.015
5.4880e-02,0.23,0.33
5.4882e-02,0.23,0.02
5.4883e-02,0.18,0.33
5.4885e-02,0.185,-0.015
5.4886e-02,0.15,0.36
5.4888e-02,0.205,-0.02
5.4890e-02,0.165,0.38
5.4891e-02,0.19,0.015
5.4893e-02,0.17,0.335
5.4894e-02,0.13,-0.02
5.4896e-02,0.125,0.38
5.4898e-02,0.155,0.015
5.4899e-02,0.175,0.345
5.4901e-02,0.19,-0.015
5.4902e-02,0.13,0.375
5.4904e-02,0.19,-0.005
5.4906e-02,0.235,0.355
5.4907e-02,0.275,0.01
5.4909e-02,0.21,0.35
5.4910e-02,0.165,0.005
5.4912e-02,0.17,0.35
5.4914e-02,0.165,0.02
5.4915e-02,0.135,0.335
5.4917e-02,0.175,0.015
5.4918e-02,0.16,0.34
5.4920e-02,0.18,-0.02
5.4922e-02,0.22,0.37
5.4923e-02,0.225,0.02
5.4925e-02,0.245,0.33
5.4926e-02,0.21,0.015
5.4928e-02,0.185,0.34
5.4930e-02,0.17,0.02
5.4931e-02,0.175,0.33
5.4933e-02,0.21,-0.005
5.4934e-02,0.045,0.36
5.4936e-02,0.17,0.025
5.4938e-02,0.12,0.335
5.4939e-02,0.195,-0.005
5.4941e-02,0.23,0.36
5.4942e-02,0.185,-0.01
5.4944e-02,0.165,0.355
5.4946e-02,0.205,0.03
5.4947e-02,0.13,0.33
5.4949e-02,0.215,0.01
5.4950e-02,0.16,0.345
5.4952e-02,0.205,0.04
5.4954e-02,0.155,0.325
5.4955e-02,0.165,0
5.4957e-02,0.195,0.35
5.4958e-02,0.17,0.015
5.4960e-02,0.16,0.335
5.4962e-02,0.165,0.005
5.4963e-02,0.135,0.35
5.4965e-02,0.27,0
5.4966e-02,0.085,0.35
5.4968e-02,0.165,-0.005
5.4970e-02,0.095,0.365
5.4971e-02,0.19,0.015
5.4973e-02,0.14,0.33
5.4974e-02,0.135,-0.01
5.4976e-02,0.11,0.375
5.4978e-02,0.145,0.005
5.4979e-02,0.175,0.345
5.4981e-02,0.19,0.035
5.4982e-02,0.17,0.325
5.4984e-02,0.115,0.025
5.4986e-02,0.14,0.325
5.4987e-02,0.1,0.005
5.4989e-02,0.16,0.355
5.4990e-02,0.255,-0.01
5.4992e-02,0.21,0.365
5.4994e-02,0.19,0.01
5.4995e-02,0.19,0.34
5.4997e-02,0.12,0.01
5.4998e-02,0.26,0.34
5.5000e-02,0.125,0.02
5.5002e-02,0.18,0.335
5.5003e-02,0.125,0
5.5005e-02,0.27,0.355
5.5006e-02,0.225,0
5.5008e-02,0.27,0.35
5.5010e-02,0.155,0.01
5.5011e-02,0.265,0.34
5.5013e-02,0.17,0.015
5.5014e-02,0.22,0.345
5.5016e-02,0.135,0.01
5.5018e-02,0.225,0.34
5.5019e-02,0.145,0.01
5.5021e-02,0.25,0.335
5.5022e-02,0.16,0.01
5.5024e-02,0.225,0.34
5.5026e-02,0.145,0.015
5.5027e-02,0.195,0.345
5.5029e-02,0.195,-0.005
5.5030e-02,0.27,0.36
5.5032e-02,0.15,0.02
5.5034e-02,0.23,0.33
5.5035e-02,0.105,0.02
5.5037e-02,0.255,0.34
5.5038e-02,0.17,0.005
5.5040e-02,0.24,0.355
5.5042e-02,0.135,0.025
5.5043e-02,0.155,0.335
5.5045e-02,0.165,0.02
5.5046e-02,0.195,0.335
5.5048e-02,0.205,0.03
5.5050e-02,0.085,0.325
5.5051e-02,0.18,0.02
5.5053e-02,0.13,0.34
5.5054e-02,0.19,0.02
5.5056e-02,0.195,0.345
5.5058e-02,0.21,0.025
5.5059e-02,0.205,0.33
5.5061e-02,0.17,0.02
5.5062e-02,0.2,0.345
5.5064e-02,0.195,0.015
5.5066e-02,0.225,0.34
5.5067e-02,0.15,0.025
5.5069e-02,0.075,0.33
5.5070e-02,0.21,0.03
5.5072e-02,0.19,0.33
5.5074e-02,0.21,0
5.5075e-02,0.21,0.365
5.5077e-02,0.13,-0.005
5.5078e-02,0.22,0.355
5.5080e-02,0.215,0.005
5.5082e-02,0.125,0.355
5.5083e-02,0.155,0.025
5.5085e-02,0.14,0.34
5.5086e-02,0.225,0.01
5.5088e-02,0.25,0.355
5.5090e-02,0.22,0.03
5.5091e-02,0.295,0.335
5.5093e-02,0.175,0
5.5094e-02,0.28,0.355
5.5096e-02,0.155,0.01
5.5098e-02,0.27,0.345
5.5099e-02,0.23,0
5.5101e-02,0.145,0.355
5.5102e-02,0.17,0.015
5.5104e-02,0.065,0.345
5.5106e-02,0.165,0.045
5.5107e-02,0.175,0.32
5.5109e-02,0.115,0.045
5.5110e-02,0.15,0.32
5.5112e-02,0.12,0.01
5.5114e-02,0.2,0.345
5.5115e-02,0.165,-0.01
5.5117e-02,0.135,0.37
5.5118e-02,0.18,0.02
5.5120e-02,0.18,0.34
5.5122e-02,0.26,0.02
5.5123e-02,0.215,0.335
5.5125e-02,0.275,0.045
5.5126e-02,0.24,0.315
5.5128e-02,0.23,0.01
5.5130e-02,0.25,0.355
5.5131e-02,0.19,0.025
5.5133e-02,0.225,0.335
5.5134e-02,0.165,0.02
5.5136e-02,0.16,0.335
5.5138e-02,0.195,0.02
5.5139e-02,0.245,0.335
5.5141e-02,0.17,0.02
5.5142e-02,0.215,0.335
5.5144e-02,0.08,0
5.5146e-02,0.22,0.355
5.5147e-02,0.185,0.02
5.5149e-02,0.235,0.335
5.5150e-02,0.175,0.035
5.5152e-02,0.15,0.325
5.5154e-02,0.12,0.015
5.5155e-02,0.145,0.35
5.5157e-02,0.115,0.03
5.5158e-02,0.135,0.33
5.5160e-02,0.085,0.02
5.5162e-02,0.125,0.34
5.5163e-02,0.1,0.01
5.5165e-02,0.18,0.355
5.5166e-02,0.15,0.01
5.5168e-02,0.18,0.36
5.5170e-02,0.095,0.035
5.5171e-02,0.12,0.335
5.5173e-02,0.225,0.01
5.5174e-02,0.19,0.36
5.5176e-02,0.2,0.035
5.5178e-02,0.19,0.325
5.5179e-02,0.225,0.03
5.5181e-02,0.335,0.33
5.5182e-02,0.19,0.035
5.5184e-02,0.28,0.335
5.5186e-02,0.12,0.025
5.5187e-02,0.23,0.345
5.5189e-02,0.15,0.035
5.5190e-02,0.13,0.33
5.5192e-02,0.11,0.04
5.5194e-02,0.155,0.325
5.5195e-02,0.1,0.035
5.5197e-02,0.19,0.33
5.5198e-02,0.235,0.04
5.5200e-02,0.2,0.325
5.5202e-02,0.255,-0.02
5.5203e-02,0.17,0.395
5.5205e-02,0.185,0.03
5.5206e-02,0.22,0.34
5.5208e-02,0.185,0.005
5.5210e-02,0.19,0.355
5.5211e-02,0.085,0.03
5.5213e-02,0.165,0.345
5.5214e-02,0.21,0.02
5.5216e-02,0.195,0.355
5.5218e-02,0.19,0.015
5.5219e-02,0.16,0.36
5.5221e-02,0.255,0.025
5.5222e-02,0.175,0.35
5.5224e-02,0.225,0.04
5.5226e-02,0.095,0.33
5.5227e-02,0.225,-0.005
5.5229e-02,0.19,0.365
5.5230e-02,0.23,0.04
5.5232e-02,0.22,0.325
5.5234e-02,0.215,0.04
5.5235e-02,0.145,0.33
5.5237e-02,0.12,0.015
5.5238e-02,0.22,0.355
5.5240e-02,0.175,0.025
5.5242e-02,0.21,0.34
5.5243e-02,0.165,0.03
5.5245e-02,0.135,0.335
5.5246e-02,0.215,0.01
5.5248e-02,0.145,0.36
5.5250e-02,0.16,0.01
5.5251e-02,0.115,0.35
5.5253e-02,0.17,0.035
5.5254e-02,0.15,0.335
5.5256e-02,0.245,0.01
5.5258e-02,0.185,0.355
5.5259e-02,0.215,0.005
5.5261e-02,0.18,0.36
5.5262e-02,0.155,0.02
5.5264e-02,0.16,0.35
5.5266e-02,0.245,0.01
5.5267e-02,0.145,0.35
5.5269e-02,0.24,0.035
5.5270e-02,0.135,0.335
5.5272e-02,0.245,0.01
5.5274e-02,0.22,0.355
5.5275e-02,0.265,0.035
5.5277e-02,0.115,0.335
5.5278e-02,0.145,0.01
5.5280e-02,0.21,0.36
5.5282e-02,0.155,0.03
5.5283e-02,0.175,0.335
5.5285e-02,0.14,0.045
5.5286e-02,0.15,0.33
5.5288e-02,0.12,0.035
5.5290e-02,0.135,0.335
5.5291e-02,0.13,0.045
5.5293e-02,0.095,0.325
5.5294e-02,0.15,0.025
5.5296e-02,0.16,0.345
5.5298e-02,0.17,0.005
5.5299e-02,0.26,0.36
5.5301e-02,0.11,0.025
5.5302e-02,0.215,0.345
5.5304e-02,0.145,0.025
5.5306e-02,0.24,0.35
5.5307e-02,0.27,0.04
5.5309e-02,0.145,0.33
5.5310e-02,0.17,0.005
5.5312e-02,0.175,0.365
5.5314e-02,0.17,0.02
5.5315e-02,0.255,0.36
5.5317e-02,0.07,-0.005
5.5318e-02,0.225,0.38
5.5320e-02,0.075,0.03
5.5322e-02,0.19,0.345
5.5323e-02,0.165,0.02
5.5325e-02,0.155,0.35
5.5326e-02,0.195,0.025
5.5328e-02,0.155,0.355
5.5330e-02,0.21,0.025
5.5331e-02,0.17,0.35
5.5333e-02,0.25,0.02
5.5334e-02,0.11,0.345
5.5336e-02,0.16,0.02
5.5338e-02,0.215,0.355
5.5339e-02,0.235,0.005
5.5341e-02,0.165,0.37
5.5342e-02,0.19,0.015
5.5344e-02,0.1,0.365
5.5346e-02,0.225,0.02
5.5347e-02,0.22,0.355
5.5349e-02,0.105,0.03
5.5350e-02,0.155,0.35
5.5352e-02,0.125,0.045
5.5354e-02,0.115,0.34
5.5355e-02,0.225,0.025
5.5357e-02,0.08,0.355
5.5358e-02,0.145,0.03
5.5360e-02,0.125,0.35
5.5362e-02,0.155,-0.01
5.5363e-02,0.11,0.39
5.5365e-02,0.175,0.005
5.5366e-02,0.06,0.375
5.5368e-02,0.195,0.01
5.5370e-02,0.065,0.365
5.5371e-02,0.215,0.045
5.5373e-02,0.21,0.335
5.5374e-02,0.175,0.04
5.5376e-02,0.13,0.33
5.5378e-02,0.215,0.005
5.5379e-02,0.16,0.37
5.5381e-02,0.245,0.03
5.5382e-02,0.175,0.355
5.5384e-02,0.19,0.02
5.5386e-02,0.175,0.355
5.5387e-02,0.27,0.015
5.5389e-02,0.165,0.36
5.5390e-02,0.155,0.05
5.5392e-02,0.16,0.33
5.5394e-02,0.245,0.025
5.5395e-02,0.16,0.355
5.5397e-02,0.22,0.015
5.5398e-02,0.115,0.36
5.5400e-02,0.2,0.02
5.5402e-02,0.23,0.35
5.5403e-02,0.235,0.02
5.5405e-02,0.215,0.36
5.5406e-02,0.23,0.005
5.5408e-02,0.225,0.365
5.5410e-02,0.15,0.01
5.5411e-02,0.22,0.36
5.5413e-02,0.225,0.005
5.5414e-02,0.23,0.375
5.5416e-02,0.105,0.01
5.5418e-02,0.19,0.365
5.5419e-02,0.085,0.02
5.5421e-02,0.195,0.36
5.5422e-02,0.12,0.025
5.5424e-02,0.115,0.355
5.5426e-02,0.07,0.02
5.5427e-02,0.175,0.355
5.5429e-02,0.15,-0.025
5.5430e-02,0.18,0.4
5.5432e-02,0.13,0.015
5.5434e-02,0.135,0.36
5.5435e-02,0.255,0.005
5.5437e-02,0.125,0.375
5.5438e-02,0.155,0.02
5.5440e-02,0.125,0.345
5.5442e-02,0.215,0.01
5.5443e-02,0.115,0.365
5.5445e-02,0.2,0.025
5.5446e-02,0.13,0.355
5.5448e-02,0.14,0.03
5.5450e-02,0.135,0.35
5.5451e-02,0.19,0.035
5.5453e-02,0.125,0.34
5.5454e-02,0.23,0.035
5.5456e-02,0.15,0.345
5.5458e-02,0.165,0.015
5.5459e-02,0.19,0.365
5.5461e-02,0.265,0.02
5.5462e-02,0.14,0.36
5.5464e-02,0.2,0.04
5.5466e-02,0.165,0.345
5.5467e-02,0.215,0.015
5.5469e-02,0.255,0.36
5.5470e-02,0.245,0.045
5.5472e-02,0.185,0.335
5.5474e-02,0.22,0.025
5.5475e-02,0.245,0.35
5.5477e-02,0.255,0.02
5.5478e-02,0.225,0.35
5.5480e-02,0.185,0.025
5.5482e-02,0.185,0.355
5.5483e-02,0.16,0.03
5.5485e-02,0.27,0.355
5.5486e-02,0.115,0.03
5.5488e-02,0.26,0.36
5.5490e-02,0.1,0.045
5.5491e-02,0.185,0.34
5.5493e-02,0.195,0.005
5.5494e-02,0.275,0.37
5.5496e-02,0.105,0.025
5.5498e-02,0.195,0.36
5.5499e-02,0.145,0.015
5.5501e-02,0.225,0.375
5.5502e-02,0.19,0.005
5.5504e-02,0.145,0.38
5.5506e-02,0.105,0.035
5.5507e-02,0.125,0.345
5.5509e-02,0.245,0.04
5.5510e-02,0.08,0.345
5.5512e-02,0.165,0.035
5.5514e-02,0.135,0.35
5.5515e-02,0.18,0.035
5.5517e-02,0.11,0.355
5.5518e-02,0.275,0.045
5.5520e-02,0.14,0.345
5.5522e-02,0.245,0.05
5.5523e-02,0.175,0.34
5.5525e-02,0.24,0.025
5.5526e-02,0.23,0.355
5.5528e-02,0.24,0.055
5.5530e-02,0.235,0.335
5.5531e-02,0.185,0.03
5.5533e-02,0.215,0.355
5.5534e-02,0.26,0.05
5.5536e-02,0.205,0.35
5.5538e-02,0.225,0
5.5539e-02,0.115,0.385
5.5541e-02,0.225,0.025
5.5542e-02,0.15,0.355
5.5544e-02,0.17,0.025
5.5546e-02,0.115,0.365
5.5547e-02,0.205,0.045
5.5549e-02,0.25,0.34
5.5550e-02,0.25,0.025
5.5552e-02,0.23,0.36
5.5554e-02,0.245,0.03
5.5555e-02,0.205,0.35
5.5557e-02,0.28,0.04
5.5558e-02,0.19,0.34
5.5560e-02,0.255,0.035
5.5562e-02,0.19,0.345
5.5563e-02,0.19,0.03
5.5565e-02,0.165,0.355
5.5566e-02,0.215,0.015
5.5568e-02,0.185,0.355
5.5570e-02,0.13,0.015
5.5571e-02,0.165,0.365
5.5573e-02,0.145,0.02
5.5574e-02,0.16,0.36
5.5576e-02,0.21,0.025
5.5578e-02,0.21,0.355
5.5579e-02,0.195,0.015
5.5581e-02,0.13,0.36
5.5582e-02,0.275,0.005
5.5584e-02,0.245,0.375
5.5586e-02,0.17,0.025
5.5587e-02,0.25,0.35
5.5589e-02,0.185,0.025
5.5590e-02,0.26,0.365
5.5592e-02,0.225,-0.005
5.5594e-02,0.255,0.38
5.5595e-02,0.13,0.04
5.5597e-02,0.3,0.345
5.5598e-02,0.25,0.03
5.5600e-02,0.29,0.34
5.5602e-02,0.23,0.03
5.5603e-02,0.245,0.345
5.5605e-02,0.175,0.03
5.5606e-02,0.23,0.355
5.5608e-02,0.17,0.01
5.5610e-02,0.25,0.375
5.5611e-02,0.09,0.04
5.5613e-02,0.13,0.35
5.5614e-02,0.165,0.05
5.5616e-02,0.205,0.33
5.5618e-02,0.215,0.035
5.5619e-02,0.16,0.35
5.5621e-02,0.165,0.025
5.5622e-02,0.14,0.365
5.5624e-02,0.185,0.02
5.5626e-02,0.225,0.365
5.5627e-02,0.185,0.06
5.5629e-02,0.15,0.32
5.5630e-02,0.165,0.06
5.5632e-02,0.19,0.325
5.5634e-02,0.215,0.025
5.5635e-02,0.17,0.36
5.5637e-02,0.305,0.045
5.5638e-02,0.15,0.34
5.5640e-02,0.14,0.03
5.5642e-02,0.23,0.36
5.5643e-02,0.165,0.015
5.5645e-02,0.135,0.365
5.5646e-02,0.12,0.035
5.5648e-02,0.22,0.36
5.5650e-02,0.205,0.045
5.5651e-02,0.17,0.34
5.5653e-02,0.19,0.03
5.5654e-02,0.175,0.36
5.5656e-02,0.22,0.035
5.5658e-02,0.2,0.355
5.5659e-02,0.265,0.025
5.5661e-02,0.215,0.365
5.5662e-02,0.21,0.025
5.5664e-02,0.245,0.365
5.5666e-02,0.235,0.035
5.5667e-02,0.235,0.35
5.5669e-02,0.2,0.03
5.5670e-02,0.26,0.365
5.5672e-02,0.185,0.005
5.5674e-02,0.205,0.395
5.5675e-02,0.2,0.035
5.5677e-02,0.2,0.36
5.5678e-02,0.13,0.055
5.5680e-02,0.07,0.345
5.5682e-02,0.09,0.03
5.5683e-02,0.195,0.37
5.5685e-02,0.22,0.055
5.5686e-02,0.12,0.345
5.5688e-02,0.215,0.05
5.5690e-02,0.2,0.345
5.5691e-02,0.3,0.05
5.5693e-02,0.27,0.35
5.5694e-02,0.24,0.045
5.5696e-02,0.28,0.355
5.5698e-02,0.19,0.04
5.5699e-02,0.24,0.36
5.5701e-02,0.18,0.03
5.5702e-02,0.2,0.36
5.5704e-02,0.175,0.02
5.5706e-02,0.205,0.385
5.5707e-02,0.25,0.055
5.5709e-02,0.18,0.35
5.5710e-02,0.27,0.07
5.5712e-02,0.14,0.33
5.5714e-02,0.105,0.055
5.5715e-02,0.215,0.345
5.5717e-02,0.19,0.06
5.5718e-02,0.165,0.34
5.5720e-02,0.155,0.025
5.5722e-02,0.145,0.37
5.5723e-02,0.26,0.05
5.5725e-02,0.15,0.345
5.5726e-02,0.32,0.02
5.5728e-02,0.155,0.38
5.5730e-02,0.225,0.005
5.5731e-02,0.225,0.385
5.5733e-02,0.19,0.045
5.5734e-02,0.18,0.355
5.5736e-02,0.21,0.005
5.5738e-02,0.135,0.385
5.5739e-02,0.175,0.025
5.5741e-02,0.17,0.38
5.5742e-02,0.255,0.04
5.5744e-02,0.2,0.355
5.5746e-02,0.205,0.02
5.5747e-02,0.185,0.375
5.5749e-02,0.16,0.035
5.5750e-02,0.31,0.36
5.5752e-02,0.18,0.03
5.5754e-02,0.205,0.37
5.5755e-02,0.21,0.03
5.5757e-02,0.255,0.355
5.5758e-02,0.215,0.02
5.5760e-02,0.27,0.375
5.5762e-02,0.185,0.01
5.5763e-02,0.205,0.39
5.5765e-02,0.23,0.025
5.5766e-02,0.225,0.365
5.5768e-02,0.22,0.01
5.5770e-02,0.22,0.385
5.5771e-02,0.115,0.02
5.5773e-02,0.205,0.37
5.5774e-02,0.155,0.01
5.5776e-02,0.18,0.375
5.5778e-02,0.215,0.02
5.5779e-02,0.105,0.375
5.5781e-02,0.115,0.02
5.5782e-02,0.2,0.375
5.5784e-02,0.255,0.03
5.5786e-02,0.21,0.365
5.5787e-02,0.275,0.015
5.5789e-02,0.16,0.37
5.5790e-02,0.27,0.035
5.5792e-02,0.22,0.35
5.5794e-02,0.24,0.03
5.5795e-02,0.16,0.36
5.5797e-02,0.16,0.065
5.5798e-02,0.155,0.33
5.5800e-02,0.18,0.015
5.5802e-02,0.13,0.375
5.5803e-02,0.235,0.025
5.5805e-02,0.195,0.365
5.5806e-02,0.175,0.035
5.5808e-02,0.305,0.35
5.5810e-02,0.225,0.025
5.5811e-02,0.28,0.37
5.5813e-02,0.17,0.02
5.5814e-02,0.145,0.37
5.5816e-02,0.185,0.035
5.5818e-02,0.17,0.355
5.5819e-02,0.175,0.03
5.5821e-02,0.115,0.365
5.5822e-02,0.165,0.035
5.5824e-02,0.21,0.36
5.5826e-02,0.19,0.01
5.5827e-02,0.185,0.38
5.5829e-02,0.155,0.05
5.5830e-02,0.145,0.345
5.5832e-02,0.245,0.065
5.5834e-02,0.18,0.335
5.5835e-02,0.22,0.03
5.5837e-02,0.285,0.37
5.5838e-02,0.2,0.05
5.5840e-02,0.215,0.35
5.5842e-02,0.21,0.05
5.5843e-02,0.235,0.345
5.5845e-02,0.27,0.025
5.5846e-02,0.08,0.38
5.5848e-02,0.165,0.04
5.5850e-02,0.125,0.36
5.5851e-02,0.2,0.065
5.5853e-02,0.18,0.345
5.5854e-02,0.155,0.035
5.5856e-02,0.19,0.36
5.5858e-02,0.23,0.035
5.5859e-02,0.235,0.37
5.5861e-02,0.17,0.04
5.5862e-02,0.16,0.365
5.5864e-02,0.155,0.05
5.5866e-02,0.135,0.35
5.5867e-02,0.13,0.05
5.5869e-02,0.175,0.355
5.5870e-02,0.14,0.015
5.5872e-02,0.225,0.385
5.5874e-02,0.13,0.055
5.5875e-02,0.325,0.345
5.5877e-02,0.17,0.045
5.5878e-02,0.24,0.36
5.5880e-02,0.145,0.06
5.5882e-02,0.19,0.345
5.5883e-02,0.28,0.05
5.5885e-02,0.195,0.355
5.5886e-02,0.26,0.05
5.5888e-02,0.16,0.35
5.5890e-02,0.24,0.06
5.5891e-02,0.215,0.34
5.5893e-02,0.26,0.06
5.5894e-02,0.15,0.34
5.5896e-02,0.2,0.05
5.5898e-02,0.14,0.355
5.5899e-02,0.315,0.065
5.5901e-02,0.16,0.34
5.5902e-02,0.285,0.01
5.5904e-02,0.185,0.395
5.5906e-02,0.215,0.04
5.5907e-02,0.22,0.355
5.5909e-02,0.185,0.02
5.5910e-02,0.16,0.385
5.5912e-02,0.15,0.05
5.5914e-02,0.155,0.345
5.5915e-02,0.17,0.04
5.5917e-02,0.245,0.365
5.5918e-02,0.22,0.05
5.5920e-02,0.12,0.36
5.5922e-02,0.18,0.03
5.5923e-02,0.115,0.375
5.5925e-02,0.295,0.04
5.5926e-02,0.135,0.37
5.5928e-02,0.18,0.045
5.5930e-02,0.215,0.36
5.5931e-02,0.22,0.03
5.5933e-02,0.31,0.365
5.5934e-02,0.24,0.04
5.5936e-02,0.245,0.37
5.5938e-02,0.2,0.01
5.5939e-02,0.225,0.395
5.5941e-02,0.28,0.035
5.5942e-02,0.24,0.37
5.5944e-02,0.255,0.045
5.5946e-02,0.305,0.36
5.5947e-02,0.215,0.075
5.5949e-02,0.295,0.325
5.5950e-02,0.19,0.065
5.5952e-02,0.275,0.33
5.5954e-02,0.115,0.05
5.5955e-02,0.205,0.35
5.5957e-02,0.16,0.055
5.5958e-02,0.295,0.35
5.5960e-02,0.165,0.05
5.5962e-02,0.19,0.355
5.5963e-02,0.215,0.035
5.5965e-02,0.22,0.37
5.5966e-02,0.215,0.03
5.5968e-02,0.14,0.375
5.5970e-02,0.11,0.025
5.5971e-02,0.205,0.38
5.5973e-02,0.125,0.045
5.5974e-02,0.18,0.365
5.5976e-02,0.17,0.07
5.5978e-02,0.175,0.34
5.5979e-02,0.14,0.05
5.5981e-02,0.22,0.36
5.5982e-02,0.195,0.04
5.5984e-02,0.225,0.365
5.5986e-02,0.215,0.045
5.5987e-02,0.185,0.35
5.5989e-02,0.26,0.04
5.5990e-02,0.195,0.36
5.5992e-02,0.245,0.04
5.5994e-02,0.16,0.37
5.5995e-02,0.155,0.035
5.5997e-02,0.23,0.375
5.5998e-02,0.235,0.06
5.6000e-02,0.245,0.345
5.6002e-02,0.155,0.03
5.6003e-02,0.265,0.37
5.6005e-02,0.225,0.02
5.6006e-02,0.305,0.38
5.6008e-02,0.225,0.06
5.6010e-02,0.23,0.345
5.6011e-02,0.265,0.015
5.6013e-02,0.205,0.39
5.6014e-02,0.2,0.025
5.6016e-02,0.165,0.38
5.6018e-02,0.125,0.03
5.6019e-02,0.2,0.38
5.6021e-02,0.18,0.06
5.6022e-02,0.27,0.35
5.6024e-02,0.245,0.05
5.6026e-02,0.24,0.365
5.6027e-02,0.195,0.055
5.6029e-02,0.175,0.345
5.6030e-02,0.19,0.055
5.6032e-02,0.2,0.355
5.6034e-02,0.155,0.025
5.6035e-02,0.215,0.37
5.6037e-02,0.14,0.055
5.6038e-02,0.26,0.35
5.6040e-02,0.14,0.05
5.6042e-02,0.125,0.36
5.6043e-02,0.1,0.06
5.6045e-02,0.18,0.345
5.6046e-02,0.255,0.06
5.6048e-02,0.275,0.35
5.6050e-02,0.215,0.045
5.6051e-02,0.215,0.365
5.6053e-02,0.195,0.05
5.6054e-02,0.2,0.365
5.6056e-02,0.2,0.065
5.6058e-02,0.105,0.35
5.6059e-02,0.175,0.06
5.6061e-02,0.1,0.35
5.6062e-02,0.22,0.025
5.6064e-02,0.155,0.39
5.6066e-02,0.205,0.015
5.6067e-02,0.2,0.39
5.6069e-02,0.18,0.055
5.6070e-02,0.225,0.355
5.6072e-02,0.19,0.065
5.6074e-02,0.155,0.345
5.6075e-02,0.195,0.055
5.6077e-02,0.205,0.365
5.6078e-02,0.305,0.035
5.6080e-02,0.225,0.38
5.6082e-02,0.245,0.06
5.6083e-02,0.17,0.35
5.6085e-02,0.22,0.05
5.6086e-02,0.245,0.355
5.6088e-02,0.17,0.045
5.6090e-02,0.18,0.37
5.6091e-02,0.19,0.035
5.6093e-02,0.24,0.375
5.6094e-02,0.25,0.035
5.6096e-02,0.24,0.375
5.6098e-02,0.27,0.05
5.6099e-02,0.19,0.365
5.6101e-02,0.18,0.06
5.6102e-02,0.21,0.365
5.6104e-02,0.205,0.055
5.6106e-02,0.225,0.36
5.6107e-02,0.17,0.045
5.6109e-02,0.215,0.37
5.6110e-02,0.155,0.065
5.6112e-02,0.23,0.35
5.6114e-02,0.225,0.05
5.6115e-02,0.175,0.37
5.6117e-02,0.225,0.045
5.6118e-02,0.265,0.365
5.6120e-02,0.22,0.035
5.6122e-02,0.11,0.385
5.6123e-02,0.12,0.02
5.6125e-02,0.24,0.395
5.6126e-02,0.205,0.04
5.6128e-02,0.285,0.37
5.6130e-02,0.17,0.035
5.6131e-02,0.23,0.385
5.6133e-02,0.195,0.075
5.6134e-02,0.175,0.34
5.6136e-02,0.275,0.05
5.6138e-02,0.21,0.365
5.6139e-02,0.29,0.07
5.6141e-02,0.225,0.345
5.6142e-02,0.195,0.045
5.6144e-02,0.205,0.365
5.6146e-02,0.145,0.035
5.6147e-02,0.185,0.38
5.6149e-02,0.15,0.055
5.6150e-02,0.205,0.355
5.6152e-02,0.245,0.01
5.6154e-02,0.17,0.41
5.6155e-02,0.245,0.045
5.6157e-02,0.115,0.36
5.6158e-02,0.275,0.015
5.6160e-02,0.155,0.4
5.6162e-02,0.155,0.065
5.6163e-02,0.115,0.35
5.6165e-02,0.155,0.065
5.6166e-02,0.135,0.345
5.6168e-02,0.225,0.065
5.6170e-02,0.17,0.34
5.6171e-02,0.26,0.035
5.6173e-02,0.18,0.38
5.6174e-02,0.22,0.06
5.6176e-02,0.215,0.35
5.6178e-02,0.195,0.06
5.6179e-02,0.255,0.355
5.6181e-02,0.16,0.025
5.6182e-02,0.21,0.385
5.6184e-02,0.12,0.03
5.6186e-02,0.21,0.38
5.6187e-02,0.13,0.025
5.6189e-02,0.135,0.39
5.6190e-02,0.165,0.06
5.6192e-02,0.27,0.36
5.6194e-02,0.125,0.02
5.6195e-02,0.215,0.39
5.6197e-02,0.11,0.03
5.6198e-02,0.205,0.375
5.6200e-02,0.175,0.045
5.6202e-02,0.22,0.37
5.6203e-02,0.28,0
5.6205e-02,0.205,0.41
5.6206e-02,0.21,0.035
5.6208e-02,0.22,0.385
5.6210e-02,0.185,0.05
5.6211e-02,0.24,0.37
5.6213e-02,0.18,0.05
5.6214e-02,0.205,0.365
5.6216e-02,0.17,0.065
5.6218e-02,0.19,0.355
5.6219e-02,0.235,0.065
5.6221e-02,0.235,0.355
5.6222e-02,0.19,0.02
5.6224e-02,0.335,0.405
5.6226e-02,0.24,0.055
5.6227e-02,0.325,0.37
5.6229e-02,0.125,0.065
5.6230e-02,0.275,0.355
5.6232e-02,0.2,0.065
5.6234e-02,0.275,0.355
5.6235e-02,0.175,0.06
5.6237e-02,0.155,0.365
5.6238e-02,0.195,0.065
5.6240e-02,0.205,0.36
5.6242e-02,0.2,0.065
5.6243e-02,0.305,0.36
5.6245e-02,0.215,0.06
5.6246e-02,0.25,0.365
5.6248e-02,0.175,0.07
5.6250e-02,0.22,0.355
5.6251e-02,0.19,0.045
5.6253e-02,0.3,0.385
5.6254e-02,0.13,0.035
5.6256e-02,0.26,0.395
5.6258e-02,0.17,0.045
5.6259e-02,0.295,0.385
5.6261e-02,0.205,0.065
5.6262e-02,0.135,0.35
5.6264e-02,0.115,0.035
5.6266e-02,0.2,0.385
5.6267e-02,0.195,0.07
5.6269e-02,0.225,0.35
5.6270e-02,0.205,0.055
5.6272e-02,0.155,0.37
5.6274e-02,0.27,0.05
5.6275e-02,0.245,0.37
5.6277e-02,0.185,0.02
5.6278e-02,0.205,0.405
5.6280e-02,0.19,0.02
5.6282e-02,0.215,0.4
5.6283e-02,0.3,0.045
5.6285e-02,0.245,0.375
5.6286e-02,0.225,0.055
5.6288e-02,0.205,0.365
5.6290e-02,0.15,0.035
5.6291e-02,0.255,0.385
5.6293e-02,0.215,0.055
5.6294e-02,0.19,0.37
5.6296e-02,0.195,0.07
5.6298e-02,0.19,0.355
5.6299e-02,0.22,0.045
5.6301e-02,0.23,0.375
5.6302e-02,0.235,0.06
5.6304e-02,0.105,0.365
5.6306e-02,0.135,0.03
5.6307e-02,0.2,0.395
5.6309e-02,0.215,0.05
5.6310e-02,0.235,0.37
5.6312e-02,0.2,0.07
5.6314e-02,0.17,0.35
5.6315e-02,0.225,0.045
5.6317e-02,0.255,0.375
5.6318e-02,0.15,0.055
5.6320e-02,0.23,0.36
5.6322e-02,0.23,0.045
5.6323e-02,0.2,0.38
5.6325e-02,0.18,0.045
5.6326e-02,0.25,0.37
5.6328e-02,0.155,0.06
5.6330e-02,0.135,0.36
5.6331e-02,0.135,0.025
5.6333e-02,0.2,0.39
5.6334e-02,0.145,0.055
5.6336e-02,0.31,0.365
5.6338e-02,0.185,0.05
5.6339e-02,0.21,0.375
5.6341e-02,0.25,0.065
5.6342e-02,0.265,0.355
5.6344e-02,0.175,0.05
5.6346e-02,0.165,0.375
5.6347e-02,0.2,0.06
5.6349e-02,0.2,0.365
5.6350e-02,0.215,0.035
5.6352e-02,0.22,0.39
5.6354e-02,0.235,0.07
5.6355e-02,0.2,0.35
5.6357e-02,0.215,0.045
5.6358e-02,0.26,0.38
5.6360e-02,0.27,0.04
5.6362e-02,0.19,0.38
5.6363e-02,0.21,0.055
5.6365e-02,0.19,0.375
5.6366e-02,0.23,0.05
5.6368e-02,0.25,0.37
5.6370e-02,0.275,0.03
5.6371e-02,0.215,0.395
5.6373e-02,0.185,0.015
5.6374e-02,0.165,0.4
5.6376e-02,0.27,0.055
5.6378e-02,0.195,0.37
5.6379e-02,0.2,0.05
5.6381e-02,0.095,0.375
5.6382e-02,0.245,0.05
5.6384e-02,0.23,0.37
5.6386e-02,0.22,0.06
5.6387e-02,0.23,0.365
5.6389e-02,0.28,0.055
5.6390e-02,0.28,0.365
5.6392e-02,0.27,0.055
5.6394e-02,0.19,0.375
5.6395e-02,0.335,0.03
5.6397e-02,0.195,0.4
5.6398e-02,0.28,0.055
5.6400e-02,0.245,0.37
5.6402e-02,0.36,0.02
5.6403e-02,0.22,0.405
5.6405e-02,0.25,0.06
5.6406e-02,0.18,0.36
5.6408e-02,0.3,0.045
5.6410e-02,0.195,0.385
5.6411e-02,0.165,0.05
5.6413e-02,0.13,0.37
5.6414e-02,0.235,0.04
5.6416e-02,0.23,0.39
5.6418e-02,0.25,0.075
5.6419e-02,0.155,0.355
5.6421e-02,0.26,0.055
5.6422e-02,0.165,0.37
5.6424e-02,0.215,0.055
5.6426e-02,0.235,0.375
5.6427e-02,0.245,0.07
5.6429e-02,0.325,0.355
5.6430e-02,0.18,0.08
5.6432e-02,0.245,0.355
5.6434e-02,0.245,0.075
5.6435e-02,0.25,0.35
5.6437e-02,0.175,0.055
5.6438e-02,0.18,0.385
5.6440e-02,0.23,0.05
5.6442e-02,0.27,0.375
5.6443e-02,0.16,0.03
5.6445e-02,0.11,0.4
5.6446e-02,0.16,0.05
5.6448e-02,0.155,0.38
5.6450e-02,0.235,0.06
5.6451e-02,0.165,0.375
5.6453e-02,0.3,0.05
5.6454e-02,0.21,0.375
5.6456e-02,0.27,0.04
5.6458e-02,0.205,0.385
5.6459e-02,0.325,0.07
5.6461e-02,0.235,0.36
5.6462e-02,0.275,0.06
5.6464e-02,0.12,0.36
5.6466e-02,0.21,0.045
5.6467e-02,0.225,0.38
5.6469e-02,0.275,0.055
5.6470e-02,0.225,0.38
5.6472e-02,0.195,0.065
5.6474e-02,0.255,0.365
5.6475e-02,0.245,0.055
5.6477e-02,0.215,0.38
5.6478e-02,0.245,0.07
5.6480e-02,0.18,0.35
5.6482e-02,0.225,0.08
5.6483e-02,0.175,0.345
5.6485e-02,0.275,0.04
5.6486e-02,0.17,0.39
5.6488e-02,0.185,0.035
5.6490e-02,0.205,0.395
5.6491e-02,0.25,0.055
5.6493e-02,0.285,0.375
5.6494e-02,0.23,0.045
5.6496e-02,0.22,0.39
5.6498e-02,0.18,0.045
5.6499e-02,0.245,0.385
5.6501e-02,0.165,0.065
5.6502e-02,0.175,0.365
5.6504e-02,0.17,0.075
5.6506e-02,0.245,0.35
5.6507e-02,0.26,0.06
5.6509e-02,0.315,0.375
5.6510e-02,0.255,0.065
5.6512e-02,0.225,0.37
5.6514e-02,0.13,0.06
5.6515e-02,0.195,0.365
5.6517e-02,0.215,0.055
5.6518e-02,0.3,0.38
5.6520e-02,0.265,0.04
5.6522e-02,0.245,0.395
5.6523e-02,0.2,0.08
5.6525e-02,0.15,0.355
5.6526e-02,0.195,0.075
5.6528e-02,0.195,0.36
5.6530e-02,0.19,0.055
5.6531e-02,0.18,0.375
5.6533e-02,0.255,0.06
5.6534e-02,0.305,0.37
5.6536e-02,0.17,0.07
5.6538e-02,0.225,0.365
5.6539e-02,0.19,0.04
5.6541e-02,0.255,0.4
5.6542e-02,0.2,0.06
5.6544e-02,0.285,0.375
5.6546e-02,0.235,0.08
5.6547e-02,0.19,0.355
5.6549e-02,0.2,0.06
5.6550e-02,0.275,0.375
5.6552e-02,0.27,0.055
5.6554e-02,0.245,0.375
5.6555e-02,0.21,0.05
5.6557e-02,0.3,0.39
5.6558e-02,0.275,0.075
5.6560e-02,0.275,0.36
5.6562e-02,0.265,0.06
5.6563e-02,0.195,0.365
5.6565e-02,0.19,0.075
5.6566e-02,0.24,0.365
5.6568e-02,0.2,0.02
5.6570e-02,0.17,0.415
5.6571e-02,0.08,0.04
5.6573e-02,0.24,0.395
5.6574e-02,0.225,0.07
5.6576e-02,0.21,0.37
5.6578e-02,0.245,0.055
5.6579e-02,0.175,0.39
5.6581e-02,0.24,0.05
5.6582e-02,0.205,0.38
5.6584e-02,0.305,0.06
5.6586e-02,0.22,0.37
5.6587e-02,0.23,0.055
5.6589e-02,0.315,0.38
5.6590e-02,0.27,0.06
5.6592e-02,0.265,0.375
5.6594e-02,0.33,0.06
5.6595e-02,0.24,0.38
5.6597e-02,0.235,0.025
5.6598e-02,0.245,0.41
5.6600e-02,0.305,0.04
5.6602e-02,0.21,0.39
5.6603e-02,0.175,0.055
5.6605e-02,0.26,0.38
5.6606e-02,0.23,0.075
5.6608e-02,0.305,0.365
5.6610e-02,0.22,0.03
5.6611e-02,0.21,0.41
5.6613e-02,0.2,0.065
5.6614e-02,0.285,0.38
5.6616e-02,0.22,0.065
5.6618e-02,0.2,0.37
5.6619e-02,0.245,0.065
5.6621e-02,0.19,0.365
5.6622e-02,0.24,0.05
5.6624e-02,0.185,0.385
5.6626e-02,0.285,0.07
5.6627e-02,0.15,0.36
5.6629e-02,0.17,0.04
5.6630e-02,0.19,0.39
5.6632e-02,0.24,0.065
5.6634e-02,0.215,0.375
5.6635e-02,0.25,0.08
5.6637e-02,0.2,0.36
5.6638e-02,0.15,0.07
5.6640e-02,0.29,0.375
5.6642e-02,0.2,0.075
5.6643e-02,0.205,0.36
5.6645e-02,0.16,0.085
5.6646e-02,0.295,0.355
5.6648e-02,0.165,0.04
5.6650e-02,0.18,0.4
5.6651e-02,0.17,0.065
5.6653e-02,0.135,0.37
5.6654e-02,0.195,0.06
5.6656e-02,0.185,0.375
5.6658e-02,0.33,0.055
5.6659e-02,0.205,0.38
5.6661e-02,0.195,0.065
5.6662e-02,0.165,0.375
5.6664e-02,0.2,0.06
5.6666e-02,0.18,0.375
5.6667e-02,0.215,0.03
5.6669e-02,0.18,0.42
5.6670e-02,0.185,0.06
5.6672e-02,0.29,0.38
5.6674e-02,0.315,0.075
5.6675e-02,0.255,0.37
5.6677e-02,0.245,0.08
5.6678e-02,0.165,0.355
5.6680e-02,0.3,0.075
5.6682e-02,0.19,0.37
5.6683e-02,0.26,0.05
5.6685e-02,0.25,0.395
5.6686e-02,0.29,0.05
5.6688e-02,0.18,0.39
5.6690e-02,0.265,0.08
5.6691e-02,0.215,0.36
5.6693e-02,0.195,0.045
5.6694e-02,0.16,0.395
5.6696e-02,0.21,0.065
5.6698e-02,0.185,0.375
5.6699e-02,0.275,0.06
5.6701e-02,0.285,0.375
5.6702e-02,0.15,0.055
5.6704e-02,0.18,0.395
5.6706e-02,0.18,0.07
5.6707e-02,0.31,0.375
5.6709e-02,0.185,0.075
5.6710e-02,0.27,0.36
5.6712e-02,0.25,0.065
5.6714e-02,0.29,0.38
5.6715e-02,0.21,0.06
5.6717e-02,0.26,0.385
5.6718e-02,0.195,0.055
5.6720e-02,0.215,0.385
5.6722e-02,0.2,0.085
5.6723e-02,0.22,0.36
5.6725e-02,0.21,0.075
5.6726e-02,0.18,0.365
5.6728e-02,0.25,0.06
5.6730e-02,0.2,0.375
5.6731e-02,0.185,0.035
5.6733e-02,0.16,0.41
5.6734e-02,0.16,0.055
5.6736e-02,0.195,0.385
5.6738e-02,0.135,0.08
5.6739e-02,0.225,0.365
5.6741e-02,0.24,0.065
5.6742e-02,0.16,0.37
5.6744e-02,0.2,0.075
5.6746e-02,0.275,0.36
5.6747e-02,0.3,0.075
5.6749e-02,0.235,0.365
5.6750e-02,0.255,0.08
5.6752e-02,0.205,0.36
5.6754e-02,0.205,0.08
5.6755e-02,0.315,0.365
5.6757e-02,0.25,0.055
5.6758e-02,0.17,0.395
5.6760e-02,0.14,0.05
5.6762e-02,0.225,0.39
5.6763e-02,0.19,0.06
5.6765e-02,0.235,0.39
5.6766e-02,0.235,0.075
5.6768e-02,0.235,0.375
5.6770e-02,0.145,0.06
5.6771e-02,0.3,0.38
5.6773e-02,0.2,0.065
5.6774e-02,0.23,0.375
5.6776e-02,0.155,0.065
5.6778e-02,0.3,0.385
5.6779e-02,0.255,0.055
5.6781e-02,0.285,0.39
5.6782e-02,0.26,0.095
5.6784e-02,0.17,0.345
5.6786e-02,0.195,0.055
5.6787e-02,0.275,0.38
5.6789e-02,0.285,0.065
5.6790e-02,0.165,0.38
5.6792e-02,0.24,0.065
5.6794e-02,0.13,0.375
5.6795e-02,0.21,0.085
5.6797e-02,0.175,0.36
5.6798e-02,0.285,0.08
5.6800e-02,0.185,0.365
5.6802e-02,0.31,0.055
5.6803e-02,0.21,0.39
5.6805e-02,0.28,0.065
5.6806e-02,0.27,0.385
5.6808e-02,0.17,0.07
5.6810e-02,0.2,0.375
5.6811e-02,0.3,0.055
5.6813e-02,0.255,0.395
5.6814e-02,0.23,0.07
5.6816e-02,0.165,0.375
5.6818e-02,0.195,0.075
5.6819e-02,0.125,0.37
5.6821e-02,0.26,0.06
5.6822e-02,0.125,0.39
5.6824e-02,0.165,0.065
5.6826e-02,0.145,0.38
5.6827e-02,0.215,0.065
5.6829e-02,0.12,0.38
5.6830e-02,0.225,0.085
5.6832e-02,0.225,0.365
5.6834e-02,0.19,0.035
5.6835e-02,0.2,0.41
5.6837e-02,0.27,0.075
5.6838e-02,0.275,0.375
5.6840e-02,0.29,0.07
5.6842e-02,0.265,0.375
5.6843e-02,0.185,0.08
5.6845e-02,0.295,0.37
5.6846e-02,0.27,0.06
5.6848e-02,0.26,0.385
5.6850e-02,0.23,0.07
5.6851e-02,0.235,0.38
5.6853e-02,0.265,0.065
5.6854e-02,0.245,0.375
5.6856e-02,0.305,0.065
5.6858e-02,0.16,0.38
5.6859e-02,0.235,0.085
5.6861e-02,0.265,0.36
5.6862e-02,0.18,0.065
5.6864e-02,0.245,0.375
5.6866e-02,0.215,0.045
5.6867e-02,0.21,0.4
5.6869e-02,0.205,0.055
5.6870e-02,0.235,0.4
5.6872e-02,0.245,0.055
5.6874e-02,0.265,0.39
5.6875e-02,0.17,0.05
5.6877e-02,0.19,0.39
5.6878e-02,0.245,0.065
5.6880e-02,0.305,0.38
5.6882e-02,0.205,0.08
5.6883e-02,0.255,0.37
5.6885e-02,0.2,0.05
5.6886e-02,0.26,0.395
5.6888e-02,0.285,0.075
5.6890e-02,0.235,0.375
5.6891e-02,0.19,0.055
5.6893e-02,0.245,0.39
5.6894e-02,0.175,0.065
5.6896e-02,0.18,0.385
5.6898e-02,0.24,0.075
5.6899e-02,0.14,0.375
5.6901e-02,0.135,0.05
5.6902e-02,0.185,0.39
5.6904e-02,0.165,0.045
5.6906e-02,0.22,0.4
5.6907e-02,0.225,0.075
5.6909e-02,0.145,0.37
5.6910e-02,0.205,0.07
5.6912e-02,0.27,0.375
5.6914e-02,0.205,0.035
5.6915e-02,0.175,0.41
5.6917e-02,0.195,0.04
5.6918e-02,0.14,0.405
5.6920e-02,0.235,0.045
5.6922e-02,0.16,0.405
5.6923e-02,0.17,0.06
5.6925e-02,0.215,0.39
5.6926e-02,0.15,0.03
5.6928e-02,0.23,0.42
5.6930e-02,0.24,0.075
5.6931e-02,0.25,0.38
5.6933e-02,0.14,0.055
5.6934e-02,0.245,0.39
5.6936e-02,0.155,0.045
5.6938e-02,0.29,0.405
5.6939e-02,0.215,0.045
5.6941e-02,0.245,0.4
5.6942e-02,0.175,0.05
5.6944e-02,0.28,0.4
5.6946e-02,0.265,0.065
5.6947e-02,0.305,0.385
5.6949e-02,0.275,0.06
5.6950e-02,0.22,0.39
5.6952e-02,0.25,0.08
5.6954e-02,0.31,0.375
5.6955e-02,0.205,0.075
5.6957e-02,0.185,0.37
5.6958e-02,0.155,0.055
5.6960e-02,0.16,0.405
5.6962e-02,0.14,0.07
5.6963e-02,0.195,0.39
5.6965e-02,0.195,0.085
5.6966e-02,0.125,0.37
5.6968e-02,0.255,0.075
5.6970e-02,0.2,0.375
5.6971e-02,0.34,0.045
5.6973e-02,0.265,0.41
5.6974e-02,0.23,0.075
5.6976e-02,0.295,0.38
5.6978e-02,0.275,0.05
5.6979e-02,0.31,0.41
5.6981e-02,0.26,0.02
5.6982e-02,0.22,0.44
5.6984e-02,0.16,0.07
5.6986e-02,0.25,0.39
5.6987e-02,0.18,0.05
5.6989e-02,0.185,0.405
5.6990e-02,0.22,0.05
5.6992e-02,0.1,0.405
5.6994e-02,0.195,0.035
5.6995e-02,0.14,0.415
5.6997e-02,0.23,0.05
5.6998e-02,0.225,0.405
5.7000e-02,0.21,0.07
5.7002e-02,0.15,0.39
5.7003e-02,0.315,0.08
5.7005e-02,0.245,0.385
5.7006e-02,0.31,0.085
5.7008e-02,0.275,0.38
5.7010e-02,0.255,0.03
5.7011e-02,0.33,0.435
5.7013e-02,0.33,0.065
5.7014e-02,0.245,0.405
5.7016e-02,0.215,0.04
5.7018e-02,0.205,0.415
5.7019e-02,0.145,0.02
5.7021e-02,0.245,0.435
5.7022e-02,0.16,0.075
5.7024e-02,0.24,0.385
5.7026e-02,0.195,0.07
5.7027e-02,0.25,0.39
5.7029e-02,0.16,0.055
5.7030e-02,0.325,0.405
5.7032e-02,0.14,0.045
5.7034e-02,0.25,0.41
5.7035e-02,0.23,0.04
5.7037e-02,0.295,0.415
5.7038e-02,0.315,0.045
5.7040e-02,0.34,0.41
5.7042e-02,0.185,0.08
5.7043e-02,0.26,0.375
5.7045e-02,0.255,0.075
5.7046e-02,0.3,0.385
5.7048e-02,0.23,0.085
5.7050e-02,0.25,0.375
5.7051e-02,0.12,0.07
5.7053e-02,0.22,0.385
5.7054e-02,0.165,0.05
5.7056e-02,0.25,0.4
5.7058e-02,0.195,0.055
5.7059e-02,0.27,0.395
5.7061e-02,0.13,0.06
5.7062e-02,0.33,0.395
5.7064e-02,0.165,0.065
5.7066e-02,0.365,0.385
5.7067e-02,0.19,0.08
5.7069e-02,0.235,0.37
5.7070e-02,0.235,0.065
5.7072e-02,0.17,0.39
5.7074e-02,0.175,0.075
5.7075e-02,0.145,0.38
5.7077e-02,0.195,0.045
5.7078e-02,0.22,0.4
5.7080e-02,0.165,0.05
5.7082e-02,0.12,0.4
5.7083e-02,0.2,0.045
5.7085e-02,0.17,0.405
5.7086e-02,0.22,0.045
5.7088e-02,0.225,0.415
5.7090e-02,0.245,0.05
5.7091e-02,0.195,0.4
5.7093e-02,0.31,0.075
5.7094e-02,0.2,0.375
5.7096e-02,0.295,0.045
5.7098e-02,0.245,0.415
5.7099e-02,0.205,0.05
5.7101e-02,0.15,0.415
5.7102e-02,0.19,0.065
5.7104e-02,0.15,0.395
5.7106e-02,0.27,0.07
5.7107e-02,0.095,0.39
5.7109e-02,0.245,0.055
5.7110e-02,0.165,0.4
5.7112e-02,0.3,0.05
5.7114e-02,0.22,0.4
5.7115e-02,0.245,0.02
5.7117e-02,0.215,0.43
5.7118e-02,0.335,0.05
5.7120e-02,0.185,0.415
5.7122e-02,0.295,0.045
5.7123e-02,0.125,0.405
5.7125e-02,0.305,0.075
5.7126e-02,0.165,0.375
5.7128e-02,0.295,0.055
5.7130e-02,0.09,0.4
5.7131e-02,0.255,0.065
5.7133e-02,0.055,0.395
5.7134e-02,0.27,0.055
5.7136e-02,0.13,0.405
5.7138e-02,0.195,0.05
5.7139e-02,0.16,0.41
5.7141e-02,0.225,0.07
5.7142e-02,0.175,0.39
5.7144e-02,0.29,0.075
5.7146e-02,0.215,0.395
5.7147e-02,0.14,0.065
5.7149e-02,0.155,0.4
5.7150e-02,0.185,0.08
5.7152e-02,0.225,0.375
5.7154e-02,0.16,0.065
5.7155e-02,0.215,0.395
5.7157e-02,0.185,0.08
5.7158e-02,0.25,0.39
5.7160e-02,0.215,0.07
5.7162e-02,0.275,0.39
5.7163e-02,0.195,0.07
5.7165e-02,0.205,0.4
5.7166e-02,0.31,0.02
5.7168e-02,0.175,0.44
5.7170e-02,0.275,0.075
5.7171e-02,0.21,0.39
5.7173e-02,0.185,0.075
5.7174e-02,0.275,0.39
5.7176e-02,0.26,0.055
5.7178e-02,0.25,0.41
5.7179e-02,0.19,0.04
5.7181e-02,0.16,0.425
5.7182e-02,0.265,0.05
5.7184e-02,0.245,0.41
5.7186e-02,0.165,0.055
5.7187e-02,0.255,0.41
5.7189e-02,0.18,0.065
5.7190e-02,0.3,0.4
5.7192e-02,0.305,0.075
5.7194e-02,0.225,0.39
5.7195e-02,0.265,0.065
5.7197e-02,0.285,0.4
5.7198e-02,0.255,0.075
5.7200e-02,0.255,0.39
5.7202e-02,0.27,0.05
5.7203e-02,0.23,0.415
5.7205e-02,0.225,0.07
5.7206e-02,0.27,0.39
5.7208e-02,0.22,0.055
5.7210e-02,0.295,0.405
5.7211e-02,0.255,0.065
5.7213e-02,0.195,0.39
5.7214e-02,0.25,0.085
5.7216e-02,0.2,0.385
5.7218e-02,0.305,0.06
5.7219e-02,0.17,0.4
5.7221e-02,0.13,0.065
5.7222e-02,0.24,0.395
5.7224e-02,0.195,0.075
5.7226e-02,0.17,0.395
5.7227e-02,0.145,0.07
5.7229e-02,0.135,0.4
5.7230e-02,0.215,0.06
5.7232e-02,0.205,0.4
5.7234e-02,0.17,0.035
5.7235e-02,0.16,0.415
5.7237e-02,0.26,0.06
5.7238e-02,0.19,0.4
5.7240e-02,0.26,0.055
5.7242e-02,0.2,0.405
5.7243e-02,0.2,0.07
5.7245e-02,0.235,0.395
5.7246e-02,0.22,0.085
5.7248e-02,0.225,0.375
5.7250e-02,0.265,0.045
5.7251e-02,0.235,0.42
5.7253e-02,0.115,0.075
5.7254e-02,0.275,0.39
5.7256e-02,0.215,0.08
5.7258e-02,0.265,0.395
5.7259e-02,0.185,0.07
5.7261e-02,0.21,0.39
5.7262e-02,0.23,0.07
5.7264e-02,0.36,0.39
5.7266e-02,0.2,0.05
5.7267e-02,0.315,0.415
5.7269e-02,0.235,0.05
5.7270e-02,0.36,0.415
5.7272e-02,0.295,0.07
5.7274e-02,0.27,0.395
5.7275e-02,0.2,0.06
5.7277e-02,0.235,0.41
5.7278e-02,0.23,0.055
5.7280e-02,0.205,0.415
5.7282e-02,0.215,0.06
5.7283e-02,0.26,0.41
5.7285e-02,0.17,0.065
5.7286e-02,0.285,0.395
5.7288e-02,0.205,0.07
5.7290e-02,0.245,0.395
5.7291e-02,0.2,0.075
5.7293e-02,0.225,0.385
5.7294e-02,0.245,0.065
5.7296e-02,0.345,0.4
5.7298e-02,0.24,0.05
5.7299e-02,0.22,0.41
5.7301e-02,0.18,0.065
5.7302e-02,0.28,0.4
5.7304e-02,0.19,0.06
5.7306e-02,0.275,0.405
5.7307e-02,0.21,0.075
5.7309e-02,0.285,0.385
5.7310e-02,0.285,0.045
5.7312e-02,0.355,0.415
5.7314e-02,0.2,0.07
5.7315e-02,0.22,0.385
5.7317e-02,0.19,0.055
5.7318e-02,0.235,0.415
5.7320e-02,0.17,0.075
5.7322e-02,0.195,0.39
5.7323e-02,0.185,0.065
5.7325e-02,0.165,0.405
5.7326e-02,0.16,0.045
5.7328e-02,0.255,0.415
5.7330e-02,0.265,0.075
5.7331e-02,0.19,0.39
5.7333e-02,0.255,0.065
5.7334e-02,0.33,0.4
5.7336e-02,0.27,0.065
5.7338e-02,0.22,0.395
5.7339e-02,0.2,0.055
5.7341e-02,0.26,0.415
5.7342e-02,0.21,0.07
5.7344e-02,0.285,0.4
5.7346e-02,0.195,0.09
5.7347e-02,0.195,0.375
5.7349e-02,0.205,0.05
5.7350e-02,0.175,0.42
5.7352e-02,0.245,0.055
5.7354e-02,0.15,0.41
5.7355e-02,0.23,0.08
5.7357e-02,0.225,0.395
5.7358e-02,0.36,0.065
5.7360e-02,0.26,0.4
5.7362e-02,0.37,0.07
5.7363e-02,0.26,0.405
5.7365e-02,0.295,0.07
5.7366e-02,0.14,0.4
5.7368e-02,0.315,0.08
5.7370e-02,0.225,0.385
5.7371e-02,0.17,0.05
5.7373e-02,0.08,0.415
5.7374e-02,0.235,0.055
5.7376e-02,0.18,0.42
5.7378e-02,0.195,0.06
5.7379e-02,0.085,0.405
5.7381e-02,0.265,0.075
5.7382e-02,0.12,0.4
5.7384e-02,0.29,0.085
5.7386e-02,0.18,0.385
5.7387e-02,0.275,0.04
5.7389e-02,0.185,0.425
5.7390e-02,0.31,0.075
5.7392e-02,0.26,0.395
5.7394e-02,0.265,0.08
5.7395e-02,0.2,0.385
5.7397e-02,0.19,0.085
5.7398e-02,0.205,0.395
5.7400e-02,0.215,0.07
5.7402e-02,0.225,0.405
5.7403e-02,0.155,0.085
5.7405e-02,0.18,0.385
5.7406e-02,0.1,0.08
5.7408e-02,0.32,0.395
5.7410e-02,0.185,0.055
5.7411e-02,0.205,0.42
5.7413e-02,0.14,0.085
5.7414e-02,0.29,0.395
5.7416e-02,0.245,0.075
5.7418e-02,0.265,0.405
5.7419e-02,0.185,0.075
5.7421e-02,0.265,0.405
5.7422e-02,0.165,0.06
5.7424e-02,0.235,0.405
5.7426e-02,0.235,0.075
5.7427e-02,0.275,0.4
5.7429e-02,0.19,0.065
5.7430e-02,0.255,0.405
5.7432e-02,0.27,0.075
5.7434e-02,0.23,0.4
5.7435e-02,0.295,0.07
5.7437e-02,0.285,0.4
5.7438e-02,0.235,0.06
5.7440e-02,0.305,0.415
5.7442e-02,0.34,0.06
5.7443e-02,0.31,0.405
5.7445e-02,0.165,0.075
5.7446e-02,0.315,0.39
5.7448e-02,0.28,0.085
5.7450e-02,0.33,0.385
5.7451e-02,0.245,0.07
5.7453e-02,0.295,0.41
5.7454e-02,0.255,0.09
5.7456e-02,0.32,0.385
5.7458e-02,0.28,0.065
5.7459e-02,0.3,0.405
5.7461e-02,0.2,0.055
5.7462e-02,0.26,0.425
5.7464e-02,0.22,0.065
5.7466e-02,0.245,0.41
5.7467e-02,0.19,0.075
5.7469e-02,0.26,0.4
5.7470e-02,0.2,0.08
5.7472e-02,0.22,0.385
5.7474e-02,0.28,0.06
5.7475e-02,0.31,0.42
5.7477e-02,0.31,0.075
5.7478e-02,0.245,0.4
5.7480e-02,0.37,0.065
5.7482e-02,0.295,0.405
5.7483e-02,0.335,0.05
5.7485e-02,0.225,0.415
5.7486e-02,0.21,0.075
5.7488e-02,0.2,0.395
5.7490e-02,0.285,0.065
5.7491e-02,0.265,0.405
5.7493e-02,0.195,0.08
5.7494e-02,0.29,0.385
5.7496e-02,0.365,0.055
5.7498e-02,0.3,0.42
5.7499e-02,0.3,0.075
5.7501e-02,0.305,0.39
5.7502e-02,0.245,0.085
5.7504e-02,0.22,0.395
5.7506e-02,0.265,0.075
5.7507e-02,0.22,0.395
5.7509e-02,0.15,0.06
5.7510e-02,0.195,0.415
5.7512e-02,0.15,0.075
5.7514e-02,0.27,0.4
5.7515e-02,0.215,0.08
5.7517e-02,0.31,0.39
5.7518e-02,0.13,0.04
5.7520e-02,0.245,0.43
5.7522e-02,0.29,0.035
5.7523e-02,0.345,0.43
5.7525e-02,0.205,0.06
5.7526e-02,0.28,0.41
5.7528e-02,0.245,0.065
5.7530e-02,0.285,0.41
5.7531e-02,0.22,0.065
5.7533e-02,0.315,0.405
5.7534e-02,0.14,0.07
5.7536e-02,0.255,0.41
5.7538e-02,0.225,0.045
5.7539e-02,0.285,0.425
5.7541e-02,0.265,0.075
5.7542e-02,0.28,0.4
5.7544e-02,0.175,0.07
5.7546e-02,0.295,0.4
5.7547e-02,0.32,0.075
5.7549e-02,0.285,0.4
5.7550e-02,0.245,0.085
5.7552e-02,0.255,0.395
5.7554e-02,0.255,0.065
5.7555e-02,0.265,0.405
5.7557e-02,0.25,0.07
5.7558e-02,0.185,0.41
5.7560e-02,0.205,0.07
5.7562e-02,0.26,0.405
5.7563e-02,0.295,0.065
5.7565e-02,0.16,0.415
5.7566e-02,0.265,0.085
5.7568e-02,0.175,0.395
5.7570e-02,0.25,0.1
5.7571e-02,0.23,0.38
5.7573e-02,0.36,0.06
5.7574e-02,0.255,0.42
5.7576e-02,0.275,0.065
5.7578e-02,0.265,0.415
5.7579e-02,0.28,0.095
5.7581e-02,0.265,0.39
5.7582e-02,0.29,0.075
5.7584e-02,0.215,0.41
5.7586e-02,0.21,0.095
5.7587e-02,0.3,0.39
5.7589e-02,0.27,0.09
5.7590e-02,0.24,0.39
5.7592e-02,0.195,0.075
5.7594e-02,0.315,0.415
5.7595e-02,0.22,0.09
5.7597e-02,0.32,0.39
5.7598e-02,0.27,0.08
5.7600e-02,0.21,0.395
5.7602e-02,0.31,0.09
5.7603e-02,0.29,0.39
5.7605e-02,0.24,0.085
5.7606e-02,0.24,0.395
5.7608e-02,0.295,0.075
5.7610e-02,0.18,0.41
5.7611e-02,0.295,0.095
5.7613e-02,0.25,0.375
5.7614e-02,0.275,0.065
5.7616e-02,0.165,0.41
5.7618e-02,0.215,0.09
5.7619e-02,0.23,0.39
5.7621e-02,0.245,0.1
5.7622e-02,0.275,0.38
5.7624e-02,0.19,0.095
5.7626e-02,0.16,0.38
5.7627e-02,0.22,0.085
5.7629e-02,0.215,0.395
5.7630e-02,0.21,0.045
5.7632e-02,0.215,0.43
5.7634e-02,0.255,0.095
5.7635e-02,0.285,0.385
5.7637e-02,0.295,0.08
5.7638e-02,0.285,0.395
5.7640e-02,0.245,0.085
5.7642e-02,0.22,0.395
5.7643e-02,0.215,0.07
5.7645e-02,0.235,0.405
5.7646e-02,0.195,0.075
5.7648e-02,0.28,0.405
5.7650e-02,0.2,0.105
5.7651e-02,0.165,0.375
5.7653e-02,0.265,0.09
5.7654e-02,0.185,0.385
5.7656e-02,0.21,0.085
5.7658e-02,0.205,0.385
5.7659e-02,0.23,0.08
5.7661e-02,0.21,0.4
5.7662e-02,0.255,0.085
5.7664e-02,0.09,0.395
5.7666e-02,0.285,0.085
5.7667e-02,0.31,0.4
5.7669e-02,0.28,0.045
5.7670e-02,0.305,0.43
5.7672e-02,0.21,0.07
5.7674e-02,0.225,0.4
5.7675e-02,0.25,0.085
5.7677e-02,0.26,0.39
5.7678e-02,0.285,0.075
5.7680e-02,0.205,0.405
5.7682e-02,0.25,0.08
5.7683e-02,0.175,0.405
5.7685e-02,0.26,0.07
5.7686e-02,0.245,0.41
5.7688e-02,0.25,0.09
5.7690e-02,0.18,0.385
5.7691e-02,0.17,0.095
5.7693e-02,0.215,0.385
5.7694e-02,0.21,0.085
5.7696e-02,0.245,0.395
5.7698e-02,0.175,0.085
5.7699e-02,0.265,0.395
5.7701e-02,0.235,0.08
5.7702e-02,0.27,0.4
5.7704e-02,0.095,0.08
5.7706e-02,0.25,0.405
5.7707e-02,0.205,0.085
5.7709e-02,0.25,0.4
5.7710e-02,0.21,0.085
5.7712e-02,0.185,0.395
5.7714e-02,0.195,0.07
5.7715e-02,0.22,0.41
5.7717e-02,0.24,0.06
5.7718e-02,0.245,0.425
5.7720e-02,0.275,0.045
5.7722e-02,0.2,0.425
5.7723e-02,0.29,0.075
5.7725e-02,0.195,0.4
5.7726e-02,0.325,0.09
5.7728e-02,0.205,0.385
5.7730e-02,0.155,0.055
5.7731e-02,0.17,0.425
5.7733e-02,0.26,0.085
5.7734e-02,0.245,0.4
5.7736e-02,0.355,0.085
5.7738e-02,0.2,0.4
5.7739e-02,0.355,0.09
5.7741e-02,0.27,0.39
5.7742e-02,0.235,0.085
5.7744e-02,0.23,0.4
5.7746e-02,0.15,0.085
5.7747e-02,0.25,0.4
5.7749e-02,0.165,0.07
5.7750e-02,0.32,0.415
5.7752e-02,0.25,0.09
5.7754e-02,0.24,0.39
5.7755e-02,0.15,0.06
5.7757e-02,0.215,0.42
5.7758e-02,0.265,0.085
5.7760e-02,0.2,0.405
5.7762e-02,0.23,0.08
5.7763e-02,0.185,0.405
5.7765e-02,0.31,0.06
5.7766e-02,0.2,0.43
5.7768e-02,0.225,0.07
5.7770e-02,0.27,0.415
5.7771e-02,0.195,0.085
5.7773e-02,0.35,0.405
5.7774e-02,0.265,0.08
5.7776e-02,0.315,0.405
5.7778e-02,0.255,0.085
5.7779e-02,0.245,0.405
5.7781e-02,0.28,0.085
5.7782e-02,0.23,0.41
5.7784e-02,0.34,0.08
5.7786e-02,0.25,0.405
5.7787e-02,0.21,0.095
5.7789e-02,0.195,0.395
5.7790e-02,0.195,0.075
5.7792e-02,0.225,0.415
5.7794e-02,0.1,0.09
5.7795e-02,0.165,0.395
5.7797e-02,0.19,0.09
5.7798e-02,0.245,0.395
5.7800e-02,0.23,0.085
5.7802e-02,0.19,0.4
5.7803e-02,0.295,0.075
5.7805e-02,0.325,0.415
5.7806e-02,0.315,0.09
5.7808e-02,0.305,0.395
5.7810e-02,0.27,0.075
5.7811e-02,0.25,0.415
5.7813e-02,0.285,0.1
5.7814e-02,0.23,0.395
5.7816e-02,0.27,0.095
5.7818e-02,0.17,0.395
5.7819e-02,0.305,0.06
5.7821e-02,0.225,0.43
5.7822e-02,0.34,0.095
5.7824e-02,0.265,0.395
5.7826e-02,0.26,0.075
5.7827e-02,0.195,0.415
5.7829e-02,0.27,0.09
5.7830e-02,0.215,0.4
5.7832e-02,0.265,0.075
5.7834e-02,0.18,0.415
5.7835e-02,0.23,0.1
5.7837e-02,0.205,0.395
5.7838e-02,0.33,0.07
5.7840e-02,0.175,0.42
5.7842e-02,0.28,0.075
5.7843e-02,0.2,0.42
5.7845e-02,0.31,0.075
5.7846e-02,0.28,0.42
5.7848e-02,0.22,0.06
5.7850e-02,0.27,0.425
5.7851e-02,0.19,0.08
5.7853e-02,0.31,0.41
5.7854e-02,0.195,0.065
5.7856e-02,0.245,0.425
5.7858e-02,0.18,0.07
5.7859e-02,0.28,0.42
5.7861e-02,0.225,0.06
5.7862e-02,0.335,0.435
5.7864e-02,0.29,0.06
5.7866e-02,0.33,0.425
5.7867e-02,0.26,0.06
5.7869e-02,0.37,0.43
5.7870e-02,0.215,0.095
5.7872e-02,0.265,0.395
5.7874e-02,0.115,0.095
5.7875e-02,0.225,0.395
5.7877e-02,0.225,0.08
5.7878e-02,0.2,0.41
5.7880e-02,0.2,0.075
5.7882e-02,0.175,0.42
5.7883e-02,0.28,0.095
5.7885e-02,0.325,0.395
5.7886e-02,0.28,0.085
5.7888e-02,0.325,0.405
5.7890e-02,0.205,0.09
5.7891e-02,0.33,0.395
5.7893e-02,0.275,0.075
5.7894e-02,0.24,0.41
5.7896e-02,0.275,0.105
5.7898e-02,0.205,0.385
5.7899e-02,0.255,0.085
5.7901e-02,0.22,0.41
5.7902e-02,0.245,0.075
5.7904e-02,0.26,0.405
5.7906e-02,0.195,0.065
5.7907e-02,0.305,0.42
5.7909e-02,0.31,0.085
5.7910e-02,0.36,0.4
5.7912e-02,0.25,0.09
5.7914e-02,0.245,0.405
5.7915e-02,0.23,0.095
5.7917e-02,0.245,0.39
5.7918e-02,0.135,0.1
5.7920e-02,0.195,0.39
5.7922e-02,0.15,0.1
5.7923e-02,0.335,0.385
5.7925e-02,0.245,0.065
5.7926e-02,0.265,0.415
5.7928e-02,0.285,0.055
5.7930e-02,0.235,0.435
5.7931e-02,0.27,0.065
5.7933e-02,0.255,0.425
5.7934e-02,0.21,0.09
5.7936e-02,0.24,0.405
5.7938e-02,0.18,0.11
5.7939e-02,0.175,0.38
5.7941e-02,0.275,0.11
5.7942e-02,0.14,0.385
5.7944e-02,0.285,0.105
5.7946e-02,0.22,0.39
5.7947e-02,0.31,0.095
5.7949e-02,0.33,0.395
5.7950e-02,0.32,0.075
5.7952e-02,0.28,0.42
5.7954e-02,0.225,0.07
5.7955e-02,0.275,0.425
5.7957e-02,0.265,0.07
5.7958e-02,0.18,0.42
5.7960e-02,0.175,0.09
5.7962e-02,0.225,0.4
5.7963e-02,0.24,0.075
5.7965e-02,0.345,0.42
5.7966e-02,0.155,0.09
5.7968e-02,0.325,0.405
5.7970e-02,0.255,0.095
5.7971e-02,0.38,0.4
5.7973e-02,0.225,0.085
5.7974e-02,0.305,0.41
5.7976e-02,0.2,0.08
5.7978e-02,0.23,0.42
5.7979e-02,0.235,0.055
5.7981e-02,0.315,0.44
5.7982e-02,0.23,0.055
5.7984e-02,0.3,0.44
5.7986e-02,0.175,0.085
5.7987e-02,0.3,0.42
5.7989e-02,0.22,0.07
5.7990e-02,0.25,0.425
5.7992e-02,0.195,0.09
5.7994e-02,0.26,0.41
5.7995e-02,0.23,0.055
5.7997e-02,0.305,0.435
5.7998e-02,0.11,0.09
5.8000e-02,0.235,0.405
5.8002e-02,0.155,0.095
5.8003e-02,0.28,0.405
5.8005e-02,0.25,0.085
5.8006e-02,0.185,0.41
5.8008e-02,0.3,0.1
5.8010e-02,0.195,0.405
5.8011e-02,0.265,0.065
5.8013e-02,0.265,0.43
5.8014e-02,0.24,0.06
5.8016e-02,0.31,0.44
5.8018e-02,0.24,0.08
5.8019e-02,0.31,0.41
5.8021e-02,0.235,0.09
5.8022e-02,0.29,0.405
5.8024e-02,0.215,0.045
5.8026e-02,0.31,0.44
5.8027e-02,0.3,0.085
5.8029e-02,0.32,0.41
5.8030e-02,0.18,0.105
5.8032e-02,0.235,0.4
5.8034e-02,0.22,0.105
5.8035e-02,0.31,0.395
5.8037e-02,0.25,0.1
5.8038e-02,0.245,0.4
5.8040e-02,0.245,0.105
5.8042e-02,0.27,0.39
5.8043e-02,0.285,0.095
5.8045e-02,0.245,0.395
5.8046e-02,0.29,0.09
5.8048e-02,0.245,0.405
5.8050e-02,0.385,0.11
5.8051e-02,0.235,0.385
5.8053e-02,0.33,0.09
5.8054e-02,0.205,0.405
5.8056e-02,0.32,0.09
5.8058e-02,0.235,0.405
5.8059e-02,0.295,0.065
5.8061e-02,0.295,0.43
5.8062e-02,0.255,0.07
5.8064e-02,0.225,0.42
5.8066e-02,0.235,0.07
5.8067e-02,0.235,0.42
5.8069e-02,0.355,0.105
5.8070e-02,0.25,0.39
5.8072e-02,0.245,0.095
5.8074e-02,0.25,0.39
5.8075e-02,0.28,0.085
5.8077e-02,0.315,0.41
5.8078e-02,0.19,0.075
5.8080e-02,0.3,0.42
5.8082e-02,0.27,0.1
5.8083e-02,0.285,0.395
5.8085e-02,0.275,0.1
5.8086e-02,0.24,0.39
5.8088e-02,0.28,0.095
5.8090e-02,0.3,0.4
5.8091e-02,0.275,0.065
5.8093e-02,0.33,0.43
5.8094e-02,0.285,0.075
5.8096e-02,0.235,0.42
5.8098e-02,0.23,0.095
5.8099e-02,0.15,0.4
5.8101e-02,0.26,0.075
5.8102e-02,0.185,0.42
5.8104e-02,0.225,0.1
5.8106e-02,0.225,0.395
5.8107e-02,0.27,0.1
5.8109e-02,0.335,0.4
5.8110e-02,0.245,0.07
5.8112e-02,0.245,0.425
5.8114e-02,0.265,0.09
5.8115e-02,0.245,0.4
5.8117e-02,0.28,0.09
5.8118e-02,0.22,0.4
5.8120e-02,0.23,0.085
5.8122e-02,0.23,0.41
5.8123e-02,0.3,0.12
5.8125e-02,0.2,0.38
5.8126e-02,0.21,0.11
5.8128e-02,0.24,0.385
5.8130e-02,0.3,0.1
5.8131e-02,0.28,0.395
5.8133e-02,0.23,0.105
5.8134e-02,0.235,0.39
5.8136e-02,0.21,0.105
5.8138e-02,0.225,0.395
5.8139e-02,0.215,0.085
5.8141e-02,0.325,0.41
5.8142e-02,0.2,0.1
5.8144e-02,0.28,0.405
5.8146e-02,0.14,0.095
5.8147e-02,0.275,0.4
5.8149e-02,0.25,0.115
5.8150e-02,0.285,0.39
5.8152e-02,0.19,0.105
5.8154e-02,0.285,0.39
5.8155e-02,0.2,0.09
5.8157e-02,0.31,0.41
5.8158e-02,0.13,0.09
5.8160e-02,0.3,0.41
5.8162e-02,0.215,0.08
5.8163e-02,0.305,0.42
5.8165e-02,0.29,0.08
5.8166e-02,0.25,0.42
5.8168e-02,0.28,0.09
5.8170e-02,0.24,0.41
5.8171e-02,0.215,0.09
5.8173e-02,0.305,0.41
5.8174e-02,0.24,0.13
5.8176e-02,0.29,0.37
5.8178e-02,0.18,0.085
5.8179e-02,0.24,0.425
5.8181e-02,0.265,0.07
5.8182e-02,0.185,0.44
5.8184e-02,0.275,0.095
5.8186e-02,0.23,0.41
5.8187e-02,0.38,0.095
5.8189e-02,0.335,0.41
5.8190e-02,0.305,0.115
5.8192e-02,0.29,0.395
5.8194e-02,0.325,0.105
5.8195e-02,0.32,0.395
5.8197e-02,0.265,0.105
5.8198e-02,0.275,0.4
5.8200e-02,0.205,0.08
5.8202e-02,0.285,0.415
5.8203e-02,0.235,0.095
5.8205e-02,0.305,0.405
5.8206e-02,0.245,0.095
5.8208e-02,0.2,0.405
5.8210e-02,0.24,0.055
5.8211e-02,0.205,0.45
5.8213e-02,0.28,0.105
5.8214e-02,0.285,0.395
5.8216e-02,0.235,0.085
5.8218e-02,0.255,0.42
5.8219e-02,0.195,0.085
5.8221e-02,0.275,0.42
5.8222e-02,0.205,0.08
5.8224e-02,0.17,0.42
5.8226e-02,0.235,0.1
5.8227e-02,0.295,0.4
5.8229e-02,0.3,0.09
5.8230e-02,0.28,0.42
5.8232e-02,0.205,0.09
5.8234e-02,0.32,0.405
5.8235e-02,0.23,0.095
5.8237e-02,0.365,0.41
5.8238e-02,0.23,0.095
5.8240e-02,0.3,0.4
5.8242e-02,0.255,0.08
5.8243e-02,0.29,0.415
5.8245e-02,0.28,0.09
5.8246e-02,0.295,0.415
5.8248e-02,0.29,0.1
5.8250e-02,0.285,0.4
5.8251e-02,0.23,0.06
5.8253e-02,0.275,0.435
5.8254e-02,0.275,0.11
5.8256e-02,0.175,0.395
5.8258e-02,0.26,0.075
5.8259e-02,0.21,0.425
5.8261e-02,0.29,0.115
5.8262e-02,0.235,0.39
5.8264e-02,0.2,0.12
5.8266e-02,0.215,0.385
5.8267e-02,0.245,0.085
5.8269e-02,0.25,0.42
5.8270e-02,0.3,0.06
5.8272e-02,0.18,0.445
5.8274e-02,0.27,0.11
5.8275e-02,0.255,0.39
5.8277e-02,0.3,0.085
5.8278e-02,0.265,0.41
5.8280e-02,0.27,0.095
5.8282e-02,0.315,0.41
5.8283e-02,0.295,0.135
5.8285e-02,0.245,0.37
5.8286e-02,0.28,0.115
5.8288e-02,0.25,0.39
5.8290e-02,0.24,0.105
5.8291e-02,0.335,0.4
5.8293e-02,0.295,0.105
5.8294e-02,0.315,0.4
5.8296e-02,0.275,0.1
5.8298e-02,0.26,0.395
5.8299e-02,0.3,0.105
5.8301e-02,0.265,0.405
5.8302e-02,0.285,0.115
5.8304e-02,0.22,0.395
5.8306e-02,0.23,0.11
5.8307e-02,0.29,0.395
5.8309e-02,0.37,0.1
5.8310e-02,0.305,0.405
5.8312e-02,0.215,0.1
5.8314e-02,0.295,0.405
5.8315e-02,0.235,0.095
5.8317e-02,0.31,0.405
5.8318e-02,0.255,0.095
5.8320e-02,0.195,0.41
5.8322e-02,0.245,0.11
5.8323e-02,0.28,0.39
5.8325e-02,0.195,0.095
5.8326e-02,0.24,0.41
5.8328e-02,0.195,0.075
5.8330e-02,0.255,0.425
5.8331e-02,0.22,0.1
5.8333e-02,0.21,0.405
5.8334e-02,0.27,0.085
5.8336e-02,0.155,0.42
5.8338e-02,0.21,0.08
5.8339e-02,0.245,0.42
5.8341e-02,0.265,0.095
5.8342e-02,0.195,0.41
5.8344e-02,0.255,0.1
5.8346e-02,0.2,0.405
5.8347e-02,0.35,0.12
5.8349e-02,0.245,0.39
5.8350e-02,0.265,0.12
5.8352e-02,0.25,0.39
5.8354e-02,0.235,0.075
5.8355e-02,0.295,0.435
5.8357e-02,0.285,0.085
5.8358e-02,0.23,0.425
5.8360e-02,0.29,0.1
5.8362e-02,0.28,0.41
5.8363e-02,0.295,0.115
5.8365e-02,0.285,0.4
5.8366e-02,0.26,0.115
5.8368e-02,0.2,0.39
5.8370e-02,0.28,0.095
5.8371e-02,0.24,0.42
5.8373e-02,0.28,0.095
5.8374e-02,0.275,0.41
5.8376e-02,0.25,0.105
5.8378e-02,0.25,0.405
5.8379e-02,0.265,0.095
5.8381e-02,0.305,0.42
5.8382e-02,0.21,0.105
5.8384e-02,0.2,0.4
5.8386e-02,0.22,0.08
5.8387e-02,0.345,0.425
5.8389e-02,0.22,0.1
5.8390e-02,0.3,0.41
5.8392e-02,0.21,0.12
5.8394e-02,0.325,0.39
5.8395e-02,0.3,0.085
5.8397e-02,0.245,0.42
5.8398e-02,0.3,0.08
5.8400e-02,0.255,0.425
5.8402e-02,0.245,0.095
5.8403e-02,0.305,0.41
5.8405e-02,0.21,0.08
5.8406e-02,0.295,0.42
5.8408e-02,0.155,0.09
5.8410e-02,0.265,0.42
5.8411e-02,0.25,0.09
5.8413e-02,0.275,0.415
5.8414e-02,0.2,0.06
5.8416e-02,0.255,0.445
5.8418e-02,0.17,0.11
5.8419e-02,0.31,0.4
5.8421e-02,0.205,0.12
5.8422e-02,0.26,0.385
5.8424e-02,0.17,0.1
5.8426e-02,0.225,0.405
5.8427e-02,0.285,0.1
5.8429e-02,0.19,0.405
5.8430e-02,0.235,0.115
5.8432e-02,0.16,0.395
5.8434e-02,0.25,0.105
5.8435e-02,0.27,0.41
5.8437e-02,0.2,0.11
5.8438e-02,0.225,0.395
5.8440e-02,0.245,0.1
5.8442e-02,0.23,0.415
5.8443e-02,0.285,0.12
5.8445e-02,0.21,0.385
5.8446e-02,0.29,0.11
5.8448e-02,0.18,0.405
5.8450e-02,0.325,0.105
5.8451e-02,0.275,0.41
5.8453e-02,0.285,0.115
5.8454e-02,0.225,0.395
5.8456e-02,0.235,0.095
5.8458e-02,0.335,0.41
5.8459e-02,0.285,0.08
5.8461e-02,0.295,0.43
5.8462e-02,0.24,0.07
5.8464e-02,0.325,0.44
5.8466e-02,0.315,0.11
5.8467e-02,0.325,0.4
5.8469e-02,0.265,0.105
5.8470e-02,0.22,0.405
5.8472e-02,0.24,0.115
5.8474e-02,0.235,0.4
5.8475e-02,0.245,0.085
5.8477e-02,0.23,0.42
5.8478e-02,0.225,0.115
5.8480e-02,0.235,0.4
5.8482e-02,0.23,0.115
5.8483e-02,0.275,0.395
5.8485e-02,0.185,0.11
5.8486e-02,0.27,0.405
5.8488e-02,0.16,0.11
5.8490e-02,0.26,0.4
5.8491e-02,0.245,0.09
5.8493e-02,0.21,0.415
5.8494e-02,0.17,0.08
5.8496e-02,0.195,0.425
5.8498e-02,0.265,0.1
5.8499e-02,0.215,0.405
5.8501e-02,0.18,0.115
5.8502e-02,0.195,0.4
5.8504e-02,0.21,0.095
5.8506e-02,0.24,0.41
5.8507e-02,0.22,0.065
5.8509e-02,0.17,0.435
5.8510e-02,0.23,0.09
5.8512e-02,0.22,0.42
5.8514e-02,0.29,0.125
5.8515e-02,0.225,0.385
5.8517e-02,0.21,0.11
5.8518e-02,0.22,0.4
5.8520e-02,0.215,0.11
5.8522e-02,0.235,0.405
5.8523e-02,0.215,0.105
5.8525e-02,0.255,0.41
5.8526e-02,0.175,0.09
5.8528e-02,0.23,0.42
5.8530e-02,0.23,0.105
5.8531e-02,0.27,0.41
5.8533e-02,0.23,0.105
5.8534e-02,0.2,0.405
5.8536e-02,0.22,0.105
5.8538e-02,0.305,0.405
5.8539e-02,0.22,0.095
5.8541e-02,0.22,0.41
5.8542e-02,0.245,0.1
5.8544e-02,0.275,0.415
5.8546e-02,0.31,0.12
5.8547e-02,0.27,0.4
5.8549e-02,0.245,0.095
5.8550e-02,0.255,0.405
5.8552e-02,0.285,0.11
5.8554e-02,0.235,0.4
5.8555e-02,0.315,0.115
5.8557e-02,0.215,0.4
5.8558e-02,0.315,0.095
5.8560e-02,0.31,0.41
5.8562e-02,0.335,0.08
5.8563e-02,0.3,0.43
5.8565e-02,0.325,0.115
5.8566e-02,0.245,0.395
5.8568e-02,0.365,0.085
5.8570e-02,0.26,0.43
5.8571e-02,0.345,0.08
5.8573e-02,0.19,0.44
5.8574e-02,0.23,0.1
5.8576e-02,0.205,0.41
5.8578e-02,0.25,0.105
5.8579e-02,0.235,0.41
5.8581e-02,0.15,0.12
5.8582e-02,0.205,0.4
5.8584e-02,0.225,0.09
5.8586e-02,0.27,0.425
5.8587e-02,0.185,0.115
5.8589e-02,0.19,0.405
5.8590e-02,0.22,0.12
5.8592e-02,0.225,0.4
5.8594e-02,0.25,0.1
5.8595e-02,0.225,0.4
5.8597e-02,0.23,0.085
5.8598e-02,0.325,0.425
5.8600e-02,0.29,0.095
5.8602e-02,0.32,0.42
5.8603e-02,0.31,0.095
5.8605e-02,0.245,0.43
5.8606e-02,0.275,0.095
5.8608e-02,0.27,0.425
5.8610e-02,0.275,0.115
5.8611e-02,0.235,0.405
5.8613e-02,0.195,0.12
5.8614e-02,0.215,0.4
5.8616e-02,0.3,0.105
5.8618e-02,0.2,0.41
5.8619e-02,0.24,0.105
5.8621e-02,0.205,0.41
5.8622e-02,0.325,0.09
5.8624e-02,0.325,0.42
5.8626e-02,0.305,0.09
5.8627e-02,0.205,0.425
5.8629e-02,0.295,0.085
5.8630e-02,0.255,0.43
5.8632e-02,0.275,0.11
5.8634e-02,0.275,0.41
5.8635e-02,0.23,0.105
5.8637e-02,0.225,0.41
5.8638e-02,0.27,0.08
5.8640e-02,0.21,0.43
5.8642e-02,0.25,0.11
5.8643e-02,0.225,0.4
5.8645e-02,0.25,0.105
5.8646e-02,0.305,0.405
5.8648e-02,0.305,0.05
5.8650e-02,0.25,0.47
5.8651e-02,0.25,0.11
5.8653e-02,0.2,0.41
5.8654e-02,0.29,0.095
5.8656e-02,0.285,0.415
5.8658e-02,0.175,0.12
5.8659e-02,0.24,0.4
5.8661e-02,0.235,0.105
5.8662e-02,0.275,0.405
5.8664e-02,0.215,0.095
5.8666e-02,0.14,0.415
5.8667e-02,0.21,0.075
5.8669e-02,0.21,0.445
5.8670e-02,0.23,0.09
5.8672e-02,0.255,0.43
5.8674e-02,0.175,0.09
5.8675e-02,0.255,0.42
5.8677e-02,0.18,0.09
5.8678e-02,0.26,0.415
5.8680e-02,0.235,0.105
5.8682e-02,0.225,0.405
5.8683e-02,0.275,0.085
5.8685e-02,0.205,0.43
5.8686e-02,0.285,0.09
5.8688e-02,0.32,0.425
5.8690e-02,0.25,0.105
5.8691e-02,0.29,0.42
5.8693e-02,0.2,0.09
5.8694e-02,0.365,0.415
5.8696e-02,0.24,0.115
5.8698e-02,0.25,0.4
5.8699e-02,0.15,0.085
5.8701e-02,0.3,0.42
5.8702e-02,0.245,0.1
5.8704e-02,0.255,0.415
5.8706e-02,0.21,0.105
5.8707e-02,0.18,0.425
5.8709e-02,0.29,0.12
5.8710e-02,0.205,0.41
5.8712e-02,0.205,0.075
5.8714e-02,0.195,0.44
5.8715e-02,0.195,0.125
5.8717e-02,0.19,0.39
5.8718e-02,0.205,0.105
5.8720e-02,0.2,0.415
5.8722e-02,0.155,0.105
5.8723e-02,0.21,0.415
5.8725e-02,0.165,0.13
5.8726e-02,0.255,0.395
5.8728e-02,0.28,0.105
5.8730e-02,0.235,0.415
5.8731e-02,0.25,0.115
5.8733e-02,0.23,0.41
5.8734e-02,0.315,0.09
5.8736e-02,0.225,0.43
5.8738e-02,0.24,0.125
5.8739e-02,0.17,0.4
5.8741e-02,0.285,0.1
5.8742e-02,0.23,0.42
5.8744e-02,0.32,0.12
5.8746e-02,0.23,0.4
5.8747e-02,0.265,0.115
5.8749e-02,0.28,0.41
5.8750e-02,0.315,0.1
5.8752e-02,0.23,0.42
5.8754e-02,0.195,0.095
5.8755e-02,0.22,0.425
5.8757e-02,0.255,0.095
5.8758e-02,0.245,0.44
5.8760e-02,0.245,0.095
5.8762e-02,0.25,0.425
5.8763e-02,0.265,0.11
5.8765e-02,0.295,0.42
5.8766e-02,0.195,0.105
5.8768e-02,0.24,0.42
5.8770e-02,0.18,0.105
5.8771e-02,0.255,0.415
5.8773e-02,0.235,0.11
5.8774e-02,0.28,0.41
5.8776e-02,0.26,0.115
5.8778e-02,0.23,0.41
5.8779e-02,0.16,0.1
5.8781e-02,0.265,0.425
5.8782e-02,0.245,0.1
5.8784e-02,0.25,0.425
5.8786e-02,0.215,0.1
5.8787e-02,0.23,0.425
5.8789e-02,0.315,0.1
5.8790e-02,0.3,0.42
5.8792e-02,0.26,0.1
5.8794e-02,0.28,0.425
5.8795e-02,0.195,0.115
5.8797e-02,0.355,0.4
5.8798e-02,0.205,0.075
5.8800e-02,0.34,0.43
5.8802e-02,0.2,0.085
5.8803e-02,0.34,0.445
5.8805e-02,0.275,0.13
5.8806e-02,0.37,0.4
5.8808e-02,0.29,0.11
5.8810e-02,0.315,0.405
5.8811e-02,0.29,0.085
5.8813e-02,0.33,0.425
5.8814e-02,0.315,0.1
5.8816e-02,0.265,0.425
5.8818e-02,0.25,0.115
5.8819e-02,0.23,0.4
5.8821e-02,0.335,0.12
5.8822e-02,0.21,0.405
5.8824e-02,0.27,0.08
5.8826e-02,0.155,0.435
5.8827e-02,0.3,0.09
5.8829e-02,0.225,0.43
5.8830e-02,0.305,0.08
5.8832e-02,0.265,0.425
5.8834e-02,0.265,0.105
5.8835e-02,0.325,0.41
5.8837e-02,0.3,0.085
5.8838e-02,0.365,0.435
5.8840e-02,0.275,0.1
5.8842e-02,0.255,0.425
5.8843e-02,0.275,0.105
5.8845e-02,0.215,0.41
5.8846e-02,0.23,0.095
5.8848e-02,0.23,0.425
5.8850e-02,0.195,0.105
5.8851e-02,0.23,0.415
5.8853e-02,0.225,0.105
5.8854e-02,0.35,0.415
5.8856e-02,0.225,0.115
5.8858e-02,0.29,0.405
5.8859e-02,0.265,0.105
5.8861e-02,0.31,0.41
5.8862e-02,0.265,0.115
5.8864e-02,0.235,0.41
5.8866e-02,0.185,0.095
5.8867e-02,0.24,0.42
5.8869e-02,0.265,0.11
5.8870e-02,0.19,0.415
5.8872e-02,0.205,0.12
5.8874e-02,0.27,0.405
5.8875e-02,0.25,0.1
5.8877e-02,0.325,0.425
5.8878e-02,0.27,0.1
5.8880e-02,0.235,0.425
5.8882e-02,0.295,0.095
5.8883e-02,0.205,0.425
5.8885e-02,0.27,0.11
5.8886e-02,0.26,0.42
5.8888e-02,0.205,0.12
5.8890e-02,0.275,0.41
5.8891e-02,0.18,0.125
5.8893e-02,0.32,0.405
5.8894e-02,0.24,0.1
5.8896e-02,0.32,0.42
5.8898e-02,0.205,0.115
5.8899e-02,0.33,0.415
5.8901e-02,0.355,0.085
5.8902e-02,0.33,0.445
5.8904e-02,0.27,0.1
5.8906e-02,0.285,0.42
5.8907e-02,0.295,0.105
5.8909e-02,0.295,0.415
5.8910e-02,0.255,0.085
5.8912e-02,0.2,0.445
5.8914e-02,0.31,0.125
5.8915e-02,0.225,0.405
5.8917e-02,0.345,0.13
5.8918e-02,0.235,0.395
5.8920e-02,0.29,0.12
5.8922e-02,0.305,0.405
5.8923e-02,0.275,0.105
5.8925e-02,0.355,0.415
5.8926e-02,0.275,0.11
5.8928e-02,0.25,0.415
5.8930e-02,0.275,0.115
5.8931e-02,0.275,0.41
5.8933e-02,0.29,0.105
5.8934e-02,0.29,0.41
5.8936e-02,0.185,0.12
5.8938e-02,0.275,0.405
5.8939e-02,0.245,0.12
5.8941e-02,0.305,0.41
5.8942e-02,0.25,0.12
5.8944e-02,0.2,0.405
5.8946e-02,0.205,0.08
5.8947e-02,0.29,0.44
5.8949e-02,0.245,0.11
5.8950e-02,0.24,0.415
5.8952e-02,0.215,0.12
5.8954e-02,0.24,0.4
5.8955e-02,0.26,0.11
5.8957e-02,0.255,0.41
5.8958e-02,0.235,0.11
5.8960e-02,0.225,0.415
5.8962e-02,0.26,0.12
5.8963e-02,0.26,0.41
5.8965e-02,0.245,0.105
5.8966e-02,0.265,0.42
5.8968e-02,0.18,0.105
5.8970e-02,0.25,0.42
5.8971e-02,0.21,0.13
5.8973e-02,0.24,0.39
5.8974e-02,0.23,0.105
5.8976e-02,0.165,0.425
5.8978e-02,0.32,0.1
5.8979e-02,0.27,0.415
5.8981e-02,0.27,0.12
5.8982e-02,0.23,0.405
5.8984e-02,0.25,0.095
5.8986e-02,0.265,0.43
5.8987e-02,0.305,0.115
5.8989e-02,0.24,0.415
5.8990e-02,0.225,0.125
5.8992e-02,0.23,0.405
5.8994e-02,0.34,0.11
5.8995e-02,0.22,0.415
5.8997e-02,0.315,0.11
5.8998e-02,0.275,0.42
5.9000e-02,0.26,0.105
5.9002e-02,0.29,0.425
5.9003e-02,0.295,0.125
5.9005e-02,0.275,0.41
5.9006e-02,0.275,0.08
5.9008e-02,0.215,0.44
5.9010e-02,0.265,0.11
5.9011e-02,0.315,0.42
5.9013e-02,0.25,0.115
5.9014e-02,0.255,0.415
5.9016e-02,0.275,0.115
5.9018e-02,0.31,0.415
5.9019e-02,0.265,0.105
5.9021e-02,0.265,0.435
5.9022e-02,0.195,0.115
5.9024e-02,0.25,0.415
5.9026e-02,0.28,0.125
5.9027e-02,0.3,0.41
5.9029e-02,0.215,0.1
5.9030e-02,0.27,0.425
5.9032e-02,0.35,0.11
5.9034e-02,0.265,0.43
5.9035e-02,0.32,0.115
5.9037e-02,0.22,0.42
5.9038e-02,0.26,0.135
5.9040e-02,0.27,0.4
5.9042e-02,0.29,0.085
5.9043e-02,0.225,0.445
5.9045e-02,0.24,0.06
5.9046e-02,0.285,0.475
5.9048e-02,0.19,0.11
5.9050e-02,0.305,0.42
5.9051e-02,0.29,0.125
5.9053e-02,0.36,0.415
5.9054e-02,0.22,0.115
5.9056e-02,0.375,0.42
5.9058e-02,0.285,0.125
5.9059e-02,0.325,0.41
5.9061e-02,0.2,0.11
5.9062e-02,0.21,0.425
5.9064e-02,0.235,0.11
5.9066e-02,0.245,0.425
5.9067e-02,0.165,0.115
5.9069e-02,0.22,0.425
5.9070e-02,0.28,0.08
5.9072e-02,0.305,0.45
5.9074e-02,0.35,0.105
5.9075e-02,0.285,0.43
5.9077e-02,0.245,0.13
5.9078e-02,0.34,0.41
5.9080e-02,0.245,0.095
5.9082e-02,0.24,0.435
5.9083e-02,0.205,0.085
5.9085e-02,0.23,0.45
5.9086e-02,0.225,0.105
5.9088e-02,0.29,0.435
5.9090e-02,0.225,0.125
5.9091e-02,0.275,0.41
5.9093e-02,0.28,0.1
5.9094e-02,0.245,0.435
5.9096e-02,0.41,0.12
5.9098e-02,0.315,0.415
5.9099e-02,0.32,0.11
5.9101e-02,0.245,0.42
5.9102e-02,0.335,0.115
5.9104e-02,0.275,0.415
5.9106e-02,0.29,0.12
5.9107e-02,0.235,0.415
5.9109e-02,0.18,0.105
5.9110e-02,0.29,0.425
5.9112e-02,0.295,0.125
5.9114e-02,0.24,0.405
5.9115e-02,0.215,0.115
5.9117e-02,0.22,0.42
5.9118e-02,0.225,0.115
5.9120e-02,0.285,0.415
5.9122e-02,0.17,0.1
5.9123e-02,0.22,0.425
5.9125e-02,0.295,0.13
5.9126e-02,0.28,0.4
5.9128e-02,0.335,0.105
5.9130e-02,0.305,0.415
5.9131e-02,0.34,0.095
5.9133e-02,0.245,0.425
5.9134e-02,0.39,0.12
5.9136e-02,0.27,0.4
5.9138e-02,0.285,0.095
5.9139e-02,0.25,0.43
5.9141e-02,0.26,0.095
5.9142e-02,0.26,0.425
5.9144e-02,0.39,0.095
5.9146e-02,0.25,0.43
5.9147e-02,0.29,0.12
5.9149e-02,0.28,0.41
5.9150e-02,0.335,0.115
5.9152e-02,0.325,0.415
5.9154e-02,0.3,0.13
5.9155e-02,0.195,0.4
5.9157e-02,0.285,0.1
5.9158e-02,0.275,0.425
5.9160e-02,0.225,0.115
5.9162e-02,0.255,0.41
5.9163e-02,0.195,0.085
5.9165e-02,0.255,0.445
5.9166e-02,0.3,0.095
5.9168e-02,0.25,0.44
5.9170e-02,0.225,0.13
5.9171e-02,0.29,0.395
5.9173e-02,0.225,0.09
5.9174e-02,0.3,0.44
5.9176e-02,0.285,0.105
5.9178e-02,0.265,0.425
5.9179e-02,0.335,0.095
5.9181e-02,0.35,0.435
5.9182e-02,0.315,0.11
5.9184e-02,0.315,0.415
5.9186e-02,0.295,0.08
5.9187e-02,0.22,0.45
5.9189e-02,0.285,0.115
5.9190e-02,0.24,0.41
5.9192e-02,0.24,0.115
5.9194e-02,0.195,0.42
5.9195e-02,0.23,0.12
5.9197e-02,0.27,0.42
5.9198e-02,0.3,0.115
5.9200e-02,0.28,0.415
5.9202e-02,0.2,0.11
5.9203e-02,0.335,0.425
5.9205e-02,0.325,0.115
5.9206e-02,0.325,0.42
5.9208e-02,0.28,0.12
5.9210e-02,0.3,0.41
5.9211e-02,0.305,0.12
5.9213e-02,0.305,0.415
5.9214e-02,0.34,0.115
5.9216e-02,0.275,0.425
5.9218e-02,0.28,0.11
5.9219e-02,0.28,0.43
5.9221e-02,0.28,0.1
5.9222e-02,0.265,0.44
5.9224e-02,0.29,0.095
5.9226e-02,0.185,0.445
5.9227e-02,0.2,0.1
5.9229e-02,0.235,0.44
5.9230e-02,0.22,0.125
5.9232e-02,0.26,0.415
5.9234e-02,0.215,0.11
5.9235e-02,0.305,0.43
5.9237e-02,0.295,0.11
5.9238e-02,0.365,0.43
5.9240e-02,0.2,0.1
5.9242e-02,0.315,0.44
5.9243e-02,0.24,0.1
5.9245e-02,0.31,0.44
5.9246e-02,0.25,0.1
5.9248e-02,0.28,0.435
5.9250e-02,0.18,0.115
5.9251e-02,0.325,0.42
5.9253e-02,0.275,0.095
5.9254e-02,0.23,0.435
5.9256e-02,0.26,0.12
5.9258e-02,0.215,0.42
5.9259e-02,0.215,0.125
5.9261e-02,0.23,0.415
5.9262e-02,0.24,0.095
5.9264e-02,0.225,0.44
5.9266e-02,0.155,0.105
5.9267e-02,0.315,0.43
5.9269e-02,0.22,0.12
5.9270e-02,0.325,0.42
5.9272e-02,0.275,0.115
5.9274e-02,0.25,0.42
5.9275e-02,0.285,0.115
5.9277e-02,0.27,0.425
5.9278e-02,0.27,0.12
5.9280e-02,0.145,0.415
5.9282e-02,0.28,0.085
5.9283e-02,0.22,0.46
5.9285e-02,0.325,0.125
5.9286e-02,0.315,0.41
5.9288e-02,0.225,0.13
5.9290e-02,0.31,0.41
5.9291e-02,0.335,0.14
5.9293e-02,0.315,0.405
5.9294e-02,0.26,0.125
5.9296e-02,0.265,0.415
5.9298e-02,0.29,0.105
5.9299e-02,0.245,0.44
5.9301e-02,0.295,0.105
5.9302e-02,0.265,0.435
5.9304e-02,0.27,0.13
5.9306e-02,0.26,0.41
5.9307e-02,0.345,0.11
5.9309e-02,0.28,0.425
5.9310e-02,0.305,0.13
5.9312e-02,0.195,0.41
5.9314e-02,0.275,0.115
5.9315e-02,0.17,0.42
5.9317e-02,0.235,0.11
5.9318e-02,0.26,0.425
5.9320e-02,0.17,0.12
5.9322e-02,0.225,0.42
5.9323e-02,0.235,0.12
5.9325e-02,0.36,0.415
5.9326e-02,0.27,0.1
5.9328e-02,0.29,0.435
5.9330e-02,0.3,0.08
5.9331e-02,0.375,0.46
5.9333e-02,0.3,0.085
5.9334e-02,0.29,0.46
5.9336e-02,0.245,0.12
5.9338e-02,0.275,0.42
5.9339e-02,0.3,0.09
5.9341e-02,0.295,0.44
5.9342e-02,0.22,0.115
5.9344e-02,0.265,0.42
5.9346e-02,0.24,0.105
5.9347e-02,0.24,0.44
5.9349e-02,0.21,0.105
5.9350e-02,0.255,0.43
5.9352e-02,0.175,0.125
5.9354e-02,0.235,0.41
5.9355e-02,0.255,0.11
5.9357e-02,0.345,0.435
5.9358e-02,0.3,0.11
5.9360e-02,0.3,0.44
5.9362e-02,0.29,0.115
5.9363e-02,0.42,0.42
5.9365e-02,0.26,0.105
5.9366e-02,0.34,0.43
5.9368e-02,0.18,0.11
5.9370e-02,0.24,0.43
5.9371e-02,0.225,0.135
5.9373e-02,0.27,0.41
5.9374e-02,0.235,0.125
5.9376e-02,0.22,0.41
5.9378e-02,0.335,0.115
5.9379e-02,0.27,0.425
5.9381e-02,0.34,0.08
5.9382e-02,0.24,0.46
5.9384e-02,0.34,0.12
5.9386e-02,0.285,0.415
5.9387e-02,0.29,0.115
5.9389e-02,0.27,0.42
5.9390e-02,0.255,0.105
5.9392e-02,0.165,0.42
5.9394e-02,0.22,0.125
5.9395e-02,0.255,0.42
5.9397e-02,0.3,0.125
5.9398e-02,0.25,0.415
5.9400e-02,0.24,0.14
5.9402e-02,0.345,0.4
5.9403e-02,0.295,0.125
5.9405e-02,0.27,0.405
5.9406e-02,0.24,0.12
5.9408e-02,0.25,0.415
5.9410e-02,0.265,0.09
5.9411e-02,0.305,0.435
5.9413e-02,0.3,0.105
5.9414e-02,0.25,0.44
5.9416e-02,0.23,0.125
5.9418e-02,0.31,0.415
5.9419e-02,0.27,0.11
5.9421e-02,0.28,0.42
5.9422e-02,0.195,0.12
5.9424e-02,0.29,0.42
5.9426e-02,0.215,0.12
5.9427e-02,0.29,0.415
5.9429e-02,0.305,0.125
5.9430e-02,0.29,0.415
5.9432e-02,0.27,0.13
5.9434e-02,0.285,0.405
5.9435e-02,0.325,0.12
5.9437e-02,0.3,0.42
5.9438e-02,0.235,0.125
5.9440e-02,0.26,0.41
5.9442e-02,0.29,0.12
5.9443e-02,0.265,0.42
5.9445e-02,0.275,0.135
5.9446e-02,0.205,0.41
5.9448e-02,0.18,0.12
5.9450e-02,0.275,0.425
5.9451e-02,0.24,0.13
5.9453e-02,0.215,0.415
5.9454e-02,0.185,0.11
5.9456e-02,0.295,0.425
5.9458e-02,0.26,0.14
5.9459e-02,0.335,0.405
5.9461e-02,0.265,0.125
5.9462e-02,0.34,0.42
5.9464e-02,0.245,0.12
5.9466e-02,0.29,0.43
5.9467e-02,0.285,0.115
5.9469e-02,0.255,0.43
5.9470e-02,0.2,0.13
5.9472e-02,0.21,0.415
5.9474e-02,0.185,0.13
5.9475e-02,0.23,0.415
5.9477e-02,0.275,0.125
5.9478e-02,0.22,0.425
5.9480e-02,0.185,0.085
5.9482e-02,0.375,0.45
5.9483e-02,0.305,0.11
5.9485e-02,0.305,0.43
5.9486e-02,0.225,0.115
5.9488e-02,0.34,0.43
5.9490e-02,0.265,0.12
5.9491e-02,0.29,0.425
5.9493e-02,0.23,0.125
5.9494e-02,0.27,0.425
5.9496e-02,0.315,0.115
5.9498e-02,0.34,0.43
5.9499e-02,0.235,0.09
5.9501e-02,0.235,0.455
5.9502e-02,0.2,0.11
5.9504e-02,0.26,0.43
5.9506e-02,0.16,0.14
5.9507e-02,0.285,0.405
5.9509e-02,0.195,0.145
5.9510e-02,0.265,0.4
5.9512e-02,0.245,0.115
5.9514e-02,0.33,0.435
5.9515e-02,0.25,0.115
5.9517e-02,0.335,0.425
5.9518e-02,0.275,0.12
5.9520e-02,0.32,0.425
5.9522e-02,0.31,0.13
5.9523e-02,0.33,0.415
5.9525e-02,0.315,0.1
5.9526e-02,0.215,0.455
5.9528e-02,0.245,0.125
5.9530e-02,0.325,0.425
5.9531e-02,0.205,0.135
5.9533e-02,0.27,0.41
5.9534e-02,0.22,0.145
5.9536e-02,0.28,0.405
5.9538e-02,0.315,0.115
5.9539e-02,0.315,0.43
5.9541e-02,0.24,0.12
5.9542e-02,0.29,0.425
5.9544e-02,0.305,0.12
5.9546e-02,0.355,0.425
5.9547e-02,0.22,0.135
5.9549e-02,0.3,0.41
5.9550e-02,0.265,0.115
5.9552e-02,0.23,0.42
5.9554e-02,0.255,0.11
5.9555e-02,0.225,0.43
5.9557e-02,0.22,0.13
5.9558e-02,0.28,0.415
5.9560e-02,0.315,0.14
5.9562e-02,0.29,0.415
5.9563e-02,0.26,0.13
5.9565e-02,0.215,0.41
5.9566e-02,0.27,0.13
5.9568e-02,0.2,0.42
5.9570e-02,0.225,0.115
5.9571e-02,0.285,0.43
5.9573e-02,0.24,0.13
5.9574e-02,0.26,0.42
5.9576e-02,0.28,0.135
5.9578e-02,0.28,0.42
5.9579e-02,0.21,0.14
5.9581e-02,0.205,0.405
5.9582e-02,0.26,0.11
5.9584e-02,0.3,0.44
5.9586e-02,0.24,0.1
5.9587e-02,0.27,0.44
5.9589e-02,0.21,0.15
5.9590e-02,0.285,0.395
5.9592e-02,0.26,0.145
5.9594e-02,0.325,0.4
5.9595e-02,0.205,0.12
5.9597e-02,0.29,0.425
5.9598e-02,0.29,0.12
5.9600e-02,0.245,0.43
5.9602e-02,0.165,0.11
5.9603e-02,0.23,0.445
5.9605e-02,0.255,0.12
5.9606e-02,0.305,0.43
5.9608e-02,0.26,0.13
5.9610e-02,0.31,0.415
5.9611e-02,0.255,0.13
5.9613e-02,0.225,0.41
5.9614e-02,0.29,0.13
5.9616e-02,0.265,0.42
5.9618e-02,0.245,0.135
5.9619e-02,0.3,0.415
5.9621e-02,0.34,0.125
5.9622e-02,0.3,0.425
5.9624e-02,0.355,0.14
5.9626e-02,0.26,0.41
5.9627e-02,0.32,0.125
5.9629e-02,0.27,0.42
5.9630e-02,0.335,0.13
5.9632e-02,0.29,0.42
5.9634e-02,0.2,0.13
5.9635e-02,0.155,0.42
5.9637e-02,0.29,0.095
5.9638e-02,0.29,0.455
5.9640e-02,0.255,0.08
5.9642e-02,0.29,0.47
5.9643e-02,0.235,0.135
5.9645e-02,0.28,0.415
5.9646e-02,0.235,0.13
5.9648e-02,0.235,0.42
5.9650e-02,0.225,0.135
5.9651e-02,0.295,0.42
5.9653e-02,0.345,0.115
5.9654e-02,0.335,0.425
5.9656e-02,0.315,0.12
5.9658e-02,0.265,0.43
5.9659e-02,0.31,0.12
5.9661e-02,0.265,0.43
5.9662e-02,0.245,0.13
5.9664e-02,0.325,0.42
5.9666e-02,0.185,0.135
5.9667e-02,0.3,0.41
5.9669e-02,0.335,0.12
5.9670e-02,0.31,0.43
5.9672e-02,0.34,0.13
5.9674e-02,0.27,0.42
5.9675e-02,0.315,0.125
5.9677e-02,0.305,0.425
5.9678e-02,0.28,0.095
5.9680e-02,0.23,0.45
5.9682e-02,0.14,0.115
5.9683e-02,0.21,0.43
5.9685e-02,0.28,0.105
5.9686e-02,0.24,0.44
5.9688e-02,0.235,0.11
5.9690e-02,0.305,0.435
5.9691e-02,0.305,0.12
5.9693e-02,0.335,0.42
5.9694e-02,0.31,0.125
5.9696e-02,0.31,0.42
5.9698e-02,0.285,0.135
5.9699e-02,0.305,0.415
5.9701e-02,0.27,0.09
5.9702e-02,0.225,0.45
5.9704e-02,0.265,0.11
5.9706e-02,0.235,0.44
5.9707e-02,0.25,0.125
5.9709e-02,0.275,0.425
5.9710e-02,0.23,0.135
5.9712e-02,0.215,0.41
5.9714e-02,0.225,0.13
5.9715e-02,0.355,0.42
5.9717e-02,0.27,0.11
5.9718e-02,0.24,0.435
5.9720e-02,0.285,0.12
5.9722e-02,0.235,0.42
5.9723e-02,0.3,0.11
5.9725e-02,0.28,0.43
5.9726e-02,0.28,0.125
5.9728e-02,0.29,0.42
5.9730e-02,0.33,0.12
5.9731e-02,0.355,0.425
5.9733e-02,0.265,0.14
5.9734e-02,0.285,0.41
5.9736e-02,0.185,0.13
5.9738e-02,0.265,0.415
5.9739e-02,0.205,0.12
5.9741e-02,0.245,0.425
5.9742e-02,0.195,0.12
5.9744e-02,0.285,0.43
5.9746e-02,0.305,0.09
5.9747e-02,0.305,0.455
5.9749e-02,0.395,0.135
5.9750e-02,0.335,0.415
5.9752e-02,0.26,0.12
5.9754e-02,0.345,0.44
5.9755e-02,0.27,0.125
5.9757e-02,0.26,0.425
5.9758e-02,0.19,0.115
5.9760e-02,0.225,0.435
5.9762e-02,0.275,0.125
5.9763e-02,0.31,0.435
5.9765e-02,0.185,0.135
5.9766e-02,0.255,0.42
5.9768e-02,0.3,0.12
5.9770e-02,0.295,0.43
5.9771e-02,0.34,0.12
5.9773e-02,0.325,0.43
5.9774e-02,0.285,0.15
5.9776e-02,0.4,0.415
5.9778e-02,0.36,0.125
5.9779e-02,0.29,0.43
5.9781e-02,0.305,0.105
5.9782e-02,0.225,0.46
5.9784e-02,0.205,0.125
5.9786e-02,0.22,0.435
5.9787e-02,0.285,0.13
5.9789e-02,0.24,0.43
5.9790e-02,0.255,0.12
5.9792e-02,0.3,0.44
5.9794e-02,0.25,0.115
5.9795e-02,0.365,0.44
5.9797e-02,0.235,0.135
5.9798e-02,0.22,0.43
5.9800e-02,0.28,0.1
5.9802e-02,0.285,0.46
5.9803e-02,0.315,0.12
5.9805e-02,0.295,0.445
5.9806e-02,0.24,0.125
5.9808e-02,0.3,0.43
5.9810e-02,0.28,0.14
5.9811e-02,0.235,0.42
5.9813e-02,0.175,0.135
5.9814e-02,0.29,0.415
5.9816e-02,0.265,0.12
5.9818e-02,0.345,0.43
5.9819e-02,0.35,0.12
5.9821e-02,0.315,0.44
5.9822e-02,0.31,0.14
5.9824e-02,0.305,0.415
5.9826e-02,0.31,0.14
5.9827e-02,0.265,0.42
5.9829e-02,0.27,0.145
5.9830e-02,0.155,0.415
5.9832e-02,0.275,0.13
5.9834e-02,0.33,0.42
5.9835e-02,0.32,0.135
5.9837e-02,0.305,0.425
5.9838e-02,0.365,0.105
5.9840e-02,0.34,0.45
5.9842e-02,0.35,0.125
5.9843e-02,0.31,0.425
5.9845e-02,0.24,0.145
5.9846e-02,0.215,0.415
5.9848e-02,0.265,0.11
5.9850e-02,0.24,0.445
5.9851e-02,0.235,0.12
5.9853e-02,0.285,0.44
5.9854e-02,0.235,0.13
5.9856e-02,0.31,0.42
5.9858e-02,0.325,0.12
5.9859e-02,0.31,0.425
5.9861e-02,0.255,0.125
5.9862e-02,0.29,0.43
5.9864e-02,0.29,0.13
5.9866e-02,0.245,0.42
5.9867e-02,0.35,0.125
5.9869e-02,0.155,0.425
5.9870e-02,0.28,0.125
5.9872e-02,0.27,0.43
5.9874e-02,0.33,0.135
5.9875e-02,0.215,0.415
5.9877e-02,0.23,0.13
5.9878e-02,0.3,0.415
5.9880e-02,0.23,0.145
5.9882e-02,0.315,0.4
5.9883e-02,0.22,0.135
5.9885e-02,0.205,0.41
5.9886e-02,0.205,0.095
5.9888e-02,0.255,0.45
5.9890e-02,0.245,0.115
5.9891e-02,0.295,0.44
5.9893e-02,0.25,0.09
5.9894e-02,0.285,0.46
5.9896e-02,0.27,0.11
5.9898e-02,0.305,0.435
5.9899e-02,0.305,0.13
5.9901e-02,0.215,0.415
5.9902e-02,0.26,0.12
5.9904e-02,0.245,0.435
5.9906e-02,0.285,0.12
5.9907e-02,0.345,0.43
5.9909e-02,0.305,0.145
5.9910e-02,0.295,0.41
5.9912e-02,0.33,0.14
5.9914e-02,0.325,0.415
5.9915e-02,0.235,0.105
5.9917e-02,0.24,0.45
5.9918e-02,0.29,0.115
5.9920e-02,0.27,0.44
5.9922e-02,0.225,0.14
5.9923e-02,0.235,0.415
5.9925e-02,0.215,0.13
5.9926e-02,0.185,0.42
5.9928e-02,0.285,0.14
5.9930e-02,0.255,0.43
5.9931e-02,0.255,0.14
5.9933e-02,0.3,0.42
5.9934e-02,0.265,0.13
5.9936e-02,0.3,0.435
5.9938e-02,0.41,0.14
5.9939e-02,0.4,0.415
5.9941e-02,0.26,0.13
5.9942e-02,0.32,0.425
5.9944e-02,0.28,0.145
5.9946e-02,0.285,0.43
5.9947e-02,0.265,0.135
5.9949e-02,0.23,0.43
5.9950e-02,0.21,0.115
5.9952e-02,0.265,0.44
5.9954e-02,0.325,0.11
5.9955e-02,0.28,0.44
5.9957e-02,0.235,0.14
5.9958e-02,0.35,0.42
5.9960e-02,0.265,0.14
5.9962e-02,0.305,0.425
5.9963e-02,0.295,0.13
5.9965e-02,0.28,0.43
5.9966e-02,0.26,0.115
5.9968e-02,0.335,0.445
5.9970e-02,0.295,0.105
5.9971e-02,0.29,0.45
5.9973e-02,0.27,0.13
5.9974e-02,0.28,0.435
5.9976e-02,0.23,0.115
5.9978e-02,0.275,0.44
5.9979e-02,0.255,0.12
5.9981e-02,0.2,0.445
5.9982e-02,0.22,0.14
5.9984e-02,0.265,0.43
5.9986e-02,0.275,0.14
5.9987e-02,0.255,0.43
5.9989e-02,0.28,0.13
5.9990e-02,0.205,0.435
5.9992e-02,0.335,0.12
5.9994e-02,0.29,0.435
5.9995e-02,0.345,0.105
5.9997e-02,0.24,0.46
5.9998e-02,0.335,0.105
6.0000e-02,0.32,0.45
6.0002e-02,0.385,0.13
6.0003e-02,0.305,0.425
6.0005e-02,0.285,0.115
6.0006e-02,0.275,0.445
6.0008e-02,0.27,0.135
6.0010e-02,0.32,0.42
6.0011e-02,0.265,0.125
6.0013e-02,0.3,0.43
6.0014e-02,0.29,0.135
6.0016e-02,0.31,0.42
6.0018e-02,0.275,0.1
6.0019e-02,0.285,0.455
6.0021e-02,0.27,0.125
6.0022e-02,0.255,0.43
6.0024e-02,0.31,0.12
6.0026e-02,0.345,0.435
6.0027e-02,0.33,0.135
6.0029e-02,0.27,0.425
6.0030e-02,0.335,0.145
6.0032e-02,0.305,0.41
6.0034e-02,0.34,0.135
6.0035e-02,0.285,0.42
6.0037e-02,0.175,0.115
6.0038e-02,0.245,0.445
6.0040e-02,0.275,0.12
6.0042e-02,0.29,0.435
6.0043e-02,0.25,0.155
6.0045e-02,0.32,0.405
6.0046e-02,0.31,0.145
6.0048e-02,0.305,0.415
6.0050e-02,0.345,0.125
6.0051e-02,0.335,0.43
6.0053e-02,0.235,0.13
6.0054e-02,0.305,0.43
6.0056e-02,0.225,0.14
6.0058e-02,0.29,0.42
6.0059e-02,0.26,0.145
6.0061e-02,0.245,0.425
6.0062e-02,0.255,0.165
6.0064e-02,0.285,0.395
6.0066e-02,0.275,0.145
6.0067e-02,0.24,0.42
6.0069e-02,0.255,0.125
6.0070e-02,0.205,0.44
6.0072e-02,0.255,0.145
6.0074e-02,0.34,0.42
6.0075e-02,0.245,0.125
6.0077e-02,0.23,0.435
6.0078e-02,0.28,0.155
6.0080e-02,0.245,0.405
6.0082e-02,0.275,0.135
6.0083e-02,0.195,0.43
6.0085e-02,0.225,0.1
6.0086e-02,0.28,0.455
6.0088e-02,0.33,0.13
6.0090e-02,0.285,0.435
6.0091e-02,0.24,0.135
6.0093e-02,0.27,0.425
6.0094e-02,0.155,0.14
6.0096e-02,0.235,0.42
6.0098e-02,0.295,0.145
6.0099e-02,0.255,0.42
6.0101e-02,0.335,0.145
6.0102e-02,0.28,0.425
6.0104e-02,0.32,0.155
6.0106e-02,0.275,0.42
6.0107e-02,0.38,0.115
6.0109e-02,0.255,0.45
6.0110e-02,0.3,0.135
6.0112e-02,0.27,0.43
6.0114e-02,0.29,0.15
6.0115e-02,0.295,0.415
6.0117e-02,0.225,0.15
6.0118e-02,0.32,0.415
6.0120e-02,0.365,0.09
6.0122e-02,0.19,0.47
6.0123e-02,0.275,0.11
6.0125e-02,0.175,0.445
6.0126e-02,0.325,0.14
6.0128e-02,0.255,0.42
6.0130e-02,0.23,0.135
6.0131e-02,0.2,0.43
6.0133e-02,0.295,0.14
6.0134e-02,0.275,0.42
6.0136e-02,0.27,0.145
6.0138e-02,0.305,0.415
6.0139e-02,0.22,0.135
6.0141e-02,0.245,0.43
6.0142e-02,0.27,0.14
6.0144e-02,0.265,0.42
6.0146e-02,0.415,0.13
6.0147e-02,0.29,0.43
6.0149e-02,0.3,0.13
6.0150e-02,0.285,0.43
6.0152e-02,0.33,0.16
6.0154e-02,0.29,0.405
6.0155e-02,0.355,0.115
6.0157e-02,0.26,0.445
6.0158e-02,0.285,0.15
6.0160e-02,0.405,0.42
6.0162e-02,0.225,0.125
6.0163e-02,0.285,0.425
6.0165e-02,0.26,0.13
6.0166e-02,0.28,0.42
6.0168e-02,0.3,0.135
6.0170e-02,0.3,0.42
6.0171e-02,0.265,0.15
6.0173e-02,0.285,0.41
6.0174e-02,0.295,0.14
6.0176e-02,0.34,0.41
6.0178e-02,0.325,0.135
6.0179e-02,0.375,0.42
6.0181e-02,0.215,0.14
6.0182e-02,0.325,0.41
6.0184e-02,0.275,0.125
6.0186e-02,0.33,0.435
6.0187e-02,0.285,0.13
6.0189e-02,0.31,0.435
6.0190e-02,0.385,0.14
6.0192e-02,0.325,0.415
6.0194e-02,0.325,0.15
6.0195e-02,0.275,0.41
6.0197e-02,0.185,0.15
6.0198e-02,0.345,0.415
6.0200e-02,0.275,0.15
6.0202e-02,0.27,0.405
6.0203e-02,0.21,0.155
6.0205e-02,0.3,0.41
6.0206e-02,0.24,0.145
6.0208e-02,0.315,0.415
6.0210e-02,0.29,0.15
6.0211e-02,0.275,0.415
6.0213e-02,0.245,0.135
6.0214e-02,0.255,0.42
6.0216e-02,0.285,0.145
6.0218e-02,0.245,0.415
6.0219e-02,0.22,0.13
6.0221e-02,0.235,0.425
6.0222e-02,0.255,0.13
6.0224e-02,0.255,0.435
6.0226e-02,0.29,0.155
6.0227e-02,0.16,0.41
6.0229e-02,0.315,0.14
6.0230e-02,0.32,0.43
6.0232e-02,0.35,0.14
6.0234e-02,0.23,0.425
6.0235e-02,0.29,0.14
6.0237e-02,0.35,0.425
6.0238e-02,0.265,0.145
6.0240e-02,0.265,0.42
6.0242e-02,0.225,0.085
6.0243e-02,0.295,0.48
6.0245e-02,0.19,0.135
6.0246e-02,0.275,0.43
6.0248e-02,0.305,0.13
6.0250e-02,0.22,0.435
6.0251e-02,0.26,0.135
6.0253e-02,0.175,0.425
6.0254e-02,0.285,0.14
6.0256e-02,0.185,0.425
6.0258e-02,0.205,0.135
6.0259e-02,0.225,0.43
6.0261e-02,0.245,0.12
6.0262e-02,0.34,0.445
6.0264e-02,0.315,0.15
6.0266e-02,0.345,0.415
6.0267e-02,0.27,0.135
6.0269e-02,0.295,0.44
6.0270e-02,0.37,0.14
6.0272e-02,0.245,0.435
6.0274e-02,0.25,0.14
6.0275e-02,0.29,0.43
6.0277e-02,0.345,0.135
6.0278e-02,0.35,0.44
6.0280e-02,0.305,0.155
6.0282e-02,0.32,0.415
6.0283e-02,0.33,0.12
6.0285e-02,0.29,0.45
6.0286e-02,0.255,0.14
6.0288e-02,0.27,0.425
6.0290e-02,0.26,0.135
6.0291e-02,0.24,0.435
6.0293e-02,0.295,0.14
6.0294e-02,0.29,0.43
6.0296e-02,0.29,0.125
6.0298e-02,0.225,0.43
6.0299e-02,0.225,0.115
6.0301e-02,0.335,0.455
6.0302e-02,0.305,0.12
6.0304e-02,0.23,0.445
6.0306e-02,0.255,0.135
6.0307e-02,0.325,0.435
6.0309e-02,0.355,0.12
6.0310e-02,0.315,0.435
6.0312e-02,0.255,0.14
6.0314e-02,0.305,0.43
6.0315e-02,0.265,0.13
6.0317e-02,0.3,0.435
6.0318e-02,0.26,0.105
6.0320e-02,0.31,0.46
6.0322e-02,0.24,0.14
6.0323e-02,0.27,0.425
6.0325e-02,0.27,0.145
6.0326e-02,0.245,0.42
6.0328e-02,0.215,0.13
6.0330e-02,0.19,0.43
6.0331e-02,0.185,0.13
6.0333e-02,0.28,0.43
6.0334e-02,0.23,0.115
6.0336e-02,0.215,0.445
6.0338e-02,0.285,0.14
6.0339e-02,0.275,0.435
6.0341e-02,0.35,0.12
6.0342e-02,0.175,0.455
6.0344e-02,0.24,0.13
6.0346e-02,0.295,0.435
6.0347e-02,0.23,0.135
6.0349e-02,0.285,0.435
6.0350e-02,0.21,0.15
6.0352e-02,0.26,0.425
6.0354e-02,0.265,0.135
6.0355e-02,0.265,0.44
6.0357e-02,0.26,0.16
6.0358e-02,0.255,0.41
6.0360e-02,0.21,0.13
6.0362e-02,0.24,0.445
6.0363e-02,0.31,0.145
6.0365e-02,0.29,0.43
6.0366e-02,0.275,0.135
6.0368e-02,0.31,0.43
6.0370e-02,0.355,0.145
6.0371e-02,0.275,0.43
6.0373e-02,0.35,0.145
6.0374e-02,0.245,0.425
6.0376e-02,0.28,0.125
6.0378e-02,0.31,0.45
6.0379e-02,0.33,0.135
6.0381e-02,0.37,0.44
6.0382e-02,0.33,0.1
6.0384e-02,0.35,0.47
6.0386e-02,0.275,0.155
6.0387e-02,0.365,0.415
6.0389e-02,0.195,0.14
6.0390e-02,0.2,0.43
6.0392e-02,0.275,0.15
6.0394e-02,0.33,0.42
6.0395e-02,0.3,0.155
6.0397e-02,0.285,0.415
6.0398e-02,0.27,0.145
6.0400e-02,0.36,0.425
6.0402e-02,0.26,0.14
6.0403e-02,0.335,0.435
6.0405e-02,0.245,0.13
6.0406e-02,0.31,0.43
6.0408e-02,0.255,0.145
6.0410e-02,0.38,0.43
6.0411e-02,0.26,0.145
6.0413e-02,0.29,0.43
6.0414e-02,0.28,0.15
6.0416e-02,0.335,0.42
6.0418e-02,0.27,0.155
6.0419e-02,0.35,0.415
6.0421e-02,0.31,0.145
6.0422e-02,0.26,0.415
6.0424e-02,0.28,0.14
6.0426e-02,0.31,0.43
6.0427e-02,0.305,0.13
6.0429e-02,0.31,0.44
6.0430e-02,0.215,0.155
6.0432e-02,0.365,0.42
6.0434e-02,0.34,0.145
6.0435e-02,0.305,0.42
6.0437e-02,0.295,0.145
6.0438e-02,0.245,0.42
6.0440e-02,0.365,0.145
6.0442e-02,0.36,0.43
6.0443e-02,0.32,0.15
6.0445e-02,0.23,0.42
6.0446e-02,0.315,0.13
6.0448e-02,0.205,0.44
6.0450e-02,0.32,0.145
6.0451e-02,0.3,0.43
6.0453e-02,0.28,0.095
6.0454e-02,0.305,0.465
6.0456e-02,0.315,0.115
6.0458e-02,0.295,0.445
6.0459e-02,0.225,0.145
6.0461e-02,0.215,0.425
6.0462e-02,0.265,0.16
6.0464e-02,0.29,0.41
6.0466e-02,0.295,0.135
6.0467e-02,0.275,0.435
6.0469e-02,0.21,0.16
6.0470e-02,0.235,0.41
6.0472e-02,0.39,0.15
6.0474e-02,0.33,0.42
6.0475e-02,0.275,0.16
6.0477e-02,0.265,0.405
6.0478e-02,0.205,0.145
6.0480e-02,0.3,0.42
6.0482e-02,0.325,0.15
6.0483e-02,0.29,0.425
6.0485e-02,0.285,0.14
6.0486e-02,0.36,0.43
6.0488e-02,0.275,0.155
6.0490e-02,0.265,0.42
6.0491e-02,0.29,0.11
6.0493e-02,0.215,0.46
6.0494e-02,0.32,0.145
6.0496e-02,0.29,0.425
6.0498e-02,0.23,0.125
6.0499e-02,0.31,0.45
6.0501e-02,0.265,0.15
6.0502e-02,0.305,0.425
6.0504e-02,0.3,0.125
6.0506e-02,0.335,0.44
6.0507e-02,0.27,0.145
6.0509e-02,0.245,0.425
6.0510e-02,0.29,0.16
6.0512e-02,0.385,0.41
6.0514e-02,0.33,0.155
6.0515e-02,0.285,0.42
6.0517e-02,0.305,0.125
6.0518e-02,0.28,0.445
6.0520e-02,0.26,0.16
6.0522e-02,0.235,0.415
6.0523e-02,0.25,0.135
6.0525e-02,0.215,0.44
6.0526e-02,0.295,0.14
6.0528e-02,0.295,0.43
6.0530e-02,0.235,0.135
6.0531e-02,0.29,0.44
6.0533e-02,0.25,0.15
6.0534e-02,0.24,0.425
6.0536e-02,0.305,0.16
6.0538e-02,0.29,0.415
6.0539e-02,0.245,0.135
6.0541e-02,0.205,0.44
6.0542e-02,0.285,0.105
6.0544e-02,0.31,0.46
6.0546e-02,0.31,0.145
6.0547e-02,0.28,0.435
6.0549e-02,0.295,0.145
6.0550e-02,0.245,0.43
6.0552e-02,0.3,0.13
6.0554e-02,0.27,0.445
6.0555e-02,0.245,0.145
6.0557e-02,0.315,0.43
6.0558e-02,0.365,0.15
6.0560e-02,0.365,0.44
6.0562e-02,0.29,0.11
6.0563e-02,0.315,0.475
6.0565e-02,0.28,0.12
6.0566e-02,0.335,0.46
6.0568e-02,0.265,0.15
6.0570e-02,0.335,0.425
6.0571e-02,0.31,0.14
6.0573e-02,0.26,0.44
6.0574e-02,0.22,0.145
6.0576e-02,0.3,0.43
6.0578e-02,0.26,0.125
6.0579e-02,0.215,0.46
6.0581e-02,0.2,0.16
6.0582e-02,0.29,0.41
6.0584e-02,0.27,0.14
6.0586e-02,0.26,0.435
6.0587e-02,0.24,0.115
6.0589e-02,0.315,0.47
6.0590e-02,0.265,0.135
6.0592e-02,0.325,0.44
6.0594e-02,0.265,0.145
6.0595e-02,0.28,0.43
6.0597e-02,0.265,0.13
6.0598e-02,0.315,0.445
6.0600e-02,0.335,0.125
6.0602e-02,0.3,0.45
6.0603e-02,0.285,0.105
6.0605e-02,0.36,0.465
6.0606e-02,0.29,0.12
6.0608e-02,0.38,0.445
6.0610e-02,0.295,0.145
6.0611e-02,0.35,0.43
6.0613e-02,0.235,0.14
6.0614e-02,0.35,0.43
6.0616e-02,0.335,0.13
6.0618e-02,0.255,0.44
6.0619e-02,0.305,0.135
6.0621e-02,0.225,0.435
6.0622e-02,0.32,0.13
6.0624e-02,0.255,0.44
6.0626e-02,0.25,0.125
6.0627e-02,0.225,0.445
6.0629e-02,0.165,0.135
6.0630e-02,0.255,0.435
6.0632e-02,0.31,0.115
6.0634e-02,0.27,0.45
6.0635e-02,0.25,0.13
6.0637e-02,0.295,0.445
6.0638e-02,0.29,0.15
6.0640e-02,0.265,0.42
6.0642e-02,0.29,0.16
6.0643e-02,0.22,0.42
6.0645e-02,0.33,0.125
6.0646e-02,0.27,0.45
6.0648e-02,0.39,0.115
6.0650e-02,0.32,0.45
6.0651e-02,0.315,0.145
6.0653e-02,0.35,0.43
6.0654e-02,0.33,0.145
6.0656e-02,0.325,0.43
6.0658e-02,0.4,0.155
6.0659e-02,0.245,0.425
6.0661e-02,0.38,0.135
6.0662e-02,0.36,0.435
6.0664e-02,0.385,0.14
6.0666e-02,0.29,0.445
6.0667e-02,0.29,0.13
6.0669e-02,0.285,0.44
6.0670e-02,0.28,0.13
6.0672e-02,0.3,0.445
6.0674e-02,0.27,0.14
6.0675e-02,0.23,0.43
6.0677e-02,0.27,0.105
6.0678e-02,0.335,0.475
6.0680e-02,0.225,0.13
6.0682e-02,0.28,0.45
6.0683e-02,0.28,0.16
6.0685e-02,0.23,0.425
6.0686e-02,0.26,0.16
6.0688e-02,0.33,0.43
6.0690e-02,0.265,0.145
6.0691e-02,0.265,0.43
6.0693e-02,0.315,0.12
6.0694e-02,0.285,0.465
6.0696e-02,0.365,0.135
6.0698e-02,0.31,0.445
6.0699e-02,0.245,0.14
6.0701e-02,0.265,0.445
6.0702e-02,0.33,0.13
6.0704e-02,0.255,0.455
6.0706e-02,0.38,0.125
6.0707e-02,0.275,0.46
6.0709e-02,0.36,0.15
6.0710e-02,0.42,0.435
6.0712e-02,0.3,0.16
6.0714e-02,0.29,0.425
6.0715e-02,0.32,0.15
6.0717e-02,0.255,0.435
6.0718e-02,0.305,0.17
6.0720e-02,0.295,0.42
6.0722e-02,0.23,0.16
6.0723e-02,0.3,0.425
6.0725e-02,0.205,0.15
6.0726e-02,0.265,0.44
6.0728e-02,0.24,0.13
6.0730e-02,0.25,0.445
6.0731e-02,0.185,0.15
6.0733e-02,0.26,0.435
6.0734e-02,0.215,0.115
6.0736e-02,0.4,0.465
6.0738e-02,0.335,0.125
6.0739e-02,0.305,0.455
6.0741e-02,0.345,0.14
6.0742e-02,0.35,0.44
6.0744e-02,0.35,0.14
6.0746e-02,0.33,0.435
6.0747e-02,0.265,0.13
6.0749e-02,0.31,0.445
6.0750e-02,0.33,0.13
6.0752e-02,0.27,0.445
6.0754e-02,0.315,0.145
6.0755e-02,0.255,0.435
6.0757e-02,0.365,0.13
6.0758e-02,0.325,0.445
6.0760e-02,0.315,0.14
6.0762e-02,0.25,0.44
6.0763e-02,0.255,0.145
6.0765e-02,0.255,0.435
6.0766e-02,0.27,0.125
6.0768e-02,0.27,0.44
6.0770e-02,0.25,0.13
6.0771e-02,0.215,0.445
6.0773e-02,0.245,0.13
6.0774e-02,0.25,0.45
6.0776e-02,0.23,0.145
6.0778e-02,0.27,0.435
6.0779e-02,0.215,0.14
6.0781e-02,0.295,0.435
6.0782e-02,0.38,0.125
6.0784e-02,0.28,0.445
6.0786e-02,0.29,0.145
6.0787e-02,0.24,0.43
6.0789e-02,0.345,0.135
6.0790e-02,0.285,0.435
6.0792e-02,0.315,0.13
6.0794e-02,0.24,0.45
6.0795e-02,0.325,0.13
6.0797e-02,0.285,0.45
6.0798e-02,0.34,0.14
6.0800e-02,0.28,0.44
6.0802e-02,0.26,0.14
6.0803e-02,0.345,0.435
6.0805e-02,0.305,0.13
6.0806e-02,0.305,0.445
6.0808e-02,0.32,0.135
6.0810e-02,0.265,0.44
6.0811e-02,0.3,0.135
6.0813e-02,0.365,0.44
6.0814e-02,0.305,0.155
6.0816e-02,0.285,0.425
6.0818e-02,0.285,0.135
6.0819e-02,0.27,0.44
6.0821e-02,0.32,0.13
6.0822e-02,0.255,0.445
6.0824e-02,0.23,0.155
6.0826e-02,0.24,0.425
6.0827e-02,0.305,0.14
6.0829e-02,0.295,0.44
6.0830e-02,0.335,0.14
6.0832e-02,0.22,0.43
6.0834e-02,0.26,0.155
6.0835e-02,0.25,0.43
6.0837e-02,0.31,0.135
6.0838e-02,0.255,0.445
6.0840e-02,0.265,0.12
6.0842e-02,0.225,0.46
6.0843e-02,0.335,0.16
6.0845e-02,0.32,0.415
6.0846e-02,0.255,0.13
6.0848e-02,0.295,0.45
6.0850e-02,0.27,0.135
6.0851e-02,0.31,0.445
6.0853e-02,0.255,0.13
6.0854e-02,0.27,0.455
6.0856e-02,0.295,0.15
6.0858e-02,0.3,0.44
6.0859e-02,0.38,0.12
6.0861e-02,0.345,0.46
6.0862e-02,0.36,0.12
6.0864e-02,0.315,0.47
6.0866e-02,0.32,0.12
6.0867e-02,0.27,0.465
6.0869e-02,0.39,0.16
6.0870e-02,0.24,0.43
6.0872e-02,0.255,0.11
6.0874e-02,0.295,0.475
6.0875e-02,0.32,0.125
6.0877e-02,0.305,0.455
6.0878e-02,0.29,0.13
6.0880e-02,0.255,0.46
6.0882e-02,0.255,0.125
6.0883e-02,0.335,0.46
6.0885e-02,0.31,0.105
6.0886e-02,0.275,0.475
6.0888e-02,0.31,0.15
6.0890e-02,0.285,0.435
6.0891e-02,0.42,0.155
6.0893e-02,0.245,0.43
6.0894e-02,0.305,0.14
6.0896e-02,0.28,0.45
6.0898e-02,0.29,0.135
6.0899e-02,0.28,0.46
6.0901e-02,0.305,0.12
6.0902e-02,0.265,0.47
6.0904e-02,0.335,0.12
6.0906e-02,0.33,0.475
6.0907e-02,0.32,0.135
6.0909e-02,0.4,0.445
6.0910e-02,0.25,0.145
6.0912e-02,0.3,0.44
6.0914e-02,0.25,0.15
6.0915e-02,0.315,0.435
6.0917e-02,0.255,0.15
6.0918e-02,0.3,0.44
6.0920e-02,0.29,0.11
6.0922e-02,0.315,0.47
6.0923e-02,0.355,0.105
6.0925e-02,0.24,0.48
6.0926e-02,0.23,0.15
6.0928e-02,0.235,0.43
6.0930e-02,0.27,0.155
6.0931e-02,0.28,0.43
6.0933e-02,0.26,0.14
6.0934e-02,0.16,0.44
6.0936e-02,0.35,0.13
6.0938e-02,0.245,0.455
6.0939e-02,0.29,0.13
6.0941e-02,0.295,0.45
6.0942e-02,0.28,0.125
6.0944e-02,0.285,0.455
6.0946e-02,0.34,0.135
6.0947e-02,0.32,0.445
6.0949e-02,0.295,0.14
6.0950e-02,0.32,0.445
6.0952e-02,0.31,0.12
6.0954e-02,0.295,0.455
6.0955e-02,0.355,0.12
6.0957e-02,0.255,0.465
6.0958e-02,0.27,0.105
6.0960e-02,0.245,0.465
6.0962e-02,0.315,0.115
6.0963e-02,0.28,0.46
6.0965e-02,0.325,0.125
6.0966e-02,0.285,0.46
6.0968e-02,0.26,0.13
6.0970e-02,0.39,0.455
6.0971e-02,0.24,0.135
6.0973e-02,0.195,0.45
6.0974e-02,0.255,0.11
6.0976e-02,0.21,0.47
6.0978e-02,0.255,0.145
6.0979e-02,0.215,0.435
6.0981e-02,0.235,0.125
6.0982e-02,0.265,0.455
6.0984e-02,0.335,0.15
6.0986e-02,0.3,0.435
6.0987e-02,0.345,0.115
6.0989e-02,0.305,0.46
6.0990e-02,0.35,0.105
6.0992e-02,0.35,0.475
6.0994e-02,0.31,0.13
6.0995e-02,0.315,0.445
6.0997e-02,0.32,0.15
6.0998e-02,0.23,0.425
6.1000e-02,0.32,0.15
6.1002e-02,0.35,0.435
6.1003e-02,0.285,0.13
6.1005e-02,0.335,0.45
6.1006e-02,0.245,0.145
6.1008e-02,0.355,0.44
6.1010e-02,0.315,0.13
6.1011e-02,0.305,0.46
6.1013e-02,0.325,0.13
6.1014e-02,0.29,0.45
6.1016e-02,0.325,0.145
6.1018e-02,0.325,0.44
6.1019e-02,0.175,0.14
6.1021e-02,0.26,0.45
6.1022e-02,0.215,0.135
6.1024e-02,0.295,0.45
6.1026e-02,0.245,0.17
6.1027e-02,0.275,0.415
6.1029e-02,0.29,0.14
6.1030e-02,0.34,0.45
6.1032e-02,0.29,0.145
6.1034e-02,0.385,0.445
6.1035e-02,0.255,0.15
6.1037e-02,0.31,0.44
6.1038e-02,0.3,0.15
6.1040e-02,0.3,0.445
6.1042e-02,0.365,0.15
6.1043e-02,0.25,0.445
6.1045e-02,0.33,0.16
6.1046e-02,0.295,0.435
6.1048e-02,0.41,0.15
6.1050e-02,0.37,0.445
6.1051e-02,0.38,0.155
6.1053e-02,0.29,0.44
6.1054e-02,0.31,0.15
6.1056e-02,0.315,0.445
6.1058e-02,0.29,0.155
6.1059e-02,0.255,0.435
6.1061e-02,0.29,0.155
6.1062e-02,0.37,0.43
6.1064e-02,0.365,0.16
6.1066e-02,0.34,0.43
6.1067e-02,0.26,0.16
6.1069e-02,0.31,0.435
6.1070e-02,0.21,0.17
6.1072e-02,0.345,0.425
6.1074e-02,0.26,0.16
6.1075e-02,0.215,0.43
6.1077e-02,0.285,0.165
6.1078e-02,0.285,0.435
6.1080e-02,0.4,0.15
6.1082e-02,0.355,0.45
6.1083e-02,0.29,0.16
6.1085e-02,0.295,0.425
6.1086e-02,0.265,0.15
6.1088e-02,0.33,0.44
6.1090e-02,0.33,0.12
6.1091e-02,0.275,0.465
6.1093e-02,0.335,0.13
6.1094e-02,0.315,0.46
6.1096e-02,0.325,0.145
6.1098e-02,0.32,0.445
6.1099e-02,0.325,0.16
6.1101e-02,0.32,0.43
6.1102e-02,0.36,0.125
6.1104e-02,0.275,0.465
6.1106e-02,0.3,0.155
6.1107e-02,0.26,0.445
6.1109e-02,0.285,0.165
6.1110e-02,0.26,0.425
6.1112e-02,0.395,0.135
6.1114e-02,0.33,0.45
6.1115e-02,0.405,0.15
6.1117e-02,0.225,0.435
6.1118e-02,0.36,0.14
6.1120e-02,0.26,0.445
6.1122e-02,0.245,0.165
6.1123e-02,0.205,0.43
6.1125e-02,0.215,0.16
6.1126e-02,0.315,0.435
6.1128e-02,0.365,0.155
6.1130e-02,0.325,0.43
6.1131e-02,0.305,0.16
6.1133e-02,0.32,0.43
6.1134e-02,0.31,0.145
6.1136e-02,0.355,0.44
6.1138e-02,0.25,0.17
6.1139e-02,0.265,0.42
6.1141e-02,0.255,0.14
6.1142e-02,0.315,0.435
6.1144e-02,0.25,0.125
6.1146e-02,0.3,0.465
6.1147e-02,0.255,0.14
6.1149e-02,0.37,0.44
6.1150e-02,0.325,0.145
6.1152e-02,0.345,0.45
6.1154e-02,0.355,0.14
6.1155e-02,0.31,0.455
6.1157e-02,0.285,0.15
6.1158e-02,0.275,0.44
6.1160e-02,0.385,0.155
6.1162e-02,0.33,0.43
6.1163e-02,0.39,0.145
6.1165e-02,0.26,0.435
6.1166e-02,0.38,0.165
6.1168e-02,0.34,0.42
6.1170e-02,0.325,0.14
6.1171e-02,0.225,0.445
6.1173e-02,0.22,0.145
6.1174e-02,0.23,0.44
6.1176e-02,0.3,0.135
6.1178e-02,0.255,0.45
6.1179e-02,0.26,0.15
6.1181e-02,0.335,0.435
6.1182e-02,0.325,0.155
6.1184e-02,0.335,0.43
6.1186e-02,0.345,0.145
6.1187e-02,0.31,0.445
6.1189e-02,0.255,0.13
6.1190e-02,0.305,0.46
6.1192e-02,0.205,0.12
6.1194e-02,0.37,0.475
6.1195e-02,0.165,0.12
6.1197e-02,0.26,0.455
6.1198e-02,0.23,0.125
6.1200e-02,0.285,0.465
6.1202e-02,0.31,0.15
6.1203e-02,0.205,0.44
6.1205e-02,0.27,0.14
6.1206e-02,0.23,0.45
6.1208e-02,0.33,0.125
6.1210e-02,0.265,0.47
6.1211e-02,0.33,0.13
6.1213e-02,0.25,0.46
6.1214e-02,0.315,0.165
6.1216e-02,0.395,0.425
6.1218e-02,0.355,0.155
6.1219e-02,0.375,0.435
6.1221e-02,0.35,0.155
6.1222e-02,0.345,0.435
6.1224e-02,0.31,0.145
6.1226e-02,0.29,0.455
6.1227e-02,0.29,0.145
6.1229e-02,0.19,0.445
6.1230e-02,0.255,0.145
6.1232e-02,0.25,0.445
6.1234e-02,0.27,0.14
6.1235e-02,0.2,0.455
6.1237e-02,0.31,0.135
6.1238e-02,0.165,0.45
6.1240e-02,0.325,0.13
6.1242e-02,0.305,0.465
6.1243e-02,0.28,0.15
6.1245e-02,0.23,0.44
6.1246e-02,0.375,0.165
6.1248e-02,0.335,0.435
6.1250e-02,0.39,0.14
6.1251e-02,0.37,0.45
6.1253e-02,0.34,0.165
6.1254e-02,0.33,0.43
6.1256e-02,0.375,0.14
6.1258e-02,0.24,0.45
6.1259e-02,0.29,0.155
6.1261e-02,0.26,0.45
6.1262e-02,0.195,0.14
6.1264e-02,0.305,0.46
6.1266e-02,0.305,0.165
6.1267e-02,0.305,0.43
6.1269e-02,0.29,0.145
6.1270e-02,0.23,0.445
6.1272e-02,0.225,0.17
6.1274e-02,0.305,0.43
6.1275e-02,0.285,0.155
6.1277e-02,0.22,0.445
6.1278e-02,0.26,0.145
6.1280e-02,0.255,0.45
6.1282e-02,0.335,0.135
6.1283e-02,0.275,0.455
6.1285e-02,0.24,0.12
6.1286e-02,0.28,0.47
6.1288e-02,0.325,0.16
6.1290e-02,0.21,0.43
6.1291e-02,0.315,0.13
6.1293e-02,0.205,0.465
6.1294e-02,0.195,0.13
6.1296e-02,0.245,0.465
6.1298e-02,0.255,0.13
6.1299e-02,0.25,0.46
6.1301e-02,0.285,0.14
6.1302e-02,0.21,0.46
6.1304e-02,0.27,0.135
6.1306e-02,0.31,0.465
6.1307e-02,0.27,0.145
6.1309e-02,0.29,0.445
6.1310e-02,0.24,0.135
6.1312e-02,0.27,0.46
6.1314e-02,0.29,0.135
6.1315e-02,0.32,0.465
6.1317e-02,0.275,0.14
6.1318e-02,0.24,0.46
6.1320e-02,0.285,0.14
6.1322e-02,0.235,0.46
6.1323e-02,0.345,0.14
6.1325e-02,0.19,0.45
6.1326e-02,0.29,0.155
6.1328e-02,0.24,0.44
6.1330e-02,0.285,0.155
6.1331e-02,0.3,0.435
6.1333e-02,0.305,0.16
6.1334e-02,0.265,0.44
6.1336e-02,0.32,0.13
6.1338e-02,0.365,0.455
6.1339e-02,0.29,0.155
6.1341e-02,0.37,0.44
6.1342e-02,0.22,0.115
6.1344e-02,0.33,0.475
6.1346e-02,0.29,0.12
6.1347e-02,0.38,0.465
6.1349e-02,0.27,0.16
6.1350e-02,0.285,0.43
6.1352e-02,0.32,0.155
6.1354e-02,0.325,0.435
6.1355e-02,0.375,0.155
6.1357e-02,0.315,0.435
6.1358e-02,0.33,0.15
6.1360e-02,0.295,0.44
6.1362e-02,0.36,0.15
6.1363e-02,0.305,0.435
6.1365e-02,0.335,0.15
6.1366e-02,0.325,0.435
6.1368e-02,0.31,0.165
6.1370e-02,0.355,0.43
6.1371e-02,0.275,0.13
6.1373e-02,0.27,0.455
6.1374e-02,0.295,0.125
6.1376e-02,0.105,0.465
6.1378e-02,0.305,0.1
6.1379e-02,0.275,0.485
6.1381e-02,0.375,0.125
6.1382e-02,0.325,0.485
6.1384e-02,0.35,0.155
6.1386e-02,0.29,0.435
6.1387e-02,0.315,0.16
6.1389e-02,0.27,0.435
6.1390e-02,0.19,0.16
6.1392e-02,0.31,0.435
6.1394e-02,0.345,0.165
6.1395e-02,0.345,0.43
6.1397e-02,0.35,0.135
6.1398e-02,0.22,0.46
6.1400e-02,0.235,0.15
6.1402e-02,0.32,0.45
6.1403e-02,0.29,0.16
6.1405e-02,0.32,0.435
6.1406e-02,0.275,0.16
6.1408e-02,0.32,0.435
6.1410e-02,0.265,0.145
6.1411e-02,0.275,0.445
6.1413e-02,0.265,0.17
6.1414e-02,0.265,0.425
6.1416e-02,0.285,0.145
6.1418e-02,0.285,0.45
6.1419e-02,0.28,0.17
6.1421e-02,0.29,0.435
6.1422e-02,0.29,0.17
6.1424e-02,0.21,0.43
6.1426e-02,0.215,0.14
6.1427e-02,0.275,0.455
6.1429e-02,0.305,0.15
6.1430e-02,0.25,0.445
6.1432e-02,0.29,0.16
6.1434e-02,0.295,0.44
6.1435e-02,0.325,0.14
6.1437e-02,0.355,0.455
6.1438e-02,0.21,0.155
6.1440e-02,0.275,0.45
6.1442e-02,0.265,0.13
6.1443e-02,0.29,0.47
6.1445e-02,0.25,0.135
6.1446e-02,0.29,0.465
6.1448e-02,0.27,0.12
6.1450e-02,0.335,0.475
6.1451e-02,0.305,0.125
6.1453e-02,0.345,0.475
6.1454e-02,0.3,0.125
6.1456e-02,0.305,0.48
6.1458e-02,0.285,0.145
6.1459e-02,0.35,0.455
6.1461e-02,0.29,0.165
6.1462e-02,0.34,0.43
6.1464e-02,0.23,0.15
6.1466e-02,0.315,0.45
6.1467e-02,0.295,0.16
6.1469e-02,0.345,0.445
6.1470e-02,0.28,0.15
6.1472e-02,0.25,0.45
6.1474e-02,0.255,0.135
6.1475e-02,0.29,0.47
6.1477e-02,0.37,0.145
6.1478e-02,0.32,0.46
6.1480e-02,0.28,0.14
6.1482e-02,0.355,0.46
6.1483e-02,0.28,0.16
6.1485e-02,0.35,0.445
6.1486e-02,0.215,0.15
6.1488e-02,0.325,0.45
6.1490e-02,0.275,0.17
6.1491e-02,0.28,0.435
6.1493e-02,0.35,0.155
6.1494e-02,0.265,0.45
6.1496e-02,0.325,0.135
6.1498e-02,0.3,0.46
6.1499e-02,0.36,0.16
6.1501e-02,0.37,0.44
6.1502e-02,0.29,0.15
6.1504e-02,0.18,0.45
6.1506e-02,0.255,0.135
6.1507e-02,0.22,0.465
6.1509e-02,0.3,0.15
6.1510e-02,0.255,0.445
6.1512e-02,0.3,0.14
6.1514e-02,0.3,0.46
6.1515e-02,0.44,0.135
6.1517e-02,0.33,0.46
6.1518e-02,0.35,0.135
6.1520e-02,0.36,0.475
6.1522e-02,0.27,0.145
6.1523e-02,0.38,0.46
6.1525e-02,0.235,0.16
6.1526e-02,0.25,0.445
6.1528e-02,0.235,0.135
6.1530e-02,0.145,0.465
6.1531e-02,0.25,0.14
6.1533e-02,0.21,0.46
6.1534e-02,0.285,0.15
6.1536e-02,0.275,0.45
6.1538e-02,0.275,0.13
6.1539e-02,0.345,0.475
6.1541e-02,0.345,0.14
6.1542e-02,0.325,0.45
6.1544e-02,0.255,0.155
6.1546e-02,0.245,0.45
6.1547e-02,0.355,0.135
6.1549e-02,0.295,0.465
6.1550e-02,0.315,0.13
6.1552e-02,0.28,0.465
6.1554e-02,0.39,0.11
6.1555e-02,0.4,0.485
6.1557e-02,0.39,0.145
6.1558e-02,0.305,0.46
6.1560e-02,0.36,0.15
6.1562e-02,0.265,0.45
6.1563e-02,0.33,0.14
6.1565e-02,0.25,0.46
6.1566e-02,0.215,0.115
6.1568e-02,0.27,0.48
6.1570e-02,0.215,0.12
6.1571e-02,0.3,0.485
6.1573e-02,0.325,0.145
6.1574e-02,0.315,0.45
6.1576e-02,0.325,0.125
6.1578e-02,0.31,0.47
6.1579e-02,0.27,0.14
6.1581e-02,0.38,0.465
6.1582e-02,0.3,0.15
6.1584e-02,0.28,0.455
6.1586e-02,0.27,0.11
6.1587e-02,0.3,0.49
6.1589e-02,0.365,0.13
6.1590e-02,0.27,0.475
6.1592e-02,0.32,0.16
6.1594e-02,0.33,0.44
6.1595e-02,0.405,0.16
6.1597e-02,0.33,0.435
6.1598e-02,0.45,0.15
6.1600e-02,0.24,0.455
6.1602e-02,0.4,0.14
6.1603e-02,0.285,0.46
6.1605e-02,0.32,0.145
6.1606e-02,0.3,0.455
6.1608e-02,0.24,0.135
6.1610e-02,0.23,0.465
6.1611e-02,0.275,0.135
6.1613e-02,0.25,0.465
6.1614e-02,0.345,0.1
6.1616e-02,0.19,0.495
6.1618e-02,0.28,0.15
6.1619e-02,0.275,0.46
6.1621e-02,0.355,0.13
6.1622e-02,0.31,0.465
6.1624e-02,0.255,0.14
6.1626e-02,0.185,0.465
6.1627e-02,0.305,0.145
6.1629e-02,0.25,0.465
6.1630e-02,0.305,0.135
6.1632e-02,0.17,0.46
6.1634e-02,0.31,0.15
6.1635e-02,0.225,0.445
6.1637e-02,0.355,0.145
6.1638e-02,0.305,0.46
6.1640e-02,0.335,0.115
6.1642e-02,0.365,0.48
6.1643e-02,0.31,0.12
6.1645e-02,0.345,0.48
6.1646e-02,0.33,0.16
6.1648e-02,0.265,0.44
6.1650e-02,0.24,0.115
6.1651e-02,0.24,0.485
6.1653e-02,0.315,0.12
6.1654e-02,0.3,0.485
6.1656e-02,0.29,0.13
6.1658e-02,0.3,0.47
6.1659e-02,0.345,0.13
6.1661e-02,0.43,0.47
6.1662e-02,0.335,0.135
6.1664e-02,0.37,0.47
6.1666e-02,0.27,0.105
6.1667e-02,0.33,0.49
6.1669e-02,0.335,0.14
6.1670e-02,0.285,0.465
6.1672e-02,0.33,0.155
6.1674e-02,0.165,0.45
6.1675e-02,0.315,0.15
6.1677e-02,0.225,0.45
6.1678e-02,0.295,0.145
6.1680e-02,0.28,0.455
6.1682e-02,0.255,0.15
6.1683e-02,0.32,0.455
6.1685e-02,0.275,0.135
6.1686e-02,0.325,0.47
6.1688e-02,0.37,0.13
6.1690e-02,0.28,0.48
6.1691e-02,0.33,0.14
6.1693e-02,0.23,0.455
6.1694e-02,0.34,0.145
6.1696e-02,0.285,0.46
6.1698e-02,0.21,0.13
6.1699e-02,0.285,0.475
6.1701e-02,0.27,0.105
6.1702e-02,0.365,0.495
6.1704e-02,0.3,0.085
6.1706e-02,0.29,0.52
6.1707e-02,0.25,0.145
6.1709e-02,0.29,0.455
6.1710e-02,0.305,0.13
6.1712e-02,0.285,0.475
6.1714e-02,0.29,0.15
6.1715e-02,0.215,0.46
6.1717e-02,0.32,0.115
6.1718e-02,0.31,0.49
6.1720e-02,0.355,0.14
6.1722e-02,0.335,0.465
6.1723e-02,0.26,0.14
6.1725e-02,0.35,0.465
6.1726e-02,0.295,0.15
6.1728e-02,0.39,0.45
6.1730e-02,0.27,0.11
6.1731e-02,0.33,0.49
6.1733e-02,0.22,0.145
6.1734e-02,0.375,0.46
6.1736e-02,0.24,0.145
6.1738e-02,0.3,0.455
6.1739e-02,0.245,0.125
6.1741e-02,0.26,0.47
6.1742e-02,0.325,0.13
6.1744e-02,0.335,0.475
6.1746e-02,0.295,0.17
6.1747e-02,0.4,0.435
6.1749e-02,0.26,0.13
6.1750e-02,0.345,0.47
6.1752e-02,0.295,0.125
6.1754e-02,0.325,0.485
6.1755e-02,0.255,0.115
6.1757e-02,0.245,0.49
6.1758e-02,0.22,0.135
6.1760e-02,0.32,0.47
6.1762e-02,0.33,0.115
6.1763e-02,0.235,0.49
6.1765e-02,0.3,0.13
6.1766e-02,0.32,0.475
6.1768e-02,0.355,0.125
6.1770e-02,0.39,0.48
6.1771e-02,0.315,0.13
6.1773e-02,0.325,0.485
6.1774e-02,0.35,0.155
6.1776e-02,0.33,0.455
6.1778e-02,0.325,0.12
6.1779e-02,0.35,0.48
6.1781e-02,0.305,0.14
6.1782e-02,0.31,0.465
6.1784e-02,0.285,0.15
6.1786e-02,0.33,0.455
6.1787e-02,0.36,0.145
6.1789e-02,0.275,0.46
6.1790e-02,0.315,0.145
6.1792e-02,0.21,0.46
6.1794e-02,0.28,0.15
6.1795e-02,0.35,0.46
6.1797e-02,0.21,0.135
6.1798e-02,0.23,0.475
6.1800e-02,0.285,0.145
6.1802e-02,0.27,0.46
6.1803e-02,0.35,0.125
6.1805e-02,0.245,0.48
6.1806e-02,0.32,0.135
6.1808e-02,0.29,0.47
6.1810e-02,0.355,0.16
6.1811e-02,0.255,0.45
6.1813e-02,0.345,0.145
6.1814e-02,0.23,0.465
6.1816e-02,0.275,0.135
6.1818e-02,0.265,0.46
6.1819e-02,0.26,0.125
6.1821e-02,0.27,0.49
6.1822e-02,0.225,0.14
6.1824e-02,0.19,0.48
6.1826e-02,0.275,0.15
6.1827e-02,0.32,0.46
6.1829e-02,0.305,0.105
6.1830e-02,0.295,0.5
6.1832e-02,0.23,0.17
6.1834e-02,0.335,0.44
6.1835e-02,0.295,0.13
6.1837e-02,0.33,0.47
6.1838e-02,0.215,0.16
6.1840e-02,0.275,0.445
6.1842e-02,0.215,0.13
6.1843e-02,0.275,0.48
6.1845e-02,0.275,0.14
6.1846e-02,0.21,0.47
6.1848e-02,0.27,0.12
6.1850e-02,0.19,0.49
6.1851e-02,0.29,0.14
6.1853e-02,0.27,0.465
6.1854e-02,0.285,0.115
6.1856e-02,0.235,0.49
6.1858e-02,0.3,0.155
6.1859e-02,0.315,0.45
6.1861e-02,0.425,0.155
6.1862e-02,0.275,0.455
6.1864e-02,0.385,0.175
6.1866e-02,0.24,0.44
6.1867e-02,0.395,0.145
6.1869e-02,0.27,0.465
6.1870e-02,0.31,0.15
6.1872e-02,0.245,0.465
6.1874e-02,0.305,0.15
6.1875e-02,0.325,0.46
6.1877e-02,0.34,0.155
6.1878e-02,0.345,0.46
6.1880e-02,0.38,0.15
6.1882e-02,0.255,0.46
6.1883e-02,0.295,0.13
6.1885e-02,0.25,0.48
6.1886e-02,0.225,0.1
6.1888e-02,0.3,0.5
6.1890e-02,0.18,0.13
6.1891e-02,0.305,0.485
6.1893e-02,0.255,0.145
6.1894e-02,0.315,0.465
6.1896e-02,0.305,0.12
6.1898e-02,0.235,0.48
6.1899e-02,0.325,0.135
6.1901e-02,0.28,0.48
6.1902e-02,0.31,0.13
6.1904e-02,0.28,0.48
6.1906e-02,0.22,0.145
6.1907e-02,0.32,0.465
6.1909e-02,0.18,0.165
6.1910e-02,0.305,0.455
6.1912e-02,0.215,0.15
6.1914e-02,0.27,0.455
6.1915e-02,0.27,0.165
6.1917e-02,0.27,0.45
6.1918e-02,0.295,0.145
6.1920e-02,0.305,0.46
6.1922e-02,0.245,0.155
6.1923e-02,0.28,0.465
6.1925e-02,0.265,0.11
6.1926e-02,0.355,0.485
6.1928e-02,0.3,0.155
6.1930e-02,0.235,0.45
6.1931e-02,0.29,0.135
6.1933e-02,0.32,0.47
6.1934e-02,0.395,0.15
6.1936e-02,0.34,0.45
6.1938e-02,0.33,0.145
6.1939e-02,0.295,0.465
6.1941e-02,0.385,0.135
6.1942e-02,0.325,0.475
6.1944e-02,0.4,0.14
6.1946e-02,0.305,0.46
6.1947e-02,0.32,0.135
6.1949e-02,0.285,0.47
6.1950e-02,0.305,0.14
6.1952e-02,0.31,0.465
6.1954e-02,0.255,0.155
6.1955e-02,0.275,0.445
6.1957e-02,0.19,0.13
6.1958e-02,0.38,0.475
6.1960e-02,0.285,0.155
6.1962e-02,0.36,0.455
6.1963e-02,0.305,0.105
6.1965e-02,0.395,0.495
6.1966e-02,0.415,0.125
6.1968e-02,0.345,0.485
6.1970e-02,0.32,0.155
6.1971e-02,0.265,0.46
6.1973e-02,0.315,0.155
6.1974e-02,0.3,0.455
6.1976e-02,0.2,0.16
6.1978e-02,0.265,0.45
6.1979e-02,0.185,0.155
6.1981e-02,0.305,0.455
6.1982e-02,0.29,0.13
6.1984e-02,0.39,0.475
6.1986e-02,0.355,0.155
6.1987e-02,0.33,0.46
6.1989e-02,0.345,0.16
6.1990e-02,0.3,0.45
6.1992e-02,0.355,0.135
6.1994e-02,0.325,0.475
6.1995e-02,0.245,0.105
6.1997e-02,0.34,0.495
6.1998e-02,0.31,0.14
6.2000e-02,0.43,0.475
6.2002e-02,0.36,0.15
6.2003e-02,0.315,0.465
6.2005e-02,0.295,0.15
6.2006e-02,0.355,0.465
6.2008e-02,0.32,0.135
6.2010e-02,0.365,0.48
6.2011e-02,0.295,0.15
6.2013e-02,0.375,0.455
6.2014e-02,0.355,0.145
6.2016e-02,0.43,0.465
6.2018e-02,0.32,0.14
6.2019e-02,0.335,0.475
6.2021e-02,0.285,0.14
6.2022e-02,0.31,0.47
6.2024e-02,0.38,0.15
6.2026e-02,0.315,0.465
6.2027e-02,0.4,0.155
6.2029e-02,0.325,0.455
6.2030e-02,0.42,0.14
6.2032e-02,0.37,0.48
6.2034e-02,0.35,0.135
6.2035e-02,0.28,0.48
6.2037e-02,0.34,0.155
6.2038e-02,0.33,0.455
6.2040e-02,0.39,0.14
6.2042e-02,0.34,0.475
6.2043e-02,0.25,0.145
6.2045e-02,0.3,0.47
6.2046e-02,0.29,0.135
6.2048e-02,0.365,0.485
6.2050e-02,0.375,0.13
6.2051e-02,0.35,0.48
6.2053e-02,0.305,0.13
6.2054e-02,0.33,0.49
6.2056e-02,0.295,0.17
6.2058e-02,0.295,0.445
6.2059e-02,0.305,0.14
6.2061e-02,0.315,0.465
6.2062e-02,0.27,0.115
6.2064e-02,0.395,0.5
6.2066e-02,0.2,0.14
6.2067e-02,0.28,0.48
6.2069e-02,0.195,0.155
6.2070e-02,0.21,0.465
6.2072e-02,0.33,0.14
6.2074e-02,0.225,0.47
6.2075e-02,0.335,0.155
6.2077e-02,0.245,0.46
6.2078e-02,0.42,0.14
6.2080e-02,0.285,0.475
6.2082e-02,0.33,0.13
6.2083e-02,0.205,0.485
6.2085e-02,0.265,0.125
6.2086e-02,0.26,0.495
6.2088e-02,0.315,0.14
6.2090e-02,0.275,0.48
6.2091e-02,0.3,0.16
6.2093e-02,0.34,0.455
6.2094e-02,0.26,0.155
6.2096e-02,0.37,0.46
6.2098e-02,0.27,0.145
6.2099e-02,0.345,0.465
6.2101e-02,0.28,0.16
6.2102e-02,0.235,0.455
6.2104e-02,0.33,0.165
6.2106e-02,0.29,0.445
6.2107e-02,0.32,0.16
6.2109e-02,0.265,0.455
6.2110e-02,0.3,0.165
6.2112e-02,0.325,0.45
6.2114e-02,0.405,0.14
6.2115e-02,0.265,0.475
6.2117e-02,0.385,0.155
6.2118e-02,0.31,0.465
6.2120e-02,0.43,0.145
6.2122e-02,0.25,0.465
6.2123e-02,0.33,0.155
6.2125e-02,0.205,0.465
6.2126e-02,0.33,0.165
6.2128e-02,0.2,0.45
6.2130e-02,0.285,0.125
6.2131e-02,0.205,0.48
6.2133e-02,0.31,0.14
6.2134e-02,0.28,0.48
6.2136e-02,0.35,0.13
6.2138e-02,0.31,0.475
6.2139e-02,0.395,0.115
6.2141e-02,0.285,0.5
6.2142e-02,0.35,0.15
6.2144e-02,0.375,0.46
6.2146e-02,0.33,0.135
6.2147e-02,0.4,0.48
6.2149e-02,0.3,0.14
6.2150e-02,0.32,0.47
6.2152e-02,0.355,0.15
6.2154e-02,0.33,0.465
6.2155e-02,0.36,0.14
6.2157e-02,0.255,0.48
6.2158e-02,0.3,0.145
6.2160e-02,0.365,0.465
6.2162e-02,0.305,0.115
6.2163e-02,0.39,0.5
6.2165e-02,0.275,0.14
6.2166e-02,0.425,0.475
6.2168e-02,0.375,0.15
6.2170e-02,0.43,0.46
6.2171e-02,0.34,0.165
6.2173e-02,0.385,0.445
6.2174e-02,0.37,0.14
6.2176e-02,0.335,0.475
6.2178e-02,0.35,0.14
6.2179e-02,0.3,0.475
6.2181e-02,0.275,0.135
6.2182e-02,0.295,0.48
6.2184e-02,0.245,0.125
6.2186e-02,0.35,0.5
6.2187e-02,0.25,0.155
6.2189e-02,0.245,0.46
6.2190e-02,0.275,0.15
6.2192e-02,0.31,0.45
6.2194e-02,0.25,0.115
6.2195e-02,0.325,0.505
6.2197e-02,0.175,0.12
6.2198e-02,0.305,0.49
6.2200e-02,0.275,0.12
6.2202e-02,0.215,0.495
6.2203e-02,0.27,0.13
6.2205e-02,0.225,0.49
6.2206e-02,0.265,0.16
6.2208e-02,0.185,0.455
6.2210e-02,0.27,0.155
6.2211e-02,0.195,0.46
6.2213e-02,0.33,0.16
6.2214e-02,0.215,0.455
6.2216e-02,0.28,0.16
6.2218e-02,0.31,0.455
6.2219e-02,0.325,0.15
6.2221e-02,0.305,0.465
6.2222e-02,0.295,0.13
6.2224e-02,0.26,0.48
6.2226e-02,0.39,0.13
6.2227e-02,0.295,0.495
6.2229e-02,0.245,0.13
6.2230e-02,0.32,0.48
6.2232e-02,0.28,0.14
6.2234e-02,0.38,0.47
6.2235e-02,0.33,0.14
6.2237e-02,0.355,0.48
6.2238e-02,0.305,0.15
6.2240e-02,0.375,0.46
6.2242e-02,0.3,0.155
6.2243e-02,0.39,0.455
6.2245e-02,0.305,0.155
6.2246e-02,0.305,0.46
6.2248e-02,0.325,0.15
6.2250e-02,0.29,0.46
6.2251e-02,0.355,0.145
6.2253e-02,0.26,0.47
6.2254e-02,0.225,0.135
6.2256e-02,0.26,0.48
6.2258e-02,0.36,0.165
6.2259e-02,0.34,0.445
6.2261e-02,0.31,0.165
6.2262e-02,0.315,0.455
6.2264e-02,0.255,0.155
6.2266e-02,0.325,0.465
6.2267e-02,0.36,0.15
6.2269e-02,0.31,0.465
6.2270e-02,0.335,0.15
6.2272e-02,0.29,0.46
6.2274e-02,0.245,0.13
6.2275e-02,0.375,0.485
6.2277e-02,0.245,0.145
6.2278e-02,0.345,0.475
6.2280e-02,0.23,0.125
6.2282e-02,0.345,0.495
6.2283e-02,0.32,0.16
6.2285e-02,0.46,0.46
6.2286e-02,0.28,0.14
6.2288e-02,0.41,0.485
6.2290e-02,0.36,0.155
6.2291e-02,0.41,0.47
6.2293e-02,0.38,0.14
6.2294e-02,0.395,0.48
6.2296e-02,0.285,0.16
6.2298e-02,0.385,0.465
6.2299e-02,0.325,0.16
6.2301e-02,0.325,0.46
6.2302e-02,0.36,0.16
6.2304e-02,0.285,0.46
6.2306e-02,0.31,0.165
6.2307e-02,0.3,0.46
6.2309e-02,0.33,0.155
6.2310e-02,0.31,0.46
6.2312e-02,0.385,0.125
6.2314e-02,0.245,0.5
6.2315e-02,0.315,0.15
6.2317e-02,0.295,0.48
6.2318e-02,0.385,0.12
6.2320e-02,0.26,0.5
6.2322e-02,0.305,0.095
6.2323e-02,0.265,0.525
6.2325e-02,0.385,0.15
6.2326e-02,0.38,0.475
6.2328e-02,0.29,0.16
6.2330e-02,0.335,0.46
6.2331e-02,0.335,0.155
6.2333e-02,0.395,0.47
6.2334e-02,0.355,0.165
6.2336e-02,0.335,0.465
6.2338e-02,0.3,0.155
6.2339e-02,0.395,0.47
6.2341e-02,0.3,0.145
6.2342e-02,0.3,0.48
6.2344e-02,0.38,0.135
6.2346e-02,0.245,0.495
6.2347e-02,0.355,0.135
6.2349e-02,0.285,0.48
6.2350e-02,0.335,0.13
6.2352e-02,0.295,0.485
6.2354e-02,0.29,0.155
6.2355e-02,0.195,0.465
6.2357e-02,0.345,0.15
6.2358e-02,0.3,0.48
6.2360e-02,0.325,0.105
6.2362e-02,0.325,0.515
6.2363e-02,0.29,0.14
6.2365e-02,0.32,0.48
6.2366e-02,0.375,0.12
6.2368e-02,0.42,0.49
6.2370e-02,0.315,0.11
6.2371e-02,0.39,0.51
6.2373e-02,0.315,0.14
6.2374e-02,0.38,0.475
6.2376e-02,0.35,0.165
6.2378e-02,0.385,0.45
6.2379e-02,0.28,0.14
6.2381e-02,0.305,0.48
6.2382e-02,0.32,0.135
6.2384e-02,0.355,0.48
6.2386e-02,0.315,0.135
6.2387e-02,0.315,0.48
6.2389e-02,0.255,0.14
6.2390e-02,0.325,0.475
6.2392e-02,0.39,0.155
6.2394e-02,0.265,0.455
6.2395e-02,0.31,0.17
6.2397e-02,0.265,0.45
6.2398e-02,0.31,0.11
6.2400e-02,0.295,0.495
6.2402e-02,0.295,0.155
6.2403e-02,0.28,0.465
6.2405e-02,0.28,0.13
6.2406e-02,0.31,0.48
6.2408e-02,0.31,0.155
6.2410e-02,0.305,0.455
6.2411e-02,0.36,0.15
6.2413e-02,0.305,0.465
6.2414e-02,0.305,0.125
6.2416e-02,0.31,0.49
6.2418e-02,0.32,0.135
6.2419e-02,0.37,0.475
6.2421e-02,0.31,0.155
6.2422e-02,0.265,0.465
6.2424e-02,0.24,0.15
6.2426e-02,0.3,0.465
6.2427e-02,0.255,0.14
6.2429e-02,0.31,0.47
6.2430e-02,0.185,0.14
6.2432e-02,0.29,0.48
6.2434e-02,0.275,0.155
6.2435e-02,0.28,0.465
6.2437e-02,0.345,0.14
6.2438e-02,0.335,0.49
6.2440e-02,0.35,0.17
6.2442e-02,0.42,0.46
6.2443e-02,0.305,0.17
6.2445e-02,0.415,0.45
6.2446e-02,0.295,0.175
6.2448e-02,0.29,0.45
6.2450e-02,0.28,0.165
6.2451e-02,0.315,0.45
6.2453e-02,0.28,0.15
6.2454e-02,0.3,0.48
6.2456e-02,0.215,0.135
6.2458e-02,0.265,0.485
6.2459e-02,0.315,0.15
6.2461e-02,0.305,0.48
6.2462e-02,0.36,0.14
6.2464e-02,0.305,0.485
6.2466e-02,0.36,0.165
6.2467e-02,0.405,0.455
6.2469e-02,0.36,0.16
6.2470e-02,0.385,0.46
6.2472e-02,0.355,0.165
6.2474e-02,0.3,0.465
6.2475e-02,0.35,0.155
6.2477e-02,0.29,0.475
6.2478e-02,0.4,0.15
6.2480e-02,0.33,0.48
6.2482e-02,0.255,0.14
6.2483e-02,0.33,0.5
6.2485e-02,0.34,0.145
6.2486e-02,0.35,0.48
6.2488e-02,0.35,0.15
6.2490e-02,0.24,0.475
6.2491e-02,0.36,0.135
6.2493e-02,0.265,0.49
6.2494e-02,0.3,0.135
6.2496e-02,0.28,0.495
6.2498e-02,0.275,0.14
6.2499e-02,0.305,0.485
6.2501e-02,0.32,0.13
6.2502e-02,0.335,0.5
6.2504e-02,0.36,0.125
6.2506e-02,0.33,0.51
6.2507e-02,0.305,0.14
6.2509e-02,0.33,0.48
6.2510e-02,0.36,0.14
6.2512e-02,0.385,0.48
6.2514e-02,0.355,0.165
6.2515e-02,0.295,0.465
6.2517e-02,0.415,0.135
6.2518e-02,0.335,0.485
6.2520e-02,0.405,0.17
6.2522e-02,0.36,0.46
6.2523e-02,0.395,0.165
6.2525e-02,0.37,0.46
6.2526e-02,0.36,0.135
6.2528e-02,0.315,0.485
6.2530e-02,0.345,0.14
6.2531e-02,0.32,0.48
6.2533e-02,0.3,0.125
6.2534e-02,0.26,0.49
6.2536e-02,0.355,0.155
6.2538e-02,0.3,0.465
6.2539e-02,0.325,0.145
6.2541e-02,0.305,0.475
6.2542e-02,0.375,0.155
6.2544e-02,0.385,0.47
6.2546e-02,0.395,0.135
6.2547e-02,0.325,0.485
6.2549e-02,0.29,0.145
6.2550e-02,0.345,0.475
6.2552e-02,0.355,0.155
6.2554e-02,0.28,0.465
6.2555e-02,0.28,0.13
6.2557e-02,0.195,0.485
6.2558e-02,0.3,0.145
6.2560e-02,0.27,0.48
6.2562e-02,0.255,0.14
6.2563e-02,0.3,0.485
6.2565e-02,0.24,0.135
6.2566e-02,0.305,0.485
6.2568e-02,0.24,0.105
6.2570e-02,0.425,0.505
6.2571e-02,0.325,0.14
6.2573e-02,0.41,0.48
6.2574e-02,0.305,0.15
6.2576e-02,0.29,0.465
6.2578e-02,0.45,0.14
6.2579e-02,0.325,0.475
6.2581e-02,0.36,0.155
6.2582e-02,0.305,0.465
6.2584e-02,0.28,0.145
6.2586e-02,0.37,0.475
6.2587e-02,0.245,0.15
6.2589e-02,0.305,0.47
6.2590e-02,0.225,0.15
6.2592e-02,0.275,0.48
6.2594e-02,0.3,0.135
6.2595e-02,0.32,0.495
6.2597e-02,0.32,0.14
6.2598e-02,0.3,0.485
6.2600e-02,0.28,0.13
6.2602e-02,0.255,0.495
6.2603e-02,0.355,0.115
6.2605e-02,0.275,0.51
6.2606e-02,0.295,0.125
6.2608e-02,0.245,0.5
6.2610e-02,0.31,0.165
6.2611e-02,0.37,0.465
6.2613e-02,0.23,0.15
6.2614e-02,0.31,0.475
6.2616e-02,0.18,0.16
6.2618e-02,0.305,0.47
6.2619e-02,0.255,0.15
6.2621e-02,0.275,0.475
6.2622e-02,0.31,0.135
6.2624e-02,0.275,0.49
6.2626e-02,0.365,0.165
6.2627e-02,0.305,0.465
6.2629e-02,0.44,0.15
6.2630e-02,0.365,0.48
6.2632e-02,0.36,0.17
6.2634e-02,0.325,0.46
6.2635e-02,0.355,0.15
6.2637e-02,0.355,0.48
6.2638e-02,0.345,0.15
6.2640e-02,0.24,0.475
6.2642e-02,0.35,0.16
6.2643e-02,0.265,0.465
6.2645e-02,0.335,0.155
6.2646e-02,0.22,0.48
6.2648e-02,0.265,0.16
6.2650e-02,0.27,0.47
6.2651e-02,0.285,0.13
6.2653e-02,0.29,0.49
6.2654e-02,0.325,0.18
6.2656e-02,0.265,0.445
6.2658e-02,0.31,0.145
6.2659e-02,0.255,0.485
6.2661e-02,0.345,0.115
6.2662e-02,0.305,0.51
6.2664e-02,0.285,0.13
6.2666e-02,0.205,0.5
6.2667e-02,0.245,0.15
6.2669e-02,0.25,0.475
6.2670e-02,0.335,0.18
6.2672e-02,0.25,0.45
6.2674e-02,0.27,0.15
6.2675e-02,0.31,0.48
6.2677e-02,0.38,0.13
6.2678e-02,0.36,0.495
6.2680e-02,0.29,0.15
6.2682e-02,0.225,0.475
6.2683e-02,0.35,0.125
6.2685e-02,0.275,0.49
6.2686e-02,0.305,0.145
6.2688e-02,0.27,0.48
6.2690e-02,0.25,0.16
6.2691e-02,0.31,0.46
6.2693e-02,0.325,0.145
6.2694e-02,0.28,0.475
6.2696e-02,0.29,0.145
6.2698e-02,0.265,0.48
6.2699e-02,0.25,0.145
6.2701e-02,0.3,0.47
6.2702e-02,0.245,0.16
6.2704e-02,0.335,0.46
6.2706e-02,0.26,0.105
6.2707e-02,0.395,0.52
6.2709e-02,0.38,0.1
6.2710e-02,0.46,0.515
6.2712e-02,0.355,0.15
6.2714e-02,0.33,0.47
6.2715e-02,0.395,0.135
6.2717e-02,0.38,0.49
6.2718e-02,0.385,0.14
6.2720e-02,0.255,0.475
6.2722e-02,0.22,0.14
6.2723e-02,0.3,0.48
6.2725e-02,0.285,0.145
6.2726e-02,0.355,0.475
6.2728e-02,0.255,0.13
6.2730e-02,0.315,0.49
6.2731e-02,0.3,0.16
6.2733e-02,0.255,0.455
6.2734e-02,0.31,0.125
6.2736e-02,0.25,0.5
6.2738e-02,0.325,0.155
6.2739e-02,0.25,0.465
6.2741e-02,0.325,0.155
6.2742e-02,0.425,0.47
6.2744e-02,0.345,0.135
6.2746e-02,0.365,0.49
6.2747e-02,0.285,0.11
6.2749e-02,0.365,0.51
6.2750e-02,0.375,0.135
6.2752e-02,0.29,0.485
6.2754e-02,0.31,0.155
6.2755e-02,0.28,0.475
6.2757e-02,0.415,0.16
6.2758e-02,0.275,0.47
6.2760e-02,0.325,0.16
6.2762e-02,0.29,0.47
6.2763e-02,0.305,0.15
6.2765e-02,0.325,0.485
6.2766e-02,0.305,0.15
6.2768e-02,0.325,0.485
6.2770e-02,0.3,0.155
6.2771e-02,0.27,0.475
6.2773e-02,0.28,0.15
6.2774e-02,0.285,0.485
6.2776e-02,0.29,0.155
6.2778e-02,0.245,0.48
6.2779e-02,0.21,0.145
6.2781e-02,0.315,0.485
6.2782e-02,0.255,0.16
6.2784e-02,0.3,0.47
6.2786e-02,0.22,0.14
6.2787e-02,0.245,0.495
6.2789e-02,0.355,0.13
6.2790e-02,0.3,0.5
6.2792e-02,0.37,0.135
6.2794e-02,0.285,0.5
6.2795e-02,0.345,0.14
6.2797e-02,0.41,0.495
6.2798e-02,0.345,0.15
6.2800e-02,0.29,0.485
6.2802e-02,0.415,0.165
6.2803e-02,0.23,0.47
6.2805e-02,0.395,0.16
6.2806e-02,0.24,0.47
6.2808e-02,0.29,0.155
6.2810e-02,0.275,0.485
6.2811e-02,0.215,0.125
6.2813e-02,0.33,0.505
6.2814e-02,0.24,0.155
6.2816e-02,0.315,0.475
6.2818e-02,0.27,0.175
6.2819e-02,0.295,0.46
6.2821e-02,0.295,0.16
6.2822e-02,0.39,0.475
6.2824e-02,0.3,0.165
6.2826e-02,0.265,0.465
6.2827e-02,0.285,0.16
6.2829e-02,0.27,0.475
6.2830e-02,0.345,0.15
6.2832e-02,0.33,0.49
6.2834e-02,0.3,0.155
6.2835e-02,0.3,0.47
6.2837e-02,0.37,0.155
6.2838e-02,0.28,0.485
6.2840e-02,0.31,0.17
6.2842e-02,0.215,0.465
6.2843e-02,0.295,0.155
6.2845e-02,0.32,0.47
6.2846e-02,0.31,0.15
6.2848e-02,0.365,0.48
6.2850e-02,0.32,0.12
6.2851e-02,0.305,0.505
6.2853e-02,0.29,0.125
6.2854e-02,0.32,0.505
6.2856e-02,0.275,0.125
6.2858e-02,0.335,0.505
6.2859e-02,0.25,0.13
6.2861e-02,0.33,0.5
6.2862e-02,0.335,0.155
6.2864e-02,0.28,0.475
6.2866e-02,0.255,0.155
6.2867e-02,0.3,0.475
6.2869e-02,0.365,0.14
6.2870e-02,0.415,0.485
6.2872e-02,0.355,0.13
6.2874e-02,0.34,0.5
6.2875e-02,0.435,0.14
6.2877e-02,0.335,0.48
6.2878e-02,0.37,0.145
6.2880e-02,0.305,0.48
6.2882e-02,0.28,0.16
6.2883e-02,0.305,0.47
6.2885e-02,0.28,0.125
6.2886e-02,0.335,0.505
6.2888e-02,0.325,0.135
6.2890e-02,0.34,0.495
6.2891e-02,0.275,0.15
6.2893e-02,0.255,0.48
6.2894e-02,0.395,0.15
6.2896e-02,0.325,0.48
6.2898e-02,0.35,0.14
6.2899e-02,0.33,0.495
6.2901e-02,0.26,0.15
6.2902e-02,0.41,0.48
6.2904e-02,0.355,0.13
6.2906e-02,0.3,0.505
6.2907e-02,0.33,0.135
6.2909e-02,0.295,0.5
6.2910e-02,0.345,0.15
6.2912e-02,0.355,0.48
6.2914e-02,0.255,0.14
6.2915e-02,0.33,0.49
6.2917e-02,0.295,0.165
6.2918e-02,0.32,0.465
6.2920e-02,0.355,0.14
6.2922e-02,0.325,0.485
6.2923e-02,0.33,0.165
6.2925e-02,0.37,0.465
6.2926e-02,0.395,0.155
6.2928e-02,0.415,0.48
6.2930e-02,0.425,0.16
6.2931e-02,0.33,0.47
6.2933e-02,0.355,0.15
6.2934e-02,0.37,0.49
6.2936e-02,0.405,0.17
6.2938e-02,0.355,0.46
6.2939e-02,0.375,0.17
6.2941e-02,0.22,0.46
6.2942e-02,0.345,0.15
6.2944e-02,0.295,0.48
6.2946e-02,0.295,0.165
6.2947e-02,0.33,0.47
6.2949e-02,0.225,0.16
6.2950e-02,0.39,0.47
6.2952e-02,0.34,0.14
6.2954e-02,0.37,0.49
6.2955e-02,0.355,0.14
6.2957e-02,0.31,0.485
6.2958e-02,0.36,0.15
6.2960e-02,0.36,0.48
6.2962e-02,0.305,0.135
6.2963e-02,0.38,0.495
6.2965e-02,0.29,0.13
6.2966e-02,0.33,0.495
6.2968e-02,0.365,0.15
6.2970e-02,0.27,0.48
6.2971e-02,0.395,0.14
6.2973e-02,0.21,0.495
6.2974e-02,0.3,0.16
6.2976e-02,0.335,0.47
6.2978e-02,0.325,0.155
6.2979e-02,0.325,0.47
6.2981e-02,0.29,0.15
6.2982e-02,0.335,0.485
6.2984e-02,0.29,0.125
6.2986e-02,0.4,0.51
6.2987e-02,0.285,0.13
6.2989e-02,0.305,0.495
6.2990e-02,0.385,0.12
6.2992e-02,0.275,0.515
6.2994e-02,0.445,0.125
6.2995e-02,0.315,0.505
6.2997e-02,0.355,0.135
6.2998e-02,0.335,0.5
6.3000e-02,0.26,0.15
6.3002e-02,0.27,0.475
6.3003e-02,0.315,0.135
6.3005e-02,0.255,0.49
6.3006e-02,0.25,0.13
6.3008e-02,0.225,0.505
6.3010e-02,0.285,0.17
6.3011e-02,0.335,0.47
6.3013e-02,0.34,0.16
6.3014e-02,0.31,0.475
6.3016e-02,0.335,0.175
6.3018e-02,0.36,0.455
6.3019e-02,0.34,0.16
6.3021e-02,0.33,0.47
6.3022e-02,0.315,0.145
6.3024e-02,0.37,0.485
6.3026e-02,0.4,0.145
6.3027e-02,0.31,0.49
6.3029e-02,0.355,0.145
6.3030e-02,0.265,0.49
6.3032e-02,0.305,0.16
6.3034e-02,0.275,0.475
6.3035e-02,0.39,0.16
6.3037e-02,0.31,0.47
6.3038e-02,0.375,0.155
6.3040e-02,0.28,0.485
6.3042e-02,0.33,0.135
6.3043e-02,0.415,0.505
6.3045e-02,0.41,0.18
6.3046e-02,0.365,0.465
6.3048e-02,0.35,0.175
6.3050e-02,0.305,0.46
6.3051e-02,0.385,0.17
6.3053e-02,0.34,0.46
6.3054e-02,0.3,0.185
6.3056e-02,0.305,0.455
6.3058e-02,0.275,0.16
6.3059e-02,0.345,0.49
6.3061e-02,0.355,0.165
6.3062e-02,0.325,0.48
6.3064e-02,0.335,0.145
6.3066e-02,0.315,0.5
6.3067e-02,0.265,0.16
6.3069e-02,0.405,0.475
6.3070e-02,0.3,0.14
6.3072e-02,0.365,0.5
6.3074e-02,0.285,0.165
6.3075e-02,0.31,0.48
6.3077e-02,0.35,0.185
6.3078e-02,0.28,0.465
6.3080e-02,0.325,0.165
6.3082e-02,0.245,0.48
6.3083e-02,0.31,0.175
6.3085e-02,0.365,0.47
6.3086e-02,0.35,0.165
6.3088e-02,0.355,0.475
6.3090e-02,0.355,0.16
6.3091e-02,0.355,0.48
6.3093e-02,0.32,0.16
6.3094e-02,0.325,0.475
6.3096e-02,0.255,0.17
6.3098e-02,0.32,0.465
6.3099e-02,0.28,0.15
6.3101e-02,0.32,0.495
6.3102e-02,0.305,0.15
6.3104e-02,0.4,0.485
6.3106e-02,0.31,0.145
6.3107e-02,0.28,0.49
6.3109e-02,0.35,0.165
6.3110e-02,0.355,0.465
6.3112e-02,0.415,0.175
6.3114e-02,0.315,0.465
6.3115e-02,0.335,0.16
6.3117e-02,0.29,0.47
6.3118e-02,0.32,0.13
6.3120e-02,0.32,0.5
6.3122e-02,0.26,0.16
6.3123e-02,0.295,0.465
6.3125e-02,0.275,0.155
6.3126e-02,0.375,0.475
6.3128e-02,0.33,0.175
6.3130e-02,0.36,0.46
6.3131e-02,0.335,0.15
6.3133e-02,0.255,0.485
6.3134e-02,0.325,0.165
6.3136e-02,0.295,0.47
6.3138e-02,0.33,0.13
6.3139e-02,0.345,0.49
6.3141e-02,0.225,0.13
6.3142e-02,0.38,0.495
6.3144e-02,0.365,0.155
6.3146e-02,0.365,0.475
6.3147e-02,0.29,0.16
6.3149e-02,0.305,0.47
6.3150e-02,0.285,0.155
6.3152e-02,0.315,0.47
6.3154e-02,0.225,0.15
6.3155e-02,0.275,0.475
6.3157e-02,0.225,0.12
6.3158e-02,0.245,0.505
6.3160e-02,0.345,0.16
6.3162e-02,0.275,0.47
6.3163e-02,0.405,0.135
6.3165e-02,0.265,0.495
6.3166e-02,0.4,0.155
6.3168e-02,0.32,0.475
6.3170e-02,0.445,0.15
6.3171e-02,0.305,0.485
6.3173e-02,0.4,0.165
6.3174e-02,0.24,0.47
6.3176e-02,0.355,0.16
6.3178e-02,0.29,0.465
6.3179e-02,0.28,0.155
6.3181e-02,0.26,0.48
6.3182e-02,0.24,0.18
6.3184e-02,0.325,0.46
6.3186e-02,0.29,0.15
6.3187e-02,0.29,0.49
6.3189e-02,0.26,0.18
6.3190e-02,0.2,0.46
6.3192e-02,0.335,0.15
6.3194e-02,0.305,0.485
6.3195e-02,0.34,0.15
6.3197e-02,0.285,0.495
6.3198e-02,0.34,0.125
6.3200e-02,0.29,0.515
6.3202e-02,0.365,0.15
6.3203e-02,0.395,0.49
6.3205e-02,0.37,0.15
6.3206e-02,0.415,0.495
6.3208e-02,0.375,0.16
6.3210e-02,0.32,0.48
6.3211e-02,0.38,0.16
6.3213e-02,0.25,0.475
6.3214e-02,0.3,0.165
6.3216e-02,0.165,0.48
6.3218e-02,0.285,0.165
6.3219e-02,0.35,0.485
6.3221e-02,0.3,0.13
6.3222e-02,0.31,0.505
6.3224e-02,0.33,0.15
6.3226e-02,0.31,0.495
6.3227e-02,0.39,0.165
6.3229e-02,0.34,0.48
6.3230e-02,0.305,0.155
6.3232e-02,0.345,0.49
6.3234e-02,0.4,0.15
6.3235e-02,0.335,0.49
6.3237e-02,0.34,0.175
6.3238e-02,0.255,0.47
6.3240e-02,0.245,0.15
6.3242e-02,0.31,0.49
6.3243e-02,0.285,0.155
6.3245e-02,0.35,0.485
6.3246e-02,0.335,0.14
6.3248e-02,0.31,0.51
6.3250e-02,0.25,0.16
6.3251e-02,0.36,0.49
6.3253e-02,0.325,0.155
6.3254e-02,0.4,0.49
6.3256e-02,0.36,0.115
6.3258e-02,0.31,0.53
6.3259e-02,0.325,0.16
6.3261e-02,0.375,0.475
6.3262e-02,0.285,0.115
6.3264e-02,0.235,0.52
6.3266e-02,0.3,0.15
6.3267e-02,0.265,0.495
6.3269e-02,0.295,0.165
6.3270e-02,0.33,0.47
6.3272e-02,0.2,0.145
6.3274e-02,0.33,0.49
6.3275e-02,0.27,0.15
6.3277e-02,0.325,0.485
6.3278e-02,0.295,0.09
6.3280e-02,0.325,0.54
6.3282e-02,0.26,0.14
6.3283e-02,0.42,0.49
6.3285e-02,0.35,0.145
6.3286e-02,0.365,0.49
6.3288e-02,0.355,0.14
6.3290e-02,0.25,0.495
6.3291e-02,0.315,0.15
6.3293e-02,0.32,0.49
6.3294e-02,0.315,0.16
6.3296e-02,0.225,0.475
6.3298e-02,0.31,0.14
6.3299e-02,0.255,0.49
6.3301e-02,0.345,0.155
6.3302e-02,0.355,0.485
6.3304e-02,0.27,0.14
6.3306e-02,0.29,0.5
6.3307e-02,0.28,0.16
6.3309e-02,0.33,0.48
6.3310e-02,0.33,0.165
6.3312e-02,0.335,0.47
6.3314e-02,0.215,0.16
6.3315e-02,0.365,0.47
6.3317e-02,0.305,0.15
6.3318e-02,0.4,0.475
6.3320e-02,0.33,0.155
6.3322e-02,0.32,0.48
6.3323e-02,0.31,0.175
6.3325e-02,0.325,0.465
6.3326e-02,0.26,0.16
6.3328e-02,0.375,0.48
6.3330e-02,0.285,0.165
6.3331e-02,0.39,0.47
6.3333e-02,0.38,0.17
6.3334e-02,0.355,0.465
6.3336e-02,0.28,0.15
6.3338e-02,0.295,0.475
6.3339e-02,0.255,0.17
6.3341e-02,0.335,0.47
6.3342e-02,0.395,0.165
6.3344e-02,0.235,0.475
6.3346e-02,0.415,0.155
6.3347e-02,0.295,0.475
6.3349e-02,0.45,0.16
6.3350e-02,0.31,0.485
6.3352e-02,0.325,0.17
6.3354e-02,0.255,0.47
6.3355e-02,0.34,0.13
6.3357e-02,0.28,0.51
6.3358e-02,0.3,0.165
6.3360e-02,0.27,0.48
6.3362e-02,0.29,0.16
6.3363e-02,0.35,0.485
6.3365e-02,0.3,0.16
6.3366e-02,0.37,0.485
6.3368e-02,0.305,0.16
6.3370e-02,0.35,0.48
6.3371e-02,0.21,0.125
6.3373e-02,0.29,0.525
6.3374e-02,0.245,0.155
6.3376e-02,0.31,0.49
6.3378e-02,0.24,0.16
6.3379e-02,0.23,0.49
6.3381e-02,0.31,0.15
6.3382e-02,0.325,0.5
6.3384e-02,0.36,0.16
6.3386e-02,0.3,0.485
6.3387e-02,0.355,0.16
6.3389e-02,0.325,0.49
6.3390e-02,0.41,0.16
6.3392e-02,0.27,0.48
6.3394e-02,0.355,0.155
6.3395e-02,0.24,0.49
6.3397e-02,0.325,0.16
6.3398e-02,0.255,0.495
6.3400e-02,0.36,0.16
6.3402e-02,0.235,0.485
6.3403e-02,0.315,0.125
6.3405e-02,0.285,0.52
6.3406e-02,0.29,0.155
6.3408e-02,0.365,0.485
6.3410e-02,0.3,0.13
6.3411e-02,0.295,0.52
6.3413e-02,0.375,0.14
6.3414e-02,0.39,0.505
6.3416e-02,0.39,0.14
6.3418e-02,0.405,0.505
6.3419e-02,0.295,0.16
6.3421e-02,0.39,0.485
6.3422e-02,0.39,0.155
6.3424e-02,0.365,0.495
6.3426e-02,0.3,0.19
6.3427e-02,0.31,0.46
6.3429e-02,0.275,0.175
6.3430e-02,0.365,0.465
6.3432e-02,0.26,0.155
6.3434e-02,0.315,0.48
6.3435e-02,0.295,0.16
6.3437e-02,0.39,0.48
6.3438e-02,0.275,0.15
6.3440e-02,0.415,0.49
6.3442e-02,0.28,0.155
6.3443e-02,0.42,0.48
6.3445e-02,0.38,0.175
6.3446e-02,0.415,0.47
6.3448e-02,0.35,0.18
6.3450e-02,0.365,0.465
6.3451e-02,0.21,0.15
6.3453e-02,0.375,0.495
6.3454e-02,0.31,0.15
6.3456e-02,0.325,0.495
6.3458e-02,0.315,0.115
6.3459e-02,0.205,0.515
6.3461e-02,0.26,0.16
6.3462e-02,0.31,0.475
6.3464e-02,0.325,0.165
6.3466e-02,0.285,0.475
6.3467e-02,0.305,0.165
6.3469e-02,0.33,0.48
6.3470e-02,0.315,0.185
6.3472e-02,0.36,0.46
6.3474e-02,0.35,0.14
6.3475e-02,0.285,0.505
6.3477e-02,0.425,0.17
6.3478e-02,0.37,0.47
6.3480e-02,0.36,0.17
6.3482e-02,0.325,0.465
6.3483e-02,0.325,0.16
6.3485e-02,0.255,0.48
6.3486e-02,0.395,0.165
6.3488e-02,0.235,0.475
6.3490e-02,0.31,0.165
6.3491e-02,0.215,0.475
6.3493e-02,0.355,0.135
6.3494e-02,0.26,0.505
6.3496e-02,0.385,0.155
6.3498e-02,0.18,0.485
6.3499e-02,0.26,0.145
6.3501e-02,0.325,0.5
6.3502e-02,0.295,0.15
6.3504e-02,0.35,0.49
6.3506e-02,0.3,0.155
6.3507e-02,0.27,0.495
6.3509e-02,0.295,0.165
6.3510e-02,0.43,0.485
6.3512e-02,0.325,0.155
6.3514e-02,0.42,0.49
6.3515e-02,0.36,0.155
6.3517e-02,0.285,0.495
6.3518e-02,0.34,0.19
6.3520e-02,0.38,0.455
6.3522e-02,0.36,0.17
6.3523e-02,0.385,0.475
6.3525e-02,0.3,0.155
6.3526e-02,0.27,0.49
6.3528e-02,0.38,0.165
6.3530e-02,0.385,0.485
6.3531e-02,0.285,0.16
6.3533e-02,0.345,0.485
6.3534e-02,0.395,0.16
6.3536e-02,0.405,0.49
6.3538e-02,0.44,0.17
6.3539e-02,0.345,0.47
6.3541e-02,0.325,0.175
6.3542e-02,0.44,0.47
6.3544e-02,0.31,0.16
6.3546e-02,0.38,0.49
6.3547e-02,0.365,0.175
6.3549e-02,0.375,0.475
6.3550e-02,0.35,0.165
6.3552e-02,0.37,0.48
6.3554e-02,0.335,0.12
6.3555e-02,0.325,0.52
6.3557e-02,0.345,0.155
6.3558e-02,0.335,0.495
6.3560e-02,0.415,0.145
6.3562e-02,0.43,0.505
6.3563e-02,0.335,0.155
6.3565e-02,0.29,0.495
6.3566e-02,0.34,0.16
6.3568e-02,0.335,0.495
6.3570e-02,0.49,0.165
6.3571e-02,0.375,0.485
6.3573e-02,0.335,0.15
6.3574e-02,0.325,0.5
6.3576e-02,0.38,0.17
6.3578e-02,0.355,0.485
6.3579e-02,0.44,0.175
6.3581e-02,0.245,0.475
6.3582e-02,0.33,0.17
6.3584e-02,0.24,0.465
6.3586e-02,0.275,0.185
6.3587e-02,0.325,0.465
6.3589e-02,0.23,0.175
6.3590e-02,0.29,0.465
6.3592e-02,0.29,0.165
6.3594e-02,0.365,0.485
6.3595e-02,0.355,0.165
6.3597e-02,0.34,0.485
6.3598e-02,0.225,0.13
6.3600e-02,0.45,0.51
6.3602e-02,0.31,0.13
6.3603e-02,0.43,0.505
6.3605e-02,0.275,0.15
6.3606e-02,0.335,0.49
6.3608e-02,0.365,0.14
6.3610e-02,0.405,0.51
6.3611e-02,0.325,0.14
6.3613e-02,0.38,0.51
6.3614e-02,0.32,0.16
6.3616e-02,0.35,0.485
6.3618e-02,0.33,0.18
6.3619e-02,0.315,0.46
6.3621e-02,0.32,0.145
6.3622e-02,0.32,0.505
6.3624e-02,0.235,0.15
6.3626e-02,0.295,0.495
6.3627e-02,0.275,0.155
6.3629e-02,0.3,0.485
6.3630e-02,0.32,0.17
6.3632e-02,0.215,0.47
6.3634e-02,0.27,0.17
6.3635e-02,0.315,0.47
6.3637e-02,0.29,0.16
6.3638e-02,0.255,0.49
6.3640e-02,0.2,0.17
6.3642e-02,0.275,0.485
6.3643e-02,0.3,0.19
6.3645e-02,0.265,0.455
6.3646e-02,0.205,0.18
6.3648e-02,0.25,0.465
6.3650e-02,0.28,0.145
6.3651e-02,0.345,0.5
6.3653e-02,0.25,0.15
6.3654e-02,0.34,0.495
6.3656e-02,0.24,0.165
6.3658e-02,0.365,0.48
6.3659e-02,0.27,0.15
6.3661e-02,0.32,0.505
6.3662e-02,0.32,0.145
6.3664e-02,0.24,0.495
6.3666e-02,0.295,0.16
6.3667e-02,0.255,0.485
6.3669e-02,0.26,0.145
6.3670e-02,0.28,0.495
6.3672e-02,0.305,0.18
6.3674e-02,0.18,0.47
6.3675e-02,0.33,0.15
6.3677e-02,0.27,0.495
6.3678e-02,0.34,0.135
6.3680e-02,0.32,0.52
6.3682e-02,0.3,0.155
6.3683e-02,0.275,0.495
6.3685e-02,0.465,0.14
6.3686e-02,0.38,0.505
6.3688e-02,0.435,0.155
6.3690e-02,0.35,0.5
6.3691e-02,0.37,0.17
6.3693e-02,0.405,0.485
6.3694e-02,0.385,0.155
6.3696e-02,0.325,0.495
6.3698e-02,0.345,0.17
6.3699e-02,0.265,0.485
6.3701e-02,0.415,0.155
6.3702e-02,0.315,0.49
6.3704e-02,0.37,0.155
6.3706e-02,0.3,0.495
6.3707e-02,0.365,0.125
6.3709e-02,0.305,0.525
6.3710e-02,0.405,0.15
6.3712e-02,0.305,0.505
6.3714e-02,0.305,0.135
6.3715e-02,0.32,0.51
6.3717e-02,0.27,0.155
6.3718e-02,0.38,0.49
6.3720e-02,0.31,0.13
6.3722e-02,0.275,0.515
6.3723e-02,0.265,0.165
6.3725e-02,0.275,0.48
6.3726e-02,0.305,0.18
6.3728e-02,0.375,0.465
6.3730e-02,0.28,0.17
6.3731e-02,0.28,0.48
6.3733e-02,0.32,0.165
6.3734e-02,0.355,0.48
6.3736e-02,0.32,0.175
6.3738e-02,0.37,0.475
6.3739e-02,0.285,0.16
6.3741e-02,0.34,0.48
6.3742e-02,0.345,0.135
6.3744e-02,0.39,0.515
6.3746e-02,0.395,0.165
6.3747e-02,0.39,0.48
6.3749e-02,0.34,0.13
6.3750e-02,0.365,0.505
6.3752e-02,0.445,0.155
6.3754e-02,0.345,0.49
6.3755e-02,0.39,0.16
6.3757e-02,0.295,0.48
6.3758e-02,0.395,0.155
6.3760e-02,0.325,0.49
6.3762e-02,0.385,0.145
6.3763e-02,0.29,0.51
6.3765e-02,0.275,0.145
6.3766e-02,0.43,0.5
6.3768e-02,0.345,0.16
6.3770e-02,0.385,0.485
6.3771e-02,0.345,0.14
6.3773e-02,0.29,0.505
6.3774e-02,0.365,0.16
6.3776e-02,0.365,0.485
6.3778e-02,0.355,0.16
6.3779e-02,0.35,0.485
6.3781e-02,0.395,0.18
6.3782e-02,0.385,0.475
6.3784e-02,0.345,0.185
6.3786e-02,0.385,0.46
6.3787e-02,0.345,0.165
6.3789e-02,0.26,0.49
6.3790e-02,0.28,0.13
6.3792e-02,0.32,0.52
6.3794e-02,0.215,0.15
6.3795e-02,0.32,0.51
6.3797e-02,0.195,0.15
6.3798e-02,0.225,0.505
6.3800e-02,0.31,0.165
6.3802e-02,0.34,0.48
6.3803e-02,0.37,0.175
6.3805e-02,0.325,0.48
6.3806e-02,0.43,0.175
6.3808e-02,0.285,0.475
6.3810e-02,0.375,0.155
6.3811e-02,0.255,0.495
6.3813e-02,0.265,0.18
6.3814e-02,0.32,0.48
6.3816e-02,0.37,0.175
6.3818e-02,0.38,0.475
6.3819e-02,0.375,0.17
6.3821e-02,0.385,0.475
6.3822e-02,0.36,0.16
6.3824e-02,0.25,0.495
6.3826e-02,0.4,0.165
6.3827e-02,0.25,0.49
6.3829e-02,0.31,0.185
6.3830e-02,0.255,0.475
6.3832e-02,0.345,0.185
6.3834e-02,0.37,0.475
6.3835e-02,0.41,0.16
6.3837e-02,0.41,0.49
6.3838e-02,0.29,0.165
6.3840e-02,0.35,0.495
6.3842e-02,0.45,0.15
6.3843e-02,0.425,0.5
6.3845e-02,0.395,0.195
6.3846e-02,0.325,0.46
6.3848e-02,0.37,0.19
6.3850e-02,0.3,0.475
6.3851e-02,0.345,0.17
6.3853e-02,0.26,0.495
6.3854e-02,0.21,0.165
6.3856e-02,0.28,0.495
6.3858e-02,0.33,0.2
6.3859e-02,0.3,0.455
6.3861e-02,0.345,0.155
6.3862e-02,0.34,0.5
6.3864e-02,0.33,0.165
6.3866e-02,0.36,0.495
6.3867e-02,0.43,0.15
6.3869e-02,0.385,0.505
6.3870e-02,0.35,0.14
6.3872e-02,0.37,0.52
6.3874e-02,0.275,0.165
6.3875e-02,0.385,0.5
6.3877e-02,0.365,0.145
6.3878e-02,0.325,0.51
6.3880e-02,0.285,0.17
6.3882e-02,0.355,0.48
6.3883e-02,0.32,0.15
6.3885e-02,0.355,0.505
6.3886e-02,0.295,0.175
6.3888e-02,0.28,0.48
6.3890e-02,0.24,0.17
6.3891e-02,0.37,0.485
6.3893e-02,0.24,0.17
6.3894e-02,0.335,0.485
6.3896e-02,0.3,0.155
6.3898e-02,0.3,0.495
6.3899e-02,0.345,0.18
6.3901e-02,0.29,0.47
6.3902e-02,0.33,0.175
6.3904e-02,0.305,0.475
6.3906e-02,0.33,0.145
6.3907e-02,0.33,0.5
6.3909e-02,0.38,0.175
6.3910e-02,0.355,0.47
6.3912e-02,0.275,0.18
6.3914e-02,0.375,0.47
6.3915e-02,0.28,0.135
6.3917e-02,0.435,0.52
6.3918e-02,0.245,0.17
6.3920e-02,0.28,0.48
6.3922e-02,0.28,0.195
6.3923e-02,0.385,0.46
6.3925e-02,0.34,0.18
6.3926e-02,0.345,0.47
6.3928e-02,0.275,0.17
6.3930e-02,0.32,0.48
6.3931e-02,0.335,0.175
6.3933e-02,0.26,0.47
6.3934e-02,0.31,0.18
6.3936e-02,0.365,0.47
6.3938e-02,0.325,0.17
6.3939e-02,0.46,0.48
6.3941e-02,0.3,0.175
6.3942e-02,0.405,0.475
6.3944e-02,0.3,0.17
6.3946e-02,0.345,0.485
6.3947e-02,0.255,0.175
6.3949e-02,0.365,0.48
6.3950e-02,0.33,0.17
6.3952e-02,0.325,0.48
6.3954e-02,0.315,0.16
6.3955e-02,0.3,0.485
6.3957e-02,0.41,0.14
6.3958e-02,0.28,0.505
6.3960e-02,0.35,0.16
6.3962e-02,0.255,0.49
6.3963e-02,0.41,0.16
6.3965e-02,0.345,0.495
6.3966e-02,0.355,0.15
6.3968e-02,0.25,0.505
6.3970e-02,0.4,0.175
6.3971e-02,0.325,0.48
6.3973e-02,0.37,0.17
6.3974e-02,0.325,0.485
6.3976e-02,0.315,0.18
6.3978e-02,0.355,0.475
6.3979e-02,0.34,0.17
6.3981e-02,0.33,0.495
6.3982e-02,0.405,0.17
6.3984e-02,0.3,0.485
6.3986e-02,0.4,0.17
6.3987e-02,0.325,0.48
6.3989e-02,0.38,0.145
6.3990e-02,0.39,0.51
6.3992e-02,0.27,0.16
6.3994e-02,0.355,0.495
6.3995e-02,0.335,0.185
6.3997e-02,0.4,0.485
6.3998e-02,0.35,0.175
6.4000e-02,0.3,0.48
6.4002e-02,0.28,0.17
6.4003e-02,0.38,0.49
6.4005e-02,0.285,0.17
6.4006e-02,0.385,0.49
6.4008e-02,0.175,0.16
6.4010e-02,0.33,0.495
6.4011e-02,0.235,0.16
6.4013e-02,0.305,0.49
6.4014e-02,0.23,0.155
6.4016e-02,0.255,0.495
6.4018e-02,0.225,0.16
6.4019e-02,0.375,0.495
6.4021e-02,0.265,0.155
6.4022e-02,0.43,0.51
6.4024e-02,0.275,0.195
6.4026e-02,0.365,0.465
6.4027e-02,0.295,0.165
6.4029e-02,0.33,0.495
6.4030e-02,0.3,0.15
6.4032e-02,0.325,0.505
6.4034e-02,0.305,0.135
6.4035e-02,0.38,0.515
6.4037e-02,0.345,0.155
6.4038e-02,0.355,0.495
6.4040e-02,0.28,0.17
6.4042e-02,0.295,0.49
6.4043e-02,0.34,0.17
6.4045e-02,0.375,0.49
6.4046e-02,0.29,0.185
6.4048e-02,0.33,0.475
6.4050e-02,0.265,0.175
6.4051e-02,0.32,0.485
6.4053e-02,0.36,0.14
6.4054e-02,0.285,0.51
6.4056e-02,0.345,0.145
6.4058e-02,0.29,0.51
6.4059e-02,0.33,0.18
6.4061e-02,0.36,0.485
6.4062e-02,0.3,0.17
6.4064e-02,0.295,0.49
6.4066e-02,0.305,0.16
6.4067e-02,0.285,0.495
6.4069e-02,0.39,0.17
6.4070e-02,0.29,0.49
6.4072e-02,0.36,0.165
6.4074e-02,0.3,0.495
6.4075e-02,0.335,0.16
6.4077e-02,0.38,0.495
6.4078e-02,0.37,0.15
6.4080e-02,0.295,0.5
6.4082e-02,0.41,0.175
6.4083e-02,0.35,0.48
6.4085e-02,0.415,0.165
6.4086e-02,0.32,0.495
6.4088e-02,0.325,0.175
6.4090e-02,0.385,0.48
6.4091e-02,0.39,0.19
6.4093e-02,0.335,0.475
6.4094e-02,0.38,0.175
6.4096e-02,0.265,0.48
6.4098e-02,0.345,0.17
6.4099e-02,0.27,0.485
6.4101e-02,0.255,0.16
6.4102e-02,0.255,0.5
6.4104e-02,0.29,0.165
6.4106e-02,0.19,0.495
6.4107e-02,0.345,0.15
6.4109e-02,0.26,0.52
6.4110e-02,0.38,0.155
6.4112e-02,0.3,0.505
6.4114e-02,0.34,0.165
6.4115e-02,0.355,0.49
6.4117e-02,0.355,0.17
6.4118e-02,0.285,0.49
6.4120e-02,0.295,0.175
6.4122e-02,0.26,0.49
6.4123e-02,0.33,0.18
6.4125e-02,0.38,0.48
6.4126e-02,0.355,0.155
6.4128e-02,0.305,0.505
6.4130e-02,0.38,0.155
6.4131e-02,0.335,0.505
6.4133e-02,0.355,0.145
6.4134e-02,0.31,0.515
6.4136e-02,0.275,0.17
6.4138e-02,0.43,0.5
6.4139e-02,0.355,0.175
6.4141e-02,0.35,0.48
6.4142e-02,0.31,0.165
6.4144e-02,0.295,0.5
6.4146e-02,0.355,0.165
6.4147e-02,0.385,0.49
6.4149e-02,0.385,0.17
6.4150e-02,0.335,0.49
6.4152e-02,0.365,0.185
6.4154e-02,0.255,0.475
6.4155e-02,0.27,0.165
6.4157e-02,0.375,0.495
6.4158e-02,0.325,0.165
6.4160e-02,0.365,0.49
6.4162e-02,0.27,0.15
6.4163e-02,0.295,0.5
6.4165e-02,0.365,0.15
6.4166e-02,0.265,0.51
6.4168e-02,0.275,0.16
6.4170e-02,0.28,0.5
6.4171e-02,0.42,0.175
6.4173e-02,0.315,0.485
6.4174e-02,0.39,0.175
6.4176e-02,0.3,0.48
6.4178e-02,0.355,0.16
6.4179e-02,0.4,0.5
6.4181e-02,0.38,0.18
6.4182e-02,0.3,0.48
6.4184e-02,0.355,0.15
6.4186e-02,0.28,0.505
6.4187e-02,0.345,0.16
6.4189e-02,0.29,0.5
6.4190e-02,0.35,0.14
6.4192e-02,0.27,0.52
6.4194e-02,0.36,0.16
6.4195e-02,0.36,0.505
6.4197e-02,0.32,0.16
6.4198e-02,0.405,0.5
6.4200e-02,0.315,0.17
6.4202e-02,0.355,0.48
6.4203e-02,0.285,0.14
6.4205e-02,0.43,0.525
6.4206e-02,0.385,0.155
6.4208e-02,0.325,0.5
6.4210e-02,0.33,0.17
6.4211e-02,0.36,0.485
6.4213e-02,0.375,0.17
6.4214e-02,0.405,0.485
6.4216e-02,0.295,0.17
6.4218e-02,0.305,0.49
6.4219e-02,0.365,0.15
6.4221e-02,0.36,0.5
6.4222e-02,0.275,0.16
6.4224e-02,0.295,0.5
6.4226e-02,0.305,0.165
6.4227e-02,0.37,0.5
6.4229e-02,0.355,0.165
6.4230e-02,0.43,0.49
6.4232e-02,0.335,0.185
6.4234e-02,0.39,0.48
6.4235e-02,0.405,0.165
6.4237e-02,0.37,0.49
6.4238e-02,0.325,0.175
6.4240e-02,0.325,0.485
6.4242e-02,0.36,0.14
6.4243e-02,0.355,0.52
6.4245e-02,0.43,0.145
6.4246e-02,0.33,0.505
6.4248e-02,0.31,0.15
6.4250e-02,0.265,0.505
6.4251e-02,0.32,0.165
6.4253e-02,0.34,0.485
6.4254e-02,0.435,0.155
6.4256e-02,0.26,0.505
6.4258e-02,0.28,0.16
6.4259e-02,0.285,0.495
6.4261e-02,0.4,0.185
6.4262e-02,0.315,0.47
6.4264e-02,0.365,0.175
6.4266e-02,0.38,0.495
6.4267e-02,0.365,0.165
6.4269e-02,0.38,0.495
6.4270e-02,0.325,0.15
6.4272e-02,0.29,0.51
6.4274e-02,0.335,0.145
6.4275e-02,0.28,0.515
6.4277e-02,0.34,0.14
6.4278e-02,0.315,0.515
6.4280e-02,0.35,0.13
6.4282e-02,0.25,0.54
6.4283e-02,0.4,0.145
6.4285e-02,0.39,0.525
6.4286e-02,0.35,0.155
6.4288e-02,0.31,0.51
6.4290e-02,0.295,0.175
6.4291e-02,0.33,0.485
6.4293e-02,0.385,0.17
6.4294e-02,0.27,0.495
6.4296e-02,0.23,0.18
6.4298e-02,0.29,0.485
6.4299e-02,0.29,0.17
6.4301e-02,0.285,0.49
6.4302e-02,0.26,0.155
6.4304e-02,0.305,0.5
6.4306e-02,0.225,0.165
6.4307e-02,0.375,0.505
6.4309e-02,0.295,0.185
6.4310e-02,0.35,0.485
6.4312e-02,0.31,0.165
6.4314e-02,0.38,0.505
6.4315e-02,0.25,0.185
6.4317e-02,0.44,0.475
6.4318e-02,0.31,0.175
6.4320e-02,0.365,0.49
6.4322e-02,0.335,0.155
6.4323e-02,0.27,0.505
6.4325e-02,0.38,0.16
6.4326e-02,0.315,0.51
6.4328e-02,0.325,0.125
6.4330e-02,0.31,0.535
6.4331e-02,0.345,0.155
6.4333e-02,0.325,0.51
6.4334e-02,0.44,0.12
6.4336e-02,0.275,0.54
6.4338e-02,0.375,0.145
6.4339e-02,0.315,0.515
6.4341e-02,0.44,0.16
6.4342e-02,0.255,0.505
6.4344e-02,0.315,0.15
6.4346e-02,0.195,0.505
6.4347e-02,0.27,0.16
6.4349e-02,0.315,0.5
6.4350e-02,0.21,0.185
6.4352e-02,0.38,0.475
6.4354e-02,0.255,0.185
6.4355e-02,0.285,0.485
6.4357e-02,0.29,0.17
6.4358e-02,0.3,0.495
6.4360e-02,0.26,0.175
6.4362e-02,0.31,0.485
6.4363e-02,0.255,0.17
6.4365e-02,0.385,0.495
6.4366e-02,0.405,0.16
6.4368e-02,0.365,0.505
6.4370e-02,0.315,0.17
6.4371e-02,0.31,0.49
6.4373e-02,0.305,0.195
6.4374e-02,0.39,0.46
6.4376e-02,0.305,0.18
6.4378e-02,0.315,0.475
6.4379e-02,0.32,0.15
6.4381e-02,0.41,0.505
6.4382e-02,0.36,0.17
6.4384e-02,0.325,0.49
6.4386e-02,0.255,0.145
6.4387e-02,0.31,0.515
6.4389e-02,0.355,0.165
6.4390e-02,0.31,0.49
6.4392e-02,0.245,0.16
6.4394e-02,0.305,0.505
6.4395e-02,0.25,0.16
6.4397e-02,0.365,0.5
6.4398e-02,0.285,0.195
6.4400e-02,0.27,0.47
6.4402e-02,0.345,0.165
6.4403e-02,0.29,0.5
6.4405e-02,0.385,0.185
6.4406e-02,0.34,0.48
6.4408e-02,0.385,0.19
6.4410e-02,0.27,0.475
6.4411e-02,0.345,0.165
6.4413e-02,0.34,0.495
6.4414e-02,0.335,0.185
6.4416e-02,0.355,0.48
6.4418e-02,0.24,0.15
6.4419e-02,0.275,0.51
6.4421e-02,0.33,0.16
6.4422e-02,0.29,0.505
6.4424e-02,0.32,0.16
6.4426e-02,0.215,0.505
6.4427e-02,0.265,0.18
6.4429e-02,0.34,0.49
6.4430e-02,0.365,0.18
6.4432e-02,0.3,0.49
6.4434e-02,0.3,0.165
6.4435e-02,0.43,0.505
6.4437e-02,0.37,0.175
6.4438e-02,0.43,0.495
6.4440e-02,0.345,0.19
6.4442e-02,0.315,0.475
6.4443e-02,0.41,0.185
6.4445e-02,0.275,0.485
6.4446e-02,0.36,0.175
6.4448e-02,0.295,0.49
6.4450e-02,0.34,0.175
6.4451e-02,0.315,0.495
6.4453e-02,0.39,0.185
6.4454e-02,0.36,0.48
6.4456e-02,0.31,0.18
6.4458e-02,0.405,0.49
6.4459e-02,0.315,0.175
6.4461e-02,0.345,0.495
6.4462e-02,0.31,0.17
6.4464e-02,0.325,0.5
6.4466e-02,0.27,0.16
6.4467e-02,0.35,0.515
6.4469e-02,0.405,0.18
6.4470e-02,0.395,0.48
6.4472e-02,0.38,0.155
6.4474e-02,0.305,0.51
6.4475e-02,0.27,0.17
6.4477e-02,0.345,0.5
6.4478e-02,0.295,0.155
6.4480e-02,0.19,0.505
6.4482e-02,0.275,0.185
6.4483e-02,0.38,0.48
6.4485e-02,0.355,0.18
6.4486e-02,0.405,0.49
6.4488e-02,0.325,0.195
6.4490e-02,0.335,0.47
6.4491e-02,0.295,0.17
6.4493e-02,0.355,0.495
6.4494e-02,0.24,0.19
6.4496e-02,0.33,0.475
6.4498e-02,0.32,0.175
6.4499e-02,0.345,0.485
6.4501e-02,0.27,0.185
6.4502e-02,0.37,0.485
6.4504e-02,0.235,0.185
6.4506e-02,0.395,0.48
6.4507e-02,0.29,0.18
6.4509e-02,0.395,0.485
6.4510e-02,0.315,0.18
6.4512e-02,0.4,0.48
6.4514e-02,0.385,0.17
6.4515e-02,0.41,0.49
6.4517e-02,0.415,0.19
6.4518e-02,0.4,0.475
6.4520e-02,0.255,0.17
6.4522e-02,0.39,0.5
6.4523e-02,0.305,0.175
6.4525e-02,0.295,0.495
6.4526e-02,0.275,0.165
6.4528e-02,0.215,0.505
6.4530e-02,0.34,0.16
6.4531e-02,0.31,0.51
6.4533e-02,0.405,0.175
6.4534e-02,0.29,0.495
6.4536e-02,0.4,0.185
6.4538e-02,0.395,0.485
6.4539e-02,0.39,0.17
6.4541e-02,0.345,0.5
6.4542e-02,0.29,0.185
6.4544e-02,0.31,0.485
6.4546e-02,0.315,0.18
6.4547e-02,0.34,0.485
6.4549e-02,0.285,0.175
6.4550e-02,0.4,0.49
6.4552e-02,0.31,0.18
6.4554e-02,0.37,0.485
6.4555e-02,0.41,0.175
6.4557e-02,0.295,0.495
6.4558e-02,0.32,0.155
6.4560e-02,0.275,0.52
6.4562e-02,0.37,0.17
6.4563e-02,0.365,0.505
6.4565e-02,0.395,0.165
6.4566e-02,0.265,0.5
6.4568e-02,0.32,0.185
6.4570e-02,0.27,0.485
6.4571e-02,0.355,0.175
6.4573e-02,0.23,0.49
6.4574e-02,0.36,0.16
6.4576e-02,0.29,0.505
6.4578e-02,0.385,0.175
6.4579e-02,0.375,0.495
6.4581e-02,0.315,0.185
6.4582e-02,0.265,0.485
6.4584e-02,0.385,0.195
6.4586e-02,0.34,0.475
6.4587e-02,0.35,0.16
6.4589e-02,0.345,0.505
6.4590e-02,0.3,0.165
6.4592e-02,0.4,0.5
6.4594e-02,0.39,0.18
6.4595e-02,0.28,0.485
6.4597e-02,0.34,0.165
6.4598e-02,0.285,0.505
6.4600e-02,0.32,0.17
6.4602e-02,0.27,0.495
6.4603e-02,0.265,0.17
6.4605e-02,0.21,0.495
6.4606e-02,0.39,0.175
6.4608e-02,0.3,0.5
6.4610e-02,0.4,0.185
6.4611e-02,0.39,0.48
6.4613e-02,0.28,0.13
6.4614e-02,0.325,0.545
6.4616e-02,0.335,0.17
6.4618e-02,0.28,0.5
6.4619e-02,0.375,0.19
6.4621e-02,0.335,0.475
6.4622e-02,0.365,0.165
6.4624e-02,0.325,0.495
6.4626e-02,0.36,0.175
6.4627e-02,0.255,0.485
6.4629e-02,0.29,0.16
6.4630e-02,0.3,0.5
6.4632e-02,0.4,0.16
6.4634e-02,0.4,0.5
6.4635e-02,0.38,0.185
6.4637e-02,0.31,0.48
6.4638e-02,0.33,0.17
6.4640e-02,0.42,0.5
6.4642e-02,0.255,0.16
6.4643e-02,0.285,0.51
6.4645e-02,0.36,0.145
6.4646e-02,0.3,0.52
6.4648e-02,0.395,0.185
6.4650e-02,0.305,0.475
6.4651e-02,0.27,0.16
6.4653e-02,0.32,0.51
6.4654e-02,0.315,0.155
6.4656e-02,0.305,0.515
6.4658e-02,0.29,0.16
6.4659e-02,0.345,0.51
6.4661e-02,0.285,0.145
6.4662e-02,0.43,0.52
6.4664e-02,0.29,0.18
6.4666e-02,0.325,0.49
6.4667e-02,0.17,0.16
6.4669e-02,0.315,0.51
6.4670e-02,0.25,0.17
6.4672e-02,0.32,0.5
6.4674e-02,0.33,0.18
6.4675e-02,0.25,0.485
6.4677e-02,0.315,0.195
6.4678e-02,0.435,0.48
6.4680e-02,0.335,0.19
6.4682e-02,0.345,0.485
6.4683e-02,0.245,0.155
6.4685e-02,0.33,0.52
6.4686e-02,0.33,0.18
6.4688e-02,0.41,0.495
6.4690e-02,0.4,0.195
6.4691e-02,0.295,0.475
6.4693e-02,0.44,0.165
6.4694e-02,0.325,0.505
6.4696e-02,0.325,0.19
6.4698e-02,0.295,0.48
6.4699e-02,0.355,0.185
6.4701e-02,0.32,0.49
6.4702e-02,0.39,0.185
6.4704e-02,0.38,0.49
6.4706e-02,0.36,0.195
6.4707e-02,0.355,0.475
6.4709e-02,0.35,0.175
6.4710e-02,0.29,0.49
6.4712e-02,0.36,0.155
6.4714e-02,0.295,0.51
6.4715e-02,0.33,0.185
6.4717e-02,0.33,0.485
6.4718e-02,0.375,0.19
6.4720e-02,0.27,0.485
6.4722e-02,0.27,0.18
6.4723e-02,0.395,0.495
6.4725e-02,0.38,0.175
6.4726e-02,0.405,0.5
6.4728e-02,0.285,0.185
6.4730e-02,0.335,0.49
6.4731e-02,0.21,0.185
6.4733e-02,0.42,0.485
6.4734e-02,0.36,0.18
6.4736e-02,0.33,0.5
6.4738e-02,0.3,0.165
6.4739e-02,0.365,0.51
6.4741e-02,0.305,0.175
6.4742e-02,0.305,0.5
6.4744e-02,0.36,0.185
6.4746e-02,0.355,0.485
6.4747e-02,0.38,0.16
6.4749e-02,0.425,0.51
6.4750e-02,0.345,0.205
6.4752e-02,0.315,0.47
6.4754e-02,0.28,0.145
6.4755e-02,0.4,0.52
6.4757e-02,0.32,0.145
6.4758e-02,0.44,0.53
6.4760e-02,0.365,0.19
6.4762e-02,0.335,0.485
6.4763e-02,0.275,0.16
6.4765e-02,0.355,0.51
6.4766e-02,0.3,0.17
6.4768e-02,0.285,0.495
6.4770e-02,0.3,0.2
6.4771e-02,0.44,0.47
6.4773e-02,0.36,0.19
6.4774e-02,0.35,0.48
6.4776e-02,0.305,0.19
6.4778e-02,0.37,0.48
6.4779e-02,0.36,0.195
6.4781e-02,0.39,0.48
6.4782e-02,0.34,0.145
6.4784e-02,0.29,0.52
6.4786e-02,0.33,0.18
6.4787e-02,0.38,0.49
6.4789e-02,0.38,0.16
6.4790e-02,0.325,0.505
6.4792e-02,0.27,0.19
6.4794e-02,0.33,0.485
6.4795e-02,0.33,0.18
6.4797e-02,0.315,0.49
6.4798e-02,0.41,0.145
6.4800e-02,0.33,0.525
6.4802e-02,0.38,0.195
6.4803e-02,0.34,0.475
6.4805e-02,0.365,0.155
6.4806e-02,0.3,0.515
6.4808e-02,0.315,0.165
6.4810e-02,0.305,0.5
6.4811e-02,0.335,0.16
6.4813e-02,0.245,0.52
6.4814e-02,0.36,0.175
6.4816e-02,0.325,0.495
6.4818e-02,0.32,0.135
6.4819e-02,0.415,0.53
6.4821e-02,0.37,0.185
6.4822e-02,0.32,0.49
6.4824e-02,0.325,0.19
6.4826e-02,0.33,0.485
6.4827e-02,0.46,0.185
6.4829e-02,0.26,0.49
6.4830e-02,0.38,0.175
6.4832e-02,0.305,0.495
6.4834e-02,0.37,0.175
6.4835e-02,0.4,0.5
6.4837e-02,0.325,0.18
6.4838e-02,0.31,0.5
6.4840e-02,0.195,0.18
6.4842e-02,0.37,0.49
6.4843e-02,0.34,0.185
6.4845e-02,0.4,0.48
6.4846e-02,0.44,0.135
6.4848e-02,0.41,0.54
6.4850e-02,0.395,0.185
6.4851e-02,0.36,0.49
6.4853e-02,0.35,0.175
6.4854e-02,0.22,0.5
6.4856e-02,0.33,0.2
6.4858e-02,0.33,0.48
6.4859e-02,0.37,0.195
6.4861e-02,0.41,0.485
6.4862e-02,0.365,0.17
6.4864e-02,0.295,0.51
6.4866e-02,0.255,0.185
6.4867e-02,0.345,0.495
6.4869e-02,0.33,0.19
6.4870e-02,0.26,0.485
6.4872e-02,0.34,0.195
6.4874e-02,0.375,0.485
6.4875e-02,0.395,0.195
6.4877e-02,0.4,0.485
6.4878e-02,0.33,0.165
6.4880e-02,0.29,0.515
6.4882e-02,0.325,0.18
6.4883e-02,0.385,0.5
6.4885e-02,0.34,0.165
6.4886e-02,0.215,0.505
6.4888e-02,0.335,0.175
6.4890e-02,0.255,0.5
6.4891e-02,0.39,0.155
6.4893e-02,0.315,0.515
6.4894e-02,0.45,0.165
6.4896e-02,0.375,0.5
6.4898e-02,0.39,0.2
6.4899e-02,0.385,0.48
6.4901e-02,0.37,0.185
6.4902e-02,0.315,0.49
6.4904e-02,0.355,0.165
6.4906e-02,0.265,0.515
6.4907e-02,0.345,0.175
6.4909e-02,0.38,0.5
6.4910e-02,0.235,0.165
6.4912e-02,0.42,0.515
6.4914e-02,0.33,0.175
6.4915e-02,0.445,0.495
6.4917e-02,0.33,0.185
6.4918e-02,0.335,0.495
6.4920e-02,0.215,0.18
6.4922e-02,0.295,0.49
6.4923e-02,0.27,0.195
6.4925e-02,0.31,0.48
6.4926e-02,0.235,0.17
6.4928e-02,0.395,0.5
6.4930e-02,0.325,0.19
6.4931e-02,0.44,0.49
6.4933e-02,0.395,0.175
6.4934e-02,0.35,0.49
6.4936e-02,0.35,0.18
6.4938e-02,0.35,0.495
6.4939e-02,0.23,0.19
6.4941e-02,0.345,0.485
6.4942e-02,0.325,0.195
6.4944e-02,0.335,0.475
6.4946e-02,0.365,0.17
6.4947e-02,0.38,0.495
6.4949e-02,0.36,0.175
6.4950e-02,0.33,0.49
6.4952e-02,0.325,0.17
6.4954e-02,0.275,0.51
6.4955e-02,0.4,0.195
6.4957e-02,0.35,0.475
6.4958e-02,0.31,0.175
6.4960e-02,0.34,0.505
6.4962e-02,0.37,0.17
6.4963e-02,0.365,0.505
6.4965e-02,0.325,0.18
6.4966e-02,0.23,0.49
6.4968e-02,0.305,0.19
6.4970e-02,0.345,0.48
6.4971e-02,0.385,0.185
6.4973e-02,0.345,0.485
6.4974e-02,0.38,0.16
6.4976e-02,0.285,0.51
6.4978e-02,0.3,0.185
6.4979e-02,0.37,0.49
6.4981e-02,0.31,0.185
6.4982e-02,0.375,0.49
6.4984e-02,0.3,0.185
6.4986e-02,0.31,0.485
6.4987e-02,0.41,0.16
6.4989e-02,0.43,0.515
6.4990e-02,0.305,0.17
6.4992e-02,0.365,0.505
6.4994e-02,0.275,0.175
6.4995e-02,0.315,0.5
6.4997e-02,0.3,0.145
6.4998e-02,0.285,0.52
6.5000e-02,0.31,0.165
6.5002e-02,0.4,0.505
6.5003e-02,0.37,0.185
6.5005e-02,0.415,0.485
6.5006e-02,0.37,0.185
6.5008e-02,0.305,0.49
6.5010e-02,0.345,0.205
6.5011e-02,0.305,0.475
6.5013e-02,0.31,0.2
6.5014e-02,0.375,0.475
6.5016e-02,0.265,0.175
6.5018e-02,0.395,0.51
6.5019e-02,0.325,0.18
6.5021e-02,0.37,0.5
6.5022e-02,0.27,0.195
6.5024e-02,0.325,0.48
6.5026e-02,0.305,0.185
6.5027e-02,0.405,0.48
6.5029e-02,0.325,0.185
6.5030e-02,0.345,0.495
6.5032e-02,0.4,0.18
6.5034e-02,0.325,0.5
6.5035e-02,0.47,0.15
6.5037e-02,0.32,0.515
6.5038e-02,0.295,0.18
6.5040e-02,0.345,0.495
6.5042e-02,0.335,0.18
6.5043e-02,0.33,0.49
6.5045e-02,0.355,0.155
6.5046e-02,0.275,0.515
6.5048e-02,0.285,0.18
6.5050e-02,0.28,0.5
6.5051e-02,0.305,0.18
6.5053e-02,0.35,0.495
6.5054e-02,0.345,0.205
6.5056e-02,0.305,0.475
6.5058e-02,0.335,0.185
6.5059e-02,0.385,0.5
6.5061e-02,0.375,0.205
6.5062e-02,0.43,0.48
6.5064e-02,0.28,0.195
6.5066e-02,0.435,0.48
6.5067e-02,0.43,0.205
6.5069e-02,0.3,0.47
6.5070e-02,0.265,0.195
6.5072e-02,0.32,0.49
6.5074e-02,0.31,0.17
6.5075e-02,0.43,0.51
6.5077e-02,0.31,0.185
6.5078e-02,0.355,0.49
6.5080e-02,0.4,0.145
6.5082e-02,0.335,0.525
6.5083e-02,0.445,0.15
6.5085e-02,0.29,0.535
6.5086e-02,0.355,0.185
6.5088e-02,0.36,0.49
6.5090e-02,0.355,0.155
6.5091e-02,0.385,0.53
6.5093e-02,0.4,0.17
6.5094e-02,0.37,0.515
6.5096e-02,0.39,0.13
6.5098e-02,0.365,0.545
6.5099e-02,0.385,0.155
6.5101e-02,0.355,0.515
6.5102e-02,0.325,0.165
6.5104e-02,0.23,0.51
6.5106e-02,0.255,0.185
6.5107e-02,0.33,0.5
6.5109e-02,0.29,0.17
6.5110e-02,0.325,0.505
6.5112e-02,0.34,0.17
6.5114e-02,0.315,0.505
6.5115e-02,0.475,0.195
6.5117e-02,0.355,0.48
6.5118e-02,0.37,0.15
6.5120e-02,0.345,0.54
6.5122e-02,0.325,0.16
6.5123e-02,0.46,0.515
6.5125e-02,0.28,0.165
6.5126e-02,0.32,0.52
6.5128e-02,0.345,0.17
6.5130e-02,0.375,0.5
6.5131e-02,0.42,0.19
6.5133e-02,0.375,0.49
6.5134e-02,0.38,0.2
6.5136e-02,0.41,0.475
6.5138e-02,0.395,0.19
6.5139e-02,0.3,0.49
6.5141e-02,0.34,0.185
6.5142e-02,0.36,0.505
6.5144e-02,0.335,0.175
6.5146e-02,0.43,0.505
6.5147e-02,0.41,0.185
6.5149e-02,0.37,0.5
6.5150e-02,0.39,0.175
6.5152e-02,0.28,0.51
6.5154e-02,0.375,0.165
6.5155e-02,0.375,0.505
6.5157e-02,0.375,0.155
6.5158e-02,0.335,0.525
6.5160e-02,0.31,0.185
6.5162e-02,0.345,0.5
6.5163e-02,0.345,0.19
6.5165e-02,0.365,0.495
6.5166e-02,0.275,0.185
6.5168e-02,0.38,0.495
6.5170e-02,0.425,0.2
6.5171e-02,0.405,0.48
6.5173e-02,0.39,0.135
6.5174e-02,0.38,0.54
6.5176e-02,0.37,0.17
6.5178e-02,0.44,0.505
6.5179e-02,0.285,0.18
6.5181e-02,0.28,0.495
6.5182e-02,0.345,0.145
6.5184e-02,0.32,0.535
6.5186e-02,0.395,0.2
6.5187e-02,0.295,0.485
6.5189e-02,0.31,0.18
6.5190e-02,0.315,0.5
6.5192e-02,0.315,0.175
6.5194e-02,0.355,0.495
6.5195e-02,0.28,0.195
6.5197e-02,0.37,0.48
6.5198e-02,0.32,0.18
6.5200e-02,0.44,0.505
6.5202e-02,0.315,0.15
6.5203e-02,0.385,0.525
6.5205e-02,0.25,0.16
6.5206e-02,0.32,0.515
6.5208e-02,0.19,0.18
6.5210e-02,0.31,0.495
6.5211e-02,0.29,0.175
6.5213e-02,0.265,0.5
6.5214e-02,0.395,0.17
6.5216e-02,0.345,0.505
6.5218e-02,0.345,0.19
6.5219e-02,0.345,0.475
6.5221e-02,0.24,0.19
6.5222e-02,0.325,0.48
6.5224e-02,0.34,0.195
6.5226e-02,0.29,0.475
6.5227e-02,0.365,0.175
6.5229e-02,0.295,0.5
6.5230e-02,0.41,0.175
6.5232e-02,0.405,0.495
6.5234e-02,0.275,0.19
6.5235e-02,0.325,0.48
6.5237e-02,0.395,0.18
6.5238e-02,0.41,0.505
6.5240e-02,0.34,0.19
6.5242e-02,0.315,0.485
6.5243e-02,0.295,0.195
6.5245e-02,0.28,0.47
6.5246e-02,0.33,0.185
6.5248e-02,0.195,0.49
6.5250e-02,0.32,0.195
6.5251e-02,0.325,0.47
6.5253e-02,0.35,0.195
6.5254e-02,0.38,0.485
6.5256e-02,0.43,0.175
6.5258e-02,0.345,0.5
6.5259e-02,0.39,0.165
6.5261e-02,0.385,0.51
6.5262e-02,0.385,0.195
6.5264e-02,0.38,0.48
6.5266e-02,0.285,0.18
6.5267e-02,0.24,0.5
6.5269e-02,0.305,0.185
6.5270e-02,0.335,0.485
6.5272e-02,0.29,0.2
6.5274e-02,0.245,0.485
6.5275e-02,0.34,0.195
6.5277e-02,0.31,0.485
6.5278e-02,0.345,0.165
6.5280e-02,0.29,0.51
6.5282e-02,0.205,0.19
6.5283e-02,0.37,0.485
6.5285e-02,0.265,0.16
6.5286e-02,0.325,0.525
6.5288e-02,0.355,0.175
6.5290e-02,0.355,0.51
6.5291e-02,0.405,0.185
6.5293e-02,0.42,0.5
6.5294e-02,0.345,0.15
6.5296e-02,0.305,0.54
6.5298e-02,0.345,0.18
6.5299e-02,0.29,0.505
6.5301e-02,0.315,0.15
6.5302e-02,0.375,0.535
6.5304e-02,0.255,0.185
6.5306e-02,0.33,0.495
6.5307e-02,0.305,0.205
6.5309e-02,0.37,0.48
6.5310e-02,0.32,0.17
6.5312e-02,0.325,0.505
6.5314e-02,0.27,0.18
6.5315e-02,0.41,0.5
6.5317e-02,0.425,0.175
6.5318e-02,0.375,0.51
6.5320e-02,0.315,0.2
6.5322e-02,0.355,0.485
6.5323e-02,0.31,0.18
6.5325e-02,0.37,0.515
6.5326e-02,0.185,0.195
6.5328e-02,0.385,0.49
6.5330e-02,0.335,0.15
6.5331e-02,0.405,0.525
6.5333e-02,0.34,0.195
6.5334e-02,0.355,0.49
6.5336e-02,0.325,0.19
6.5338e-02,0.395,0.495
6.5339e-02,0.4,0.155
6.5341e-02,0.385,0.52
6.5342e-02,0.405,0.15
6.5344e-02,0.31,0.525
6.5346e-02,0.345,0.14
6.5347e-02,0.34,0.545
6.5349e-02,0.305,0.18
6.5350e-02,0.385,0.5
6.5352e-02,0.375,0.205
6.5354e-02,0.405,0.475
6.5355e-02,0.45,0.15
6.5357e-02,0.36,0.525
6.5358e-02,0.375,0.185
6.5360e-02,0.315,0.495
6.5362e-02,0.385,0.17
6.5363e-02,0.32,0.51
6.5365e-02,0.375,0.16
6.5366e-02,0.25,0.515
6.5368e-02,0.355,0.16
6.5370e-02,0.335,0.51
6.5371e-02,0.27,0.19
6.5373e-02,0.245,0.49
6.5374e-02,0.22,0.17
6.5376e-02,0.285,0.505
6.5378e-02,0.41,0.145
6.5379e-02,0.285,0.53
6.5381e-02,0.37,0.185
6.5382e-02,0.31,0.49
6.5384e-02,0.385,0.175
6.5386e-02,0.345,0.5
6.5387e-02,0.29,0.135
6.5389e-02,0.29,0.54
6.5390e-02,0.325,0.15
6.5392e-02,0.355,0.525
6.5394e-02,0.415,0.19
6.5395e-02,0.41,0.485
6.5397e-02,0.325,0.175
6.5398e-02,0.35,0.505
6.5400e-02,0.31,0.17
6.5402e-02,0.45,0.5
6.5403e-02,0.375,0.185
6.5405e-02,0.385,0.49
6.5406e-02,0.35,0.18
6.5408e-02,0.35,0.495
6.5410e-02,0.37,0.155
6.5411e-02,0.27,0.525
6.5413e-02,0.385,0.175
6.5414e-02,0.295,0.5
6.5416e-02,0.37,0.205
6.5418e-02,0.31,0.48
6.5419e-02,0.27,0.195
6.5421e-02,0.285,0.48
6.5422e-02,0.325,0.165
6.5424e-02,0.325,0.51
6.5426e-02,0.405,0.185
6.5427e-02,0.33,0.5
6.5429e-02,0.33,0.16
6.5430e-02,0.36,0.525
6.5432e-02,0.26,0.16
6.5434e-02,0.36,0.52
6.5435e-02,0.305,0.195
6.5437e-02,0.36,0.485
6.5438e-02,0.44,0.185
6.5440e-02,0.355,0.49
6.5442e-02,0.435,0.155
6.5443e-02,0.265,0.52
6.5445e-02,0.32,0.185
6.5446e-02,0.29,0.5
6.5448e-02,0.335,0.185
6.5450e-02,0.32,0.5
6.5451e-02,0.35,0.18
6.5453e-02,0.295,0.5
6.5454e-02,0.405,0.17
6.5456e-02,0.305,0.51
6.5458e-02,0.32,0.175
6.5459e-02,0.27,0.5
6.5461e-02,0.34,0.18
6.5462e-02,0.325,0.5
6.5464e-02,0.485,0.19
6.5466e-02,0.3,0.495
6.5467e-02,0.39,0.15
6.5469e-02,0.33,0.54
6.5470e-02,0.42,0.165
6.5472e-02,0.365,0.525
6.5474e-02,0.355,0.14
6.5475e-02,0.345,0.54
6.5477e-02,0.345,0.175
6.5478e-02,0.38,0.5
6.5480e-02,0.345,0.165
6.5482e-02,0.42,0.51
6.5483e-02,0.355,0.16
6.5485e-02,0.405,0.515
6.5486e-02,0.39,0.14
6.5488e-02,0.435,0.54
6.5490e-02,0.395,0.19
6.5491e-02,0.365,0.49
6.5493e-02,0.33,0.19
6.5494e-02,0.43,0.5
6.5496e-02,0.38,0.165
6.5498e-02,0.345,0.515
6.5499e-02,0.31,0.19
6.5501e-02,0.265,0.495
6.5502e-02,0.365,0.185
6.5504e-02,0.285,0.495
6.5506e-02,0.245,0.18
6.5507e-02,0.27,0.5
6.5509e-02,0.285,0.165
6.5510e-02,0.36,0.515
6.5512e-02,0.33,0.17
6.5514e-02,0.265,0.51
6.5515e-02,0.385,0.19
6.5517e-02,0.375,0.49
6.5518e-02,0.35,0.155
6.5520e-02,0.37,0.525
6.5522e-02,0.325,0.16
6.5523e-02,0.31,0.515
6.5525e-02,0.36,0.18
6.5526e-02,0.355,0.505
6.5528e-02,0.45,0.175
6.5530e-02,0.375,0.505
6.5531e-02,0.34,0.2
6.5533e-02,0.305,0.475
6.5534e-02,0.36,0.18
6.5536e-02,0.37,0.505
6.5538e-02,0.37,0.18
6.5539e-02,0.3,0.505
6.5541e-02,0.42,0.185
6.5542e-02,0.385,0.495
6.5544e-02,0.36,0.175
6.5546e-02,0.215,0.51
6.5547e-02,0.255,0.175
6.5549e-02,0.31,0.51
6.5550e-02,0.33,0.18
6.5552e-02,0.355,0.505
6.5554e-02,0.28,0.16
6.5555e-02,0.255,0.515
6.5557e-02,0.33,0.2
6.5558e-02,0.29,0.48
6.5560e-02,0.365,0.17
6.5562e-02,0.31,0.505
6.5563e-02,0.375,0.19
6.5565e-02,0.3,0.5
6.5566e-02,0.285,0.165
6.5568e-02,0.29,0.52
6.5570e-02,0.27,0.185
6.5571e-02,0.37,0.495
6.5573e-02,0.295,0.195
6.5574e-02,0.38,0.48
6.5576e-02,0.31,0.175
6.5578e-02,0.31,0.51
6.5579e-02,0.325,0.19
6.5581e-02,0.33,0.485
6.5582e-02,0.42,0.15
6.5584e-02,0.38,0.525
6.5586e-02,0.365,0.19
6.5587e-02,0.415,0.495
6.5589e-02,0.43,0.17
6.5590e-02,0.37,0.51
6.5592e-02,0.35,0.175
6.5594e-02,0.245,0.505
6.5595e-02,0.415,0.175
6.5597e-02,0.325,0.51
6.5598e-02,0.45,0.17
6.5600e-02,0.315,0.51
6.5602e-02,0.385,0.175
6.5603e-02,0.395,0.51
6.5605e-02,0.38,0.165
6.5606e-02,0.365,0.515
6.5608e-02,0.265,0.16
6.5610e-02,0.37,0.525
6.5611e-02,0.355,0.18
6.5613e-02,0.415,0.5
6.5614e-02,0.39,0.19
6.5616e-02,0.34,0.48
6.5618e-02,0.295,0.19
6.5619e-02,0.315,0.495
6.5621e-02,0.34,0.18
6.5622e-02,0.415,0.505
6.5624e-02,0.335,0.18
6.5626e-02,0.315,0.505
6.5627e-02,0.25,0.17
6.5629e-02,0.32,0.515
6.5630e-02,0.275,0.195
6.5632e-02,0.285,0.49
6.5634e-02,0.275,0.185
6.5635e-02,0.34,0.495
6.5637e-02,0.36,0.185
6.5638e-02,0.325,0.5
6.5640e-02,0.27,0.18
6.5642e-02,0.295,0.505
6.5643e-02,0.34,0.175
6.5645e-02,0.42,0.505
6.5646e-02,0.31,0.19
6.5648e-02,0.415,0.505
6.5650e-02,0.25,0.185
6.5651e-02,0.42,0.505
6.5653e-02,0.235,0.175
6.5654e-02,0.405,0.505
6.5656e-02,0.255,0.18
6.5658e-02,0.48,0.51
6.5659e-02,0.37,0.185
6.5661e-02,0.435,0.515
6.5662e-02,0.31,0.17
6.5664e-02,0.33,0.51
6.5666e-02,0.305,0.19
6.5667e-02,0.37,0.49
6.5669e-02,0.305,0.18
6.5670e-02,0.4,0.5
6.5672e-02,0.255,0.18
6.5674e-02,0.36,0.5
6.5675e-02,0.31,0.175
6.5677e-02,0.36,0.51
6.5678e-02,0.265,0.19
6.5680e-02,0.225,0.49
6.5682e-02,0.34,0.145
6.5683e-02,0.345,0.535
6.5685e-02,0.455,0.18
6.5686e-02,0.28,0.505
6.5688e-02,0.355,0.165
6.5690e-02,0.38,0.52
6.5691e-02,0.315,0.19
6.5693e-02,0.325,0.49
6.5694e-02,0.235,0.17
6.5696e-02,0.355,0.515
6.5698e-02,0.42,0.18
6.5699e-02,0.39,0.51
6.5701e-02,0.465,0.17
6.5702e-02,0.355,0.51
6.5704e-02,0.4,0.195
6.5706e-02,0.325,0.49
6.5707e-02,0.34,0.16
6.5709e-02,0.315,0.51
6.5710e-02,0.26,0.175
6.5712e-02,0.38,0.505
6.5714e-02,0.34,0.17
6.5715e-02,0.475,0.51
6.5717e-02,0.38,0.175
6.5718e-02,0.365,0.505
6.5720e-02,0.37,0.17
6.5722e-02,0.36,0.51
6.5723e-02,0.375,0.165
6.5725e-02,0.3,0.52
6.5726e-02,0.28,0.175
6.5728e-02,0.395,0.505
6.5730e-02,0.38,0.195
6.5731e-02,0.375,0.49
6.5733e-02,0.33,0.18
6.5734e-02,0.295,0.5
6.5736e-02,0.43,0.145
6.5738e-02,0.35,0.54
6.5739e-02,0.385,0.17
6.5741e-02,0.32,0.505
6.5742e-02,0.37,0.135
6.5744e-02,0.37,0.545
6.5746e-02,0.38,0.175
6.5747e-02,0.345,0.505
6.5749e-02,0.39,0.155
6.5750e-02,0.345,0.515
6.5752e-02,0.395,0.19
6.5754e-02,0.39,0.49
6.5755e-02,0.4,0.165
6.5757e-02,0.36,0.515
6.5758e-02,0.315,0.19
6.5760e-02,0.365,0.495
6.5762e-02,0.38,0.17
6.5763e-02,0.325,0.505
6.5765e-02,0.395,0.175
6.5766e-02,0.3,0.51
6.5768e-02,0.43,0.17
6.5770e-02,0.295,0.51
6.5771e-02,0.29,0.17
6.5773e-02,0.31,0.51
6.5774e-02,0.325,0.19
6.5776e-02,0.465,0.49
6.5778e-02,0.35,0.18
6.5779e-02,0.305,0.5
6.5781e-02,0.335,0.15
6.5782e-02,0.305,0.52
6.5784e-02,0.395,0.165
6.5786e-02,0.31,0.515
6.5787e-02,0.275,0.175
6.5789e-02,0.355,0.5
6.5790e-02,0.29,0.17
6.5792e-02,0.32,0.505
6.5794e-02,0.17,0.185
6.5795e-02,0.31,0.49
6.5797e-02,0.275,0.17
6.5798e-02,0.395,0.52
6.5800e-02,0.345,0.19
6.5802e-02,0.375,0.49
6.5803e-02,0.275,0.185
6.5805e-02,0.37,0.495
6.5806e-02,0.23,0.15
6.5808e-02,0.46,0.535
6.5810e-02,0.255,0.17
6.5811e-02,0.44,0.515
6.5813e-02,0.32,0.18
6.5814e-02,0.445,0.505
6.5816e-02,0.33,0.185
6.5818e-02,0.31,0.49
6.5819e-02,0.33,0.17
6.5821e-02,0.395,0.51
6.5822e-02,0.42,0.155
6.5824e-02,0.37,0.525
6.5826e-02,0.305,0.185
6.5827e-02,0.29,0.5
6.5829e-02,0.31,0.18
6.5830e-02,0.35,0.51
6.5832e-02,0.295,0.135
6.5834e-02,0.28,0.54
6.5835e-02,0.295,0.18
6.5837e-02,0.33,0.5
6.5838e-02,0.31,0.18
6.5840e-02,0.305,0.505
6.5842e-02,0.3,0.18
6.5843e-02,0.4,0.51
6.5845e-02,0.425,0.175
6.5846e-02,0.4,0.51
6.5848e-02,0.395,0.165
6.5850e-02,0.325,0.515
6.5851e-02,0.335,0.18
6.5853e-02,0.315,0.505
6.5854e-02,0.245,0.17
6.5856e-02,0.295,0.51
6.5858e-02,0.29,0.175
6.5859e-02,0.4,0.51
6.5861e-02,0.32,0.205
6.5862e-02,0.35,0.485
6.5864e-02,0.36,0.185
6.5866e-02,0.285,0.495
6.5867e-02,0.43,0.185
6.5869e-02,0.34,0.505
6.5870e-02,0.4,0.175
6.5872e-02,0.32,0.51
6.5874e-02,0.345,0.15
6.5875e-02,0.38,0.535
6.5877e-02,0.325,0.2
6.5878e-02,0.3,0.49
6.5880e-02,0.25,0.2
6.5882e-02,0.3,0.49
6.5883e-02,0.34,0.16
6.5885e-02,0.36,0.52
6.5886e-02,0.36,0.16
6.5888e-02,0.265,0.515
6.5890e-02,0.36,0.185
6.5891e-02,0.29,0.495
6.5893e-02,0.315,0.19
6.5894e-02,0.25,0.5
6.5896e-02,0.285,0.185
6.5898e-02,0.43,0.495
6.5899e-02,0.34,0.175
6.5901e-02,0.445,0.505
6.5902e-02,0.28,0.17
6.5904e-02,0.39,0.505
6.5906e-02,0.4,0.2
6.5907e-02,0.285,0.49
6.5909e-02,0.405,0.16
6.5910e-02,0.305,0.52
6.5912e-02,0.425,0.175
6.5914e-02,0.355,0.515
6.5915e-02,0.35,0.175
6.5917e-02,0.3,0.505
6.5918e-02,0.29,0.185
6.5920e-02,0.305,0.495
6.5922e-02,0.325,0.175
6.5923e-02,0.395,0.51
6.5925e-02,0.39,0.165
6.5926e-02,0.35,0.515
6.5928e-02,0.39,0.19
6.5930e-02,0.335,0.49
6.5931e-02,0.33,0.2
6.5933e-02,0.295,0.48
6.5934e-02,0.32,0.19
6.5936e-02,0.41,0.49
6.5938e-02,0.335,0.175
6.5939e-02,0.295,0.5
6.5941e-02,0.285,0.165
6.5942e-02,0.27,0.515
6.5944e-02,0.42,0.16
6.5946e-02,0.32,0.515
6.5947e-02,0.43,0.17
6.5949e-02,0.285,0.505
6.5950e-02,0.375,0.16
6.5952e-02,0.395,0.52
6.5954e-02,0.345,0.19
6.5955e-02,0.265,0.495
6.5957e-02,0.26,0.19
6.5958e-02,0.36,0.495
6.5960e-02,0.25,0.185
6.5962e-02,0.325,0.49
6.5963e-02,0.21,0.125
6.5965e-02,0.375,0.555
6.5966e-02,0.35,0.185
6.5968e-02,0.4,0.5
6.5970e-02,0.345,0.16
6.5971e-02,0.395,0.53
6.5973e-02,0.35,0.18
6.5974e-02,0.37,0.5
6.5976e-02,0.27,0.155
6.5978e-02,0.33,0.535
6.5979e-02,0.235,0.155
6.5981e-02,0.375,0.525
6.5982e-02,0.34,0.185
6.5984e-02,0.45,0.5
6.5986e-02,0.3,0.175
6.5987e-02,0.4,0.505
6.5989e-02,0.37,0.19
6.5990e-02,0.385,0.495
6.5992e-02,0.36,0.185
6.5994e-02,0.265,0.51
6.5995e-02,0.285,0.17
6.5997e-02,0.4,0.52
6.5998e-02,0.335,0.18
6.6000e-02,0.44,0.5
6.6002e-02,0.305,0.165
6.6003e-02,0.355,0.515
6.6005e-02,0.41,0.175
6.6006e-02,0.355,0.51
6.6008e-02,0.405,0.195
6.6010e-02,0.31,0.485
6.6011e-02,0.485,0.17
6.6013e-02,0.38,0.52
6.6014e-02,0.385,0.185
6.6016e-02,0.325,0.51
6.6018e-02,0.28,0.195
6.6019e-02,0.39,0.495
6.6021e-02,0.265,0.185
6.6022e-02,0.335,0.5
6.6024e-02,0.33,0.2
6.6026e-02,0.32,0.48
6.6027e-02,0.37,0.185
6.6029e-02,0.34,0.5
6.6030e-02,0.325,0.175
6.6032e-02,0.27,0.505
6.6034e-02,0.21,0.19
6.6035e-02,0.38,0.495
6.6037e-02,0.255,0.18
6.6038e-02,0.425,0.51
6.6040e-02,0.21,0.19
6.6042e-02,0.36,0.49
6.6043e-02,0.295,0.18
6.6045e-02,0.325,0.51
6.6046e-02,0.33,0.195
6.6048e-02,0.34,0.49
6.6050e-02,0.4,0.175
6.6051e-02,0.41,0.515
6.6053e-02,0.425,0.16
6.6054e-02,0.395,0.52
6.6056e-02,0.31,0.19
6.6058e-02,0.34,0.505
6.6059e-02,0.345,0.155
6.6061e-02,0.315,0.525
6.6062e-02,0.35,0.2
6.6064e-02,0.265,0.475
6.6066e-02,0.405,0.17
6.6067e-02,0.375,0.51
6.6069e-02,0.4,0.155
6.6070e-02,0.355,0.535
6.6072e-02,0.315,0.175
6.6074e-02,0.345,0.515
6.6075e-02,0.305,0.16
6.6077e-02,0.275,0.515
6.6078e-02,0.22,0.17
6.6080e-02,0.3,0.51
6.6082e-02,0.26,0.19
6.6083e-02,0.395,0.49
6.6085e-02,0.21,0.17
6.6086e-02,0.365,0.51
6.6088e-02,0.31,0.175
6.6090e-02,0.395,0.505
6.6091e-02,0.405,0.18
6.6093e-02,0.205,0.5
6.6094e-02,0.36,0.135
6.6096e-02,0.29,0.555
6.6098e-02,0.395,0.165
6.6099e-02,0.395,0.515
6.6101e-02,0.335,0.16
6.6102e-02,0.405,0.515
6.6104e-02,0.415,0.19
6.6106e-02,0.365,0.495
6.6107e-02,0.42,0.17
6.6109e-02,0.325,0.505
6.6110e-02,0.31,0.185
6.6112e-02,0.355,0.505
6.6114e-02,0.245,0.195
6.6115e-02,0.34,0.49
6.6117e-02,0.225,0.19
6.6118e-02,0.34,0.5
6.6120e-02,0.29,0.175
6.6122e-02,0.345,0.505
6.6123e-02,0.385,0.185
6.6125e-02,0.355,0.495
6.6126e-02,0.36,0.155
6.6128e-02,0.435,0.525
6.6130e-02,0.375,0.195
6.6131e-02,0.365,0.485
6.6133e-02,0.19,0.185
6.6134e-02,0.32,0.495
6.6136e-02,0.2,0.185
6.6138e-02,0.395,0.5
6.6139e-02,0.24,0.19
6.6141e-02,0.335,0.49
6.6142e-02,0.355,0.185
6.6144e-02,0.405,0.5
6.6146e-02,0.38,0.18
6.6147e-02,0.355,0.51
6.6149e-02,0.28,0.185
6.6150e-02,0.285,0.505
6.6152e-02,0.315,0.185
6.6154e-02,0.36,0.495
6.6155e-02,0.245,0.185
6.6157e-02,0.325,0.495
6.6158e-02,0.255,0.18
6.6160e-02,0.32,0.505
6.6162e-02,0.355,0.18
6.6163e-02,0.305,0.505
6.6165e-02,0.335,0.19
6.6166e-02,0.32,0.5
6.6168e-02,0.365,0.185
6.6170e-02,0.41,0.5
6.6171e-02,0.44,0.155
6.6173e-02,0.32,0.525
6.6174e-02,0.415,0.185
6.6176e-02,0.385,0.5
6.6178e-02,0.38,0.195
6.6179e-02,0.315,0.49
6.6181e-02,0.275,0.185
6.6182e-02,0.33,0.495
6.6184e-02,0.28,0.18
6.6186e-02,0.415,0.5
6.6187e-02,0.165,0.17
6.6189e-02,0.32,0.51
6.6190e-02,0.26,0.16
6.6192e-02,0.35,0.53
6.6194e-02,0.245,0.195
6.6195e-02,0.305,0.49
6.6197e-02,0.265,0.18
6.6198e-02,0.315,0.505
6.6200e-02,0.35,0.205
6.6202e-02,0.345,0.48
6.6203e-02,0.345,0.19
6.6205e-02,0.395,0.495
6.6206e-02,0.38,0.145
6.6208e-02,0.375,0.54
6.6210e-02,0.455,0.175
6.6211e-02,0.36,0.51
6.6213e-02,0.305,0.175
6.6214e-02,0.34,0.51
6.6216e-02,0.305,0.195
6.6218e-02,0.31,0.48
6.6219e-02,0.35,0.205
6.6221e-02,0.32,0.48
6.6222e-02,0.285,0.185
6.6224e-02,0.38,0.495
6.6226e-02,0.29,0.185
6.6227e-02,0.285,0.49
6.6229e-02,0.27,0.175
6.6230e-02,0.35,0.51
6.6232e-02,0.355,0.15
6.6234e-02,0.405,0.525
6.6235e-02,0.33,0.175
6.6237e-02,0.335,0.5
6.6238e-02,0.425,0.16
6.6240e-02,0.445,0.515
6.6242e-02,0.355,0.18
6.6243e-02,0.375,0.495
6.6245e-02,0.33,0.18
6.6246e-02,0.35,0.49
6.6248e-02,0.325,0.195
6.6250e-02,0.28,0.48
6.6251e-02,0.28,0.195
6.6253e-02,0.255,0.485
6.6254e-02,0.385,0.19
6.6256e-02,0.265,0.49
6.6258e-02,0.39,0.175
6.6259e-02,0.32,0.5
6.6261e-02,0.32,0.19
6.6262e-02,0.355,0.49
6.6264e-02,0.405,0.195
6.6266e-02,0.35,0.49
6.6267e-02,0.355,0.16
6.6269e-02,0.31,0.515
6.6270e-02,0.34,0.16
6.6272e-02,0.39,0.515
6.6274e-02,0.38,0.16
6.6275e-02,0.285,0.52
6.6277e-02,0.39,0.175
6.6278e-02,0.38,0.505
6.6280e-02,0.345,0.195
6.6282e-02,0.37,0.49
6.6283e-02,0.31,0.18
6.6285e-02,0.32,0.495
6.6286e-02,0.43,0.165
6.6288e-02,0.355,0.515
6.6290e-02,0.275,0.175
6.6291e-02,0.31,0.495
6.6293e-02,0.275,0.19
6.6294e-02,0.32,0.49
6.6296e-02,0.34,0.175
6.6298e-02,0.415,0.5
6.6299e-02,0.275,0.19
6.6301e-02,0.405,0.49
6.6302e-02,0.31,0.185
6.6304e-02,0.38,0.495
6.6306e-02,0.3,0.19
6.6307e-02,0.285,0.495
6.6309e-02,0.27,0.19
6.6310e-02,0.36,0.5
6.6312e-02,0.35,0.175
6.6314e-02,0.335,0.52
6.6315e-02,0.27,0.16
6.6317e-02,0.35,0.515
6.6318e-02,0.335,0.14
6.6320e-02,0.42,0.545
6.6322e-02,0.35,0.17
6.6323e-02,0.345,0.51
6.6325e-02,0.41,0.165
6.6326e-02,0.33,0.525
6.6328e-02,0.37,0.165
6.6330e-02,0.325,0.51
6.6331e-02,0.26,0.17
6.6333e-02,0.31,0.51
6.6334e-02,0.36,0.16
6.6336e-02,0.34,0.515
6.6338e-02,0.38,0.18
6.6339e-02,0.415,0.5
6.6341e-02,0.35,0.195
6.6342e-02,0.43,0.495
6.6344e-02,0.37,0.2
6.6346e-02,0.325,0.485
6.6347e-02,0.28,0.185
6.6349e-02,0.345,0.505
6.6350e-02,0.355,0.175
6.6352e-02,0.325,0.51
6.6354e-02,0.36,0.165
6.6355e-02,0.255,0.52
6.6357e-02,0.46,0.18
6.6358e-02,0.335,0.505
6.6360e-02,0.335,0.19
6.6362e-02,0.22,0.495
6.6363e-02,0.36,0.195
6.6365e-02,0.29,0.49
6.6366e-02,0.335,0.195
6.6368e-02,0.32,0.49
6.6370e-02,0.32,0.165
6.6371e-02,0.285,0.51
6.6373e-02,0.33,0.165
6.6374e-02,0.335,0.515
6.6376e-02,0.295,0.17
6.6378e-02,0.355,0.51
6.6379e-02,0.3,0.165
6.6381e-02,0.365,0.525
6.6382e-02,0.38,0.19
6.6384e-02,0.295,0.495
6.6386e-02,0.345,0.175
6.6387e-02,0.345,0.505
6.6389e-02,0.395,0.19
6.6390e-02,0.435,0.485
6.6392e-02,0.345,0.185
6.6394e-02,0.33,0.5
6.6395e-02,0.27,0.17
6.6397e-02,0.39,0.505
6.6398e-02,0.235,0.165
6.6400e-02,0.28,0.51
6.6402e-02,0.3,0.205
6.6403e-02,0.37,0.475
6.6405e-02,0.405,0.195
6.6406e-02,0.435,0.485
6.6408e-02,0.285,0.175
6.6410e-02,0.335,0.505
6.6411e-02,0.305,0.175
6.6413e-02,0.34,0.505
6.6414e-02,0.28,0.18
6.6416e-02,0.37,0.495
6.6418e-02,0.39,0.19
6.6419e-02,0.325,0.495
6.6421e-02,0.425,0.16
6.6422e-02,0.29,0.52
6.6424e-02,0.325,0.17
6.6426e-02,0.27,0.505
6.6427e-02,0.285,0.195
6.6429e-02,0.29,0.475
6.6430e-02,0.39,0.185
6.6432e-02,0.29,0.495
6.6434e-02,0.37,0.18
6.6435e-02,0.365,0.5
6.6437e-02,0.385,0.18
6.6438e-02,0.26,0.5
6.6440e-02,0.29,0.205
6.6442e-02,0.365,0.47
6.6443e-02,0.365,0.185
6.6445e-02,0.425,0.495
6.6446e-02,0.305,0.19
6.6448e-02,0.33,0.485
6.6450e-02,0.305,0.195
6.6451e-02,0.345,0.485
6.6453e-02,0.23,0.2
6.6454e-02,0.32,0.48
6.6456e-02,0.31,0.19
6.6458e-02,0.34,0.49
6.6459e-02,0.425,0.205
6.6461e-02,0.355,0.475
6.6462e-02,0.355,0.18
6.6464e-02,0.33,0.5
6.6466e-02,0.35,0.165
6.6467e-02,0.35,0.51
6.6469e-02,0.4,0.19
6.6470e-02,0.33,0.49
6.6472e-02,0.3,0.21
6.6474e-02,0.375,0.47
6.6475e-02,0.4,0.18
6.6477e-02,0.32,0.505
6.6478e-02,0.39,0.18
6.6480e-02,0.29,0.5
6.6482e-02,0.405,0.19
6.6483e-02,0.39,0.485
6.6485e-02,0.35,0.205
6.6486e-02,0.315,0.47
6.6488e-02,0.355,0.165
6.6490e-02,0.39,0.51
6.6491e-02,0.385,0.19
6.6493e-02,0.27,0.49
6.6494e-02,0.305,0.19
6.6496e-02,0.365,0.495
6.6498e-02,0.35,0.18
6.6499e-02,0.35,0.505
6.6501e-02,0.375,0.195
6.6502e-02,0.345,0.49
6.6504e-02,0.42,0.195
6.6506e-02,0.365,0.49
6.6507e-02,0.325,0.2
6.6509e-02,0.345,0.48
6.6510e-02,0.295,0.165
6.6512e-02,0.345,0.52
6.6514e-02,0.315,0.175
6.6515e-02,0.345,0.505
6.6517e-02,0.36,0.18
6.6518e-02,0.335,0.5
6.6520e-02,0.285,0.21
6.6522e-02,0.395,0.475
6.6523e-02,0.37,0.17
6.6525e-02,0.345,0.525
6.6526e-02,0.35,0.175
6.6528e-02,0.39,0.5
6.6530e-02,0.4,0.185
6.6531e-02,0.395,0.495
6.6533e-02,0.335,0.195
6.6534e-02,0.28,0.49
6.6536e-02,0.335,0.195
6.6538e-02,0.29,0.49
6.6539e-02,0.36,0.19
6.6541e-02,0.24,0.5
6.6542e-02,0.43,0.17
6.6544e-02,0.375,0.51
6.6546e-02,0.395,0.205
6.6547e-02,0.35,0.475
6.6549e-02,0.23,0.19
6.6550e-02,0.3,0.495
6.6552e-02,0.275,0.195
6.6554e-02,0.325,0.48
6.6555e-02,0.35,0.21
6.6557e-02,0.375,0.475
6.6558e-02,0.38,0.185
6.6560e-02,0.445,0.495
6.6562e-02,0.38,0.18
6.6563e-02,0.42,0.5
6.6565e-02,0.215,0.16
6.6566e-02,0.355,0.52
6.6568e-02,0.27,0.175
6.6570e-02,0.395,0.505
6.6571e-02,0.325,0.18
6.6573e-02,0.335,0.5
6.6574e-02,0.305,0.19
6.6576e-02,0.435,0.495
6.6578e-02,0.34,0.19
6.6579e-02,0.39,0.495
6.6581e-02,0.25,0.18
6.6582e-02,0.37,0.505
6.6584e-02,0.31,0.195
6.6586e-02,0.35,0.485
6.6587e-02,0.255,0.2
6.6589e-02,0.34,0.485
6.6590e-02,0.33,0.18
6.6592e-02,0.45,0.5
6.6594e-02,0.355,0.19
6.6595e-02,0.45,0.49
6.6597e-02,0.37,0.195
6.6598e-02,0.405,0.485
6.6600e-02,0.315,0.185
6.6602e-02,0.32,0.49
6.6603e-02,0.22,0.16
6.6605e-02,0.27,0.515
6.6606e-02,0.345,0.14
6.6608e-02,0.365,0.535
6.6610e-02,0.445,0.19
6.6611e-02,0.385,0.495
6.6613e-02,0.42,0.18
6.6614e-02,0.385,0.49
6.6616e-02,0.39,0.185
6.6618e-02,0.305,0.495
6.6619e-02,0.245,0.175
6.6621e-02,0.26,0.505
6.6622e-02,0.355,0.185
6.6624e-02,0.34,0.5
6.6626e-02,0.395,0.195
6.6627e-02,0.3,0.48
6.6629e-02,0.385,0.18
6.6630e-02,0.335,0.5
6.6632e-02,0.385,0.165
6.6634e-02,0.335,0.505
6.6635e-02,0.255,0.165
6.6637e-02,0.37,0.51
6.6638e-02,0.26,0.19
6.6640e-02,0.32,0.49
6.6642e-02,0.27,0.2
6.6643e-02,0.335,0.48
6.6645e-02,0.325,0.185
6.6646e-02,0.42,0.495
6.6648e-02,0.4,0.185
6.6650e-02,0.405,0.5
6.6651e-02,0.345,0.165
6.6653e-02,0.33,0.515
6.6654e-02,0.25,0.18
6.6656e-02,0.38,0.5
6.6658e-02,0.22,0.2
6.6659e-02,0.345,0.475
6.6661e-02,0.31,0.205
6.6662e-02,0.395,0.475
6.6664e-02,0.425,0.17
6.6666e-02,0.295,0.51
6.6667e-02,0.4,0.185
6.6669e-02,0.28,0.495
6.6670e-02,0.365,0.185
6.6672e-02,0.31,0.49
6.6674e-02,0.3,0.185
6.6675e-02,0.3,0.49
6.6677e-02,0.38,0.19
6.6678e-02,0.385,0.495
6.6680e-02,0.415,0.19
6.6682e-02,0.3,0.49
6.6683e-02,0.39,0.195
6.6685e-02,0.29,0.485
6.6686e-02,0.34,0.205
6.6688e-02,0.315,0.475
6.6690e-02,0.36,0.195
6.6691e-02,0.355,0.485
6.6693e-02,0.35,0.175
6.6694e-02,0.375,0.51
6.6696e-02,0.385,0.155
6.6698e-02,0.3,0.52
6.6699e-02,0.315,0.2
6.6701e-02,0.305,0.48
6.6702e-02,0.405,0.18
6.6704e-02,0.36,0.5
6.6706e-02,0.365,0.19
6.6707e-02,0.315,0.495
6.6709e-02,0.37,0.165
6.6710e-02,0.43,0.515
6.6712e-02,0.35,0.175
6.6714e-02,0.34,0.505
6.6715e-02,0.355,0.19
6.6717e-02,0.375,0.495
6.6718e-02,0.415,0.195
6.6720e-02,0.385,0.49
6.6722e-02,0.305,0.205
6.6723e-02,0.27,0.475
6.6725e-02,0.365,0.2
6.6726e-02,0.305,0.485
6.6728e-02,0.345,0.165
6.6730e-02,0.205,0.51
6.6731e-02,0.295,0.19
6.6733e-02,0.295,0.49
6.6734e-02,0.32,0.175
6.6736e-02,0.34,0.5
6.6738e-02,0.29,0.175
6.6739e-02,0.35,0.505
6.6741e-02,0.35,0.18
6.6742e-02,0.315,0.5
6.6744e-02,0.37,0.16
6.6746e-02,0.305,0.515
6.6747e-02,0.27,0.19
6.6749e-02,0.345,0.485
6.6750e-02,0.32,0.165
6.6752e-02,0.365,0.51
6.6754e-02,0.325,0.165
6.6755e-02,0.285,0.505
6.6757e-02,0.41,0.185
6.6758e-02,0.345,0.5
6.6760e-02,0.345,0.175
6.6762e-02,0.265,0.505
6.6763e-02,0.37,0.185
6.6765e-02,0.385,0.485
6.6766e-02,0.425,0.195
6.6768e-02,0.305,0.485
6.6770e-02,0.405,0.195
6.6771e-02,0.29,0.48
6.6773e-02,0.38,0.185
6.6774e-02,0.365,0.495
6.6776e-02,0.29,0.19
6.6778e-02,0.355,0.49
6.6779e-02,0.36,0.19
6.6781e-02,0.34,0.485
6.6782e-02,0.395,0.16
6.6784e-02,0.31,0.52
6.6786e-02,0.355,0.195
6.6787e-02,0.325,0.48
6.6789e-02,0.46,0.17
6.6790e-02,0.42,0.5
6.6792e-02,0.405,0.18
6.6794e-02,0.32,0.495
6.6795e-02,0.33,0.185
6.6797e-02,0.34,0.485
6.6798e-02,0.4,0.19
6.6800e-02,0.375,0.485
6.6802e-02,0.38,0.19
6.6803e-02,0.35,0.48
6.6805e-02,0.38,0.19
6.6806e-02,0.305,0.48
6.6808e-02,0.32,0.19
6.6810e-02,0.265,0.48
6.6811e-02,0.36,0.15
6.6813e-02,0.32,0.525
6.6814e-02,0.31,0.185
6.6816e-02,0.29,0.485
6.6818e-02,0.325,0.145
6.6819e-02,0.285,0.53
6.6821e-02,0.41,0.185
6.6822e-02,0.385,0.49
6.6824e-02,0.435,0.205
6.6826e-02,0.305,0.47
6.6827e-02,0.36,0.165
6.6829e-02,0.285,0.505
6.6830e-02,0.37,0.175
6.6832e-02,0.225,0.5
6.6834e-02,0.285,0.19
6.6835e-02,0.31,0.48
6.6837e-02,0.415,0.195
6.6838e-02,0.45,0.48
6.6840e-02,0.365,0.195
6.6842e-02,0.34,0.47
6.6843e-02,0.31,0.19
6.6845e-02,0.305,0.485
6.6846e-02,0.4,0.185
6.6848e-02,0.305,0.49
6.6850e-02,0.41,0.175
6.6851e-02,0.34,0.495
6.6853e-02,0.38,0.185
6.6854e-02,0.295,0.5
6.6856e-02,0.34,0.165
6.6858e-02,0.34,0.51
6.6859e-02,0.385,0.185
6.6861e-02,0.4,0.495
6.6862e-02,0.395,0.185
6.6864e-02,0.29,0.49
6.6866e-02,0.31,0.165
6.6867e-02,0.315,0.51
6.6869e-02,0.385,0.205
6.6870e-02,0.325,0.47
6.6872e-02,0.36,0.2
6.6874e-02,0.32,0.48
6.6875e-02,0.385,0.165
6.6877e-02,0.46,0.505
6.6878e-02,0.265,0.165
6.6880e-02,0.34,0.51
6.6882e-02,0.26,0.17
6.6883e-02,0.355,0.505
6.6885e-02,0.41,0.165
6.6886e-02,0.32,0.515
6.6888e-02,0.285,0.17
6.6890e-02,0.27,0.5
6.6891e-02,0.385,0.2
6.6893e-02,0.44,0.48
6.6894e-02,0.37,0.185
6.6896e-02,0.36,0.5
6.6898e-02,0.27,0.2
6.6899e-02,0.25,0.48
6.6901e-02,0.36,0.18
6.6902e-02,0.295,0.495
6.6904e-02,0.44,0.195
6.6906e-02,0.325,0.495
6.6907e-02,0.375,0.2
6.6909e-02,0.345,0.48
6.6910e-02,0.35,0.18
6.6912e-02,0.365,0.49
6.6914e-02,0.345,0.19
6.6915e-02,0.335,0.49
6.6917e-02,0.365,0.175
6.6918e-02,0.28,0.505
6.6920e-02,0.275,0.165
6.6922e-02,0.29,0.505
6.6923e-02,0.365,0.205
6.6925e-02,0.405,0.47
6.6926e-02,0.35,0.195
6.6928e-02,0.285,0.475
6.6930e-02,0.33,0.2
6.6931e-02,0.365,0.48
6.6933e-02,0.34,0.195
6.6934e-02,0.38,0.485
6.6936e-02,0.275,0.205
6.6938e-02,0.38,0.465
6.6939e-02,0.285,0.18
6.6941e-02,0.315,0.49
6.6942e-02,0.395,0.185
6.6944e-02,0.275,0.49
6.6946e-02,0.425,0.205
6.6947e-02,0.325,0.47
6.6949e-02,0.38,0.195
6.6950e-02,0.36,0.47
6.6952e-02,0.345,0.175
6.6954e-02,0.365,0.495
6.6955e-02,0.37,0.17
6.6957e-02,0.415,0.505
6.6958e-02,0.405,0.195
6.6960e-02,0.35,0.48
6.6962e-02,0.305,0.19
6.6963e-02,0.385,0.49
6.6965e-02,0.335,0.185
6.6966e-02,0.315,0.485
6.6968e-02,0.34,0.185
6.6970e-02,0.295,0.495
6.6971e-02,0.41,0.195
6.6973e-02,0.37,0.48
6.6974e-02,0.315,0.2
6.6976e-02,0.365,0.47
6.6978e-02,0.345,0.2
6.6979e-02,0.365,0.475
6.6981e-02,0.355,0.19
6.6982e-02,0.28,0.48
6.6984e-02,0.345,0.2
6.6986e-02,0.295,0.475
6.6987e-02,0.35,0.18
6.6989e-02,0.365,0.49
6.6990e-02,0.325,0.18
6.6992e-02,0.345,0.49
6.6994e-02,0.305,0.17
6.6995e-02,0.35,0.5
6.6997e-02,0.355,0.19
6.6998e-02,0.315,0.48
6.7000e-02,0.27,0.185
6.7002e-02,0.25,0.485
6.7003e-02,0.3,0.175
6.7005e-02,0.29,0.495
6.7006e-02,0.315,0.165
6.7008e-02,0.25,0.505
6.7010e-02,0.285,0.18
6.7011e-02,0.335,0.495
6.7013e-02,0.315,0.16
6.7014e-02,0.315,0.515
6.7016e-02,0.25,0.165
6.7018e-02,0.34,0.505
6.7019e-02,0.4,0.19
6.7021e-02,0.285,0.49
6.7022e-02,0.395,0.195
6.7024e-02,0.245,0.475
6.7026e-02,0.39,0.185
6.7027e-02,0.31,0.495
6.7029e-02,0.27,0.195
6.7030e-02,0.265,0.48
6.7032e-02,0.3,0.195
6.7034e-02,0.28,0.475
6.7035e-02,0.35,0.2
6.7037e-02,0.38,0.47
6.7038e-02,0.39,0.19
6.7040e-02,0.33,0.485
6.7042e-02,0.415,0.18
6.7043e-02,0.285,0.495
6.7045e-02,0.425,0.175
6.7046e-02,0.29,0.49
6.7048e-02,0.28,0.195
6.7050e-02,0.325,0.475
6.7051e-02,0.315,0.205
6.7053e-02,0.435,0.465
6.7054e-02,0.3,0.165
6.7056e-02,0.355,0.505
6.7058e-02,0.37,0.175
6.7059e-02,0.405,0.49
6.7061e-02,0.35,0.19
6.7062e-02,0.285,0.485
6.7064e-02,0.3,0.2
6.7066e-02,0.3,0.48
6.7067e-02,0.25,0.175
6.7069e-02,0.29,0.49
6.7070e-02,0.25,0.165
6.7072e-02,0.365,0.51
6.7074e-02,0.33,0.21
6.7075e-02,0.39,0.465
6.7077e-02,0.345,0.18
6.7078e-02,0.315,0.495
6.7080e-02,0.345,0.175
6.7082e-02,0.355,0.505
6.7083e-02,0.425,0.17
6.7085e-02,0.365,0.5
6.7086e-02,0.405,0.17
6.7088e-02,0.345,0.5
6.7090e-02,0.435,0.195
6.7091e-02,0.39,0.485
6.7093e-02,0.33,0.155
6.7094e-02,0.285,0.515
6.7096e-02,0.35,0.155
6.7098e-02,0.34,0.51
6.7099e-02,0.275,0.165
6.7101e-02,0.365,0.505
6.7102e-02,0.205,0.165
6.7104e-02,0.38,0.505
6.7106e-02,0.34,0.175
6.7107e-02,0.325,0.505
6.7109e-02,0.32,0.175
6.7110e-02,0.29,0.495
6.7112e-02,0.36,0.175
6.7114e-02,0.305,0.5
6.7115e-02,0.315,0.19
6.7117e-02,0.3,0.485
6.7118e-02,0.3,0.185
6.7120e-02,0.35,0.49
6.7122e-02,0.28,0.19
6.7123e-02,0.32,0.48
6.7125e-02,0.265,0.17
6.7126e-02,0.235,0.505
6.7128e-02,0.28,0.16
6.7130e-02,0.26,0.51
6.7131e-02,0.31,0.175
6.7133e-02,0.24,0.5
6.7134e-02,0.325,0.18
6.7136e-02,0.315,0.495
6.7138e-02,0.37,0.19
6.7139e-02,0.355,0.48
6.7141e-02,0.3,0.19
6.7142e-02,0.325,0.475
6.7144e-02,0.345,0.185
6.7146e-02,0.37,0.485
6.7147e-02,0.235,0.2
6.7149e-02,0.275,0.47
6.7150e-02,0.27,0.18
6.7152e-02,0.31,0.485
6.7154e-02,0.33,0.19
6.7155e-02,0.31,0.475
6.7157e-02,0.3,0.18
6.7158e-02,0.24,0.485
6.7160e-02,0.39,0.18
6.7162e-02,0.3,0.48
6.7163e-02,0.315,0.185
6.7165e-02,0.29,0.48
6.7166e-02,0.375,0.19
6.7168e-02,0.27,0.475
6.7170e-02,0.435,0.2
6.7171e-02,0.34,0.47
6.7173e-02,0.295,0.18
6.7174e-02,0.345,0.485
6.7176e-02,0.3,0.165
6.7178e-02,0.36,0.495
6.7179e-02,0.255,0.185
6.7181e-02,0.375,0.48
6.7182e-02,0.305,0.195
6.7184e-02,0.36,0.475
6.7186e-02,0.38,0.16
6.7187e-02,0.27,0.51
6.7189e-02,0.295,0.175
6.7190e-02,0.36,0.49
6.7192e-02,0.395,0.205
6.7194e-02,0.345,0.465
6.7195e-02,0.305,0.16
6.7197e-02,0.345,0.505
6.7198e-02,0.325,0.185
6.7200e-02,0.27,0.49
6.7202e-02,0.375,0.18
6.7203e-02,0.31,0.49
6.7205e-02,0.345,0.205
6.7206e-02,0.345,0.465
6.7208e-02,0.265,0.17
6.7210e-02,0.285,0.495
6.7211e-02,0.25,0.175
6.7213e-02,0.3,0.49
6.7214e-02,0.325,0.195
6.7216e-02,0.345,0.47
6.7218e-02,0.43,0.19
6.7219e-02,0.335,0.475
6.7221e-02,0.355,0.2
6.7222e-02,0.345,0.47
6.7224e-02,0.355,0.17
6.7226e-02,0.405,0.495
6.7227e-02,0.3,0.205
6.7229e-02,0.345,0.465
6.7230e-02,0.365,0.19
6.7232e-02,0.39,0.48
6.7234e-02,0.33,0.185
6.7235e-02,0.3,0.49
6.7237e-02,0.375,0.19
6.7238e-02,0.37,0.475
6.7240e-02,0.435,0.205
6.7242e-02,0.355,0.46
6.7243e-02,0.31,0.195
6.7245e-02,0.42,0.48
6.7246e-02,0.4,0.18
6.7248e-02,0.315,0.485
6.7250e-02,0.375,0.155
6.7251e-02,0.29,0.505
6.7253e-02,0.3,0.18
6.7254e-02,0.29,0.49
6.7256e-02,0.35,0.185
6.7258e-02,0.325,0.485
6.7259e-02,0.325,0.195
6.7261e-02,0.275,0.475
6.7262e-02,0.355,0.19
6.7264e-02,0.36,0.48
6.7266e-02,0.405,0.17
6.7267e-02,0.37,0.5
6.7269e-02,0.305,0.185
6.7270e-02,0.395,0.485
6.7272e-02,0.355,0.2
6.7274e-02,0.295,0.465
6.7275e-02,0.27,0.19
6.7277e-02,0.265,0.475
6.7278e-02,0.325,0.195
6.7280e-02,0.41,0.465
6.7282e-02,0.37,0.2
6.7283e-02,0.29,0.465
6.7285e-02,0.285,0.17
6.7286e-02,0.355,0.49
6.7288e-02,0.255,0.205
6.7290e-02,0.265,0.46
6.7291e-02,0.365,0.195
6.7293e-02,0.295,0.465
6.7294e-02,0.375,0.15
6.7296e-02,0.225,0.51
6.7298e-02,0.28,0.185
6.7299e-02,0.205,0.475
6.7301e-02,0.33,0.185
6.7302e-02,0.34,0.48
6.7304e-02,0.29,0.2
6.7306e-02,0.35,0.465
6.7307e-02,0.255,0.19
6.7309e-02,0.315,0.48
6.7310e-02,0.34,0.175
6.7312e-02,0.395,0.48
6.7314e-02,0.365,0.185
6.7315e-02,0.37,0.48
6.7317e-02,0.38,0.19
6.7318e-02,0.31,0.475
6.7320e-02,0.425,0.175
6.7322e-02,0.35,0.495
6.7323e-02,0.325,0.175
6.7325e-02,0.31,0.485
6.7326e-02,0.38,0.18
6.7328e-02,0.375,0.49
6.7330e-02,0.31,0.185
6.7331e-02,0.38,0.48
6.7333e-02,0.345,0.17
6.7334e-02,0.39,0.49
6.7336e-02,0.415,0.19
6.7338e-02,0.34,0.47
6.7339e-02,0.305,0.205
6.7341e-02,0.37,0.46
6.7342e-02,0.305,0.15
6.7344e-02,0.245,0.51
6.7346e-02,0.245,0.18
6.7347e-02,0.27,0.48
6.7349e-02,0.245,0.195
6.7350e-02,0.365,0.47
6.7352e-02,0.32,0.175
6.7354e-02,0.365,0.49
6.7355e-02,0.325,0.17
6.7357e-02,0.32,0.495
6.7358e-02,0.29,0.17
6.7360e-02,0.275,0.495
6.7362e-02,0.33,0.175
6.7363e-02,0.18,0.49
6.7365e-02,0.31,0.165
6.7366e-02,0.315,0.495
6.7368e-02,0.42,0.175
6.7370e-02,0.335,0.5
6.7371e-02,0.335,0.18
6.7373e-02,0.3,0.48
6.7374e-02,0.29,0.18
6.7376e-02,0.4,0.485
6.7378e-02,0.335,0.195
6.7379e-02,0.345,0.47
6.7381e-02,0.395,0.18
6.7382e-02,0.405,0.485
6.7384e-02,0.37,0.155
6.7386e-02,0.31,0.505
6.7387e-02,0.23,0.165
6.7389e-02,0.335,0.495
6.7390e-02,0.35,0.175
6.7392e-02,0.32,0.485
6.7394e-02,0.285,0.155
6.7395e-02,0.32,0.5
6.7397e-02,0.25,0.17
6.7398e-02,0.3,0.495
6.7400e-02,0.345,0.165
6.7402e-02,0.295,0.495
6.7403e-02,0.355,0.195
6.7405e-02,0.28,0.47
6.7406e-02,0.285,0.17
6.7408e-02,0.275,0.495
6.7410e-02,0.295,0.16
6.7411e-02,0.315,0.505
6.7413e-02,0.29,0.18
6.7414e-02,0.385,0.485
6.7416e-02,0.34,0.2
6.7418e-02,0.305,0.46
6.7419e-02,0.355,0.175
6.7421e-02,0.255,0.485
6.7422e-02,0.385,0.18
6.7424e-02,0.355,0.485
6.7426e-02,0.37,0.16
6.7427e-02,0.245,0.51
6.7429e-02,0.325,0.185
6.7430e-02,0.335,0.475
6.7432e-02,0.4,0.155
6.7434e-02,0.355,0.505
6.7435e-02,0.355,0.195
6.7437e-02,0.345,0.465
6.7438e-02,0.43,0.19
6.7440e-02,0.295,0.475
6.7442e-02,0.315,0.185
6.7443e-02,0.355,0.475
6.7445e-02,0.37,0.195
6.7446e-02,0.375,0.46
6.7448e-02,0.355,0.11
6.7450e-02,0.3,0.55
6.7451e-02,0.265,0.185
6.7453e-02,0.265,0.48
6.7454e-02,0.375,0.165
6.7456e-02,0.33,0.495
6.7458e-02,0.405,0.165
6.7459e-02,0.315,0.495
6.7461e-02,0.255,0.2
6.7462e-02,0.325,0.465
6.7464e-02,0.39,0.175
6.7466e-02,0.345,0.495
6.7467e-02,0.29,0.17
6.7469e-02,0.285,0.49
6.7470e-02,0.345,0.185
6.7472e-02,0.275,0.47
6.7474e-02,0.31,0.18
6.7475e-02,0.33,0.48
6.7477e-02,0.275,0.195
6.7478e-02,0.42,0.465
6.7480e-02,0.275,0.18
6.7482e-02,0.3,0.49
6.7483e-02,0.21,0.18
6.7485e-02,0.29,0.475
6.7486e-02,0.285,0.185
6.7488e-02,0.345,0.475
6.7490e-02,0.375,0.18
6.7491e-02,0.32,0.48
6.7493e-02,0.26,0.185
6.7494e-02,0.35,0.47
6.7496e-02,0.295,0.155
6.7498e-02,0.36,0.505
6.7499e-02,0.325,0.175
6.7501e-02,0.325,0.485
6.7502e-02,0.375,0.16
6.7504e-02,0.36,0.5
6.7506e-02,0.345,0.15
6.7507e-02,0.31,0.505
6.7509e-02,0.385,0.185
6.7510e-02,0.395,0.475
6.7512e-02,0.41,0.18
6.7514e-02,0.37,0.475
6.7515e-02,0.265,0.16
6.7517e-02,0.305,0.495
6.7518e-02,0.34,0.17
6.7520e-02,0.27,0.485
6.7522e-02,0.325,0.2
6.7523e-02,0.285,0.465
6.7525e-02,0.35,0.195
6.7526e-02,0.35,0.46
6.7528e-02,0.385,0.165
6.7530e-02,0.255,0.485
6.7531e-02,0.315,0.175
6.7533e-02,0.235,0.485
6.7534e-02,0.31,0.18
6.7536e-02,0.34,0.475
6.7538e-02,0.39,0.195
6.7539e-02,0.325,0.46
6.7541e-02,0.38,0.19
6.7542e-02,0.36,0.465
6.7544e-02,0.355,0.18
6.7546e-02,0.335,0.47
6.7547e-02,0.285,0.185
6.7549e-02,0.25,0.475
6.7550e-02,0.38,0.195
6.7552e-02,0.33,0.465
6.7554e-02,0.395,0.195
6.7555e-02,0.265,0.465
6.7557e-02,0.325,0.195
6.7558e-02,0.22,0.465
6.7560e-02,0.38,0.15
6.7562e-02,0.215,0.5
6.7563e-02,0.31,0.185
6.7565e-02,0.315,0.47
6.7566e-02,0.375,0.18
6.7568e-02,0.29,0.47
6.7570e-02,0.33,0.175
6.7571e-02,0.27,0.475
6.7573e-02,0.255,0.17
6.7574e-02,0.255,0.49
6.7576e-02,0.285,0.17
6.7578e-02,0.31,0.495
6.7579e-02,0.335,0.155
6.7581e-02,0.27,0.505
6.7582e-02,0.31,0.18
6.7584e-02,0.41,0.48
6.7586e-02,0.39,0.15
6.7587e-02,0.29,0.5
6.7589e-02,0.345,0.16
6.7590e-02,0.34,0.49
6.7592e-02,0.375,0.17
6.7594e-02,0.325,0.485
6.7595e-02,0.31,0.17
6.7597e-02,0.345,0.485
6.7598e-02,0.43,0.185
6.7600e-02,0.345,0.475
6.7602e-02,0.415,0.2
6.7603e-02,0.295,0.465
6.7605e-02,0.4,0.185
6.7606e-02,0.36,0.475
6.7608e-02,0.42,0.175
6.7610e-02,0.355,0.48
6.7611e-02,0.425,0.185
6.7613e-02,0.41,0.47
6.7614e-02,0.38,0.175
6.7616e-02,0.455,0.48
6.7618e-02,0.38,0.14
6.7619e-02,0.33,0.515
6.7621e-02,0.3,0.14
6.7622e-02,0.335,0.51
6.7624e-02,0.335,0.165
6.7626e-02,0.385,0.48
6.7627e-02,0.26,0.145
6.7629e-02,0.325,0.505
6.7630e-02,0.39,0.165
6.7632e-02,0.395,0.49
6.7634e-02,0.38,0.14
6.7635e-02,0.325,0.51
6.7637e-02,0.315,0.175
6.7638e-02,0.33,0.47
6.7640e-02,0.345,0.195
6.7642e-02,0.245,0.46
6.7643e-02,0.285,0.18
6.7645e-02,0.335,0.47
6.7646e-02,0.355,0.185
6.7648e-02,0.4,0.46
6.7650e-02,0.355,0.155
6.7651e-02,0.225,0.5
6.7653e-02,0.325,0.135
6.7654e-02,0.26,0.525
6.7656e-02,0.35,0.175
6.7658e-02,0.35,0.47
6.7659e-02,0.315,0.16
6.7661e-02,0.375,0.495
6.7662e-02,0.375,0.185
6.7664e-02,0.395,0.465
6.7666e-02,0.305,0.17
6.7667e-02,0.285,0.475
6.7669e-02,0.235,0.16
6.7670e-02,0.28,0.49
6.7672e-02,0.33,0.19
6.7674e-02,0.34,0.465
6.7675e-02,0.265,0.16
6.7677e-02,0.39,0.49
6.7678e-02,0.405,0.175
6.7680e-02,0.39,0.48
6.7682e-02,0.36,0.19
6.7683e-02,0.345,0.465
6.7685e-02,0.305,0.17
6.7686e-02,0.34,0.475
6.7688e-02,0.315,0.18
6.7690e-02,0.3,0.465
6.7691e-02,0.335,0.2
6.7693e-02,0.345,0.455
6.7694e-02,0.265,0.165
6.7696e-02,0.43,0.485
6.7698e-02,0.355,0.16
6.7699e-02,0.365,0.485
6.7701e-02,0.335,0.135
6.7702e-02,0.41,0.51
6.7704e-02,0.28,0.175
6.7706e-02,0.365,0.48
6.7707e-02,0.26,0.18
6.7709e-02,0.385,0.465
6.7710e-02,0.32,0.16
6.7712e-02,0.365,0.495
6.7714e-02,0.35,0.175
6.7715e-02,0.345,0.475
6.7717e-02,0.345,0.145
6.7718e-02,0.36,0.5
6.7720e-02,0.35,0.165
6.7722e-02,0.3,0.49
6.7723e-02,0.27,0.17
6.7725e-02,0.415,0.475
6.7726e-02,0.35,0.145
6.7728e-02,0.29,0.51
6.7730e-02,0.29,0.145
6.7731e-02,0.3,0.495
6.7733e-02,0.31,0.17
6.7734e-02,0.37,0.48
6.7736e-02,0.285,0.175
6.7738e-02,0.335,0.485
6.7739e-02,0.31,0.17
6.7741e-02,0.3,0.48
6.7742e-02,0.295,0.145
6.7744e-02,0.325,0.495
6.7746e-02,0.29,0.16
6.7747e-02,0.29,0.485
6.7749e-02,0.36,0.145
6.7750e-02,0.37,0.505
6.7752e-02,0.325,0.18
6.7754e-02,0.25,0.465
6.7755e-02,0.33,0.185
6.7757e-02,0.27,0.47
6.7758e-02,0.35,0.18
6.7760e-02,0.29,0.465
6.7762e-02,0.26,0.155
6.7763e-02,0.275,0.485
6.7765e-02,0.39,0.185
6.7766e-02,0.245,0.465
6.7768e-02,0.325,0.195
6.7770e-02,0.245,0.46
6.7771e-02,0.33,0.19
6.7773e-02,0.335,0.46
6.7774e-02,0.305,0.185
6.7776e-02,0.38,0.47
6.7778e-02,0.28,0.19
6.7779e-02,0.43,0.455
6.7781e-02,0.325,0.195
6.7782e-02,0.34,0.46
6.7784e-02,0.29,0.195
6.7786e-02,0.275,0.455
6.7787e-02,0.265,0.175
6.7789e-02,0.29,0.475
6.7790e-02,0.37,0.18
6.7792e-02,0.245,0.46
6.7794e-02,0.345,0.19
6.7795e-02,0.325,0.455
6.7797e-02,0.355,0.195
6.7798e-02,0.42,0.455
6.7800e-02,0.34,0.19
6.7802e-02,0.35,0.46
6.7803e-02,0.345,0.18
6.7805e-02,0.34,0.465
6.7806e-02,0.31,0.175
6.7808e-02,0.35,0.475
6.7810e-02,0.3,0.175
6.7811e-02,0.35,0.475
6.7813e-02,0.36,0.185
6.7814e-02,0.335,0.46
6.7816e-02,0.26,0.16
6.7818e-02,0.345,0.48
6.7819e-02,0.355,0.175
6.7821e-02,0.34,0.475
6.7822e-02,0.32,0.145
6.7824e-02,0.195,0.49
6.7826e-02,0.28,0.17
6.7827e-02,0.31,0.475
6.7829e-02,0.295,0.15
6.7830e-02,0.3,0.495
6.7832e-02,0.34,0.18
6.7834e-02,0.3,0.465
6.7835e-02,0.28,0.185
6.7837e-02,0.295,0.46
6.7838e-02,0.29,0.19
6.7840e-02,0.315,0.455
6.7842e-02,0.295,0.185
6.7843e-02,0.36,0.455
6.7845e-02,0.3,0.16
6.7846e-02,0.36,0.48
6.7848e-02,0.225,0.16
6.7850e-02,0.345,0.48
6.7851e-02,0.37,0.17
6.7853e-02,0.32,0.48
6.7854e-02,0.265,0.19
6.7856e-02,0.32,0.46
6.7858e-02,0.325,0.175
6.7859e-02,0.415,0.465
6.7861e-02,0.365,0.175
6.7862e-02,0.28,0.465
6.7864e-02,0.335,0.17
6.7866e-02,0.365,0.475
6.7867e-02,0.39,0.155
6.7869e-02,0.37,0.495
6.7870e-02,0.285,0.18
6.7872e-02,0.255,0.46
6.7874e-02,0.365,0.175
6.7875e-02,0.325,0.475
6.7877e-02,0.305,0.19
6.7878e-02,0.36,0.455
6.7880e-02,0.255,0.165
6.7882e-02,0.355,0.475
6.7883e-02,0.24,0.2
6.7885e-02,0.275,0.44
6.7886e-02,0.25,0.19
6.7888e-02,0.305,0.46
6.7890e-02,0.23,0.18
6.7891e-02,0.465,0.46
6.7893e-02,0.31,0.14
6.7894e-02,0.385,0.5
6.7896e-02,0.25,0.16
6.7898e-02,0.33,0.47
6.7899e-02,0.39,0.16
6.7901e-02,0.34,0.49
6.7902e-02,0.315,0.155
6.7904e-02,0.3,0.49
6.7906e-02,0.325,0.165
6.7907e-02,0.315,0.485
6.7909e-02,0.28,0.185
6.7910e-02,0.265,0.455
6.7912e-02,0.33,0.175
6.7914e-02,0.355,0.465
6.7915e-02,0.34,0.165
6.7917e-02,0.345,0.48
6.7918e-02,0.265,0.17
6.7920e-02,0.31,0.47
6.7922e-02,0.35,0.17
6.7923e-02,0.295,0.475
6.7925e-02,0.34,0.17
6.7926e-02,0.365,0.47
6.7928e-02,0.315,0.145
6.7930e-02,0.335,0.495
6.7931e-02,0.325,0.175
6.7933e-02,0.26,0.47
6.7934e-02,0.325,0.175
6.7936e-02,0.28,0.46
6.7938e-02,0.285,0.185
6.7939e-02,0.39,0.455
6.7941e-02,0.355,0.16
6.7942e-02,0.285,0.48
6.7944e-02,0.275,0.17
6.7946e-02,0.325,0.475
6.7947e-02,0.315,0.17
6.7949e-02,0.38,0.47
6.7950e-02,0.27,0.175
6.7952e-02,0.29,0.465
6.7954e-02,0.395,0.17
6.7955e-02,0.345,0.475
6.7957e-02,0.29,0.17
6.7958e-02,0.275,0.465
6.7960e-02,0.32,0.18
6.7962e-02,0.255,0.465
6.7963e-02,0.355,0.155
6.7965e-02,0.205,0.49
6.7966e-02,0.35,0.16
6.7968e-02,0.3,0.48
6.7970e-02,0.315,0.165
6.7971e-02,0.31,0.485
6.7973e-02,0.345,0.15
6.7974e-02,0.235,0.485
6.7976e-02,0.295,0.14
6.7978e-02,0.285,0.495
6.7979e-02,0.335,0.17
6.7981e-02,0.31,0.465
6.7982e-02,0.265,0.175
6.7984e-02,0.245,0.47
6.7986e-02,0.34,0.155
6.7987e-02,0.31,0.49
6.7989e-02,0.34,0.165
6.7990e-02,0.325,0.475
6.7992e-02,0.355,0.18
6.7994e-02,0.31,0.455
6.7995e-02,0.455,0.15
6.7997e-02,0.275,0.485
6.7998e-02,0.295,0.145
6.8000e-02,0.27,0.495
6.8002e-02,0.34,0.165
6.8003e-02,0.325,0.465
6.8005e-02,0.325,0.17
6.8006e-02,0.24,0.465
6.8008e-02,0.35,0.175
6.8010e-02,0.345,0.455
6.8011e-02,0.32,0.175
6.8013e-02,0.335,0.455
6.8014e-02,0.305,0.135
6.8016e-02,0.3,0.495
6.8018e-02,0.345,0.19
6.8019e-02,0.35,0.455
6.8021e-02,0.27,0.165
6.8022e-02,0.32,0.47
6.8024e-02,0.285,0.195
6.8026e-02,0.295,0.44
6.8027e-02,0.35,0.15
6.8029e-02,0.275,0.485
6.8030e-02,0.24,0.165
6.8032e-02,0.29,0.48
6.8034e-02,0.4,0.165
6.8035e-02,0.37,0.475
6.8037e-02,0.395,0.15
6.8038e-02,0.28,0.485
6.8040e-02,0.265,0.165
6.8042e-02,0.345,0.475
6.8043e-02,0.33,0.18
6.8045e-02,0.335,0.46
6.8046e-02,0.265,0.175
6.8048e-02,0.39,0.46
6.8050e-02,0.36,0.18
6.8051e-02,0.27,0.47
6.8053e-02,0.315,0.175
6.8054e-02,0.265,0.465
6.8056e-02,0.28,0.145
6.8058e-02,0.315,0.495
6.8059e-02,0.425,0.18
6.8061e-02,0.35,0.455
6.8062e-02,0.395,0.145
6.8064e-02,0.34,0.49
6.8066e-02,0.255,0.18
6.8067e-02,0.36,0.465
6.8069e-02,0.325,0.165
6.8070e-02,0.235,0.465
6.8072e-02,0.27,0.165
6.8074e-02,0.325,0.47
6.8075e-02,0.315,0.185
6.8077e-02,0.31,0.455
6.8078e-02,0.35,0.175
6.8080e-02,0.32,0.465
6.8082e-02,0.41,0.185
6.8083e-02,0.36,0.455
6.8085e-02,0.31,0.19
6.8086e-02,0.19,0.45
6.8088e-02,0.225,0.16
6.8090e-02,0.3,0.47
6.8091e-02,0.32,0.175
6.8093e-02,0.35,0.46
6.8094e-02,0.3,0.17
6.8096e-02,0.35,0.46
6.8098e-02,0.28,0.175
6.8099e-02,0.395,0.46
6.8101e-02,0.3,0.16
6.8102e-02,0.335,0.475
6.8104e-02,0.31,0.16
6.8106e-02,0.3,0.485
6.8107e-02,0.285,0.165
6.8109e-02,0.35,0.47
6.8110e-02,0.3,0.18
6.8112e-02,0.32,0.45
6.8114e-02,0.35,0.185
6.8115e-02,0.33,0.45
6.8117e-02,0.385,0.18
6.8118e-02,0.26,0.46
6.8120e-02,0.215,0.185
6.8122e-02,0.32,0.455
6.8123e-02,0.4,0.19
6.8125e-02,0.345,0.435
6.8126e-02,0.305,0.18
6.8128e-02,0.32,0.455
6.8130e-02,0.355,0.165
6.8131e-02,0.285,0.465
6.8133e-02,0.35,0.155
6.8134e-02,0.265,0.475
6.8136e-02,0.39,0.155
6.8138e-02,0.36,0.47
6.8139e-02,0.335,0.175
6.8141e-02,0.33,0.455
6.8142e-02,0.325,0.18
6.8144e-02,0.28,0.455
6.8146e-02,0.375,0.165
6.8147e-02,0.31,0.465
6.8149e-02,0.375,0.18
6.8150e-02,0.22,0.445
6.8152e-02,0.305,0.175
6.8154e-02,0.26,0.46
6.8155e-02,0.36,0.16
6.8157e-02,0.36,0.47
6.8158e-02,0.375,0.16
6.8160e-02,0.245,0.465
6.8162e-02,0.37,0.135
6.8163e-02,0.325,0.49
6.8165e-02,0.31,0.17
6.8166e-02,0.26,0.465
6.8168e-02,0.25,0.17
6.8170e-02,0.39,0.455
6.8171e-02,0.415,0.175
6.8173e-02,0.35,0.455
6.8174e-02,0.295,0.17
6.8176e-02,0.29,0.46
6.8178e-02,0.28,0.19
6.8179e-02,0.35,0.44
6.8181e-02,0.345,0.17
6.8182e-02,0.35,0.46
6.8184e-02,0.25,0.18
6.8186e-02,0.345,0.44
6.8187e-02,0.315,0.16
6.8189e-02,0.365,0.46
6.8190e-02,0.345,0.17
6.8192e-02,0.33,0.45
6.8194e-02,0.26,0.17
6.8195e-02,0.305,0.45
6.8197e-02,0.27,0.16
6.8198e-02,0.255,0.465
6.8200e-02,0.38,0.145
6.8202e-02,0.34,0.485
6.8203e-02,0.35,0.175
6.8205e-02,0.395,0.46
6.8206e-02,0.25,0.155
6.8208e-02,0.28,0.465
6.8210e-02,0.31,0.16
6.8211e-02,0.35,0.465
6.8213e-02,0.32,0.19
6.8214e-02,0.325,0.435
6.8216e-02,0.365,0.155
6.8218e-02,0.255,0.47
6.8219e-02,0.415,0.175
6.8221e-02,0.355,0.455
6.8222e-02,0.28,0.17
6.8224e-02,0.335,0.46
6.8226e-02,0.18,0.165
6.8227e-02,0.275,0.475
6.8229e-02,0.26,0.175
6.8230e-02,0.34,0.45
6.8232e-02,0.29,0.18
6.8234e-02,0.335,0.445
6.8235e-02,0.335,0.15
6.8237e-02,0.325,0.475
6.8238e-02,0.315,0.145
6.8240e-02,0.275,0.48
6.8242e-02,0.335,0.175
6.8243e-02,0.385,0.45
6.8245e-02,0.345,0.185
6.8246e-02,0.325,0.445
6.8248e-02,0.335,0.155
6.8250e-02,0.36,0.47
6.8251e-02,0.325,0.175
6.8253e-02,0.445,0.445
6.8254e-02,0.305,0.165
6.8256e-02,0.36,0.45
6.8258e-02,0.265,0.165
6.8259e-02,0.29,0.47
6.8261e-02,0.275,0.135
6.8262e-02,0.345,0.49
6.8264e-02,0.32,0.14
6.8266e-02,0.265,0.485
6.8267e-02,0.315,0.125
6.8269e-02,0.275,0.505
6.8270e-02,0.335,0.16
6.8272e-02,0.33,0.465
6.8274e-02,0.315,0.17
6.8275e-02,0.35,0.465
6.8277e-02,0.39,0.17
6.8278e-02,0.29,0.455
6.8280e-02,0.295,0.165
6.8282e-02,0.31,0.46
6.8283e-02,0.32,0.16
6.8285e-02,0.305,0.465
6.8286e-02,0.285,0.14
6.8288e-02,0.225,0.485
6.8290e-02,0.315,0.16
6.8291e-02,0.355,0.46
6.8293e-02,0.32,0.19
6.8294e-02,0.305,0.44
6.8296e-02,0.295,0.155
6.8298e-02,0.315,0.465
6.8299e-02,0.33,0.17
6.8301e-02,0.34,0.45
6.8302e-02,0.2,0.175
6.8304e-02,0.35,0.45
6.8306e-02,0.29,0.175
6.8307e-02,0.36,0.455
6.8309e-02,0.35,0.17
6.8310e-02,0.36,0.445
6.8312e-02,0.23,0.155
6.8314e-02,0.28,0.46
6.8315e-02,0.275,0.165
6.8317e-02,0.27,0.46
6.8318e-02,0.335,0.17
6.8320e-02,0.375,0.45
6.8322e-02,0.29,0.15
6.8323e-02,0.365,0.47
6.8325e-02,0.38,0.16
6.8326e-02,0.36,0.455
6.8328e-02,0.235,0.175
6.8330e-02,0.275,0.445
6.8331e-02,0.275,0.16
6.8333e-02,0.31,0.46
6.8334e-02,0.29,0.18
6.8336e-02,0.265,0.44
6.8338e-02,0.33,0.175
6.8339e-02,0.38,0.44
6.8341e-02,0.365,0.17
6.8342e-02,0.235,0.45
6.8344e-02,0.36,0.19
6.8346e-02,0.25,0.425
6.8347e-02,0.295,0.15
6.8349e-02,0.255,0.48
6.8350e-02,0.34,0.13
6.8352e-02,0.255,0.48
6.8354e-02,0.33,0.16
6.8355e-02,0.295,0.46
6.8357e-02,0.365,0.15
6.8358e-02,0.365,0.47
6.8360e-02,0.34,0.11
6.8362e-02,0.23,0.5
6.8363e-02,0.305,0.155
6.8365e-02,0.33,0.46
6.8366e-02,0.29,0.155
6.8368e-02,0.3,0.46
6.8370e-02,0.3,0.15
6.8371e-02,0.275,0.47
6.8373e-02,0.37,0.145
6.8374e-02,0.33,0.48
6.8376e-02,0.28,0.16
6.8378e-02,0.28,0.455
6.8379e-02,0.36,0.165
6.8381e-02,0.31,0.455
6.8382e-02,0.325,0.16
6.8384e-02,0.21,0.455
6.8386e-02,0.27,0.16
6.8387e-02,0.32,0.46
6.8389e-02,0.3,0.15
6.8390e-02,0.3,0.47
6.8392e-02,0.35,0.16
6.8394e-02,0.31,0.46
6.8395e-02,0.31,0.17
6.8397e-02,0.315,0.445
6.8398e-02,0.29,0.16
6.8400e-02,0.255,0.46
6.8402e-02,0.305,0.175
6.8403e-02,0.275,0.445
6.8405e-02,0.38,0.16
6.8406e-02,0.41,0.45
6.8408e-02,0.325,0.175
6.8410e-02,0.27,0.445
6.8411e-02,0.39,0.155
6.8413e-02,0.195,0.465
6.8414e-02,0.365,0.16
6.8416e-02,0.23,0.46
6.8418e-02,0.245,0.155
6.8419e-02,0.295,0.465
6.8421e-02,0.39,0.15
6.8422e-02,0.295,0.46
6.8424e-02,0.305,0.125
6.8426e-02,0.225,0.485
6.8427e-02,0.275,0.16
6.8429e-02,0.28,0.46
6.8430e-02,0.355,0.135
6.8432e-02,0.265,0.48
6.8434e-02,0.44,0.17
6.8435e-02,0.345,0.445
6.8437e-02,0.38,0.16
6.8438e-02,0.305,0.455
6.8440e-02,0.315,0.165
6.8442e-02,0.25,0.45
6.8443e-02,0.37,0.165
6.8445e-02,0.405,0.45
6.8446e-02,0.31,0.155
6.8448e-02,0.385,0.46
6.8450e-02,0.265,0.155
6.8451e-02,0.305,0.465
6.8453e-02,0.315,0.125
6.8454e-02,0.29,0.49
6.8456e-02,0.23,0.14
6.8458e-02,0.255,0.465
6.8459e-02,0.295,0.145
6.8461e-02,0.345,0.465
6.8462e-02,0.305,0.165
6.8464e-02,0.23,0.455
6.8466e-02,0.335,0.165
6.8467e-02,0.26,0.45
6.8469e-02,0.32,0.15
6.8470e-02,0.285,0.46
6.8472e-02,0.265,0.165
6.8474e-02,0.21,0.455
6.8475e-02,0.335,0.145
6.8477e-02,0.255,0.465
6.8478e-02,0.41,0.15
6.8480e-02,0.3,0.465
6.8482e-02,0.37,0.16
6.8483e-02,0.32,0.455
6.8485e-02,0.305,0.15
6.8486e-02,0.345,0.465
6.8488e-02,0.255,0.165
6.8490e-02,0.225,0.445
6.8491e-02,0.28,0.165
6.8493e-02,0.295,0.46
6.8494e-02,0.315,0.165
6.8496e-02,0.29,0.45
6.8498e-02,0.265,0.155
6.8499e-02,0.34,0.455
6.8501e-02,0.225,0.145
6.8502e-02,0.325,0.46
6.8504e-02,0.205,0.165
6.8506e-02,0.34,0.44
6.8507e-02,0.305,0.16
6.8509e-02,0.325,0.45
6.8510e-02,0.25,0.155
6.8512e-02,0.26,0.455
6.8514e-02,0.315,0.145
6.8515e-02,0.275,0.465
6.8517e-02,0.38,0.145
6.8518e-02,0.29,0.45
6.8520e-02,0.3,0.16
6.8522e-02,0.21,0.45
6.8523e-02,0.285,0.145
6.8525e-02,0.31,0.465
6.8526e-02,0.37,0.17
6.8528e-02,0.39,0.44
6.8530e-02,0.325,0.175
6.8531e-02,0.31,0.44
6.8533e-02,0.33,0.165
6.8534e-02,0.335,0.445
6.8536e-02,0.28,0.155
6.8538e-02,0.245,0.45
6.8539e-02,0.355,0.145
6.8541e-02,0.345,0.465
6.8542e-02,0.36,0.165
6.8544e-02,0.33,0.45
6.8546e-02,0.275,0.15
6.8547e-02,0.34,0.46
6.8549e-02,0.275,0.14
6.8550e-02,0.35,0.47
6.8552e-02,0.245,0.14
6.8554e-02,0.335,0.47
6.8555e-02,0.365,0.165
6.8557e-02,0.375,0.445
6.8558e-02,0.365,0.13
6.8560e-02,0.35,0.47
6.8562e-02,0.25,0.165
6.8563e-02,0.32,0.445
6.8565e-02,0.355,0.145
6.8566e-02,0.315,0.46
6.8568e-02,0.345,0.155
6.8570e-02,0.25,0.455
6.8571e-02,0.295,0.16
6.8573e-02,0.25,0.455
6.8574e-02,0.315,0.155
6.8576e-02,0.335,0.455
6.8578e-02,0.245,0.16
6.8579e-02,0.325,0.45
6.8581e-02,0.32,0.145
6.8582e-02,0.32,0.46
6.8584e-02,0.24,0.15
6.8586e-02,0.14,0.455
6.8587e-02,0.25,0.14
6.8589e-02,0.245,0.455
6.8590e-02,0.315,0.15
6.8592e-02,0.27,0.46
6.8594e-02,0.355,0.135
6.8595e-02,0.28,0.46
6.8597e-02,0.31,0.15
6.8598e-02,0.28,0.45
6.8600e-02,0.265,0.13
6.8602e-02,0.265,0.48
6.8603e-02,0.35,0.125
6.8605e-02,0.3,0.485
6.8606e-02,0.41,0.165
6.8608e-02,0.39,0.44
6.8610e-02,0.36,0.165
6.8611e-02,0.305,0.435
6.8613e-02,0.39,0.165
6.8614e-02,0.285,0.435
6.8616e-02,0.31,0.15
6.8618e-02,0.285,0.455
6.8619e-02,0.265,0.125
6.8621e-02,0.385,0.475
6.8622e-02,0.385,0.15
6.8624e-02,0.35,0.45
6.8626e-02,0.33,0.15
6.8627e-02,0.24,0.445
6.8629e-02,0.32,0.175
6.8630e-02,0.285,0.425
6.8632e-02,0.24,0.11
6.8634e-02,0.245,0.49
6.8635e-02,0.23,0.135
6.8637e-02,0.26,0.465
6.8638e-02,0.265,0.16
6.8640e-02,0.295,0.44
6.8642e-02,0.335,0.125
6.8643e-02,0.27,0.47
6.8645e-02,0.29,0.14
6.8646e-02,0.3,0.46
6.8648e-02,0.225,0.15
6.8650e-02,0.25,0.45
6.8651e-02,0.22,0.155
6.8653e-02,0.245,0.445
6.8654e-02,0.38,0.16
6.8656e-02,0.31,0.44
6.8658e-02,0.325,0.155
6.8659e-02,0.265,0.445
6.8661e-02,0.25,0.135
6.8662e-02,0.34,0.47
6.8664e-02,0.25,0.145
6.8666e-02,0.255,0.445
6.8667e-02,0.28,0.135
6.8669e-02,0.265,0.46
6.8670e-02,0.37,0.135
6.8672e-02,0.3,0.46
6.8674e-02,0.24,0.175
6.8675e-02,0.31,0.425
6.8677e-02,0.29,0.17
6.8678e-02,0.335,0.43
6.8680e-02,0.365,0.13
6.8682e-02,0.28,0.465
6.8683e-02,0.295,0.145
6.8685e-02,0.275,0.455
6.8686e-02,0.305,0.14
6.8688e-02,0.36,0.46
6.8690e-02,0.395,0.16
6.8691e-02,0.405,0.44
6.8693e-02,0.31,0.165
6.8694e-02,0.315,0.43
6.8696e-02,0.28,0.14
6.8698e-02,0.345,0.455
6.8699e-02,0.215,0.16
6.8701e-02,0.28,0.44
6.8702e-02,0.37,0.15
6.8704e-02,0.31,0.455
6.8706e-02,0.34,0.155
6.8707e-02,0.225,0.435
6.8709e-02,0.275,0.165
6.8710e-02,0.33,0.435
6.8712e-02,0.35,0.165
6.8714e-02,0.31,0.44
6.8715e-02,0.35,0.165
6.8717e-02,0.28,0.44
6.8718e-02,0.29,0.145
6.8720e-02,0.345,0.455
6.8722e-02,0.37,0.16
6.8723e-02,0.405,0.44
6.8725e-02,0.355,0.14
6.8726e-02,0.28,0.46
6.8728e-02,0.29,0.14
6.8730e-02,0.315,0.45
6.8731e-02,0.275,0.17
6.8733e-02,0.34,0.43
6.8734e-02,0.32,0.155
6.8736e-02,0.32,0.445
6.8738e-02,0.41,0.135
6.8739e-02,0.27,0.47
6.8741e-02,0.31,0.165
6.8742e-02,0.245,0.435
6.8744e-02,0.355,0.14
6.8746e-02,0.34,0.455
6.8747e-02,0.335,0.155
6.8749e-02,0.255,0.44
6.8750e-02,0.33,0.15
6.8752e-02,0.24,0.44
6.8754e-02,0.305,0.155
6.8755e-02,0.355,0.445
6.8757e-02,0.24,0.165
6.8758e-02,0.36,0.43
6.8760e-02,0.235,0.155
6.8762e-02,0.33,0.435
6.8763e-02,0.265,0.16
6.8765e-02,0.23,0.43
6.8766e-02,0.2,0.165
6.8768e-02,0.245,0.43
6.8770e-02,0.34,0.145
6.8771e-02,0.345,0.455
6.8773e-02,0.29,0.165
6.8774e-02,0.235,0.435
6.8776e-02,0.24,0.15
6.8778e-02,0.225,0.445
6.8779e-02,0.285,0.155
6.8781e-02,0.28,0.43
6.8782e-02,0.27,0.155
6.8784e-02,0.33,0.445
6.8786e-02,0.245,0.135
6.8787e-02,0.405,0.45
6.8789e-02,0.305,0.16
6.8790e-02,0.3,0.435
6.8792e-02,0.365,0.165
6.8794e-02,0.28,0.43
6.8795e-02,0.365,0.13
6.8797e-02,0.315,0.455
6.8798e-02,0.335,0.16
6.8800e-02,0.33,0.43
6.8802e-02,0.28,0.15
6.8803e-02,0.305,0.44
6.8805e-02,0.355,0.13
6.8806e-02,0.22,0.46
6.8808e-02,0.245,0.135
6.8810e-02,0.24,0.455
6.8811e-02,0.29,0.14
6.8813e-02,0.315,0.455
6.8814e-02,0.215,0.15
6.8816e-02,0.295,0.44
6.8818e-02,0.285,0.16
6.8819e-02,0.365,0.435
6.8821e-02,0.345,0.155
6.8822e-02,0.275,0.44
6.8824e-02,0.315,0.145
6.8826e-02,0.285,0.44
6.8827e-02,0.355,0.145
6.8829e-02,0.27,0.445
6.8830e-02,0.305,0.16
6.8832e-02,0.29,0.435
6.8834e-02,0.265,0.125
6.8835e-02,0.305,0.455
6.8837e-02,0.345,0.155
6.8838e-02,0.29,0.44
6.8840e-02,0.295,0.145
6.8842e-02,0.25,0.45
6.8843e-02,0.265,0.12
6.8845e-02,0.27,0.46
6.8846e-02,0.24,0.155
6.8848e-02,0.24,0.435
6.8850e-02,0.185,0.145
6.8851e-02,0.265,0.44
6.8853e-02,0.27,0.15
6.8854e-02,0.295,0.44
6.8856e-02,0.24,0.17
6.8858e-02,0.265,0.425
6.8859e-02,0.29,0.15
6.8861e-02,0.315,0.435
6.8862e-02,0.235,0.155
6.8864e-02,0.285,0.435
6.8866e-02,0.245,0.15
6.8867e-02,0.31,0.44
6.8869e-02,0.325,0.16
6.8870e-02,0.3,0.425
6.8872e-02,0.33,0.135
6.8874e-02,0.235,0.455
6.8875e-02,0.325,0.15
6.8877e-02,0.305,0.44
6.8878e-02,0.365,0.16
6.8880e-02,0.285,0.43
6.8882e-02,0.34,0.145
6.8883e-02,0.305,0.445
6.8885e-02,0.355,0.15
6.8886e-02,0.37,0.44
6.8888e-02,0.315,0.12
6.8890e-02,0.265,0.47
6.8891e-02,0.26,0.14
6.8893e-02,0.22,0.44
6.8894e-02,0.275,0.165
6.8896e-02,0.21,0.425
6.8898e-02,0.17,0.155
6.8899e-02,0.26,0.42
6.8901e-02,0.18,0.15
6.8902e-02,0.28,0.44
6.8904e-02,0.215,0.16
6.8906e-02,0.285,0.42
6.8907e-02,0.21,0.145
6.8909e-02,0.26,0.435
6.8910e-02,0.25,0.15
6.8912e-02,0.23,0.44
6.8914e-02,0.23,0.15
6.8915e-02,0.195,0.435
6.8917e-02,0.255,0.15
6.8918e-02,0.33,0.43
6.8920e-02,0.295,0.155
6.8922e-02,0.3,0.425
6.8923e-02,0.255,0.12
6.8925e-02,0.31,0.45
6.8926e-02,0.3,0.155
6.8928e-02,0.31,0.425
6.8930e-02,0.155,0.165
6.8931e-02,0.28,0.42
6.8933e-02,0.27,0.145
6.8934e-02,0.31,0.43
6.8936e-02,0.355,0.15
6.8938e-02,0.235,0.43
6.8939e-02,0.38,0.135
6.8941e-02,0.295,0.445
6.8942e-02,0.305,0.135
6.8944e-02,0.36,0.44
6.8946e-02,0.29,0.145
6.8947e-02,0.34,0.43
6.8949e-02,0.225,0.135
6.8950e-02,0.34,0.44
6.8952e-02,0.315,0.135
6.8954e-02,0.345,0.445
6.8955e-02,0.385,0.155
6.8957e-02,0.255,0.43
6.8958e-02,0.395,0.135
6.8960e-02,0.305,0.445
6.8962e-02,0.28,0.155
6.8963e-02,0.27,0.43
6.8965e-02,0.18,0.145
6.8966e-02,0.365,0.43
6.8968e-02,0.295,0.115
6.8970e-02,0.3,0.46
6.8971e-02,0.315,0.14
6.8973e-02,0.305,0.44
6.8974e-02,0.385,0.15
6.8976e-02,0.315,0.43
6.8978e-02,0.32,0.12
6.8979e-02,0.235,0.46
6.8981e-02,0.29,0.145
6.8982e-02,0.26,0.44
6.8984e-02,0.245,0.145
6.8986e-02,0.305,0.435
6.8987e-02,0.235,0.12
6.8989e-02,0.245,0.46
6.8990e-02,0.22,0.14
6.8992e-02,0.235,0.435
6.8994e-02,0.31,0.11
6.8995e-02,0.205,0.465
6.8997e-02,0.275,0.155
6.8998e-02,0.235,0.425
6.9000e-02,0.265,0.145
6.9002e-02,0.36,0.43
6.9003e-02,0.245,0.14
6.9005e-02,0.255,0.44
6.9006e-02,0.29,0.15
6.9008e-02,0.33,0.43
6.9010e-02,0.36,0.15
6.9011e-02,0.265,0.425
6.9013e-02,0.295,0.13
6.9014e-02,0.245,0.445
6.9016e-02,0.3,0.12
6.9018e-02,0.265,0.455
6.9019e-02,0.245,0.125
6.9021e-02,0.28,0.45
6.9022e-02,0.27,0.145
6.9024e-02,0.29,0.435
6.9026e-02,0.255,0.145
6.9027e-02,0.29,0.435
6.9029e-02,0.15,0.15
6.9030e-02,0.265,0.43
6.9032e-02,0.2,0.14
6.9034e-02,0.275,0.435
6.9035e-02,0.29,0.145
6.9037e-02,0.2,0.43
6.9038e-02,0.255,0.145
6.9040e-02,0.235,0.43
6.9042e-02,0.325,0.15
6.9043e-02,0.285,0.43
6.9045e-02,0.31,0.14
6.9046e-02,0.235,0.435
6.9048e-02,0.355,0.14
6.9050e-02,0.305,0.43
6.9051e-02,0.34,0.15
6.9053e-02,0.33,0.43
6.9054e-02,0.29,0.13
6.9056e-02,0.375,0.445
6.9058e-02,0.315,0.11
6.9059e-02,0.335,0.455
6.9061e-02,0.35,0.13
6.9062e-02,0.245,0.44
6.9064e-02,0.36,0.14
6.9066e-02,0.28,0.435
6.9067e-02,0.34,0.16
6.9069e-02,0.33,0.415
6.9070e-02,0.275,0.125
6.9072e-02,0.325,0.44
6.9074e-02,0.355,0.13
6.9075e-02,0.38,0.43
6.9077e-02,0.305,0.115
6.9078e-02,0.275,0.45
6.9080e-02,0.24,0.125
6.9082e-02,0.38,0.44
6.9083e-02,0.245,0.135
6.9085e-02,0.325,0.43
6.9086e-02,0.2,0.125
6.9088e-02,0.295,0.435
6.9090e-02,0.285,0.13
6.9091e-02,0.305,0.435
6.9093e-02,0.325,0.15
6.9094e-02,0.28,0.415
6.9096e-02,0.28,0.135
6.9098e-02,0.23,0.435
6.9099e-02,0.295,0.14
6.9101e-02,0.265,0.425
6.9102e-02,0.29,0.13
6.9104e-02,0.25,0.445
6.9106e-02,0.145,0.125
6.9107e-02,0.315,0.445
6.9109e-02,0.23,0.145
6.9110e-02,0.32,0.425
6.9112e-02,0.195,0.145
6.9114e-02,0.25,0.415
6.9115e-02,0.225,0.11
6.9117e-02,0.28,0.45
6.9118e-02,0.275,0.13
6.9120e-02,0.23,0.43
6.9122e-02,0.27,0.145
6.9123e-02,0.305,0.425
6.9125e-02,0.28,0.135
6.9126e-02,0.225,0.435
6.9128e-02,0.295,0.14
6.9130e-02,0.195,0.43
6.9131e-02,0.265,0.135
6.9133e-02,0.22,0.435
6.9134e-02,0.28,0.12
6.9136e-02,0.25,0.445
6.9138e-02,0.23,0.13
6.9139e-02,0.275,0.44
6.9141e-02,0.355,0.13
6.9142e-02,0.315,0.435
6.9144e-02,0.305,0.125
6.9146e-02,0.125,0.445
6.9147e-02,0.285,0.125
6.9149e-02,0.215,0.435
6.9150e-02,0.325,0.13
6.9152e-02,0.26,0.44
6.9154e-02,0.27,0.12
6.9155e-02,0.29,0.45
6.9157e-02,0.38,0.135
6.9158e-02,0.33,0.435
6.9160e-02,0.38,0.13
6.9162e-02,0.33,0.44
6.9163e-02,0.34,0.14
6.9165e-02,0.365,0.425
6.9166e-02,0.345,0.125
6.9168e-02,0.33,0.44
6.9170e-02,0.255,0.135
6.9171e-02,0.305,0.435
6.9173e-02,0.26,0.11
6.9174e-02,0.305,0.45
6.9176e-02,0.3,0.15
6.9178e-02,0.27,0.42
6.9179e-02,0.285,0.115
6.9181e-02,0.27,0.445
6.9182e-02,0.3,0.135
6.9184e-02,0.295,0.425
6.9186e-02,0.195,0.13
6.9187e-02,0.28,0.435
6.9189e-02,0.21,0.125
6.9190e-02,0.335,0.44
6.9192e-02,0.265,0.11
6.9194e-02,0.31,0.455
6.9195e-02,0.24,0.14
6.9197e-02,0.305,0.42
6.9198e-02,0.27,0.155
6.9200e-02,0.29,0.41
6.9202e-02,0.195,0.12
6.9203e-02,0.255,0.445
6.9205e-02,0.22,0.125
6.9206e-02,0.215,0.435
6.9208e-02,0.25,0.14
6.9210e-02,0.27,0.42
6.9211e-02,0.265,0.12
6.9213e-02,0.305,0.44
6.9214e-02,0.21,0.14
6.9216e-02,0.37,0.42
6.9218e-02,0.245,0.105
6.9219e-02,0.33,0.46
6.9221e-02,0.185,0.125
6.9222e-02,0.305,0.435
6.9224e-02,0.26,0.135
6.9226e-02,0.32,0.425
6.9227e-02,0.29,0.095
6.9229e-02,0.305,0.47
6.9230e-02,0.29,0.105
6.9232e-02,0.32,0.46
6.9234e-02,0.28,0.14
6.9235e-02,0.26,0.42
6.9237e-02,0.25,0.125
6.9238e-02,0.25,0.44
6.9240e-02,0.285,0.115
6.9242e-02,0.28,0.44
6.9243e-02,0.295,0.135
6.9245e-02,0.265,0.425
6.9246e-02,0.25,0.13
6.9248e-02,0.24,0.44
6.9250e-02,0.26,0.1
6.9251e-02,0.285,0.46
6.9253e-02,0.24,0.125
6.9254e-02,0.21,0.43
6.9256e-02,0.305,0.11
6.9258e-02,0.31,0.445
6.9259e-02,0.405,0.14
6.9261e-02,0.3,0.425
6.9262e-02,0.315,0.115
6.9264e-02,0.31,0.44
6.9266e-02,0.325,0.145
6.9267e-02,0.305,0.415
6.9269e-02,0.325,0.105
6.9270e-02,0.28,0.45
6.9272e-02,0.29,0.14
6.9274e-02,0.285,0.415
6.9275e-02,0.27,0.135
6.9277e-02,0.25,0.42
6.9278e-02,0.2,0.13
6.9280e-02,0.245,0.435
6.9282e-02,0.175,0.115
6.9283e-02,0.31,0.435
6.9285e-02,0.285,0.135
6.9286e-02,0.24,0.42
6.9288e-02,0.345,0.14
6.9290e-02,0.31,0.42
6.9291e-02,0.33,0.14
6.9293e-02,0.32,0.42
6.9294e-02,0.245,0.12
6.9296e-02,0.25,0.43
6.9298e-02,0.26,0.14
6.9299e-02,0.265,0.425
6.9301e-02,0.365,0.12
6.9302e-02,0.23,0.43
6.9304e-02,0.39,0.105
6.9306e-02,0.265,0.45
6.9307e-02,0.345,0.13
6.9309e-02,0.28,0.42
6.9310e-02,0.355,0.11
6.9312e-02,0.245,0.445
6.9314e-02,0.3,0.13
6.9315e-02,0.245,0.425
6.9317e-02,0.335,0.14
6.9318e-02,0.325,0.42
6.9320e-02,0.26,0.105
6.9322e-02,0.26,0.44
6.9323e-02,0.24,0.135
6.9325e-02,0.285,0.42
6.9326e-02,0.285,0.12
6.9328e-02,0.155,0.435
6.9330e-02,0.27,0.13
6.9331e-02,0.2,0.42
6.9333e-02,0.315,0.08
6.9334e-02,0.225,0.475
6.9336e-02,0.295,0.09
6.9338e-02,0.255,0.455
6.9339e-02,0.285,0.13
6.9341e-02,0.3,0.425
6.9342e-02,0.265,0.11
6.9344e-02,0.245,0.435
6.9346e-02,0.19,0.115
6.9347e-02,0.15,0.44
6.9349e-02,0.275,0.13
6.9350e-02,0.23,0.415
6.9352e-02,0.26,0.125
6.9354e-02,0.255,0.42
6.9355e-02,0.25,0.12
6.9357e-02,0.305,0.42
6.9358e-02,0.295,0.135
6.9360e-02,0.205,0.415
6.9362e-02,0.2,0.135
6.9363e-02,0.115,0.415
6.9365e-02,0.27,0.115
6.9366e-02,0.205,0.43
6.9368e-02,0.26,0.1
6.9370e-02,0.29,0.44
6.9371e-02,0.25,0.135
6.9373e-02,0.31,0.42
6.9374e-02,0.25,0.115
6.9376e-02,0.315,0.43
6.9378e-02,0.21,0.11
6.9379e-02,0.24,0.435
6.9381e-02,0.18,0.105
6.9382e-02,0.265,0.445
6.9384e-02,0.235,0.1
6.9386e-02,0.25,0.44
6.9387e-02,0.24,0.11
6.9389e-02,0.235,0.43
6.9390e-02,0.34,0.13
6.9392e-02,0.335,0.415
6.9394e-02,0.25,0.12
6.9395e-02,0.26,0.425
6.9397e-02,0.255,0.125
6.9398e-02,0.275,0.425
6.9400e-02,0.275,0.115
6.9402e-02,0.195,0.43
6.9403e-02,0.255,0.13
6.9405e-02,0.26,0.42
6.9406e-02,0.265,0.115
6.9408e-02,0.3,0.43
6.9410e-02,0.255,0.135
6.9411e-02,0.29,0.41
6.9413e-02,0.225,0.14
6.9414e-02,0.275,0.405
6.9416e-02,0.235,0.13
6.9418e-02,0.265,0.415
6.9419e-02,0.305,0.135
6.9421e-02,0.235,0.415
6.9422e-02,0.27,0.115
6.9424e-02,0.275,0.425
6.9426e-02,0.365,0.125
6.9427e-02,0.315,0.41
6.9429e-02,0.26,0.115
6.9430e-02,0.265,0.425
6.9432e-02,0.34,0.135
6.9434e-02,0.305,0.41
6.9435e-02,0.265,0.115
6.9437e-02,0.205,0.43
6.9438e-02,0.255,0.125
6.9440e-02,0.25,0.415
6.9442e-02,0.22,0.11
6.9443e-02,0.27,0.43
6.9445e-02,0.165,0.115
6.9446e-02,0.285,0.44
6.9448e-02,0.195,0.135
6.9450e-02,0.33,0.415
6.9451e-02,0.285,0.15
6.9453e-02,0.24,0.395
6.9454e-02,0.27,0.115
6.9456e-02,0.25,0.435
6.9458e-02,0.33,0.11
6.9459e-02,0.31,0.43
6.9461e-02,0.31,0.105
6.9462e-02,0.26,0.44
6.9464e-02,0.285,0.14
6.9466e-02,0.325,0.41
6.9467e-02,0.325,0.11
6.9469e-02,0.375,0.43
6.9470e-02,0.235,0.125
6.9472e-02,0.32,0.415
6.9474e-02,0.255,0.12
6.9475e-02,0.285,0.425
6.9477e-02,0.255,0.12
6.9478e-02,0.245,0.425
6.9480e-02,0.25,0.125
6.9482e-02,0.21,0.42
6.9483e-02,0.3,0.125
6.9485e-02,0.295,0.42
6.9486e-02,0.275,0.1
6.9488e-02,0.225,0.44
6.9490e-02,0.3,0.125
6.9491e-02,0.24,0.415
6.9493e-02,0.31,0.12
6.9494e-02,0.21,0.42
6.9496e-02,0.28,0.125
6.9498e-02,0.275,0.41
6.9499e-02,0.33,0.13
6.9501e-02,0.3,0.415
6.9502e-02,0.315,0.095
6.9504e-02,0.26,0.44
6.9506e-02,0.325,0.12
6.9507e-02,0.325,0.425
6.9509e-02,0.245,0.12
6.9510e-02,0.325,0.42
6.9512e-02,0.245,0.14
6.9514e-02,0.24,0.4
6.9515e-02,0.31,0.09
6.9517e-02,0.255,0.44
6.9518e-02,0.37,0.1
6.9520e-02,0.24,0.435
6.9522e-02,0.28,0.095
6.9523e-02,0.3,0.445
6.9525e-02,0.31,0.13
6.9526e-02,0.3,0.405
6.9528e-02,0.26,0.115
6.9530e-02,0.23,0.425
6.9531e-02,0.33,0.09
6.9533e-02,0.305,0.445
6.9534e-02,0.29,0.115
6.9536e-02,0.29,0.42
6.9538e-02,0.235,0.12
6.9539e-02,0.27,0.42
6.9541e-02,0.265,0.125
6.9542e-02,0.245,0.41
6.9544e-02,0.165,0.1
6.9546e-02,0.275,0.425
6.9547e-02,0.165,0.105
6.9549e-02,0.32,0.425
6.9550e-02,0.255,0.14
6.9552e-02,0.25,0.395
6.9554e-02,0.27,0.125
6.9555e-02,0.16,0.405
6.9557e-02,0.335,0.1
6.9558e-02,0.305,0.43
6.9560e-02,0.305,0.125
6.9562e-02,0.285,0.405
6.9563e-02,0.27,0.11
6.9565e-02,0.315,0.415
6.9566e-02,0.27,0.13
6.9568e-02,0.26,0.405
6.9570e-02,0.205,0.1
6.9571e-02,0.3,0.43
6.9573e-02,0.28,0.125
6.9574e-02,0.355,0.405
6.9576e-02,0.305,0.095
6.9578e-02,0.265,0.435
6.9579e-02,0.315,0.1
6.9581e-02,0.21,0.42
6.9582e-02,0.355,0.105
6.9584e-02,0.3,0.43
6.9586e-02,0.33,0.1
6.9587e-02,0.25,0.42
6.9589e-02,0.295,0.125
6.9590e-02,0.26,0.4
6.9592e-02,0.295,0.115
6.9594e-02,0.245,0.415
6.9595e-02,0.21,0.115
6.9597e-02,0.27,0.41
6.9598e-02,0.285,0.125
6.9600e-02,0.3,0.405
6.9602e-02,0.165,0.085
6.9603e-02,0.26,0.43
6.9605e-02,0.205,0.125
6.9606e-02,0.27,0.4
6.9608e-02,0.205,0.12
6.9610e-02,0.195,0.405
6.9611e-02,0.23,0.11
6.9613e-02,0.21,0.42
6.9614e-02,0.28,0.12
6.9616e-02,0.245,0.415
6.9618e-02,0.345,0.115
6.9619e-02,0.23,0.405
6.9621e-02,0.255,0.135
6.9622e-02,0.31,0.39
6.9624e-02,0.315,0.13
6.9626e-02,0.33,0.405
6.9627e-02,0.265,0.095
6.9629e-02,0.185,0.42
6.9630e-02,0.28,0.09
6.9632e-02,0.265,0.43
6.9634e-02,0.275,0.1
6.9635e-02,0.235,0.415
6.9637e-02,0.225,0.11
6.9638e-02,0.31,0.41
6.9640e-02,0.26,0.135
6.9642e-02,0.365,0.395
6.9643e-02,0.295,0.12
6.9645e-02,0.27,0.41
6.9646e-02,0.275,0.12
6.9648e-02,0.28,0.405
6.9650e-02,0.26,0.085
6.9651e-02,0.25,0.44
6.9653e-02,0.23,0.105
6.9654e-02,0.24,0.43
6.9656e-02,0.355,0.12
6.9658e-02,0.275,0.405
6.9659e-02,0.24,0.115
6.9661e-02,0.23,0.415
6.9662e-02,0.235,0.11
6.9664e-02,0.325,0.415
6.9666e-02,0.26,0.085
6.9667e-02,0.19,0.44
6.9669e-02,0.285,0.11
6.9670e-02,0.16,0.42
6.9672e-02,0.31,0.115
6.9674e-02,0.265,0.41
6.9675e-02,0.265,0.13
6.9677e-02,0.295,0.39
6.9678e-02,0.255,0.105
6.9680e-02,0.255,0.415
6.9682e-02,0.355,0.085
6.9683e-02,0.285,0.43
6.9685e-02,0.325,0.105
6.9686e-02,0.205,0.42
6.9688e-02,0.26,0.095
6.9690e-02,0.205,0.425
6.9691e-02,0.29,0.125
6.9693e-02,0.225,0.4
6.9694e-02,0.195,0.125
6.9696e-02,0.215,0.405
6.9698e-02,0.315,0.095
6.9699e-02,0.33,0.425
6.9701e-02,0.305,0.125
6.9702e-02,0.285,0.405
6.9704e-02,0.31,0.105
6.9706e-02,0.335,0.41
6.9707e-02,0.275,0.12
6.9709e-02,0.255,0.4
6.9710e-02,0.25,0.115
6.9712e-02,0.225,0.41
6.9714e-02,0.27,0.12
6.9715e-02,0.28,0.41
6.9717e-02,0.31,0.095
6.9718e-02,0.305,0.425
6.9720e-02,0.28,0.13
6.9722e-02,0.32,0.4
6.9723e-02,0.35,0.115
6.9725e-02,0.29,0.405
6.9726e-02,0.29,0.13
6.9728e-02,0.205,0.395
6.9730e-02,0.175,0.125
6.9731e-02,0.26,0.4
6.9733e-02,0.235,0.115
6.9734e-02,0.245,0.4
6.9736e-02,0.245,0.08
6.9738e-02,0.25,0.43
6.9739e-02,0.29,0.095
6.9741e-02,0.24,0.43
6.9742e-02,0.29,0.115
6.9744e-02,0.24,0.41
6.9746e-02,0.26,0.09
6.9747e-02,0.27,0.42
6.9749e-02,0.29,0.115
6.9750e-02,0.29,0.405
6.9752e-02,0.265,0.1
6.9754e-02,0.265,0.41
6.9755e-02,0.15,0.09
6.9757e-02,0.28,0.42
6.9758e-02,0.205,0.11
6.9760e-02,0.23,0.405
6.9762e-02,0.17,0.115
6.9763e-02,0.255,0.4
6.9765e-02,0.295,0.115
6.9766e-02,0.265,0.395
6.9768e-02,0.245,0.1
6.9770e-02,0.215,0.41
6.9771e-02,0.2,0.12
6.9773e-02,0.27,0.395
6.9774e-02,0.245,0.06
6.9776e-02,0.235,0.46
6.9778e-02,0.22,0.08
6.9779e-02,0.225,0.435
6.9781e-02,0.32,0.11
6.9782e-02,0.275,0.41
6.9784e-02,0.295,0.085
6.9786e-02,0.325,0.43
6.9787e-02,0.245,0.1
6.9789e-02,0.25,0.415
6.9790e-02,0.23,0.07
6.9792e-02,0.28,0.44
6.9794e-02,0.195,0.085
6.9795e-02,0.215,0.425
6.9797e-02,0.2,0.125
6.9798e-02,0.29,0.39
6.9800e-02,0.285,0.115
6.9802e-02,0.285,0.4
6.9803e-02,0.265,0.1
6.9805e-02,0.225,0.415
6.9806e-02,0.245,0.09
6.9808e-02,0.255,0.415
6.9810e-02,0.1,0.1
6.9811e-02,0.245,0.415
6.9813e-02,0.13,0.1
6.9814e-02,0.265,0.41
6.9816e-02,0.255,0.1
6.9818e-02,0.255,0.405
6.9819e-02,0.31,0.095
6.9821e-02,0.205,0.41
6.9822e-02,0.285,0.095
6.9824e-02,0.325,0.415
6.9826e-02,0.27,0.075
6.9827e-02,0.265,0.435
6.9829e-02,0.21,0.085
6.9830e-02,0.275,0.42
6.9832e-02,0.245,0.07
6.9834e-02,0.28,0.435
6.9835e-02,0.23,0.1
6.9837e-02,0.275,0.41
6.9838e-02,0.26,0.08
6.9840e-02,0.225,0.43
6.9842e-02,0.32,0.08
6.9843e-02,0.23,0.425
6.9845e-02,0.29,0.085
6.9846e-02,0.185,0.425
6.9848e-02,0.245,0.095
6.9850e-02,0.275,0.41
6.9851e-02,0.255,0.075
6.9853e-02,0.285,0.435
6.9854e-02,0.18,0.095
6.9856e-02,0.27,0.41
6.9858e-02,0.355,0.1
6.9859e-02,0.26,0.41
6.9861e-02,0.28,0.06
6.9862e-02,0.26,0.44
6.9864e-02,0.235,0.09
6.9866e-02,0.305,0.425
6.9867e-02,0.145,0.085
6.9869e-02,0.265,0.415
6.9870e-02,0.15,0.075
6.9872e-02,0.22,0.43
6.9874e-02,0.225,0.095
6.9875e-02,0.295,0.4
6.9877e-02,0.26,0.06
6.9878e-02,0.345,0.435
6.9880e-02,0.24,0.08
6.9882e-02,0.355,0.42
6.9883e-02,0.29,0.095
6.9885e-02,0.37,0.41
6.9886e-02,0.29,0.06
6.9888e-02,0.195,0.435
6.9890e-02,0.275,0.09
6.9891e-02,0.255,0.415
6.9893e-02,0.24,0.08
6.9894e-02,0.27,0.42
6.9896e-02,0.19,0.09
6.9898e-02,0.29,0.41
6.9899e-02,0.345,0.1
6.9901e-02,0.315,0.405
6.9902e-02,0.35,0.105
6.9904e-02,0.295,0.405
6.9906e-02,0.26,0.085
6.9907e-02,0.21,0.41
6.9909e-02,0.225,0.07
6.9910e-02,0.17,0.425
6.9912e-02,0.205,0.07
6.9914e-02,0.13,0.44
6.9915e-02,0.28,0.09
6.9917e-02,0.225,0.415
6.9918e-02,0.32,0.065
6.9920e-02,0.28,0.43
6.9922e-02,0.255,0.09
6.9923e-02,0.325,0.41
6.9925e-02,0.325,0.1
6.9926e-02,0.29,0.405
6.9928e-02,0.245,0.095
6.9930e-02,0.2,0.4
6.9931e-02,0.145,0.09
6.9933e-02,0.265,0.41
6.9934e-02,0.14,0.09
6.9936e-02,0.22,0.41
6.9938e-02,0.21,0.1
6.9939e-02,0.27,0.39
6.9941e-02,0.19,0.09
6.9942e-02,0.37,0.405
6.9944e-02,0.235,0.095
6.9946e-02,0.305,0.405
6.9947e-02,0.27,0.085
6.9949e-02,0.195,0.41
6.9950e-02,0.24,0.085
6.9952e-02,0.22,0.415
6.9954e-02,0.19,0.09
6.9955e-02,0.185,0.405
6.9957e-02,0.17,0.095
6.9958e-02,0.195,0.4
6.9960e-02,0.27,0.065
6.9962e-02,0.28,0.43
6.9963e-02,0.19,0.065
6.9965e-02,0.205,0.44
6.9966e-02,0.3,0.08
6.9968e-02,0.17,0.405
6.9970e-02,0.275,0.09
6.9971e-02,0.125,0.415
6.9973e-02,0.135,0.065
6.9974e-02,0.26,0.425
6.9976e-02,0.2,0.09
6.9978e-02,0.255,0.41
6.9979e-02,0.16,0.095
6.9981e-02,0.26,0.41
6.9982e-02,0.215,0.055
6.9984e-02,0.305,0.44
6.9986e-02,0.235,0.1
6.9987e-02,0.235,0.395
6.9989e-02,0.21,0.075
6.9990e-02,0.21,0.415
6.9992e-02,0.245,0.06
6.9994e-02,0.18,0.435
6.9995e-02,0.255,0.055
6.9997e-02,0.195,0.44
6.9998e-02,0.145,0.06
7.0000e-02,0.225,0.43
7.0002e-02,0.24,0.105
7.0003e-02,0.23,0.395
7.0005e-02,0.25,0.09
7.0006e-02,0.215,0.4
7.0008e-02,0.245,0.095
7.0010e-02,0.29,0.39
7.0011e-02,0.285,0.065
7.0013e-02,0.165,0.425
7.0014e-02,0.195,0.065
7.0016e-02,0.205,0.425
7.0018e-02,0.225,0.085
7.0019e-02,0.215,0.41
7.0021e-02,0.255,0.075
7.0022e-02,0.27,0.425
7.0024e-02,0.255,0.085
7.0026e-02,0.345,0.4
7.0027e-02,0.325,0.085
7.0029e-02,0.24,0.41
7.0030e-02,0.255,0.08
7.0032e-02,0.2,0.415
7.0034e-02,0.23,0.075
7.0035e-02,0.185,0.425
7.0037e-02,0.255,0.09
7.0038e-02,0.185,0.4
7.0040e-02,0.125,0.07
7.0042e-02,0.245,0.42
7.0043e-02,0.3,0.06
7.0045e-02,0.275,0.435
7.0046e-02,0.26,0.065
7.0048e-02,0.305,0.42
7.0050e-02,0.245,0.065
7.0051e-02,0.27,0.43
7.0053e-02,0.215,0.075
7.0054e-02,0.245,0.415
7.0056e-02,0.16,0.065
7.0058e-02,0.2,0.43
7.0059e-02,0.29,0.07
7.0061e-02,0.265,0.42
7.0062e-02,0.23,0.07
7.0064e-02,0.255,0.425
7.0066e-02,0.275,0.1
7.0067e-02,0.12,0.39
7.0069e-02,0.295,0.095
7.0070e-02,0.245,0.405
7.0072e-02,0.155,0.08
7.0074e-02,0.21,0.405
7.0075e-02,0.285,0.08
7.0077e-02,0.305,0.405
7.0078e-02,0.28,0.07
7.0080e-02,0.27,0.415
7.0082e-02,0.265,0.07
7.0083e-02,0.23,0.415
7.0085e-02,0.315,0.06
7.0086e-02,0.22,0.42
7.0088e-02,0.175,0.06
7.0090e-02,0.15,0.425
7.0091e-02,0.175,0.07
7.0093e-02,0.22,0.41
7.0094e-02,0.13,0.075
7.0096e-02,0.21,0.405
7.0098e-02,0.205,0.09
7.0099e-02,0.11,0.395
7.0101e-02,0.16,0.075
7.0102e-02,0.24,0.415
7.0104e-02,0.145,0.075
7.0106e-02,0.215,0.405
7.0107e-02,0.24,0.095
7.0109e-02,0.175,0.385
7.0110e-02,0.21,0.065
7.0112e-02,0.295,0.42
7.0114e-02,0.23,0.075
7.0115e-02,0.12,0.405
7.0117e-02,0.28,0.095
7.0118e-02,0.21,0.385
7.0120e-02,0.3,0.095
7.0122e-02,0.235,0.38
7.0123e-02,0.29,0.055
7.0125e-02,0.22,0.42
7.0126e-02,0.32,0.1
7.0128e-02,0.36,0.38
7.0130e-02,0.18,0.055
7.0131e-02,0.185,0.42
7.0133e-02,0.21,0.08
7.0134e-02,0.195,0.4
7.0136e-02,0.225,0.085
7.0138e-02,0.25,0.39
7.0139e-02,0.265,0.085
7.0141e-02,0.24,0.39
7.0142e-02,0.23,0.075
7.0144e-02,0.22,0.4
7.0146e-02,0.175,0.075
7.0147e-02,0.18,0.405
7.0149e-02,0.175,0.095
7.0150e-02,0.23,0.38
7.0152e-02,0.195,0.08
7.0154e-02,0.195,0.4
7.0155e-02,0.26,0.08
7.0157e-02,0.155,0.395
7.0158e-02,0.125,0.085
7.0160e-02,0.12,0.39
7.0162e-02,0.31,0.09
7.0163e-02,0.235,0.39
7.0165e-02,0.3,0.08
7.0166e-02,0.26,0.385
7.0168e-02,0.25,0.08
7.0170e-02,0.3,0.4
7.0171e-02,0.305,0.075
7.0173e-02,0.245,0.405
7.0174e-02,0.125,0.065
7.0176e-02,0.28,0.405
7.0178e-02,0.18,0.07
7.0179e-02,0.27,0.4
7.0181e-02,0.205,0.02
7.0182e-02,0.195,0.45
7.0184e-02,0.23,0.08
7.0186e-02,0.205,0.395
7.0187e-02,0.265,0.075
7.0189e-02,0.225,0.39
7.0190e-02,0.27,0.085
7.0192e-02,0.285,0.39
7.0194e-02,0.23,0.065
7.0195e-02,0.23,0.42
7.0197e-02,0.16,0.075
7.0198e-02,0.245,0.395
7.0200e-02,0.195,0.08
7.0202e-02,0.23,0.395
7.0203e-02,0.355,0.06
7.0205e-02,0.25,0.41
7.0206e-02,0.25,0.105
7.0208e-02,0.185,0.37
7.0210e-02,0.14,0.075
7.0211e-02,0.305,0.395
7.0213e-02,0.27,0.1
7.0214e-02,0.28,0.375
7.0216e-02,0.16,0.085
7.0218e-02,0.135,0.395
7.0219e-02,0.2,0.075
7.0221e-02,0.2,0.4
7.0222e-02,0.245,0.07
7.0224e-02,0.235,0.405
7.0226e-02,0.285,0.045
7.0227e-02,0.205,0.415
7.0229e-02,0.335,0.03
7.0230e-02,0.305,0.43
7.0232e-02,0.19,0.075
7.0234e-02,0.185,0.395
7.0235e-02,0.155,0.045
7.0237e-02,0.205,0.42
7.0238e-02,0.3,0.065
7.0240e-02,0.18,0.41
7.0242e-02,0.205,0.08
7.0243e-02,0.255,0.39
7.0245e-02,0.265,0.08
7.0246e-02,0.27,0.39
7.0248e-02,0.31,0.085
7.0250e-02,0.335,0.39
7.0251e-02,0.185,0.06
7.0253e-02,0.32,0.405
7.0254e-02,0.225,0.055
7.0256e-02,0.205,0.41
7.0258e-02,0.26,0.075
7.0259e-02,0.245,0.395
7.0261e-02,0.235,0.065
7.0262e-02,0.28,0.405
7.0264e-02,0.345,0.055
7.0266e-02,0.23,0.42
7.0267e-02,0.19,0.08
7.0269e-02,0.22,0.39
7.0270e-02,0.25,0.07
7.0272e-02,0.225,0.395
7.0274e-02,0.34,0.085
7.0275e-02,0.16,0.38
7.0277e-02,0.225,0.085
7.0278e-02,0.275,0.38
7.0280e-02,0.225,0.08
7.0282e-02,0.2,0.39
7.0283e-02,0.265,0.08
7.0285e-02,0.27,0.385
7.0286e-02,0.29,0.065
7.0288e-02,0.305,0.395
7.0290e-02,0.225,0.065
7.0291e-02,0.135,0.4
7.0293e-02,0.225,0.065
7.0294e-02,0.095,0.395
7.0296e-02,0.26,0.04
7.0298e-02,0.235,0.42
7.0299e-02,0.17,0.075
7.0301e-02,0.205,0.4
7.0302e-02,0.21,0.06
7.0304e-02,0.3,0.41
7.0306e-02,0.19,0.08
7.0307e-02,0.295,0.38
7.0309e-02,0.285,0.08
7.0310e-02,0.245,0.385
7.0312e-02,0.315,0.08
7.0314e-02,0.245,0.38
7.0315e-02,0.295,0.085
7.0317e-02,0.275,0.375
7.0318e-02,0.225,0.07
7.0320e-02,0.32,0.39
7.0322e-02,0.265,0.085
7.0323e-02,0.31,0.385
7.0325e-02,0.225,0.085
7.0326e-02,0.16,0.37
7.0328e-02,0.305,0.05
7.0330e-02,0.245,0.41
7.0331e-02,0.265,0.045
7.0333e-02,0.265,0.41
7.0334e-02,0.205,0.08
7.0336e-02,0.285,0.37
7.0338e-02,0.19,0.09
7.0339e-02,0.225,0.37
7.0341e-02,0.165,0.065
7.0342e-02,0.19,0.39
7.0344e-02,0.195,0.07
7.0346e-02,0.14,0.39
7.0347e-02,0.355,0.045
7.0349e-02,0.205,0.415
7.0350e-02,0.175,0.055
7.0352e-02,0.285,0.4
7.0354e-02,0.245,0.05
7.0355e-02,0.245,0.41
7.0357e-02,0.25,0.1
7.0358e-02,0.225,0.35
7.0360e-02,0.135,0.08
7.0362e-02,0.25,0.375
7.0363e-02,0.225,0.06
7.0365e-02,0.235,0.395
7.0366e-02,0.18,0.065
7.0368e-02,0.21,0.39
7.0370e-02,0.275,0.04
7.0371e-02,0.195,0.415
7.0373e-02,0.31,0.07
7.0374e-02,0.29,0.38
7.0376e-02,0.21,0.075
7.0378e-02,0.29,0.38
7.0379e-02,0.225,0.06
7.0381e-02,0.285,0.395
7.0382e-02,0.21,0.055
7.0384e-02,0.155,0.39
7.0386e-02,0.155,0.03
7.0387e-02,0.285,0.42
7.0389e-02,0.21,0.035
7.0390e-02,0.205,0.41
7.0392e-02,0.195,0.055
7.0394e-02,0.27,0.4
7.0395e-02,0.21,0.045
7.0397e-02,0.28,0.395
7.0398e-02,0.26,0.02
7.0400e-02,0.21,0.43
7.0402e-02,0.28,0.065
7.0403e-02,0.2,0.39
7.0405e-02,0.285,0.065
7.0406e-02,0.25,0.385
7.0408e-02,0.235,0.065
7.0410e-02,0.17,0.38
7.0411e-02,0.285,0.07
7.0413e-02,0.33,0.375
7.0414e-02,0.26,0.065
7.0416e-02,0.32,0.385
7.0418e-02,0.27,0.085
7.0419e-02,0.27,0.365
7.0421e-02,0.325,0.075
7.0422e-02,0.24,0.375
7.0424e-02,0.26,0.055
7.0426e-02,0.265,0.395
7.0427e-02,0.165,0.05
7.0429e-02,0.25,0.395
7.0430e-02,0.225,0.055
7.0432e-02,0.25,0.385
7.0434e-02,0.22,0.06
7.0435e-02,0.19,0.39
7.0437e-02,0.235,0.035
7.0438e-02,0.245,0.415
7.0440e-02,0.28,0.065
7.0442e-02,0.08,0.39
7.0443e-02,0.235,0.08
7.0445e-02,0.175,0.375
7.0446e-02,0.23,0.06
7.0448e-02,0.195,0.38
7.0450e-02,0.11,0.07
7.0451e-02,0.18,0.38
7.0453e-02,0.23,0.05
7.0454e-02,0.2,0.395
7.0456e-02,0.205,0.04
7.0458e-02,0.245,0.405
7.0459e-02,0.165,0.045
7.0461e-02,0.255,0.4
7.0462e-02,0.25,0.07
7.0464e-02,0.245,0.37
7.0466e-02,0.22,0.02
7.0467e-02,0.295,0.43
7.0469e-02,0.11,0.045
7.0470e-02,0.27,0.4
7.0472e-02,0.225,0
7.0474e-02,0.165,0.465
7.0475e-02,0.19,0.01
7.0477e-02,0.1,0.43
7.0478e-02,0.235,0.055
7.0480e-02,0.235,0.38
7.0482e-02,0.235,0.035
7.0483e-02,0.21,0.415
7.0485e-02,0.295,0.065
7.0486e-02,0.255,0.375
7.0488e-02,0.3,0.05
7.0490e-02,0.28,0.4
7.0491e-02,0.2,0.06
7.0493e-02,0.245,0.385
7.0494e-02,0.155,0.035
7.0496e-02,0.26,0.415
7.0498e-02,0.2,0.055
7.0499e-02,0.205,0.39
7.0501e-02,0.11,0.065
7.0502e-02,0.32,0.385
7.0504e-02,0.205,0.05
7.0506e-02,0.31,0.395
7.0507e-02,0.235,0.02
7.0509e-02,0.26,0.42
7.0510e-02,0.225,0.045
7.0512e-02,0.29,0.39
7.0514e-02,0.21,0.06
7.0515e-02,0.195,0.38
7.0517e-02,0.18,0.065
7.0518e-02,0.115,0.38
7.0520e-02,0.155,0.065
7.0522e-02,0.175,0.37
7.0523e-02,0.225,0.08
7.0525e-02,0.185,0.365
7.0526e-02,0.22,0.035
7.0528e-02,0.23,0.39
7.0530e-02,0.29,0.04
7.0531e-02,0.275,0.4
7.0533e-02,0.26,0.06
7.0534e-02,0.18,0.375
7.0536e-02,0.21,0.03
7.0538e-02,0.25,0.41
7.0539e-02,0.155,0.03
7.0541e-02,0.245,0.395
7.0542e-02,0.08,0.015
7.0544e-02,0.255,0.425
7.0546e-02,0.18,0.06
7.0547e-02,0.19,0.375
7.0549e-02,0.185,0.055
7.0550e-02,0.205,0.38
7.0552e-02,0.195,0.065
7.0554e-02,0.24,0.375
7.0555e-02,0.3,0.06
7.0557e-02,0.21,0.38
7.0558e-02,0.29,0.075
7.0560e-02,0.205,0.36
7.0562e-02,0.225,0.005
7.0563e-02,0.285,0.435
7.0565e-02,0.25,0.025
7.0566e-02,0.195,0.415
7.0568e-02,0.22,0.045
7.0570e-02,0.24,0.39
7.0571e-02,0.25,0.045
7.0573e-02,0.21,0.385
7.0574e-02,0.145,0.075
7.0576e-02,0.165,0.36
7.0578e-02,0.14,0.08
7.0579e-02,0.29,0.36
7.0581e-02,0.24,0.07
7.0582e-02,0.18,0.36
7.0584e-02,0.285,0.06
7.0586e-02,0.18,0.385
7.0587e-02,0.21,0.06
7.0589e-02,0.255,0.375
7.0590e-02,0.24,0.07
7.0592e-02,0.23,0.365
7.0594e-02,0.195,0.025
7.0595e-02,0.22,0.4
7.0597e-02,0.23,0.035
7.0598e-02,0.25,0.39
7.0600e-02,0.145,0.05
7.0602e-02,0.255,0.385
7.0603e-02,0.255,0.065
7.0605e-02,0.22,0.36
7.0606e-02,0.165,0.08
7.0608e-02,0.12,0.35
7.0610e-02,0.165,0.055
7.0611e-02,0.22,0.375
7.0613e-02,0.145,0.05
7.0614e-02,0.255,0.38
7.0616e-02,0.245,0.035
7.0618e-02,0.17,0.395
7.0619e-02,0.26,0.045
7.0621e-02,0.185,0.38
7.0622e-02,0.255,0.04
7.0624e-02,0.25,0.38
7.0626e-02,0.16,0.055
7.0627e-02,0.23,0.38
7.0629e-02,0.295,0.045
7.0630e-02,0.3,0.38
7.0632e-02,0.3,0.035
7.0634e-02,0.275,0.395
7.0635e-02,0.165,0.045
7.0637e-02,0.21,0.38
7.0638e-02,0.205,0.045
7.0640e-02,0.15,0.395
7.0642e-02,0.105,0.03
7.0643e-02,0.165,0.4
7.0645e-02,0.17,0.075
7.0646e-02,0.27,0.345
7.0648e-02,0.23,0.01
7.0650e-02,0.185,0.405
7.0651e-02,0.255,0.05
7.0653e-02,0.275,0.38
7.0654e-02,0.205,0.045
7.0656e-02,0.235,0.385
7.0658e-02,0.185,0.06
7.0659e-02,0.16,0.36
7.0661e-02,0.2,0.03
7.0662e-02,0.17,0.405
7.0664e-02,0.135,0.015
7.0666e-02,0.14,0.4
7.0667e-02,0.14,0.04
7.0669e-02,0.135,0.39
7.0670e-02,0.17,0.05
7.0672e-02,0.19,0.375
7.0674e-02,0.19,0.06
7.0675e-02,0.225,0.365
7.0677e-02,0.215,0.05
7.0678e-02,0.26,0.37
7.0680e-02,0.27,0.04
7.0682e-02,0.32,0.38
7.0683e-02,0.21,0.06
7.0685e-02,0.255,0.365
7.0686e-02,0.255,0.04
7.0688e-02,0.265,0.38
7.0690e-02,0.28,0.04
7.0691e-02,0.215,0.38
7.0693e-02,0.16,0.045
7.0694e-02,0.3,0.37
7.0696e-02,0.25,0.045
7.0698e-02,0.23,0.375
7.0699e-02,0.215,0.025
7.0701e-02,0.15,0.39
7.0702e-02,0.275,0.015
7.0704e-02,0.155,0.395
7.0706e-02,0.23,0.045
7.0707e-02,0.17,0.365
7.0709e-02,0.185,0.045
7.0710e-02,0.27,0.37
7.0712e-02,0.195,0.035
7.0714e-02,0.165,0.385
7.0715e-02,0.22,0.04
7.0717e-02,0.135,0.385
7.0718e-02,0.15,0.035
7.0720e-02,0.285,0.375
7.0722e-02,0.155,0.045
7.0723e-02,0.285,0.375
7.0725e-02,0.22,0.04
7.0726e-02,0.18,0.37
7.0728e-02,0.23,0.055
7.0730e-02,0.245,0.365
7.0731e-02,0.175,0.02
7.0733e-02,0.14,0.405
7.0734e-02,0.135,0.025
7.0736e-02,0.205,0.39
7.0738e-02,0.19,0.055
7.0739e-02,0.195,0.365
7.0741e-02,0.15,0.05
7.0742e-02,0.16,0.375
7.0744e-02,0.21,0.04
7.0746e-02,0.28,0.385
7.0747e-02,0.14,0.03
7.0749e-02,0.235,0.385
7.0750e-02,0.12,0.055
7.0752e-02,0.27,0.365
7.0754e-02,0.27,0.055
7.0755e-02,0.16,0.365
7.0757e-02,0.205,0.035
7.0758e-02,0.265,0.39
7.0760e-02,0.185,0.045
7.0762e-02,0.285,0.375
7.0763e-02,0.225,0.02
7.0765e-02,0.135,0.39
7.0766e-02,0.265,0.04
7.0768e-02,0.125,0.385
7.0770e-02,0.21,0.025
7.0771e-02,0.235,0.395
7.0773e-02,0.17,0.05
7.0774e-02,0.255,0.37
7.0776e-02,0.235,0.04
7.0778e-02,0.22,0.37
7.0779e-02,0.19,0.035
7.0781e-02,0.21,0.385
7.0782e-02,0.205,0.05
7.0784e-02,0.19,0.37
7.0786e-02,0.285,0.03
7.0787e-02,0.305,0.395
7.0789e-02,0.24,0.04
7.0790e-02,0.21,0.375
7.0792e-02,0.22,0.005
7.0794e-02,0.195,0.405
7.0795e-02,0.27,0
7.0797e-02,0.165,0.42
7.0798e-02,0.16,0.03
7.0800e-02,0.24,0.39
7.0802e-02,0.24,0.05
7.0803e-02,0.345,0.355
7.0805e-02,0.19,0.05
7.0806e-02,0.205,0.36
7.0808e-02,0.205,0.065
7.0810e-02,0.225,0.35
7.0811e-02,0.18,0.055
7.0813e-02,0.12,0.355
7.0814e-02,0.175,0.045
7.0816e-02,0.125,0.365
7.0818e-02,0.25,0.045
7.0819e-02,0.15,0.365
7.0821e-02,0.175,0.05
7.0822e-02,0.175,0.355
7.0824e-02,0.265,0.035
7.0826e-02,0.245,0.37
7.0827e-02,0.26,0.045
7.0829e-02,0.28,0.365
7.0830e-02,0.2,0.02
7.0832e-02,0.235,0.385
7.0834e-02,0.27,0.05
7.0835e-02,0.16,0.35
7.0837e-02,0.255,0.035
7.0838e-02,0.185,0.365
7.0840e-02,0.17,0.04
7.0842e-02,0.255,0.355
7.0843e-02,0.16,0.03
7.0845e-02,0.245,0.38
7.0846e-02,0.175,0.03
7.0848e-02,0.13,0.36
7.0850e-02,0.18,0.05
7.0851e-02,0.15,0.345
7.0853e-02,0.21,0.055
7.0854e-02,0.125,0.34
7.0856e-02,0.12,0.025
7.0858e-02,0.265,0.37
7.0859e-02,0.255,0.015
7.0861e-02,0.205,0.38
7.0862e-02,0.325,-0.025
7.0864e-02,0.165,0.425
7.0866e-02,0.285,0.02
7.0867e-02,0.265,0.37
7.0869e-02,0.145,0.035
7.0870e-02,0.095,0.36
7.0872e-02,0.18,0.03
7.0874e-02,0.15,0.365
7.0875e-02,0.21,0.045
7.0877e-02,0.155,0.355
7.0878e-02,0.205,0.02
7.0880e-02,0.11,0.375
7.0882e-02,0.245,0.05
7.0883e-02,0.17,0.355
7.0885e-02,0.17,0.045
7.0886e-02,0.235,0.35
7.0888e-02,0.185,0.045
7.0890e-02,0.235,0.35
7.0891e-02,0.26,0.035
7.0893e-02,0.25,0.36
7.0894e-02,0.265,0.02
7.0896e-02,0.195,0.375
7.0898e-02,0.23,0.05
7.0899e-02,0.21,0.355
7.0901e-02,0.285,0.02
7.0902e-02,0.23,0.375
7.0904e-02,0.1,0.06
7.0906e-02,0.285,0.34
7.0907e-02,0.235,0.045
7.0909e-02,0.21,0.355
7.0910e-02,0.2,0.045
7.0912e-02,0.2,0.355
7.0914e-02,0.2,0.035
7.0915e-02,0.29,0.36
7.0917e-02,0.205,0.035
7.0918e-02,0.25,0.36
7.0920e-02,0.24,0.04
7.0922e-02,0.24,0.365
7.0923e-02,0.24,0.035
7.0925e-02,0.265,0.365
7.0926e-02,0.175,0.035
7.0928e-02,0.14,0.365
7.0930e-02,0.165,0.055
7.0931e-02,0.14,0.345
7.0933e-02,0.165,0.03
7.0934e-02,0.16,0.375
7.0936e-02,0.1,0.035
7.0938e-02,0.17,0.36
7.0939e-02,0.185,0.035
7.0941e-02,0.295,0.365
7.0942e-02,0.155,0.035
7.0944e-02,0.26,0.37
7.0946e-02,0.155,0.035
7.0947e-02,0.225,0.365
7.0949e-02,0.24,0.04
7.0950e-02,0.215,0.355
7.0952e-02,0.13,0.025
7.0954e-02,0.2,0.37
7.0955e-02,0.205,0.04
7.0957e-02,0.205,0.36
7.0958e-02,0.21,0.02
7.0960e-02,0.21,0.375
7.0962e-02,0.24,0.04
7.0963e-02,0.225,0.355
7.0965e-02,0.26,0.015
7.0966e-02,0.25,0.385
7.0968e-02,0.18,-0.005
7.0970e-02,0.215,0.4
7.0971e-02,0.2,0.01
7.0973e-02,0.265,0.38
7.0974e-02,0.19,0.005
7.0976e-02,0.175,0.38
7.0978e-02,0.14,0.03
7.0979e-02,0.25,0.37
7.0981e-02,0.205,0.035
7.0982e-02,0.225,0.355
7.0984e-02,0.15,0.04
7.0986e-02,0.275,0.35
7.0987e-02,0.19,0.01
7.0989e-02,0.275,0.38
7.0990e-02,0.29,0.035
7.0992e-02,0.245,0.355
7.0994e-02,0.24,0.04
7.0995e-02,0.23,0.345
7.0997e-02,0.245,0.035
7.0998e-02,0.29,0.355
7.1000e-02,0.185,0.045
7.1002e-02,0.22,0.34
7.1003e-02,0.16,0.055
7.1005e-02,0.21,0.335
7.1006e-02,0.265,0.025
7.1008e-02,0.13,0.355
7.1010e-02,0.17,-0.01
7.1011e-02,0.2,0.395
7.1013e-02,0.23,0
7.1014e-02,0.22,0.375
7.1016e-02,0.185,0.015
7.1018e-02,0.25,0.37
7.1019e-02,0.22,0.005
7.1021e-02,0.205,0.38
7.1022e-02,0.31,0.015
7.1024e-02,0.165,0.365
7.1026e-02,0.19,0.025
7.1027e-02,0.165,0.36
7.1029e-02,0.205,0.035
7.1030e-02,0.225,0.345
7.1032e-02,0.12,0.035
7.1034e-02,0.175,0.355
7.1035e-02,0.165,0.045
7.1037e-02,0.195,0.335
7.1038e-02,0.22,0.04
7.1040e-02,0.17,0.34
7.1042e-02,0.18,0.01
7.1043e-02,0.18,0.375
7.1045e-02,0.195,0.005
7.1046e-02,0.25,0.38
7.1048e-02,0.135,-0.015
7.1050e-02,0.17,0.4
7.1051e-02,0.17,-0.005
7.1053e-02,0.145,0.385
7.1054e-02,0.165,-0.005
7.1056e-02,0.16,0.385
7.1058e-02,0.15,-0.01
7.1059e-02,0.115,0.39
7.1061e-02,0.14,0
7.1062e-02,0.21,0.375
7.1064e-02,0.165,0.055
7.1066e-02,0.17,0.33
7.1067e-02,0.2,0.025
7.1069e-02,0.22,0.355
7.1070e-02,0.245,0.015
7.1072e-02,0.215,0.365
7.1074e-02,0.24,0.01
7.1075e-02,0.115,0.37
7.1077e-02,0.225,0.015
7.1078e-02,0.23,0.36
7.1080e-02,0.175,0.01
7.1082e-02,0.07,0.365
7.1083e-02,0.185,0.005
7.1085e-02,0.175,0.38
7.1086e-02,0.18,0.015
7.1088e-02,0.13,0.36
7.1090e-02,0.14,0.035
7.1091e-02,0.135,0.345
7.1093e-02,0.16,0.015
7.1094e-02,0.1,0.375
7.1096e-02,0.21,0.035
7.1098e-02,0.08,0.355
7.1099e-02,0.14,0.01
7.1101e-02,0.12,0.365
7.1102e-02,0.19,0.025
7.1104e-02,0.135,0.355
7.1106e-02,0.235,0.015
7.1107e-02,0.185,0.365
7.1109e-02,0.18,-0.005
7.1110e-02,0.24,0.38
7.1112e-02,0.315,0.035
7.1114e-02,0.21,0.34
7.1115e-02,0.145,0.02
7.1117e-02,0.26,0.355
7.1118e-02,0.21,0.025
7.1120e-02,0.24,0.355
7.1122e-02,0.085,0.045
7.1123e-02,0.215,0.335
7.1125e-02,0.2,0.03
7.1126e-02,0.185,0.34
7.1128e-02,0.255,0.01
7.1130e-02,0.245,0.365
7.1131e-02,0.23,0.04
7.1133e-02,0.215,0.335
7.1134e-02,0.26,0.035
7.1136e-02,0.145,0.335
7.1138e-02,0.165,0.03
7.1139e-02,0.03,0.34
7.1141e-02,0.155,0.025
7.1142e-02,0.105,0.35
7.1144e-02,0.245,0.02
7.1146e-02,0.1,0.345
7.1147e-02,0.19,0.01
7.1149e-02,0.1,0.36
7.1150e-02,0.24,0.01
7.1152e-02,0.15,0.355
7.1154e-02,0.105,0.01
7.1155e-02,0.19,0.365
7.1157e-02,0.19,0.015
7.1158e-02,0.17,0.345
7.1160e-02,0.29,0.03
7.1162e-02,0.145,0.33
7.1163e-02,0.155,0.04
7.1165e-02,0.07,0.33
7.1166e-02,0.19,0.01
7.1168e-02,0.155,0.355
7.1170e-02,0.185,0.02
7.1171e-02,0.115,0.35
7.1173e-02,0.125,0.015
7.1174e-02,0.09,0.345
7.1176e-02,0.24,0.03
7.1178e-02,0.12,0.335
7.1179e-02,0.115,0.01
7.1181e-02,0.23,0.355
7.1182e-02,0.22,0.015
7.1184e-02,0.17,0.355
7.1186e-02,0.29,0.02
7.1187e-02,0.16,0.345
7.1189e-02,0.285,0.03
7.1190e-02,0.18,0.34
7.1192e-02,0.25,0
7.1194e-02,0.11,0.37
7.1195e-02,0.195,0
7.1197e-02,0.125,0.365
7.1198e-02,0.14,0.045
7.1200e-02,0.19,0.31
7.1202e-02,0.145,0.01
7.1203e-02,0.14,0.355
7.1205e-02,0.08,0.025
7.1206e-02,0.24,0.34
7.1208e-02,0.205,0.025
7.1210e-02,0.155,0.33
7.1211e-02,0.15,-0.005
7.1213e-02,0.09,0.365
7.1214e-02,0.225,0.035
7.1216e-02,0.195,0.33
7.1218e-02,0.195,0.045
7.1219e-02,0.08,0.32
7.1221e-02,0.19,0.02
7.1222e-02,0.185,0.34
7.1224e-02,0.19,0.015
7.1226e-02,0.245,0.35
7.1227e-02,0.18,0.035
7.1229e-02,0.18,0.335
7.1230e-02,0.22,0.045
7.1232e-02,0.23,0.32
7.1234e-02,0.205,0.015
7.1235e-02,0.305,0.35
7.1237e-02,0.135,0.015
7.1238e-02,0.3,0.34
7.1240e-02,0.245,-0.015
7.1242e-02,0.185,0.375
7.1243e-02,0.11,0.005
7.1245e-02,0.255,0.345
7.1246e-02,0.185,0.02
7.1248e-02,0.305,0.345
7.1250e-02,0.19,0.025
7.1251e-02,0.24,0.34
7.1253e-02,0.135,0.04
7.1254e-02,0.225,0.32
7.1256e-02,0.165,0.03
7.1258e-02,0.07,0.335
7.1259e-02,0.13,0.04
7.1261e-02,0.12,0.31
7.1262e-02,0.135,-0.005
7.1264e-02,0.21,0.365
7.1266e-02,0.195,0.025
7.1267e-02,0.11,0.335
7.1269e-02,0.17,0.025
7.1270e-02,0.12,0.335
7.1272e-02,0.12,0.025
7.1274e-02,0.19,0.335
7.1275e-02,0.18,0.01
7.1277e-02,0.14,0.35
7.1278e-02,0.205,0.03
7.1280e-02,0.215,0.325
7.1282e-02,0.1,0.03
7.1283e-02,0.145,0.335
7.1285e-02,0.14,0.01
7.1286e-02,0.22,0.35
7.1288e-02,0.175,0.035
7.1290e-02,0.155,0.32
7.1291e-02,0.145,0.045
7.1293e-02,0.225,0.31
7.1294e-02,0.23,0.02
7.1296e-02,0.215,0.34
7.1298e-02,0.26,-0.005
7.1299e-02,0.21,0.36
7.1301e-02,0.22,0.025
7.1302e-02,0.26,0.335
7.1304e-02,0.25,0.01
7.1306e-02,0.205,0.345
7.1307e-02,0.125,-0.01
7.1309e-02,0.23,0.365
7.1310e-02,0.06,0
7.1312e-02,0.235,0.365
7.1314e-02,0.17,0.01
7.1315e-02,0.11,0.34
7.1317e-02,0.15,0.025
7.1318e-02,0.255,0.33
7.1320e-02,0.2,-0.02
7.1322e-02,0.25,0.365
7.1323e-02,0.155,0.015
7.1325e-02,0.16,0.345
7.1326e-02,0.23,0
7.1328e-02,0.17,0.345
7.1330e-02,0.135,0.01
7.1331e-02,0.11,0.33
7.1333e-02,0.25,0.01
7.1334e-02,0.1,0.335
7.1336e-02,0.24,0.005
7.1338e-02,0.145,0.34
7.1339e-02,0.22,-0.005
7.1341e-02,0.15,0.345
7.1342e-02,0.23,0.015
7.1344e-02,0.135,0.335
7.1346e-02,0.225,0.03
7.1347e-02,0.085,0.32
7.1349e-02,0.15,0.025
7.1350e-02,0.125,0.32
7.1352e-02,0.19,0.01
7.1354e-02,0.11,0.325
7.1355e-02,0.14,0.01
7.1357e-02,0.1,0.33
7.1358e-02,0.165,0.01
7.1360e-02,0.145,0.325
7.1362e-02,0.265,-0.005
7.1363e-02,0.05,0.345
7.1365e-02,0.18,0.015
7.1366e-02,0.22,0.32
7.1368e-02,0.195,-0.01
7.1370e-02,0.25,0.355
7.1371e-02,0.18,0.015
7.1373e-02,0.16,0.32
7.1374e-02,0.25,0.005
7.1376e-02,0.235,0.33
7.1378e-02,0.165,-0.015
7.1379e-02,0.2,0.35
7.1381e-02,0.14,0.02
7.1382e-02,0.18,0.33
7.1384e-02,0.19,-0.005
7.1386e-02,0.11,0.35
7.1387e-02,0.155,0.03
7.1389e-02,0.16,0.31
7.1390e-02,0.155,0.005
7.1392e-02,0.255,0.34
7.1394e-02,0.215,-0.01
7.1395e-02,0.145,0.35
7.1397e-02,0.225,0.02
7.1398e-02,0.165,0.32
7.1400e-02,0.195,-0.02
7.1402e-02,0.135,0.37
7.1403e-02,0.145,0.005
7.1405e-02,0.155,0.34
7.1406e-02,0.275,0.02
7.1408e-02,0.235,0.33
7.1410e-02,0.165,-0.025
7.1411e-02,0.25,0.365
7.1413e-02,0.08,0.015
7.1414e-02,0.245,0.33
7.1416e-02,0.19,0.015
7.1418e-02,0.215,0.32
7.1419e-02,0.195,-0.01
7.1421e-02,0.225,0.36
7.1422e-02,0.185,-0.015
7.1424e-02,0.26,0.355
7.1426e-02,0.18,0.01
7.1427e-02,0.125,0.32
7.1429e-02,0.195,-0.005
7.1430e-02,0.1,0.345
7.1432e-02,0.205,-0.005
7.1434e-02,0.125,0.345
7.1435e-02,0.135,0.03
7.1437e-02,0.21,0.315
7.1438e-02,0.155,0.03
7.1440e-02,0.28,0.315
7.1442e-02,0.175,0.005
7.1443e-02,0.225,0.34
7.1445e-02,0.155,0.02
7.1446e-02,0.22,0.33
7.1448e-02,0.16,-0.015
7.1450e-02,0.21,0.355
7.1451e-02,0.05,0.005
7.1453e-02,0.11,0.345
7.1454e-02,0.105,0.005
7.1456e-02,0.145,0.345
7.1458e-02,0.205,-0.02
7.1459e-02,0.145,0.365
7.1461e-02,0.185,-0.005
7.1462e-02,0.26,0.35
7.1464e-02,0.305,0.025
7.1466e-02,0.26,0.31
7.1467e-02,0.185,0.005
7.1469e-02,0.105,0.33
7.1470e-02,0.17,0.01
7.1472e-02,0.155,0.325
7.1474e-02,0.125,0.015
7.1475e-02,0.11,0.325
7.1477e-02,0.055,0.02
7.1478e-02,0.195,0.325
7.1480e-02,0.19,0.01
7.1482e-02,0.085,0.33
7.1483e-02,0.15,-0.015
7.1485e-02,0.06,0.355
7.1486e-02,0.19,-0.03
7.1488e-02,0.26,0.37
7.1490e-02,0.15,0
7.1491e-02,0.305,0.34
7.1493e-02,0.13,-0.01
7.1494e-02,0.285,0.345
7.1496e-02,0.19,0
7.1498e-02,0.16,0.34
7.1499e-02,0.225,-0.025
7.1501e-02,0.21,0.365
7.1502e-02,0.185,-0.005
7.1504e-02,0.195,0.345
7.1506e-02,0.09,0.02
7.1507e-02,0.135,0.315
7.1509e-02,0.175,-0.01
7.1510e-02,0.135,0.335
7.1512e-02,0.215,-0.01
7.1514e-02,0.105,0.345
7.1515e-02,0.11,0.02
7.1517e-02,0.155,0.31
7.1518e-02,0.115,-0.015
7.1520e-02,0.21,0.34
7.1522e-02,0.245,0.01
7.1523e-02,0.125,0.315
7.1525e-02,0.17,0.02
7.1526e-02,0.075,0.305
7.1528e-02,0.19,-0.01
7.1530e-02,0.195,0.335
7.1531e-02,0.095,-0.015
7.1533e-02,0.165,0.35
7.1534e-02,0.125,0.03
7.1536e-02,0.14,0.3
7.1538e-02,0.185,-0.005
7.1539e-02,0.09,0.335
7.1541e-02,0.155,0
7.1542e-02,0.185,0.325
7.1544e-02,0.095,-0.015
7.1546e-02,0.215,0.34
7.1547e-02,0.02,0.005
7.1549e-02,0.16,0.32
7.1550e-02,0.26,-0.01
7.1552e-02,0.135,0.335
7.1554e-02,0.195,0.02
7.1555e-02,0.08,0.31
7.1557e-02,0.12,0.02
7.1558e-02,0.21,0.305
7.1560e-02,0.13,0.005
7.1562e-02,0.2,0.315
7.1563e-02,0.155,-0.02
7.1565e-02,0.1,0.34
7.1566e-02,0.275,-0.005
7.1568e-02,0.13,0.34
7.1570e-02,0.185,-0.03
7.1571e-02,0.115,0.355
7.1573e-02,0.11,-0.01
7.1574e-02,0.3,0.335
7.1576e-02,0.2,-0.03
7.1578e-02,0.2,0.355
7.1579e-02,0.235,0
7.1581e-02,0.205,0.315
7.1582e-02,0.2,-0.015
7.1584e-02,0.205,0.335
7.1586e-02,0.1,-0.015
7.1587e-02,0.185,0.33
7.1589e-02,0.17,-0.01
7.1590e-02,0.12,0.32
7.1592e-02,0.22,-0.005
7.1594e-02,0.045,0.32
7.1595e-02,0.11,0.01
7.1597e-02,0.095,0.315
7.1598e-02,0.165,-0.005
7.1600e-02,0.15,0.325
7.1602e-02,0.215,-0.01
7.1603e-02,0.165,0.325
7.1605e-02,0.225,0.005
7.1606e-02,0.2,0.31
7.1608e-02,0.155,-0.015
7.1610e-02,0.175,0.335
7.1611e-02,0.13,-0.01
7.1613e-02,0.09,0.32
7.1614e-02,0.26,-0.025
7.1616e-02,0.07,0.335
7.1618e-02,0.165,0
7.1619e-02,0.005,0.315
7.1621e-02,0.105,0.005
7.1622e-02,0.085,0.3
7.1624e-02,0.21,-0.02
7.1626e-02,0.095,0.325
7.1627e-02,0.135,-0.01
7.1629e-02,0.17,0.32
7.1630e-02,0.205,-0.01
7.1632e-02,0.155,0.32
7.1634e-02,0.18,-0.035
7.1635e-02,0.07,0.345
7.1637e-02,0.19,0.015
7.1638e-02,0.2,0.3
7.1640e-02,0.195,-0.01
7.1642e-02,0.105,0.315
7.1643e-02,0.12,0
7.1645e-02,0.15,0.315
7.1646e-02,0.135,0.005
7.1648e-02,0.195,0.305
7.1650e-02,0.08,0.01
7.1651e-02,0.195,0.3
7.1653e-02,0.16,-0.005
7.1654e-02,0.11,0.315
7.1656e-02,0.14,0
7.1658e-02,0.105,0.315
7.1659e-02,0.04,-0.025
7.1661e-02,0.12,0.33
7.1662e-02,0.13,0.005
7.1664e-02,0.155,0.31
7.1666e-02,0.14,-0.03
7.1667e-02,0.15,0.34
7.1669e-02,0.085,0
7.1670e-02,0.195,0.32
7.1672e-02,0.13,0
7.1674e-02,0.075,0.32
7.1675e-02,0.07,0
7.1677e-02,0.09,0.31
7.1678e-02,0.115,-0.015
7.1680e-02,0.125,0.34
7.1682e-02,0.115,-0.01
7.1683e-02,0.055,0.33
7.1685e-02,0.195,-0.015
7.1686e-02,0.18,0.33
7.1688e-02,0.245,0.015
7.1690e-02,0.12,0.3
7.1691e-02,0.17,-0.05
7.1693e-02,0.125,0.37
7.1694e-02,0.185,0.005
7.1696e-02,0.135,0.315
7.1698e-02,0.1,0.02
7.1699e-02,0.15,0.3
7.1701e-02,0.24,0
7.1702e-02,0.085,0.305
7.1704e-02,0.24,-0.025
7.1706e-02,0.14,0.345
7.1707e-02,0.195,-0.01
7.1709e-02,0.155,0.325
7.1710e-02,0.24,0
7.1712e-02,0.135,0.32
7.1714e-02,0.16,0.005
7.1715e-02,0.13,0.31
7.1717e-02,0.145,-0.025
7.1718e-02,0.19,0.34
7.1720e-02,0.19,0.005
7.1722e-02,0.155,0.31
7.1723e-02,0.07,0
7.1725e-02,0.225,0.315
7.1726e-02,0.125,-0.005
7.1728e-02,0.215,0.31
7.1730e-02,0.12,-0.005
7.1731e-02,0.175,0.315
7.1733e-02,0.14,0
7.1734e-02,0.26,0.31
7.1736e-02,0.15,-0.02
7.1738e-02,0.155,0.33
7.1739e-02,0.145,-0.04
7.1741e-02,0.215,0.35
7.1742e-02,0.09,-0.01
7.1744e-02,0.21,0.315
7.1746e-02,0.115,-0.04
7.1747e-02,0.04,0.335
7.1749e-02,0.115,-0.055
7.1750e-02,0.085,0.355
7.1752e-02,0.155,0
7.1754e-02,0.095,0.295
7.1755e-02,0.12,-0.025
7.1757e-02,0.185,0.33
7.1758e-02,0.2,-0.02
7.1760e-02,0.23,0.325
7.1762e-02,0.08,-0.03
7.1763e-02,0.2,0.33
7.1765e-02,0.16,-0.015
7.1766e-02,0.125,0.31
7.1768e-02,0.105,-0.02
7.1770e-02,0.075,0.32
7.1771e-02,0.075,-0.05
7.1773e-02,0.09,0.34
7.1774e-02,0.165,-0.01
7.1776e-02,0.08,0.3
7.1778e-02,0.085,-0.025
7.1779e-02,0.13,0.325
7.1781e-02,0.06,-0.04
7.1782e-02,0.125,0.33
7.1784e-02,0.13,-0.045
7.1786e-02,0.09,0.345
7.1787e-02,0.065,-0.045
7.1789e-02,0.14,0.34
7.1790e-02,0.05,-0.04
7.1792e-02,0.225,0.33
7.1794e-02,0.095,-0.02
7.1795e-02,0.125,0.305
7.1797e-02,0.145,-0.01
7.1798e-02,0.185,0.3
7.1800e-02,0.055,-0.01
7.1802e-02,0.17,0.3
7.1803e-02,0.065,-0.025
7.1805e-02,0.22,0.32
7.1806e-02,0.225,-0.04
7.1808e-02,0.135,0.33
7.1810e-02,0.21,-0.025
7.1811e-02,0.175,0.31
7.1813e-02,0.16,-0.015
7.1814e-02,0.18,0.315
7.1816e-02,0.09,-0.025
7.1818e-02,0.1,0.325
7.1819e-02,0.055,-0.04
7.1821e-02,0.14,0.335
7.1822e-02,0.07,0.005
7.1824e-02,0.225,0.29
7.1826e-02,0.11,-0.01
7.1827e-02,0.135,0.295
7.1829e-02,0.205,-0.035
7.1830e-02,0.18,0.335
7.1832e-02,0.22,0
7.1834e-02,0.135,0.295
7.1835e-02,0.155,-0.045
7.1837e-02,0.16,0.325
7.1838e-02,0.25,-0.02
7.1840e-02,0.15,0.315
7.1842e-02,0.125,-0.055
7.1843e-02,0.15,0.35
7.1845e-02,0.15,-0.025
7.1846e-02,0.22,0.325
7.1848e-02,0.16,0
7.1850e-02,0.13,0.295
7.1851e-02,0.205,-0.03
7.1853e-02,0.225,0.325
7.1854e-02,0.165,-0.015
7.1856e-02,0.205,0.31
7.1858e-02,0.165,-0.01
7.1859e-02,0.165,0.305
7.1861e-02,0.19,0.005
7.1862e-02,0.2,0.29
7.1864e-02,0.215,-0.02
7.1866e-02,0.165,0.315
7.1867e-02,0.185,-0.03
7.1869e-02,0.255,0.315
7.1870e-02,0.23,-0.035
7.1872e-02,0.185,0.325
7.1874e-02,0.16,-0.06
7.1875e-02,0.205,0.355
7.1877e-02,0.165,-0.025
7.1878e-02,0.225,0.325
7.1880e-02,0.13,-0.015
7.1882e-02,0.095,0.295
7.1883e-02,0.175,-0.04
7.1885e-02,0.12,0.325
7.1886e-02,0.16,-0.015
7.1888e-02,0.12,0.305
7.1890e-02,0.035,-0.02
7.1891e-02,0.205,0.3
7.1893e-02,0.03,-0.01
7.1894e-02,0.2,0.295
7.1896e-02,0.08,-0.005
7.1898e-02,0.11,0.3
7.1899e-02,0.155,-0.025
7.1901e-02,0.13,0.31
7.1902e-02,0.155,-0.01
7.1904e-02,0.24,0.305
7.1906e-02,0.02,-0.005
7.1907e-02,0.215,0.29
7.1909e-02,0.125,-0.03
7.1910e-02,0.16,0.31
7.1912e-02,0.09,-0.025
7.1914e-02,0.04,0.31
7.1915e-02,0.18,-0.025
7.1917e-02,0.125,0.31
7.1918e-02,0.145,-0.045
7.1920e-02,0.14,0.315
7.1922e-02,0.16,-0.02
7.1923e-02,0.22,0.305
7.1925e-02,0.225,-0.015
7.1926e-02,0.15,0.3
7.1928e-02,0.205,-0.015
7.1930e-02,0.18,0.295
7.1931e-02,0.16,-0.02
7.1933e-02,0.135,0.3
7.1934e-02,0.225,-0.005
7.1936e-02,0.05,0.28
7.1938e-02,0.215,-0.025
7.1939e-02,0.01,0.295
7.1941e-02,0.215,-0.02
7.1942e-02,0.135,0.3
7.1944e-02,0.095,-0.01
7.1946e-02,0.11,0.29
7.1947e-02,0.12,-0.01
7.1949e-02,0.15,0.285
7.1950e-02,0.245,-0.02
7.1952e-02,0.085,0.3
7.1954e-02,0.165,-0.015
7.1955e-02,0.225,0.29
7.1957e-02,0.21,-0.035
7.1958e-02,0.165,0.305
7.1960e-02,0.16,-0.03
7.1962e-02,0.085,0.305
7.1963e-02,0.19,-0.02
7.1965e-02,0.09,0.295
7.1966e-02,0.095,-0.035
7.1968e-02,0.1,0.31
7.1970e-02,0.065,-0.02
7.1971e-02,0.145,0.3
7.1973e-02,0.095,-0.005
7.1974e-02,0.075,0.28
7.1976e-02,0.1,-0.02
7.1978e-02,0.055,0.305
7.1979e-02,0.135,-0.025
7.1981e-02,0.14,0.295
7.1982e-02,0.18,-0.025
7.1984e-02,0.135,0.295
7.1986e-02,0.19,-0.02
7.1987e-02,0.19,0.29
7.1989e-02,0.215,-0.035
7.1990e-02,0.255,0.305
7.1992e-02,0.1,-0.03
7.1994e-02,0.14,0.305
7.1995e-02,0.135,-0.045
7.1997e-02,0.18,0.325
7.1998e-02,0.115,-0.03
7.2000e-02,0.125,0.31
7.2002e-02,0.085,-0.015
7.2003e-02,0.23,0.295
7.2005e-02,0.17,-0.02
7.2006e-02,0.165,0.29
7.2008e-02,0.06,-0.02
7.2010e-02,0.16,0.29
7.2011e-02,0.065,-0.015
7.2013e-02,0.18,0.285
7.2014e-02,0.055,-0.01
7.2016e-02,0.085,0.285
7.2018e-02,0.125,-0.03
7.2019e-02,0.06,0.295
7.2021e-02,0.15,-0.04
7.2022e-02,0.12,0.315
7.2024e-02,0.08,-0.025
7.2026e-02,0.17,0.3
7.2027e-02,0.19,-0.055
7.2029e-02,0.17,0.335
7.2030e-02,0.225,-0.02
7.2032e-02,0.175,0.3
7.2034e-02,0.2,-0.005
7.2035e-02,0.26,0.28
7.2037e-02,0.24,-0.015
7.2038e-02,0.19,0.29
7.2040e-02,0.17,-0.015
7.2042e-02,0.13,0.29
7.2043e-02,0.185,-0.045
7.2045e-02,0.21,0.325
7.2046e-02,0.065,-0.03
7.2048e-02,0.14,0.3
7.2050e-02,0.1,-0.03
7.2051e-02,0.145,0.31
7.2053e-02,0.2,-0.06
7.2054e-02,0.145,0.32
7.2056e-02,0.14,-0.02
7.2058e-02,0.225,0.29
7.2059e-02,0.2,-0.04
7.2061e-02,0.2,0.305
7.2062e-02,0.205,-0.035
7.2064e-02,0.165,0.31
7.2066e-02,0.16,-0.03
7.2067e-02,0.195,0.305
7.2069e-02,0.135,-0.035
7.2070e-02,0.145,0.29
7.2072e-02,0.135,-0.025
7.2074e-02,0.075,0.295
7.2075e-02,0.245,-0.04
7.2077e-02,0.115,0.305
7.2078e-02,0.15,-0.015
7.2080e-02,0.14,0.28
7.2082e-02,0.115,-0.055
7.2083e-02,0.23,0.315
7.2085e-02,0.15,-0.035
7.2086e-02,0.085,0.29
7.2088e-02,0.14,-0.045
7.2090e-02,0.06,0.31
7.2091e-02,0.2,-0.05
7.2093e-02,0.075,0.305
7.2094e-02,0.015,-0.025
7.2096e-02,0.105,0.29
7.2098e-02,0.005,-0.02
7.2099e-02,0.135,0.275
7.2101e-02,0.065,-0.03
7.2102e-02,0.025,0.29
7.2104e-02,0.095,-0.025
7.2106e-02,0.035,0.285
7.2107e-02,0.15,-0.015
7.2109e-02,0.05,0.28
7.2110e-02,0.13,-0.015
7.2112e-02,0.145,0.275
7.2114e-02,0.12,-0.03
7.2115e-02,0.205,0.28
7.2117e-02,0.195,-0.035
7.2118e-02,0.17,0.295
7.2120e-02,0.17,-0.035
7.2122e-02,0.12,0.28
7.2123e-02,0.245,-0.03
7.2125e-02,0.115,0.28
7.2126e-02,0.2,-0.035
7.2128e-02,0.045,0.29
7.2130e-02,0.185,-0.03
7.2131e-02,0.17,0.29
7.2133e-02,0.115,-0.04
7.2134e-02,0.125,0.29
7.2136e-02,0.095,-0.04
7.2138e-02,0.15,0.3
7.2139e-02,0.245,-0.025
7.2141e-02,0.08,0.285
7.2142e-02,0.185,-0.04
7.2144e-02,0.09,0.3
7.2146e-02,0.165,-0.025
7.2147e-02,0.17,0.285
7.2149e-02,0.135,-0.025
7.2150e-02,0.105,0.28
7.2152e-02,0.13,-0.025
7.2154e-02,0.15,0.285
7.2155e-02,0.155,-0.05
7.2157e-02,0.155,0.31
7.2158e-02,0.11,-0.055
7.2160e-02,0.185,0.31
7.2162e-02,0.125,-0.04
7.2163e-02,0.21,0.295
7.2165e-02,0.17,-0.045
7.2166e-02,0.155,0.3
7.2168e-02,0.11,-0.05
7.2170e-02,0.105,0.305
7.2171e-02,0.085,-0.03
7.2173e-02,0.105,0.29
7.2174e-02,0.05,-0.015
7.2176e-02,0.05,0.275
7.2178e-02,0.115,-0.03
7.2179e-02,0.14,0.29
7.2181e-02,0.18,-0.02
7.2182e-02,0.065,0.275
7.2184e-02,0.135,-0.035
7.2186e-02,0.175,0.285
7.2187e-02,0.15,-0.05
7.2189e-02,0.145,0.305
7.2190e-02,0.035,-0.03
7.2192e-02,0.14,0.29
7.2194e-02,0.115,-0.035
7.2195e-02,0.12,0.295
7.2197e-02,0.115,-0.025
7.2198e-02,0.06,0.28
7.2200e-02,0.105,-0.055
7.2202e-02,0.145,0.32
7.2203e-02,0.15,-0.04
7.2205e-02,0.165,0.295
7.2206e-02,0.1,-0.06
7.2208e-02,0.125,0.305
7.2210e-02,0.2,-0.04
7.2211e-02,0.12,0.295
7.2213e-02,0.15,-0.04
7.2214e-02,0.075,0.29
7.2216e-02,0.14,-0.05
7.2218e-02,0.1,0.305
7.2219e-02,0.115,-0.03
7.2221e-02,0.155,0.28
7.2222e-02,0.09,-0.025
7.2224e-02,0.14,0.275
7.2226e-02,0.16,-0.03
7.2227e-02,0.15,0.285
7.2229e-02,0.18,-0.045
7.2230e-02,0.125,0.305
7.2232e-02,0.135,-0.045
7.2234e-02,0.145,0.29
7.2235e-02,0.12,-0.03
7.2237e-02,0.125,0.285
7.2238e-02,0.02,-0.065
7.2240e-02,0.075,0.31
7.2242e-02,0.13,-0.07
7.2243e-02,0.1,0.31
7.2245e-02,0.135,-0.03
7.2246e-02,0.075,0.28
7.2248e-02,0.145,-0.075
7.2250e-02,0.095,0.315
7.2251e-02,0.27,-0.05
7.2253e-02,0.12,0.3
7.2254e-02,0.185,-0.07
7.2256e-02,0.1,0.31
7.2258e-02,0.21,-0.04
7.2259e-02,0.21,0.29
7.2261e-02,0.14,-0.04
7.2262e-02,0.11,0.285
7.2264e-02,0.155,-0.03
7.2266e-02,0.115,0.275
7.2267e-02,0.23,-0.055
7.2269e-02,0.155,0.295
7.2270e-02,0.07,-0.035
7.2272e-02,0.215,0.28
7.2274e-02,0.14,-0.03
7.2275e-02,0.17,0.27
7.2277e-02,0.14,-0.015
7.2278e-02,0.1,0.255
7.2280e-02,0.135,-0.085
7.2282e-02,0.125,0.32
7.2283e-02,0.105,-0.03
7.2285e-02,0.105,0.27
7.2286e-02,0.055,-0.045
7.2288e-02,0.075,0.285
7.2290e-02,0.125,-0.045
7.2291e-02,0.025,0.285
7.2293e-02,0.145,-0.05
7.2294e-02,-0.01,0.29
7.2296e-02,0.145,-0.04
7.2298e-02,0.08,0.29
7.2299e-02,0.2,-0.035
7.2301e-02,0.13,0.275
7.2302e-02,0.13,-0.06
7.2304e-02,0.12,0.3
7.2306e-02,0.17,-0.04
7.2307e-02,0.15,0.275
7.2309e-02,0.09,-0.05
7.2310e-02,0.12,0.29
7.2312e-02,0.04,-0.065
7.2314e-02,0.13,0.31
7.2315e-02,0.155,-0.04
7.2317e-02,0.09,0.285
7.2318e-02,0.08,-0.05
7.2320e-02,0.1,0.29
7.2322e-02,0.215,-0.035
7.2323e-02,0.125,0.28
7.2325e-02,0.165,-0.035
7.2326e-02,0.125,0.285
7.2328e-02,0.155,-0.05
7.2330e-02,0.18,0.285
7.2331e-02,0.14,-0.065
7.2333e-02,0.105,0.295
7.2334e-02,0.125,-0.055
7.2336e-02,0.09,0.29
7.2338e-02,0.11,-0.1
7.2339e-02,0.12,0.34
7.2341e-02,0.045,-0.065
7.2342e-02,0.115,0.305
7.2344e-02,0.095,-0.055
7.2346e-02,0.19,0.29
7.2347e-02,0.21,-0.065
7.2349e-02,0.175,0.305
7.2350e-02,0.15,-0.035
7.2352e-02,0.125,0.28
7.2354e-02,0.16,-0.07
7.2355e-02,0.185,0.3
7.2357e-02,0.1,-0.04
7.2358e-02,0.065,0.27
7.2360e-02,0.125,-0.05
7.2362e-02,0.07,0.28
7.2363e-02,0.195,-0.07
7.2365e-02,0.06,0.3
7.2366e-02,0.08,-0.025
7.2368e-02,0.165,0.255
7.2370e-02,0.165,-0.045
7.2371e-02,0.205,0.285
7.2373e-02,0.14,-0.05
7.2374e-02,0.085,0.27
7.2376e-02,0.15,-0.05
7.2378e-02,0.165,0.285
7.2379e-02,0.12,-0.045
7.2381e-02,0.07,0.285
7.2382e-02,0.12,-0.05
7.2384e-02,0.095,0.285
7.2386e-02,0.16,-0.085
7.2387e-02,0.1,0.31
7.2389e-02,0.065,-0.03
7.2390e-02,0.12,0.26
7.2392e-02,0.105,-0.09
7.2394e-02,0.12,0.315
7.2395e-02,0.055,-0.035
7.2397e-02,0.075,0.26
7.2398e-02,0.05,-0.105
7.2400e-02,0.065,0.32
7.2402e-02,0.1,-0.05
7.2403e-02,0,0.27
7.2405e-02,0.08,-0.075
7.2406e-02,-0.04,0.3
7.2408e-02,0.085,-0.06
7.2410e-02,0.105,0.275
7.2411e-02,0.085,-0.045
7.2413e-02,0.08,0.28
7.2414e-02,0.1,-0.035
7.2416e-02,0.13,0.265
7.2418e-02,0.19,-0.075
7.2419e-02,0.16,0.31
7.2421e-02,0.125,-0.065
7.2422e-02,0.08,0.3
7.2424e-02,0.165,-0.04
7.2426e-02,0.17,0.275
7.2427e-02,0.07,-0.06
7.2429e-02,0.085,0.29
7.2430e-02,0.055,-0.045
7.2432e-02,0.145,0.275
7.2434e-02,0.125,-0.03
7.2435e-02,0.03,0.265
7.2437e-02,0.1,-0.035
7.2438e-02,0.08,0.27
7.2440e-02,0.14,-0.05
7.2442e-02,0.07,0.275
7.2443e-02,0.025,-0.06
7.2445e-02,0.11,0.285
7.2446e-02,0.015,-0.05
7.2448e-02,0.075,0.285
7.2450e-02,0.06,-0.055
7.2451e-02,0.03,0.28
7.2453e-02,0.115,-0.045
7.2454e-02,0.02,0.275
7.2456e-02,0.145,-0.05
7.2458e-02,0.07,0.285
7.2459e-02,0.12,-0.08
7.2461e-02,0.025,0.295
7.2462e-02,0.06,-0.035
7.2464e-02,0.11,0.26
7.2466e-02,0.105,-0.035
7.2467e-02,0.08,0.265
7.2469e-02,0.045,-0.065
7.2470e-02,0.07,0.29
7.2472e-02,0.125,-0.04
7.2474e-02,0.15,0.27
7.2475e-02,0.1,-0.05
7.2477e-02,0.09,0.275
7.2478e-02,0.17,-0.045
7.2480e-02,0.16,0.275
7.2482e-02,0.14,-0.06
7.2483e-02,0.065,0.285
7.2485e-02,0.065,-0.07
7.2486e-02,0.07,0.295
7.2488e-02,0.135,-0.05
7.2490e-02,0.05,0.275
7.2491e-02,0.075,-0.04
7.2493e-02,0.125,0.26
7.2494e-02,0.14,-0.05
7.2496e-02,0.175,0.28
7.2498e-02,0.175,-0.05
7.2499e-02,0.135,0.265
7.2501e-02,0.19,-0.045
7.2502e-02,0.18,0.275
7.2504e-02,0.12,-0.035
7.2506e-02,0.15,0.27
7.2507e-02,0.02,-0.09
7.2509e-02,0.09,0.305
7.2510e-02,0.035,-0.065
7.2512e-02,0.04,0.28
7.2514e-02,0.13,-0.03
7.2515e-02,0,0.255
7.2517e-02,0.135,-0.06
7.2518e-02,0.055,0.275
7.2520e-02,0.185,-0.045
7.2522e-02,0.17,0.26
7.2523e-02,0.09,-0.07
7.2525e-02,0.14,0.285
7.2526e-02,0.215,-0.03
7.2528e-02,0.15,0.255
7.2530e-02,0.23,-0.04
7.2531e-02,0.09,0.26
7.2533e-02,0.15,-0.045
7.2534e-02,0.15,0.255
7.2536e-02,0.075,-0.03
7.2538e-02,0.125,0.245
7.2539e-02,-0.065,-0.085
7.2541e-02,0.13,0.295
7.2542e-02,0.055,-0.07
7.2544e-02,0.06,0.29
7.2546e-02,0.105,-0.055
7.2547e-02,0.035,0.255
7.2549e-02,0.185,-0.07
7.2550e-02,0.08,0.28
7.2552e-02,0.165,-0.04
7.2554e-02,0.07,0.245
7.2555e-02,0.17,-0.065
7.2557e-02,0.075,0.275
7.2558e-02,0.165,-0.065
7.2560e-02,0.06,0.27
7.2562e-02,0.12,-0.05
7.2563e-02,0,0.26
7.2565e-02,0.05,-0.07
7.2566e-02,0.07,0.285
7.2568e-02,0.13,-0.07
7.2570e-02,0.04,0.275
7.2571e-02,0.08,-0.09
7.2573e-02,0.09,0.295
7.2574e-02,0.16,-0.05
7.2576e-02,0.175,0.26
7.2578e-02,0.095,-0.065
7.2579e-02,0.135,0.265
7.2581e-02,0.095,-0.055
7.2582e-02,0.185,0.265
7.2584e-02,0.08,-0.045
7.2586e-02,0.04,0.255
7.2587e-02,0.07,-0.055
7.2589e-02,0.075,0.265
7.2590e-02,0.095,-0.045
7.2592e-02,0.09,0.25
7.2594e-02,0.07,-0.055
7.2595e-02,0.08,0.26
7.2597e-02,0.13,-0.07
7.2598e-02,0.075,0.28
7.2600e-02,0.16,-0.08
7.2602e-02,0.075,0.28
7.2603e-02,0.09,-0.065
7.2605e-02,0.14,0.265
7.2606e-02,0.12,-0.045
7.2608e-02,0.115,0.25
7.2610e-02,0.025,-0.045
7.2611e-02,0.045,0.255
7.2613e-02,0.055,-0.045
7.2614e-02,0.1,0.25
7.2616e-02,-0.03,-0.075
7.2618e-02,0.055,0.28
7.2619e-02,-0.045,-0.04
7.2621e-02,0.09,0.25
7.2622e-02,0.11,-0.05
7.2624e-02,0.05,0.255
7.2626e-02,0.055,-0.065
7.2627e-02,0.135,0.275
7.2629e-02,0.105,-0.055
7.2630e-02,0.145,0.26
7.2632e-02,0.11,-0.05
7.2634e-02,0.085,0.255
7.2635e-02,0.14,-0.03
7.2637e-02,0.105,0.24
7.2638e-02,0.12,-0.045
7.2640e-02,0.16,0.25
7.2642e-02,0.09,-0.045
7.2643e-02,0.105,0.255
7.2645e-02,0.14,-0.075
7.2646e-02,0.165,0.285
7.2648e-02,0.11,-0.07
7.2650e-02,0.1,0.275
7.2651e-02,0.1,-0.055
7.2653e-02,0.12,0.26
7.2654e-02,0.11,-0.05
7.2656e-02,0.02,0.265
7.2658e-02,-0.005,-0.045
7.2659e-02,0.055,0.25
7.2661e-02,0.045,-0.05
7.2662e-02,0.02,0.255
7.2664e-02,0.05,-0.065
7.2666e-02,0.02,0.275
7.2667e-02,0.175,-0.065
7.2669e-02,0.08,0.27
7.2670e-02,0.21,-0.065
7.2672e-02,0.13,0.26
7.2674e-02,0.205,-0.06
7.2675e-02,0.1,0.26
7.2677e-02,0.24,-0.045
7.2678e-02,0.12,0.25
7.2680e-02,0.125,-0.06
7.2682e-02,0.08,0.265
7.2683e-02,0.035,-0.085
7.2685e-02,0.04,0.28
7.2686e-02,0.125,-0.06
7.2688e-02,0.005,0.26
7.2690e-02,0.03,-0.08
7.2691e-02,0.12,0.28
7.2693e-02,0.11,-0.05
7.2694e-02,0.18,0.25
7.2696e-02,0.15,-0.045
7.2698e-02,0.095,0.245
7.2699e-02,0.135,-0.06
7.2701e-02,0.125,0.255
7.2702e-02,0.08,-0.075
7.2704e-02,0.015,0.265
7.2706e-02,0.045,-0.055
7.2707e-02,0.065,0.25
7.2709e-02,0.11,-0.05
7.2710e-02,0.045,0.25
7.2712e-02,0.09,-0.06
7.2714e-02,0.1,0.255
7.2715e-02,0.08,-0.055
7.2717e-02,0.13,0.25
7.2718e-02,0.07,-0.06
7.2720e-02,0.08,0.25
7.2722e-02,0.03,-0.045
7.2723e-02,0.055,0.245
7.2725e-02,0.065,-0.055
7.2726e-02,0.125,0.25
7.2728e-02,0.02,-0.08
7.2730e-02,0.08,0.275
7.2731e-02,0.08,-0.07
7.2733e-02,0.115,0.27
7.2734e-02,0.185,-0.1
7.2736e-02,0.075,0.285
7.2738e-02,0.115,-0.065
7.2739e-02,0.11,0.255
7.2741e-02,0.215,-0.07
7.2742e-02,0.105,0.27
7.2744e-02,0.09,-0.05
7.2746e-02,0.125,0.235
7.2747e-02,0.05,-0.07
7.2749e-02,0.195,0.255
7.2750e-02,0.055,-0.065
7.2752e-02,0.135,0.26
7.2754e-02,0.1,-0.055
7.2755e-02,0.165,0.25
7.2757e-02,0.135,-0.06
7.2758e-02,0.165,0.25
7.2760e-02,0.075,-0.075
7.2762e-02,0.19,0.27
7.2763e-02,0.135,-0.07
7.2765e-02,0.135,0.255
7.2766e-02,0.21,-0.08
7.2768e-02,0.09,0.275
7.2770e-02,0.07,-0.085
7.2771e-02,0.18,0.28
7.2773e-02,0.12,-0.065
7.2774e-02,0.15,0.255
7.2776e-02,0.11,-0.055
7.2778e-02,0.1,0.24
7.2779e-02,0.135,-0.05
7.2781e-02,0.195,0.24
7.2782e-02,0.115,-0.08
7.2784e-02,0.12,0.265
7.2786e-02,0.11,-0.08
7.2787e-02,0.125,0.28
7.2789e-02,0.155,-0.055
7.2790e-02,0.135,0.235
7.2792e-02,0.07,-0.07
7.2794e-02,0.105,0.25
7.2795e-02,0.135,-0.065
7.2797e-02,0.12,0.25
7.2798e-02,0.16,-0.045
7.2800e-02,0.02,0.24
7.2802e-02,0.05,-0.045
7.2803e-02,0.075,0.23
7.2805e-02,0.01,-0.06
7.2806e-02,0.1,0.25
7.2808e-02,0.045,-0.09
7.2810e-02,0.115,0.28
7.2811e-02,0.14,-0.04
7.2813e-02,0.175,0.225
7.2814e-02,0.18,-0.05
7.2816e-02,0.16,0.24
7.2818e-02,0.09,-0.09
7.2819e-02,0.19,0.27
7.2821e-02,0.085,-0.08
7.2822e-02,0.095,0.265
7.2824e-02,0.01,-0.075
7.2826e-02,0.005,0.27
7.2827e-02,0.08,-0.085
7.2829e-02,0.14,0.27
7.2830e-02,0.02,-0.065
7.2832e-02,0.095,0.25
7.2834e-02,0.09,-0.06
7.2835e-02,0.095,0.24
7.2837e-02,0.1,-0.055
7.2838e-02,0.15,0.245
7.2840e-02,0.03,-0.07
7.2842e-02,0.125,0.245
7.2843e-02,0.055,-0.085
7.2845e-02,0.14,0.26
7.2846e-02,0.1,-0.07
7.2848e-02,0.095,0.245
7.2850e-02,0.07,-0.065
7.2851e-02,0.105,0.255
7.2853e-02,0.15,-0.075
7.2854e-02,0.17,0.26
7.2856e-02,0.14,-0.07
7.2858e-02,0.115,0.245
7.2859e-02,0.18,-0.075
7.2861e-02,0.135,0.245
7.2862e-02,0.095,-0.055
7.2864e-02,0.075,0.235
7.2866e-02,0.06,-0.065
7.2867e-02,0.075,0.24
7.2869e-02,0.17,-0.05
7.2870e-02,0.005,0.23
7.2872e-02,0.12,-0.065
7.2874e-02,0.165,0.24
7.2875e-02,0.11,-0.075
7.2877e-02,0.175,0.255
7.2878e-02,0.05,-0.06
7.2880e-02,0.035,0.24
7.2882e-02,0.095,-0.09
7.2883e-02,0.045,0.255
7.2885e-02,0.12,-0.075
7.2886e-02,0.065,0.245
7.2888e-02,0.055,-0.065
7.2890e-02,0.115,0.24
7.2891e-02,0.1,-0.075
7.2893e-02,0.12,0.255
7.2894e-02,0.115,-0.075
7.2896e-02,0.125,0.245
7.2898e-02,0.07,-0.07
7.2899e-02,0.1,0.245
7.2901e-02,0.065,-0.09
7.2902e-02,0.005,0.265
7.2904e-02,0.035,-0.075
7.2906e-02,-0.07,0.255
7.2907e-02,0.09,-0.075
7.2909e-02,0.045,0.255
7.2910e-02,0.07,-0.065
7.2912e-02,0.045,0.25
7.2914e-02,0.095,-0.09
7.2915e-02,0.12,0.275
7.2917e-02,0.1,-0.08
7.2918e-02,0.035,0.255
7.2920e-02,-0.015,-0.095
7.2922e-02,0.095,0.27
7.2923e-02,0.055,-0.07
7.2925e-02,0.12,0.245
7.2926e-02,-0.01,-0.085
7.2928e-02,0.125,0.265
7.2930e-02,0.095,-0.055
7.2931e-02,0.24,0.23
7.2933e-02,0.07,-0.055
7.2934e-02,0.19,0.24
7.2936e-02,0.11,-0.08
7.2938e-02,0.145,0.265
7.2939e-02,0.1,-0.06
7.2941e-02,0.1,0.235
7.2942e-02,0.09,-0.065
7.2944e-02,0.035,0.24
7.2946e-02,0.115,-0.095
7.2947e-02,0.055,0.265
7.2949e-02,0.135,-0.095
7.2950e-02,0.03,0.275
7.2952e-02,0.1,-0.085
7.2954e-02,0.085,0.265
7.2955e-02,0.17,-0.085
7.2957e-02,0.095,0.255
7.2958e-02,0.155,-0.07
7.2960e-02,0.01,0.245
7.2962e-02,0.035,-0.075
7.2963e-02,0.085,0.25
7.2965e-02,-0.015,-0.09
7.2966e-02,0.025,0.265
7.2968e-02,-0.01,-0.065
7.2970e-02,0.08,0.245
7.2971e-02,0.14,-0.07
7.2973e-02,0.025,0.245
7.2974e-02,0.04,-0.07
7.2976e-02,0.07,0.235
7.2978e-02,0.045,-0.07
7.2979e-02,0.09,0.24
7.2981e-02,-0.02,-0.055
7.2982e-02,0.02,0.225
7.2984e-02,0.055,-0.075
7.2986e-02,0.135,0.24
7.2987e-02,0.12,-0.075
7.2989e-02,0.115,0.24
7.2990e-02,0.04,-0.075
7.2992e-02,0.17,0.25
7.2994e-02,0.125,-0.06
7.2995e-02,0.085,0.225
7.2997e-02,0.125,-0.09
7.2998e-02,0,0.25
7.3000e-02,0.12,-0.065
7.3002e-02,0.16,0.23
7.3003e-02,0.125,-0.09
7.3005e-02,0.13,0.255
7.3006e-02,0.04,-0.06
7.3008e-02,0.135,0.225
7.3010e-02,0.16,-0.08
7.3011e-02,0.125,0.245
7.3013e-02,0.155,-0.09
7.3014e-02,0.035,0.255
7.3016e-02,0.12,-0.11
7.3018e-02,0.055,0.275
7.3019e-02,-0.015,-0.095
7.3021e-02,-0.005,0.255
7.3022e-02,0.02,-0.09
7.3024e-02,0.07,0.245
7.3026e-02,0.08,-0.08
7.3027e-02,0.085,0.245
7.3029e-02,0.08,-0.07
7.3030e-02,0.05,0.225
7.3032e-02,0.05,-0.075
7.3034e-02,0.06,0.24
7.3035e-02,0.075,-0.055
7.3037e-02,0.025,0.215
7.3038e-02,0.11,-0.055
7.3040e-02,0.055,0.215
7.3042e-02,0.185,-0.055
7.3043e-02,0.085,0.21
7.3045e-02,0.1,-0.08
7.3046e-02,0.07,0.235
7.3048e-02,0.15,-0.08
7.3050e-02,0.135,0.235
7.3051e-02,0.11,-0.07
7.3053e-02,0.02,0.225
7.3054e-02,0.185,-0.07
7.3056e-02,0.035,0.23
7.3058e-02,0.145,-0.1
7.3059e-02,-0.02,0.255
7.3061e-02,0.025,-0.125
7.3062e-02,0.13,0.28
7.3064e-02,0.06,-0.09
7.3066e-02,0.195,0.245
7.3067e-02,0.06,-0.11
7.3069e-02,0.115,0.27
7.3070e-02,0.075,-0.11
7.3072e-02,0.095,0.265
7.3074e-02,0.105,-0.06
7.3075e-02,0.07,0.215
7.3077e-02,0.08,-0.09
7.3078e-02,0.155,0.245
7.3080e-02,0.055,-0.065
7.3082e-02,0.155,0.22
7.3083e-02,-0.01,-0.095
7.3085e-02,0.185,0.25
7.3086e-02,0.055,-0.075
7.3088e-02,0.21,0.24
7.3090e-02,0.065,-0.085
7.3091e-02,0.015,0.24
7.3093e-02,0.055,-0.08
7.3094e-02,0.07,0.23
7.3096e-02,0.12,-0.09
7.3098e-02,0.1,0.25
7.3099e-02,0.055,-0.075
7.3101e-02,0.065,0.235
7.3102e-02,0.13,-0.07
7.3104e-02,0.1,0.225
7.3106e-02,0.035,-0.085
7.3107e-02,0.115,0.235
7.3109e-02,0.085,-0.085
7.3110e-02,0.145,0.24
7.3112e-02,0.095,-0.085
7.3114e-02,-0.015,0.24
7.3115e-02,0.065,-0.075
7.3117e-02,0.055,0.225
7.3118e-02,0.11,-0.095
7.3120e-02,0.09,0.25
7.3122e-02,0.09,-0.065
7.3123e-02,0.075,0.22
7.3125e-02,0.065,-0.09
7.3126e-02,0.095,0.24
7.3128e-02,0.035,-0.085
7.3130e-02,0.095,0.24
7.3131e-02,0.05,-0.075
7.3133e-02,0.095,0.23
7.3134e-02,0.16,-0.08
7.3136e-02,0.105,0.23
7.3138e-02,0.04,-0.075
7.3139e-02,0.08,0.225
7.3141e-02,0.085,-0.09
7.3142e-02,0.19,0.24
7.3144e-02,0.065,-0.09
7.3146e-02,0.05,0.24
7.3147e-02,0.095,-0.09
7.3149e-02,0.055,0.245
7.3150e-02,0.125,-0.085
7.3152e-02,-0.025,0.24
7.3154e-02,-0.025,-0.08
7.3155e-02,0.05,0.225
7.3157e-02,0,-0.085
7.3158e-02,0.08,0.235
7.3160e-02,0.045,-0.11
7.3162e-02,0.065,0.265
7.3163e-02,0.075,-0.06
7.3165e-02,0.06,0.21
7.3166e-02,0.03,-0.09
7.3168e-02,0.04,0.24
7.3170e-02,0.03,-0.085
7.3171e-02,0.09,0.235
7.3173e-02,0.085,-0.07
7.3174e-02,0.095,0.22
7.3176e-02,0.035,-0.095
7.3178e-02,0.075,0.245
7.3179e-02,0.025,-0.085
7.3181e-02,0.1,0.235
7.3182e-02,0.035,-0.1
7.3184e-02,0.085,0.245
7.3186e-02,-0.035,-0.115
7.3187e-02,0.1,0.265
7.3189e-02,0.03,-0.07
7.3190e-02,-0.005,0.22
7.3192e-02,-0.005,-0.1
7.3194e-02,-0.035,0.245
7.3195e-02,0.16,-0.1
7.3197e-02,0.085,0.24
7.3198e-02,0.115,-0.125
7.3200e-02,0.11,0.27
7.3202e-02,0.105,-0.1
7.3203e-02,0.105,0.25
7.3205e-02,0.125,-0.07
7.3206e-02,0.025,0.225
7.3208e-02,0.07,-0.105
7.3210e-02,0.055,0.24
7.3211e-02,0.045,-0.085
7.3213e-02,0.125,0.225
7.3214e-02,0.075,-0.09
7.3216e-02,0.025,0.23
7.3218e-02,0.08,-0.09
7.3219e-02,0.02,0.24
7.3221e-02,0.11,-0.085
7.3222e-02,0.1,0.23
7.3224e-02,0.055,-0.095
7.3226e-02,0.13,0.245
7.3227e-02,0.11,-0.09
7.3229e-02,0.12,0.23
7.3230e-02,0.04,-0.13
7.3232e-02,0.045,0.26
7.3234e-02,0.04,-0.11
7.3235e-02,0.1,0.245
7.3237e-02,0.02,-0.115
7.3238e-02,0.005,0.275
7.3240e-02,0.04,-0.09
7.3242e-02,0.055,0.235
7.3243e-02,0.105,-0.105
7.3245e-02,0.075,0.245
7.3246e-02,-0.05,-0.135
7.3248e-02,0.07,0.27
7.3250e-02,0.065,-0.09
7.3251e-02,0.135,0.23
7.3253e-02,0.1,-0.135
7.3254e-02,0.07,0.28
7.3256e-02,0.12,-0.1
7.3258e-02,0.145,0.235
7.3259e-02,0.145,-0.13
7.3261e-02,0.11,0.27
7.3262e-02,0.07,-0.09
7.3264e-02,0.055,0.235
7.3266e-02,0.035,-0.085
7.3267e-02,0.035,0.225
7.3269e-02,0.025,-0.08
7.3270e-02,0.04,0.23
7.3272e-02,0.105,-0.105
7.3274e-02,0.05,0.24
7.3275e-02,0.08,-0.095
7.3277e-02,0.105,0.24
7.3278e-02,0.02,-0.095
7.3280e-02,0.09,0.235
7.3282e-02,0.135,-0.09
7.3283e-02,0.13,0.225
7.3285e-02,0.105,-0.105
7.3286e-02,0.015,0.245
7.3288e-02,0.1,-0.11
7.3290e-02,0.125,0.245
7.3291e-02,-0.01,-0.09
7.3293e-02,0.08,0.225
7.3294e-02,-0.01,-0.14
7.3296e-02,0.175,0.285
7.3298e-02,0.075,-0.09
7.3299e-02,0.015,0.23
7.3301e-02,0.03,-0.12
7.3302e-02,0.02,0.26
7.3304e-02,0.025,-0.085
7.3306e-02,0.075,0.22
7.3307e-02,0.055,-0.11
7.3309e-02,0.145,0.255
7.3310e-02,0.095,-0.095
7.3312e-02,0.15,0.23
7.3314e-02,0.07,-0.085
7.3315e-02,0.18,0.22
7.3317e-02,0.01,-0.095
7.3318e-02,0.01,0.235
7.3320e-02,-0.05,-0.075
7.3322e-02,0.04,0.215
7.3323e-02,0.115,-0.1
7.3325e-02,0.065,0.235
7.3326e-02,0.065,-0.08
7.3328e-02,0.13,0.215
7.3330e-02,0.13,-0.085
7.3331e-02,0.145,0.22
7.3333e-02,-0.03,-0.095
7.3334e-02,0.13,0.23
7.3336e-02,0.06,-0.085
7.3338e-02,0.085,0.22
7.3339e-02,0.04,-0.1
7.3341e-02,0,0.23
7.3342e-02,0.08,-0.1
7.3344e-02,0.03,0.235
7.3346e-02,0.06,-0.11
7.3347e-02,0.05,0.235
7.3349e-02,0.065,-0.095
7.3350e-02,0.14,0.23
7.3352e-02,0.085,-0.075
7.3354e-02,0.115,0.205
7.3355e-02,0.06,-0.08
7.3357e-02,0.035,0.205
7.3358e-02,0.035,-0.105
7.3360e-02,0.11,0.225
7.3362e-02,0.08,-0.1
7.3363e-02,0.11,0.225
7.3365e-02,0.05,-0.09
7.3366e-02,0.07,0.215
7.3368e-02,0.065,-0.1
7.3370e-02,0.095,0.22
7.3371e-02,-0.005,-0.095
7.3373e-02,0.05,0.215
7.3374e-02,0.065,-0.085
7.3376e-02,0.14,0.205
7.3378e-02,0.095,-0.085
7.3379e-02,0.025,0.215
7.3381e-02,0.05,-0.08
7.3382e-02,0.045,0.21
7.3384e-02,0.125,-0.11
7.3386e-02,0.04,0.235
7.3387e-02,0.085,-0.13
7.3389e-02,0.025,0.25
7.3390e-02,0.11,-0.09
7.3392e-02,0.06,0.225
7.3394e-02,0.075,-0.095
7.3395e-02,-0.02,0.22
7.3397e-02,0.07,-0.09
7.3398e-02,0.02,0.21
7.3400e-02,0.125,-0.09
7.3402e-02,0.04,0.225
7.3403e-02,0.15,-0.105
7.3405e-02,0.085,0.225
7.3406e-02,0.11,-0.125
7.3408e-02,0.13,0.245
7.3410e-02,0.11,-0.11
7.3411e-02,0.125,0.23
7.3413e-02,-0.03,-0.12
7.3414e-02,0.07,0.24
7.3416e-02,0.04,-0.095
7.3418e-02,0.045,0.215
7.3419e-02,-0.015,-0.11
7.3421e-02,0.02,0.24
7.3422e-02,-0.005,-0.095
7.3424e-02,0.12,0.215
7.3426e-02,0.065,-0.11
7.3427e-02,0.11,0.225
7.3429e-02,0.015,-0.1
7.3430e-02,0.205,0.215
7.3432e-02,0.06,-0.1
7.3434e-02,0.15,0.225
7.3435e-02,-0.005,-0.115
7.3437e-02,0.105,0.23
7.3438e-02,0.075,-0.145
7.3440e-02,0.1,0.255
7.3442e-02,0.035,-0.125
7.3443e-02,0.13,0.255
7.3445e-02,0.005,-0.08
7.3446e-02,0.18,0.205
7.3448e-02,0.02,-0.11
7.3450e-02,0.105,0.235
7.3451e-02,-0.01,-0.12
7.3453e-02,0.035,0.24
7.3454e-02,0.005,-0.08
7.3456e-02,0.055,0.2
7.3458e-02,0.015,-0.105
7.3459e-02,0.05,0.225
7.3461e-02,0.035,-0.125
7.3462e-02,0.11,0.245
7.3464e-02,0.145,-0.105
7.3466e-02,0.155,0.225
7.3467e-02,0.085,-0.095
7.3469e-02,0.075,0.215
7.3470e-02,0.145,-0.12
7.3472e-02,0.15,0.24
7.3474e-02,0.035,-0.115
7.3475e-02,-0.005,0.235
7.3477e-02,0.035,-0.105
7.3478e-02,0.05,0.22
7.3480e-02,0.045,-0.105
7.3482e-02,-0.03,0.225
7.3483e-02,0.035,-0.105
7.3485e-02,0.065,0.225
7.3486e-02,0.12,-0.09
7.3488e-02,0.065,0.215
7.3490e-02,0.13,-0.145
7.3491e-02,0.04,0.26
7.3493e-02,0.135,-0.11
7.3494e-02,0.08,0.225
7.3496e-02,0.145,-0.085
7.3498e-02,0.05,0.205
7.3499e-02,0.115,-0.095
7.3501e-02,0.09,0.21
7.3502e-02,0.11,-0.125
7.3504e-02,0.085,0.24
7.3506e-02,0.02,-0.12
7.3507e-02,0,0.23
7.3509e-02,0.07,-0.115
7.3510e-02,0.115,0.235
7.3512e-02,0.085,-0.105
7.3514e-02,0.07,0.215
7.3515e-02,0.065,-0.085
7.3517e-02,0.125,0.2
7.3518e-02,0.105,-0.1
7.3520e-02,0.185,0.21
7.3522e-02,0.015,-0.115
7.3523e-02,0.115,0.23
7.3525e-02,0.1,-0.11
7.3526e-02,0.045,0.215
7.3528e-02,0.115,-0.09
7.3530e-02,0,0.2
7.3531e-02,0.085,-0.12
7.3533e-02,0.115,0.24
7.3534e-02,0.04,-0.12
7.3536e-02,0.025,0.235
7.3538e-02,0.105,-0.125
7.3539e-02,0.005,0.235
7.3541e-02,0.08,-0.125
7.3542e-02,0.065,0.225
7.3544e-02,0.02,-0.13
7.3546e-02,-0.01,0.235
7.3547e-02,0.005,-0.11
7.3549e-02,0.06,0.22
7.3550e-02,0.105,-0.12
7.3552e-02,0.03,0.23
7.3554e-02,-0.03,-0.11
7.3555e-02,0.035,0.22
7.3557e-02,0.085,-0.14
7.3558e-02,0.125,0.245
7.3560e-02,0.045,-0.11
7.3562e-02,0.075,0.22
7.3563e-02,0.035,-0.12
7.3565e-02,0.1,0.225
7.3566e-02,0.125,-0.1
7.3568e-02,0.06,0.205
7.3570e-02,-0.035,-0.11
7.3571e-02,0.06,0.215
7.3573e-02,0.02,-0.125
7.3574e-02,0.085,0.23
7.3576e-02,0.015,-0.12
7.3578e-02,0.05,0.225
7.3579e-02,-0.055,-0.1
7.3581e-02,0.105,0.21
7.3582e-02,0.025,-0.1
7.3584e-02,0.035,0.205
7.3586e-02,0.06,-0.135
7.3587e-02,0.03,0.24
7.3589e-02,0.005,-0.115
7.3590e-02,0.145,0.225
7.3592e-02,0.045,-0.135
7.3594e-02,0.06,0.24
7.3595e-02,0.035,-0.12
7.3597e-02,0.085,0.225
7.3598e-02,0.075,-0.125
7.3600e-02,0.035,0.235
7.3602e-02,0.06,-0.11
7.3603e-02,0.105,0.22
7.3605e-02,0.01,-0.12
7.3606e-02,0.065,0.23
7.3608e-02,-0.02,-0.105
7.3610e-02,-0.005,0.205
7.3611e-02,0.145,-0.11
7.3613e-02,0.065,0.21
7.3614e-02,-0.035,-0.115
7.3616e-02,0.045,0.215
7.3618e-02,0,-0.14
7.3619e-02,0.105,0.235
7.3621e-02,0.14,-0.11
7.3622e-02,0.085,0.21
7.3624e-02,0.02,-0.095
7.3626e-02,0.065,0.2
7.3627e-02,0,-0.085
7.3629e-02,0.11,0.185
7.3630e-02,-0.015,-0.11
7.3632e-02,0.1,0.21
7.3634e-02,-0.045,-0.1
7.3635e-02,0,0.2
7.3637e-02,0.015,-0.105
7.3638e-02,0.075,0.21
7.3640e-02,0,-0.125
7.3642e-02,0.04,0.235
7.3643e-02,0.085,-0.095
7.3645e-02,0.03,0.195
7.3646e-02,0.11,-0.11
7.3648e-02,0.07,0.215
7.3650e-02,0.065,-0.095
7.3651e-02,0.13,0.2
7.3653e-02,0.05,-0.1
7.3654e-02,0.025,0.205
7.3656e-02,0.045,-0.105
7.3658e-02,0.115,0.205
7.3659e-02,0.145,-0.125
7.3661e-02,0.055,0.225
7.3662e-02,0.06,-0.105
7.3664e-02,-0.015,0.21
7.3666e-02,0.13,-0.125
7.3667e-02,0.095,0.225
7.3669e-02,0.09,-0.115
7.3670e-02,0.005,0.22
7.3672e-02,0.08,-0.13
7.3674e-02,0.095,0.225
7.3675e-02,0.05,-0.13
7.3677e-02,0.08,0.235
7.3678e-02,0.065,-0.105
7.3680e-02,0.04,0.205
7.3682e-02,0.065,-0.155
7.3683e-02,0.025,0.255
7.3685e-02,0,-0.135
7.3686e-02,0.005,0.23
7.3688e-02,-0.02,-0.135
7.3690e-02,0.05,0.225
7.3691e-02,0.005,-0.105
7.3693e-02,0.065,0.2
7.3694e-02,0.035,-0.12
7.3696e-02,0.035,0.22
7.3698e-02,0.125,-0.115
7.3699e-02,0.08,0.205
7.3701e-02,0.085,-0.145
7.3702e-02,0.035,0.245
7.3704e-02,0.005,-0.11
7.3706e-02,0.06,0.21
7.3707e-02,0.075,-0.105
7.3709e-02,-0.035,0.205
7.3710e-02,0,-0.1
7.3712e-02,0.08,0.195
7.3714e-02,0.04,-0.095
7.3715e-02,0.07,0.19
7.3717e-02,-0.01,-0.095
7.3718e-02,0.005,0.19
7.3720e-02,0.03,-0.105
7.3722e-02,0.09,0.2
7.3723e-02,-0.075,-0.115
7.3725e-02,0.02,0.21
7.3726e-02,-0.03,-0.09
7.3728e-02,-0.005,0.19
7.3730e-02,0.005,-0.115
7.3731e-02,0.01,0.205
7.3733e-02,-0.045,-0.11
7.3734e-02,-0.005,0.21
7.3736e-02,0.085,-0.12
7.3738e-02,-0.035,0.21
7.3739e-02,0.045,-0.105
7.3741e-02,-0.045,0.195
7.3742e-02,0.035,-0.1
7.3744e-02,-0.035,0.195
7.3746e-02,0.06,-0.115
7.3747e-02,0.035,0.205
7.3749e-02,-0.045,-0.11
7.3750e-02,0.105,0.205
7.3752e-02,0.015,-0.11
7.3754e-02,0.08,0.2
7.3755e-02,0.06,-0.085
7.3757e-02,-0.01,0.175
7.3758e-02,0,-0.105
7.3760e-02,0.095,0.19
7.3762e-02,-0.075,-0.115
7.3763e-02,0.005,0.21
7.3765e-02,-0.025,-0.115
7.3766e-02,-0.01,0.205
7.3768e-02,0.055,-0.11
7.3770e-02,0.025,0.2
7.3771e-02,-0.025,-0.13
7.3773e-02,-0.04,0.21
7.3774e-02,0.065,-0.125
7.3776e-02,-0.005,0.215
7.3778e-02,-0.01,-0.11
7.3779e-02,-0.01,0.205
7.3781e-02,-0.085,-0.11
7.3782e-02,0.055,0.205
7.3784e-02,0.015,-0.1
7.3786e-02,-0.05,0.19
7.3787e-02,0.03,-0.14
7.3789e-02,-0.09,0.225
7.3790e-02,0.11,-0.11
7.3792e-02,0.04,0.2
7.3794e-02,0.08,-0.11
7.3795e-02,0.025,0.2
7.3797e-02,0.04,-0.11
7.3798e-02,0.145,0.205
7.3800e-02,0.02,-0.11
7.3802e-02,0.01,0.2
7.3803e-02,0.04,-0.105
7.3805e-02,0,0.195
7.3806e-02,0.06,-0.115
7.3808e-02,0.03,0.205
7.3810e-02,0.03,-0.14
7.3811e-02,0.01,0.225
7.3813e-02,0.06,-0.145
7.3814e-02,0.03,0.23
7.3816e-02,0.015,-0.11
7.3818e-02,0,0.2
7.3819e-02,-0.045,-0.11
7.3821e-02,0.045,0.195
7.3822e-02,0.04,-0.105
7.3824e-02,0.025,0.19
7.3826e-02,0.02,-0.13
7.3827e-02,0,0.215
7.3829e-02,0.005,-0.095
7.3830e-02,0.07,0.185
7.3832e-02,0.04,-0.125
7.3834e-02,0.025,0.21
7.3835e-02,-0.055,-0.125
7.3837e-02,0.1,0.205
7.3838e-02,0.035,-0.125
7.3840e-02,0,0.205
7.3842e-02,-0.02,-0.12
7.3843e-02,-0.085,0.205
7.3845e-02,-0.005,-0.14
7.3846e-02,0.04,0.225
7.3848e-02,-0.02,-0.11
7.3850e-02,0.02,0.19
7.3851e-02,0.035,-0.12
7.3853e-02,0.045,0.2
7.3854e-02,-0.005,-0.105
7.3856e-02,0.04,0.19
7.3858e-02,-0.015,-0.125
7.3859e-02,-0.01,0.2
7.3861e-02,0,-0.135
7.3862e-02,0.05,0.205
7.3864e-02,-0.005,-0.11
7.3866e-02,0.06,0.185
7.3867e-02,0.075,-0.125
7.3869e-02,0.015,0.2
7.3870e-02,0.135,-0.13
7.3872e-02,-0.025,0.205
7.3874e-02,-0.03,-0.12
7.3875e-02,0.015,0.195
7.3877e-02,0.055,-0.12
7.3878e-02,0.085,0.205
7.3880e-02,0.09,-0.14
7.3882e-02,-0.035,0.21
7.3883e-02,0.015,-0.15
7.3885e-02,0.055,0.22
7.3886e-02,0.08,-0.14
7.3888e-02,0.065,0.22
7.3890e-02,0.005,-0.145
7.3891e-02,0.13,0.22
7.3893e-02,0.045,-0.135
7.3894e-02,0.01,0.215
7.3896e-02,0.02,-0.125
7.3898e-02,-0.12,0.2
7.3899e-02,0.06,-0.13
7.3901e-02,0.065,0.195
7.3902e-02,0.01,-0.125
7.3904e-02,0.025,0.2
7.3906e-02,-0.025,-0.135
7.3907e-02,0.105,0.205
7.3909e-02,0.025,-0.105
7.3910e-02,0.135,0.175
7.3912e-02,0.02,-0.12
7.3914e-02,-0.035,0.19
7.3915e-02,0.09,-0.135
7.3917e-02,0.045,0.21
7.3918e-02,0.08,-0.125
7.3920e-02,0.015,0.19
7.3922e-02,0.04,-0.125
7.3923e-02,0.035,0.195
7.3925e-02,0.095,-0.135
7.3926e-02,0.04,0.215
7.3928e-02,0.07,-0.13
7.3930e-02,0.015,0.205
7.3931e-02,0.015,-0.125
7.3933e-02,0.05,0.19
7.3934e-02,-0.075,-0.135
7.3936e-02,0.035,0.21
7.3938e-02,-0.025,-0.13
7.3939e-02,0.05,0.205
7.3941e-02,0.01,-0.13
7.3942e-02,0.1,0.2
7.3944e-02,-0.015,-0.115
7.3946e-02,-0.065,0.185
7.3947e-02,0.01,-0.125
7.3949e-02,0.01,0.19
7.3950e-02,0.07,-0.115
7.3952e-02,-0.025,0.195
7.3954e-02,0.02,-0.13
7.3955e-02,0,0.205
7.3957e-02,0.09,-0.11
7.3958e-02,0.085,0.18
7.3960e-02,0.03,-0.115
7.3962e-02,0.07,0.185
7.3963e-02,0.07,-0.11
7.3965e-02,0.065,0.18
7.3966e-02,0.01,-0.135
7.3968e-02,0.07,0.215
7.3970e-02,-0.03,-0.145
7.3971e-02,0.095,0.22
7.3973e-02,0.045,-0.12
7.3974e-02,0.04,0.195
7.3976e-02,-0.085,-0.11
7.3978e-02,0.035,0.185
7.3979e-02,-0.02,-0.115
7.3981e-02,0.135,0.19
7.3982e-02,0.025,-0.13
7.3984e-02,0.075,0.2
7.3986e-02,-0.055,-0.14
7.3987e-02,0.165,0.21
7.3989e-02,-0.005,-0.14
7.3990e-02,0.08,0.2
7.3992e-02,-0.025,-0.155
7.3994e-02,0.05,0.225
7.3995e-02,-0.005,-0.135
7.3997e-02,0.055,0.205
7.3998e-02,0.065,-0.15
7.4000e-02,0.025,0.215
7.4002e-02,0.135,-0.12
7.4003e-02,0.05,0.19
7.4005e-02,0.1,-0.13
7.4006e-02,0.085,0.195
7.4008e-02,0.03,-0.135
7.4010e-02,0.025,0.21
7.4011e-02,0.075,-0.115
7.4013e-02,0.015,0.18
7.4014e-02,0.035,-0.125
7.4016e-02,-0.015,0.195
7.4018e-02,-0.005,-0.155
7.4019e-02,0.105,0.225
7.4021e-02,0.03,-0.11
7.4022e-02,0.05,0.2
7.4024e-02,0.035,-0.145
7.4026e-02,0.08,0.215
7.4027e-02,0.08,-0.12
7.4029e-02,0.04,0.19
7.4030e-02,-0.075,-0.14
7.4032e-02,0.015,0.21
7.4034e-02,-0.025,-0.115
7.4035e-02,0.035,0.185
7.4037e-02,0,-0.155
7.4038e-02,0.08,0.22
7.4040e-02,0.02,-0.165
7.4042e-02,0.12,0.225
7.4043e-02,0.1,-0.135
7.4045e-02,0.115,0.215
7.4046e-02,0.135,-0.125
7.4048e-02,0.01,0.185
7.4050e-02,0.07,-0.13
7.4051e-02,0.05,0.195
7.4053e-02,0.075,-0.135
7.4054e-02,-0.02,0.19
7.4056e-02,0.03,-0.15
7.4058e-02,-0.045,0.21
7.4059e-02,0.12,-0.135
7.4061e-02,0.085,0.2
7.4062e-02,0.065,-0.15
7.4064e-02,0.015,0.205
7.4066e-02,0.15,-0.15
7.4067e-02,0.015,0.21
7.4069e-02,0.105,-0.115
7.4070e-02,-0.085,0.17
7.4072e-02,0.055,-0.135
7.4074e-02,-0.02,0.195
7.4075e-02,0.06,-0.135
7.4077e-02,-0.045,0.195
7.4078e-02,0.02,-0.135
7.4080e-02,-0.03,0.19
7.4082e-02,0.07,-0.145
7.4083e-02,-0.025,0.195
7.4085e-02,-0.005,-0.125
7.4086e-02,-0.005,0.185
7.4088e-02,-0.055,-0.12
7.4090e-02,0.005,0.175
7.4091e-02,0.015,-0.125
7.4093e-02,-0.01,0.18
7.4094e-02,-0.035,-0.11
7.4096e-02,0.005,0.165
7.4098e-02,-0.005,-0.12
7.4099e-02,0.045,0.17
7.4101e-02,0.075,-0.135
7.4102e-02,-0.01,0.185
7.4104e-02,-0.01,-0.15
7.4106e-02,0.065,0.2
7.4107e-02,0.03,-0.155
7.4109e-02,0.08,0.215
7.4110e-02,-0.01,-0.19
7.4112e-02,-0.095,0.235
7.4114e-02,0.02,-0.155
7.4115e-02,-0.005,0.21
7.4117e-02,-0.02,-0.135
7.4118e-02,-0.02,0.2
7.4120e-02,-0.005,-0.14
7.4122e-02,0.1,0.195
7.4123e-02,0.08,-0.14
7.4125e-02,0.03,0.195
7.4126e-02,0,-0.17
7.4128e-02,0.08,0.215
7.4130e-02,0.065,-0.155
7.4131e-02,0.05,0.215
7.4133e-02,0.055,-0.125
7.4134e-02,0.005,0.19
7.4136e-02,0.065,-0.12
7.4138e-02,0.17,0.17
7.4139e-02,0.015,-0.13
7.4141e-02,0.08,0.195
7.4142e-02,0.025,-0.14
7.4144e-02,-0.02,0.185
7.4146e-02,-0.005,-0.145
7.4147e-02,0.035,0.205
7.4149e-02,0.04,-0.145
7.4150e-02,-0.05,0.195
7.4152e-02,0.075,-0.13
7.4154e-02,0.025,0.185
7.4155e-02,0.07,-0.135
7.4157e-02,0.105,0.19
7.4158e-02,0.01,-0.14
7.4160e-02,0.045,0.195
7.4162e-02,0.085,-0.135
7.4163e-02,0.105,0.19
7.4165e-02,0.07,-0.155
7.4166e-02,0.035,0.205
7.4168e-02,0.05,-0.13
7.4170e-02,0.045,0.185
7.4171e-02,0.11,-0.15
7.4173e-02,0.035,0.2
7.4174e-02,-0.005,-0.125
7.4176e-02,0.105,0.17
7.4178e-02,0.055,-0.14
7.4179e-02,0.005,0.19
7.4181e-02,0,-0.14
7.4182e-02,-0.05,0.195
7.4184e-02,0,-0.155
7.4186e-02,0.005,0.205
7.4187e-02,0.01,-0.15
7.4189e-02,-0.07,0.205
7.4190e-02,0.085,-0.125
7.4192e-02,0.035,0.175
7.4194e-02,0.035,-0.17
7.4195e-02,-0.005,0.215
7.4197e-02,0.01,-0.15
7.4198e-02,-0.015,0.195
7.4200e-02,0.01,-0.145
7.4202e-02,0.05,0.2
7.4203e-02,0.04,-0.185
7.4205e-02,-0.035,0.225
7.4206e-02,0.035,-0.17
7.4208e-02,0.085,0.215
7.4210e-02,0.005,-0.135
7.4211e-02,0.165,0.175
7.4213e-02,0.02,-0.145
7.4214e-02,0.035,0.195
7.4216e-02,0.005,-0.135
7.4218e-02,0.11,0.18
7.4219e-02,0.045,-0.155
7.4221e-02,0.015,0.2
7.4222e-02,0.05,-0.13
7.4224e-02,-0.04,0.175
7.4226e-02,0.03,-0.145
7.4227e-02,0.03,0.195
7.4229e-02,-0.13,-0.135
7.4230e-02,0.005,0.17
7.4232e-02,-0.005,-0.13
7.4234e-02,0.02,0.185
7.4235e-02,-0.105,-0.11
7.4237e-02,-0.025,0.15
7.4238e-02,-0.035,-0.14
7.4240e-02,0.01,0.185
7.4242e-02,0.03,-0.14
7.4243e-02,0.03,0.18
7.4245e-02,-0.025,-0.135
7.4246e-02,0.045,0.18
7.4248e-02,0.03,-0.15
7.4250e-02,-0.015,0.2
7.4251e-02,0.01,-0.13
7.4253e-02,-0.02,0.175
7.4254e-02,-0.045,-0.145
7.4256e-02,-0.065,0.18
7.4258e-02,0.015,-0.185
7.4259e-02,-0.05,0.225
7.4261e-02,-0.065,-0.13
7.4262e-02,-0.04,0.165
7.4264e-02,-0.015,-0.13
7.4266e-02,0.005,0.17
7.4267e-02,0.06,-0.14
7.4269e-02,0.035,0.185
7.4270e-02,0.03,-0.145
7.4272e-02,0.15,0.185
7.4274e-02,0.06,-0.14
7.4275e-02,0.07,0.185
7.4277e-02,-0.04,-0.155
7.4278e-02,0.01,0.19
7.4280e-02,-0.015,-0.135
7.4282e-02,-0.02,0.17
7.4283e-02,-0.06,-0.16
7.4285e-02,-0.07,0.2
7.4286e-02,0.07,-0.185
7.4288e-02,-0.025,0.23
7.4290e-02,0.035,-0.14
7.4291e-02,-0.04,0.18
7.4293e-02,0.04,-0.13
7.4294e-02,0.04,0.17
7.4296e-02,0.09,-0.135
7.4298e-02,-0.02,0.175
7.4299e-02,0.11,-0.165
7.4301e-02,0.02,0.195
7.4302e-02,0.06,-0.155
7.4304e-02,0.045,0.19
7.4306e-02,0.08,-0.175
7.4307e-02,-0.03,0.205
7.4309e-02,0.005,-0.15
7.4310e-02,0.035,0.18
7.4312e-02,0.01,-0.16
7.4314e-02,0.04,0.195
7.4315e-02,-0.01,-0.155
7.4317e-02,-0.06,0.19
7.4318e-02,0.02,-0.13
7.4320e-02,0.07,0.165
7.4322e-02,0.005,-0.14
7.4323e-02,0.05,0.175
7.4325e-02,0,-0.135
7.4326e-02,0.075,0.17
7.4328e-02,0.105,-0.14
7.4330e-02,-0.04,0.175
7.4331e-02,0,-0.125
7.4333e-02,0.015,0.16
7.4334e-02,-0.02,-0.145
7.4336e-02,0.04,0.18
7.4338e-02,-0.055,-0.145
7.4339e-02,0.025,0.18
7.4341e-02,-0.02,-0.165
7.4342e-02,0.075,0.195
7.4344e-02,0.01,-0.125
7.4346e-02,0.055,0.16
7.4347e-02,-0.045,-0.15
7.4349e-02,0.04,0.18
7.4350e-02,0.06,-0.14
7.4352e-02,0,0.17
7.4354e-02,0.04,-0.15
7.4355e-02,-0.035,0.175
7.4357e-02,0.105,-0.135
7.4358e-02,0.035,0.165
7.4360e-02,0.115,-0.135
7.4362e-02,-0.02,0.165
7.4363e-02,0.01,-0.13
7.4365e-02,0.055,0.16
7.4366e-02,-0.005,-0.18
7.4368e-02,0.075,0.205
7.4370e-02,-0.02,-0.17
7.4371e-02,0.045,0.195
7.4373e-02,0.025,-0.135
7.4374e-02,0.035,0.17
7.4376e-02,0.06,-0.13
7.4378e-02,0.015,0.16
7.4379e-02,0,-0.15
7.4381e-02,-0.015,0.17
7.4382e-02,0.05,-0.135
7.4384e-02,-0.02,0.16
7.4386e-02,-0.01,-0.16
7.4387e-02,-0.065,0.19
7.4389e-02,0.055,-0.155
7.4390e-02,0.08,0.18
7.4392e-02,0.005,-0.155
7.4394e-02,0.085,0.18
7.4395e-02,0.035,-0.185
7.4397e-02,0.12,0.21
7.4398e-02,0.12,-0.16
7.4400e-02,-0.045,0.185
7.4402e-02,0.055,-0.145
7.4403e-02,-0.03,0.17
7.4405e-02,-0.01,-0.18
7.4406e-02,0,0.21
7.4408e-02,-0.1,-0.165
7.4410e-02,-0.02,0.195
7.4411e-02,-0.055,-0.14
7.4413e-02,-0.055,0.165
7.4414e-02,0.03,-0.145
7.4416e-02,-0.045,0.17
7.4418e-02,0.03,-0.145
7.4419e-02,-0.08,0.175
7.4421e-02,0.075,-0.15
7.4422e-02,-0.005,0.175
7.4424e-02,-0.02,-0.13
7.4426e-02,0.065,0.16
7.4427e-02,-0.02,-0.15
7.4429e-02,0.09,0.18
7.4430e-02,0.12,-0.145
7.4432e-02,-0.035,0.17
7.4434e-02,0.05,-0.165
7.4435e-02,-0.045,0.195
7.4437e-02,0.05,-0.165
7.4438e-02,-0.065,0.195
7.4440e-02,-0.1,-0.145
7.4442e-02,-0.06,0.175
7.4443e-02,0,-0.17
7.4445e-02,-0.025,0.205
7.4446e-02,-0.03,-0.175
7.4448e-02,0.01,0.2
7.4450e-02,0.01,-0.16
7.4451e-02,0.12,0.185
7.4453e-02,0.1,-0.16
7.4454e-02,0.03,0.185
7.4456e-02,0.08,-0.19
7.4458e-02,-0.025,0.21
7.4459e-02,-0.03,-0.16
7.4461e-02,0.06,0.185
7.4462e-02,-0.03,-0.17
7.4464e-02,-0.03,0.195
7.4466e-02,-0.02,-0.155
7.4467e-02,-0.045,0.185
7.4469e-02,0.055,-0.135
7.4470e-02,0.02,0.17
7.4472e-02,0.03,-0.145
7.4474e-02,-0.075,0.175
7.4475e-02,0.035,-0.16
7.4477e-02,0.03,0.185
7.4478e-02,-0.085,-0.14
7.4480e-02,0.03,0.165
7.4482e-02,-0.015,-0.165
7.4483e-02,0.065,0.185
7.4485e-02,0.11,-0.155
7.4486e-02,-0.035,0.175
7.4488e-02,0.025,-0.165
7.4490e-02,-0.005,0.19
7.4491e-02,-0.01,-0.155
7.4493e-02,-0.005,0.17
7.4494e-02,-0.045,-0.16
7.4496e-02,0.02,0.185
7.4498e-02,-0.09,-0.135
7.4499e-02,0.035,0.16
7.4501e-02,0,-0.17
7.4502e-02,-0.045,0.19
7.4504e-02,-0.015,-0.145
7.4506e-02,0.045,0.17
7.4507e-02,0.03,-0.17
7.4509e-02,-0.03,0.185
7.4510e-02,-0.065,-0.18
7.4512e-02,-0.105,0.19
7.4514e-02,-0.02,-0.16
7.4515e-02,0.07,0.175
7.4517e-02,-0.005,-0.16
7.4518e-02,-0.005,0.19
7.4520e-02,0.005,-0.15
7.4522e-02,0.035,0.17
7.4523e-02,-0.055,-0.145
7.4525e-02,0.06,0.16
7.4526e-02,0.04,-0.18
7.4528e-02,0.025,0.19
7.4530e-02,0.02,-0.15
7.4531e-02,0.025,0.16
7.4533e-02,0.025,-0.145
7.4534e-02,0,0.155
7.4536e-02,0.06,-0.155
7.4538e-02,0.03,0.17
7.4539e-02,0.015,-0.16
7.4541e-02,0.01,0.17
7.4542e-02,-0.105,-0.135
7.4544e-02,-0.08,0.15
7.4546e-02,-0.02,-0.15
7.4547e-02,0.065,0.16
7.4549e-02,-0.055,-0.15
7.4550e-02,0.015,0.16
7.4552e-02,0.03,-0.16
7.4554e-02,0.07,0.175
7.4555e-02,0,-0.15
7.4557e-02,0.07,0.17
7.4558e-02,0.05,-0.15
7.4560e-02,0,0.165
7.4562e-02,0.055,-0.145
7.4563e-02,0.045,0.155
7.4565e-02,-0.02,-0.135
7.4566e-02,0.02,0.145
7.4568e-02,-0.02,-0.15
7.4570e-02,0.09,0.155
7.4571e-02,0.075,-0.135
7.4573e-02,0.125,0.155
7.4574e-02,0.065,-0.13
7.4576e-02,-0.005,0.14
7.4578e-02,-0.02,-0.14
7.4579e-02,0.03,0.15
7.4581e-02,-0.03,-0.145
7.4582e-02,-0.045,0.155
7.4584e-02,0.005,-0.165
7.4586e-02,0,0.175
7.4587e-02,-0.075,-0.175
7.4589e-02,-0.02,0.19
7.4590e-02,0.065,-0.16
7.4592e-02,-0.08,0.17
7.4594e-02,0.06,-0.16
7.4595e-02,0.005,0.165
7.4597e-02,-0.03,-0.165
7.4598e-02,-0.055,0.17
7.4600e-02,-0.045,-0.15
7.4602e-02,0.06,0.155
7.4603e-02,0.02,-0.145
7.4605e-02,0.09,0.155
7.4606e-02,0.015,-0.14
7.4608e-02,0.03,0.145
7.4610e-02,0.045,-0.155
7.4611e-02,-0.01,0.165
7.4613e-02,0.05,-0.165
7.4614e-02,-0.05,0.17
7.4616e-02,0.09,-0.165
7.4618e-02,0.025,0.185
7.4619e-02,-0.01,-0.165
7.4621e-02,0.015,0.175
7.4622e-02,0.03,-0.16
7.4624e-02,-0.03,0.17
7.4626e-02,0.05,-0.18
7.4627e-02,0.055,0.19
7.4629e-02,0.085,-0.155
7.4630e-02,-0.005,0.165
7.4632e-02,0,-0.16
7.4634e-02,0.095,0.175
7.4635e-02,0.005,-0.155
7.4637e-02,0.035,0.16
7.4638e-02,-0.02,-0.16
7.4640e-02,0.005,0.17
7.4642e-02,0.105,-0.15
7.4643e-02,0.04,0.155
7.4645e-02,-0.07,-0.155
7.4646e-02,-0.025,0.16
7.4648e-02,-0.09,-0.135
7.4650e-02,-0.025,0.14
7.4651e-02,-0.04,-0.165
7.4653e-02,0.015,0.165
7.4654e-02,-0.075,-0.155
7.4656e-02,0.02,0.17
7.4658e-02,0.065,-0.15
7.4659e-02,0.07,0.16
7.4661e-02,-0.005,-0.16
7.4662e-02,-0.04,0.16
7.4664e-02,-0.04,-0.175
7.4666e-02,-0.015,0.18
7.4667e-02,0.01,-0.195
7.4669e-02,-0.09,0.205
7.4670e-02,-0.015,-0.15
7.4672e-02,0.005,0.16
7.4674e-02,-0.015,-0.17
7.4675e-02,0.04,0.17
7.4677e-02,0.005,-0.17
7.4678e-02,-0.015,0.165
7.4680e-02,-0.025,-0.155
7.4682e-02,0.01,0.165
7.4683e-02,0.02,-0.15
7.4685e-02,-0.035,0.15
7.4686e-02,0.03,-0.17
7.4688e-02,-0.09,0.17
7.4690e-02,-0.02,-0.165
7.4691e-02,0.105,0.165
7.4693e-02,-0.015,-0.175
7.4694e-02,0.02,0.175
7.4696e-02,-0.005,-0.175
7.4698e-02,0.035,0.17
7.4699e-02,0.025,-0.16
7.4701e-02,-0.035,0.16
7.4702e-02,-0.07,-0.155
7.4704e-02,0.015,0.16
7.4706e-02,0.015,-0.175
7.4707e-02,-0.015,0.165
7.4709e-02,-0.01,-0.16
7.4710e-02,-0.015,0.16
7.4712e-02,-0.105,-0.175
7.4714e-02,-0.005,0.175
7.4715e-02,-0.06,-0.18
7.4717e-02,-0.015,0.175
7.4718e-02,-0.035,-0.17
7.4720e-02,0.01,0.17
7.4722e-02,0.075,-0.17
7.4723e-02,0.14,0.175
7.4725e-02,0.01,-0.2
7.4726e-02,0.05,0.19
7.4728e-02,0.04,-0.16
7.4730e-02,0.04,0.16
7.4731e-02,0.015,-0.155
7.4733e-02,0.02,0.15
7.4734e-02,-0.04,-0.185
7.4736e-02,-0.035,0.185
7.4738e-02,0.045,-0.21
7.4739e-02,0.025,0.2
7.4741e-02,-0.02,-0.17
7.4742e-02,0.005,0.17
7.4744e-02,0.02,-0.165
7.4746e-02,0.025,0.155
7.4747e-02,0.085,-0.15
7.4749e-02,0.01,0.155
7.4750e-02,0.015,-0.165
7.4752e-02,-0.04,0.175
7.4754e-02,-0.01,-0.185
7.4755e-02,0.045,0.19
7.4757e-02,-0.01,-0.15
7.4758e-02,-0.075,0.15
7.4760e-02,-0.025,-0.155
7.4762e-02,0,0.155
7.4763e-02,-0.075,-0.14
7.4765e-02,-0.01,0.135
7.4766e-02,-0.07,-0.15
7.4768e-02,0.005,0.15
7.4770e-02,0.07,-0.17
7.4771e-02,0.005,0.165
7.4773e-02,0.01,-0.15
7.4774e-02,0.025,0.15
7.4776e-02,0.005,-0.135
7.4778e-02,0.045,0.135
7.4779e-02,0.065,-0.155
7.4781e-02,0.01,0.15
7.4782e-02,0.035,-0.15
7.4784e-02,0.005,0.15
7.4786e-02,-0.04,-0.17
7.4787e-02,0.135,0.165
7.4789e-02,0.005,-0.185
7.4790e-02,0.06,0.18
7.4792e-02,-0.04,-0.165
7.4794e-02,-0.03,0.155
7.4795e-02,0.02,-0.15
7.4797e-02,0.005,0.14
7.4798e-02,-0.075,-0.19
7.4800e-02,-0.04,0.185
7.4802e-02,-0.01,-0.17
7.4803e-02,-0.02,0.17
7.4805e-02,-0.065,-0.18
7.4806e-02,-0.015,0.185
7.4808e-02,0.025,-0.165
7.4810e-02,0.01,0.16
7.4811e-02,-0.02,-0.2
7.4813e-02,-0.015,0.195
7.4814e-02,-0.055,-0.15
7.4816e-02,-0.01,0.145
7.4818e-02,-0.1,-0.15
7.4819e-02,0.03,0.145
7.4821e-02,0,-0.14
7.4822e-02,0.01,0.135
7.4824e-02,0.07,-0.15
7.4826e-02,0.05,0.135
7.4827e-02,0.055,-0.145
7.4829e-02,-0.045,0.14
7.4830e-02,-0.1,-0.15
7.4832e-02,-0.09,0.14
7.4834e-02,-0.07,-0.155
7.4835e-02,-0.01,0.14
7.4837e-02,-0.07,-0.155
7.4838e-02,-0.02,0.145
7.4840e-02,-0.005,-0.175
7.4842e-02,0.045,0.16
7.4843e-02,-0.005,-0.155
7.4845e-02,-0.05,0.14
7.4846e-02,-0.015,-0.155
7.4848e-02,-0.04,0.14
7.4850e-02,-0.01,-0.145
7.4851e-02,0,0.14
7.4853e-02,-0.065,-0.15
7.4854e-02,-0.025,0.135
7.4856e-02,0.005,-0.15
7.4858e-02,0.04,0.135
7.4859e-02,0.065,-0.165
7.4861e-02,0.05,0.15
7.4862e-02,0.005,-0.175
7.4864e-02,-0.005,0.17
7.4866e-02,-0.01,-0.155
7.4867e-02,0.02,0.135
7.4869e-02,-0.04,-0.175
7.4870e-02,-0.04,0.155
7.4872e-02,0.09,-0.165
7.4874e-02,0.055,0.145
7.4875e-02,-0.015,-0.15
7.4877e-02,-0.025,0.13
7.4878e-02,-0.04,-0.155
7.4880e-02,0.02,0.145
7.4882e-02,0.02,-0.16
7.4883e-02,0.015,0.15
7.4885e-02,-0.04,-0.16
7.4886e-02,-0.025,0.15
7.4888e-02,0,-0.16
7.4890e-02,-0.005,0.14
7.4891e-02,0.035,-0.15
7.4893e-02,0.03,0.13
7.4894e-02,0.035,-0.16
7.4896e-02,0.025,0.15
7.4898e-02,-0.085,-0.16
7.4899e-02,0.03,0.145
7.4901e-02,-0.055,-0.19
7.4902e-02,-0.075,0.17
7.4904e-02,0.05,-0.16
7.4906e-02,-0.01,0.145
7.4907e-02,0.01,-0.155
7.4909e-02,0.02,0.145
7.4910e-02,-0.01,-0.155
7.4912e-02,-0.025,0.145
7.4914e-02,0.125,-0.165
7.4915e-02,0.01,0.145
7.4917e-02,0.005,-0.17
7.4918e-02,-0.005,0.15
7.4920e-02,-0.045,-0.145
7.4922e-02,0.03,0.13
7.4923e-02,0,-0.155
7.4925e-02,-0.045,0.14
7.4926e-02,0.015,-0.165
7.4928e-02,-0.03,0.15
7.4930e-02,0.045,-0.165
7.4931e-02,0.01,0.14
7.4933e-02,0.05,-0.165
7.4934e-02,-0.005,0.145
7.4936e-02,0.105,-0.145
7.4938e-02,0.055,0.13
7.4939e-02,0.01,-0.14
7.4941e-02,0.06,0.12
7.4942e-02,-0.03,-0.165
7.4944e-02,-0.005,0.15
7.4946e-02,0.01,-0.14
7.4947e-02,0.02,0.13
7.4949e-02,0.06,-0.165
7.4950e-02,-0.01,0.15
7.4952e-02,-0.035,-0.175
7.4954e-02,0.03,0.155
7.4955e-02,-0.01,-0.165
7.4957e-02,0.05,0.145
7.4958e-02,-0.1,-0.15
7.4960e-02,-0.05,0.14
7.4962e-02,-0.08,-0.16
7.4963e-02,-0.03,0.15
7.4965e-02,-0.05,-0.16
7.4966e-02,-0.08,0.14
7.4968e-02,0.045,-0.155
7.4970e-02,0.075,0.135
7.4971e-02,0.07,-0.165
7.4973e-02,0,0.145
7.4974e-02,-0.025,-0.175
7.4976e-02,0.02,0.15
7.4978e-02,0.035,-0.145
7.4979e-02,0.025,0.125
7.4981e-02,0.01,-0.15
7.4982e-02,0.05,0.125
7.4984e-02,0,-0.15
7.4986e-02,0.03,0.125
7.4987e-02,0.07,-0.16
7.4989e-02,-0.05,0.135
7.4990e-02,0.06,-0.19
7.4992e-02,0.01,0.155
7.4994e-02,-0.01,-0.17
7.4995e-02,0.065,0.15
7.4997e-02,-0.005,-0.17
7.4998e-02,0.005,0.155
7.5000e-02,-0.04,-0.195
7.5002e-02,-0.08,0.17
7.5003e-02,-0.035,-0.165
7.5005e-02,0.04,0.135
7.5006e-02,-0.1,-0.17
7.5008e-02,0.05,0.145
7.5010e-02,-0.05,-0.16
7.5011e-02,0.03,0.14
7.5013e-02,-0.035,-0.17
7.5014e-02,-0.055,0.14
7.5016e-02,-0.06,-0.19
7.5018e-02,0.015,0.165
7.5019e-02,0.03,-0.155
7.5021e-02,-0.01,0.115
7.5022e-02,-0.03,-0.185
7.5024e-02,0.06,0.155
7.5026e-02,0.045,-0.165
7.5027e-02,-0.005,0.13
7.5029e-02,-0.08,-0.15
7.5030e-02,0.01,0.13
7.5032e-02,0,-0.17
7.5034e-02,0.06,0.135
7.5035e-02,0.015,-0.165
7.5037e-02,-0.01,0.135
7.5038e-02,-0.13,-0.17
7.5040e-02,-0.005,0.135
7.5042e-02,-0.115,-0.16
7.5043e-02,-0.005,0.125
7.5045e-02,-0.03,-0.17
7.5046e-02,-0.03,0.14
7.5048e-02,0.01,-0.195
7.5050e-02,-0.07,0.165
7.5051e-02,0.025,-0.185
7.5053e-02,-0.04,0.15
7.5054e-02,-0.095,-0.17
7.5056e-02,-0.045,0.135
7.5058e-02,-0.1,-0.17
7.5059e-02,-0.02,0.14
7.5061e-02,-0.05,-0.195
7.5062e-02,-0.105,0.16
7.5064e-02,0.03,-0.17
7.5066e-02,-0.05,0.135
7.5067e-02,-0.035,-0.17
7.5069e-02,-0.095,0.135
7.5070e-02,-0.095,-0.16
7.5072e-02,-0.1,0.13
7.5074e-02,-0.02,-0.18
7.5075e-02,-0.015,0.145
7.5077e-02,0.045,-0.165
7.5078e-02,-0.025,0.145
7.5080e-02,0.015,-0.165
7.5082e-02,-0.075,0.14
7.5083e-02,0.05,-0.195
7.5085e-02,-0.025,0.17
7.5086e-02,0.03,-0.155
7.5088e-02,-0.065,0.125
7.5090e-02,0.025,-0.17
7.5091e-02,-0.005,0.14
7.5093e-02,0.015,-0.17
7.5094e-02,0.005,0.135
7.5096e-02,-0.015,-0.165
7.5098e-02,0.03,0.135
7.5099e-02,0.01,-0.16
7.5101e-02,-0.045,0.14
7.5102e-02,0.005,-0.175
7.5104e-02,-0.085,0.14
7.5106e-02,0.005,-0.18
7.5107e-02,-0.01,0.15
7.5109e-02,0.02,-0.195
7.5110e-02,0.085,0.16
7.5112e-02,-0.045,-0.18
7.5114e-02,-0.035,0.145
7.5115e-02,-0.025,-0.15
7.5117e-02,-0.035,0.12
7.5118e-02,-0.01,-0.165
7.5120e-02,-0.09,0.13
7.5122e-02,-0.015,-0.155
7.5123e-02,-0.01,0.12
7.5125e-02,0.025,-0.165
7.5126e-02,-0.045,0.125
7.5128e-02,-0.03,-0.145
7.5130e-02,0.02,0.11
7.5131e-02,-0.015,-0.16
7.5133e-02,-0.005,0.12
7.5134e-02,-0.06,-0.155
7.5136e-02,-0.09,0.12
7.5138e-02,0.025,-0.165
7.5139e-02,-0.01,0.13
7.5141e-02,0.04,-0.17
7.5142e-02,0.03,0.125
7.5144e-02,0.035,-0.195
7.5146e-02,-0.005,0.16
7.5147e-02,-0.005,-0.185
7.5149e-02,0.03,0.145
7.5150e-02,-0.03,-0.175
7.5152e-02,-0.02,0.135
7.5154e-02,-0.045,-0.175
7.5155e-02,-0.02,0.135
7.5157e-02,0.02,-0.165
7.5158e-02,0.01,0.12
7.5160e-02,-0.065,-0.17
7.5162e-02,0.01,0.125
7.5163e-02,-0.04,-0.18
7.5165e-02,0.08,0.135
7.5166e-02,0.005,-0.2
7.5168e-02,-0.02,0.15
7.5170e-02,-0.045,-0.16
7.5171e-02,0.05,0.125
7.5173e-02,-0.015,-0.16
7.5174e-02,-0.015,0.12
7.5176e-02,-0.065,-0.16
7.5178e-02,-0.07,0.12
7.5179e-02,-0.07,-0.185
7.5181e-02,0.015,0.14
7.5182e-02,-0.05,-0.18
7.5184e-02,0.055,0.135
7.5186e-02,-0.025,-0.165
7.5187e-02,0.01,0.125
7.5189e-02,-0.01,-0.16
7.5190e-02,0.07,0.12
7.5192e-02,-0.105,-0.16
7.5194e-02,-0.02,0.11
7.5195e-02,-0.075,-0.18
7.5197e-02,0.07,0.145
7.5198e-02,-0.055,-0.175
7.5200e-02,0.03,0.13
7.5202e-02,-0.085,-0.195
7.5203e-02,-0.075,0.145
7.5205e-02,0.01,-0.185
7.5206e-02,-0.015,0.135
7.5208e-02,-0.045,-0.18
7.5210e-02,-0.045,0.13
7.5211e-02,-0.035,-0.175
7.5213e-02,-0.06,0.13
7.5214e-02,0.06,-0.16
7.5216e-02,0.115,0.12
7.5218e-02,-0.02,-0.17
7.5219e-02,0.02,0.12
7.5221e-02,-0.07,-0.2
7.5222e-02,0,0.16
7.5224e-02,-0.035,-0.165
7.5226e-02,-0.085,0.125
7.5227e-02,-0.09,-0.155
7.5229e-02,-0.03,0.115
7.5230e-02,0.075,-0.165
7.5232e-02,-0.055,0.115
7.5234e-02,0,-0.18
7.5235e-02,-0.045,0.13
7.5237e-02,-0.08,-0.17
7.5238e-02,-0.005,0.13
7.5240e-02,-0.06,-0.16
7.5242e-02,-0.1,0.115
7.5243e-02,-0.06,-0.165
7.5245e-02,-0.055,0.12
7.5246e-02,0.005,-0.185
7.5248e-02,0.01,0.135
7.5250e-02,0.09,-0.165
7.5251e-02,-0.1,0.12
7.5253e-02,0.045,-0.175
7.5254e-02,0.01,0.135
7.5256e-02,0.02,-0.165
7.5258e-02,0.04,0.125
7.5259e-02,-0.045,-0.2
7.5261e-02,-0.02,0.15
7.5262e-02,0.015,-0.19
7.5264e-02,0.08,0.14
7.5266e-02,-0.05,-0.18
7.5267e-02,-0.055,0.14
7.5269e-02,-0.075,-0.175
7.5270e-02,-0.06,0.13
7.5272e-02,-0.05,-0.19
7.5274e-02,-0.055,0.145
7.5275e-02,-0.015,-0.175
7.5277e-02,-0.04,0.135
7.5278e-02,0.05,-0.18
7.5280e-02,-0.035,0.135
7.5282e-02,-0.005,-0.18
7.5283e-02,-0.02,0.14
7.5285e-02,-0.105,-0.175
7.5286e-02,-0.035,0.135
7.5288e-02,0.015,-0.18
7.5290e-02,-0.055,0.125
7.5291e-02,-0.035,-0.175
7.5293e-02,-0.055,0.13
7.5294e-02,-0.055,-0.195
7.5296e-02,-0.015,0.15
7.5298e-02,-0.02,-0.17
7.5299e-02,-0.065,0.115
7.5301e-02,-0.16,-0.165
7.5302e-02,0.005,0.115
7.5304e-02,-0.09,-0.18
7.5306e-02,-0.02,0.135
7.5307e-02,-0.065,-0.18
7.5309e-02,-0.045,0.13
7.5310e-02,-0.11,-0.185
7.5312e-02,-0.1,0.135
7.5314e-02,-0.045,-0.18
7.5315e-02,-0.135,0.125
7.5317e-02,-0.09,-0.195
7.5318e-02,-0.14,0.14
7.5320e-02,-0.08,-0.175
7.5322e-02,0.02,0.115
7.5323e-02,-0.005,-0.18
7.5325e-02,-0.09,0.115
7.5326e-02,-0.095,-0.18
7.5328e-02,-0.07,0.135
7.5330e-02,-0.085,-0.2
7.5331e-02,-0.085,0.145
7.5333e-02,-0.04,-0.19
7.5334e-02,-0.05,0.135
7.5336e-02,-0.005,-0.185
7.5338e-02,0.065,0.14
7.5339e-02,-0.015,-0.18
7.5341e-02,0.025,0.13
7.5342e-02,-0.045,-0.17
7.5344e-02,-0.02,0.12
7.5346e-02,-0.03,-0.19
7.5347e-02,0.04,0.13
7.5349e-02,-0.005,-0.165
7.5350e-02,-0.04,0.11
7.5352e-02,0.025,-0.17
7.5354e-02,0.005,0.115
7.5355e-02,0.01,-0.175
7.5357e-02,-0.025,0.125
7.5358e-02,-0.095,-0.18
7.5360e-02,-0.05,0.125
7.5362e-02,-0.04,-0.215
7.5363e-02,-0.015,0.155
7.5365e-02,-0.035,-0.185
7.5366e-02,0.035,0.125
7.5368e-02,-0.05,-0.16
7.5370e-02,-0.015,0.105
7.5371e-02,0.01,-0.18
7.5373e-02,0.06,0.12
7.5374e-02,-0.055,-0.195
7.5376e-02,0.02,0.135
7.5378e-02,0.01,-0.18
7.5379e-02,0.02,0.12
7.5381e-02,0.03,-0.19
7.5382e-02,0.015,0.13
7.5384e-02,-0.05,-0.205
7.5386e-02,0.02,0.145
7.5387e-02,-0.085,-0.18
7.5389e-02,-0.035,0.12
7.5390e-02,-0.065,-0.165
7.5392e-02,-0.1,0.11
7.5394e-02,-0.115,-0.17
7.5395e-02,0.02,0.11
7.5397e-02,-0.005,-0.18
7.5398e-02,0.08,0.12
7.5400e-02,-0.055,-0.17
7.5402e-02,-0.005,0.115
7.5403e-02,-0.025,-0.2
7.5405e-02,0.005,0.14
7.5406e-02,-0.11,-0.195
7.5408e-02,-0.085,0.14
7.5410e-02,-0.085,-0.185
7.5411e-02,-0.095,0.125
7.5413e-02,-0.05,-0.185
7.5414e-02,0.005,0.13
7.5416e-02,-0.06,-0.21
7.5418e-02,-0.05,0.15
7.5419e-02,-0.1,-0.185
7.5421e-02,-0.015,0.125
7.5422e-02,-0.005,-0.205
7.5424e-02,0.025,0.14
7.5426e-02,0.035,-0.175
7.5427e-02,0.005,0.115
7.5429e-02,0.08,-0.19
7.5430e-02,0.03,0.12
7.5432e-02,-0.035,-0.19
7.5434e-02,-0.05,0.125
7.5435e-02,-0.075,-0.19
7.5437e-02,-0.01,0.125
7.5438e-02,-0.035,-0.185
7.5440e-02,-0.04,0.125
7.5442e-02,-0.055,-0.185
7.5443e-02,-0.04,0.115
7.5445e-02,-0.01,-0.175
7.5446e-02,-0.045,0.11
7.5448e-02,-0.045,-0.185
7.5450e-02,-0.055,0.12
7.5451e-02,-0.14,-0.19
7.5453e-02,-0.02,0.125
7.5454e-02,-0.07,-0.185
7.5456e-02,0.01,0.12
7.5458e-02,-0.07,-0.17
7.5459e-02,-0.005,0.1
7.5461e-02,-0.03,-0.18
7.5462e-02,0.07,0.11
7.5464e-02,-0.02,-0.165
7.5466e-02,0.02,0.1
7.5467e-02,-0.025,-0.195
7.5469e-02,0.02,0.125
7.5470e-02,0,-0.18
7.5472e-02,0.06,0.11
7.5474e-02,0.02,-0.185
7.5475e-02,0,0.12
7.5477e-02,-0.09,-0.18
7.5478e-02,0.01,0.11
7.5480e-02,-0.05,-0.165
7.5482e-02,-0.02,0.105
7.5483e-02,-0.045,-0.195
7.5485e-02,-0.03,0.13
7.5486e-02,-0.02,-0.175
7.5488e-02,0.025,0.11
7.5490e-02,-0.04,-0.19
7.5491e-02,-0.115,0.125
7.5493e-02,-0.025,-0.18
7.5494e-02,-0.12,0.11
7.5496e-02,-0.075,-0.185
7.5498e-02,-0.025,0.115
7.5499e-02,-0.075,-0.185
7.5501e-02,0,0.115
7.5502e-02,0.05,-0.21
7.5504e-02,0.02,0.14
7.5506e-02,-0.005,-0.21
7.5507e-02,-0.09,0.135
7.5509e-02,-0.135,-0.185
7.5510e-02,-0.075,0.115
7.5512e-02,-0.02,-0.2
7.5514e-02,-0.02,0.13
7.5515e-02,-0.01,-0.225
7.5517e-02,0.05,0.15
7.5518e-02,-0.035,-0.185
7.5520e-02,0,0.12
7.5522e-02,0.02,-0.165
7.5523e-02,-0.05,0.1
7.5525e-02,-0.035,-0.2
7.5526e-02,-0.115,0.125
7.5528e-02,-0.05,-0.165
7.5530e-02,-0.1,0.095
7.5531e-02,0.01,-0.195
7.5533e-02,-0.015,0.13
7.5534e-02,-0.05,-0.18
7.5536e-02,-0.005,0.115
7.5538e-02,0.04,-0.21
7.5539e-02,-0.06,0.145
7.5541e-02,-0.01,-0.21
7.5542e-02,-0.125,0.14
7.5544e-02,0.04,-0.2
7.5546e-02,0.025,0.135
7.5547e-02,0.03,-0.19
7.5549e-02,-0.03,0.125
7.5550e-02,0.055,-0.195
7.5552e-02,0.045,0.125
7.5554e-02,-0.005,-0.175
7.5555e-02,0.035,0.115
7.5557e-02,-0.005,-0.185
7.5558e-02,-0.08,0.115
7.5560e-02,0.035,-0.2
7.5562e-02,-0.02,0.125
7.5563e-02,0.01,-0.165
7.5565e-02,0.035,0.095
7.5566e-02,-0.005,-0.175
7.5568e-02,-0.045,0.1
7.5570e-02,0.03,-0.195
7.5571e-02,0,0.13
7.5573e-02,-0.025,-0.19
7.5574e-02,-0.11,0.115
7.5576e-02,-0.005,-0.22
7.5578e-02,-0.07,0.15
7.5579e-02,0.01,-0.17
7.5581e-02,-0.07,0.095
7.5582e-02,0.015,-0.22
7.5584e-02,-0.045,0.15
7.5586e-02,0.08,-0.195
7.5587e-02,0.005,0.115
7.5589e-02,-0.04,-0.19
7.5590e-02,0.005,0.115
7.5592e-02,-0.1,-0.185
7.5594e-02,-0.035,0.115
7.5595e-02,0.005,-0.19
7.5597e-02,-0.09,0.12
7.5598e-02,-0.115,-0.24
7.5600e-02,-0.125,0.165
7.5602e-02,-0.08,-0.195
7.5603e-02,-0.125,0.125
7.5605e-02,-0.045,-0.21
7.5606e-02,-0.07,0.135
7.5608e-02,0.01,-0.205
7.5610e-02,0.04,0.13
7.5611e-02,0.07,-0.2
7.5613e-02,-0.02,0.12
7.5614e-02,0,-0.185
7.5616e-02,-0.09,0.1
7.5618e-02,-0.085,-0.225
7.5619e-02,-0.02,0.145
7.5621e-02,-0.035,-0.255
7.5622e-02,-0.055,0.165
7.5624e-02,-0.08,-0.18
7.5626e-02,-0.035,0.1
7.5627e-02,-0.01,-0.225
7.5629e-02,-0.04,0.14
7.5630e-02,-0.005,-0.19
7.5632e-02,-0.16,0.105
7.5634e-02,-0.085,-0.195
7.5635e-02,-0.075,0.11
7.5637e-02,-0.08,-0.19
7.5638e-02,-0.05,0.105
7.5640e-02,-0.03,-0.18
7.5642e-02,-0.02,0.1
7.5643e-02,-0.025,-0.185
7.5645e-02,-0.045,0.105
7.5646e-02,-0.03,-0.19
7.5648e-02,-0.11,0.11
7.5650e-02,-0.08,-0.205
7.5651e-02,-0.02,0.12
7.5653e-02,0.04,-0.2
7.5654e-02,-0.01,0.125
7.5656e-02,0.025,-0.195
7.5658e-02,0.01,0.11
7.5659e-02,-0.02,-0.175
7.5661e-02,-0.005,0.105
7.5662e-02,-0.1,-0.185
7.5664e-02,-0.135,0.105
7.5666e-02,-0.05,-0.195
7.5667e-02,0.005,0.12
7.5669e-02,-0.02,-0.195
7.5670e-02,0,0.12
7.5672e-02,-0.035,-0.18
7.5674e-02,-0.09,0.095
7.5675e-02,-0.06,-0.195
7.5677e-02,-0.02,0.115
7.5678e-02,-0.035,-0.19
7.5680e-02,0.045,0.105
7.5682e-02,-0.075,-0.19
7.5683e-02,0,0.105
7.5685e-02,0.02,-0.195
7.5686e-02,0.075,0.12
7.5688e-02,-0.015,-0.19
7.5690e-02,-0.09,0.115
7.5691e-02,-0.005,-0.18
7.5693e-02,-0.105,0.105
7.5694e-02,-0.045,-0.175
7.5696e-02,-0.115,0.095
7.5698e-02,-0.105,-0.2
7.5699e-02,-0.07,0.12
7.5701e-02,-0.04,-0.185
7.5702e-02,-0.055,0.105
7.5704e-02,-0.02,-0.195
7.5706e-02,-0.07,0.11
7.5707e-02,-0.14,-0.21
7.5709e-02,-0.045,0.125
7.5710e-02,-0.06,-0.2
7.5712e-02,-0.085,0.12
7.5714e-02,-0.035,-0.19
7.5715e-02,-0.1,0.11
7.5717e-02,-0.04,-0.185
7.5718e-02,0.03,0.095
7.5720e-02,-0.045,-0.19
7.5722e-02,-0.04,0.1
7.5723e-02,-0.07,-0.225
7.5725e-02,-0.055,0.13
7.5726e-02,-0.065,-0.205
7.5728e-02,-0.035,0.125
7.5730e-02,-0.045,-0.205
7.5731e-02,-0.085,0.125
7.5733e-02,-0.045,-0.185
7.5734e-02,-0.095,0.105
7.5736e-02,-0.055,-0.175
7.5738e-02,-0.01,0.09
7.5739e-02,-0.15,-0.235
7.5741e-02,-0.045,0.135
7.5742e-02,-0.125,-0.2
7.5744e-02,-0.04,0.11
7.5746e-02,0,-0.22
7.5747e-02,0.005,0.13
7.5749e-02,-0.055,-0.195
7.5750e-02,0.025,0.11
7.5752e-02,-0.005,-0.205
7.5754e-02,0.02,0.12
7.5755e-02,-0.035,-0.215
7.5757e-02,-0.115,0.12
7.5758e-02,-0.01,-0.225
7.5760e-02,-0.03,0.13
7.5762e-02,-0.04,-0.22
7.5763e-02,-0.015,0.13
7.5765e-02,-0.025,-0.2
7.5766e-02,-0.12,0.1
7.5768e-02,0.065,-0.195
7.5770e-02,-0.115,0.1
7.5771e-02,0.025,-0.19
7.5773e-02,-0.055,0.1
7.5774e-02,-0.09,-0.19
7.5776e-02,-0.02,0.1
7.5778e-02,0.005,-0.195
7.5779e-02,-0.025,0.105
7.5781e-02,-0.01,-0.22
7.5782e-02,-0.04,0.125
7.5784e-02,-0.07,-0.21
7.5786e-02,-0.03,0.115
7.5787e-02,-0.045,-0.2
7.5789e-02,-0.12,0.11
7.5790e-02,-0.07,-0.205
7.5792e-02,-0.09,0.115
7.5794e-02,-0.03,-0.185
7.5795e-02,0.03,0.09
7.5797e-02,-0.015,-0.2
7.5798e-02,-0.015,0.095
7.5800e-02,-0.015,-0.23
7.5802e-02,-0.025,0.135
7.5803e-02,0,-0.195
7.5805e-02,-0.025,0.1
7.5806e-02,-0.025,-0.19
7.5808e-02,-0.095,0.105
7.5810e-02,0.01,-0.2
7.5811e-02,-0.075,0.11
7.5813e-02,0,-0.185
7.5814e-02,-0.1,0.095
7.5816e-02,-0.17,-0.185
7.5818e-02,-0.04,0.095
7.5819e-02,-0.13,-0.2
7.5821e-02,-0.06,0.105
7.5822e-02,-0.115,-0.21
7.5824e-02,-0.06,0.125
7.5826e-02,0.035,-0.205
7.5827e-02,0.01,0.115
7.5829e-02,0.03,-0.22
7.5830e-02,0.01,0.125
7.5832e-02,-0.025,-0.2
7.5834e-02,0,0.1
7.5835e-02,-0.06,-0.19
7.5837e-02,-0.01,0.1
7.5838e-02,-0.025,-0.195
7.5840e-02,-0.045,0.105
7.5842e-02,-0.12,-0.19
7.5843e-02,-0.055,0.09
7.5845e-02,-0.03,-0.175
7.5846e-02,-0.09,0.085
7.5848e-02,-0.065,-0.175
7.5850e-02,-0.12,0.085
7.5851e-02,-0.045,-0.195
7.5853e-02,-0.035,0.105
7.5854e-02,-0.1,-0.205
7.5856e-02,-0.095,0.11
7.5858e-02,-0.085,-0.205
7.5859e-02,-0.09,0.115
7.5861e-02,-0.035,-0.2
7.5862e-02,-0.08,0.1
7.5864e-02,-0.135,-0.215
7.5866e-02,-0.04,0.115
7.5867e-02,-0.085,-0.225
7.5869e-02,-0.055,0.13
7.5870e-02,0.02,-0.225
7.5872e-02,-0.055,0.13
7.5874e-02,-0.025,-0.21
7.5875e-02,-0.045,0.115
7.5877e-02,-0.075,-0.19
7.5878e-02,-0.06,0.095
7.5880e-02,-0.09,-0.21
7.5882e-02,-0.175,0.105
7.5883e-02,-0.095,-0.2
7.5885e-02,-0.1,0.105
7.5886e-02,-0.04,-0.195
7.5888e-02,-0.095,0.1
7.5890e-02,-0.045,-0.21
7.5891e-02,-0.075,0.105
7.5893e-02,-0.015,-0.195
7.5894e-02,-0.055,0.085
7.5896e-02,-0.035,-0.19
7.5898e-02,-0.045,0.09
7.5899e-02,-0.115,-0.225
7.5901e-02,-0.105,0.125
7.5902e-02,-0.045,-0.245
7.5904e-02,-0.03,0.145
7.5906e-02,0.055,-0.265
7.5907e-02,-0.105,0.155
7.5909e-02,0.035,-0.195
7.5910e-02,-0.025,0.095
7.5912e-02,0.04,-0.215
7.5914e-02,-0.09,0.11
7.5915e-02,-0.01,-0.22
7.5917e-02,-0.045,0.11
7.5918e-02,-0.015,-0.195
7.5920e-02,-0.01,0.09
7.5922e-02,-0.04,-0.19
7.5923e-02,-0.025,0.09
7.5925e-02,-0.08,-0.205
7.5926e-02,-0.02,0.1
7.5928e-02,-0.055,-0.205
7.5930e-02,0.01,0.105
7.5931e-02,-0.09,-0.185
7.5933e-02,-0.13,0.08
7.5934e-02,-0.04,-0.21
7.5936e-02,-0.095,0.1
7.5938e-02,-0.005,-0.23
7.5939e-02,0.02,0.11
7.5941e-02,-0.095,-0.225
7.5942e-02,0,0.11
7.5944e-02,0.005,-0.2
7.5946e-02,0.005,0.095
7.5947e-02,-0.01,-0.21
7.5949e-02,-0.035,0.11
7.5950e-02,-0.155,-0.2
7.5952e-02,-0.015,0.1
7.5954e-02,-0.065,-0.175
7.5955e-02,-0.11,0.075
7.5957e-02,-0.025,-0.205
7.5958e-02,-0.075,0.1
7.5960e-02,-0.08,-0.21
7.5962e-02,-0.005,0.115
7.5963e-02,-0.09,-0.19
7.5965e-02,-0.025,0.085
7.5966e-02,-0.05,-0.2
7.5968e-02,0,0.1
7.5970e-02,-0.005,-0.225
7.5971e-02,0.075,0.12
7.5973e-02,-0.055,-0.215
7.5974e-02,-0.03,0.11
7.5976e-02,-0.085,-0.21
7.5978e-02,0,0.1
7.5979e-02,-0.04,-0.205
7.5981e-02,0.005,0.105
7.5982e-02,-0.125,-0.195
7.5984e-02,0.06,0.09
7.5986e-02,-0.01,-0.195
7.5987e-02,0.01,0.09
7.5989e-02,0.015,-0.22
7.5990e-02,-0.02,0.125
7.5992e-02,-0.035,-0.23
7.5994e-02,-0.015,0.125
7.5995e-02,-0.12,-0.19
7.5997e-02,0.055,0.085
7.5998e-02,-0.055,-0.225
7.6000e-02,-0.025,0.12
7.6002e-02,-0.035,-0.185
7.6003e-02,0.03,0.085
7.6005e-02,0.005,-0.235
7.6006e-02,-0.03,0.125
7.6008e-02,-0.115,-0.195
7.6010e-02,-0.12,0.09
7.6011e-02,-0.075,-0.205
7.6013e-02,-0.09,0.1
7.6014e-02,-0.05,-0.21
7.6016e-02,-0.045,0.105
7.6018e-02,-0.045,-0.215
7.6019e-02,0.005,0.115
7.6021e-02,0,-0.23
7.6022e-02,-0.05,0.115
7.6024e-02,-0.05,-0.2
7.6026e-02,-0.105,0.1
7.6027e-02,-0.11,-0.21
7.6029e-02,-0.045,0.1
7.6030e-02,-0.075,-0.205
7.6032e-02,-0.08,0.09
7.6034e-02,-0.035,-0.195
7.6035e-02,-0.085,0.085
7.6037e-02,-0.01,-0.24
7.6038e-02,-0.025,0.125
7.6040e-02,-0.11,-0.21
7.6042e-02,-0.085,0.09
7.6043e-02,-0.07,-0.205
7.6045e-02,-0.07,0.095
7.6046e-02,-0.045,-0.205
7.6048e-02,-0.03,0.095
7.6050e-02,-0.07,-0.24
7.6051e-02,-0.035,0.13
7.6053e-02,-0.01,-0.195
7.6054e-02,-0.06,0.085
7.6056e-02,-0.015,-0.215
7.6058e-02,-0.13,0.095
7.6059e-02,-0.08,-0.2
7.6061e-02,-0.07,0.085
7.6062e-02,-0.015,-0.195
7.6064e-02,0.02,0.08
7.6066e-02,-0.05,-0.2
7.6067e-02,-0.015,0.085
7.6069e-02,0.005,-0.2
7.6070e-02,0.06,0.08
7.6072e-02,-0.02,-0.2
7.6074e-02,-0.025,0.08
7.6075e-02,-0.07,-0.2
7.6077e-02,-0.06,0.075
7.6078e-02,0.015,-0.21
7.6080e-02,-0.08,0.095
7.6082e-02,-0.01,-0.215
7.6083e-02,-0.05,0.095
7.6085e-02,-0.07,-0.205
7.6086e-02,-0.025,0.09
7.6088e-02,0.005,-0.185
7.6090e-02,-0.05,0.07
7.6091e-02,-0.035,-0.2
7.6093e-02,-0.11,0.085
7.6094e-02,0.02,-0.22
7.6096e-02,-0.005,0.105
7.6098e-02,0.025,-0.2
7.6099e-02,-0.05,0.08
7.6101e-02,-0.025,-0.21
7.6102e-02,-0.025,0.09
7.6104e-02,-0.035,-0.195
7.6106e-02,0.02,0.08
7.6107e-02,-0.14,-0.215
7.6109e-02,-0.02,0.1
7.6110e-02,-0.215,-0.19
7.6112e-02,-0.075,0.07
7.6114e-02,-0.04,-0.22
7.6115e-02,-0.005,0.105
7.6117e-02,-0.065,-0.205
7.6118e-02,-0.02,0.085
7.6120e-02,0.01,-0.22
7.6122e-02,-0.035,0.105
7.6123e-02,0.025,-0.215
7.6125e-02,-0.195,0.1
7.6126e-02,-0.055,-0.2
7.6128e-02,-0.07,0.085
7.6130e-02,-0.055,-0.22
7.6131e-02,-0.105,0.11
7.6133e-02,0.03,-0.2
7.6134e-02,-0.09,0.085
7.6136e-02,0.03,-0.225
7.6138e-02,0.045,0.11
7.6139e-02,0,-0.24
7.6141e-02,-0.015,0.125
7.6142e-02,-0.095,-0.18
7.6144e-02,-0.09,0.07
7.6146e-02,-0.075,-0.22
7.6147e-02,-0.01,0.105
7.6149e-02,-0.145,-0.215
7.6150e-02,-0.065,0.105
7.6152e-02,-0.11,-0.215
7.6154e-02,-0.095,0.095
7.6155e-02,-0.03,-0.215
7.6157e-02,-0.075,0.095
7.6158e-02,-0.135,-0.23
7.6160e-02,-0.065,0.11
7.6162e-02,-0.06,-0.22
7.6163e-02,-0.105,0.1
7.6165e-02,-0.055,-0.215
7.6166e-02,-0.1,0.095
7.6168e-02,-0.095,-0.205
7.6170e-02,-0.09,0.085
7.6171e-02,-0.035,-0.21
7.6173e-02,-0.015,0.095
7.6174e-02,-0.05,-0.2
7.6176e-02,-0.155,0.08
7.6178e-02,-0.06,-0.21
7.6179e-02,-0.065,0.09
7.6181e-02,-0.095,-0.21
7.6182e-02,-0.055,0.095
7.6184e-02,-0.07,-0.205
7.6186e-02,-0.04,0.09
7.6187e-02,-0.075,-0.215
7.6189e-02,-0.015,0.095
7.6190e-02,-0.155,-0.205
7.6192e-02,-0.06,0.09
7.6194e-02,-0.195,-0.2
7.6195e-02,-0.025,0.08
7.6197e-02,-0.035,-0.235
7.6198e-02,0.005,0.11
7.6200e-02,-0.03,-0.22
7.6202e-02,0.035,0.095
7.6203e-02,-0.04,-0.22
7.6205e-02,0.07,0.095
7.6206e-02,0,-0.215
7.6208e-02,-0.01,0.09
7.6210e-02,-0.045,-0.215
7.6211e-02,-0.02,0.095
7.6213e-02,-0.005,-0.23
7.6214e-02,-0.035,0.095
7.6216e-02,-0.09,-0.22
7.6218e-02,-0.06,0.095
7.6219e-02,-0.05,-0.215
7.6221e-02,-0.035,0.09
7.6222e-02,-0.07,-0.205
7.6224e-02,-0.06,0.08
7.6226e-02,-0.145,-0.205
7.6227e-02,-0.055,0.07
7.6229e-02,-0.12,-0.23
7.6230e-02,0.025,0.09
7.6232e-02,-0.055,-0.205
7.6234e-02,-0.015,0.08
7.6235e-02,0,-0.21
7.6237e-02,0.045,0.08
7.6238e-02,-0.01,-0.21
7.6240e-02,-0.045,0.08
7.6242e-02,-0.14,-0.22
7.6243e-02,-0.09,0.09
7.6245e-02,-0.075,-0.245
7.6246e-02,-0.12,0.11
7.6248e-02,-0.045,-0.22
7.6250e-02,-0.105,0.095
7.6251e-02,0.065,-0.265
7.6253e-02,-0.07,0.13
7.6254e-02,0,-0.21
7.6256e-02,-0.075,0.075
7.6258e-02,-0.065,-0.245
7.6259e-02,-0.075,0.115
7.6261e-02,-0.02,-0.22
7.6262e-02,-0.03,0.085
7.6264e-02,0.02,-0.22
7.6266e-02,-0.04,0.09
7.6267e-02,-0.115,-0.21
7.6269e-02,-0.055,0.075
7.6270e-02,-0.125,-0.205
7.6272e-02,-0.045,0.075
7.6274e-02,-0.1,-0.2
7.6275e-02,-0.085,0.07
7.6277e-02,0.03,-0.205
7.6278e-02,-0.03,0.07
7.6280e-02,0.07,-0.19
7.6282e-02,-0.11,0.065
7.6283e-02,0.04,-0.23
7.6285e-02,-0.08,0.095
7.6286e-02,0.02,-0.22
7.6288e-02,-0.05,0.095
7.6290e-02,-0.07,-0.215
7.6291e-02,-0.08,0.085
7.6293e-02,-0.145,-0.21
7.6294e-02,-0.105,0.085
7.6296e-02,-0.07,-0.195
7.6298e-02,-0.13,0.065
7.6299e-02,-0.045,-0.23
7.6301e-02,-0.12,0.1
7.6302e-02,0.07,-0.23
7.6304e-02,0,0.1
7.6306e-02,0.025,-0.225
7.6307e-02,-0.025,0.1
7.6309e-02,-0.025,-0.23
7.6310e-02,0.06,0.1
7.6312e-02,-0.055,-0.225
7.6314e-02,0.05,0.095
7.6315e-02,-0.055,-0.205
7.6317e-02,-0.01,0.08
7.6318e-02,-0.065,-0.235
7.6320e-02,-0.07,0.1
7.6322e-02,0,-0.225
7.6323e-02,-0.08,0.085
7.6325e-02,0,-0.23
7.6326e-02,-0.045,0.1
7.6328e-02,-0.015,-0.23
7.6330e-02,-0.06,0.11
7.6331e-02,-0.115,-0.2
7.6333e-02,-0.12,0.075
7.6334e-02,-0.065,-0.21
7.6336e-02,-0.01,0.08
7.6338e-02,-0.025,-0.22
7.6339e-02,-0.035,0.085
7.6341e-02,-0.095,-0.21
7.6342e-02,-0.035,0.08
7.6344e-02,-0.01,-0.205
7.6346e-02,-0.015,0.075
7.6347e-02,-0.05,-0.215
7.6349e-02,-0.115,0.075
7.6350e-02,-0.13,-0.235
7.6352e-02,-0.095,0.105
7.6354e-02,-0.115,-0.22
7.6355e-02,-0.05,0.09
7.6357e-02,-0.035,-0.215
7.6358e-02,-0.035,0.08
7.6360e-02,-0.015,-0.205
7.6362e-02,-0.06,0.075
7.6363e-02,-0.02,-0.205
7.6365e-02,-0.135,0.06
7.6366e-02,-0.075,-0.23
7.6368e-02,-0.095,0.095
7.6370e-02,-0.035,-0.205
7.6371e-02,-0.045,0.07
7.6373e-02,-0.065,-0.21
7.6374e-02,-0.06,0.075
7.6376e-02,-0.015,-0.23
7.6378e-02,0.025,0.095
7.6379e-02,0.01,-0.215
7.6381e-02,-0.085,0.08
7.6382e-02,-0.13,-0.22
7.6384e-02,-0.075,0.09
7.6386e-02,-0.07,-0.235
7.6387e-02,-0.055,0.09
7.6389e-02,-0.1,-0.225
7.6390e-02,-0.07,0.085
7.6392e-02,-0.035,-0.22
7.6394e-02,-0.025,0.085
7.6395e-02,-0.025,-0.23
7.6397e-02,-0.125,0.085
7.6398e-02,-0.055,-0.22
7.6400e-02,-0.125,0.08
7.6402e-02,-0.035,-0.225
7.6403e-02,-0.035,0.085
7.6405e-02,-0.025,-0.215
7.6406e-02,0.01,0.08
7.6408e-02,-0.085,-0.23
7.6410e-02,-0.035,0.085
7.6411e-02,-0.1,-0.21
7.6413e-02,-0.055,0.07
7.6414e-02,-0.165,-0.205
7.6416e-02,-0.125,0.06
7.6418e-02,-0.155,-0.2
7.6419e-02,-0.035,0.06
7.6421e-02,-0.035,-0.23
7.6422e-02,-0.055,0.09
7.6424e-02,-0.095,-0.205
7.6426e-02,-0.08,0.06
7.6427e-02,0.045,-0.21
7.6429e-02,0.01,0.07
7.6430e-02,-0.005,-0.225
7.6432e-02,-0.075,0.085
7.6434e-02,-0.04,-0.215
7.6435e-02,-0.02,0.075
7.6437e-02,-0.045,-0.23
7.6438e-02,-0.03,0.09
7.6440e-02,-0.09,-0.2
7.6442e-02,0.015,0.055
7.6443e-02,-0.025,-0.2
7.6445e-02,0.07,0.055
7.6446e-02,-0.045,-0.21
7.6448e-02,0.015,0.07
7.6450e-02,-0.09,-0.23
7.6451e-02,-0.095,0.085
7.6453e-02,-0.08,-0.21
7.6454e-02,-0.085,0.07
7.6456e-02,-0.05,-0.2
7.6458e-02,-0.09,0.05
7.6459e-02,-0.065,-0.195
7.6461e-02,-0.05,0.05
7.6462e-02,-0.055,-0.215
7.6464e-02,-0.065,0.075
7.6466e-02,-0.095,-0.225
7.6467e-02,-0.155,0.075
7.6469e-02,-0.095,-0.21
7.6470e-02,-0.105,0.07
7.6472e-02,-0.1,-0.23
7.6474e-02,-0.135,0.075
7.6475e-02,-0.11,-0.235
7.6477e-02,-0.02,0.08
7.6478e-02,-0.025,-0.22
7.6480e-02,-0.07,0.07
7.6482e-02,-0.065,-0.225
7.6483e-02,-0.14,0.08
7.6485e-02,-0.04,-0.2
7.6486e-02,-0.07,0.055
7.6488e-02,-0.135,-0.215
7.6490e-02,-0.075,0.07
7.6491e-02,-0.115,-0.215
7.6493e-02,-0.06,0.07
7.6494e-02,-0.075,-0.215
7.6496e-02,-0.055,0.075
7.6498e-02,-0.11,-0.23
7.6499e-02,-0.095,0.08
7.6501e-02,-0.105,-0.215
7.6502e-02,-0.135,0.07
7.6504e-02,-0.03,-0.22
7.6506e-02,-0.125,0.075
7.6507e-02,-0.075,-0.205
7.6509e-02,-0.055,0.06
7.6510e-02,-0.015,-0.205
7.6512e-02,-0.02,0.055
7.6514e-02,-0.095,-0.23
7.6515e-02,-0.055,0.08
7.6517e-02,-0.125,-0.215
7.6518e-02,-0.045,0.075
7.6520e-02,-0.14,-0.22
7.6522e-02,-0.115,0.075
7.6523e-02,-0.15,-0.205
7.6525e-02,-0.125,0.055
7.6526e-02,-0.1,-0.215
7.6528e-02,-0.055,0.07
7.6530e-02,-0.02,-0.24
7.6531e-02,-0.03,0.1
7.6533e-02,-0.05,-0.21
7.6534e-02,-0.085,0.065
7.6536e-02,-0.115,-0.21
7.6538e-02,-0.035,0.07
7.6539e-02,-0.095,-0.22
7.6541e-02,-0.14,0.065
7.6542e-02,-0.13,-0.225
7.6544e-02,-0.05,0.075
7.6546e-02,-0.05,-0.23
7.6547e-02,-0.04,0.09
7.6549e-02,-0.105,-0.2
7.6550e-02,-0.04,0.055
7.6552e-02,-0.045,-0.265
7.6554e-02,-0.02,0.11
7.6555e-02,-0.145,-0.205
7.6557e-02,-0.055,0.055
7.6558e-02,-0.09,-0.21
7.6560e-02,-0.105,0.065
7.6562e-02,-0.055,-0.21
7.6563e-02,-0.11,0.06
7.6565e-02,-0.065,-0.22
7.6566e-02,-0.135,0.07
7.6568e-02,-0.125,-0.245
7.6570e-02,-0.11,0.095
7.6571e-02,-0.04,-0.22
7.6573e-02,-0.125,0.075
7.6574e-02,-0.065,-0.235
7.6576e-02,-0.205,0.085
7.6578e-02,-0.01,-0.235
7.6579e-02,-0.08,0.085
7.6581e-02,-0.065,-0.23
7.6582e-02,-0.065,0.08
7.6584e-02,-0.185,-0.24
7.6586e-02,-0.03,0.085
7.6587e-02,-0.12,-0.25
7.6589e-02,-0.02,0.09
7.6590e-02,-0.125,-0.225
7.6592e-02,-0.075,0.065
7.6594e-02,-0.13,-0.21
7.6595e-02,-0.11,0.065
7.6597e-02,-0.095,-0.22
7.6598e-02,-0.125,0.06
7.6600e-02,-0.13,-0.21
7.6602e-02,-0.165,0.055
7.6603e-02,-0.045,-0.22
7.6605e-02,-0.12,0.065
7.6606e-02,-0.095,-0.235
7.6608e-02,-0.135,0.08
7.6610e-02,-0.12,-0.21
7.6611e-02,-0.09,0.06
7.6613e-02,-0.105,-0.26
7.6614e-02,-0.18,0.105
7.6616e-02,-0.16,-0.215
7.6618e-02,-0.17,0.065
7.6619e-02,-0.11,-0.225
7.6621e-02,-0.08,0.07
7.6622e-02,-0.095,-0.21
7.6624e-02,-0.135,0.05
7.6626e-02,-0.045,-0.24
7.6627e-02,-0.13,0.085
7.6629e-02,-0.01,-0.23
7.6630e-02,-0.065,0.07
7.6632e-02,-0.03,-0.22
7.6634e-02,-0.08,0.06
7.6635e-02,-0.11,-0.235
7.6637e-02,-0.115,0.08
7.6638e-02,0.01,-0.23
7.6640e-02,-0.03,0.075
7.6642e-02,-0.035,-0.225
7.6643e-02,-0.03,0.07
7.6645e-02,-0.055,-0.255
7.6646e-02,0,0.09
7.6648e-02,-0.14,-0.235
7.6650e-02,-0.115,0.075
7.6651e-02,-0.115,-0.25
7.6653e-02,-0.095,0.09
7.6654e-02,-0.045,-0.205
7.6656e-02,-0.055,0.05
7.6658e-02,-0.06,-0.215
7.6659e-02,-0.02,0.05
7.6661e-02,-0.17,-0.22
7.6662e-02,-0.05,0.065
7.6664e-02,-0.085,-0.215
7.6666e-02,-0.11,0.05
7.6667e-02,-0.105,-0.245
7.6669e-02,-0.08,0.08
7.6670e-02,-0.08,-0.26
7.6672e-02,-0.02,0.1
7.6674e-02,-0.145,-0.22
7.6675e-02,-0.05,0.065
7.6677e-02,-0.105,-0.215
7.6678e-02,-0.065,0.055
7.6680e-02,-0.07,-0.21
7.6682e-02,-0.025,0.05
7.6683e-02,-0.065,-0.215
7.6685e-02,-0.005,0.055
7.6686e-02,-0.15,-0.235
7.6688e-02,-0.005,0.075
7.6690e-02,-0.105,-0.205
7.6691e-02,-0.13,0.045
7.6693e-02,-0.085,-0.22
7.6694e-02,-0.08,0.06
7.6696e-02,0,-0.23
7.6698e-02,0.01,0.07
7.6699e-02,-0.05,-0.24
7.6701e-02,-0.075,0.075
7.6702e-02,-0.085,-0.225
7.6704e-02,-0.115,0.065
7.6706e-02,-0.11,-0.24
7.6707e-02,-0.135,0.08
7.6709e-02,-0.15,-0.215
7.6710e-02,-0.125,0.055
7.6712e-02,-0.1,-0.25
7.6714e-02,-0.06,0.085
7.6715e-02,-0.035,-0.235
7.6717e-02,-0.065,0.075
7.6718e-02,-0.125,-0.225
7.6720e-02,-0.12,0.065
7.6722e-02,-0.055,-0.2
7.6723e-02,-0.115,0.045
7.6725e-02,-0.115,-0.25
7.6726e-02,-0.11,0.085
7.6728e-02,-0.05,-0.225
7.6730e-02,0.02,0.075
7.6731e-02,-0.02,-0.23
7.6733e-02,-0.055,0.065
7.6734e-02,-0.075,-0.215
7.6736e-02,-0.065,0.055
7.6738e-02,-0.08,-0.245
7.6739e-02,-0.04,0.08
7.6741e-02,-0.055,-0.205
7.6742e-02,-0.095,0.04
7.6744e-02,-0.115,-0.21
7.6746e-02,-0.105,0.055
7.6747e-02,-0.03,-0.22
7.6749e-02,-0.095,0.06
7.6750e-02,-0.03,-0.23
7.6752e-02,-0.06,0.065
7.6754e-02,-0.025,-0.225
7.6755e-02,-0.035,0.055
7.6757e-02,-0.08,-0.215
7.6758e-02,-0.15,0.06
7.6760e-02,-0.12,-0.24
7.6762e-02,-0.175,0.085
7.6763e-02,-0.08,-0.255
7.6765e-02,-0.14,0.09
7.6766e-02,-0.105,-0.23
7.6768e-02,-0.075,0.06
7.6770e-02,-0.11,-0.255
7.6771e-02,-0.01,0.07
7.6773e-02,-0.005,-0.225
7.6774e-02,-0.045,0.055
7.6776e-02,-0.09,-0.235
7.6778e-02,-0.09,0.07
7.6779e-02,-0.1,-0.23
7.6781e-02,-0.085,0.065
7.6782e-02,-0.115,-0.255
7.6784e-02,-0.165,0.085
7.6786e-02,-0.105,-0.26
7.6787e-02,-0.12,0.085
7.6789e-02,-0.1,-0.245
7.6790e-02,-0.005,0.07
7.6792e-02,-0.11,-0.235
7.6794e-02,-0.07,0.065
7.6795e-02,-0.14,-0.24
7.6797e-02,-0.025,0.07
7.6798e-02,-0.065,-0.25
7.6800e-02,-0.06,0.08
7.6802e-02,-0.14,-0.215
7.6803e-02,-0.075,0.045
7.6805e-02,-0.045,-0.23
7.6806e-02,-0.105,0.06
7.6808e-02,-0.08,-0.235
7.6810e-02,-0.13,0.06
7.6811e-02,-0.065,-0.225
7.6813e-02,-0.075,0.05
7.6814e-02,-0.05,-0.265
7.6816e-02,-0.055,0.09
7.6818e-02,-0.03,-0.285
7.6819e-02,-0.13,0.105
7.6821e-02,-0.025,-0.26
7.6822e-02,-0.085,0.085
7.6824e-02,-0.095,-0.255
7.6826e-02,-0.155,0.08
7.6827e-02,-0.12,-0.225
7.6829e-02,-0.08,0.06
7.6830e-02,-0.035,-0.215
7.6832e-02,-0.075,0.045
7.6834e-02,-0.095,-0.255
7.6835e-02,-0.115,0.08
7.6837e-02,-0.06,-0.26
7.6838e-02,-0.12,0.09
7.6840e-02,-0.075,-0.27
7.6842e-02,-0.115,0.085
7.6843e-02,-0.09,-0.255
7.6845e-02,-0.09,0.08
7.6846e-02,-0.09,-0.235
7.6848e-02,-0.13,0.07
7.6850e-02,-0.01,-0.235
7.6851e-02,-0.12,0.06
7.6853e-02,-0.06,-0.22
7.6854e-02,-0.01,0.055
7.6856e-02,-0.09,-0.23
7.6858e-02,-0.115,0.055
7.6859e-02,-0.12,-0.26
7.6861e-02,-0.105,0.095
7.6862e-02,-0.09,-0.23
7.6864e-02,-0.105,0.065
7.6866e-02,-0.175,-0.23
7.6867e-02,-0.065,0.055
7.6869e-02,-0.105,-0.23
7.6870e-02,-0.095,0.06
7.6872e-02,-0.09,-0.255
7.6874e-02,-0.12,0.08
7.6875e-02,-0.135,-0.215
7.6877e-02,-0.05,0.04
7.6878e-02,-0.09,-0.23
7.6880e-02,-0.035,0.055
7.6882e-02,-0.125,-0.23
7.6883e-02,-0.12,0.06
7.6885e-02,-0.15,-0.23
7.6886e-02,-0.05,0.06
7.6888e-02,-0.055,-0.26
7.6890e-02,-0.075,0.075
7.6891e-02,-0.07,-0.25
7.6893e-02,-0.11,0.075
7.6894e-02,-0.12,-0.235
7.6896e-02,-0.065,0.065
7.6898e-02,-0.05,-0.225
7.6899e-02,-0.04,0.05
7.6901e-02,-0.045,-0.225
7.6902e-02,-0.125,0.05
7.6904e-02,-0.035,-0.225
7.6906e-02,-0.035,0.05
7.6907e-02,-0.11,-0.215
7.6909e-02,-0.1,0.035
7.6910e-02,-0.195,-0.225
7.6912e-02,-0.115,0.05
7.6914e-02,-0.07,-0.22
7.6915e-02,-0.055,0.05
7.6917e-02,-0.015,-0.23
7.6918e-02,-0.035,0.055
7.6920e-02,-0.09,-0.235
7.6922e-02,-0.075,0.06
7.6923e-02,-0.095,-0.255
7.6925e-02,-0.155,0.075
7.6926e-02,-0.065,-0.225
7.6928e-02,-0.09,0.055
7.6930e-02,-0.015,-0.245
7.6931e-02,-0.095,0.065
7.6933e-02,-0.05,-0.22
7.6934e-02,-0.135,0.05
7.6936e-02,-0.025,-0.235
7.6938e-02,-0.11,0.06
7.6939e-02,-0.05,-0.255
7.6941e-02,-0.045,0.075
7.6942e-02,-0.09,-0.24
7.6944e-02,-0.1,0.06
7.6946e-02,-0.07,-0.24
7.6947e-02,-0.05,0.065
7.6949e-02,0.015,-0.245
7.6950e-02,-0.125,0.07
7.6952e-02,-0.15,-0.235
7.6954e-02,-0.05,0.055
7.6955e-02,-0.01,-0.25
7.6957e-02,-0.035,0.065
7.6958e-02,-0.05,-0.245
7.6960e-02,-0.085,0.065
7.6962e-02,-0.04,-0.23
7.6963e-02,-0.08,0.045
7.6965e-02,-0.065,-0.225
7.6966e-02,-0.105,0.05
7.6968e-02,-0.055,-0.22
7.6970e-02,-0.2,0.035
7.6971e-02,-0.04,-0.23
7.6973e-02,-0.15,0.055
7.6974e-02,-0.1,-0.235
7.6976e-02,-0.135,0.05
7.6978e-02,-0.065,-0.215
7.6979e-02,-0.02,0.04
7.6981e-02,-0.105,-0.255
7.6982e-02,-0.11,0.08
7.6984e-02,-0.12,-0.23
7.6986e-02,-0.035,0.055
7.6987e-02,-0.03,-0.23
7.6989e-02,-0.045,0.055
7.6990e-02,-0.12,-0.25
7.6992e-02,-0.05,0.07
7.6994e-02,-0.085,-0.225
7.6995e-02,-0.085,0.05
7.6997e-02,-0.035,-0.25
7.6998e-02,-0.065,0.07
7.7000e-02,-0.045,-0.225
7.7002e-02,-0.05,0.045
7.7003e-02,-0.11,-0.23
7.7005e-02,-0.05,0.05
7.7006e-02,-0.085,-0.25
7.7008e-02,-0.085,0.065
7.7010e-02,-0.08,-0.265
7.7011e-02,-0.055,0.075
7.7013e-02,-0.015,-0.275
7.7014e-02,-0.09,0.095
7.7016e-02,-0.135,-0.255
7.7018e-02,-0.14,0.065
7.7019e-02,-0.075,-0.235
7.7021e-02,-0.175,0.045
7.7022e-02,-0.11,-0.24
7.7024e-02,-0.22,0.05
7.7026e-02,-0.12,-0.225
7.7027e-02,-0.055,0.06
7.7029e-02,-0.115,-0.255
7.7030e-02,-0.05,0.065
7.7032e-02,-0.08,-0.25
7.7034e-02,-0.03,0.065
7.7035e-02,-0.02,-0.235
7.7037e-02,-0.06,0.05
7.7038e-02,-0.05,-0.23
7.7040e-02,-0.07,0.045
7.7042e-02,-0.115,-0.265
7.7043e-02,-0.075,0.08
7.7045e-02,-0.1,-0.225
7.7046e-02,-0.085,0.045
7.7048e-02,-0.015,-0.245
7.7050e-02,-0.09,0.055
7.7051e-02,-0.08,-0.23
7.7053e-02,-0.01,0.045
7.7054e-02,-0.015,-0.23
7.7056e-02,0,0.04
7.7058e-02,-0.05,-0.225
7.7059e-02,-0.095,0.035
7.7061e-02,-0.05,-0.24
7.7062e-02,-0.075,0.05
7.7064e-02,-0.135,-0.235
7.7066e-02,-0.14,0.045
7.7067e-02,-0.17,-0.245
7.7069e-02,-0.18,0.055
7.7070e-02,-0.105,-0.265
7.7072e-02,-0.15,0.08
7.7074e-02,-0.15,-0.235
7.7075e-02,-0.135,0.035
7.7077e-02,-0.085,-0.255
7.7078e-02,-0.14,0.055
7.7080e-02,-0.07,-0.235
7.7082e-02,-0.13,0.045
7.7083e-02,-0.15,-0.265
7.7085e-02,-0.14,0.08
7.7086e-02,-0.11,-0.245
7.7088e-02,-0.055,0.06
7.7090e-02,-0.095,-0.24
7.7091e-02,-0.08,0.055
7.7093e-02,-0.16,-0.24
7.7094e-02,-0.055,0.05
7.7096e-02,-0.085,-0.245
7.7098e-02,-0.075,0.055
7.7099e-02,-0.15,-0.27
7.7101e-02,-0.105,0.08
7.7102e-02,-0.16,-0.22
7.7104e-02,-0.085,0.035
7.7106e-02,-0.115,-0.235
7.7107e-02,-0.18,0.055
7.7109e-02,-0.14,-0.22
7.7110e-02,-0.07,0.035
7.7112e-02,-0.075,-0.22
7.7114e-02,-0.065,0.035
7.7115e-02,-0.09,-0.245
7.7117e-02,-0.065,0.05
7.7118e-02,0.025,-0.255
7.7120e-02,-0.07,0.07
7.7122e-02,-0.095,-0.23
7.7123e-02,-0.095,0.04
7.7125e-02,-0.055,-0.26
7.7126e-02,-0.07,0.075
7.7128e-02,-0.045,-0.25
7.7130e-02,-0.15,0.055
7.7131e-02,-0.13,-0.24
7.7133e-02,-0.055,0.055
7.7134e-02,-0.085,-0.26
7.7136e-02,-0.04,0.07
7.7138e-02,-0.12,-0.26
7.7139e-02,-0.1,0.075
7.7141e-02,-0.12,-0.245
7.7142e-02,-0.09,0.055
7.7144e-02,-0.14,-0.22
7.7146e-02,-0.045,0.035
7.7147e-02,-0.17,-0.235
7.7149e-02,-0.14,0.05
7.7150e-02,-0.145,-0.25
7.7152e-02,-0.1,0.06
7.7154e-02,-0.125,-0.235
7.7155e-02,-0.11,0.055
7.7157e-02,-0.115,-0.265
7.7158e-02,-0.205,0.07
7.7160e-02,-0.08,-0.23
7.7162e-02,-0.125,0.04
7.7163e-02,-0.145,-0.23
7.7165e-02,-0.12,0.045
7.7166e-02,-0.16,-0.25
7.7168e-02,-0.035,0.06
7.7170e-02,-0.06,-0.23
7.7171e-02,-0.035,0.045
7.7173e-02,-0.06,-0.23
7.7174e-02,-0.01,0.04
7.7176e-02,-0.09,-0.255
7.7178e-02,0.02,0.06
7.7179e-02,-0.055,-0.24
7.7181e-02,-0.085,0.05
7.7182e-02,-0.08,-0.25
7.7184e-02,-0.15,0.055
7.7186e-02,-0.115,-0.245
7.7187e-02,-0.135,0.05
7.7189e-02,-0.105,-0.27
7.7190e-02,-0.23,0.07
7.7192e-02,-0.07,-0.24
7.7194e-02,-0.17,0.05
7.7195e-02,0.03,-0.24
7.7197e-02,-0.09,0.04
7.7198e-02,-0.06,-0.235
7.7200e-02,-0.05,0.04
7.7202e-02,-0.06,-0.26
7.7203e-02,-0.03,0.065
7.7205e-02,-0.03,-0.245
7.7206e-02,-0.07,0.045
7.7208e-02,-0.12,-0.255
7.7210e-02,-0.125,0.05
7.7211e-02,-0.065,-0.255
7.7213e-02,-0.15,0.045
7.7214e-02,-0.045,-0.23
7.7216e-02,-0.16,0.03
7.7218e-02,-0.03,-0.28
7.7219e-02,-0.16,0.08
7.7221e-02,-0.08,-0.225
7.7222e-02,-0.115,0.025
7.7224e-02,-0.13,-0.25
7.7226e-02,-0.135,0.045
7.7227e-02,-0.12,-0.265
7.7229e-02,-0.12,0.055
7.7230e-02,-0.11,-0.26
7.7232e-02,-0.18,0.055
7.7234e-02,-0.205,-0.265
7.7235e-02,-0.085,0.055
7.7237e-02,-0.075,-0.24
7.7238e-02,0.03,0.035
7.7240e-02,-0.055,-0.23
7.7242e-02,-0.075,0.03
7.7243e-02,-0.09,-0.245
7.7245e-02,-0.02,0.04
7.7246e-02,-0.075,-0.25
7.7248e-02,-0.09,0.04
7.7250e-02,-0.175,-0.24
7.7251e-02,-0.14,0.025
7.7253e-02,-0.2,-0.255
7.7254e-02,-0.09,0.05
7.7256e-02,-0.22,-0.23
7.7258e-02,-0.13,0.03
7.7259e-02,-0.13,-0.265
7.7261e-02,-0.095,0.06
7.7262e-02,-0.055,-0.25
7.7264e-02,-0.12,0.05
7.7266e-02,-0.115,-0.265
7.7267e-02,-0.13,0.065
7.7269e-02,-0.105,-0.23
7.7270e-02,-0.055,0.02
7.7272e-02,-0.145,-0.23
7.7274e-02,-0.085,0.03
7.7275e-02,-0.145,-0.27
7.7277e-02,-0.04,0.07
7.7278e-02,-0.035,-0.255
7.7280e-02,-0.065,0.05
7.7282e-02,-0.075,-0.23
7.7283e-02,-0.16,0.03
7.7285e-02,-0.11,-0.245
7.7286e-02,-0.105,0.045
7.7288e-02,-0.125,-0.24
7.7290e-02,-0.165,0.04
7.7291e-02,-0.14,-0.24
7.7293e-02,-0.08,0.045
7.7294e-02,-0.095,-0.215
7.7296e-02,-0.145,0.02
7.7298e-02,-0.21,-0.24
7.7299e-02,-0.185,0.04
7.7301e-02,-0.105,-0.235
7.7302e-02,-0.115,0.035
7.7304e-02,-0.055,-0.24
7.7306e-02,-0.155,0.045
7.7307e-02,-0.065,-0.245
7.7309e-02,-0.09,0.05
7.7310e-02,-0.08,-0.225
7.7312e-02,-0.065,0.03
7.7314e-02,-0.095,-0.245
7.7315e-02,-0.08,0.045
7.7317e-02,-0.105,-0.265
7.7318e-02,-0.08,0.06
7.7320e-02,-0.035,-0.255
7.7322e-02,-0.075,0.06
7.7323e-02,-0.095,-0.245
7.7325e-02,-0.155,0.045
7.7326e-02,-0.155,-0.28
7.7328e-02,-0.035,0.075
7.7330e-02,-0.08,-0.235
7.7331e-02,0.02,0.03
7.7333e-02,-0.115,-0.26
7.7334e-02,-0.005,0.055
7.7336e-02,-0.045,-0.25
7.7338e-02,-0.095,0.045
7.7339e-02,-0.125,-0.26
7.7341e-02,-0.2,0.05
7.7342e-02,-0.09,-0.24
7.7344e-02,-0.13,0.04
7.7346e-02,-0.12,-0.255
7.7347e-02,-0.15,0.05
7.7349e-02,-0.1,-0.255
7.7350e-02,-0.07,0.05
7.7352e-02,-0.065,-0.245
7.7354e-02,-0.03,0.04
7.7355e-02,-0.095,-0.295
7.7357e-02,-0.07,0.08
7.7358e-02,-0.14,-0.25
7.7360e-02,-0.105,0.05
7.7362e-02,-0.09,-0.26
7.7363e-02,-0.075,0.055
7.7365e-02,-0.065,-0.25
7.7366e-02,-0.12,0.035
7.7368e-02,-0.055,-0.26
7.7370e-02,-0.03,0.045
7.7371e-02,-0.085,-0.24
7.7373e-02,-0.035,0.03
7.7374e-02,-0.13,-0.26
7.7376e-02,-0.045,0.055
7.7378e-02,-0.05,-0.26
7.7379e-02,-0.125,0.045
7.7381e-02,-0.08,-0.25
7.7382e-02,-0.15,0.035
7.7384e-02,-0.05,-0.275
7.7386e-02,-0.11,0.065
7.7387e-02,-0.105,-0.255
7.7389e-02,-0.075,0.04
7.7390e-02,-0.1,-0.25
7.7392e-02,-0.02,0.035
7.7394e-02,-0.09,-0.25
7.7395e-02,-0.04,0.035
7.7397e-02,-0.225,-0.27
7.7398e-02,-0.09,0.055
7.7400e-02,-0.115,-0.255
7.7402e-02,-0.085,0.035
7.7403e-02,-0.09,-0.235
7.7405e-02,-0.15,0.025
7.7406e-02,-0.085,-0.255
7.7408e-02,-0.05,0.04
7.7410e-02,-0.055,-0.27
7.7411e-02,-0.055,0.05
7.7413e-02,-0.105,-0.28
7.7414e-02,-0.075,0.065
7.7416e-02,-0.055,-0.24
7.7418e-02,-0.135,0.025
7.7419e-02,-0.035,-0.25
7.7421e-02,-0.18,0.035
7.7422e-02,-0.08,-0.255
7.7424e-02,-0.115,0.045
7.7426e-02,-0.075,-0.27
7.7427e-02,0,0.05
7.7429e-02,-0.15,-0.275
7.7430e-02,-0.09,0.06
7.7432e-02,-0.14,-0.24
7.7434e-02,-0.055,0.025
7.7435e-02,-0.075,-0.245
7.7437e-02,-0.115,0.035
7.7438e-02,-0.18,-0.235
7.7440e-02,-0.11,0.025
7.7442e-02,-0.14,-0.25
7.7443e-02,-0.135,0.03
7.7445e-02,-0.155,-0.26
7.7446e-02,-0.15,0.05
7.7448e-02,-0.155,-0.265
7.7450e-02,-0.125,0.055
7.7451e-02,-0.135,-0.24
7.7453e-02,-0.175,0.025
7.7454e-02,-0.125,-0.245
7.7456e-02,-0.155,0.035
7.7458e-02,-0.15,-0.23
7.7459e-02,-0.02,0.025
7.7461e-02,-0.14,-0.255
7.7462e-02,-0.095,0.045
7.7464e-02,-0.16,-0.31
7.7466e-02,-0.185,0.1
7.7467e-02,-0.06,-0.28
7.7469e-02,-0.2,0.06
7.7470e-02,-0.155,-0.255
7.7472e-02,-0.22,0.04
7.7474e-02,-0.175,-0.26
7.7475e-02,-0.105,0.045
7.7477e-02,-0.115,-0.27
7.7478e-02,-0.115,0.06
7.7480e-02,-0.11,-0.245
7.7482e-02,-0.065,0.045
7.7483e-02,-0.07,-0.26
7.7485e-02,-0.055,0.045
7.7486e-02,-0.055,-0.255
7.7488e-02,-0.115,0.045
7.7490e-02,-0.12,-0.255
7.7491e-02,-0.125,0.04
7.7493e-02,-0.165,-0.255
7.7494e-02,-0.155,0.045
7.7496e-02,-0.175,-0.24
7.7498e-02,-0.14,0.025
7.7499e-02,-0.08,-0.255
7.7501e-02,-0.155,0.04
7.7502e-02,-0.16,-0.27
7.7504e-02,-0.16,0.045
7.7506e-02,-0.165,-0.25
7.7507e-02,-0.08,0.03
7.7509e-02,-0.16,-0.265
7.7510e-02,-0.15,0.045
7.7512e-02,-0.17,-0.24
7.7514e-02,-0.16,0.025
7.7515e-02,-0.165,-0.245
7.7517e-02,-0.06,0.02
7.7518e-02,-0.14,-0.25
7.7520e-02,-0.08,0.035
7.7522e-02,-0.19,-0.285
7.7523e-02,-0.14,0.06
7.7525e-02,-0.06,-0.265
7.7526e-02,-0.13,0.05
7.7528e-02,-0.05,-0.255
7.7530e-02,-0.19,0.03
7.7531e-02,-0.125,-0.26
7.7533e-02,-0.125,0.04
7.7534e-02,-0.195,-0.255
7.7536e-02,-0.16,0.035
7.7538e-02,-0.18,-0.27
7.7539e-02,-0.135,0.045
7.7541e-02,-0.07,-0.275
7.7542e-02,-0.06,0.04
7.7544e-02,-0.09,-0.3
7.7546e-02,-0.035,0.075
7.7547e-02,-0.085,-0.3
7.7549e-02,0.005,0.07
7.7550e-02,-0.05,-0.27
7.7552e-02,-0.075,0.045
7.7554e-02,-0.155,-0.265
7.7555e-02,-0.105,0.05
7.7557e-02,-0.145,-0.245
7.7558e-02,-0.085,0.025
7.7560e-02,-0.215,-0.275
7.7562e-02,-0.145,0.05
7.7563e-02,-0.16,-0.27
7.7565e-02,-0.02,0.045
7.7566e-02,-0.075,-0.25
7.7568e-02,-0.03,0.02
7.7570e-02,-0.11,-0.27
7.7571e-02,-0.015,0.045
7.7573e-02,-0.08,-0.265
7.7574e-02,-0.015,0.04
7.7576e-02,-0.04,-0.26
7.7578e-02,-0.08,0.035
7.7579e-02,-0.095,-0.275
7.7581e-02,-0.16,0.05
7.7582e-02,-0.095,-0.28
7.7584e-02,-0.13,0.055
7.7586e-02,-0.16,-0.265
7.7587e-02,-0.165,0.04
7.7589e-02,-0.115,-0.28
7.7590e-02,-0.035,0.06
7.7592e-02,-0.11,-0.28
7.7594e-02,-0.105,0.065
7.7595e-02,-0.165,-0.255
7.7597e-02,-0.045,0.03
7.7598e-02,-0.125,-0.245
7.7600e-02,-0.095,0.03
7.7602e-02,-0.13,-0.265
7.7603e-02,-0.08,0.04
7.7605e-02,-0.05,-0.255
7.7606e-02,-0.01,0.025
7.7608e-02,-0.105,-0.29
7.7610e-02,-0.125,0.06
7.7611e-02,-0.17,-0.255
7.7613e-02,-0.155,0.04
7.7614e-02,-0.075,-0.25
7.7616e-02,-0.07,0.025
7.7618e-02,-0.185,-0.27
7.7619e-02,-0.07,0.045
7.7621e-02,-0.19,-0.26
7.7622e-02,-0.07,0.035
7.7624e-02,-0.15,-0.245
7.7626e-02,-0.125,0.02
7.7627e-02,-0.195,-0.26
7.7629e-02,-0.19,0.04
7.7630e-02,-0.17,-0.255
7.7632e-02,-0.16,0.03
7.7634e-02,-0.095,-0.25
7.7635e-02,-0.165,0.025
7.7637e-02,-0.145,-0.245
7.7638e-02,-0.12,0.025
7.7640e-02,-0.07,-0.26
7.7642e-02,-0.125,0.035
7.7643e-02,-0.115,-0.27
7.7645e-02,-0.26,0.04
7.7646e-02,-0.055,-0.275
7.7648e-02,-0.15,0.06
7.7650e-02,-0.125,-0.33
7.7651e-02,-0.16,0.105
7.7653e-02,-0.09,-0.275
7.7654e-02,-0.125,0.045
7.7656e-02,-0.015,-0.26
7.7658e-02,-0.14,0.035
7.7659e-02,-0.08,-0.285
7.7661e-02,-0.095,0.065
7.7662e-02,-0.09,-0.26
7.7664e-02,-0.15,0.035
7.7666e-02,-0.07,-0.29
7.7667e-02,-0.135,0.065
7.7669e-02,-0.12,-0.27
7.7670e-02,-0.135,0.05
7.7672e-02,-0.1,-0.29
7.7674e-02,-0.065,0.065
7.7675e-02,-0.035,-0.265
7.7677e-02,-0.08,0.03
7.7678e-02,-0.135,-0.25
7.7680e-02,-0.005,0.025
7.7682e-02,-0.105,-0.285
7.7683e-02,0,0.05
7.7685e-02,-0.125,-0.25
7.7686e-02,-0.105,0.02
7.7688e-02,-0.1,-0.29
7.7690e-02,-0.055,0.06
7.7691e-02,-0.145,-0.255
7.7693e-02,-0.13,0.03
7.7694e-02,-0.14,-0.28
7.7696e-02,-0.155,0.05
7.7698e-02,-0.175,-0.25
7.7699e-02,-0.105,0.02
7.7701e-02,-0.16,-0.265
7.7702e-02,-0.21,0.03
7.7704e-02,-0.12,-0.295
7.7706e-02,-0.125,0.06
7.7707e-02,-0.065,-0.265
7.7709e-02,-0.115,0.04
7.7710e-02,-0.21,-0.26
7.7712e-02,-0.17,0.03
7.7714e-02,-0.17,-0.275
7.7715e-02,-0.115,0.04
7.7717e-02,-0.12,-0.27
7.7718e-02,-0.08,0.04
7.7720e-02,-0.13,-0.285
7.7722e-02,-0.135,0.05
7.7723e-02,-0.095,-0.265
7.7725e-02,-0.15,0.035
7.7726e-02,-0.125,-0.26
7.7728e-02,-0.09,0.02
7.7730e-02,-0.13,-0.26
7.7731e-02,-0.135,0.025
7.7733e-02,-0.14,-0.285
7.7734e-02,-0.175,0.06
7.7736e-02,-0.26,-0.285
7.7738e-02,-0.15,0.05
7.7739e-02,-0.205,-0.28
7.7741e-02,-0.08,0.05
7.7742e-02,-0.145,-0.265
7.7744e-02,-0.095,0.04
7.7746e-02,-0.095,-0.285
7.7747e-02,0,0.045
7.7749e-02,-0.015,-0.27
7.7750e-02,-0.095,0.045
7.7752e-02,-0.095,-0.255
7.7754e-02,-0.07,0.015
7.7755e-02,-0.08,-0.27
7.7757e-02,-0.07,0.035
7.7758e-02,-0.065,-0.26
7.7760e-02,-0.16,0.02
7.7762e-02,-0.015,-0.29
7.7763e-02,-0.08,0.05
7.7765e-02,-0.085,-0.285
7.7766e-02,-0.06,0.045
7.7768e-02,-0.1,-0.255
7.7770e-02,-0.105,0.025
7.7771e-02,-0.05,-0.25
7.7773e-02,-0.105,0.015
7.7774e-02,-0.095,-0.25
7.7776e-02,-0.13,0.01
7.7778e-02,-0.09,-0.27
7.7779e-02,-0.14,0.025
7.7781e-02,-0.105,-0.27
7.7782e-02,-0.06,0.025
7.7784e-02,-0.165,-0.29
7.7786e-02,-0.09,0.04
7.7787e-02,-0.11,-0.28
7.7789e-02,-0.035,0.04
7.7790e-02,-0.09,-0.265
7.7792e-02,-0.085,0.015
7.7794e-02,-0.185,-0.275
7.7795e-02,-0.125,0.035
7.7797e-02,-0.12,-0.255
7.7798e-02,-0.085,0.015
7.7800e-02,-0.165,-0.265
7.7802e-02,-0.055,0.02
7.7803e-02,-0.13,-0.255
7.7805e-02,-0.025,0.015
7.7806e-02,-0.11,-0.275
7.7808e-02,-0.15,0.04
7.7810e-02,-0.145,-0.26
7.7811e-02,-0.1,0.02
7.7813e-02,-0.08,-0.3
7.7814e-02,-0.125,0.055
7.7816e-02,-0.065,-0.26
7.7818e-02,-0.175,0.015
7.7819e-02,-0.14,-0.255
7.7821e-02,-0.09,0.015
7.7822e-02,-0.145,-0.25
7.7824e-02,-0.065,0.02
7.7826e-02,-0.12,-0.295
7.7827e-02,-0.135,0.045
7.7829e-02,-0.12,-0.275
7.7830e-02,-0.125,0.035
7.7832e-02,-0.115,-0.255
7.7834e-02,-0.145,0.01
7.7835e-02,-0.02,-0.28
7.7837e-02,-0.11,0.04
7.7838e-02,0.025,-0.245
7.7840e-02,-0.105,0.005
7.7842e-02,-0.115,-0.29
7.7843e-02,-0.24,0.05
7.7845e-02,-0.12,-0.275
7.7846e-02,-0.1,0.04
7.7848e-02,-0.07,-0.28
7.7850e-02,-0.1,0.04
7.7851e-02,-0.175,-0.26
7.7853e-02,-0.125,0.02
7.7854e-02,-0.125,-0.265
7.7856e-02,-0.185,0.025
7.7858e-02,-0.055,-0.265
7.7859e-02,-0.11,0.03
7.7861e-02,-0.055,-0.265
7.7862e-02,-0.075,0.025
7.7864e-02,-0.1,-0.255
7.7866e-02,-0.19,0.015
7.7867e-02,-0.115,-0.26
7.7869e-02,-0.115,0.03
7.7870e-02,-0.105,-0.27
7.7872e-02,-0.085,0.025
7.7874e-02,-0.17,-0.27
7.7875e-02,-0.175,0.035
7.7877e-02,-0.16,-0.27
7.7878e-02,-0.105,0.035
7.7880e-02,-0.11,-0.275
7.7882e-02,-0.065,0.035
7.7883e-02,-0.165,-0.265
7.7885e-02,-0.155,0.03
7.7886e-02,-0.12,-0.265
7.7888e-02,-0.095,0.02
7.7890e-02,-0.155,-0.29
7.7891e-02,-0.165,0.05
7.7893e-02,-0.135,-0.26
7.7894e-02,-0.095,0.025
7.7896e-02,-0.1,-0.29
7.7898e-02,-0.15,0.055
7.7899e-02,-0.205,-0.26
7.7901e-02,-0.165,0.02
7.7902e-02,-0.035,-0.255
7.7904e-02,-0.155,0.02
7.7906e-02,-0.095,-0.265
7.7907e-02,-0.23,0.025
7.7909e-02,-0.155,-0.255
7.7910e-02,-0.14,0.01
7.7912e-02,-0.135,-0.255
7.7914e-02,-0.16,0.015
7.7915e-02,-0.18,-0.25
7.7917e-02,-0.115,0.015
7.7918e-02,-0.19,-0.28
7.7920e-02,-0.15,0.045
7.7922e-02,-0.16,-0.27
7.7923e-02,-0.14,0.03
7.7925e-02,-0.08,-0.275
7.7926e-02,-0.035,0.03
7.7928e-02,-0.08,-0.275
7.7930e-02,-0.06,0.035
7.7931e-02,-0.09,-0.25
7.7933e-02,-0.13,0.005
7.7934e-02,-0.08,-0.25
7.7936e-02,-0.03,0.005
7.7938e-02,-0.09,-0.275
7.7939e-02,-0.055,0.025
7.7941e-02,-0.16,-0.26
7.7942e-02,-0.155,0.01
7.7944e-02,-0.205,-0.28
7.7946e-02,-0.105,0.035
7.7947e-02,-0.205,-0.3
7.7949e-02,-0.215,0.05
7.7950e-02,-0.115,-0.255
7.7952e-02,-0.1,0.005
7.7954e-02,0,-0.275
7.7955e-02,-0.11,0.02
7.7957e-02,-0.165,-0.26
7.7958e-02,-0.125,0.01
7.7960e-02,-0.065,-0.27
7.7962e-02,-0.105,0.02
7.7963e-02,-0.055,-0.27
7.7965e-02,-0.14,0.01
7.7966e-02,-0.09,-0.255
7.7968e-02,-0.05,0.005
7.7970e-02,-0.11,-0.26
7.7971e-02,-0.075,0.005
7.7973e-02,-0.125,-0.27
7.7974e-02,-0.065,0.02
7.7976e-02,-0.1,-0.275
7.7978e-02,-0.07,0.02
7.7979e-02,-0.12,-0.27
7.7981e-02,-0.13,0.015
7.7982e-02,-0.06,-0.27
7.7984e-02,-0.135,0.01
7.7986e-02,-0.065,-0.285
7.7987e-02,-0.09,0.035
7.7989e-02,-0.155,-0.255
7.7990e-02,-0.15,0
7.7992e-02,-0.18,-0.26
7.7994e-02,-0.165,0.005
7.7995e-02,-0.085,-0.275
7.7997e-02,-0.165,0.02
7.7998e-02,-0.185,-0.285
7.8000e-02,-0.135,0.04
7.8002e-02,-0.085,-0.275
7.8003e-02,-0.185,0.03
7.8005e-02,-0.115,-0.31
7.8006e-02,-0.195,0.06
7.8008e-02,-0.05,-0.265
7.8010e-02,-0.07,0.02
7.8011e-02,-0.16,-0.295
7.8013e-02,-0.15,0.04
7.8014e-02,-0.175,-0.27
7.8016e-02,-0.09,0.02
7.8018e-02,-0.095,-0.275
7.8019e-02,-0.085,0.035
7.8021e-02,-0.18,-0.255
7.8022e-02,-0.055,0.01
7.8024e-02,-0.11,-0.275
7.8026e-02,-0.115,0.02
7.8027e-02,-0.09,-0.265
7.8029e-02,-0.115,0.015
7.8030e-02,-0.075,-0.27
7.8032e-02,-0.035,0.02
7.8034e-02,-0.105,-0.275
7.8035e-02,-0.105,0.025
7.8037e-02,-0.095,-0.265
7.8038e-02,-0.14,0.02
7.8040e-02,-0.1,-0.29
7.8042e-02,-0.1,0.04
7.8043e-02,-0.075,-0.295
7.8045e-02,-0.145,0.04
7.8046e-02,-0.095,-0.28
7.8048e-02,-0.09,0.03
7.8050e-02,-0.135,-0.285
7.8051e-02,-0.035,0.03
7.8053e-02,-0.135,-0.275
7.8054e-02,-0.145,0.015
7.8056e-02,-0.1,-0.27
7.8058e-02,-0.095,0.02
7.8059e-02,-0.13,-0.275
7.8061e-02,-0.115,0.025
7.8062e-02,-0.195,-0.255
7.8064e-02,-0.11,0.005
7.8066e-02,-0.145,-0.275
7.8067e-02,-0.125,0.02
7.8069e-02,-0.22,-0.28
7.8070e-02,-0.135,0.02
7.8072e-02,-0.13,-0.28
7.8074e-02,-0.08,0.02
7.8075e-02,-0.18,-0.265
7.8077e-02,-0.13,0.005
7.8078e-02,-0.21,-0.29
7.8080e-02,-0.09,0.035
7.8082e-02,-0.15,-0.28
7.8083e-02,-0.165,0.02
7.8085e-02,-0.175,-0.275
7.8086e-02,-0.07,0.015
7.8088e-02,-0.1,-0.29
7.8090e-02,-0.125,0.025
7.8091e-02,-0.13,-0.295
7.8093e-02,-0.125,0.04
7.8094e-02,-0.155,-0.275
7.8096e-02,-0.04,0.02
7.8098e-02,-0.12,-0.285
7.8099e-02,-0.105,0.015
7.8101e-02,-0.155,-0.29
7.8102e-02,-0.19,0.03
7.8104e-02,-0.155,-0.275
7.8106e-02,-0.195,0.02
7.8107e-02,-0.04,-0.275
7.8109e-02,-0.115,0.015
7.8110e-02,-0.15,-0.28
7.8112e-02,-0.125,0.02
7.8114e-02,-0.115,-0.29
7.8115e-02,-0.11,0.03
7.8117e-02,-0.255,-0.28
7.8118e-02,-0.155,0.02
7.8120e-02,-0.13,-0.265
7.8122e-02,-0.06,0.005
7.8123e-02,-0.05,-0.28
7.8125e-02,-0.095,0.015
7.8126e-02,-0.085,-0.26
7.8128e-02,-0.04,0
7.8130e-02,-0.075,-0.27
7.8131e-02,-0.07,0.01
7.8133e-02,-0.245,-0.275
7.8134e-02,-0.095,0.015
7.8136e-02,-0.195,-0.285
7.8138e-02,-0.135,0.02
7.8139e-02,-0.175,-0.3
7.8141e-02,-0.125,0.035
7.8142e-02,-0.16,-0.27
7.8144e-02,-0.245,0
7.8146e-02,-0.07,-0.27
7.8147e-02,-0.175,0.01
7.8149e-02,-0.135,-0.275
7.8150e-02,-0.21,0.01
7.8152e-02,-0.15,-0.265
7.8154e-02,-0.095,0.005
7.8155e-02,-0.1,-0.27
7.8157e-02,-0.085,0.005
7.8158e-02,-0.22,-0.29
7.8160e-02,-0.15,0.03
7.8162e-02,-0.155,-0.275
7.8163e-02,-0.16,0.015
7.8165e-02,-0.215,-0.29
7.8166e-02,-0.16,0.03
7.8168e-02,-0.135,-0.275
7.8170e-02,-0.19,0.015
7.8171e-02,-0.145,-0.285
7.8173e-02,-0.15,0.02
7.8174e-02,-0.145,-0.28
7.8176e-02,-0.08,0.02
7.8178e-02,-0.11,-0.27
7.8179e-02,-0.16,0.01
7.8181e-02,-0.185,-0.295
7.8182e-02,-0.16,0.025
7.8184e-02,-0.245,-0.275
7.8186e-02,-0.06,0.01
7.8187e-02,-0.17,-0.295
7.8189e-02,-0.115,0.04
7.8190e-02,-0.16,-0.27
7.8192e-02,-0.11,0.01
7.8194e-02,-0.155,-0.29
7.8195e-02,0,0.03
7.8197e-02,-0.125,-0.27
7.8198e-02,-0.1,0.01
7.8200e-02,-0.13,-0.28
7.8202e-02,-0.105,0.015
7.8203e-02,-0.115,-0.285
7.8205e-02,-0.245,0.025
7.8206e-02,-0.12,-0.305
7.8208e-02,-0.2,0.045
7.8210e-02,-0.06,-0.27
7.8211e-02,-0.125,0.015
7.8213e-02,-0.195,-0.28
7.8214e-02,-0.17,0.02
7.8216e-02,-0.135,-0.28
7.8218e-02,-0.105,0.015
7.8219e-02,-0.09,-0.305
7.8221e-02,-0.145,0.04
7.8222e-02,-0.16,-0.305
7.8224e-02,-0.175,0.045
7.8226e-02,-0.155,-0.28
7.8227e-02,-0.18,0.01
7.8229e-02,-0.105,-0.31
7.8230e-02,-0.13,0.045
7.8232e-02,-0.095,-0.28
7.8234e-02,-0.04,0.01
7.8235e-02,-0.16,-0.285
7.8237e-02,-0.245,0.02
7.8238e-02,-0.165,-0.285
7.8240e-02,-0.145,0.015
7.8242e-02,-0.06,-0.3
7.8243e-02,-0.175,0.025
7.8245e-02,-0.125,-0.32
7.8246e-02,-0.215,0.05
7.8248e-02,-0.05,-0.31
7.8250e-02,-0.185,0.04
7.8251e-02,-0.085,-0.295
7.8253e-02,-0.15,0.025
7.8254e-02,-0.095,-0.275
7.8256e-02,-0.115,0.005
7.8258e-02,-0.07,-0.33
7.8259e-02,-0.19,0.05
7.8261e-02,-0.16,-0.31
7.8262e-02,-0.13,0.04
7.8264e-02,-0.125,-0.3
7.8266e-02,-0.07,0.03
7.8267e-02,-0.16,-0.28
7.8269e-02,-0.14,0.015
7.8270e-02,-0.2,-0.29
7.8272e-02,-0.1,0.02
7.8274e-02,-0.145,-0.29
7.8275e-02,-0.17,0.015
7.8277e-02,-0.285,-0.31
7.8278e-02,-0.135,0.03
7.8280e-02,-0.13,-0.32
7.8282e-02,-0.11,0.05
7.8283e-02,-0.105,-0.305
7.8285e-02,-0.23,0.025
7.8286e-02,-0.065,-0.315
7.8288e-02,-0.095,0.035
7.8290e-02,-0.135,-0.275
7.8291e-02,-0.045,0.01
7.8293e-02,-0.125,-0.31
7.8294e-02,-0.165,0.035
7.8296e-02,-0.16,-0.315
7.8298e-02,-0.205,0.035
7.8299e-02,-0.155,-0.31
7.8301e-02,-0.15,0.035
7.8302e-02,-0.205,-0.32
7.8304e-02,-0.105,0.04
7.8306e-02,-0.13,-0.285
7.8307e-02,-0.16,0.015
7.8309e-02,-0.2,-0.28
7.8310e-02,-0.155,0.01
7.8312e-02,-0.115,-0.285
7.8314e-02,-0.035,0.01
7.8315e-02,-0.16,-0.295
7.8317e-02,-0.145,0.02
7.8318e-02,-0.155,-0.28
7.8320e-02,-0.165,0.01
7.8322e-02,-0.16,-0.315
7.8323e-02,-0.16,0.045
7.8325e-02,-0.11,-0.285
7.8326e-02,-0.085,0.015
7.8328e-02,-0.07,-0.315
7.8330e-02,-0.135,0.045
7.8331e-02,-0.105,-0.29
7.8333e-02,-0.27,0.01
7.8334e-02,-0.11,-0.315
7.8336e-02,-0.18,0.045
7.8338e-02,0.015,-0.285
7.8339e-02,-0.105,0.015
7.8341e-02,-0.105,-0.32
7.8342e-02,-0.115,0.05
7.8344e-02,-0.165,-0.31
7.8346e-02,-0.18,0.04
7.8347e-02,-0.165,-0.305
7.8349e-02,-0.175,0.04
7.8350e-02,-0.165,-0.285
7.8352e-02,-0.065,0.02
7.8354e-02,-0.1,-0.3
7.8355e-02,-0.175,0.035
7.8357e-02,-0.185,-0.29
7.8358e-02,-0.11,0.02
7.8360e-02,-0.19,-0.28
7.8362e-02,-0.055,0.015
7.8363e-02,-0.235,-0.305
7.8365e-02,-0.115,0.04
7.8366e-02,-0.195,-0.285
7.8368e-02,-0.105,0.025
7.8370e-02,-0.1,-0.29
7.8371e-02,-0.045,0.02
7.8373e-02,-0.115,-0.295
7.8374e-02,-0.08,0.02
7.8376e-02,-0.16,-0.29
7.8378e-02,-0.16,0.02
7.8379e-02,-0.14,-0.315
7.8381e-02,-0.21,0.045
7.8382e-02,-0.135,-0.305
7.8384e-02,-0.09,0.03
7.8386e-02,-0.065,-0.29
7.8387e-02,-0.11,0.02
7.8389e-02,-0.135,-0.31
7.8390e-02,-0.175,0.035
7.8392e-02,-0.09,-0.315
7.8394e-02,-0.24,0.045
7.8395e-02,-0.18,-0.285
7.8397e-02,-0.145,0.015
7.8398e-02,-0.105,-0.3
7.8400e-02,-0.075,0.025
7.8402e-02,-0.105,-0.305
7.8403e-02,-0.21,0.03
7.8405e-02,-0.27,-0.3
7.8406e-02,-0.135,0.035
7.8408e-02,-0.215,-0.315
7.8410e-02,-0.085,0.035
7.8411e-02,-0.16,-0.295
7.8413e-02,-0.165,0.015
7.8414e-02,-0.2,-0.285
7.8416e-02,-0.085,0.015
7.8418e-02,-0.1,-0.305
7.8419e-02,-0.05,0.025
7.8421e-02,-0.12,-0.275
7.8422e-02,-0.2,0
7.8424e-02,-0.07,-0.325
7.8426e-02,-0.07,0.045
7.8427e-02,-0.12,-0.29
7.8429e-02,-0.26,0.025
7.8430e-02,-0.11,-0.27
7.8432e-02,-0.2,0
7.8434e-02,-0.105,-0.28
7.8435e-02,-0.2,0.005
7.8437e-02,-0.09,-0.3
7.8438e-02,-0.165,0.025
7.8440e-02,-0.05,-0.305
7.8442e-02,-0.155,0.03
7.8443e-02,-0.135,-0.31
7.8445e-02,-0.12,0.04
7.8446e-02,-0.18,-0.32
7.8448e-02,-0.05,0.04
7.8450e-02,-0.175,-0.31
7.8451e-02,-0.11,0.025
7.8453e-02,-0.225,-0.29
7.8454e-02,-0.105,0.015
7.8456e-02,-0.075,-0.31
7.8458e-02,-0.05,0.03
7.8459e-02,-0.115,-0.295
7.8461e-02,-0.12,0.015
7.8462e-02,-0.145,-0.28
7.8464e-02,-0.23,0.005
7.8466e-02,-0.165,-0.265
7.8467e-02,-0.165,-0.015
7.8469e-02,-0.26,-0.285
7.8470e-02,-0.12,0.01
7.8472e-02,-0.17,-0.28
7.8474e-02,-0.095,0.01
7.8475e-02,-0.13,-0.295
7.8477e-02,-0.125,0.015
7.8478e-02,-0.26,-0.31
7.8480e-02,-0.07,0.03
7.8482e-02,-0.14,-0.28
7.8483e-02,-0.065,0.005
7.8485e-02,-0.2,-0.285
7.8486e-02,-0.055,0.005
7.8488e-02,-0.115,-0.285
7.8490e-02,-0.115,0
7.8491e-02,-0.2,-0.27
7.8493e-02,-0.205,-0.005
7.8494e-02,-0.15,-0.285
7.8496e-02,-0.035,0.005
7.8498e-02,-0.185,-0.29
7.8499e-02,-0.155,0.005
7.8501e-02,-0.175,-0.295
7.8502e-02,-0.155,0.015
7.8504e-02,-0.13,-0.3
7.8506e-02,-0.08,0.015
7.8507e-02,-0.1,-0.305
7.8509e-02,-0.14,0.025
7.8510e-02,-0.09,-0.3
7.8512e-02,-0.13,0.01
7.8514e-02,-0.17,-0.29
7.8515e-02,-0.14,0.01
7.8517e-02,-0.205,-0.295
7.8518e-02,-0.21,0.015
7.8520e-02,-0.235,-0.29
7.8522e-02,-0.09,0.005
7.8523e-02,-0.295,-0.315
7.8525e-02,-0.12,0.025
7.8526e-02,-0.22,-0.33
7.8528e-02,-0.07,0.045
7.8530e-02,-0.19,-0.32
7.8531e-02,-0.095,0.03
7.8533e-02,-0.305,-0.305
7.8534e-02,-0.105,0.02
7.8536e-02,-0.15,-0.305
7.8538e-02,-0.09,0.015
7.8539e-02,-0.205,-0.3
7.8541e-02,-0.025,0.01
7.8542e-02,-0.115,-0.31
7.8544e-02,-0.08,0.025
7.8546e-02,-0.075,-0.32
7.8547e-02,-0.185,0.02
7.8549e-02,-0.09,-0.325
7.8550e-02,-0.095,0.035
7.8552e-02,-0.105,-0.285
7.8554e-02,-0.195,0
7.8555e-02,-0.105,-0.315
7.8557e-02,-0.22,0.03
7.8558e-02,-0.17,-0.31
7.8560e-02,-0.165,0.02
7.8562e-02,-0.135,-0.325
7.8563e-02,-0.2,0.03
7.8565e-02,-0.135,-0.285
7.8566e-02,-0.135,-0.005
7.8568e-02,-0.08,-0.29
7.8570e-02,-0.115,0
7.8571e-02,-0.045,-0.315
7.8573e-02,-0.195,0.03
7.8574e-02,-0.16,-0.31
7.8576e-02,-0.17,0.02
7.8578e-02,-0.08,-0.28
7.8579e-02,-0.225,-0.005
7.8581e-02,-0.15,-0.305
7.8582e-02,-0.16,0.005
7.8584e-02,-0.16,-0.28
7.8586e-02,-0.115,-0.01
7.8587e-02,-0.19,-0.28
7.8589e-02,-0.195,-0.005
7.8590e-02,-0.135,-0.305
7.8592e-02,-0.05,0.02
7.8594e-02,-0.15,-0.3
7.8595e-02,-0.125,0.005
7.8597e-02,-0.095,-0.32
7.8598e-02,-0.075,0.03
7.8600e-02,-0.105,-0.35
7.8602e-02,-0.16,0.055
7.8603e-02,-0.245,-0.31
7.8605e-02,-0.205,0.025
7.8606e-02,-0.16,-0.32
7.8608e-02,-0.195,0.025
7.8610e-02,-0.24,-0.325
7.8611e-02,-0.125,0.03
7.8613e-02,-0.13,-0.28
7.8614e-02,-0.065,0
7.8616e-02,-0.045,-0.29
7.8618e-02,-0.09,0.005
7.8619e-02,-0.11,-0.29
7.8621e-02,-0.085,0
7.8622e-02,-0.075,-0.295
7.8624e-02,-0.17,0
7.8626e-02,-0.065,-0.28
7.8627e-02,-0.155,-0.01
7.8629e-02,-0.135,-0.315
7.8630e-02,-0.14,0.025
7.8632e-02,-0.135,-0.345
7.8634e-02,-0.22,0.05
7.8635e-02,-0.2,-0.31
7.8637e-02,-0.2,0.015
7.8638e-02,-0.195,-0.29
7.8640e-02,-0.115,0
7.8642e-02,-0.1,-0.3
7.8643e-02,-0.115,0.015
7.8645e-02,-0.075,-0.305
7.8646e-02,-0.035,0.015
7.8648e-02,-0.075,-0.29
7.8650e-02,-0.11,0.01
7.8651e-02,-0.14,-0.3
7.8653e-02,-0.16,0.015
7.8654e-02,-0.13,-0.3
7.8656e-02,-0.115,0.015
7.8658e-02,-0.165,-0.295
7.8659e-02,-0.19,0.01
7.8661e-02,-0.115,-0.315
7.8662e-02,-0.155,0.03
7.8664e-02,-0.255,-0.285
7.8666e-02,-0.215,-0.005
7.8667e-02,-0.22,-0.29
7.8669e-02,-0.12,-0.005
7.8670e-02,-0.09,-0.285
7.8672e-02,-0.035,0
7.8674e-02,-0.175,-0.335
7.8675e-02,-0.105,0.03
7.8677e-02,-0.11,-0.3
7.8678e-02,-0.105,0.015
7.8680e-02,-0.14,-0.315
7.8682e-02,-0.12,0.025
7.8683e-02,-0.09,-0.34
7.8685e-02,-0.11,0.05
7.8686e-02,-0.035,-0.305
7.8688e-02,-0.22,0.02
7.8690e-02,-0.195,-0.3
7.8691e-02,-0.255,0.005
7.8693e-02,-0.15,-0.325
7.8694e-02,-0.225,0.03
7.8696e-02,-0.17,-0.285
7.8698e-02,-0.165,-0.005
7.8699e-02,-0.14,-0.31
7.8701e-02,-0.13,0.01
7.8702e-02,-0.075,-0.33
7.8704e-02,-0.115,0.03
7.8706e-02,-0.12,-0.31
7.8707e-02,-0.06,0.01
7.8709e-02,-0.15,-0.33
7.8710e-02,-0.115,0.035
7.8712e-02,-0.19,-0.32
7.8714e-02,-0.23,0.025
7.8715e-02,-0.21,-0.32
7.8717e-02,-0.135,0.025
7.8718e-02,-0.115,-0.315
7.8720e-02,-0.155,0.005
7.8722e-02,-0.085,-0.31
7.8723e-02,-0.17,0.005
7.8725e-02,-0.115,-0.295
7.8726e-02,-0.09,-0.01
7.8728e-02,-0.105,-0.3
7.8730e-02,-0.12,0
7.8731e-02,-0.19,-0.325
7.8733e-02,-0.1,0.02
7.8734e-02,-0.15,-0.305
7.8736e-02,-0.14,0
7.8738e-02,-0.18,-0.33
7.8739e-02,-0.265,0.035
7.8741e-02,-0.15,-0.305
7.8742e-02,-0.135,0.005
7.8744e-02,-0.085,-0.31
7.8746e-02,-0.225,0.01
7.8747e-02,-0.14,-0.3
7.8749e-02,-0.215,0.005
7.8750e-02,-0.115,-0.315
7.8752e-02,-0.175,0.01
7.8754e-02,-0.22,-0.305
7.8755e-02,-0.175,0.005
7.8757e-02,-0.1,-0.31
7.8758e-02,-0.11,0
7.8760e-02,-0.165,-0.31
7.8762e-02,-0.15,0.015
7.8763e-02,-0.23,-0.335
7.8765e-02,-0.04,0.04
7.8766e-02,-0.15,-0.315
7.8768e-02,-0.14,0.015
7.8770e-02,-0.195,-0.34
7.8771e-02,-0.135,0.03
7.8773e-02,-0.19,-0.315
7.8774e-02,-0.135,0.015
7.8776e-02,-0.205,-0.31
7.8778e-02,-0.275,0.02
7.8779e-02,-0.14,-0.315
7.8781e-02,-0.21,0.015
7.8782e-02,-0.135,-0.315
7.8784e-02,-0.21,0.015
7.8786e-02,-0.13,-0.315
7.8787e-02,-0.15,0.015
7.8789e-02,-0.12,-0.32
7.8790e-02,-0.105,0.02
7.8792e-02,-0.27,-0.31
7.8794e-02,-0.125,0.015
7.8795e-02,-0.165,-0.305
7.8797e-02,-0.075,0.01
7.8798e-02,-0.13,-0.3
7.8800e-02,-0.045,0.005
7.8802e-02,-0.135,-0.285
7.8803e-02,-0.11,-0.01
7.8805e-02,-0.1,-0.305
7.8806e-02,-0.245,0
7.8808e-02,-0.12,-0.31
7.8810e-02,-0.2,0.015
7.8811e-02,-0.17,-0.3
7.8813e-02,-0.225,0
7.8814e-02,-0.155,-0.325
7.8816e-02,-0.215,0.025
7.8818e-02,-0.17,-0.325
7.8819e-02,-0.105,0.025
7.8821e-02,-0.165,-0.31
7.8822e-02,-0.02,0.01
7.8824e-02,-0.12,-0.305
7.8826e-02,-0.075,0.005
7.8827e-02,-0.13,-0.295
7.8829e-02,-0.055,-0.005
7.8830e-02,-0.13,-0.295
7.8832e-02,-0.135,-0.005
7.8834e-02,-0.155,-0.32
7.8835e-02,-0.19,0.02
7.8837e-02,-0.14,-0.31
7.8838e-02,-0.095,0.01
7.8840e-02,-0.2,-0.32
7.8842e-02,-0.165,0.02
7.8843e-02,-0.135,-0.31
7.8845e-02,-0.07,0.01
7.8846e-02,-0.07,-0.31
7.8848e-02,-0.115,0.005
7.8850e-02,-0.115,-0.305
7.8851e-02,-0.1,0.005
7.8853e-02,-0.045,-0.3
7.8854e-02,-0.175,0.005
7.8856e-02,-0.125,-0.325
7.8858e-02,-0.12,0.015
7.8859e-02,-0.125,-0.315
7.8861e-02,-0.03,0.005
7.8862e-02,-0.17,-0.31
7.8864e-02,-0.125,0.005
7.8866e-02,-0.08,-0.31
7.8867e-02,-0.14,0.01
7.8869e-02,-0.17,-0.32
7.8870e-02,-0.185,0.015
7.8872e-02,-0.175,-0.32
7.8874e-02,-0.14,0.015
7.8875e-02,-0.08,-0.32
7.8877e-02,-0.175,0.01
7.8878e-02,-0.16,-0.32
7.8880e-02,-0.155,0.01
7.8882e-02,-0.175,-0.305
7.8883e-02,-0.06,-0.005
7.8885e-02,-0.065,-0.3
7.8886e-02,-0.07,-0.005
7.8888e-02,-0.125,-0.305
7.8890e-02,-0.1,-0.005
7.8891e-02,-0.21,-0.33
7.8893e-02,-0.13,0.025
7.8894e-02,-0.125,-0.305
7.8896e-02,-0.16,0.005
7.8898e-02,-0.17,-0.31
7.8899e-02,-0.135,0
7.8901e-02,-0.195,-0.32
7.8902e-02,-0.115,0.015
7.8904e-02,-0.24,-0.34
7.8906e-02,-0.135,0.035
7.8907e-02,-0.12,-0.325
7.8909e-02,-0.075,0.025
7.8910e-02,-0.1,-0.33
7.8912e-02,-0.165,0.03
7.8914e-02,-0.095,-0.315
7.8915e-02,-0.125,0.01
7.8917e-02,-0.105,-0.32
7.8918e-02,-0.27,0.005
7.8920e-02,-0.175,-0.33
7.8922e-02,-0.195,0.02
7.8923e-02,-0.21,-0.325
7.8925e-02,-0.15,0.015
7.8926e-02,-0.24,-0.325
7.8928e-02,-0.145,0.01
7.8930e-02,-0.095,-0.315
7.8931e-02,-0.14,0.005
7.8933e-02,-0.105,-0.355
7.8934e-02,-0.155,0.05
7.8936e-02,-0.12,-0.315
7.8938e-02,-0.14,0.015
7.8939e-02,-0.065,-0.33
7.8941e-02,-0.115,0.025
7.8942e-02,-0.07,-0.33
7.8944e-02,-0.145,0.02
7.8946e-02,-0.16,-0.33
7.8947e-02,-0.155,0.02
7.8949e-02,-0.145,-0.305
7.8950e-02,-0.125,-0.005
7.8952e-02,-0.105,-0.305
7.8954e-02,-0.16,-0.005
7.8955e-02,-0.16,-0.315
7.8957e-02,-0.16,0.01
7.8958e-02,-0.255,-0.305
7.8960e-02,-0.19,0.005
7.8962e-02,-0.17,-0.305
7.8963e-02,-0.17,0.005
7.8965e-02,-0.125,-0.31
7.8966e-02,-0.24,0
7.8968e-02,-0.245,-0.305
7.8970e-02,-0.13,-0.005
7.8971e-02,-0.255,-0.285
7.8973e-02,-0.115,-0.015
7.8974e-02,-0.245,-0.32
7.8976e-02,-0.155,0.015
7.8978e-02,-0.13,-0.305
7.8979e-02,-0.18,-0.005
7.8981e-02,-0.195,-0.295
7.8982e-02,-0.215,-0.015
7.8984e-02,-0.1,-0.33
7.8986e-02,-0.16,0.02
7.8987e-02,-0.075,-0.3
7.8989e-02,-0.11,-0.005
7.8990e-02,-0.13,-0.3
7.8992e-02,-0.055,-0.01
7.8994e-02,-0.125,-0.315
7.8995e-02,-0.13,0.005
7.8997e-02,-0.17,-0.295
7.8998e-02,-0.18,-0.01
7.9000e-02,-0.17,-0.285
7.9002e-02,-0.15,-0.025
7.9003e-02,-0.17,-0.32
7.9005e-02,-0.055,0.005
7.9006e-02,-0.185,-0.31
7.9008e-02,-0.06,0.005
7.9010e-02,-0.13,-0.31
7.9011e-02,-0.04,0
7.9013e-02,-0.165,-0.315
7.9014e-02,-0.115,0.005
7.9016e-02,-0.175,-0.33
7.9018e-02,-0.11,0.015
7.9019e-02,-0.13,-0.315
7.9021e-02,-0.17,0.005
7.9022e-02,-0.14,-0.305
7.9024e-02,-0.05,-0.005
7.9026e-02,-0.02,-0.325
7.9027e-02,-0.075,0.015
7.9029e-02,-0.17,-0.325
7.9030e-02,-0.185,0.01
7.9032e-02,-0.16,-0.325
7.9034e-02,-0.095,0.01
7.9035e-02,-0.225,-0.285
7.9037e-02,-0.155,-0.025
7.9038e-02,-0.13,-0.315
7.9040e-02,-0.205,-0.005
7.9042e-02,-0.105,-0.315
7.9043e-02,-0.27,0
7.9045e-02,-0.19,-0.32
7.9046e-02,-0.125,-0.01
7.9048e-02,-0.09,-0.34
7.9050e-02,-0.13,0.015
7.9051e-02,-0.155,-0.32
7.9053e-02,-0.17,-0.005
7.9054e-02,-0.145,-0.35
7.9056e-02,-0.075,0.03
7.9058e-02,-0.125,-0.34
7.9059e-02,-0.205,0.02
7.9061e-02,-0.085,-0.325
7.9062e-02,-0.13,-0.005
7.9064e-02,-0.1,-0.315
7.9066e-02,-0.19,-0.01
7.9067e-02,-0.225,-0.32
7.9069e-02,-0.24,-0.005
7.9070e-02,-0.165,-0.325
7.9072e-02,-0.22,0.01
7.9074e-02,-0.205,-0.34
7.9075e-02,-0.145,0.015
7.9077e-02,-0.145,-0.32
7.9078e-02,-0.07,0
7.9080e-02,-0.115,-0.31
7.9082e-02,-0.145,-0.005
7.9083e-02,-0.22,-0.32
7.9085e-02,-0.11,0.005
7.9086e-02,-0.255,-0.305
7.9088e-02,-0.15,-0.015
7.9090e-02,-0.17,-0.31
7.9091e-02,-0.21,-0.005
7.9093e-02,-0.18,-0.325
7.9094e-02,-0.165,0
7.9096e-02,-0.16,-0.31
7.9098e-02,-0.175,-0.015
7.9099e-02,-0.21,-0.32
7.9101e-02,-0.225,0
7.9102e-02,-0.22,-0.31
7.9104e-02,-0.075,-0.01
7.9106e-02,-0.185,-0.325
7.9107e-02,-0.165,0.015
7.9109e-02,-0.17,-0.325
7.9110e-02,-0.185,0
7.9112e-02,-0.085,-0.32
7.9114e-02,-0.175,0
7.9115e-02,-0.175,-0.335
7.9117e-02,-0.21,0.015
7.9118e-02,-0.035,-0.35
7.9120e-02,-0.105,0.02
7.9122e-02,-0.085,-0.325
7.9123e-02,-0.2,0.005
7.9125e-02,-0.195,-0.33
7.9126e-02,-0.165,0.015
7.9128e-02,-0.175,-0.33
7.9130e-02,-0.285,0.01
7.9131e-02,-0.165,-0.32
7.9133e-02,-0.115,0.005
7.9134e-02,-0.055,-0.335
7.9136e-02,-0.095,0.015
7.9138e-02,-0.115,-0.335
7.9139e-02,-0.22,0.015
7.9141e-02,-0.155,-0.315
7.9142e-02,-0.1,-0.005
7.9144e-02,-0.17,-0.34
7.9146e-02,-0.135,0.01
7.9147e-02,-0.125,-0.335
7.9149e-02,-0.14,0.015
7.9150e-02,-0.13,-0.345
7.9152e-02,-0.14,0.025
7.9154e-02,-0.25,-0.31
7.9155e-02,-0.13,-0.01
7.9157e-02,-0.205,-0.315
7.9158e-02,-0.155,-0.005
7.9160e-02,-0.14,-0.345
7.9162e-02,-0.16,0.02
7.9163e-02,-0.2,-0.305
7.9165e-02,-0.125,-0.01
7.9166e-02,-0.12,-0.315
7.9168e-02,-0.09,-0.005
7.9170e-02,-0.11,-0.305
7.9171e-02,-0.16,-0.01
7.9173e-02,-0.255,-0.31
7.9174e-02,-0.14,-0.005
7.9176e-02,-0.135,-0.32
7.9178e-02,-0.15,-0.005
7.9179e-02,-0.17,-0.34
7.9181e-02,-0.22,0.005
7.9182e-02,-0.045,-0.335
7.9184e-02,-0.13,0.01
7.9186e-02,-0.155,-0.33
7.9187e-02,-0.23,0.015
7.9189e-02,-0.21,-0.36
7.9190e-02,-0.18,0.04
7.9192e-02,-0.105,-0.355
7.9194e-02,-0.195,0.04
7.9195e-02,-0.19,-0.305
7.9197e-02,-0.135,-0.02
7.9198e-02,-0.12,-0.345
7.9200e-02,-0.15,0.015
7.9202e-02,-0.12,-0.34
7.9203e-02,-0.18,0.015
7.9205e-02,-0.085,-0.345
7.9206e-02,-0.16,0.02
7.9208e-02,-0.065,-0.32
7.9210e-02,-0.155,-0.005
7.9211e-02,-0.105,-0.31
7.9213e-02,-0.185,-0.015
7.9214e-02,-0.14,-0.32
7.9216e-02,-0.165,0
7.9218e-02,-0.18,-0.315
7.9219e-02,-0.105,-0.01
7.9221e-02,-0.155,-0.31
7.9222e-02,-0.05,-0.015
7.9224e-02,-0.135,-0.34
7.9226e-02,-0.18,0.015
7.9227e-02,-0.155,-0.325
7.9229e-02,-0.175,0
7.9230e-02,-0.09,-0.33
7.9232e-02,-0.185,0.005
7.9234e-02,-0.09,-0.31
7.9235e-02,-0.155,-0.02
7.9237e-02,-0.065,-0.31
7.9238e-02,-0.135,-0.005
7.9240e-02,-0.115,-0.32
7.9242e-02,-0.25,-0.005
7.9243e-02,-0.18,-0.325
7.9245e-02,-0.28,-0.01
7.9246e-02,-0.185,-0.33
7.9248e-02,-0.165,0.01
7.9250e-02,-0.155,-0.315
7.9251e-02,-0.185,-0.01
7.9253e-02,-0.155,-0.295
7.9254e-02,-0.13,-0.03
7.9256e-02,-0.14,-0.3
7.9258e-02,-0.185,-0.025
7.9259e-02,-0.195,-0.33
7.9261e-02,-0.205,0.005
7.9262e-02,-0.09,-0.35
7.9264e-02,-0.13,0.02
7.9266e-02,-0.1,-0.31
7.9267e-02,-0.2,-0.02
7.9269e-02,-0.075,-0.305
7.9270e-02,-0.16,-0.02
7.9272e-02,-0.165,-0.345
7.9274e-02,-0.21,0.015
7.9275e-02,-0.28,-0.335
7.9277e-02,-0.125,0.005
7.9278e-02,-0.205,-0.335
7.9280e-02,-0.225,0.005
7.9282e-02,-0.21,-0.325
7.9283e-02,-0.2,-0.01
7.9285e-02,-0.065,-0.3
7.9286e-02,-0.2,-0.03
7.9288e-02,-0.145,-0.325
7.9290e-02,-0.2,-0.005
7.9291e-02,-0.08,-0.325
7.9293e-02,-0.135,-0.005
7.9294e-02,-0.155,-0.325
7.9296e-02,-0.265,-0.005
7.9298e-02,-0.185,-0.315
7.9299e-02,-0.12,-0.01
7.9301e-02,-0.21,-0.33
7.9302e-02,-0.175,0
7.9304e-02,-0.225,-0.33
7.9306e-02,-0.21,-0.005
7.9307e-02,-0.115,-0.325
7.9309e-02,-0.205,-0.005
7.9310e-02,-0.16,-0.36
7.9312e-02,-0.205,0.025
7.9314e-02,-0.195,-0.33
7.9315e-02,-0.115,-0.01
7.9317e-02,-0.14,-0.345
7.9318e-02,-0.085,0.01
7.9320e-02,-0.11,-0.32
7.9322e-02,-0.155,-0.015
7.9323e-02,-0.015,-0.33
7.9325e-02,-0.11,0
7.9326e-02,-0.145,-0.335
7.9328e-02,-0.22,0.005
7.9330e-02,-0.18,-0.33
7.9331e-02,-0.205,-0.005
7.9333e-02,-0.165,-0.36
7.9334e-02,-0.345,0.025
7.9336e-02,-0.195,-0.345
7.9338e-02,-0.26,0
7.9339e-02,-0.155,-0.36
7.9341e-02,-0.205,0.015
7.9342e-02,-0.21,-0.33
7.9344e-02,-0.15,0
7.9346e-02,-0.21,-0.335
7.9347e-02,-0.155,0
7.9349e-02,-0.2,-0.31
7.9350e-02,-0.17,-0.02
7.9352e-02,-0.19,-0.32
7.9354e-02,-0.04,-0.015
7.9355e-02,-0.12,-0.33
7.9357e-02,-0.055,-0.005
7.9358e-02,-0.13,-0.335
7.9360e-02,-0.185,0.005
7.9362e-02,-0.17,-0.345
7.9363e-02,-0.255,0.01
7.9365e-02,-0.18,-0.32
7.9366e-02,-0.21,-0.015
7.9368e-02,-0.18,-0.32
7.9370e-02,-0.19,-0.015
7.9371e-02,-0.065,-0.335
7.9373e-02,-0.135,-0.005
7.9374e-02,-0.095,-0.33
7.9376e-02,-0.19,-0.005
7.9378e-02,-0.205,-0.33
7.9379e-02,-0.175,0
7.9381e-02,-0.21,-0.32
7.9382e-02,-0.17,-0.015
7.9384e-02,-0.19,-0.33
7.9386e-02,-0.19,0
7.9387e-02,-0.1,-0.325
7.9389e-02,-0.21,-0.01
7.9390e-02,-0.235,-0.315
7.9392e-02,-0.235,-0.015
7.9394e-02,-0.195,-0.32
7.9395e-02,-0.145,-0.01
7.9397e-02,-0.195,-0.315
7.9398e-02,-0.23,-0.02
7.9400e-02,-0.165,-0.31
7.9402e-02,-0.165,-0.015
7.9403e-02,-0.145,-0.32
7.9405e-02,-0.175,-0.01
7.9406e-02,-0.21,-0.31
7.9408e-02,-0.2,-0.025
7.9410e-02,-0.075,-0.355
7.9411e-02,-0.11,0.03
7.9413e-02,-0.06,-0.345
7.9414e-02,-0.19,0.005
7.9416e-02,-0.115,-0.34
7.9418e-02,-0.12,0.005
7.9419e-02,-0.12,-0.345
7.9421e-02,-0.18,0.01
7.9422e-02,-0.165,-0.345
7.9424e-02,-0.105,0.005
7.9426e-02,-0.085,-0.345
7.9427e-02,-0.11,0.005
7.9429e-02,-0.255,-0.32
7.9430e-02,-0.245,-0.015
7.9432e-02,-0.28,-0.31
7.9434e-02,-0.2,-0.02
7.9435e-02,-0.13,-0.31
7.9437e-02,-0.255,-0.02
7.9438e-02,-0.09,-0.305
7.9440e-02,-0.22,-0.03
7.9442e-02,-0.115,-0.315
7.9443e-02,-0.17,-0.01
7.9445e-02,-0.21,-0.33
7.9446e-02,-0.17,0
7.9448e-02,-0.135,-0.315
7.9450e-02,-0.135,-0.02
7.9451e-02,-0.09,-0.32
7.9453e-02,-0.22,-0.02
7.9454e-02,-0.17,-0.335
7.9456e-02,-0.245,0
7.9458e-02,-0.205,-0.34
7.9459e-02,-0.135,0.005
7.9461e-02,-0.19,-0.325
7.9462e-02,-0.28,-0.015
7.9464e-02,-0.17,-0.315
7.9466e-02,-0.265,-0.02
7.9467e-02,-0.07,-0.315
7.9469e-02,-0.2,-0.02
7.9470e-02,-0.16,-0.33
7.9472e-02,-0.185,-0.015
7.9474e-02,-0.255,-0.355
7.9475e-02,-0.16,0.015
7.9477e-02,-0.165,-0.365
7.9478e-02,-0.165,0.025
7.9480e-02,-0.095,-0.34
7.9482e-02,-0.15,-0.005
7.9483e-02,-0.075,-0.35
7.9485e-02,-0.285,0.005
7.9486e-02,-0.23,-0.32
7.9488e-02,-0.26,-0.015
7.9490e-02,-0.195,-0.33
7.9491e-02,-0.19,-0.005
7.9493e-02,-0.24,-0.345
7.9494e-02,-0.21,0.01
7.9496e-02,-0.21,-0.34
7.9498e-02,-0.16,0
7.9499e-02,-0.18,-0.33
7.9501e-02,-0.16,-0.015
7.9502e-02,-0.14,-0.35
7.9504e-02,-0.06,0.005
7.9506e-02,-0.12,-0.335
7.9507e-02,-0.165,-0.005
7.9509e-02,-0.265,-0.345
7.9510e-02,-0.195,0
7.9512e-02,-0.105,-0.35
7.9514e-02,-0.165,0.01
7.9515e-02,-0.17,-0.335
7.9517e-02,-0.245,-0.005
7.9518e-02,-0.24,-0.325
7.9520e-02,-0.195,-0.02
7.9522e-02,-0.23,-0.35
7.9523e-02,-0.25,-0.005
7.9525e-02,-0.22,-0.34
7.9526e-02,-0.21,-0.015
7.9528e-02,-0.14,-0.325
7.9530e-02,-0.135,-0.025
7.9531e-02,-0.23,-0.34
7.9533e-02,-0.125,-0.005
7.9534e-02,-0.215,-0.335
7.9536e-02,-0.08,-0.015
7.9538e-02,-0.245,-0.345
7.9539e-02,-0.125,-0.005
7.9541e-02,-0.225,-0.325
7.9542e-02,-0.145,-0.025
7.9544e-02,-0.18,-0.335
7.9546e-02,-0.185,-0.015
7.9547e-02,-0.215,-0.34
7.9549e-02,-0.25,-0.01
7.9550e-02,-0.23,-0.33
7.9552e-02,-0.175,-0.01
7.9554e-02,-0.17,-0.32
7.9555e-02,-0.19,-0.035
7.9557e-02,-0.185,-0.335
7.9558e-02,-0.1,-0.01
7.9560e-02,-0.175,-0.325
7.9562e-02,-0.16,-0.02
7.9563e-02,-0.24,-0.34
7.9565e-02,-0.09,-0.01
7.9566e-02,-0.11,-0.36
7.9568e-02,-0.135,0.01
7.9570e-02,-0.165,-0.325
7.9571e-02,-0.26,-0.025
7.9573e-02,-0.115,-0.335
7.9574e-02,-0.17,-0.015
7.9576e-02,-0.105,-0.34
7.9578e-02,-0.135,-0.005
7.9579e-02,-0.19,-0.325
7.9581e-02,-0.13,-0.02
7.9582e-02,-0.21,-0.31
7.9584e-02,-0.255,-0.035
7.9586e-02,-0.18,-0.355
7.9587e-02,-0.22,0.005
7.9589e-02,-0.115,-0.32
7.9590e-02,-0.075,-0.03
7.9592e-02,-0.085,-0.32
7.9594e-02,-0.15,-0.025
7.9595e-02,-0.195,-0.32
7.9597e-02,-0.115,-0.025
7.9598e-02,-0.07,-0.35
7.9600e-02,-0.09,0
7.9602e-02,-0.16,-0.32
7.9603e-02,-0.09,-0.025
7.9605e-02,-0.155,-0.325
7.9606e-02,-0.19,-0.02
7.9608e-02,-0.3,-0.335
7.9610e-02,-0.215,-0.005
7.9611e-02,-0.245,-0.33
7.9613e-02,-0.155,-0.015
7.9614e-02,-0.2,-0.33
7.9616e-02,-0.125,-0.025
7.9618e-02,-0.235,-0.34
7.9619e-02,-0.19,-0.005
7.9621e-02,-0.185,-0.35
7.9622e-02,-0.12,0.005
7.9624e-02,-0.105,-0.35
7.9626e-02,-0.17,0
7.9627e-02,-0.105,-0.37
7.9629e-02,-0.07,0.025
7.9630e-02,-0.16,-0.325
7.9632e-02,-0.175,-0.02
7.9634e-02,-0.24,-0.32
7.9635e-02,-0.17,-0.03
7.9637e-02,-0.095,-0.335
7.9638e-02,-0.225,-0.01
7.9640e-02,-0.17,-0.335
7.9642e-02,-0.19,-0.015
7.9643e-02,-0.25,-0.31
7.9645e-02,-0.1,-0.035
7.9646e-02,-0.175,-0.325
7.9648e-02,-0.115,-0.02
7.9650e-02,-0.145,-0.34
7.9651e-02,-0.13,-0.01
7.9653e-02,-0.105,-0.35
7.9654e-02,-0.195,0
7.9656e-02,-0.205,-0.35
7.9658e-02,-0.11,-0.01
7.9659e-02,-0.13,-0.325
7.9661e-02,-0.135,-0.02
7.9662e-02,-0.175,-0.33
7.9664e-02,-0.175,-0.02
7.9666e-02,-0.19,-0.335
7.9667e-02,-0.195,-0.02
7.9669e-02,-0.155,-0.33
7.9670e-02,-0.205,-0.015
7.9672e-02,-0.215,-0.365
7.9674e-02,-0.235,0.01
7.9675e-02,-0.17,-0.32
7.9677e-02,-0.255,-0.025
7.9678e-02,-0.22,-0.34
7.9680e-02,-0.305,-0.015
7.9682e-02,-0.15,-0.34
7.9683e-02,-0.225,-0.01
7.9685e-02,-0.145,-0.345
7.9686e-02,-0.125,-0.005
7.9688e-02,-0.185,-0.34
7.9690e-02,-0.105,-0.01
7.9691e-02,-0.16,-0.34
7.9693e-02,-0.08,-0.01
7.9694e-02,-0.185,-0.315
7.9696e-02,-0.195,-0.035
7.9698e-02,-0.1,-0.34
7.9699e-02,-0.18,-0.015
7.9701e-02,-0.125,-0.325
7.9702e-02,-0.215,-0.025
7.9704e-02,-0.18,-0.345
7.9706e-02,-0.2,-0.01
7.9707e-02,-0.185,-0.34
7.9709e-02,-0.215,-0.01
7.9710e-02,-0.255,-0.34
7.9712e-02,-0.26,-0.01
7.9714e-02,-0.21,-0.315
7.9715e-02,-0.115,-0.035
7.9717e-02,-0.22,-0.325
7.9718e-02,-0.08,-0.025
7.9720e-02,-0.185,-0.315
7.9722e-02,-0.075,-0.03
7.9723e-02,-0.135,-0.34
7.9725e-02,-0.195,-0.01
7.9726e-02,-0.18,-0.34
7.9728e-02,-0.18,-0.02
7.9730e-02,-0.225,-0.325
7.9731e-02,-0.17,-0.03
7.9733e-02,-0.25,-0.34
7.9734e-02,-0.22,-0.015
7.9736e-02,-0.23,-0.34
7.9738e-02,-0.15,-0.015
7.9739e-02,-0.18,-0.345
7.9741e-02,-0.22,0
7.9742e-02,-0.28,-0.33
7.9744e-02,-0.155,-0.025
7.9746e-02,-0.135,-0.34
7.9747e-02,-0.11,-0.015
7.9749e-02,-0.16,-0.315
7.9750e-02,-0.115,-0.045
7.9752e-02,-0.2,-0.35
7.9754e-02,-0.155,-0.01
7.9755e-02,-0.185,-0.32
7.9757e-02,-0.235,-0.025
7.9758e-02,-0.145,-0.36
7.9760e-02,-0.11,0
7.9762e-02,-0.21,-0.34
7.9763e-02,-0.12,-0.02
7.9765e-02,-0.255,-0.335
7.9766e-02,-0.135,-0.025
7.9768e-02,-0.175,-0.33
7.9770e-02,-0.22,-0.025
7.9771e-02,-0.205,-0.325
7.9773e-02,-0.285,-0.025
7.9774e-02,-0.195,-0.325
7.9776e-02,-0.12,-0.03
7.9778e-02,-0.13,-0.345
7.9779e-02,-0.085,-0.01
7.9781e-02,-0.16,-0.32
7.9782e-02,-0.065,-0.03
7.9784e-02,-0.095,-0.325
7.9786e-02,-0.13,-0.035
7.9787e-02,-0.105,-0.33
7.9789e-02,-0.285,-0.03
7.9790e-02,-0.155,-0.34
7.9792e-02,-0.165,-0.015
7.9794e-02,-0.23,-0.32
7.9795e-02,-0.17,-0.035
7.9797e-02,-0.29,-0.33
7.9798e-02,-0.175,-0.03
7.9800e-02,-0.235,-0.33
7.9802e-02,-0.265,-0.03
7.9803e-02,-0.235,-0.33
7.9805e-02,-0.245,-0.03
7.9806e-02,-0.16,-0.335
7.9808e-02,-0.135,-0.015
7.9810e-02,-0.175,-0.325
7.9811e-02,-0.18,-0.035
7.9813e-02,-0.16,-0.325
7.9814e-02,-0.105,-0.035
7.9816e-02,-0.29,-0.325
7.9818e-02,-0.175,-0.025
7.9819e-02,-0.3,-0.33
7.9821e-02,-0.155,-0.03
7.9822e-02,-0.24,-0.315
7.9824e-02,-0.19,-0.04
7.9826e-02,-0.175,-0.32
7.9827e-02,-0.23,-0.035
7.9829e-02,-0.185,-0.325
7.9830e-02,-0.105,-0.035
7.9832e-02,-0.265,-0.345
7.9834e-02,-0.155,-0.01
7.9835e-02,-0.28,-0.335
7.9837e-02,-0.09,-0.015
7.9838e-02,-0.18,-0.365
7.9840e-02,-0.205,0.005
7.9842e-02,-0.18,-0.315
7.9843e-02,-0.145,-0.045
7.9845e-02,-0.085,-0.315
7.9846e-02,-0.11,-0.04
7.9848e-02,-0.12,-0.335
7.9850e-02,-0.185,-0.015
7.9851e-02,-0.2,-0.335
7.9853e-02,-0.15,-0.025
7.9854e-02,-0.125,-0.35
7.9856e-02,-0.195,-0.01
7.9858e-02,-0.24,-0.35
7.9859e-02,-0.145,-0.015
7.9861e-02,-0.175,-0.34
7.9862e-02,-0.13,-0.015
7.9864e-02,-0.26,-0.345
7.9866e-02,-0.105,-0.02
7.9867e-02,-0.19,-0.33
7.9869e-02,-0.135,-0.035
7.9870e-02,-0.18,-0.33
7.9872e-02,-0.19,-0.03
7.9874e-02,-0.145,-0.335
7.9875e-02,-0.145,-0.03
7.9877e-02,-0.105,-0.33
7.9878e-02,-0.115,-0.035
7.9880e-02,-0.215,-0.335
7.9882e-02,-0.195,-0.025
7.9883e-02,-0.135,-0.335
7.9885e-02,-0.14,-0.035
7.9886e-02,-0.185,-0.37
7.9888e-02,-0.255,0.01
7.9890e-02,-0.145,-0.355
7.9891e-02,-0.17,-0.015
7.9893e-02,-0.09,-0.365
7.9894e-02,-0.19,0
7.9896e-02,-0.085,-0.34
7.9898e-02,-0.155,-0.025
7.9899e-02,-0.095,-0.355
7.9901e-02,-0.19,-0.015
7.9902e-02,-0.115,-0.355
7.9904e-02,-0.215,-0.005
7.9906e-02,-0.15,-0.315
7.9907e-02,-0.09,-0.045
7.9909e-02,-0.145,-0.32
7.9910e-02,-0.185,-0.035
7.9912e-02,-0.16,-0.35
7.9914e-02,-0.175,-0.015
7.9915e-02,-0.14,-0.325
7.9917e-02,-0.2,-0.03
7.9918e-02,-0.16,-0.37
7.9920e-02,-0.22,0
7.9922e-02,-0.195,-0.34
7.9923e-02,-0.175,-0.025
7.9925e-02,-0.135,-0.35
7.9926e-02,-0.14,-0.015
7.9928e-02,-0.245,-0.315
7.9930e-02,-0.065,-0.05
7.9931e-02,-0.245,-0.37
7.9933e-02,-0.13,0.01
7.9934e-02,-0.255,-0.34
7.9936e-02,-0.195,-0.025
7.9938e-02,-0.15,-0.335
7.9939e-02,-0.18,-0.025
7.9941e-02,-0.135,-0.36
7.9942e-02,-0.17,-0.005
7.9944e-02,-0.185,-0.345
7.9946e-02,-0.205,-0.015
7.9947e-02,-0.145,-0.35
7.9949e-02,-0.23,-0.015
7.9950e-02,-0.255,-0.37
7.9952e-02,-0.305,0.01
7.9954e-02,-0.21,-0.33
7.9955e-02,-0.21,-0.035
7.9957e-02,-0.155,-0.34
7.9958e-02,-0.23,-0.03
7.9960e-02,-0.19,-0.375
7.9962e-02,-0.15,0.005
7.9963e-02,-0.16,-0.37
7.9965e-02,-0.2,0.01
7.9966e-02,-0.245,-0.37
7.9968e-02,-0.18,0
7.9970e-02,-0.145,-0.325
7.9971e-02,-0.16,-0.035
7.9973e-02,-0.245,-0.36
7.9974e-02,-0.19,0
7.9976e-02,-0.145,-0.38
7.9978e-02,-0.155,0.02
7.9979e-02,-0.19,-0.355
7.9981e-02,-0.225,-0.01
7.9982e-02,-0.28,-0.335
7.9984e-02,-0.12,-0.025
7.9986e-02,-0.205,-0.335
7.9987e-02,-0.11,-0.025
7.9989e-02,-0.22,-0.34
7.9990e-02,-0.21,-0.02
7.9992e-02,-0.125,-0.345
7.9994e-02,-0.16,-0.025
7.9995e-02,-0.145,-0.32
7.9997e-02,-0.23,-0.045
7.9998e-02,-0.175,-0.37
8.0000e-02,-0.135,0
8.0002e-02,-0.1,-0.37
8.0003e-02,-0.155,0.005
8.0005e-02,-0.18,-0.335
8.0006e-02,-0.24,-0.035
8.0008e-02,-0.18,-0.34
8.0010e-02,-0.22,-0.025
8.0011e-02,-0.275,-0.34
8.0013e-02,-0.21,-0.025
8.0014e-02,-0.265,-0.33
8.0016e-02,-0.1,-0.025
8.0018e-02,-0.175,-0.34
8.0019e-02,-0.25,-0.02
8.0021e-02,-0.165,-0.36
8.0022e-02,-0.27,-0.005
8.0024e-02,-0.105,-0.36
8.0026e-02,-0.215,-0.015
8.0027e-02,-0.155,-0.365
8.0029e-02,-0.185,0.005
8.0030e-02,-0.195,-0.37
8.0032e-02,-0.195,0
8.0034e-02,-0.235,-0.34
8.0035e-02,-0.27,-0.025
8.0037e-02,-0.225,-0.325
8.0038e-02,-0.155,-0.045
8.0040e-02,-0.165,-0.32
8.0042e-02,-0.06,-0.05
8.0043e-02,-0.165,-0.34
8.0045e-02,-0.12,-0.035
8.0046e-02,-0.195,-0.375
8.0048e-02,-0.16,0.005
8.0050e-02,-0.125,-0.36
8.0051e-02,-0.235,-0.005
8.0053e-02,-0.235,-0.395
8.0054e-02,-0.29,0.02
8.0056e-02,-0.19,-0.36
8.0058e-02,-0.185,-0.01
8.0059e-02,-0.225,-0.32
8.0061e-02,-0.24,-0.055
8.0062e-02,-0.19,-0.35
8.0064e-02,-0.24,-0.02
8.0066e-02,-0.235,-0.33
8.0067e-02,-0.27,-0.05
8.0069e-02,-0.25,-0.34
8.0070e-02,-0.13,-0.035
8.0072e-02,-0.15,-0.345
8.0074e-02,-0.18,-0.03
8.0075e-02,-0.19,-0.335
8.0077e-02,-0.21,-0.04
8.0078e-02,-0.065,-0.34
8.0080e-02,-0.25,-0.035
8.0082e-02,-0.15,-0.37
8.0083e-02,-0.33,-0.01
8.0085e-02,-0.17,-0.335
8.0086e-02,-0.255,-0.04
8.0088e-02,-0.165,-0.365
8.0090e-02,-0.19,-0.015
8.0091e-02,-0.25,-0.33
8.0093e-02,-0.125,-0.045
8.0094e-02,-0.17,-0.335
8.0096e-02,-0.15,-0.045
8.0098e-02,-0.135,-0.365
8.0099e-02,-0.215,-0.015
8.0101e-02,-0.115,-0.38
8.0102e-02,-0.18,0
8.0104e-02,-0.12,-0.335
8.0106e-02,-0.18,-0.04
8.0107e-02,-0.165,-0.355
8.0109e-02,-0.19,-0.025
8.0110e-02,-0.165,-0.335
8.0112e-02,-0.255,-0.04
8.0114e-02,-0.255,-0.345
8.0115e-02,-0.25,-0.02
8.0117e-02,-0.18,-0.34
8.0118e-02,-0.225,-0.045
8.0120e-02,-0.165,-0.345
8.0122e-02,-0.195,-0.03
8.0123e-02,-0.145,-0.345
8.0125e-02,-0.125,-0.03
8.0126e-02,-0.205,-0.32
8.0128e-02,-0.22,-0.055
8.0130e-02,-0.22,-0.345
8.0131e-02,-0.135,-0.035
8.0133e-02,-0.14,-0.345
8.0134e-02,-0.195,-0.03
8.0136e-02,-0.265,-0.345
8.0138e-02,-0.255,-0.03
8.0139e-02,-0.195,-0.345
8.0141e-02,-0.21,-0.035
8.0142e-02,-0.19,-0.315
8.0144e-02,-0.215,-0.055
8.0146e-02,-0.225,-0.335
8.0147e-02,-0.16,-0.03
8.0149e-02,-0.155,-0.35
8.0150e-02,-0.17,-0.03
8.0152e-02,-0.17,-0.355
8.0154e-02,-0.255,-0.02
8.0155e-02,-0.105,-0.35
8.0157e-02,-0.12,-0.02
8.0158e-02,-0.1,-0.355
8.0160e-02,-0.185,-0.015
8.0162e-02,-0.165,-0.36
8.0163e-02,-0.16,-0.02
8.0165e-02,-0.13,-0.325
8.0166e-02,-0.18,-0.05
8.0168e-02,-0.205,-0.345
8.0170e-02,-0.2,-0.025
8.0171e-02,-0.25,-0.36
8.0173e-02,-0.18,-0.015
8.0174e-02,-0.305,-0.325
8.0176e-02,-0.215,-0.045
8.0178e-02,-0.23,-0.34
8.0179e-02,-0.15,-0.035
8.0181e-02,-0.1,-0.33
8.0182e-02,-0.195,-0.045
8.0184e-02,-0.105,-0.34
8.0186e-02,-0.105,-0.035
8.0187e-02,-0.1,-0.34
8.0189e-02,-0.105,-0.035
8.0190e-02,-0.2,-0.385
8.0192e-02,-0.19,0.015
8.0194e-02,-0.22,-0.385
8.0195e-02,-0.16,0.01
8.0197e-02,-0.205,-0.355
8.0198e-02,-0.21,-0.015
8.0200e-02,-0.235,-0.345
8.0202e-02,-0.19,-0.035
8.0203e-02,-0.115,-0.355
8.0205e-02,-0.27,-0.02
8.0206e-02,-0.155,-0.335
8.0208e-02,-0.285,-0.04
8.0210e-02,-0.11,-0.355
8.0211e-02,-0.19,-0.02
8.0213e-02,-0.11,-0.34
8.0214e-02,-0.205,-0.045
8.0216e-02,-0.15,-0.34
8.0218e-02,-0.115,-0.035
8.0219e-02,-0.205,-0.325
8.0221e-02,-0.125,-0.05
8.0222e-02,-0.26,-0.34
8.0224e-02,-0.185,-0.04
8.0226e-02,-0.245,-0.355
8.0227e-02,-0.235,-0.015
8.0229e-02,-0.23,-0.34
8.0230e-02,-0.205,-0.035
8.0232e-02,-0.17,-0.345
8.0234e-02,-0.175,-0.035
8.0235e-02,-0.23,-0.355
8.0237e-02,-0.18,-0.03
8.0238e-02,-0.13,-0.335
8.0240e-02,-0.09,-0.045
8.0242e-02,-0.13,-0.355
8.0243e-02,-0.25,-0.03
8.0245e-02,-0.265,-0.32
8.0246e-02,-0.195,-0.055
8.0248e-02,-0.19,-0.345
8.0250e-02,-0.11,-0.035
8.0251e-02,-0.16,-0.35
8.0253e-02,-0.21,-0.03
8.0254e-02,-0.21,-0.37
8.0256e-02,-0.15,-0.01
8.0258e-02,-0.235,-0.365
8.0259e-02,-0.165,-0.025
8.0261e-02,-0.345,-0.365
8.0262e-02,-0.16,-0.015
8.0264e-02,-0.195,-0.355
8.0266e-02,-0.155,-0.035
8.0267e-02,-0.24,-0.38
8.0269e-02,-0.245,0
8.0270e-02,-0.185,-0.34
8.0272e-02,-0.105,-0.045
8.0274e-02,-0.17,-0.34
8.0275e-02,-0.2,-0.045
8.0277e-02,-0.2,-0.36
8.0278e-02,-0.22,-0.03
8.0280e-02,-0.14,-0.345
8.0282e-02,-0.265,-0.045
8.0283e-02,-0.19,-0.34
8.0285e-02,-0.23,-0.035
8.0286e-02,-0.115,-0.35
8.0288e-02,-0.17,-0.03
8.0290e-02,-0.165,-0.345
8.0291e-02,-0.17,-0.03
8.0293e-02,-0.11,-0.38
8.0294e-02,-0.095,0
8.0296e-02,-0.16,-0.375
8.0298e-02,-0.245,-0.01
8.0299e-02,-0.225,-0.33
8.0301e-02,-0.195,-0.06
8.0302e-02,-0.145,-0.335
8.0304e-02,-0.125,-0.05
8.0306e-02,-0.165,-0.34
8.0307e-02,-0.215,-0.045
8.0309e-02,-0.235,-0.355
8.0310e-02,-0.27,-0.03
8.0312e-02,-0.17,-0.335
8.0314e-02,-0.21,-0.05
8.0315e-02,-0.14,-0.345
8.0317e-02,-0.12,-0.04
8.0318e-02,-0.17,-0.34
8.0320e-02,-0.16,-0.04
8.0322e-02,-0.26,-0.335
8.0323e-02,-0.2,-0.04
8.0325e-02,-0.195,-0.335
8.0326e-02,-0.21,-0.05
8.0328e-02,-0.145,-0.355
8.0330e-02,-0.245,-0.03
8.0331e-02,-0.18,-0.385
8.0333e-02,-0.255,-0.005
8.0334e-02,-0.21,-0.34
8.0336e-02,-0.255,-0.035
8.0338e-02,-0.18,-0.34
8.0339e-02,-0.26,-0.04
8.0341e-02,-0.14,-0.36
8.0342e-02,-0.2,-0.025
8.0344e-02,-0.125,-0.36
8.0346e-02,-0.245,-0.015
8.0347e-02,-0.24,-0.33
8.0349e-02,-0.195,-0.045
8.0350e-02,-0.19,-0.375
8.0352e-02,-0.125,-0.005
8.0354e-02,-0.235,-0.355
8.0355e-02,-0.16,-0.02
8.0357e-02,-0.16,-0.35
8.0358e-02,-0.18,-0.03
8.0360e-02,-0.15,-0.355
8.0362e-02,-0.27,-0.03
8.0363e-02,-0.22,-0.365
8.0365e-02,-0.165,-0.03
8.0366e-02,-0.16,-0.385
8.0368e-02,-0.13,0
8.0370e-02,-0.22,-0.35
8.0371e-02,-0.16,-0.03
8.0373e-02,-0.135,-0.375
8.0374e-02,-0.135,-0.01
8.0376e-02,-0.215,-0.34
8.0378e-02,-0.21,-0.045
8.0379e-02,-0.18,-0.36
8.0381e-02,-0.155,-0.03
8.0382e-02,-0.14,-0.335
8.0384e-02,-0.29,-0.05
8.0386e-02,-0.18,-0.335
8.0387e-02,-0.235,-0.055
8.0389e-02,-0.175,-0.375
8.0390e-02,-0.245,-0.015
8.0392e-02,-0.245,-0.345
8.0394e-02,-0.175,-0.05
8.0395e-02,-0.145,-0.345
8.0397e-02,-0.1,-0.035
8.0398e-02,-0.145,-0.345
8.0400e-02,-0.195,-0.045
8.0402e-02,-0.195,-0.365
8.0403e-02,-0.17,-0.025
8.0405e-02,-0.13,-0.34
8.0406e-02,-0.165,-0.045
8.0408e-02,-0.19,-0.33
8.0410e-02,-0.18,-0.06
8.0411e-02,-0.1,-0.365
8.0413e-02,-0.175,-0.025
8.0414e-02,-0.205,-0.35
8.0416e-02,-0.175,-0.045
8.0418e-02,-0.135,-0.395
8.0419e-02,-0.105,0
8.0421e-02,-0.16,-0.375
8.0422e-02,-0.23,-0.02
8.0424e-02,-0.15,-0.35
8.0426e-02,-0.155,-0.045
8.0427e-02,-0.095,-0.375
8.0429e-02,-0.165,-0.02
8.0430e-02,-0.09,-0.335
8.0432e-02,-0.24,-0.055
8.0434e-02,-0.18,-0.34
8.0435e-02,-0.275,-0.05
8.0437e-02,-0.145,-0.34
8.0438e-02,-0.245,-0.055
8.0440e-02,-0.12,-0.35
8.0442e-02,-0.165,-0.04
8.0443e-02,-0.045,-0.365
8.0445e-02,-0.19,-0.025
8.0446e-02,-0.13,-0.36
8.0448e-02,-0.225,-0.035
8.0450e-02,-0.145,-0.365
8.0451e-02,-0.185,-0.03
8.0453e-02,-0.21,-0.365
8.0454e-02,-0.23,-0.025
8.0456e-02,-0.18,-0.35
8.0458e-02,-0.165,-0.05
8.0459e-02,-0.135,-0.375
8.0461e-02,-0.19,-0.025
8.0462e-02,-0.195,-0.35
8.0464e-02,-0.23,-0.035
8.0466e-02,-0.185,-0.35
8.0467e-02,-0.26,-0.04
8.0469e-02,-0.17,-0.35
8.0470e-02,-0.23,-0.04
8.0472e-02,-0.225,-0.355
8.0474e-02,-0.155,-0.035
8.0475e-02,-0.185,-0.38
8.0477e-02,-0.17,-0.01
8.0478e-02,-0.28,-0.365
8.0480e-02,-0.24,-0.03
8.0482e-02,-0.23,-0.35
8.0483e-02,-0.175,-0.035
8.0485e-02,-0.21,-0.345
8.0486e-02,-0.19,-0.045
8.0488e-02,-0.21,-0.375
8.0490e-02,-0.17,-0.015
8.0491e-02,-0.175,-0.365
8.0493e-02,-0.15,-0.025
8.0494e-02,-0.215,-0.345
8.0496e-02,-0.12,-0.04
8.0498e-02,-0.1,-0.355
8.0499e-02,-0.14,-0.04
8.0501e-02,-0.19,-0.34
8.0502e-02,-0.21,-0.05
8.0504e-02,-0.2,-0.335
8.0506e-02,-0.18,-0.05
8.0507e-02,-0.255,-0.34
8.0509e-02,-0.205,-0.05
8.0510e-02,-0.21,-0.355
8.0512e-02,-0.195,-0.03
8.0514e-02,-0.22,-0.335
8.0515e-02,-0.25,-0.05
8.0517e-02,-0.15,-0.345
8.0518e-02,-0.225,-0.045
8.0520e-02,-0.17,-0.355
8.0522e-02,-0.16,-0.04
8.0523e-02,-0.12,-0.345
8.0525e-02,-0.26,-0.045
8.0526e-02,-0.19,-0.345
8.0528e-02,-0.16,-0.05
8.0530e-02,-0.15,-0.36
8.0531e-02,-0.155,-0.035
8.0533e-02,-0.295,-0.345
8.0534e-02,-0.21,-0.04
8.0536e-02,-0.19,-0.34
8.0538e-02,-0.225,-0.05
8.0539e-02,-0.14,-0.335
8.0541e-02,-0.185,-0.055
8.0542e-02,-0.115,-0.375
8.0544e-02,-0.135,-0.015
8.0546e-02,-0.205,-0.355
8.0547e-02,-0.235,-0.03
8.0549e-02,-0.295,-0.355
8.0550e-02,-0.265,-0.045
8.0552e-02,-0.165,-0.35
8.0554e-02,-0.195,-0.05
8.0555e-02,-0.24,-0.35
8.0557e-02,-0.12,-0.05
8.0558e-02,-0.22,-0.345
8.0560e-02,-0.145,-0.055
8.0562e-02,-0.175,-0.36
8.0563e-02,-0.225,-0.035
8.0565e-02,-0.17,-0.34
8.0566e-02,-0.2,-0.055
8.0568e-02,-0.13,-0.345
8.0570e-02,-0.105,-0.05
8.0571e-02,-0.19,-0.355
8.0573e-02,-0.21,-0.045
8.0574e-02,-0.235,-0.35
8.0576e-02,-0.17,-0.055
8.0578e-02,-0.31,-0.355
8.0579e-02,-0.23,-0.05
8.0581e-02,-0.275,-0.33
8.0582e-02,-0.24,-0.065
8.0584e-02,-0.23,-0.355
8.0586e-02,-0.2,-0.055
8.0587e-02,-0.305,-0.33
8.0589e-02,-0.155,-0.08
8.0590e-02,-0.14,-0.355
8.0592e-02,-0.11,-0.05
8.0594e-02,-0.12,-0.355
8.0595e-02,-0.275,-0.05
8.0597e-02,-0.255,-0.345
8.0598e-02,-0.255,-0.06
8.0600e-02,-0.23,-0.36
8.0602e-02,-0.315,-0.045
8.0603e-02,-0.185,-0.36
8.0605e-02,-0.14,-0.04
8.0606e-02,-0.16,-0.34
8.0608e-02,-0.15,-0.06
8.0610e-02,-0.26,-0.34
8.0611e-02,-0.27,-0.06
8.0613e-02,-0.275,-0.365
8.0614e-02,-0.11,-0.045
8.0616e-02,-0.105,-0.405
8.0618e-02,-0.245,-0.005
8.0619e-02,-0.205,-0.375
8.0621e-02,-0.24,-0.025
8.0622e-02,-0.235,-0.35
8.0624e-02,-0.22,-0.055
8.0626e-02,-0.175,-0.35
8.0627e-02,-0.215,-0.06
8.0629e-02,-0.195,-0.355
8.0630e-02,-0.17,-0.045
8.0632e-02,-0.19,-0.355
8.0634e-02,-0.22,-0.045
8.0635e-02,-0.205,-0.355
8.0637e-02,-0.235,-0.05
8.0638e-02,-0.14,-0.34
8.0640e-02,-0.185,-0.065
8.0642e-02,-0.155,-0.365
8.0643e-02,-0.28,-0.035
8.0645e-02,-0.115,-0.355
8.0646e-02,-0.185,-0.045
8.0648e-02,-0.255,-0.345
8.0650e-02,-0.245,-0.055
8.0651e-02,-0.19,-0.36
8.0653e-02,-0.225,-0.045
8.0654e-02,-0.205,-0.35
8.0656e-02,-0.23,-0.045
8.0658e-02,-0.25,-0.39
8.0659e-02,-0.28,-0.015
8.0661e-02,-0.135,-0.365
8.0662e-02,-0.2,-0.03
8.0664e-02,-0.215,-0.35
8.0666e-02,-0.28,-0.05
8.0667e-02,-0.215,-0.345
8.0669e-02,-0.25,-0.06
8.0670e-02,-0.225,-0.35
8.0672e-02,-0.22,-0.045
8.0674e-02,-0.26,-0.375
8.0675e-02,-0.255,-0.02
8.0677e-02,-0.24,-0.355
8.0678e-02,-0.21,-0.045
8.0680e-02,-0.26,-0.35
8.0682e-02,-0.22,-0.05
8.0683e-02,-0.26,-0.34
8.0685e-02,-0.26,-0.06
8.0686e-02,-0.205,-0.35
8.0688e-02,-0.2,-0.045
8.0690e-02,-0.315,-0.365
8.0691e-02,-0.185,-0.035
8.0693e-02,-0.22,-0.37
8.0694e-02,-0.255,-0.03
8.0696e-02,-0.265,-0.355
8.0698e-02,-0.235,-0.05
8.0699e-02,-0.24,-0.35
8.0701e-02,-0.23,-0.055
8.0702e-02,-0.15,-0.365
8.0704e-02,-0.225,-0.035
8.0706e-02,-0.25,-0.35
8.0707e-02,-0.115,-0.055
8.0709e-02,-0.2,-0.365
8.0710e-02,-0.2,-0.035
8.0712e-02,-0.23,-0.37
8.0714e-02,-0.23,-0.03
8.0715e-02,-0.16,-0.355
8.0717e-02,-0.12,-0.04
8.0718e-02,-0.145,-0.345
8.0720e-02,-0.235,-0.055
8.0722e-02,-0.185,-0.36
8.0723e-02,-0.17,-0.04
8.0725e-02,-0.155,-0.37
8.0726e-02,-0.185,-0.035
8.0728e-02,-0.215,-0.39
8.0730e-02,-0.255,-0.015
8.0731e-02,-0.16,-0.37
8.0733e-02,-0.21,-0.03
8.0734e-02,-0.27,-0.36
8.0736e-02,-0.2,-0.04
8.0738e-02,-0.28,-0.35
8.0739e-02,-0.285,-0.055
8.0741e-02,-0.255,-0.355
8.0742e-02,-0.2,-0.04
8.0744e-02,-0.265,-0.365
8.0746e-02,-0.215,-0.04
8.0747e-02,-0.155,-0.375
8.0749e-02,-0.175,-0.025
8.0750e-02,-0.165,-0.375
8.0752e-02,-0.24,-0.03
8.0754e-02,-0.205,-0.36
8.0755e-02,-0.15,-0.045
8.0757e-02,-0.215,-0.37
8.0758e-02,-0.185,-0.04
8.0760e-02,-0.19,-0.38
8.0762e-02,-0.135,-0.03
8.0763e-02,-0.155,-0.36
8.0765e-02,-0.135,-0.05
8.0766e-02,-0.175,-0.365
8.0768e-02,-0.18,-0.045
8.0770e-02,-0.165,-0.38
8.0771e-02,-0.195,-0.025
8.0773e-02,-0.235,-0.38
8.0774e-02,-0.185,-0.035
8.0776e-02,-0.275,-0.35
8.0778e-02,-0.3,-0.06
8.0779e-02,-0.19,-0.395
8.0781e-02,-0.24,-0.015
8.0782e-02,-0.27,-0.375
8.0784e-02,-0.25,-0.035
8.0786e-02,-0.27,-0.37
8.0787e-02,-0.22,-0.03
8.0789e-02,-0.235,-0.385
8.0790e-02,-0.21,-0.035
8.0792e-02,-0.31,-0.38
8.0794e-02,-0.16,-0.025
8.0795e-02,-0.175,-0.405
8.0797e-02,-0.155,-0.005
8.0798e-02,-0.15,-0.36
8.0800e-02,-0.235,-0.045
8.0802e-02,-0.155,-0.36
8.0803e-02,-0.17,-0.045
8.0805e-02,-0.15,-0.35
8.0806e-02,-0.26,-0.06
8.0808e-02,-0.135,-0.35
8.0810e-02,-0.155,-0.06
8.0811e-02,-0.165,-0.35
8.0813e-02,-0.215,-0.05
8.0814e-02,-0.25,-0.365
8.0816e-02,-0.28,-0.04
8.0818e-02,-0.255,-0.38
8.0819e-02,-0.22,-0.03
8.0821e-02,-0.305,-0.385
8.0822e-02,-0.205,-0.02
8.0824e-02,-0.24,-0.35
8.0826e-02,-0.185,-0.065
8.0827e-02,-0.125,-0.37
8.0829e-02,-0.175,-0.04
8.0830e-02,-0.16,-0.36
8.0832e-02,-0.14,-0.05
8.0834e-02,-0.12,-0.39
8.0835e-02,-0.135,-0.025
8.0837e-02,-0.14,-0.355
8.0838e-02,-0.16,-0.05
8.0840e-02,-0.22,-0.35
8.0842e-02,-0.18,-0.065
8.0843e-02,-0.155,-0.355
8.0845e-02,-0.215,-0.055
8.0846e-02,-0.21,-0.385
8.0848e-02,-0.23,-0.03
8.0850e-02,-0.16,-0.355
8.0851e-02,-0.15,-0.055
8.0853e-02,-0.145,-0.355
8.0854e-02,-0.19,-0.05
8.0856e-02,-0.125,-0.36
8.0858e-02,-0.24,-0.05
8.0859e-02,-0.12,-0.37
8.0861e-02,-0.23,-0.04
8.0862e-02,-0.245,-0.365
8.0864e-02,-0.255,-0.04
8.0866e-02,-0.135,-0.37
8.0867e-02,-0.22,-0.04
8.0869e-02,-0.18,-0.365
8.0870e-02,-0.245,-0.04
8.0872e-02,-0.22,-0.35
8.0874e-02,-0.125,-0.06
8.0875e-02,-0.135,-0.36
8.0877e-02,-0.235,-0.05
8.0878e-02,-0.25,-0.355
8.0880e-02,-0.265,-0.055
8.0882e-02,-0.27,-0.35
8.0883e-02,-0.195,-0.055
8.0885e-02,-0.29,-0.365
8.0886e-02,-0.28,-0.045
8.0888e-02,-0.21,-0.355
8.0890e-02,-0.15,-0.055
8.0891e-02,-0.165,-0.36
8.0893e-02,-0.205,-0.05
8.0894e-02,-0.19,-0.365
8.0896e-02,-0.29,-0.045
8.0898e-02,-0.1,-0.35
8.0899e-02,-0.255,-0.065
8.0901e-02,-0.19,-0.355
8.0902e-02,-0.255,-0.055
8.0904e-02,-0.17,-0.405
8.0906e-02,-0.25,-0.015
8.0907e-02,-0.16,-0.365
8.0909e-02,-0.295,-0.045
8.0910e-02,-0.24,-0.395
8.0912e-02,-0.175,-0.015
8.0914e-02,-0.15,-0.37
8.0915e-02,-0.25,-0.04
8.0917e-02,-0.115,-0.37
8.0918e-02,-0.295,-0.04
8.0920e-02,-0.085,-0.355
8.0922e-02,-0.2,-0.06
8.0923e-02,-0.245,-0.36
8.0925e-02,-0.185,-0.055
8.0926e-02,-0.22,-0.355
8.0928e-02,-0.19,-0.055
8.0930e-02,-0.19,-0.355
8.0931e-02,-0.25,-0.055
8.0933e-02,-0.31,-0.385
8.0934e-02,-0.2,-0.025
8.0936e-02,-0.2,-0.37
8.0938e-02,-0.21,-0.045
8.0939e-02,-0.15,-0.37
8.0941e-02,-0.28,-0.045
8.0942e-02,-0.215,-0.365
8.0944e-02,-0.11,-0.045
8.0946e-02,-0.23,-0.355
8.0947e-02,-0.17,-0.06
8.0949e-02,-0.21,-0.365
8.0950e-02,-0.13,-0.045
8.0952e-02,-0.1,-0.345
8.0954e-02,-0.115,-0.065
8.0955e-02,-0.24,-0.35
8.0957e-02,-0.21,-0.065
8.0958e-02,-0.215,-0.39
8.0960e-02,-0.27,-0.03
8.0962e-02,-0.195,-0.365
8.0963e-02,-0.375,-0.055
8.0965e-02,-0.235,-0.385
8.0966e-02,-0.26,-0.025
8.0968e-02,-0.205,-0.36
8.0970e-02,-0.205,-0.05
8.0971e-02,-0.185,-0.385
8.0973e-02,-0.23,-0.035
8.0974e-02,-0.2,-0.37
8.0976e-02,-0.195,-0.05
8.0978e-02,-0.27,-0.355
8.0979e-02,-0.205,-0.06
8.0981e-02,-0.205,-0.365
8.0982e-02,-0.18,-0.055
8.0984e-02,-0.165,-0.37
8.0986e-02,-0.22,-0.055
8.0987e-02,-0.3,-0.38
8.0989e-02,-0.13,-0.04
8.0990e-02,-0.165,-0.34
8.0992e-02,-0.1,-0.075
8.0994e-02,-0.195,-0.355
8.0995e-02,-0.2,-0.055
8.0997e-02,-0.285,-0.38
8.0998e-02,-0.13,-0.03
8.1000e-02,-0.135,-0.405
8.1002e-02,-0.225,-0.015
8.1003e-02,-0.185,-0.34
8.1005e-02,-0.17,-0.075
8.1006e-02,-0.2,-0.37
8.1008e-02,-0.175,-0.05
8.1010e-02,-0.305,-0.365
8.1011e-02,-0.24,-0.055
8.1013e-02,-0.23,-0.415
8.1014e-02,-0.115,-0.01
8.1016e-02,-0.285,-0.39
8.1018e-02,-0.12,-0.03
8.1019e-02,-0.285,-0.375
8.1021e-02,-0.21,-0.045
8.1022e-02,-0.2,-0.365
8.1024e-02,-0.28,-0.06
8.1026e-02,-0.315,-0.35
8.1027e-02,-0.24,-0.07
8.1029e-02,-0.175,-0.35
8.1030e-02,-0.185,-0.07
8.1032e-02,-0.155,-0.35
8.1034e-02,-0.21,-0.075
8.1035e-02,-0.2,-0.375
8.1037e-02,-0.165,-0.045
8.1038e-02,-0.18,-0.36
8.1040e-02,-0.28,-0.06
8.1042e-02,-0.25,-0.355
8.1043e-02,-0.245,-0.065
8.1045e-02,-0.215,-0.385
8.1046e-02,-0.195,-0.035
8.1048e-02,-0.135,-0.34
8.1050e-02,-0.165,-0.075
8.1051e-02,-0.21,-0.365
8.1053e-02,-0.19,-0.05
8.1054e-02,-0.265,-0.355
8.1056e-02,-0.175,-0.07
8.1058e-02,-0.22,-0.345
8.1059e-02,-0.25,-0.07
8.1061e-02,-0.21,-0.365
8.1062e-02,-0.16,-0.055
8.1064e-02,-0.19,-0.365
8.1066e-02,-0.255,-0.055
8.1067e-02,-0.185,-0.36
8.1069e-02,-0.195,-0.055
8.1070e-02,-0.105,-0.355
8.1072e-02,-0.15,-0.06
8.1074e-02,-0.205,-0.365
8.1075e-02,-0.165,-0.055
8.1077e-02,-0.15,-0.35
8.1078e-02,-0.295,-0.075
8.1080e-02,-0.235,-0.36
8.1082e-02,-0.26,-0.06
8.1083e-02,-0.145,-0.355
8.1085e-02,-0.245,-0.06
8.1086e-02,-0.165,-0.36
8.1088e-02,-0.28,-0.06
8.1090e-02,-0.16,-0.38
8.1091e-02,-0.19,-0.05
8.1093e-02,-0.12,-0.34
8.1094e-02,-0.175,-0.075
8.1096e-02,-0.12,-0.37
8.1098e-02,-0.29,-0.05
8.1099e-02,-0.23,-0.355
8.1101e-02,-0.21,-0.06
8.1102e-02,-0.145,-0.36
8.1104e-02,-0.19,-0.065
8.1106e-02,-0.195,-0.37
8.1107e-02,-0.24,-0.05
8.1109e-02,-0.23,-0.41
8.1110e-02,-0.16,-0.01
8.1112e-02,-0.26,-0.375
8.1114e-02,-0.19,-0.045
8.1115e-02,-0.15,-0.355
8.1117e-02,-0.17,-0.06
8.1118e-02,-0.2,-0.345
8.1120e-02,-0.24,-0.07
8.1122e-02,-0.34,-0.365
8.1123e-02,-0.215,-0.05
8.1125e-02,-0.255,-0.355
8.1126e-02,-0.275,-0.06
8.1128e-02,-0.24,-0.38
8.1130e-02,-0.14,-0.035
8.1131e-02,-0.235,-0.38
8.1133e-02,-0.12,-0.035
8.1134e-02,-0.235,-0.365
8.1136e-02,-0.195,-0.05
8.1138e-02,-0.31,-0.345
8.1139e-02,-0.175,-0.07
8.1141e-02,-0.26,-0.365
8.1142e-02,-0.145,-0.055
8.1144e-02,-0.255,-0.385
8.1146e-02,-0.26,-0.035
8.1147e-02,-0.125,-0.355
8.1149e-02,-0.185,-0.065
8.1150e-02,-0.125,-0.395
8.1152e-02,-0.19,-0.035
8.1154e-02,-0.21,-0.36
8.1155e-02,-0.265,-0.06
8.1157e-02,-0.23,-0.37
8.1158e-02,-0.265,-0.055
8.1160e-02,-0.225,-0.35
8.1162e-02,-0.175,-0.065
8.1163e-02,-0.18,-0.36
8.1165e-02,-0.115,-0.06
8.1166e-02,-0.18,-0.36
8.1168e-02,-0.275,-0.055
8.1170e-02,-0.175,-0.36
8.1171e-02,-0.13,-0.07
8.1173e-02,-0.175,-0.365
8.1174e-02,-0.14,-0.06
8.1176e-02,-0.305,-0.37
8.1178e-02,-0.255,-0.05
8.1179e-02,-0.26,-0.37
8.1181e-02,-0.255,-0.065
8.1182e-02,-0.19,-0.375
8.1184e-02,-0.13,-0.055
8.1186e-02,-0.22,-0.385
8.1187e-02,-0.19,-0.045
8.1189e-02,-0.21,-0.36
8.1190e-02,-0.26,-0.06
8.1192e-02,-0.2,-0.35
8.1194e-02,-0.25,-0.075
8.1195e-02,-0.135,-0.38
8.1197e-02,-0.17,-0.055
8.1198e-02,-0.205,-0.375
8.1200e-02,-0.25,-0.055
8.1202e-02,-0.23,-0.37
8.1203e-02,-0.23,-0.055
8.1205e-02,-0.21,-0.37
8.1206e-02,-0.165,-0.065
8.1208e-02,-0.24,-0.38
8.1210e-02,-0.16,-0.05
8.1211e-02,-0.195,-0.35
8.1213e-02,-0.215,-0.075
8.1214e-02,-0.145,-0.35
8.1216e-02,-0.265,-0.075
8.1218e-02,-0.19,-0.355
8.1219e-02,-0.27,-0.08
8.1221e-02,-0.255,-0.375
8.1222e-02,-0.265,-0.055
8.1224e-02,-0.195,-0.37
8.1226e-02,-0.155,-0.06
8.1227e-02,-0.12,-0.365
8.1229e-02,-0.255,-0.055
8.1230e-02,-0.21,-0.37
8.1232e-02,-0.335,-0.055
8.1234e-02,-0.245,-0.355
8.1235e-02,-0.24,-0.08
8.1237e-02,-0.15,-0.35
8.1238e-02,-0.2,-0.08
8.1240e-02,-0.165,-0.375
8.1242e-02,-0.215,-0.05
8.1243e-02,-0.145,-0.375
8.1245e-02,-0.235,-0.06
8.1246e-02,-0.21,-0.375
8.1248e-02,-0.28,-0.05
8.1250e-02,-0.165,-0.345
8.1251e-02,-0.24,-0.08
8.1253e-02,-0.23,-0.355
8.1254e-02,-0.25,-0.075
8.1256e-02,-0.26,-0.355
8.1258e-02,-0.26,-0.07
8.1259e-02,-0.105,-0.395
8.1261e-02,-0.135,-0.035
8.1262e-02,-0.2,-0.39
8.1264e-02,-0.17,-0.035
8.1266e-02,-0.27,-0.36
8.1267e-02,-0.17,-0.065
8.1269e-02,-0.25,-0.38
8.1270e-02,-0.265,-0.045
8.1272e-02,-0.275,-0.355
8.1274e-02,-0.23,-0.065
8.1275e-02,-0.25,-0.375
8.1277e-02,-0.23,-0.055
8.1278e-02,-0.155,-0.37
8.1280e-02,-0.245,-0.065
8.1282e-02,-0.155,-0.365
8.1283e-02,-0.22,-0.055
8.1285e-02,-0.24,-0.35
8.1286e-02,-0.315,-0.075
8.1288e-02,-0.23,-0.375
8.1290e-02,-0.275,-0.05
8.1291e-02,-0.2,-0.375
8.1293e-02,-0.25,-0.045
8.1294e-02,-0.185,-0.365
8.1296e-02,-0.27,-0.06
8.1298e-02,-0.16,-0.43
8.1299e-02,-0.21,-0.005
8.1301e-02,-0.22,-0.385
8.1302e-02,-0.225,-0.035
8.1304e-02,-0.25,-0.4
8.1306e-02,-0.165,-0.03
8.1307e-02,-0.185,-0.365
8.1309e-02,-0.165,-0.06
8.1310e-02,-0.27,-0.375
8.1312e-02,-0.17,-0.05
8.1314e-02,-0.165,-0.39
8.1315e-02,-0.165,-0.04
8.1317e-02,-0.225,-0.355
8.1318e-02,-0.19,-0.07
8.1320e-02,-0.195,-0.37
8.1322e-02,-0.18,-0.06
8.1323e-02,-0.105,-0.355
8.1325e-02,-0.23,-0.075
8.1326e-02,-0.26,-0.37
8.1328e-02,-0.265,-0.055
8.1330e-02,-0.225,-0.375
8.1331e-02,-0.27,-0.055
8.1333e-02,-0.265,-0.37
8.1334e-02,-0.28,-0.055
8.1336e-02,-0.245,-0.395
8.1338e-02,-0.18,-0.025
8.1339e-02,-0.155,-0.385
8.1341e-02,-0.21,-0.035
8.1342e-02,-0.165,-0.365
8.1344e-02,-0.21,-0.06
8.1346e-02,-0.19,-0.375
8.1347e-02,-0.215,-0.06
8.1349e-02,-0.3,-0.355
8.1350e-02,-0.33,-0.075
8.1352e-02,-0.19,-0.365
8.1354e-02,-0.17,-0.065
8.1355e-02,-0.165,-0.355
8.1357e-02,-0.165,-0.07
8.1358e-02,-0.12,-0.36
8.1360e-02,-0.225,-0.075
8.1362e-02,-0.18,-0.355
8.1363e-02,-0.17,-0.075
8.1365e-02,-0.25,-0.36
8.1366e-02,-0.235,-0.075
8.1368e-02,-0.305,-0.385
8.1370e-02,-0.24,-0.05
8.1371e-02,-0.235,-0.38
8.1373e-02,-0.21,-0.055
8.1374e-02,-0.275,-0.355
8.1376e-02,-0.145,-0.085
8.1378e-02,-0.125,-0.385
8.1379e-02,-0.21,-0.05
8.1381e-02,-0.17,-0.395
8.1382e-02,-0.26,-0.04
8.1384e-02,-0.23,-0.38
8.1386e-02,-0.295,-0.055
8.1387e-02,-0.185,-0.37
8.1389e-02,-0.325,-0.065
8.1390e-02,-0.25,-0.36
8.1392e-02,-0.245,-0.085
8.1394e-02,-0.23,-0.395
8.1395e-02,-0.24,-0.045
8.1397e-02,-0.275,-0.375
8.1398e-02,-0.265,-0.065
8.1400e-02,-0.22,-0.345
8.1402e-02,-0.155,-0.095
8.1403e-02,-0.225,-0.355
8.1405e-02,-0.24,-0.09
8.1406e-02,-0.215,-0.37
8.1408e-02,-0.19,-0.075
8.1410e-02,-0.21,-0.365
8.1411e-02,-0.18,-0.08
8.1413e-02,-0.21,-0.375
8.1414e-02,-0.245,-0.07
8.1416e-02,-0.22,-0.385
8.1418e-02,-0.15,-0.05
8.1419e-02,-0.28,-0.36
8.1421e-02,-0.195,-0.08
8.1422e-02,-0.245,-0.36
8.1424e-02,-0.16,-0.08
8.1426e-02,-0.19,-0.37
8.1427e-02,-0.18,-0.075
8.1429e-02,-0.205,-0.365
8.1430e-02,-0.225,-0.07
8.1432e-02,-0.09,-0.395
8.1434e-02,-0.205,-0.045
8.1435e-02,-0.175,-0.37
8.1437e-02,-0.27,-0.07
8.1438e-02,-0.28,-0.37
8.1440e-02,-0.26,-0.06
8.1442e-02,-0.235,-0.37
8.1443e-02,-0.265,-0.065
8.1445e-02,-0.22,-0.36
8.1446e-02,-0.1,-0.08
8.1448e-02,-0.215,-0.36
8.1450e-02,-0.105,-0.08
8.1451e-02,-0.22,-0.38
8.1453e-02,-0.25,-0.055
8.1454e-02,-0.285,-0.37
8.1456e-02,-0.195,-0.065
8.1458e-02,-0.265,-0.36
8.1459e-02,-0.21,-0.075
8.1461e-02,-0.235,-0.36
8.1462e-02,-0.24,-0.075
8.1464e-02,-0.14,-0.395
8.1466e-02,-0.24,-0.04
8.1467e-02,-0.22,-0.38
8.1469e-02,-0.32,-0.045
8.1470e-02,-0.18,-0.375
8.1472e-02,-0.28,-0.06
8.1474e-02,-0.265,-0.375
8.1475e-02,-0.235,-0.07
8.1477e-02,-0.265,-0.37
8.1478e-02,-0.265,-0.065
8.1480e-02,-0.24,-0.375
8.1482e-02,-0.29,-0.065
8.1483e-02,-0.2,-0.365
8.1485e-02,-0.275,-0.065
8.1486e-02,-0.195,-0.365
8.1488e-02,-0.27,-0.075
8.1490e-02,-0.19,-0.36
8.1491e-02,-0.31,-0.07
8.1493e-02,-0.29,-0.35
8.1494e-02,-0.23,-0.08
8.1496e-02,-0.17,-0.37
8.1498e-02,-0.27,-0.06
8.1499e-02,-0.22,-0.375
8.1501e-02,-0.24,-0.06
8.1502e-02,-0.23,-0.37
8.1504e-02,-0.28,-0.06
8.1506e-02,-0.125,-0.38
8.1507e-02,-0.26,-0.06
8.1509e-02,-0.28,-0.385
8.1510e-02,-0.28,-0.05
8.1512e-02,-0.27,-0.37
8.1514e-02,-0.24,-0.07
8.1515e-02,-0.28,-0.395
8.1517e-02,-0.22,-0.035
8.1518e-02,-0.22,-0.37
8.1520e-02,-0.14,-0.065
8.1522e-02,-0.195,-0.36
8.1523e-02,-0.245,-0.07
8.1525e-02,-0.245,-0.365
8.1526e-02,-0.2,-0.07
8.1528e-02,-0.15,-0.365
8.1530e-02,-0.2,-0.075
8.1531e-02,-0.25,-0.37
8.1533e-02,-0.28,-0.07
8.1534e-02,-0.325,-0.365
8.1536e-02,-0.22,-0.075
8.1538e-02,-0.165,-0.36
8.1539e-02,-0.195,-0.08
8.1541e-02,-0.3,-0.42
8.1542e-02,-0.23,-0.025
8.1544e-02,-0.17,-0.39
8.1546e-02,-0.275,-0.04
8.1547e-02,-0.25,-0.37
8.1549e-02,-0.27,-0.07
8.1550e-02,-0.16,-0.37
8.1552e-02,-0.22,-0.075
8.1554e-02,-0.175,-0.375
8.1555e-02,-0.24,-0.065
8.1557e-02,-0.185,-0.39
8.1558e-02,-0.2,-0.055
8.1560e-02,-0.1,-0.395
8.1562e-02,-0.15,-0.055
8.1563e-02,-0.165,-0.375
8.1565e-02,-0.31,-0.07
8.1566e-02,-0.19,-0.36
8.1568e-02,-0.16,-0.085
8.1570e-02,-0.235,-0.37
8.1571e-02,-0.225,-0.075
8.1573e-02,-0.245,-0.365
8.1574e-02,-0.19,-0.075
8.1576e-02,-0.18,-0.38
8.1578e-02,-0.24,-0.07
8.1579e-02,-0.255,-0.37
8.1581e-02,-0.245,-0.075
8.1582e-02,-0.27,-0.355
8.1584e-02,-0.175,-0.095
8.1586e-02,-0.195,-0.38
8.1587e-02,-0.265,-0.06
8.1589e-02,-0.31,-0.355
8.1590e-02,-0.2,-0.09
8.1592e-02,-0.17,-0.36
8.1594e-02,-0.19,-0.085
8.1595e-02,-0.255,-0.39
8.1597e-02,-0.235,-0.06
8.1598e-02,-0.285,-0.375
8.1600e-02,-0.215,-0.075
8.1602e-02,-0.26,-0.365
8.1603e-02,-0.17,-0.08
8.1605e-02,-0.27,-0.38
8.1606e-02,-0.19,-0.065
8.1608e-02,-0.21,-0.365
8.1610e-02,-0.215,-0.085
8.1611e-02,-0.24,-0.37
8.1613e-02,-0.19,-0.065
8.1614e-02,-0.125,-0.375
8.1616e-02,-0.2,-0.07
8.1618e-02,-0.295,-0.375
8.1619e-02,-0.315,-0.07
8.1621e-02,-0.305,-0.38
8.1622e-02,-0.235,-0.07
8.1624e-02,-0.245,-0.36
8.1626e-02,-0.13,-0.085
8.1627e-02,-0.27,-0.395
8.1629e-02,-0.2,-0.055
8.1630e-02,-0.31,-0.37
8.1632e-02,-0.175,-0.075
8.1634e-02,-0.185,-0.4
8.1635e-02,-0.195,-0.05
8.1637e-02,-0.205,-0.38
8.1638e-02,-0.175,-0.065
8.1640e-02,-0.24,-0.36
8.1642e-02,-0.255,-0.085
8.1643e-02,-0.315,-0.355
8.1645e-02,-0.27,-0.085
8.1646e-02,-0.14,-0.375
8.1648e-02,-0.185,-0.06
8.1650e-02,-0.155,-0.375
8.1651e-02,-0.22,-0.07
8.1653e-02,-0.26,-0.37
8.1654e-02,-0.24,-0.075
8.1656e-02,-0.24,-0.375
8.1658e-02,-0.26,-0.065
8.1659e-02,-0.225,-0.39
8.1661e-02,-0.2,-0.06
8.1662e-02,-0.105,-0.365
8.1664e-02,-0.255,-0.08
8.1666e-02,-0.245,-0.355
8.1667e-02,-0.265,-0.08
8.1669e-02,-0.175,-0.37
8.1670e-02,-0.235,-0.075
8.1672e-02,-0.135,-0.36
8.1674e-02,-0.165,-0.09
8.1675e-02,-0.19,-0.365
8.1677e-02,-0.32,-0.08
8.1678e-02,-0.34,-0.375
8.1680e-02,-0.195,-0.07
8.1682e-02,-0.205,-0.36
8.1683e-02,-0.24,-0.08
8.1685e-02,-0.255,-0.37
8.1686e-02,-0.155,-0.065
8.1688e-02,-0.21,-0.38
8.1690e-02,-0.225,-0.065
8.1691e-02,-0.32,-0.37
8.1693e-02,-0.21,-0.07
8.1694e-02,-0.23,-0.385
8.1696e-02,-0.175,-0.055
8.1698e-02,-0.185,-0.39
8.1699e-02,-0.27,-0.065
8.1701e-02,-0.24,-0.375
8.1702e-02,-0.18,-0.07
8.1704e-02,-0.145,-0.39
8.1706e-02,-0.175,-0.06
8.1707e-02,-0.275,-0.375
8.1709e-02,-0.265,-0.07
8.1710e-02,-0.31,-0.395
8.1712e-02,-0.255,-0.055
8.1714e-02,-0.21,-0.4
8.1715e-02,-0.12,-0.045
8.1717e-02,-0.25,-0.365
8.1718e-02,-0.22,-0.085
8.1720e-02,-0.24,-0.395
8.1722e-02,-0.19,-0.055
8.1723e-02,-0.305,-0.38
8.1725e-02,-0.22,-0.065
8.1726e-02,-0.165,-0.37
8.1728e-02,-0.145,-0.085
8.1730e-02,-0.265,-0.385
8.1731e-02,-0.24,-0.07
8.1733e-02,-0.245,-0.395
8.1734e-02,-0.17,-0.06
8.1736e-02,-0.18,-0.37
8.1738e-02,-0.17,-0.08
8.1739e-02,-0.155,-0.375
8.1741e-02,-0.32,-0.08
8.1742e-02,-0.22,-0.36
8.1744e-02,-0.17,-0.09
8.1746e-02,-0.22,-0.375
8.1747e-02,-0.225,-0.07
8.1749e-02,-0.275,-0.365
8.1750e-02,-0.15,-0.09
8.1752e-02,-0.255,-0.385
8.1754e-02,-0.205,-0.06
8.1755e-02,-0.2,-0.36
8.1757e-02,-0.185,-0.09
8.1758e-02,-0.19,-0.375
8.1760e-02,-0.19,-0.075
8.1762e-02,-0.2,-0.36
8.1763e-02,-0.355,-0.085
8.1765e-02,-0.31,-0.405
8.1766e-02,-0.205,-0.045
8.1768e-02,-0.12,-0.405
8.1770e-02,-0.205,-0.045
8.1771e-02,-0.265,-0.385
8.1773e-02,-0.235,-0.075
8.1774e-02,-0.25,-0.425
8.1776e-02,-0.23,-0.02
8.1778e-02,-0.21,-0.395
8.1779e-02,-0.21,-0.06
8.1781e-02,-0.195,-0.37
8.1782e-02,-0.24,-0.08
8.1784e-02,-0.205,-0.385
8.1786e-02,-0.245,-0.075
8.1787e-02,-0.315,-0.39
8.1789e-02,-0.23,-0.07
8.1790e-02,-0.17,-0.38
8.1792e-02,-0.18,-0.07
8.1794e-02,-0.14,-0.375
8.1795e-02,-0.19,-0.08
8.1797e-02,-0.21,-0.375
8.1798e-02,-0.31,-0.08
8.1800e-02,-0.225,-0.355
8.1802e-02,-0.225,-0.1
8.1803e-02,-0.295,-0.405
8.1805e-02,-0.23,-0.055
8.1806e-02,-0.17,-0.38
8.1808e-02,-0.09,-0.07
8.1810e-02,-0.225,-0.38
8.1811e-02,-0.185,-0.07
8.1813e-02,-0.26,-0.41
8.1814e-02,-0.21,-0.045
8.1816e-02,-0.27,-0.41
8.1818e-02,-0.325,-0.04
8.1819e-02,-0.22,-0.375
8.1821e-02,-0.26,-0.07
8.1822e-02,-0.15,-0.39
8.1824e-02,-0.195,-0.065
8.1826e-02,-0.18,-0.375
8.1827e-02,-0.325,-0.075
8.1829e-02,-0.3,-0.36
8.1830e-02,-0.31,-0.095
8.1832e-02,-0.255,-0.37
8.1834e-02,-0.245,-0.075
8.1835e-02,-0.215,-0.365
8.1837e-02,-0.31,-0.08
8.1838e-02,-0.29,-0.355
8.1840e-02,-0.25,-0.1
8.1842e-02,-0.17,-0.37
8.1843e-02,-0.265,-0.08
8.1845e-02,-0.145,-0.375
8.1846e-02,-0.205,-0.085
8.1848e-02,-0.23,-0.37
8.1850e-02,-0.27,-0.085
8.1851e-02,-0.28,-0.385
8.1853e-02,-0.225,-0.07
8.1854e-02,-0.27,-0.395
8.1856e-02,-0.13,-0.06
8.1858e-02,-0.16,-0.37
8.1859e-02,-0.15,-0.085
8.1861e-02,-0.265,-0.4
8.1862e-02,-0.215,-0.065
8.1864e-02,-0.205,-0.395
8.1866e-02,-0.255,-0.065
8.1867e-02,-0.165,-0.385
8.1869e-02,-0.295,-0.07
8.1870e-02,-0.24,-0.38
8.1872e-02,-0.25,-0.08
8.1874e-02,-0.205,-0.375
8.1875e-02,-0.26,-0.085
8.1877e-02,-0.2,-0.38
8.1878e-02,-0.105,-0.08
8.1880e-02,-0.155,-0.375
8.1882e-02,-0.155,-0.08
8.1883e-02,-0.22,-0.41
8.1885e-02,-0.185,-0.04
8.1886e-02,-0.33,-0.38
8.1888e-02,-0.26,-0.075
8.1890e-02,-0.215,-0.38
8.1891e-02,-0.235,-0.08
8.1893e-02,-0.25,-0.4
8.1894e-02,-0.275,-0.06
8.1896e-02,-0.155,-0.38
8.1898e-02,-0.25,-0.07
8.1899e-02,-0.135,-0.4
8.1901e-02,-0.255,-0.05
8.1902e-02,-0.24,-0.395
8.1904e-02,-0.225,-0.055
8.1906e-02,-0.175,-0.38
8.1907e-02,-0.295,-0.085
8.1909e-02,-0.24,-0.37
8.1910e-02,-0.275,-0.085
8.1912e-02,-0.18,-0.38
8.1914e-02,-0.27,-0.075
8.1915e-02,-0.18,-0.385
8.1917e-02,-0.33,-0.075
8.1918e-02,-0.34,-0.39
8.1920e-02,-0.26,-0.06
8.1922e-02,-0.295,-0.37
8.1923e-02,-0.22,-0.085
8.1925e-02,-0.265,-0.365
8.1926e-02,-0.135,-0.09
8.1928e-02,-0.18,-0.37
8.1930e-02,-0.195,-0.09
8.1931e-02,-0.245,-0.38
8.1933e-02,-0.29,-0.075
8.1934e-02,-0.275,-0.375
8.1936e-02,-0.22,-0.07
8.1938e-02,-0.24,-0.39
8.1939e-02,-0.245,-0.07
8.1941e-02,-0.245,-0.37
8.1942e-02,-0.27,-0.075
8.1944e-02,-0.3,-0.41
8.1946e-02,-0.265,-0.05
8.1947e-02,-0.165,-0.39
8.1949e-02,-0.21,-0.06
8.1950e-02,-0.29,-0.395
8.1952e-02,-0.17,-0.07
8.1954e-02,-0.275,-0.395
8.1955e-02,-0.245,-0.065
8.1957e-02,-0.275,-0.37
8.1958e-02,-0.305,-0.075
8.1960e-02,-0.32,-0.385
8.1962e-02,-0.235,-0.075
8.1963e-02,-0.23,-0.39
8.1965e-02,-0.255,-0.065
8.1966e-02,-0.25,-0.385
8.1968e-02,-0.235,-0.07
8.1970e-02,-0.28,-0.38
8.1971e-02,-0.195,-0.075
8.1973e-02,-0.275,-0.41
8.1974e-02,-0.265,-0.05
8.1976e-02,-0.28,-0.395
8.1978e-02,-0.09,-0.065
8.1979e-02,-0.23,-0.38
8.1981e-02,-0.22,-0.075
8.1982e-02,-0.17,-0.385
8.1984e-02,-0.27,-0.07
8.1986e-02,-0.21,-0.36
8.1987e-02,-0.275,-0.095
8.1989e-02,-0.255,-0.42
8.1990e-02,-0.31,-0.04
8.1992e-02,-0.245,-0.38
8.1994e-02,-0.18,-0.085
8.1995e-02,-0.24,-0.395
8.1997e-02,-0.125,-0.065
8.1998e-02,-0.17,-0.385
8.2000e-02,-0.225,-0.075
8.2002e-02,-0.21,-0.405
8.2003e-02,-0.115,-0.06
8.2005e-02,-0.19,-0.41
8.2006e-02,-0.27,-0.045
8.2008e-02,-0.25,-0.445
8.2010e-02,-0.275,-0.025
8.2011e-02,-0.22,-0.435
8.2013e-02,-0.24,-0.03
8.2014e-02,-0.24,-0.38
8.2016e-02,-0.335,-0.085
8.2018e-02,-0.2,-0.43
8.2019e-02,-0.255,-0.035
8.2021e-02,-0.285,-0.42
8.2022e-02,-0.23,-0.04
8.2024e-02,-0.175,-0.4
8.2026e-02,-0.235,-0.06
8.2027e-02,-0.115,-0.42
8.2029e-02,-0.175,-0.05
8.2030e-02,-0.15,-0.38
8.2032e-02,-0.305,-0.09
8.2034e-02,-0.215,-0.39
8.2035e-02,-0.32,-0.075
8.2037e-02,-0.215,-0.4
8.2038e-02,-0.335,-0.07
8.2040e-02,-0.22,-0.4
8.2042e-02,-0.28,-0.07
8.2043e-02,-0.145,-0.405
8.2045e-02,-0.12,-0.065
8.2046e-02,-0.25,-0.4
8.2048e-02,-0.18,-0.075
8.2050e-02,-0.26,-0.4
8.2051e-02,-0.16,-0.055
8.2053e-02,-0.29,-0.38
8.2054e-02,-0.22,-0.08
8.2056e-02,-0.215,-0.4
8.2058e-02,-0.26,-0.06
8.2059e-02,-0.21,-0.41
8.2061e-02,-0.2,-0.06
8.2062e-02,-0.23,-0.385
8.2064e-02,-0.255,-0.09
8.2066e-02,-0.2,-0.4
8.2067e-02,-0.21,-0.065
8.2069e-02,-0.16,-0.4
8.2070e-02,-0.19,-0.065
8.2072e-02,-0.23,-0.385
8.2074e-02,-0.27,-0.08
8.2075e-02,-0.155,-0.39
8.2077e-02,-0.19,-0.075
8.2078e-02,-0.255,-0.41
8.2080e-02,-0.275,-0.06
8.2082e-02,-0.185,-0.385
8.2083e-02,-0.22,-0.085
8.2085e-02,-0.17,-0.415
8.2086e-02,-0.245,-0.045
8.2088e-02,-0.22,-0.385
8.2090e-02,-0.255,-0.075
8.2091e-02,-0.18,-0.4
8.2093e-02,-0.23,-0.06
8.2094e-02,-0.22,-0.405
8.2096e-02,-0.195,-0.06
8.2098e-02,-0.145,-0.41
8.2099e-02,-0.23,-0.06
8.2101e-02,-0.13,-0.42
8.2102e-02,-0.26,-0.045
8.2104e-02,-0.18,-0.395
8.2106e-02,-0.36,-0.075
8.2107e-02,-0.225,-0.385
8.2109e-02,-0.315,-0.075
8.2110e-02,-0.225,-0.39
8.2112e-02,-0.225,-0.065
8.2114e-02,-0.205,-0.415
8.2115e-02,-0.17,-0.045
8.2117e-02,-0.13,-0.425
8.2118e-02,-0.19,-0.05
8.2120e-02,-0.235,-0.405
8.2122e-02,-0.26,-0.05
8.2123e-02,-0.26,-0.39
8.2125e-02,-0.255,-0.07
8.2126e-02,-0.24,-0.38
8.2128e-02,-0.295,-0.075
8.2130e-02,-0.225,-0.405
8.2131e-02,-0.21,-0.065
8.2133e-02,-0.275,-0.4
8.2134e-02,-0.29,-0.055
8.2136e-02,-0.35,-0.415
8.2138e-02,-0.25,-0.06
8.2139e-02,-0.11,-0.38
8.2141e-02,-0.155,-0.08
8.2142e-02,-0.18,-0.42
8.2144e-02,-0.245,-0.05
8.2146e-02,-0.27,-0.395
8.2147e-02,-0.205,-0.07
8.2149e-02,-0.24,-0.415
8.2150e-02,-0.215,-0.045
8.2152e-02,-0.285,-0.42
8.2154e-02,-0.26,-0.045
8.2155e-02,-0.34,-0.42
8.2157e-02,-0.265,-0.05
8.2158e-02,-0.19,-0.405
8.2160e-02,-0.305,-0.055
8.2162e-02,-0.1,-0.37
8.2163e-02,-0.245,-0.09
8.2165e-02,-0.16,-0.385
8.2166e-02,-0.195,-0.08
8.2168e-02,-0.315,-0.415
8.2170e-02,-0.335,-0.055
8.2171e-02,-0.225,-0.4
8.2173e-02,-0.2,-0.07
8.2174e-02,-0.22,-0.385
8.2176e-02,-0.215,-0.09
8.2178e-02,-0.245,-0.405
8.2179e-02,-0.21,-0.055
8.2181e-02,-0.245,-0.395
8.2182e-02,-0.24,-0.075
8.2184e-02,-0.255,-0.395
8.2186e-02,-0.175,-0.08
8.2187e-02,-0.235,-0.37
8.2189e-02,-0.21,-0.105
8.2190e-02,-0.195,-0.405
8.2192e-02,-0.31,-0.065
8.2194e-02,-0.185,-0.385
8.2195e-02,-0.215,-0.09
8.2197e-02,-0.14,-0.405
8.2198e-02,-0.225,-0.075
8.2200e-02,-0.22,-0.375
8.2202e-02,-0.335,-0.095
8.2203e-02,-0.245,-0.4
8.2205e-02,-0.17,-0.07
8.2206e-02,-0.21,-0.43
8.2208e-02,-0.16,-0.05
8.2210e-02,-0.29,-0.395
8.2211e-02,-0.185,-0.075
8.2213e-02,-0.3,-0.41
8.2214e-02,-0.21,-0.055
8.2216e-02,-0.36,-0.395
8.2218e-02,-0.175,-0.08
8.2219e-02,-0.215,-0.38
8.2221e-02,-0.155,-0.095
8.2222e-02,-0.255,-0.39
8.2224e-02,-0.23,-0.085
8.2226e-02,-0.28,-0.41
8.2227e-02,-0.225,-0.07
8.2229e-02,-0.235,-0.4
8.2230e-02,-0.29,-0.075
8.2232e-02,-0.175,-0.395
8.2234e-02,-0.335,-0.075
8.2235e-02,-0.255,-0.39
8.2237e-02,-0.235,-0.08
8.2238e-02,-0.27,-0.41
8.2240e-02,-0.165,-0.06
8.2242e-02,-0.215,-0.415
8.2243e-02,-0.185,-0.055
8.2245e-02,-0.23,-0.4
8.2246e-02,-0.205,-0.07
8.2248e-02,-0.285,-0.39
8.2250e-02,-0.31,-0.085
8.2251e-02,-0.17,-0.395
8.2253e-02,-0.28,-0.075
8.2254e-02,-0.185,-0.385
8.2256e-02,-0.23,-0.08
8.2258e-02,-0.325,-0.385
8.2259e-02,-0.235,-0.09
8.2261e-02,-0.18,-0.395
8.2262e-02,-0.2,-0.075
8.2264e-02,-0.245,-0.4
8.2266e-02,-0.355,-0.075
8.2267e-02,-0.33,-0.385
8.2269e-02,-0.225,-0.09
8.2270e-02,-0.155,-0.39
8.2272e-02,-0.165,-0.085
8.2274e-02,-0.215,-0.45
8.2275e-02,-0.195,-0.035
8.2277e-02,-0.23,-0.375
8.2278e-02,-0.24,-0.095
8.2280e-02,-0.295,-0.38
8.2282e-02,-0.275,-0.085
8.2283e-02,-0.23,-0.4
8.2285e-02,-0.11,-0.075
8.2286e-02,-0.23,-0.39
8.2288e-02,-0.26,-0.075
8.2290e-02,-0.215,-0.395
8.2291e-02,-0.325,-0.075
8.2293e-02,-0.165,-0.42
8.2294e-02,-0.31,-0.055
8.2296e-02,-0.275,-0.405
8.2298e-02,-0.295,-0.07
8.2299e-02,-0.28,-0.43
8.2301e-02,-0.255,-0.045
8.2302e-02,-0.29,-0.415
8.2304e-02,-0.145,-0.06
8.2306e-02,-0.26,-0.405
8.2307e-02,-0.195,-0.065
8.2309e-02,-0.275,-0.395
8.2310e-02,-0.3,-0.07
8.2312e-02,-0.27,-0.405
8.2314e-02,-0.255,-0.065
8.2315e-02,-0.3,-0.41
8.2317e-02,-0.22,-0.055
8.2318e-02,-0.28,-0.41
8.2320e-02,-0.185,-0.06
8.2322e-02,-0.25,-0.395
8.2323e-02,-0.235,-0.085
8.2325e-02,-0.24,-0.41
8.2326e-02,-0.06,-0.06
8.2328e-02,-0.255,-0.395
8.2330e-02,-0.18,-0.06
8.2331e-02,-0.32,-0.425
8.2333e-02,-0.18,-0.05
8.2334e-02,-0.205,-0.395
8.2336e-02,-0.15,-0.075
8.2338e-02,-0.275,-0.385
8.2339e-02,-0.185,-0.09
8.2341e-02,-0.155,-0.4
8.2342e-02,-0.205,-0.08
8.2344e-02,-0.25,-0.415
8.2346e-02,-0.25,-0.06
8.2347e-02,-0.33,-0.415
8.2349e-02,-0.12,-0.065
8.2350e-02,-0.18,-0.425
8.2352e-02,-0.215,-0.05
8.2354e-02,-0.22,-0.41
8.2355e-02,-0.21,-0.07
8.2357e-02,-0.295,-0.41
8.2358e-02,-0.205,-0.07
8.2360e-02,-0.28,-0.385
8.2362e-02,-0.27,-0.08
8.2363e-02,-0.31,-0.38
8.2365e-02,-0.18,-0.09
8.2366e-02,-0.255,-0.43
8.2368e-02,-0.15,-0.055
8.2370e-02,-0.135,-0.405
8.2371e-02,-0.25,-0.07
8.2373e-02,-0.205,-0.41
8.2374e-02,-0.26,-0.075
8.2376e-02,-0.34,-0.415
8.2378e-02,-0.315,-0.065
8.2379e-02,-0.27,-0.4
8.2381e-02,-0.305,-0.075
8.2382e-02,-0.175,-0.41
8.2384e-02,-0.23,-0.065
8.2386e-02,-0.225,-0.395
8.2387e-02,-0.315,-0.08
8.2389e-02,-0.28,-0.41
8.2390e-02,-0.36,-0.065
8.2392e-02,-0.2,-0.405
8.2394e-02,-0.235,-0.07
8.2395e-02,-0.255,-0.435
8.2397e-02,-0.225,-0.035
8.2398e-02,-0.265,-0.395
8.2400e-02,-0.25,-0.085
8.2402e-02,-0.255,-0.4
8.2403e-02,-0.265,-0.08
8.2405e-02,-0.305,-0.385
8.2406e-02,-0.205,-0.09
8.2408e-02,-0.22,-0.43
8.2410e-02,-0.24,-0.045
8.2411e-02,-0.32,-0.39
8.2413e-02,-0.3,-0.08
8.2414e-02,-0.29,-0.41
8.2416e-02,-0.225,-0.065
8.2418e-02,-0.235,-0.39
8.2419e-02,-0.28,-0.09
8.2421e-02,-0.29,-0.385
8.2422e-02,-0.23,-0.095
8.2424e-02,-0.225,-0.425
8.2426e-02,-0.295,-0.055
8.2427e-02,-0.195,-0.415
8.2429e-02,-0.35,-0.065
8.2430e-02,-0.21,-0.415
8.2432e-02,-0.205,-0.06
8.2434e-02,-0.235,-0.41
8.2435e-02,-0.235,-0.065
8.2437e-02,-0.25,-0.41
8.2438e-02,-0.275,-0.07
8.2440e-02,-0.28,-0.39
8.2442e-02,-0.17,-0.08
8.2443e-02,-0.315,-0.39
8.2445e-02,-0.215,-0.095
8.2446e-02,-0.28,-0.415
8.2448e-02,-0.295,-0.06
8.2450e-02,-0.225,-0.41
8.2451e-02,-0.255,-0.07
8.2453e-02,-0.285,-0.45
8.2454e-02,-0.275,-0.035
8.2456e-02,-0.205,-0.405
8.2458e-02,-0.295,-0.075
8.2459e-02,-0.175,-0.385
8.2461e-02,-0.22,-0.095
8.2462e-02,-0.345,-0.395
8.2464e-02,-0.25,-0.09
8.2466e-02,-0.3,-0.395
8.2467e-02,-0.255,-0.08
8.2469e-02,-0.255,-0.38
8.2470e-02,-0.29,-0.095
8.2472e-02,-0.28,-0.4
8.2474e-02,-0.235,-0.075
8.2475e-02,-0.12,-0.41
8.2477e-02,-0.295,-0.07
8.2478e-02,-0.155,-0.405
8.2480e-02,-0.23,-0.07
8.2482e-02,-0.19,-0.395
8.2483e-02,-0.16,-0.085
8.2485e-02,-0.305,-0.39
8.2486e-02,-0.29,-0.08
8.2488e-02,-0.245,-0.385
8.2490e-02,-0.205,-0.095
8.2491e-02,-0.25,-0.42
8.2493e-02,-0.235,-0.065
8.2494e-02,-0.235,-0.405
8.2496e-02,-0.195,-0.07
8.2498e-02,-0.185,-0.395
8.2499e-02,-0.24,-0.08
8.2501e-02,-0.29,-0.4
8.2502e-02,-0.195,-0.085
8.2504e-02,-0.29,-0.4
8.2506e-02,-0.16,-0.08
8.2507e-02,-0.315,-0.415
8.2509e-02,-0.23,-0.065
8.2510e-02,-0.33,-0.4
8.2512e-02,-0.28,-0.08
8.2514e-02,-0.27,-0.41
8.2515e-02,-0.3,-0.075
8.2517e-02,-0.18,-0.39
8.2518e-02,-0.3,-0.09
8.2520e-02,-0.26,-0.405
8.2522e-02,-0.25,-0.075
8.2523e-02,-0.175,-0.395
8.2525e-02,-0.22,-0.085
8.2526e-02,-0.265,-0.42
8.2528e-02,-0.22,-0.065
8.2530e-02,-0.235,-0.395
8.2531e-02,-0.245,-0.08
8.2533e-02,-0.18,-0.385
8.2534e-02,-0.28,-0.09
8.2536e-02,-0.22,-0.395
8.2538e-02,-0.12,-0.085
8.2539e-02,-0.23,-0.39
8.2541e-02,-0.26,-0.09
8.2542e-02,-0.255,-0.39
8.2544e-02,-0.285,-0.095
8.2546e-02,-0.245,-0.405
8.2547e-02,-0.265,-0.075
8.2549e-02,-0.22,-0.395
8.2550e-02,-0.31,-0.08
8.2552e-02,-0.22,-0.45
8.2554e-02,-0.265,-0.04
8.2555e-02,-0.2,-0.415
8.2557e-02,-0.195,-0.075
8.2558e-02,-0.25,-0.45
8.2560e-02,-0.34,-0.04
8.2562e-02,-0.24,-0.415
8.2563e-02,-0.245,-0.075
8.2565e-02,-0.3,-0.42
8.2566e-02,-0.305,-0.055
8.2568e-02,-0.275,-0.46
8.2570e-02,-0.305,-0.03
8.2571e-02,-0.29,-0.405
8.2573e-02,-0.24,-0.08
8.2574e-02,-0.265,-0.43
8.2576e-02,-0.355,-0.065
8.2578e-02,-0.3,-0.395
8.2579e-02,-0.305,-0.09
8.2581e-02,-0.2,-0.405
8.2582e-02,-0.22,-0.08
8.2584e-02,-0.19,-0.39
8.2586e-02,-0.22,-0.095
8.2587e-02,-0.235,-0.41
8.2589e-02,-0.18,-0.08
8.2590e-02,-0.2,-0.385
8.2592e-02,-0.365,-0.105
8.2594e-02,-0.235,-0.42
8.2595e-02,-0.275,-0.075
8.2597e-02,-0.225,-0.39
8.2598e-02,-0.255,-0.1
8.2600e-02,-0.21,-0.425
8.2602e-02,-0.28,-0.06
8.2603e-02,-0.225,-0.41
8.2605e-02,-0.225,-0.09
8.2606e-02,-0.27,-0.43
8.2608e-02,-0.26,-0.065
8.2610e-02,-0.26,-0.41
8.2611e-02,-0.26,-0.08
8.2613e-02,-0.3,-0.4
8.2614e-02,-0.2,-0.09
8.2616e-02,-0.31,-0.415
8.2618e-02,-0.265,-0.075
8.2619e-02,-0.29,-0.395
8.2621e-02,-0.21,-0.09
8.2622e-02,-0.24,-0.4
8.2624e-02,-0.175,-0.09
8.2626e-02,-0.28,-0.41
8.2627e-02,-0.23,-0.08
8.2629e-02,-0.235,-0.435
8.2630e-02,-0.11,-0.055
8.2632e-02,-0.205,-0.405
8.2634e-02,-0.205,-0.085
8.2635e-02,-0.285,-0.415
8.2637e-02,-0.19,-0.07
8.2638e-02,-0.265,-0.395
8.2640e-02,-0.275,-0.09
8.2642e-02,-0.28,-0.395
8.2643e-02,-0.365,-0.09
8.2645e-02,-0.23,-0.415
8.2646e-02,-0.18,-0.075
8.2648e-02,-0.28,-0.41
8.2650e-02,-0.265,-0.07
8.2651e-02,-0.235,-0.41
8.2653e-02,-0.25,-0.07
8.2654e-02,-0.225,-0.43
8.2656e-02,-0.265,-0.06
8.2658e-02,-0.18,-0.41
8.2659e-02,-0.275,-0.07
8.2661e-02,-0.195,-0.39
8.2662e-02,-0.23,-0.09
8.2664e-02,-0.195,-0.4
8.2666e-02,-0.275,-0.085
8.2667e-02,-0.31,-0.405
8.2669e-02,-0.385,-0.08
8.2670e-02,-0.235,-0.415
8.2672e-02,-0.265,-0.065
8.2674e-02,-0.31,-0.405
8.2675e-02,-0.32,-0.075
8.2677e-02,-0.245,-0.385
8.2678e-02,-0.295,-0.09
8.2680e-02,-0.255,-0.415
8.2682e-02,-0.24,-0.075
8.2683e-02,-0.205,-0.385
8.2685e-02,-0.3,-0.095
8.2686e-02,-0.27,-0.425
8.2688e-02,-0.145,-0.05
8.2690e-02,-0.235,-0.41
8.2691e-02,-0.275,-0.075
8.2693e-02,-0.225,-0.405
8.2694e-02,-0.265,-0.075
8.2696e-02,-0.165,-0.415
8.2698e-02,-0.235,-0.065
8.2699e-02,-0.27,-0.405
8.2701e-02,-0.25,-0.075
8.2702e-02,-0.275,-0.39
8.2704e-02,-0.305,-0.095
8.2706e-02,-0.215,-0.45
8.2707e-02,-0.285,-0.03
8.2709e-02,-0.3,-0.395
8.2710e-02,-0.24,-0.09
8.2712e-02,-0.18,-0.41
8.2714e-02,-0.215,-0.075
8.2715e-02,-0.25,-0.415
8.2717e-02,-0.21,-0.07
8.2718e-02,-0.24,-0.39
8.2720e-02,-0.14,-0.1
8.2722e-02,-0.21,-0.405
8.2723e-02,-0.205,-0.09
8.2725e-02,-0.27,-0.395
8.2726e-02,-0.195,-0.095
8.2728e-02,-0.315,-0.405
8.2730e-02,-0.24,-0.085
8.2731e-02,-0.27,-0.41
8.2733e-02,-0.3,-0.08
8.2734e-02,-0.27,-0.395
8.2736e-02,-0.29,-0.09
8.2738e-02,-0.3,-0.41
8.2739e-02,-0.225,-0.085
8.2741e-02,-0.285,-0.415
8.2742e-02,-0.295,-0.08
8.2744e-02,-0.29,-0.405
8.2746e-02,-0.205,-0.09
8.2747e-02,-0.285,-0.41
8.2749e-02,-0.275,-0.09
8.2750e-02,-0.32,-0.4
8.2752e-02,-0.32,-0.09
8.2754e-02,-0.205,-0.395
8.2755e-02,-0.295,-0.1
8.2757e-02,-0.32,-0.4
8.2758e-02,-0.29,-0.1
8.2760e-02,-0.275,-0.395
8.2762e-02,-0.245,-0.105
8.2763e-02,-0.215,-0.4
8.2765e-02,-0.24,-0.1
8.2766e-02,-0.15,-0.395
8.2768e-02,-0.18,-0.1
8.2770e-02,-0.265,-0.405
8.2771e-02,-0.185,-0.09
8.2773e-02,-0.345,-0.425
8.2774e-02,-0.305,-0.065
8.2776e-02,-0.35,-0.405
8.2778e-02,-0.3,-0.085
8.2779e-02,-0.265,-0.445
8.2781e-02,-0.225,-0.055
8.2782e-02,-0.24,-0.43
8.2784e-02,-0.235,-0.07
8.2786e-02,-0.14,-0.425
8.2787e-02,-0.15,-0.07
8.2789e-02,-0.19,-0.395
8.2790e-02,-0.255,-0.1
8.2792e-02,-0.335,-0.4
8.2794e-02,-0.245,-0.09
8.2795e-02,-0.255,-0.39
8.2797e-02,-0.3,-0.105
8.2798e-02,-0.2,-0.405
8.2800e-02,-0.275,-0.1
8.2802e-02,-0.19,-0.42
8.2803e-02,-0.21,-0.08
8.2805e-02,-0.335,-0.395
8.2806e-02,-0.295,-0.105
8.2808e-02,-0.365,-0.385
8.2810e-02,-0.26,-0.105
8.2811e-02,-0.31,-0.415
8.2813e-02,-0.255,-0.07
8.2814e-02,-0.315,-0.435
8.2816e-02,-0.23,-0.055
8.2818e-02,-0.205,-0.43
8.2819e-02,-0.155,-0.065
8.2821e-02,-0.19,-0.39
8.2822e-02,-0.3,-0.11
8.2824e-02,-0.215,-0.385
8.2826e-02,-0.265,-0.105
8.2827e-02,-0.2,-0.41
8.2829e-02,-0.26,-0.08
8.2830e-02,-0.3,-0.415
8.2832e-02,-0.28,-0.075
8.2834e-02,-0.28,-0.43
8.2835e-02,-0.24,-0.07
8.2837e-02,-0.235,-0.445
8.2838e-02,-0.25,-0.055
8.2840e-02,-0.22,-0.41
8.2842e-02,-0.17,-0.08
8.2843e-02,-0.215,-0.42
8.2845e-02,-0.205,-0.065
8.2846e-02,-0.19,-0.405
8.2848e-02,-0.28,-0.085
8.2850e-02,-0.235,-0.39
8.2851e-02,-0.295,-0.105
8.2853e-02,-0.215,-0.405
8.2854e-02,-0.28,-0.08
8.2856e-02,-0.255,-0.395
8.2858e-02,-0.28,-0.095
8.2859e-02,-0.2,-0.435
8.2861e-02,-0.28,-0.06
8.2862e-02,-0.225,-0.405
8.2864e-02,-0.31,-0.09
8.2866e-02,-0.32,-0.405
8.2867e-02,-0.225,-0.095
8.2869e-02,-0.2,-0.395
8.2870e-02,-0.21,-0.1
8.2872e-02,-0.225,-0.415
8.2874e-02,-0.275,-0.075
8.2875e-02,-0.3,-0.405
8.2877e-02,-0.14,-0.085
8.2878e-02,-0.235,-0.405
8.2880e-02,-0.215,-0.08
8.2882e-02,-0.22,-0.4
8.2883e-02,-0.33,-0.09
8.2885e-02,-0.14,-0.42
8.2886e-02,-0.24,-0.08
8.2888e-02,-0.255,-0.41
8.2890e-02,-0.3,-0.08
8.2891e-02,-0.3,-0.415
8.2893e-02,-0.32,-0.075
8.2894e-02,-0.225,-0.39
8.2896e-02,-0.285,-0.1
8.2898e-02,-0.31,-0.41
8.2899e-02,-0.17,-0.08
8.2901e-02,-0.2,-0.41
8.2902e-02,-0.12,-0.085
8.2904e-02,-0.245,-0.405
8.2906e-02,-0.27,-0.085
8.2907e-02,-0.245,-0.405
8.2909e-02,-0.235,-0.09
8.2910e-02,-0.285,-0.395
8.2912e-02,-0.25,-0.095
8.2914e-02,-0.255,-0.395
8.2915e-02,-0.22,-0.095
8.2917e-02,-0.12,-0.39
8.2918e-02,-0.21,-0.105
8.2920e-02,-0.2,-0.42
8.2922e-02,-0.355,-0.07
8.2923e-02,-0.275,-0.4
8.2925e-02,-0.28,-0.085
8.2926e-02,-0.265,-0.405
8.2928e-02,-0.225,-0.095
8.2930e-02,-0.285,-0.4
8.2931e-02,-0.115,-0.1
8.2933e-02,-0.26,-0.415
8.2934e-02,-0.2,-0.085
8.2936e-02,-0.315,-0.4
8.2938e-02,-0.29,-0.095
8.2939e-02,-0.355,-0.43
8.2941e-02,-0.275,-0.06
8.2942e-02,-0.32,-0.45
8.2944e-02,-0.215,-0.05
8.2946e-02,-0.255,-0.455
8.2947e-02,-0.25,-0.05
8.2949e-02,-0.175,-0.41
8.2950e-02,-0.225,-0.085
8.2952e-02,-0.185,-0.42
8.2954e-02,-0.28,-0.075
8.2955e-02,-0.345,-0.42
8.2957e-02,-0.18,-0.075
8.2958e-02,-0.255,-0.42
8.2960e-02,-0.105,-0.085
8.2962e-02,-0.25,-0.43
8.2963e-02,-0.165,-0.08
8.2965e-02,-0.295,-0.43
8.2966e-02,-0.23,-0.08
8.2968e-02,-0.28,-0.41
8.2970e-02,-0.285,-0.095
8.2971e-02,-0.325,-0.42
8.2973e-02,-0.31,-0.08
8.2974e-02,-0.23,-0.395
8.2976e-02,-0.17,-0.1
8.2978e-02,-0.325,-0.395
8.2979e-02,-0.305,-0.1
8.2981e-02,-0.38,-0.395
8.2982e-02,-0.29,-0.105
8.2984e-02,-0.195,-0.385
8.2986e-02,-0.22,-0.11
8.2987e-02,-0.2,-0.43
8.2989e-02,-0.26,-0.07
8.2990e-02,-0.255,-0.405
8.2992e-02,-0.265,-0.095
8.2994e-02,-0.245,-0.39
8.2995e-02,-0.335,-0.105
8.2997e-02,-0.33,-0.405
8.2998e-02,-0.275,-0.095
8.3000e-02,-0.25,-0.425
8.3002e-02,-0.21,-0.075
8.3003e-02,-0.27,-0.435
8.3005e-02,-0.245,-0.07
8.3006e-02,-0.29,-0.405
8.3008e-02,-0.165,-0.095
8.3010e-02,-0.21,-0.42
8.3011e-02,-0.205,-0.08
8.3013e-02,-0.205,-0.395
8.3014e-02,-0.29,-0.105
8.3016e-02,-0.235,-0.395
8.3018e-02,-0.3,-0.11
8.3019e-02,-0.19,-0.405
8.3021e-02,-0.315,-0.1
8.3022e-02,-0.21,-0.405
8.3024e-02,-0.315,-0.095
8.3026e-02,-0.23,-0.435
8.3027e-02,-0.31,-0.07
8.3029e-02,-0.22,-0.395
8.3030e-02,-0.295,-0.11
8.3032e-02,-0.155,-0.405
8.3034e-02,-0.17,-0.095
8.3035e-02,-0.195,-0.41
8.3037e-02,-0.175,-0.095
8.3038e-02,-0.305,-0.415
8.3040e-02,-0.225,-0.085
8.3042e-02,-0.295,-0.415
8.3043e-02,-0.27,-0.08
8.3045e-02,-0.305,-0.44
8.3046e-02,-0.3,-0.065
8.3048e-02,-0.26,-0.4
8.3050e-02,-0.27,-0.1
8.3051e-02,-0.26,-0.385
8.3053e-02,-0.235,-0.115
8.3054e-02,-0.26,-0.415
8.3056e-02,-0.17,-0.095
8.3058e-02,-0.24,-0.405
8.3059e-02,-0.215,-0.095
8.3061e-02,-0.26,-0.415
8.3062e-02,-0.28,-0.085
8.3064e-02,-0.245,-0.425
8.3066e-02,-0.215,-0.07
8.3067e-02,-0.18,-0.415
8.3069e-02,-0.22,-0.08
8.3070e-02,-0.31,-0.405
8.3072e-02,-0.325,-0.1
8.3074e-02,-0.28,-0.405
8.3075e-02,-0.205,-0.1
8.3077e-02,-0.315,-0.43
8.3078e-02,-0.23,-0.08
8.3080e-02,-0.285,-0.38
8.3082e-02,-0.25,-0.12
8.3083e-02,-0.185,-0.395
8.3085e-02,-0.175,-0.11
8.3086e-02,-0.235,-0.395
8.3088e-02,-0.235,-0.105
8.3090e-02,-0.265,-0.405
8.3091e-02,-0.27,-0.095
8.3093e-02,-0.21,-0.405
8.3094e-02,-0.305,-0.095
8.3096e-02,-0.215,-0.405
8.3098e-02,-0.175,-0.095
8.3099e-02,-0.22,-0.385
8.3101e-02,-0.165,-0.125
8.3102e-02,-0.335,-0.395
8.3104e-02,-0.275,-0.1
8.3106e-02,-0.29,-0.385
8.3107e-02,-0.265,-0.11
8.3109e-02,-0.185,-0.4
8.3110e-02,-0.215,-0.1
8.3112e-02,-0.245,-0.39
8.3114e-02,-0.26,-0.11
8.3115e-02,-0.195,-0.4
8.3117e-02,-0.26,-0.095
8.3118e-02,-0.165,-0.45
8.3120e-02,-0.21,-0.055
8.3122e-02,-0.225,-0.405
8.3123e-02,-0.23,-0.09
8.3125e-02,-0.21,-0.465
8.3126e-02,-0.29,-0.04
8.3128e-02,-0.28,-0.425
8.3130e-02,-0.275,-0.09
8.3131e-02,-0.235,-0.405
8.3133e-02,-0.21,-0.1
8.3134e-02,-0.28,-0.42
8.3136e-02,-0.275,-0.08
8.3138e-02,-0.275,-0.39
8.3139e-02,-0.215,-0.115
8.3141e-02,-0.245,-0.395
8.3142e-02,-0.265,-0.105
8.3144e-02,-0.295,-0.42
8.3146e-02,-0.36,-0.08
8.3147e-02,-0.28,-0.4
8.3149e-02,-0.285,-0.105
8.3150e-02,-0.23,-0.42
8.3152e-02,-0.25,-0.08
8.3154e-02,-0.24,-0.405
8.3155e-02,-0.22,-0.095
8.3157e-02,-0.255,-0.395
8.3158e-02,-0.27,-0.115
8.3160e-02,-0.275,-0.4
8.3162e-02,-0.325,-0.115
8.3163e-02,-0.23,-0.415
8.3165e-02,-0.325,-0.09
8.3166e-02,-0.16,-0.43
8.3168e-02,-0.29,-0.08
8.3170e-02,-0.34,-0.4
8.3171e-02,-0.28,-0.11
8.3173e-02,-0.29,-0.43
8.3174e-02,-0.255,-0.08
8.3176e-02,-0.26,-0.405
8.3178e-02,-0.255,-0.105
8.3179e-02,-0.2,-0.4
8.3181e-02,-0.25,-0.115
8.3182e-02,-0.185,-0.405
8.3184e-02,-0.23,-0.11
8.3186e-02,-0.255,-0.395
8.3187e-02,-0.3,-0.11
8.3189e-02,-0.265,-0.395
8.3190e-02,-0.32,-0.105
8.3192e-02,-0.24,-0.4
8.3194e-02,-0.26,-0.105
8.3195e-02,-0.335,-0.41
8.3197e-02,-0.26,-0.09
8.3198e-02,-0.25,-0.405
8.3200e-02,-0.18,-0.105
8.3202e-02,-0.2,-0.425
8.3203e-02,-0.255,-0.085
8.3205e-02,-0.215,-0.425
8.3206e-02,-0.235,-0.075
8.3208e-02,-0.255,-0.41
8.3210e-02,-0.2,-0.09
8.3211e-02,-0.31,-0.45
8.3213e-02,-0.26,-0.065
8.3214e-02,-0.295,-0.41
8.3216e-02,-0.245,-0.095
8.3218e-02,-0.235,-0.435
8.3219e-02,-0.3,-0.08
8.3221e-02,-0.34,-0.4
8.3222e-02,-0.295,-0.1
8.3224e-02,-0.24,-0.405
8.3226e-02,-0.27,-0.105
8.3227e-02,-0.18,-0.41
8.3229e-02,-0.25,-0.095
8.3230e-02,-0.21,-0.405
8.3232e-02,-0.275,-0.105
8.3234e-02,-0.29,-0.425
8.3235e-02,-0.275,-0.085
8.3237e-02,-0.325,-0.405
8.3238e-02,-0.24,-0.1
8.3240e-02,-0.185,-0.4
8.3242e-02,-0.275,-0.105
8.3243e-02,-0.265,-0.425
8.3245e-02,-0.28,-0.085
8.3246e-02,-0.3,-0.405
8.3248e-02,-0.245,-0.095
8.3250e-02,-0.235,-0.405
8.3251e-02,-0.295,-0.105
8.3253e-02,-0.21,-0.39
8.3254e-02,-0.29,-0.11
8.3256e-02,-0.225,-0.385
8.3258e-02,-0.29,-0.12
8.3259e-02,-0.275,-0.4
8.3261e-02,-0.27,-0.105
8.3262e-02,-0.255,-0.39
8.3264e-02,-0.215,-0.11
8.3266e-02,-0.195,-0.405
8.3267e-02,-0.26,-0.105
8.3269e-02,-0.23,-0.41
8.3270e-02,-0.275,-0.1
8.3272e-02,-0.235,-0.4
8.3274e-02,-0.18,-0.1
8.3275e-02,-0.245,-0.395
8.3277e-02,-0.28,-0.105
8.3278e-02,-0.37,-0.42
8.3280e-02,-0.23,-0.085
8.3282e-02,-0.315,-0.385
8.3283e-02,-0.26,-0.12
8.3285e-02,-0.285,-0.38
8.3286e-02,-0.195,-0.12
8.3288e-02,-0.19,-0.395
8.3290e-02,-0.225,-0.11
8.3291e-02,-0.185,-0.395
8.3293e-02,-0.375,-0.11
8.3294e-02,-0.24,-0.415
8.3296e-02,-0.28,-0.095
8.3298e-02,-0.2,-0.39
8.3299e-02,-0.285,-0.11
8.3301e-02,-0.305,-0.45
8.3302e-02,-0.35,-0.065
8.3304e-02,-0.25,-0.44
8.3306e-02,-0.25,-0.075
8.3307e-02,-0.295,-0.41
8.3309e-02,-0.27,-0.105
8.3310e-02,-0.21,-0.41
8.3312e-02,-0.185,-0.1
8.3314e-02,-0.17,-0.4
8.3315e-02,-0.28,-0.115
8.3317e-02,-0.23,-0.385
8.3318e-02,-0.315,-0.125
8.3320e-02,-0.28,-0.42
8.3322e-02,-0.225,-0.09
8.3323e-02,-0.315,-0.395
8.3325e-02,-0.245,-0.115
8.3326e-02,-0.355,-0.415
8.3328e-02,-0.255,-0.095
8.3330e-02,-0.245,-0.395
8.3331e-02,-0.25,-0.12
8.3333e-02,-0.26,-0.385
8.3334e-02,-0.31,-0.13
8.3336e-02,-0.315,-0.4
8.3338e-02,-0.28,-0.11
8.3339e-02,-0.335,-0.395
8.3341e-02,-0.255,-0.125
8.3342e-02,-0.26,-0.405
8.3344e-02,-0.19,-0.12
8.3346e-02,-0.155,-0.395
8.3347e-02,-0.24,-0.115
8.3349e-02,-0.345,-0.41
8.3350e-02,-0.29,-0.105
8.3352e-02,-0.285,-0.41
8.3354e-02,-0.27,-0.1
8.3355e-02,-0.235,-0.41
8.3357e-02,-0.33,-0.11
8.3358e-02,-0.36,-0.39
8.3360e-02,-0.27,-0.13
8.3362e-02,-0.285,-0.405
8.3363e-02,-0.18,-0.12
8.3365e-02,-0.27,-0.415
8.3366e-02,-0.3,-0.1
8.3368e-02,-0.135,-0.4
8.3370e-02,-0.3,-0.11
8.3371e-02,-0.245,-0.42
8.3373e-02,-0.33,-0.095
8.3374e-02,-0.295,-0.43
8.3376e-02,-0.22,-0.08
8.3378e-02,-0.265,-0.41
8.3379e-02,-0.255,-0.105
8.3381e-02,-0.24,-0.415
8.3382e-02,-0.33,-0.105
8.3384e-02,-0.21,-0.41
8.3386e-02,-0.215,-0.105
8.3387e-02,-0.22,-0.415
8.3389e-02,-0.22,-0.09
8.3390e-02,-0.27,-0.41
8.3392e-02,-0.3,-0.105
8.3394e-02,-0.255,-0.395
8.3395e-02,-0.265,-0.11
8.3397e-02,-0.275,-0.41
8.3398e-02,-0.305,-0.095
8.3400e-02,-0.29,-0.41
8.3402e-02,-0.245,-0.095
8.3403e-02,-0.18,-0.395
8.3405e-02,-0.28,-0.12
8.3406e-02,-0.22,-0.415
8.3408e-02,-0.28,-0.095
8.3410e-02,-0.2,-0.41
8.3411e-02,-0.21,-0.095
8.3413e-02,-0.285,-0.445
8.3414e-02,-0.225,-0.07
8.3416e-02,-0.33,-0.425
8.3418e-02,-0.195,-0.095
8.3419e-02,-0.265,-0.41
8.3421e-02,-0.265,-0.1
8.3422e-02,-0.27,-0.385
8.3424e-02,-0.265,-0.125
8.3426e-02,-0.27,-0.385
8.3427e-02,-0.235,-0.12
8.3429e-02,-0.28,-0.405
8.3430e-02,-0.255,-0.105
8.3432e-02,-0.365,-0.405
8.3434e-02,-0.31,-0.11
8.3435e-02,-0.275,-0.4
8.3437e-02,-0.25,-0.105
8.3438e-02,-0.35,-0.41
8.3440e-02,-0.31,-0.105
8.3442e-02,-0.275,-0.405
8.3443e-02,-0.245,-0.1
8.3445e-02,-0.28,-0.41
8.3446e-02,-0.31,-0.105
8.3448e-02,-0.245,-0.405
8.3450e-02,-0.23,-0.1
8.3451e-02,-0.13,-0.405
8.3453e-02,-0.265,-0.105
8.3454e-02,-0.24,-0.395
8.3456e-02,-0.265,-0.115
8.3458e-02,-0.3,-0.405
8.3459e-02,-0.29,-0.115
8.3461e-02,-0.28,-0.4
8.3462e-02,-0.34,-0.11
8.3464e-02,-0.275,-0.39
8.3466e-02,-0.34,-0.125
8.3467e-02,-0.27,-0.4
8.3469e-02,-0.25,-0.115
8.3470e-02,-0.255,-0.395
8.3472e-02,-0.215,-0.125
8.3474e-02,-0.35,-0.395
8.3475e-02,-0.21,-0.125
8.3477e-02,-0.23,-0.415
8.3478e-02,-0.22,-0.105
8.3480e-02,-0.295,-0.44
8.3482e-02,-0.29,-0.08
8.3483e-02,-0.205,-0.405
8.3485e-02,-0.17,-0.115
8.3486e-02,-0.235,-0.405
8.3488e-02,-0.245,-0.11
8.3490e-02,-0.21,-0.4
8.3491e-02,-0.255,-0.12
8.3493e-02,-0.235,-0.425
8.3494e-02,-0.28,-0.1
8.3496e-02,-0.295,-0.415
8.3498e-02,-0.245,-0.105
8.3499e-02,-0.315,-0.42
8.3501e-02,-0.205,-0.105
8.3502e-02,-0.245,-0.405
8.3504e-02,-0.235,-0.115
8.3506e-02,-0.27,-0.4
8.3507e-02,-0.25,-0.115
8.3509e-02,-0.255,-0.395
8.3510e-02,-0.195,-0.13
8.3512e-02,-0.28,-0.42
8.3514e-02,-0.2,-0.1
8.3515e-02,-0.23,-0.41
8.3517e-02,-0.17,-0.11
8.3518e-02,-0.27,-0.385
8.3520e-02,-0.225,-0.13
8.3522e-02,-0.385,-0.4
8.3523e-02,-0.225,-0.12
8.3525e-02,-0.19,-0.41
8.3526e-02,-0.225,-0.115
8.3528e-02,-0.29,-0.4
8.3530e-02,-0.295,-0.12
8.3531e-02,-0.215,-0.39
8.3533e-02,-0.25,-0.125
8.3534e-02,-0.245,-0.385
8.3536e-02,-0.31,-0.13
8.3538e-02,-0.345,-0.425
8.3539e-02,-0.31,-0.095
8.3541e-02,-0.24,-0.385
8.3542e-02,-0.305,-0.125
8.3544e-02,-0.235,-0.4
8.3546e-02,-0.3,-0.115
8.3547e-02,-0.3,-0.41
8.3549e-02,-0.225,-0.11
8.3550e-02,-0.27,-0.39
8.3552e-02,-0.27,-0.13
8.3554e-02,-0.335,-0.405
8.3555e-02,-0.34,-0.105
8.3557e-02,-0.265,-0.43
8.3558e-02,-0.305,-0.085
8.3560e-02,-0.215,-0.41
8.3562e-02,-0.31,-0.1
8.3563e-02,-0.26,-0.415
8.3565e-02,-0.22,-0.09
8.3566e-02,-0.265,-0.42
8.3568e-02,-0.28,-0.085
8.3570e-02,-0.26,-0.395
8.3571e-02,-0.275,-0.12
8.3573e-02,-0.215,-0.44
8.3574e-02,-0.3,-0.07
8.3576e-02,-0.22,-0.4
8.3578e-02,-0.265,-0.115
8.3579e-02,-0.145,-0.395
8.3581e-02,-0.255,-0.115
8.3582e-02,-0.17,-0.405
8.3584e-02,-0.285,-0.105
8.3586e-02,-0.295,-0.405
8.3587e-02,-0.25,-0.105
8.3589e-02,-0.275,-0.415
8.3590e-02,-0.19,-0.1
8.3592e-02,-0.275,-0.435
8.3594e-02,-0.29,-0.085
8.3595e-02,-0.18,-0.4
8.3597e-02,-0.18,-0.11
8.3598e-02,-0.175,-0.39
8.3600e-02,-0.235,-0.12
8.3602e-02,-0.355,-0.4
8.3603e-02,-0.18,-0.115
8.3605e-02,-0.285,-0.385
8.3606e-02,-0.195,-0.13
8.3608e-02,-0.285,-0.435
8.3610e-02,-0.305,-0.08
8.3611e-02,-0.26,-0.395
8.3613e-02,-0.29,-0.125
8.3614e-02,-0.195,-0.405
8.3616e-02,-0.27,-0.115
8.3618e-02,-0.27,-0.395
8.3619e-02,-0.255,-0.12
8.3621e-02,-0.29,-0.385
8.3622e-02,-0.195,-0.135
8.3624e-02,-0.17,-0.405
8.3626e-02,-0.23,-0.115
8.3627e-02,-0.295,-0.41
8.3629e-02,-0.3,-0.11
8.3630e-02,-0.24,-0.42
8.3632e-02,-0.23,-0.105
8.3634e-02,-0.285,-0.41
8.3635e-02,-0.27,-0.12
8.3637e-02,-0.25,-0.405
8.3638e-02,-0.24,-0.12
8.3640e-02,-0.165,-0.425
8.3642e-02,-0.28,-0.1
8.3643e-02,-0.2,-0.41
8.3645e-02,-0.27,-0.11
8.3646e-02,-0.16,-0.42
8.3648e-02,-0.295,-0.11
8.3650e-02,-0.23,-0.41
8.3651e-02,-0.255,-0.11
8.3653e-02,-0.215,-0.44
8.3654e-02,-0.265,-0.08
8.3656e-02,-0.245,-0.45
8.3658e-02,-0.32,-0.07
8.3659e-02,-0.255,-0.41
8.3661e-02,-0.245,-0.115
8.3662e-02,-0.205,-0.415
8.3664e-02,-0.28,-0.115
8.3666e-02,-0.3,-0.47
8.3667e-02,-0.3,-0.055
8.3669e-02,-0.365,-0.43
8.3670e-02,-0.275,-0.1
8.3672e-02,-0.31,-0.415
8.3674e-02,-0.3,-0.11
8.3675e-02,-0.25,-0.42
8.3677e-02,-0.28,-0.11
8.3678e-02,-0.17,-0.41
8.3680e-02,-0.265,-0.11
8.3682e-02,-0.17,-0.395
8.3683e-02,-0.275,-0.13
8.3685e-02,-0.2,-0.41
8.3686e-02,-0.265,-0.115
8.3688e-02,-0.205,-0.42
8.3690e-02,-0.25,-0.105
8.3691e-02,-0.24,-0.41
8.3693e-02,-0.325,-0.115
8.3694e-02,-0.215,-0.405
8.3696e-02,-0.225,-0.115
8.3698e-02,-0.245,-0.415
8.3699e-02,-0.32,-0.11
8.3701e-02,-0.295,-0.4
8.3702e-02,-0.2,-0.12
8.3704e-02,-0.32,-0.41
8.3706e-02,-0.28,-0.105
8.3707e-02,-0.26,-0.4
8.3709e-02,-0.33,-0.125
8.3710e-02,-0.19,-0.44
8.3712e-02,-0.305,-0.08
8.3714e-02,-0.265,-0.385
8.3715e-02,-0.325,-0.13
8.3717e-02,-0.285,-0.435
8.3718e-02,-0.25,-0.095
8.3720e-02,-0.265,-0.43
8.3722e-02,-0.21,-0.095
8.3723e-02,-0.26,-0.415
8.3725e-02,-0.22,-0.11
8.3726e-02,-0.275,-0.42
8.3728e-02,-0.175,-0.115
8.3730e-02,-0.21,-0.445
8.3731e-02,-0.24,-0.085
8.3733e-02,-0.295,-0.43
8.3734e-02,-0.22,-0.085
8.3736e-02,-0.28,-0.415
8.3738e-02,-0.16,-0.11
8.3739e-02,-0.335,-0.425
8.3741e-02,-0.255,-0.105
8.3742e-02,-0.335,-0.415
8.3744e-02,-0.21,-0.11
8.3746e-02,-0.275,-0.4
8.3747e-02,-0.29,-0.125
8.3749e-02,-0.33,-0.41
8.3750e-02,-0.275,-0.11
8.3752e-02,-0.275,-0.4
8.3754e-02,-0.255,-0.125
8.3755e-02,-0.29,-0.405
8.3757e-02,-0.325,-0.115
8.3758e-02,-0.25,-0.4
8.3760e-02,-0.195,-0.115
8.3762e-02,-0.27,-0.42
8.3763e-02,-0.245,-0.1
8.3765e-02,-0.33,-0.41
8.3766e-02,-0.25,-0.115
8.3768e-02,-0.225,-0.425
8.3770e-02,-0.27,-0.105
8.3771e-02,-0.275,-0.39
8.3773e-02,-0.345,-0.135
8.3774e-02,-0.215,-0.41
8.3776e-02,-0.265,-0.12
8.3778e-02,-0.215,-0.405
8.3779e-02,-0.295,-0.125
8.3781e-02,-0.29,-0.425
8.3782e-02,-0.275,-0.095
8.3784e-02,-0.275,-0.415
8.3786e-02,-0.23,-0.11
8.3787e-02,-0.265,-0.42
8.3789e-02,-0.295,-0.11
8.3790e-02,-0.29,-0.43
8.3792e-02,-0.235,-0.09
8.3794e-02,-0.195,-0.42
8.3795e-02,-0.225,-0.11
8.3797e-02,-0.26,-0.39
8.3798e-02,-0.31,-0.135
8.3800e-02,-0.17,-0.395
8.3802e-02,-0.295,-0.13
8.3803e-02,-0.265,-0.415
8.3805e-02,-0.285,-0.115
8.3806e-02,-0.285,-0.41
8.3808e-02,-0.235,-0.12
8.3810e-02,-0.23,-0.43
8.3811e-02,-0.225,-0.1
8.3813e-02,-0.29,-0.415
8.3814e-02,-0.23,-0.12
8.3816e-02,-0.185,-0.4
8.3818e-02,-0.255,-0.13
8.3819e-02,-0.205,-0.4
8.3821e-02,-0.245,-0.12
8.3822e-02,-0.26,-0.425
8.3824e-02,-0.185,-0.105
8.3826e-02,-0.24,-0.425
8.3827e-02,-0.24,-0.11
8.3829e-02,-0.25,-0.39
8.3830e-02,-0.285,-0.13
8.3832e-02,-0.245,-0.415
8.3834e-02,-0.27,-0.11
8.3835e-02,-0.215,-0.415
8.3837e-02,-0.325,-0.11
8.3838e-02,-0.215,-0.41
8.3840e-02,-0.245,-0.115
8.3842e-02,-0.245,-0.42
8.3843e-02,-0.165,-0.105
8.3845e-02,-0.295,-0.41
8.3846e-02,-0.24,-0.115
8.3848e-02,-0.365,-0.425
8.3850e-02,-0.27,-0.105
8.3851e-02,-0.285,-0.42
8.3853e-02,-0.305,-0.1
8.3854e-02,-0.31,-0.41
8.3856e-02,-0.285,-0.12
8.3858e-02,-0.31,-0.405
8.3859e-02,-0.235,-0.125
8.3861e-02,-0.275,-0.425
8.3862e-02,-0.235,-0.105
8.3864e-02,-0.285,-0.415
8.3866e-02,-0.275,-0.12
8.3867e-02,-0.22,-0.405
8.3869e-02,-0.35,-0.11
8.3870e-02,-0.32,-0.435
8.3872e-02,-0.285,-0.095
8.3874e-02,-0.235,-0.39
8.3875e-02,-0.17,-0.135
8.3877e-02,-0.22,-0.395
8.3878e-02,-0.275,-0.125
8.3880e-02,-0.3,-0.46
8.3882e-02,-0.31,-0.065
8.3883e-02,-0.21,-0.4
8.3885e-02,-0.26,-0.125
8.3886e-02,-0.265,-0.42
8.3888e-02,-0.27,-0.105
8.3890e-02,-0.265,-0.415
8.3891e-02,-0.225,-0.115
8.3893e-02,-0.3,-0.4
8.3894e-02,-0.335,-0.125
8.3896e-02,-0.3,-0.395
8.3898e-02,-0.215,-0.13
8.3899e-02,-0.18,-0.4
8.3901e-02,-0.225,-0.13
8.3902e-02,-0.29,-0.395
8.3904e-02,-0.32,-0.135
8.3906e-02,-0.265,-0.415
8.3907e-02,-0.24,-0.11
8.3909e-02,-0.23,-0.415
8.3910e-02,-0.3,-0.12
8.3912e-02,-0.315,-0.445
8.3914e-02,-0.155,-0.08
8.3915e-02,-0.23,-0.405
8.3917e-02,-0.175,-0.13
8.3918e-02,-0.365,-0.405
8.3920e-02,-0.255,-0.13
8.3922e-02,-0.3,-0.405
8.3923e-02,-0.275,-0.125
8.3925e-02,-0.215,-0.43
8.3926e-02,-0.295,-0.105
8.3928e-02,-0.22,-0.4
8.3930e-02,-0.255,-0.13
8.3931e-02,-0.265,-0.385
8.3933e-02,-0.265,-0.15
8.3934e-02,-0.255,-0.415
8.3936e-02,-0.26,-0.105
8.3938e-02,-0.155,-0.415
8.3939e-02,-0.26,-0.12
8.3941e-02,-0.275,-0.415
8.3942e-02,-0.34,-0.115
8.3944e-02,-0.34,-0.435
8.3946e-02,-0.205,-0.11
8.3947e-02,-0.2,-0.41
8.3949e-02,-0.17,-0.12
8.3950e-02,-0.23,-0.415
8.3952e-02,-0.31,-0.115
8.3954e-02,-0.27,-0.425
8.3955e-02,-0.265,-0.105
8.3957e-02,-0.275,-0.41
8.3958e-02,-0.29,-0.125
8.3960e-02,-0.345,-0.415
8.3962e-02,-0.215,-0.115
8.3963e-02,-0.23,-0.43
8.3965e-02,-0.29,-0.105
8.3966e-02,-0.18,-0.43
8.3968e-02,-0.305,-0.095
8.3970e-02,-0.18,-0.395
8.3971e-02,-0.295,-0.13
8.3973e-02,-0.315,-0.425
8.3974e-02,-0.33,-0.115
8.3976e-02,-0.3,-0.405
8.3978e-02,-0.295,-0.13
8.3979e-02,-0.235,-0.415
8.3981e-02,-0.27,-0.115
8.3982e-02,-0.21,-0.395
8.3984e-02,-0.195,-0.135
8.3986e-02,-0.27,-0.415
8.3987e-02,-0.23,-0.125
8.3989e-02,-0.265,-0.42
8.3990e-02,-0.345,-0.11
8.3992e-02,-0.325,-0.43
8.3994e-02,-0.325,-0.11
8.3995e-02,-0.295,-0.405
8.3997e-02,-0.255,-0.125
8.3998e-02,-0.235,-0.415
8.4000e-02,-0.255,-0.11
8.4002e-02,-0.21,-0.4
8.4003e-02,-0.175,-0.125
8.4005e-02,-0.24,-0.415
8.4006e-02,-0.32,-0.11
8.4008e-02,-0.355,-0.4
8.4010e-02,-0.3,-0.13
8.4011e-02,-0.295,-0.425
8.4013e-02,-0.34,-0.105
8.4014e-02,-0.33,-0.44
8.4016e-02,-0.33,-0.09
8.4018e-02,-0.24,-0.405
8.4019e-02,-0.275,-0.125
8.4021e-02,-0.315,-0.41
8.4022e-02,-0.28,-0.125
8.4024e-02,-0.28,-0.42
8.4026e-02,-0.25,-0.105
8.4027e-02,-0.25,-0.42
8.4029e-02,-0.235,-0.115
8.4030e-02,-0.28,-0.42
8.4032e-02,-0.235,-0.115
8.4034e-02,-0.245,-0.425
8.4035e-02,-0.165,-0.11
8.4037e-02,-0.255,-0.44
8.4038e-02,-0.3,-0.085
8.4040e-02,-0.24,-0.42
8.4042e-02,-0.235,-0.11
8.4043e-02,-0.19,-0.415
8.4045e-02,-0.245,-0.12
8.4046e-02,-0.275,-0.42
8.4048e-02,-0.2,-0.105
8.4050e-02,-0.22,-0.44
8.4051e-02,-0.17,-0.095
8.4053e-02,-0.215,-0.405
8.4054e-02,-0.265,-0.12
8.4056e-02,-0.225,-0.4
8.4058e-02,-0.27,-0.135
8.4059e-02,-0.23,-0.41
8.4061e-02,-0.31,-0.12
8.4062e-02,-0.26,-0.41
8.4064e-02,-0.21,-0.115
8.4066e-02,-0.185,-0.41
8.4067e-02,-0.21,-0.12
8.4069e-02,-0.18,-0.405
8.4070e-02,-0.23,-0.13
8.4072e-02,-0.165,-0.405
8.4074e-02,-0.255,-0.125
8.4075e-02,-0.185,-0.405
8.4077e-02,-0.32,-0.13
8.4078e-02,-0.32,-0.435
8.4080e-02,-0.295,-0.1
8.4082e-02,-0.22,-0.405
8.4083e-02,-0.225,-0.13
8.4085e-02,-0.29,-0.41
8.4086e-02,-0.29,-0.125
8.4088e-02,-0.275,-0.43
8.4090e-02,-0.24,-0.1
8.4091e-02,-0.325,-0.415
8.4093e-02,-0.3,-0.12
8.4094e-02,-0.355,-0.425
8.4096e-02,-0.295,-0.105
8.4098e-02,-0.27,-0.43
8.4099e-02,-0.285,-0.095
8.4101e-02,-0.23,-0.425
8.4102e-02,-0.26,-0.105
8.4104e-02,-0.23,-0.455
8.4106e-02,-0.2,-0.085
8.4107e-02,-0.17,-0.415
8.4109e-02,-0.225,-0.115
8.4110e-02,-0.245,-0.425
8.4112e-02,-0.27,-0.115
8.4114e-02,-0.19,-0.425
8.4115e-02,-0.26,-0.115
8.4117e-02,-0.255,-0.41
8.4118e-02,-0.265,-0.125
8.4120e-02,-0.25,-0.405
8.4122e-02,-0.235,-0.125
8.4123e-02,-0.27,-0.41
8.4125e-02,-0.28,-0.115
8.4126e-02,-0.295,-0.41
8.4128e-02,-0.28,-0.125
8.4130e-02,-0.215,-0.415
8.4131e-02,-0.265,-0.115
8.4133e-02,-0.21,-0.43
8.4134e-02,-0.28,-0.105
8.4136e-02,-0.235,-0.42
8.4138e-02,-0.2,-0.115
8.4139e-02,-0.265,-0.41
8.4141e-02,-0.35,-0.13
8.4142e-02,-0.31,-0.435
8.4144e-02,-0.345,-0.105
8.4146e-02,-0.27,-0.42
8.4147e-02,-0.29,-0.115
8.4149e-02,-0.29,-0.46
8.4150e-02,-0.265,-0.08
8.4152e-02,-0.285,-0.43
8.4154e-02,-0.22,-0.105
8.4155e-02,-0.22,-0.42
8.4157e-02,-0.255,-0.115
8.4158e-02,-0.26,-0.4
8.4160e-02,-0.29,-0.135
8.4162e-02,-0.29,-0.39
8.4163e-02,-0.235,-0.145
8.4165e-02,-0.3,-0.435
8.4166e-02,-0.27,-0.105
8.4168e-02,-0.275,-0.415
8.4170e-02,-0.215,-0.125
8.4171e-02,-0.245,-0.435
8.4173e-02,-0.255,-0.1
8.4174e-02,-0.265,-0.41
8.4176e-02,-0.305,-0.125
8.4178e-02,-0.29,-0.43
8.4179e-02,-0.27,-0.115
8.4181e-02,-0.28,-0.415
8.4182e-02,-0.275,-0.125
8.4184e-02,-0.24,-0.415
8.4186e-02,-0.255,-0.12
8.4187e-02,-0.24,-0.435
8.4189e-02,-0.275,-0.11
8.4190e-02,-0.33,-0.445
8.4192e-02,-0.28,-0.105
8.4194e-02,-0.265,-0.435
8.4195e-02,-0.305,-0.105
8.4197e-02,-0.285,-0.415
8.4198e-02,-0.34,-0.125
8.4200e-02,-0.335,-0.43
8.4202e-02,-0.31,-0.11
8.4203e-02,-0.315,-0.445
8.4205e-02,-0.23,-0.1
8.4206e-02,-0.35,-0.41
8.4208e-02,-0.345,-0.13
8.4210e-02,-0.275,-0.41
8.4211e-02,-0.29,-0.13
8.4213e-02,-0.26,-0.415
8.4214e-02,-0.33,-0.13
8.4216e-02,-0.315,-0.41
8.4218e-02,-0.325,-0.13
8.4219e-02,-0.265,-0.415
8.4221e-02,-0.295,-0.13
8.4222e-02,-0.235,-0.415
8.4224e-02,-0.26,-0.125
8.4226e-02,-0.245,-0.4
8.4227e-02,-0.18,-0.14
8.4229e-02,-0.28,-0.4
8.4230e-02,-0.235,-0.135
8.4232e-02,-0.29,-0.405
8.4234e-02,-0.27,-0.14
8.4235e-02,-0.175,-0.435
8.4237e-02,-0.31,-0.1
8.4238e-02,-0.24,-0.44
8.4240e-02,-0.28,-0.105
8.4242e-02,-0.255,-0.41
8.4243e-02,-0.215,-0.135
8.4245e-02,-0.22,-0.435
8.4246e-02,-0.225,-0.115
8.4248e-02,-0.265,-0.415
8.4250e-02,-0.255,-0.13
8.4251e-02,-0.225,-0.425
8.4253e-02,-0.205,-0.125
8.4254e-02,-0.27,-0.4
8.4256e-02,-0.285,-0.14
8.4258e-02,-0.265,-0.41
8.4259e-02,-0.3,-0.135
8.4261e-02,-0.26,-0.41
8.4262e-02,-0.29,-0.135
8.4264e-02,-0.335,-0.445
8.4266e-02,-0.29,-0.1
8.4267e-02,-0.305,-0.43
8.4269e-02,-0.23,-0.115
8.4270e-02,-0.24,-0.425
8.4272e-02,-0.29,-0.12
8.4274e-02,-0.285,-0.41
8.4275e-02,-0.28,-0.125
8.4277e-02,-0.31,-0.41
8.4278e-02,-0.315,-0.125
8.4280e-02,-0.395,-0.41
8.4282e-02,-0.34,-0.125
8.4283e-02,-0.32,-0.405
8.4285e-02,-0.34,-0.13
8.4286e-02,-0.285,-0.43
8.4288e-02,-0.31,-0.115
8.4290e-02,-0.285,-0.415
8.4291e-02,-0.2,-0.13
8.4293e-02,-0.255,-0.41
8.4294e-02,-0.2,-0.13
8.4296e-02,-0.3,-0.425
8.4298e-02,-0.225,-0.115
8.4299e-02,-0.26,-0.43
8.4301e-02,-0.205,-0.115
8.4302e-02,-0.29,-0.42
8.4304e-02,-0.24,-0.12
8.4306e-02,-0.26,-0.4
8.4307e-02,-0.25,-0.135
8.4309e-02,-0.195,-0.445
8.4310e-02,-0.29,-0.095
8.4312e-02,-0.255,-0.46
8.4314e-02,-0.295,-0.09
8.4315e-02,-0.31,-0.44
8.4317e-02,-0.26,-0.11
8.4318e-02,-0.335,-0.42
8.4320e-02,-0.26,-0.115
8.4322e-02,-0.36,-0.44
8.4323e-02,-0.365,-0.105
8.4325e-02,-0.24,-0.41
8.4326e-02,-0.305,-0.135
8.4328e-02,-0.335,-0.42
8.4330e-02,-0.27,-0.115
8.4331e-02,-0.3,-0.43
8.4333e-02,-0.245,-0.115
8.4334e-02,-0.23,-0.44
8.4336e-02,-0.33,-0.095
8.4338e-02,-0.21,-0.45
8.4339e-02,-0.29,-0.085
8.4341e-02,-0.17,-0.425
8.4342e-02,-0.225,-0.11
8.4344e-02,-0.225,-0.405
8.4346e-02,-0.29,-0.14
8.4347e-02,-0.2,-0.425
8.4349e-02,-0.265,-0.12
8.4350e-02,-0.25,-0.43
8.4352e-02,-0.25,-0.115
8.4354e-02,-0.29,-0.41
8.4355e-02,-0.255,-0.135
8.4357e-02,-0.23,-0.41
8.4358e-02,-0.175,-0.135
8.4360e-02,-0.295,-0.41
8.4362e-02,-0.265,-0.135
8.4363e-02,-0.305,-0.41
8.4365e-02,-0.26,-0.125
8.4366e-02,-0.275,-0.4
8.4368e-02,-0.305,-0.14
8.4370e-02,-0.285,-0.425
8.4371e-02,-0.265,-0.115
8.4373e-02,-0.28,-0.41
8.4374e-02,-0.13,-0.13
8.4376e-02,-0.26,-0.43
8.4378e-02,-0.22,-0.12
8.4379e-02,-0.275,-0.43
8.4381e-02,-0.215,-0.105
8.4382e-02,-0.315,-0.445
8.4384e-02,-0.27,-0.105
8.4386e-02,-0.395,-0.42
8.4387e-02,-0.3,-0.11
8.4389e-02,-0.255,-0.405
8.4390e-02,-0.325,-0.13
8.4392e-02,-0.295,-0.435
8.4394e-02,-0.275,-0.12
8.4395e-02,-0.245,-0.45
8.4397e-02,-0.19,-0.09
8.4398e-02,-0.225,-0.435
8.4400e-02,-0.305,-0.115
8.4402e-02,-0.305,-0.435
8.4403e-02,-0.31,-0.11
8.4405e-02,-0.315,-0.435
8.4406e-02,-0.3,-0.11
8.4408e-02,-0.295,-0.42
8.4410e-02,-0.325,-0.12
8.4411e-02,-0.235,-0.445
8.4413e-02,-0.275,-0.095
8.4414e-02,-0.29,-0.42
8.4416e-02,-0.27,-0.125
8.4418e-02,-0.37,-0.425
8.4419e-02,-0.345,-0.125
8.4421e-02,-0.28,-0.44
8.4422e-02,-0.31,-0.115
8.4424e-02,-0.245,-0.465
8.4426e-02,-0.305,-0.085
8.4427e-02,-0.33,-0.435
8.4429e-02,-0.21,-0.115
8.4430e-02,-0.25,-0.44
8.4432e-02,-0.29,-0.105
8.4434e-02,-0.215,-0.425
8.4435e-02,-0.31,-0.12
8.4437e-02,-0.265,-0.445
8.4438e-02,-0.26,-0.095
8.4440e-02,-0.31,-0.405
8.4442e-02,-0.31,-0.14
8.4443e-02,-0.27,-0.42
8.4445e-02,-0.28,-0.13
8.4446e-02,-0.28,-0.405
8.4448e-02,-0.31,-0.145
8.4450e-02,-0.365,-0.44
8.4451e-02,-0.195,-0.105
8.4453e-02,-0.32,-0.435
8.4454e-02,-0.23,-0.115
8.4456e-02,-0.27,-0.415
8.4458e-02,-0.335,-0.13
8.4459e-02,-0.295,-0.425
8.4461e-02,-0.235,-0.125
8.4462e-02,-0.215,-0.41
8.4464e-02,-0.265,-0.135
8.4466e-02,-0.22,-0.415
8.4467e-02,-0.295,-0.125
8.4469e-02,-0.265,-0.44
8.4470e-02,-0.265,-0.1
8.4472e-02,-0.34,-0.405
8.4474e-02,-0.335,-0.135
8.4475e-02,-0.29,-0.39
8.4477e-02,-0.325,-0.145
8.4478e-02,-0.185,-0.43
8.4480e-02,-0.305,-0.12
8.4482e-02,-0.3,-0.415
8.4483e-02,-0.315,-0.125
8.4485e-02,-0.25,-0.44
8.4486e-02,-0.305,-0.105
8.4488e-02,-0.215,-0.405
8.4490e-02,-0.39,-0.135
8.4491e-02,-0.3,-0.42
8.4493e-02,-0.305,-0.12
8.4494e-02,-0.245,-0.405
8.4496e-02,-0.235,-0.135
8.4498e-02,-0.2,-0.43
8.4499e-02,-0.29,-0.105
8.4501e-02,-0.195,-0.415
8.4502e-02,-0.235,-0.13
8.4504e-02,-0.23,-0.43
8.4506e-02,-0.295,-0.125
8.4507e-02,-0.19,-0.405
8.4509e-02,-0.355,-0.135
8.4510e-02,-0.25,-0.42
8.4512e-02,-0.28,-0.12
8.4514e-02,-0.255,-0.405
8.4515e-02,-0.31,-0.135
8.4517e-02,-0.22,-0.405
8.4518e-02,-0.265,-0.145
8.4520e-02,-0.205,-0.44
8.4522e-02,-0.265,-0.105
8.4523e-02,-0.28,-0.405
8.4525e-02,-0.225,-0.14
8.4526e-02,-0.245,-0.43
8.4528e-02,-0.255,-0.11
8.4530e-02,-0.255,-0.42
8.4531e-02,-0.27,-0.12
8.4533e-02,-0.27,-0.425
8.4534e-02,-0.16,-0.125
8.4536e-02,-0.24,-0.445
8.4538e-02,-0.285,-0.105
8.4539e-02,-0.24,-0.425
8.4541e-02,-0.245,-0.12
8.4542e-02,-0.26,-0.46
8.4544e-02,-0.28,-0.08
8.4546e-02,-0.295,-0.42
8.4547e-02,-0.31,-0.125
8.4549e-02,-0.265,-0.43
8.4550e-02,-0.25,-0.12
8.4552e-02,-0.265,-0.41
8.4554e-02,-0.34,-0.135
8.4555e-02,-0.32,-0.41
8.4557e-02,-0.25,-0.135
8.4558e-02,-0.205,-0.43
8.4560e-02,-0.305,-0.115
8.4562e-02,-0.275,-0.41
8.4563e-02,-0.37,-0.145
8.4565e-02,-0.315,-0.415
8.4566e-02,-0.3,-0.135
8.4568e-02,-0.23,-0.4
8.4570e-02,-0.305,-0.145
8.4571e-02,-0.26,-0.405
8.4573e-02,-0.27,-0.15
8.4574e-02,-0.315,-0.425
8.4576e-02,-0.27,-0.125
8.4578e-02,-0.28,-0.43
8.4579e-02,-0.335,-0.125
8.4581e-02,-0.3,-0.425
8.4582e-02,-0.345,-0.135
8.4584e-02,-0.255,-0.41
8.4586e-02,-0.22,-0.14
8.4587e-02,-0.24,-0.425
8.4589e-02,-0.255,-0.13
8.4590e-02,-0.215,-0.44
8.4592e-02,-0.295,-0.115
8.4594e-02,-0.255,-0.42
8.4595e-02,-0.31,-0.135
8.4597e-02,-0.245,-0.425
8.4598e-02,-0.28,-0.135
8.4600e-02,-0.21,-0.42
8.4602e-02,-0.295,-0.135
8.4603e-02,-0.21,-0.44
8.4605e-02,-0.295,-0.12
8.4606e-02,-0.14,-0.435
8.4608e-02,-0.265,-0.115
8.4610e-02,-0.27,-0.425
8.4611e-02,-0.375,-0.13
8.4613e-02,-0.34,-0.42
8.4614e-02,-0.275,-0.135
8.4616e-02,-0.29,-0.415
8.4618e-02,-0.245,-0.135
8.4619e-02,-0.325,-0.415
8.4621e-02,-0.275,-0.14
8.4622e-02,-0.285,-0.425
8.4624e-02,-0.245,-0.13
8.4626e-02,-0.23,-0.44
8.4627e-02,-0.35,-0.115
8.4629e-02,-0.235,-0.43
8.4630e-02,-0.31,-0.13
8.4632e-02,-0.21,-0.425
8.4634e-02,-0.265,-0.135
8.4635e-02,-0.325,-0.41
8.4637e-02,-0.28,-0.145
8.4638e-02,-0.27,-0.405
8.4640e-02,-0.245,-0.15
8.4642e-02,-0.195,-0.44
8.4643e-02,-0.325,-0.125
8.4645e-02,-0.32,-0.425
8.4646e-02,-0.33,-0.13
8.4648e-02,-0.26,-0.435
8.4650e-02,-0.325,-0.12
8.4651e-02,-0.26,-0.41
8.4653e-02,-0.27,-0.14
8.4654e-02,-0.18,-0.41
8.4656e-02,-0.235,-0.145
8.4658e-02,-0.185,-0.41
8.4659e-02,-0.295,-0.145
8.4661e-02,-0.29,-0.41
8.4662e-02,-0.265,-0.14
8.4664e-02,-0.3,-0.41
8.4666e-02,-0.24,-0.14
8.4667e-02,-0.33,-0.425
8.4669e-02,-0.305,-0.13
8.4670e-02,-0.3,-0.41
8.4672e-02,-0.235,-0.14
8.4674e-02,-0.365,-0.425
8.4675e-02,-0.295,-0.13
8.4677e-02,-0.315,-0.44
8.4678e-02,-0.315,-0.11
8.4680e-02,-0.26,-0.44
8.4682e-02,-0.29,-0.12
8.4683e-02,-0.24,-0.43
8.4685e-02,-0.32,-0.12
8.4686e-02,-0.26,-0.445
8.4688e-02,-0.265,-0.105
8.4690e-02,-0.24,-0.405
8.4691e-02,-0.38,-0.15
8.4693e-02,-0.3,-0.43
8.4694e-02,-0.295,-0.12
8.4696e-02,-0.25,-0.42
8.4698e-02,-0.265,-0.13
8.4699e-02,-0.21,-0.405
8.4701e-02,-0.24,-0.135
8.4702e-02,-0.195,-0.44
8.4704e-02,-0.17,-0.115
8.4706e-02,-0.21,-0.43
8.4707e-02,-0.31,-0.125
8.4709e-02,-0.21,-0.425
8.4710e-02,-0.305,-0.125
8.4712e-02,-0.25,-0.43
8.4714e-02,-0.29,-0.125
8.4715e-02,-0.325,-0.425
8.4717e-02,-0.24,-0.13
8.4718e-02,-0.245,-0.43
8.4720e-02,-0.245,-0.12
8.4722e-02,-0.21,-0.44
8.4723e-02,-0.325,-0.115
8.4725e-02,-0.29,-0.415
8.4726e-02,-0.33,-0.135
8.4728e-02,-0.25,-0.435
8.4730e-02,-0.33,-0.12
8.4731e-02,-0.33,-0.415
8.4733e-02,-0.295,-0.14
8.4734e-02,-0.285,-0.43
8.4736e-02,-0.225,-0.125
8.4738e-02,-0.22,-0.42
8.4739e-02,-0.215,-0.135
8.4741e-02,-0.23,-0.415
8.4742e-02,-0.235,-0.13
8.4744e-02,-0.245,-0.45
8.4746e-02,-0.265,-0.105
8.4747e-02,-0.305,-0.41
8.4749e-02,-0.335,-0.15
8.4750e-02,-0.27,-0.435
8.4752e-02,-0.285,-0.13
8.4754e-02,-0.325,-0.415
8.4755e-02,-0.3,-0.145
8.4757e-02,-0.33,-0.43
8.4758e-02,-0.25,-0.135
8.4760e-02,-0.27,-0.41
8.4762e-02,-0.235,-0.15
8.4763e-02,-0.245,-0.42
8.4765e-02,-0.32,-0.14
8.4766e-02,-0.185,-0.425
8.4768e-02,-0.33,-0.135
8.4770e-02,-0.3,-0.41
8.4771e-02,-0.335,-0.145
8.4773e-02,-0.315,-0.42
8.4774e-02,-0.27,-0.135
8.4776e-02,-0.26,-0.415
8.4778e-02,-0.255,-0.15
8.4779e-02,-0.275,-0.42
8.4781e-02,-0.295,-0.14
8.4782e-02,-0.31,-0.4
8.4784e-02,-0.24,-0.155
8.4786e-02,-0.265,-0.42
8.4787e-02,-0.24,-0.14
8.4789e-02,-0.29,-0.4
8.4790e-02,-0.285,-0.155
8.4792e-02,-0.27,-0.415
8.4794e-02,-0.295,-0.14
8.4795e-02,-0.295,-0.43
8.4797e-02,-0.25,-0.12
8.4798e-02,-0.31,-0.415
8.4800e-02,-0.255,-0.14
8.4802e-02,-0.28,-0.425
8.4803e-02,-0.3,-0.14
8.4805e-02,-0.3,-0.44
8.4806e-02,-0.285,-0.115
8.4808e-02,-0.265,-0.425
8.4810e-02,-0.325,-0.135
8.4811e-02,-0.31,-0.41
8.4813e-02,-0.305,-0.15
8.4814e-02,-0.245,-0.425
8.4816e-02,-0.22,-0.135
8.4818e-02,-0.23,-0.435
8.4819e-02,-0.28,-0.13
8.4821e-02,-0.345,-0.44
8.4822e-02,-0.275,-0.125
8.4824e-02,-0.24,-0.415
8.4826e-02,-0.275,-0.14
8.4827e-02,-0.28,-0.415
8.4829e-02,-0.355,-0.145
8.4830e-02,-0.24,-0.43
8.4832e-02,-0.275,-0.125
8.4834e-02,-0.235,-0.415
8.4835e-02,-0.22,-0.135
8.4837e-02,-0.32,-0.42
8.4838e-02,-0.265,-0.14
8.4840e-02,-0.31,-0.44
8.4842e-02,-0.245,-0.115
8.4843e-02,-0.24,-0.445
8.4845e-02,-0.3,-0.115
8.4846e-02,-0.36,-0.435
8.4848e-02,-0.29,-0.125
8.4850e-02,-0.255,-0.395
8.4851e-02,-0.315,-0.15
8.4853e-02,-0.29,-0.415
8.4854e-02,-0.295,-0.135
8.4856e-02,-0.32,-0.405
8.4858e-02,-0.19,-0.15
8.4859e-02,-0.275,-0.4
8.4861e-02,-0.245,-0.15
8.4862e-02,-0.265,-0.405
8.4864e-02,-0.26,-0.15
8.4866e-02,-0.25,-0.43
8.4867e-02,-0.3,-0.13
8.4869e-02,-0.265,-0.445
8.4870e-02,-0.245,-0.115
8.4872e-02,-0.325,-0.425
8.4874e-02,-0.285,-0.125
8.4875e-02,-0.23,-0.435
8.4877e-02,-0.335,-0.125
8.4878e-02,-0.3,-0.435
8.4880e-02,-0.265,-0.115
8.4882e-02,-0.29,-0.435
8.4883e-02,-0.285,-0.11
8.4885e-02,-0.265,-0.42
8.4886e-02,-0.31,-0.14
8.4888e-02,-0.22,-0.43
8.4890e-02,-0.28,-0.13
8.4891e-02,-0.285,-0.435
8.4893e-02,-0.29,-0.125
8.4894e-02,-0.295,-0.42
8.4896e-02,-0.275,-0.135
8.4898e-02,-0.215,-0.415
8.4899e-02,-0.265,-0.145
8.4901e-02,-0.33,-0.415
8.4902e-02,-0.34,-0.145
8.4904e-02,-0.33,-0.42
8.4906e-02,-0.265,-0.145
8.4907e-02,-0.325,-0.425
8.4909e-02,-0.345,-0.13
8.4910e-02,-0.27,-0.42
8.4912e-02,-0.27,-0.135
8.4914e-02,-0.165,-0.445
8.4915e-02,-0.19,-0.115
8.4917e-02,-0.285,-0.44
8.4918e-02,-0.29,-0.115
8.4920e-02,-0.295,-0.445
8.4922e-02,-0.3,-0.1
8.4923e-02,-0.26,-0.44
8.4925e-02,-0.375,-0.125
8.4926e-02,-0.36,-0.425
8.4928e-02,-0.34,-0.135
8.4930e-02,-0.28,-0.405
8.4931e-02,-0.225,-0.155
8.4933e-02,-0.205,-0.415
8.4934e-02,-0.305,-0.145
8.4936e-02,-0.24,-0.43
8.4938e-02,-0.235,-0.125
8.4939e-02,-0.28,-0.435
8.4941e-02,-0.205,-0.125
8.4942e-02,-0.31,-0.445
8.4944e-02,-0.34,-0.12
8.4946e-02,-0.34,-0.445
8.4947e-02,-0.3,-0.115
8.4949e-02,-0.325,-0.42
8.4950e-02,-0.235,-0.14
8.4952e-02,-0.335,-0.415
8.4954e-02,-0.22,-0.145
8.4955e-02,-0.28,-0.43
8.4957e-02,-0.215,-0.125
8.4958e-02,-0.235,-0.425
8.4960e-02,-0.265,-0.14
8.4962e-02,-0.27,-0.455
8.4963e-02,-0.28,-0.12
8.4965e-02,-0.27,-0.41
8.4966e-02,-0.31,-0.15
8.4968e-02,-0.315,-0.415
8.4970e-02,-0.255,-0.145
8.4971e-02,-0.275,-0.405
8.4973e-02,-0.275,-0.15
8.4974e-02,-0.3,-0.4
8.4976e-02,-0.27,-0.155
8.4978e-02,-0.28,-0.44
8.4979e-02,-0.17,-0.12
8.4981e-02,-0.28,-0.43
8.4982e-02,-0.3,-0.13
8.4984e-02,-0.3,-0.43
8.4986e-02,-0.34,-0.135
8.4987e-02,-0.285,-0.425
8.4989e-02,-0.235,-0.14
8.4990e-02,-0.305,-0.415
8.4992e-02,-0.255,-0.145
8.4994e-02,-0.255,-0.425
8.4995e-02,-0.305,-0.14
8.4997e-02,-0.23,-0.425
8.4998e-02,-0.255,-0.135
8.5000e-02,-0.25,-0.45
8.5002e-02,-0.31,-0.125
8.5003e-02,-0.31,-0.44
8.5005e-02,-0.29,-0.115
8.5006e-02,-0.39,-0.425
8.5008e-02,-0.29,-0.13
8.5010e-02,-0.33,-0.46
8.5011e-02,-0.305,-0.105
8.5013e-02,-0.28,-0.43
8.5014e-02,-0.28,-0.13
8.5016e-02,-0.305,-0.42
8.5018e-02,-0.265,-0.145
8.5019e-02,-0.22,-0.425
8.5021e-02,-0.205,-0.135
8.5022e-02,-0.23,-0.45
8.5024e-02,-0.255,-0.11
8.5026e-02,-0.315,-0.43
8.5027e-02,-0.26,-0.14
8.5029e-02,-0.245,-0.415
8.5030e-02,-0.24,-0.155
8.5032e-02,-0.19,-0.425
8.5034e-02,-0.255,-0.135
8.5035e-02,-0.255,-0.41
8.5037e-02,-0.18,-0.15
8.5038e-02,-0.29,-0.43
8.5040e-02,-0.255,-0.13
8.5042e-02,-0.295,-0.41
8.5043e-02,-0.27,-0.15
8.5045e-02,-0.31,-0.47
8.5046e-02,-0.235,-0.1
8.5048e-02,-0.3,-0.455
8.5050e-02,-0.31,-0.11
8.5051e-02,-0.35,-0.435
8.5053e-02,-0.35,-0.135
8.5054e-02,-0.305,-0.415
8.5056e-02,-0.255,-0.145
8.5058e-02,-0.32,-0.43
8.5059e-02,-0.26,-0.14
8.5061e-02,-0.31,-0.445
8.5062e-02,-0.235,-0.115
8.5064e-02,-0.35,-0.415
8.5066e-02,-0.225,-0.145
8.5067e-02,-0.265,-0.43
8.5069e-02,-0.295,-0.14
8.5070e-02,-0.2,-0.435
8.5072e-02,-0.275,-0.13
8.5074e-02,-0.335,-0.43
8.5075e-02,-0.345,-0.13
8.5077e-02,-0.28,-0.415
8.5078e-02,-0.235,-0.145
8.5080e-02,-0.24,-0.415
8.5082e-02,-0.235,-0.145
8.5083e-02,-0.3,-0.45
8.5085e-02,-0.305,-0.125
8.5086e-02,-0.275,-0.435
8.5088e-02,-0.3,-0.13
8.5090e-02,-0.335,-0.42
8.5091e-02,-0.31,-0.15
8.5093e-02,-0.325,-0.41
8.5094e-02,-0.29,-0.155
8.5096e-02,-0.245,-0.415
8.5098e-02,-0.295,-0.145
8.5099e-02,-0.33,-0.42
8.5101e-02,-0.27,-0.145
8.5102e-02,-0.255,-0.435
8.5104e-02,-0.3,-0.135
8.5106e-02,-0.3,-0.425
8.5107e-02,-0.29,-0.135
8.5109e-02,-0.39,-0.44
8.5110e-02,-0.22,-0.13
8.5112e-02,-0.265,-0.43
8.5114e-02,-0.285,-0.13
8.5115e-02,-0.275,-0.44
8.5117e-02,-0.295,-0.12
8.5118e-02,-0.275,-0.425
8.5120e-02,-0.205,-0.145
8.5122e-02,-0.265,-0.41
8.5123e-02,-0.27,-0.16
8.5125e-02,-0.375,-0.41
8.5126e-02,-0.28,-0.15
8.5128e-02,-0.345,-0.43
8.5130e-02,-0.325,-0.135
8.5131e-02,-0.355,-0.415
8.5133e-02,-0.3,-0.155
8.5134e-02,-0.265,-0.435
8.5136e-02,-0.245,-0.135
8.5138e-02,-0.235,-0.43
8.5139e-02,-0.285,-0.135
8.5141e-02,-0.275,-0.42
8.5142e-02,-0.265,-0.15
8.5144e-02,-0.225,-0.405
8.5146e-02,-0.235,-0.16
8.5147e-02,-0.295,-0.44
8.5149e-02,-0.305,-0.13
8.5150e-02,-0.3,-0.42
8.5152e-02,-0.285,-0.155
8.5154e-02,-0.28,-0.435
8.5155e-02,-0.24,-0.14
8.5157e-02,-0.245,-0.43
8.5158e-02,-0.355,-0.145
8.5160e-02,-0.225,-0.42
8.5162e-02,-0.255,-0.15
8.5163e-02,-0.23,-0.435
8.5165e-02,-0.32,-0.14
8.5166e-02,-0.26,-0.455
8.5168e-02,-0.32,-0.115
8.5170e-02,-0.25,-0.425
8.5171e-02,-0.235,-0.15
8.5173e-02,-0.32,-0.435
8.5174e-02,-0.29,-0.135
8.5176e-02,-0.32,-0.43
8.5178e-02,-0.25,-0.145
8.5179e-02,-0.29,-0.415
8.5181e-02,-0.275,-0.155
8.5182e-02,-0.28,-0.425
8.5184e-02,-0.25,-0.135
8.5186e-02,-0.27,-0.435
8.5187e-02,-0.22,-0.135
8.5189e-02,-0.255,-0.41
8.5190e-02,-0.3,-0.15
8.5192e-02,-0.27,-0.425
8.5194e-02,-0.24,-0.14
8.5195e-02,-0.315,-0.45
8.5197e-02,-0.305,-0.12
8.5198e-02,-0.37,-0.435
8.5200e-02,-0.365,-0.13
8.5202e-02,-0.27,-0.425
8.5203e-02,-0.35,-0.14
8.5205e-02,-0.25,-0.425
8.5206e-02,-0.33,-0.14
8.5208e-02,-0.29,-0.42
8.5210e-02,-0.28,-0.14
8.5211e-02,-0.215,-0.45
8.5213e-02,-0.31,-0.12
8.5214e-02,-0.29,-0.425
8.5216e-02,-0.35,-0.135
8.5218e-02,-0.34,-0.425
8.5219e-02,-0.34,-0.145
8.5221e-02,-0.31,-0.425
8.5222e-02,-0.365,-0.14
8.5224e-02,-0.275,-0.425
8.5226e-02,-0.29,-0.14
8.5227e-02,-0.23,-0.405
8.5229e-02,-0.32,-0.155
8.5230e-02,-0.28,-0.415
8.5232e-02,-0.33,-0.15
8.5234e-02,-0.3,-0.43
8.5235e-02,-0.36,-0.135
8.5237e-02,-0.27,-0.44
8.5238e-02,-0.345,-0.12
8.5240e-02,-0.275,-0.435
8.5242e-02,-0.23,-0.135
8.5243e-02,-0.21,-0.445
8.5245e-02,-0.28,-0.13
8.5246e-02,-0.225,-0.445
8.5248e-02,-0.315,-0.13
8.5250e-02,-0.245,-0.45
8.5251e-02,-0.315,-0.135
8.5253e-02,-0.22,-0.405
8.5254e-02,-0.28,-0.16
8.5256e-02,-0.32,-0.43
8.5258e-02,-0.33,-0.14
8.5259e-02,-0.27,-0.45
8.5261e-02,-0.35,-0.12
8.5262e-02,-0.29,-0.435
8.5264e-02,-0.33,-0.135
8.5266e-02,-0.34,-0.43
8.5267e-02,-0.25,-0.15
8.5269e-02,-0.28,-0.435
8.5270e-02,-0.265,-0.135
8.5272e-02,-0.31,-0.45
8.5274e-02,-0.37,-0.12
8.5275e-02,-0.27,-0.43
8.5277e-02,-0.325,-0.14
8.5278e-02,-0.315,-0.43
8.5280e-02,-0.25,-0.15
8.5282e-02,-0.385,-0.42
8.5283e-02,-0.19,-0.15
8.5285e-02,-0.285,-0.44
8.5286e-02,-0.22,-0.135
8.5288e-02,-0.295,-0.45
8.5290e-02,-0.27,-0.115
8.5291e-02,-0.275,-0.445
8.5293e-02,-0.29,-0.13
8.5294e-02,-0.26,-0.425
8.5296e-02,-0.355,-0.145
8.5298e-02,-0.24,-0.43
8.5299e-02,-0.38,-0.135
8.5301e-02,-0.2,-0.425
8.5302e-02,-0.285,-0.15
8.5304e-02,-0.285,-0.445
8.5306e-02,-0.265,-0.13
8.5307e-02,-0.315,-0.455
8.5309e-02,-0.235,-0.12
8.5310e-02,-0.265,-0.42
8.5312e-02,-0.255,-0.15
8.5314e-02,-0.305,-0.44
8.5315e-02,-0.325,-0.13
8.5317e-02,-0.38,-0.435
8.5318e-02,-0.235,-0.14
8.5320e-02,-0.37,-0.42
8.5322e-02,-0.28,-0.16
8.5323e-02,-0.33,-0.43
8.5325e-02,-0.27,-0.15
8.5326e-02,-0.22,-0.42
8.5328e-02,-0.295,-0.15
8.5330e-02,-0.27,-0.425
8.5331e-02,-0.28,-0.15
8.5333e-02,-0.32,-0.445
8.5334e-02,-0.265,-0.135
8.5336e-02,-0.28,-0.45
8.5338e-02,-0.38,-0.12
8.5339e-02,-0.285,-0.425
8.5341e-02,-0.315,-0.15
8.5342e-02,-0.29,-0.445
8.5344e-02,-0.255,-0.125
8.5346e-02,-0.265,-0.435
8.5347e-02,-0.265,-0.135
8.5349e-02,-0.29,-0.415
8.5350e-02,-0.27,-0.155
8.5352e-02,-0.245,-0.415
8.5354e-02,-0.295,-0.16
8.5355e-02,-0.36,-0.415
8.5357e-02,-0.345,-0.15
8.5358e-02,-0.33,-0.405
8.5360e-02,-0.345,-0.16
8.5362e-02,-0.29,-0.44
8.5363e-02,-0.355,-0.135
8.5365e-02,-0.345,-0.425
8.5366e-02,-0.305,-0.145
8.5368e-02,-0.34,-0.42
8.5370e-02,-0.26,-0.155
8.5371e-02,-0.31,-0.44
8.5373e-02,-0.35,-0.135
8.5374e-02,-0.315,-0.425
8.5376e-02,-0.315,-0.155
8.5378e-02,-0.26,-0.435
8.5379e-02,-0.3,-0.135
8.5381e-02,-0.31,-0.425
8.5382e-02,-0.255,-0.14
8.5384e-02,-0.355,-0.415
8.5386e-02,-0.23,-0.155
8.5387e-02,-0.34,-0.425
8.5389e-02,-0.35,-0.14
8.5390e-02,-0.365,-0.405
8.5392e-02,-0.29,-0.165
8.5394e-02,-0.31,-0.435
8.5395e-02,-0.33,-0.135
8.5397e-02,-0.265,-0.465
8.5398e-02,-0.31,-0.115
8.5400e-02,-0.17,-0.425
8.5402e-02,-0.23,-0.135
8.5403e-02,-0.265,-0.47
8.5405e-02,-0.25,-0.11
8.5406e-02,-0.31,-0.435
8.5408e-02,-0.35,-0.135
8.5410e-02,-0.27,-0.44
8.5411e-02,-0.295,-0.13
8.5413e-02,-0.305,-0.45
8.5414e-02,-0.33,-0.13
8.5416e-02,-0.295,-0.42
8.5418e-02,-0.295,-0.155
8.5419e-02,-0.185,-0.435
8.5421e-02,-0.265,-0.135
8.5422e-02,-0.265,-0.425
8.5424e-02,-0.24,-0.15
8.5426e-02,-0.29,-0.445
8.5427e-02,-0.23,-0.13
8.5429e-02,-0.325,-0.42
8.5430e-02,-0.29,-0.155
8.5432e-02,-0.305,-0.43
8.5434e-02,-0.25,-0.145
8.5435e-02,-0.26,-0.42
8.5437e-02,-0.16,-0.155
8.5438e-02,-0.3,-0.41
8.5440e-02,-0.245,-0.16
8.5442e-02,-0.29,-0.415
8.5443e-02,-0.24,-0.155
8.5445e-02,-0.35,-0.445
8.5446e-02,-0.33,-0.14
8.5448e-02,-0.36,-0.435
8.5450e-02,-0.33,-0.145
8.5451e-02,-0.3,-0.44
8.5453e-02,-0.27,-0.125
8.5454e-02,-0.305,-0.445
8.5456e-02,-0.24,-0.135
8.5458e-02,-0.32,-0.43
8.5459e-02,-0.245,-0.145
8.5461e-02,-0.28,-0.435
8.5462e-02,-0.3,-0.14
8.5464e-02,-0.385,-0.42
8.5466e-02,-0.275,-0.155
8.5467e-02,-0.375,-0.44
8.5469e-02,-0.27,-0.13
8.5470e-02,-0.235,-0.425
8.5472e-02,-0.26,-0.145
8.5474e-02,-0.255,-0.42
8.5475e-02,-0.24,-0.155
8.5477e-02,-0.26,-0.43
8.5478e-02,-0.25,-0.14
8.5480e-02,-0.31,-0.42
8.5482e-02,-0.32,-0.155
8.5483e-02,-0.315,-0.425
8.5485e-02,-0.24,-0.15
8.5486e-02,-0.285,-0.42
8.5488e-02,-0.325,-0.155
8.5490e-02,-0.26,-0.425
8.5491e-02,-0.355,-0.15
8.5493e-02,-0.3,-0.425
8.5494e-02,-0.29,-0.155
8.5496e-02,-0.285,-0.43
8.5498e-02,-0.385,-0.14
8.5499e-02,-0.25,-0.415
8.5501e-02,-0.27,-0.16
8.5502e-02,-0.245,-0.44
8.5504e-02,-0.27,-0.14
8.5506e-02,-0.32,-0.455
8.5507e-02,-0.345,-0.12
8.5509e-02,-0.28,-0.445
8.5510e-02,-0.28,-0.13
8.5512e-02,-0.33,-0.435
8.5514e-02,-0.27,-0.135
8.5515e-02,-0.31,-0.44
8.5517e-02,-0.32,-0.135
8.5518e-02,-0.28,-0.45
8.5520e-02,-0.29,-0.13
8.5522e-02,-0.29,-0.425
8.5523e-02,-0.37,-0.155
8.5525e-02,-0.3,-0.435
8.5526e-02,-0.325,-0.135
8.5528e-02,-0.25,-0.445
8.5530e-02,-0.245,-0.13
8.5531e-02,-0.24,-0.43
8.5533e-02,-0.245,-0.14
8.5534e-02,-0.205,-0.44
8.5536e-02,-0.24,-0.14
8.5538e-02,-0.27,-0.43
8.5539e-02,-0.305,-0.15
8.5541e-02,-0.31,-0.445
8.5542e-02,-0.35,-0.13
8.5544e-02,-0.3,-0.44
8.5546e-02,-0.245,-0.145
8.5547e-02,-0.35,-0.435
8.5549e-02,-0.285,-0.14
8.5550e-02,-0.33,-0.465
8.5552e-02,-0.225,-0.115
8.5554e-02,-0.295,-0.44
8.5555e-02,-0.25,-0.135
8.5557e-02,-0.36,-0.425
8.5558e-02,-0.25,-0.155
8.5560e-02,-0.26,-0.43
8.5562e-02,-0.26,-0.15
8.5563e-02,-0.295,-0.445
8.5565e-02,-0.31,-0.135
8.5566e-02,-0.27,-0.44
8.5568e-02,-0.33,-0.135
8.5570e-02,-0.26,-0.425
8.5571e-02,-0.26,-0.15
8.5573e-02,-0.31,-0.42
8.5574e-02,-0.355,-0.155
8.5576e-02,-0.325,-0.42
8.5578e-02,-0.3,-0.155
8.5579e-02,-0.3,-0.46
8.5581e-02,-0.275,-0.125
8.5582e-02,-0.435,-0.425
8.5584e-02,-0.255,-0.145
8.5586e-02,-0.335,-0.435
8.5587e-02,-0.295,-0.145
8.5589e-02,-0.285,-0.43
8.5590e-02,-0.28,-0.145
8.5592e-02,-0.33,-0.43
8.5594e-02,-0.265,-0.14
8.5595e-02,-0.235,-0.45
8.5597e-02,-0.315,-0.125
8.5598e-02,-0.255,-0.46
8.5600e-02,-0.37,-0.12
8.5602e-02,-0.24,-0.465
8.5603e-02,-0.28,-0.125
8.5605e-02,-0.265,-0.465
8.5606e-02,-0.365,-0.12
8.5608e-02,-0.23,-0.435
8.5610e-02,-0.275,-0.145
8.5611e-02,-0.215,-0.435
8.5613e-02,-0.245,-0.145
8.5614e-02,-0.23,-0.43
8.5616e-02,-0.255,-0.15
8.5618e-02,-0.275,-0.445
8.5619e-02,-0.24,-0.14
8.5621e-02,-0.195,-0.45
8.5622e-02,-0.275,-0.13
8.5624e-02,-0.26,-0.445
8.5626e-02,-0.325,-0.135
8.5627e-02,-0.28,-0.45
8.5629e-02,-0.27,-0.135
8.5630e-02,-0.32,-0.455
8.5632e-02,-0.38,-0.13
8.5634e-02,-0.365,-0.43
8.5635e-02,-0.33,-0.155
8.5637e-02,-0.36,-0.44
8.5638e-02,-0.195,-0.14
8.5640e-02,-0.33,-0.425
8.5642e-02,-0.22,-0.15
8.5643e-02,-0.22,-0.44
8.5645e-02,-0.19,-0.145
8.5646e-02,-0.27,-0.425
8.5648e-02,-0.195,-0.15
8.5650e-02,-0.39,-0.455
8.5651e-02,-0.27,-0.135
8.5653e-02,-0.33,-0.46
8.5654e-02,-0.275,-0.125
8.5656e-02,-0.305,-0.435
8.5658e-02,-0.355,-0.145
8.5659e-02,-0.33,-0.425
8.5661e-02,-0.26,-0.155
8.5662e-02,-0.255,-0.45
8.5664e-02,-0.31,-0.14
8.5666e-02,-0.295,-0.46
8.5667e-02,-0.3,-0.12
8.5669e-02,-0.275,-0.43
8.5670e-02,-0.255,-0.145
8.5672e-02,-0.27,-0.44
8.5674e-02,-0.4,-0.145
8.5675e-02,-0.3,-0.43
8.5677e-02,-0.36,-0.145
8.5678e-02,-0.32,-0.435
8.5680e-02,-0.33,-0.145
8.5682e-02,-0.355,-0.45
8.5683e-02,-0.355,-0.135
8.5685e-02,-0.27,-0.44
8.5686e-02,-0.345,-0.14
8.5688e-02,-0.255,-0.42
8.5690e-02,-0.31,-0.155
8.5691e-02,-0.245,-0.435
8.5693e-02,-0.33,-0.145
8.5694e-02,-0.245,-0.43
8.5696e-02,-0.275,-0.15
8.5698e-02,-0.3,-0.455
8.5699e-02,-0.275,-0.13
8.5701e-02,-0.285,-0.44
8.5702e-02,-0.28,-0.145
8.5704e-02,-0.22,-0.46
8.5706e-02,-0.21,-0.125
8.5707e-02,-0.245,-0.44
8.5709e-02,-0.23,-0.14
8.5710e-02,-0.265,-0.45
8.5712e-02,-0.18,-0.135
8.5714e-02,-0.305,-0.435
8.5715e-02,-0.285,-0.145
8.5717e-02,-0.34,-0.42
8.5718e-02,-0.215,-0.16
8.5720e-02,-0.28,-0.445
8.5722e-02,-0.19,-0.145
8.5723e-02,-0.29,-0.44
8.5725e-02,-0.385,-0.14
8.5726e-02,-0.29,-0.445
8.5728e-02,-0.26,-0.14
8.5730e-02,-0.265,-0.435
8.5731e-02,-0.19,-0.15
8.5733e-02,-0.33,-0.435
8.5734e-02,-0.22,-0.145
8.5736e-02,-0.27,-0.44
8.5738e-02,-0.275,-0.15
8.5739e-02,-0.295,-0.44
8.5741e-02,-0.29,-0.135
8.5742e-02,-0.355,-0.445
8.5744e-02,-0.29,-0.13
8.5746e-02,-0.3,-0.45
8.5747e-02,-0.35,-0.135
8.5749e-02,-0.33,-0.445
8.5750e-02,-0.325,-0.13
8.5752e-02,-0.375,-0.46
8.5754e-02,-0.275,-0.125
8.5755e-02,-0.27,-0.435
8.5757e-02,-0.35,-0.145
8.5758e-02,-0.245,-0.435
8.5760e-02,-0.255,-0.155
8.5762e-02,-0.2,-0.435
8.5763e-02,-0.2,-0.145
8.5765e-02,-0.29,-0.45
8.5766e-02,-0.29,-0.135
8.5768e-02,-0.255,-0.435
8.5770e-02,-0.3,-0.145
8.5771e-02,-0.295,-0.45
8.5773e-02,-0.315,-0.13
8.5774e-02,-0.365,-0.465
8.5776e-02,-0.28,-0.115
8.5778e-02,-0.285,-0.495
8.5779e-02,-0.32,-0.085
8.5781e-02,-0.24,-0.485
8.5782e-02,-0.265,-0.1
8.5784e-02,-0.29,-0.455
8.5786e-02,-0.24,-0.12
8.5787e-02,-0.265,-0.43
8.5789e-02,-0.275,-0.15
8.5790e-02,-0.335,-0.44
8.5792e-02,-0.275,-0.145
8.5794e-02,-0.26,-0.415
8.5795e-02,-0.28,-0.16
8.5797e-02,-0.23,-0.435
8.5798e-02,-0.305,-0.135
8.5800e-02,-0.25,-0.46
8.5802e-02,-0.32,-0.12
8.5803e-02,-0.295,-0.455
8.5805e-02,-0.29,-0.125
8.5806e-02,-0.34,-0.445
8.5808e-02,-0.26,-0.14
8.5810e-02,-0.235,-0.435
8.5811e-02,-0.255,-0.14
8.5813e-02,-0.255,-0.43
8.5814e-02,-0.295,-0.15
8.5816e-02,-0.31,-0.43
8.5818e-02,-0.26,-0.15
8.5819e-02,-0.31,-0.44
8.5821e-02,-0.255,-0.145
8.5822e-02,-0.295,-0.42
8.5824e-02,-0.25,-0.16
8.5826e-02,-0.255,-0.435
8.5827e-02,-0.21,-0.14
8.5829e-02,-0.28,-0.445
8.5830e-02,-0.355,-0.14
8.5832e-02,-0.31,-0.42
8.5834e-02,-0.31,-0.16
8.5835e-02,-0.295,-0.43
8.5837e-02,-0.245,-0.15
8.5838e-02,-0.34,-0.43
8.5840e-02,-0.265,-0.155
8.5842e-02,-0.35,-0.435
8.5843e-02,-0.31,-0.15
8.5845e-02,-0.375,-0.44
8.5846e-02,-0.29,-0.14
8.5848e-02,-0.385,-0.445
8.5850e-02,-0.26,-0.14
8.5851e-02,-0.31,-0.465
8.5853e-02,-0.26,-0.125
8.5854e-02,-0.275,-0.435
8.5856e-02,-0.365,-0.155
8.5858e-02,-0.335,-0.475
8.5859e-02,-0.305,-0.105
8.5861e-02,-0.255,-0.45
8.5862e-02,-0.325,-0.14
8.5864e-02,-0.27,-0.46
8.5866e-02,-0.32,-0.14
8.5867e-02,-0.215,-0.445
8.5869e-02,-0.34,-0.135
8.5870e-02,-0.375,-0.43
8.5872e-02,-0.375,-0.16
8.5874e-02,-0.265,-0.465
8.5875e-02,-0.265,-0.125
8.5877e-02,-0.23,-0.445
8.5878e-02,-0.22,-0.15
8.5880e-02,-0.305,-0.44
8.5882e-02,-0.235,-0.14
8.5883e-02,-0.315,-0.445
8.5885e-02,-0.355,-0.145
8.5886e-02,-0.34,-0.435
8.5888e-02,-0.345,-0.16
8.5890e-02,-0.29,-0.45
8.5891e-02,-0.23,-0.14
8.5893e-02,-0.24,-0.44
8.5894e-02,-0.295,-0.15
8.5896e-02,-0.23,-0.45
8.5898e-02,-0.365,-0.135
8.5899e-02,-0.29,-0.43
8.5901e-02,-0.305,-0.155
8.5902e-02,-0.375,-0.45
8.5904e-02,-0.35,-0.14
8.5906e-02,-0.275,-0.435
8.5907e-02,-0.315,-0.155
8.5909e-02,-0.21,-0.45
8.5910e-02,-0.35,-0.135
8.5912e-02,-0.36,-0.435
8.5914e-02,-0.3,-0.15
8.5915e-02,-0.25,-0.45
8.5917e-02,-0.285,-0.135
8.5918e-02,-0.23,-0.455
8.5920e-02,-0.305,-0.14
8.5922e-02,-0.265,-0.43
8.5923e-02,-0.23,-0.16
8.5925e-02,-0.24,-0.43
8.5926e-02,-0.31,-0.155
8.5928e-02,-0.325,-0.44
8.5930e-02,-0.285,-0.145
8.5931e-02,-0.31,-0.46
8.5933e-02,-0.25,-0.135
8.5934e-02,-0.225,-0.445
8.5936e-02,-0.335,-0.14
8.5938e-02,-0.33,-0.455
8.5939e-02,-0.33,-0.13
8.5941e-02,-0.32,-0.43
8.5942e-02,-0.355,-0.15
8.5944e-02,-0.39,-0.46
8.5946e-02,-0.325,-0.13
8.5947e-02,-0.41,-0.44
8.5949e-02,-0.255,-0.15
8.5950e-02,-0.28,-0.44
8.5952e-02,-0.305,-0.155
8.5954e-02,-0.32,-0.43
8.5955e-02,-0.275,-0.155
8.5957e-02,-0.32,-0.445
8.5958e-02,-0.275,-0.145
8.5960e-02,-0.3,-0.435
8.5962e-02,-0.3,-0.15
8.5963e-02,-0.27,-0.445
8.5965e-02,-0.22,-0.135
8.5966e-02,-0.255,-0.44
8.5968e-02,-0.285,-0.14
8.5970e-02,-0.29,-0.455
8.5971e-02,-0.235,-0.13
8.5973e-02,-0.305,-0.435
8.5974e-02,-0.25,-0.145
8.5976e-02,-0.27,-0.45
8.5978e-02,-0.29,-0.13
8.5979e-02,-0.26,-0.435
8.5981e-02,-0.21,-0.155
8.5982e-02,-0.205,-0.445
8.5984e-02,-0.315,-0.135
8.5986e-02,-0.18,-0.425
8.5987e-02,-0.285,-0.16
8.5989e-02,-0.24,-0.455
8.5990e-02,-0.285,-0.13
8.5992e-02,-0.305,-0.43
8.5994e-02,-0.335,-0.15
8.5995e-02,-0.4,-0.425
8.5997e-02,-0.31,-0.15
8.5998e-02,-0.395,-0.42
8.6000e-02,-0.32,-0.165
8.6002e-02,-0.365,-0.425
8.6003e-02,-0.205,-0.15
8.6005e-02,-0.3,-0.415
8.6006e-02,-0.2,-0.17
8.6008e-02,-0.27,-0.435
8.6010e-02,-0.295,-0.15
8.6011e-02,-0.335,-0.445
8.6013e-02,-0.285,-0.145
8.6014e-02,-0.375,-0.425
8.6016e-02,-0.35,-0.155
8.6018e-02,-0.315,-0.425
8.6019e-02,-0.275,-0.16
8.6021e-02,-0.29,-0.435
8.6022e-02,-0.27,-0.15
8.6024e-02,-0.265,-0.42
8.6026e-02,-0.35,-0.17
8.6027e-02,-0.345,-0.44
8.6029e-02,-0.28,-0.145
8.6030e-02,-0.345,-0.425
8.6032e-02,-0.33,-0.155
8.6034e-02,-0.29,-0.465
8.6035e-02,-0.28,-0.135
8.6037e-02,-0.245,-0.435
8.6038e-02,-0.25,-0.15
8.6040e-02,-0.23,-0.43
8.6042e-02,-0.275,-0.15
8.6043e-02,-0.275,-0.435
8.6045e-02,-0.24,-0.155
8.6046e-02,-0.31,-0.43
8.6048e-02,-0.29,-0.155
8.6050e-02,-0.31,-0.455
8.6051e-02,-0.28,-0.13
8.6053e-02,-0.28,-0.445
8.6054e-02,-0.2,-0.15
8.6056e-02,-0.255,-0.465
8.6058e-02,-0.26,-0.135
8.6059e-02,-0.26,-0.465
8.6061e-02,-0.305,-0.135
8.6062e-02,-0.315,-0.475
8.6064e-02,-0.355,-0.125
8.6066e-02,-0.29,-0.44
8.6067e-02,-0.375,-0.15
8.6069e-02,-0.245,-0.435
8.6070e-02,-0.25,-0.155
8.6072e-02,-0.34,-0.425
8.6074e-02,-0.28,-0.165
8.6075e-02,-0.27,-0.435
8.6077e-02,-0.285,-0.15
8.6078e-02,-0.31,-0.465
8.6080e-02,-0.255,-0.13
8.6082e-02,-0.215,-0.44
8.6083e-02,-0.29,-0.15
8.6085e-02,-0.155,-0.445
8.6086e-02,-0.325,-0.15
8.6088e-02,-0.32,-0.455
8.6090e-02,-0.325,-0.13
8.6091e-02,-0.255,-0.45
8.6093e-02,-0.28,-0.145
8.6094e-02,-0.275,-0.45
8.6096e-02,-0.265,-0.135
8.6098e-02,-0.325,-0.445
8.6099e-02,-0.315,-0.155
8.6101e-02,-0.32,-0.445
8.6102e-02,-0.295,-0.15
8.6104e-02,-0.41,-0.465
8.6106e-02,-0.345,-0.125
8.6107e-02,-0.305,-0.44
8.6109e-02,-0.21,-0.155
8.6110e-02,-0.25,-0.45
8.6112e-02,-0.215,-0.15
8.6114e-02,-0.32,-0.47
8.6115e-02,-0.3,-0.125
8.6117e-02,-0.26,-0.455
8.6118e-02,-0.335,-0.135
8.6120e-02,-0.28,-0.46
8.6122e-02,-0.345,-0.135
8.6123e-02,-0.29,-0.43
8.6125e-02,-0.395,-0.165
8.6126e-02,-0.3,-0.435
8.6128e-02,-0.395,-0.155
8.6130e-02,-0.265,-0.435
8.6131e-02,-0.285,-0.16
8.6133e-02,-0.195,-0.435
8.6134e-02,-0.305,-0.16
8.6136e-02,-0.265,-0.435
8.6138e-02,-0.28,-0.16
8.6139e-02,-0.35,-0.43
8.6141e-02,-0.22,-0.16
8.6142e-02,-0.4,-0.43
8.6144e-02,-0.275,-0.16
8.6146e-02,-0.3,-0.45
8.6147e-02,-0.215,-0.14
8.6149e-02,-0.305,-0.455
8.6150e-02,-0.275,-0.14
8.6152e-02,-0.325,-0.425
8.6154e-02,-0.315,-0.165
8.6155e-02,-0.34,-0.425
8.6157e-02,-0.205,-0.17
8.6158e-02,-0.27,-0.435
8.6160e-02,-0.28,-0.155
8.6162e-02,-0.31,-0.435
8.6163e-02,-0.265,-0.15
8.6165e-02,-0.325,-0.47
8.6166e-02,-0.28,-0.135
8.6168e-02,-0.355,-0.435
8.6170e-02,-0.29,-0.155
8.6171e-02,-0.255,-0.435
8.6173e-02,-0.3,-0.155
8.6174e-02,-0.29,-0.47
8.6176e-02,-0.365,-0.12
8.6178e-02,-0.305,-0.45
8.6179e-02,-0.25,-0.14
8.6181e-02,-0.225,-0.445
8.6182e-02,-0.24,-0.15
8.6184e-02,-0.335,-0.44
8.6186e-02,-0.23,-0.155
8.6187e-02,-0.3,-0.445
8.6189e-02,-0.215,-0.145
8.6190e-02,-0.325,-0.445
8.6192e-02,-0.255,-0.145
8.6194e-02,-0.355,-0.485
8.6195e-02,-0.24,-0.115
8.6197e-02,-0.28,-0.445
8.6198e-02,-0.3,-0.135
8.6200e-02,-0.345,-0.45
8.6202e-02,-0.405,-0.145
8.6203e-02,-0.31,-0.45
8.6205e-02,-0.255,-0.145
8.6206e-02,-0.24,-0.45
8.6208e-02,-0.28,-0.145
8.6210e-02,-0.225,-0.435
8.6211e-02,-0.305,-0.155
8.6213e-02,-0.265,-0.45
8.6214e-02,-0.265,-0.145
8.6216e-02,-0.305,-0.43
8.6218e-02,-0.32,-0.165
8.6219e-02,-0.25,-0.44
8.6221e-02,-0.32,-0.15
8.6222e-02,-0.33,-0.455
8.6224e-02,-0.345,-0.14
8.6226e-02,-0.38,-0.47
8.6227e-02,-0.285,-0.12
8.6229e-02,-0.26,-0.455
8.6230e-02,-0.355,-0.145
8.6232e-02,-0.26,-0.435
8.6234e-02,-0.31,-0.16
8.6235e-02,-0.28,-0.43
8.6237e-02,-0.28,-0.16
8.6238e-02,-0.29,-0.47
8.6240e-02,-0.335,-0.125
8.6242e-02,-0.215,-0.445
8.6243e-02,-0.265,-0.155
8.6245e-02,-0.225,-0.44
8.6246e-02,-0.245,-0.155
8.6248e-02,-0.32,-0.45
8.6250e-02,-0.255,-0.14
8.6251e-02,-0.295,-0.44
8.6253e-02,-0.235,-0.155
8.6254e-02,-0.28,-0.43
8.6256e-02,-0.24,-0.16
8.6258e-02,-0.36,-0.46
8.6259e-02,-0.33,-0.14
8.6261e-02,-0.3,-0.445
8.6262e-02,-0.285,-0.15
8.6264e-02,-0.335,-0.45
8.6266e-02,-0.225,-0.145
8.6267e-02,-0.295,-0.43
8.6269e-02,-0.24,-0.16
8.6270e-02,-0.25,-0.435
8.6272e-02,-0.35,-0.16
8.6274e-02,-0.245,-0.455
8.6275e-02,-0.285,-0.14
8.6277e-02,-0.245,-0.425
8.6278e-02,-0.27,-0.17
8.6280e-02,-0.285,-0.435
8.6282e-02,-0.335,-0.16
8.6283e-02,-0.29,-0.455
8.6285e-02,-0.345,-0.145
8.6286e-02,-0.365,-0.44
8.6288e-02,-0.355,-0.16
8.6290e-02,-0.255,-0.435
8.6291e-02,-0.295,-0.17
8.6293e-02,-0.27,-0.46
8.6294e-02,-0.37,-0.14
8.6296e-02,-0.28,-0.45
8.6298e-02,-0.265,-0.15
8.6299e-02,-0.18,-0.46
8.6301e-02,-0.3,-0.14
8.6302e-02,-0.22,-0.435
8.6304e-02,-0.37,-0.16
8.6306e-02,-0.32,-0.435
8.6307e-02,-0.28,-0.155
8.6309e-02,-0.305,-0.45
8.6310e-02,-0.3,-0.15
8.6312e-02,-0.29,-0.425
8.6314e-02,-0.245,-0.17
8.6315e-02,-0.34,-0.445
8.6317e-02,-0.28,-0.145
8.6318e-02,-0.36,-0.45
8.6320e-02,-0.285,-0.145
8.6322e-02,-0.305,-0.445
8.6323e-02,-0.28,-0.16
8.6325e-02,-0.355,-0.465
8.6326e-02,-0.335,-0.135
8.6328e-02,-0.37,-0.435
8.6330e-02,-0.305,-0.155
8.6331e-02,-0.275,-0.435
8.6333e-02,-0.34,-0.16
8.6334e-02,-0.36,-0.44
8.6336e-02,-0.25,-0.155
8.6338e-02,-0.295,-0.455
8.6339e-02,-0.265,-0.14
8.6341e-02,-0.28,-0.44
8.6342e-02,-0.33,-0.16
8.6344e-02,-0.305,-0.445
8.6346e-02,-0.285,-0.15
8.6347e-02,-0.335,-0.44
8.6349e-02,-0.355,-0.155
8.6350e-02,-0.285,-0.43
8.6352e-02,-0.3,-0.165
8.6354e-02,-0.3,-0.455
8.6355e-02,-0.265,-0.14
8.6357e-02,-0.305,-0.455
8.6358e-02,-0.285,-0.14
8.6360e-02,-0.23,-0.455
8.6362e-02,-0.295,-0.145
8.6363e-02,-0.27,-0.445
8.6365e-02,-0.315,-0.15
8.6366e-02,-0.345,-0.455
8.6368e-02,-0.305,-0.135
8.6370e-02,-0.27,-0.43
8.6371e-02,-0.32,-0.155
8.6373e-02,-0.335,-0.445
8.6374e-02,-0.365,-0.15
8.6376e-02,-0.3,-0.435
8.6378e-02,-0.29,-0.16
8.6379e-02,-0.23,-0.44
8.6381e-02,-0.405,-0.15
8.6382e-02,-0.255,-0.435
8.6384e-02,-0.26,-0.16
8.6386e-02,-0.235,-0.45
8.6387e-02,-0.285,-0.145
8.6389e-02,-0.29,-0.445
8.6390e-02,-0.275,-0.15
8.6392e-02,-0.27,-0.455
8.6394e-02,-0.265,-0.145
8.6395e-02,-0.395,-0.455
8.6397e-02,-0.38,-0.145
8.6398e-02,-0.325,-0.445
8.6400e-02,-0.315,-0.145
8.6402e-02,-0.335,-0.46
8.6403e-02,-0.315,-0.14
8.6405e-02,-0.35,-0.45
8.6406e-02,-0.285,-0.15
8.6408e-02,-0.24,-0.435
8.6410e-02,-0.31,-0.155
8.6411e-02,-0.265,-0.46
8.6413e-02,-0.315,-0.14
8.6414e-02,-0.26,-0.435
8.6416e-02,-0.34,-0.16
8.6418e-02,-0.205,-0.44
8.6419e-02,-0.33,-0.155
8.6421e-02,-0.235,-0.425
8.6422e-02,-0.32,-0.17
8.6424e-02,-0.285,-0.445
8.6426e-02,-0.37,-0.155
8.6427e-02,-0.26,-0.465
8.6429e-02,-0.32,-0.135
8.6430e-02,-0.295,-0.45
8.6432e-02,-0.32,-0.15
8.6434e-02,-0.33,-0.46
8.6435e-02,-0.34,-0.135
8.6437e-02,-0.205,-0.445
8.6438e-02,-0.24,-0.15
8.6440e-02,-0.32,-0.43
8.6442e-02,-0.375,-0.165
8.6443e-02,-0.255,-0.445
8.6445e-02,-0.3,-0.145
8.6446e-02,-0.265,-0.435
8.6448e-02,-0.32,-0.16
8.6450e-02,-0.37,-0.45
8.6451e-02,-0.365,-0.15
8.6453e-02,-0.275,-0.445
8.6454e-02,-0.31,-0.155
8.6456e-02,-0.36,-0.47
8.6458e-02,-0.37,-0.14
8.6459e-02,-0.325,-0.435
8.6461e-02,-0.32,-0.155
8.6462e-02,-0.365,-0.455
8.6464e-02,-0.335,-0.145
8.6466e-02,-0.305,-0.445
8.6467e-02,-0.32,-0.15
8.6469e-02,-0.275,-0.44
8.6470e-02,-0.27,-0.155
8.6472e-02,-0.31,-0.45
8.6474e-02,-0.33,-0.16
8.6475e-02,-0.235,-0.43
8.6477e-02,-0.255,-0.17
8.6478e-02,-0.325,-0.435
8.6480e-02,-0.39,-0.155
8.6482e-02,-0.33,-0.445
8.6483e-02,-0.275,-0.15
8.6485e-02,-0.265,-0.475
8.6486e-02,-0.34,-0.13
8.6488e-02,-0.305,-0.48
8.6490e-02,-0.35,-0.12
8.6491e-02,-0.215,-0.465
8.6493e-02,-0.24,-0.14
8.6494e-02,-0.315,-0.45
8.6496e-02,-0.345,-0.155
8.6498e-02,-0.33,-0.455
8.6499e-02,-0.265,-0.135
8.6501e-02,-0.335,-0.44
8.6502e-02,-0.31,-0.155
8.6504e-02,-0.35,-0.465
8.6506e-02,-0.3,-0.14
8.6507e-02,-0.38,-0.46
8.6509e-02,-0.315,-0.14
8.6510e-02,-0.32,-0.45
8.6512e-02,-0.34,-0.15
8.6514e-02,-0.3,-0.46
8.6515e-02,-0.285,-0.14
8.6517e-02,-0.345,-0.43
8.6518e-02,-0.415,-0.17
8.6520e-02,-0.305,-0.46
8.6522e-02,-0.355,-0.145
8.6523e-02,-0.345,-0.45
8.6525e-02,-0.28,-0.15
8.6526e-02,-0.3,-0.445
8.6528e-02,-0.31,-0.16
8.6530e-02,-0.35,-0.44
8.6531e-02,-0.26,-0.16
8.6533e-02,-0.385,-0.44
8.6534e-02,-0.29,-0.155
8.6536e-02,-0.29,-0.455
8.6538e-02,-0.275,-0.145
8.6539e-02,-0.43,-0.44
8.6541e-02,-0.35,-0.15
8.6542e-02,-0.34,-0.455
8.6544e-02,-0.32,-0.15
8.6546e-02,-0.33,-0.445
8.6547e-02,-0.34,-0.155
8.6549e-02,-0.34,-0.475
8.6550e-02,-0.375,-0.13
8.6552e-02,-0.265,-0.47
8.6554e-02,-0.365,-0.14
8.6555e-02,-0.295,-0.47
8.6557e-02,-0.245,-0.135
8.6558e-02,-0.195,-0.44
8.6560e-02,-0.33,-0.165
8.6562e-02,-0.265,-0.445
8.6563e-02,-0.31,-0.165
8.6565e-02,-0.24,-0.48
8.6566e-02,-0.315,-0.13
8.6568e-02,-0.305,-0.475
8.6570e-02,-0.32,-0.135
8.6571e-02,-0.375,-0.45
8.6573e-02,-0.285,-0.15
8.6574e-02,-0.255,-0.445
8.6576e-02,-0.25,-0.165
8.6578e-02,-0.3,-0.475
8.6579e-02,-0.28,-0.135
8.6581e-02,-0.265,-0.45
8.6582e-02,-0.315,-0.155
8.6584e-02,-0.205,-0.48
8.6586e-02,-0.285,-0.125
8.6587e-02,-0.26,-0.44
8.6589e-02,-0.27,-0.16
8.6590e-02,-0.265,-0.455
8.6592e-02,-0.25,-0.15
8.6594e-02,-0.28,-0.455
8.6595e-02,-0.25,-0.15
8.6597e-02,-0.295,-0.44
8.6598e-02,-0.36,-0.155
8.6600e-02,-0.305,-0.46
8.6602e-02,-0.345,-0.145
8.6603e-02,-0.32,-0.465
8.6605e-02,-0.23,-0.14
8.6606e-02,-0.365,-0.47
8.6608e-02,-0.355,-0.14
8.6610e-02,-0.36,-0.46
8.6611e-02,-0.255,-0.15
8.6613e-02,-0.34,-0.45
8.6614e-02,-0.305,-0.15
8.6616e-02,-0.295,-0.445
8.6618e-02,-0.265,-0.16
8.6619e-02,-0.31,-0.47
8.6621e-02,-0.21,-0.135
8.6622e-02,-0.325,-0.45
8.6624e-02,-0.255,-0.15
8.6626e-02,-0.295,-0.44
8.6627e-02,-0.19,-0.165
8.6629e-02,-0.41,-0.475
8.6630e-02,-0.285,-0.135
8.6632e-02,-0.34,-0.455
8.6634e-02,-0.295,-0.14
8.6635e-02,-0.29,-0.445
8.6637e-02,-0.27,-0.16
8.6638e-02,-0.34,-0.45
8.6640e-02,-0.405,-0.145
8.6642e-02,-0.33,-0.45
8.6643e-02,-0.27,-0.155
8.6645e-02,-0.305,-0.455
8.6646e-02,-0.275,-0.145
8.6648e-02,-0.23,-0.455
8.6650e-02,-0.305,-0.15
8.6651e-02,-0.31,-0.47
8.6653e-02,-0.305,-0.14
8.6654e-02,-0.275,-0.465
8.6656e-02,-0.275,-0.135
8.6658e-02,-0.245,-0.445
8.6659e-02,-0.325,-0.155
8.6661e-02,-0.285,-0.47
8.6662e-02,-0.265,-0.125
8.6664e-02,-0.315,-0.445
8.6666e-02,-0.365,-0.155
8.6667e-02,-0.355,-0.465
8.6669e-02,-0.38,-0.14
8.6670e-02,-0.37,-0.455
8.6672e-02,-0.3,-0.15
8.6674e-02,-0.24,-0.445
8.6675e-02,-0.37,-0.155
8.6677e-02,-0.31,-0.46
8.6678e-02,-0.3,-0.145
8.6680e-02,-0.215,-0.47
8.6682e-02,-0.27,-0.135
8.6683e-02,-0.16,-0.46
8.6685e-02,-0.34,-0.14
8.6686e-02,-0.285,-0.47
8.6688e-02,-0.26,-0.135
8.6690e-02,-0.24,-0.475
8.6691e-02,-0.285,-0.13
8.6693e-02,-0.295,-0.465
8.6694e-02,-0.285,-0.135
8.6696e-02,-0.315,-0.475
8.6698e-02,-0.26,-0.125
8.6699e-02,-0.35,-0.445
8.6701e-02,-0.3,-0.155
8.6702e-02,-0.245,-0.47
8.6704e-02,-0.31,-0.135
8.6706e-02,-0.37,-0.46
8.6707e-02,-0.35,-0.145
8.6709e-02,-0.345,-0.465
8.6710e-02,-0.285,-0.14
8.6712e-02,-0.275,-0.46
8.6714e-02,-0.37,-0.14
8.6715e-02,-0.335,-0.465
8.6717e-02,-0.27,-0.14
8.6718e-02,-0.37,-0.445
8.6720e-02,-0.33,-0.165
8.6722e-02,-0.41,-0.45
8.6723e-02,-0.34,-0.16
8.6725e-02,-0.34,-0.465
8.6726e-02,-0.22,-0.14
8.6728e-02,-0.375,-0.45
8.6730e-02,-0.29,-0.16
8.6731e-02,-0.34,-0.46
8.6733e-02,-0.3,-0.145
8.6734e-02,-0.315,-0.455
8.6736e-02,-0.33,-0.155
8.6738e-02,-0.41,-0.49
8.6739e-02,-0.265,-0.12
8.6741e-02,-0.255,-0.49
8.6742e-02,-0.285,-0.125
8.6744e-02,-0.24,-0.49
8.6746e-02,-0.34,-0.125
8.6747e-02,-0.275,-0.485
8.6749e-02,-0.32,-0.12
8.6750e-02,-0.3,-0.465
8.6752e-02,-0.395,-0.135
8.6754e-02,-0.22,-0.455
8.6755e-02,-0.275,-0.15
8.6757e-02,-0.21,-0.44
8.6758e-02,-0.28,-0.165
8.6760e-02,-0.28,-0.455
8.6762e-02,-0.23,-0.16
8.6763e-02,-0.235,-0.485
8.6765e-02,-0.305,-0.135
8.6766e-02,-0.29,-0.475
8.6768e-02,-0.195,-0.135
8.6770e-02,-0.23,-0.45
8.6771e-02,-0.255,-0.155
8.6773e-02,-0.225,-0.49
8.6774e-02,-0.385,-0.115
8.6776e-02,-0.225,-0.455
8.6778e-02,-0.345,-0.155
8.6779e-02,-0.325,-0.455
8.6781e-02,-0.355,-0.155
8.6782e-02,-0.36,-0.455
8.6784e-02,-0.415,-0.155
8.6786e-02,-0.295,-0.495
8.6787e-02,-0.35,-0.11
8.6789e-02,-0.315,-0.445
8.6790e-02,-0.305,-0.155
8.6792e-02,-0.355,-0.445
8.6794e-02,-0.32,-0.16
8.6795e-02,-0.3,-0.455
8.6797e-02,-0.34,-0.15
8.6798e-02,-0.285,-0.46
8.6800e-02,-0.23,-0.145
8.6802e-02,-0.275,-0.455
8.6803e-02,-0.18,-0.15
8.6805e-02,-0.335,-0.475
8.6806e-02,-0.335,-0.135
8.6808e-02,-0.29,-0.455
8.6810e-02,-0.325,-0.15
8.6811e-02,-0.35,-0.455
8.6813e-02,-0.35,-0.145
8.6814e-02,-0.34,-0.505
8.6816e-02,-0.22,-0.11
8.6818e-02,-0.32,-0.475
8.6819e-02,-0.39,-0.135
8.6821e-02,-0.295,-0.49
8.6822e-02,-0.29,-0.115
8.6824e-02,-0.255,-0.46
8.6826e-02,-0.305,-0.135
8.6827e-02,-0.33,-0.465
8.6829e-02,-0.275,-0.135
8.6830e-02,-0.255,-0.435
8.6832e-02,-0.33,-0.17
8.6834e-02,-0.26,-0.465
8.6835e-02,-0.31,-0.145
8.6837e-02,-0.27,-0.44
8.6838e-02,-0.24,-0.165
8.6840e-02,-0.32,-0.46
8.6842e-02,-0.26,-0.15
8.6843e-02,-0.295,-0.455
8.6845e-02,-0.29,-0.15
8.6846e-02,-0.205,-0.46
8.6848e-02,-0.26,-0.14
8.6850e-02,-0.28,-0.47
8.6851e-02,-0.285,-0.135
8.6853e-02,-0.23,-0.46
8.6854e-02,-0.225,-0.145
8.6856e-02,-0.32,-0.47
8.6858e-02,-0.32,-0.14
8.6859e-02,-0.375,-0.485
8.6861e-02,-0.275,-0.13
8.6862e-02,-0.28,-0.445
8.6864e-02,-0.385,-0.165
8.6866e-02,-0.355,-0.465
8.6867e-02,-0.32,-0.145
8.6869e-02,-0.34,-0.465
8.6870e-02,-0.275,-0.145
8.6872e-02,-0.425,-0.475
8.6874e-02,-0.3,-0.13
8.6875e-02,-0.36,-0.47
8.6877e-02,-0.335,-0.135
8.6878e-02,-0.33,-0.46
8.6880e-02,-0.29,-0.15
8.6882e-02,-0.33,-0.47
8.6883e-02,-0.235,-0.14
8.6885e-02,-0.34,-0.455
8.6886e-02,-0.18,-0.155
8.6888e-02,-0.27,-0.45
8.6890e-02,-0.245,-0.16
8.6891e-02,-0.3,-0.46
8.6893e-02,-0.295,-0.145
8.6894e-02,-0.31,-0.475
8.6896e-02,-0.33,-0.13
8.6898e-02,-0.38,-0.445
8.6899e-02,-0.35,-0.16
8.6901e-02,-0.325,-0.44
8.6902e-02,-0.345,-0.165
8.6904e-02,-0.335,-0.445
8.6906e-02,-0.215,-0.16
8.6907e-02,-0.24,-0.455
8.6909e-02,-0.31,-0.15
8.6910e-02,-0.25,-0.47
8.6912e-02,-0.265,-0.14
8.6914e-02,-0.23,-0.47
8.6915e-02,-0.28,-0.14
8.6917e-02,-0.43,-0.455
8.6918e-02,-0.28,-0.16
8.6920e-02,-0.275,-0.465
8.6922e-02,-0.385,-0.14
8.6923e-02,-0.34,-0.46
8.6925e-02,-0.44,-0.155
8.6926e-02,-0.28,-0.45
8.6928e-02,-0.295,-0.155
8.6930e-02,-0.345,-0.48
8.6931e-02,-0.34,-0.135
8.6933e-02,-0.385,-0.465
8.6934e-02,-0.3,-0.145
8.6936e-02,-0.24,-0.45
8.6938e-02,-0.325,-0.16
8.6939e-02,-0.26,-0.46
8.6941e-02,-0.29,-0.14
8.6942e-02,-0.26,-0.455
8.6944e-02,-0.265,-0.155
8.6946e-02,-0.18,-0.45
8.6947e-02,-0.37,-0.16
8.6949e-02,-0.265,-0.435
8.6950e-02,-0.31,-0.17
8.6952e-02,-0.255,-0.455
8.6954e-02,-0.31,-0.15
8.6955e-02,-0.37,-0.435
8.6957e-02,-0.38,-0.175
8.6958e-02,-0.29,-0.475
8.6960e-02,-0.345,-0.135
8.6962e-02,-0.285,-0.485
8.6963e-02,-0.365,-0.125
8.6965e-02,-0.2,-0.485
8.6966e-02,-0.345,-0.125
8.6968e-02,-0.245,-0.455
8.6970e-02,-0.3,-0.155
8.6971e-02,-0.26,-0.49
8.6973e-02,-0.315,-0.135
8.6974e-02,-0.32,-0.49
8.6976e-02,-0.35,-0.13
8.6978e-02,-0.32,-0.465
8.6979e-02,-0.28,-0.145
8.6981e-02,-0.325,-0.455
8.6982e-02,-0.37,-0.155
8.6984e-02,-0.31,-0.455
8.6986e-02,-0.355,-0.165
8.6987e-02,-0.24,-0.465
8.6989e-02,-0.29,-0.145
8.6990e-02,-0.225,-0.48
8.6992e-02,-0.22,-0.135
8.6994e-02,-0.315,-0.47
8.6995e-02,-0.24,-0.14
8.6997e-02,-0.285,-0.44
8.6998e-02,-0.27,-0.175
8.7000e-02,-0.35,-0.455
8.7002e-02,-0.3,-0.145
8.7003e-02,-0.36,-0.49
8.7005e-02,-0.24,-0.13
8.7006e-02,-0.395,-0.45
8.7008e-02,-0.34,-0.16
8.7010e-02,-0.36,-0.445
8.7011e-02,-0.34,-0.155
8.7013e-02,-0.295,-0.49
8.7014e-02,-0.355,-0.125
8.7016e-02,-0.28,-0.45
8.7018e-02,-0.24,-0.16
8.7019e-02,-0.265,-0.455
8.7021e-02,-0.22,-0.155
8.7022e-02,-0.315,-0.5
8.7024e-02,-0.25,-0.115
8.7026e-02,-0.255,-0.45
8.7027e-02,-0.345,-0.16
8.7029e-02,-0.36,-0.495
8.7030e-02,-0.395,-0.115
8.7032e-02,-0.34,-0.455
8.7034e-02,-0.365,-0.15
8.7035e-02,-0.35,-0.475
8.7037e-02,-0.41,-0.13
8.7038e-02,-0.32,-0.465
8.7040e-02,-0.315,-0.15
8.7042e-02,-0.28,-0.47
8.7043e-02,-0.335,-0.14
8.7045e-02,-0.255,-0.475
8.7046e-02,-0.36,-0.135
8.7048e-02,-0.175,-0.465
8.7050e-02,-0.335,-0.145
8.7051e-02,-0.235,-0.455
8.7053e-02,-0.31,-0.16
8.7054e-02,-0.285,-0.48
8.7056e-02,-0.235,-0.14
8.7058e-02,-0.265,-0.475
8.7059e-02,-0.315,-0.135
8.7061e-02,-0.3,-0.455
8.7062e-02,-0.28,-0.155
8.7064e-02,-0.31,-0.47
8.7066e-02,-0.255,-0.15
8.7067e-02,-0.405,-0.45
8.7069e-02,-0.235,-0.16
8.7070e-02,-0.315,-0.46
8.7072e-02,-0.3,-0.15
8.7074e-02,-0.325,-0.495
8.7075e-02,-0.355,-0.12
8.7077e-02,-0.33,-0.46
8.7078e-02,-0.28,-0.15
8.7080e-02,-0.42,-0.485
8.7082e-02,-0.345,-0.125
8.7083e-02,-0.41,-0.44
8.7085e-02,-0.315,-0.175
8.7086e-02,-0.36,-0.465
8.7088e-02,-0.305,-0.15
8.7090e-02,-0.41,-0.465
8.7091e-02,-0.27,-0.155
8.7093e-02,-0.27,-0.465
8.7094e-02,-0.32,-0.15
8.7096e-02,-0.22,-0.46
8.7098e-02,-0.345,-0.155
8.7099e-02,-0.215,-0.45
8.7101e-02,-0.275,-0.17
8.7102e-02,-0.26,-0.485
8.7104e-02,-0.35,-0.135
8.7106e-02,-0.325,-0.505
8.7107e-02,-0.395,-0.115
8.7109e-02,-0.275,-0.45
8.7110e-02,-0.445,-0.165
8.7112e-02,-0.405,-0.465
8.7114e-02,-0.355,-0.16
8.7115e-02,-0.34,-0.46
8.7117e-02,-0.305,-0.15
8.7118e-02,-0.32,-0.465
8.7120e-02,-0.325,-0.14
8.7122e-02,-0.22,-0.445
8.7123e-02,-0.29,-0.175
8.7125e-02,-0.255,-0.45
8.7126e-02,-0.35,-0.165
8.7128e-02,-0.325,-0.465
8.7130e-02,-0.36,-0.16
8.7131e-02,-0.305,-0.46
8.7133e-02,-0.39,-0.16
8.7134e-02,-0.3,-0.49
8.7136e-02,-0.335,-0.12
8.7138e-02,-0.29,-0.455
8.7139e-02,-0.25,-0.155
8.7141e-02,-0.305,-0.475
8.7142e-02,-0.28,-0.14
8.7144e-02,-0.32,-0.45
8.7146e-02,-0.35,-0.17
8.7147e-02,-0.275,-0.455
8.7149e-02,-0.38,-0.16
8.7150e-02,-0.345,-0.455
8.7152e-02,-0.335,-0.16
8.7154e-02,-0.265,-0.475
8.7155e-02,-0.28,-0.14
8.7157e-02,-0.36,-0.48
8.7158e-02,-0.345,-0.14
8.7160e-02,-0.35,-0.465
8.7162e-02,-0.3,-0.15
8.7163e-02,-0.45,-0.45
8.7165e-02,-0.345,-0.165
8.7166e-02,-0.36,-0.475
8.7168e-02,-0.245,-0.14
8.7170e-02,-0.33,-0.48
8.7171e-02,-0.325,-0.14
8.7173e-02,-0.32,-0.465
8.7174e-02,-0.295,-0.15
8.7176e-02,-0.3,-0.475
8.7178e-02,-0.3,-0.135
8.7179e-02,-0.325,-0.485
8.7181e-02,-0.275,-0.135
8.7182e-02,-0.35,-0.45
8.7184e-02,-0.355,-0.17
8.7186e-02,-0.39,-0.51
8.7187e-02,-0.35,-0.115
8.7189e-02,-0.28,-0.46
8.7190e-02,-0.285,-0.15
8.7192e-02,-0.345,-0.46
8.7194e-02,-0.3,-0.155
8.7195e-02,-0.335,-0.45
8.7197e-02,-0.335,-0.16
8.7198e-02,-0.235,-0.44
8.7200e-02,-0.355,-0.175
8.7202e-02,-0.255,-0.475
8.7203e-02,-0.41,-0.13
8.7205e-02,-0.31,-0.49
8.7206e-02,-0.255,-0.125
8.7208e-02,-0.36,-0.44
8.7210e-02,-0.26,-0.165
8.7211e-02,-0.39,-0.445
8.7213e-02,-0.285,-0.17
8.7214e-02,-0.3,-0.44
8.7216e-02,-0.29,-0.17
8.7218e-02,-0.31,-0.47
8.7219e-02,-0.3,-0.145
8.7221e-02,-0.29,-0.46
8.7222e-02,-0.26,-0.155
8.7224e-02,-0.36,-0.46
8.7226e-02,-0.265,-0.155
8.7227e-02,-0.315,-0.475
8.7229e-02,-0.34,-0.145
8.7230e-02,-0.31,-0.45
8.7232e-02,-0.36,-0.16
8.7234e-02,-0.235,-0.46
8.7235e-02,-0.33,-0.155
8.7237e-02,-0.29,-0.47
8.7238e-02,-0.325,-0.135
8.7240e-02,-0.23,-0.46
8.7242e-02,-0.23,-0.155
8.7243e-02,-0.235,-0.47
8.7245e-02,-0.335,-0.14
8.7246e-02,-0.295,-0.47
8.7248e-02,-0.28,-0.15
8.7250e-02,-0.31,-0.465
8.7251e-02,-0.31,-0.145
8.7253e-02,-0.365,-0.45
8.7254e-02,-0.37,-0.155
8.7256e-02,-0.295,-0.49
8.7258e-02,-0.31,-0.135
8.7259e-02,-0.255,-0.48
8.7261e-02,-0.34,-0.135
8.7262e-02,-0.325,-0.465
8.7264e-02,-0.28,-0.155
8.7266e-02,-0.26,-0.475
8.7267e-02,-0.285,-0.135
8.7269e-02,-0.305,-0.46
8.7270e-02,-0.425,-0.165
8.7272e-02,-0.25,-0.455
8.7274e-02,-0.285,-0.165
8.7275e-02,-0.325,-0.465
8.7277e-02,-0.36,-0.15
8.7278e-02,-0.39,-0.44
8.7280e-02,-0.275,-0.18
8.7282e-02,-0.36,-0.465
8.7283e-02,-0.355,-0.155
8.7285e-02,-0.4,-0.475
8.7286e-02,-0.345,-0.145
8.7288e-02,-0.3,-0.465
8.7290e-02,-0.33,-0.155
8.7291e-02,-0.33,-0.47
8.7293e-02,-0.33,-0.145
8.7294e-02,-0.34,-0.465
8.7296e-02,-0.355,-0.16
8.7298e-02,-0.305,-0.475
8.7299e-02,-0.385,-0.145
8.7301e-02,-0.3,-0.48
8.7302e-02,-0.39,-0.135
8.7304e-02,-0.3,-0.455
8.7306e-02,-0.355,-0.165
8.7307e-02,-0.385,-0.465
8.7309e-02,-0.315,-0.16
8.7310e-02,-0.38,-0.475
8.7312e-02,-0.22,-0.14
8.7314e-02,-0.335,-0.465
8.7315e-02,-0.335,-0.15
8.7317e-02,-0.39,-0.46
8.7318e-02,-0.275,-0.155
8.7320e-02,-0.27,-0.47
8.7322e-02,-0.26,-0.155
8.7323e-02,-0.31,-0.465
8.7325e-02,-0.29,-0.155
8.7326e-02,-0.215,-0.49
8.7328e-02,-0.24,-0.14
8.7330e-02,-0.345,-0.46
8.7331e-02,-0.35,-0.16
8.7333e-02,-0.3,-0.465
8.7334e-02,-0.23,-0.155
8.7336e-02,-0.32,-0.46
8.7338e-02,-0.27,-0.165
8.7339e-02,-0.235,-0.46
8.7341e-02,-0.26,-0.155
8.7342e-02,-0.195,-0.495
8.7344e-02,-0.37,-0.13
8.7346e-02,-0.33,-0.47
8.7347e-02,-0.33,-0.15
8.7349e-02,-0.36,-0.46
8.7350e-02,-0.41,-0.16
8.7352e-02,-0.335,-0.47
8.7354e-02,-0.405,-0.145
8.7355e-02,-0.35,-0.46
8.7357e-02,-0.295,-0.16
8.7358e-02,-0.28,-0.45
8.7360e-02,-0.28,-0.165
8.7362e-02,-0.275,-0.465
8.7363e-02,-0.33,-0.155
8.7365e-02,-0.235,-0.465
8.7366e-02,-0.26,-0.16
8.7368e-02,-0.35,-0.46
8.7370e-02,-0.27,-0.155
8.7371e-02,-0.31,-0.44
8.7373e-02,-0.26,-0.175
8.7374e-02,-0.255,-0.495
8.7376e-02,-0.38,-0.125
8.7378e-02,-0.295,-0.445
8.7379e-02,-0.33,-0.165
8.7381e-02,-0.355,-0.445
8.7382e-02,-0.355,-0.17
8.7384e-02,-0.37,-0.47
8.7386e-02,-0.365,-0.145
8.7387e-02,-0.23,-0.46
8.7389e-02,-0.32,-0.155
8.7390e-02,-0.31,-0.46
8.7392e-02,-0.315,-0.155
8.7394e-02,-0.335,-0.45
8.7395e-02,-0.25,-0.165
8.7397e-02,-0.4,-0.465
8.7398e-02,-0.385,-0.15
8.7400e-02,-0.325,-0.475
8.7402e-02,-0.345,-0.145
8.7403e-02,-0.315,-0.505
8.7405e-02,-0.33,-0.12
8.7406e-02,-0.255,-0.455
8.7408e-02,-0.33,-0.16
8.7410e-02,-0.22,-0.465
8.7411e-02,-0.21,-0.15
8.7413e-02,-0.235,-0.45
8.7414e-02,-0.26,-0.165
8.7416e-02,-0.36,-0.49
8.7418e-02,-0.255,-0.125
8.7419e-02,-0.295,-0.49
8.7421e-02,-0.34,-0.14
8.7422e-02,-0.385,-0.45
8.7424e-02,-0.315,-0.165
8.7426e-02,-0.315,-0.495
8.7427e-02,-0.32,-0.135
8.7429e-02,-0.33,-0.51
8.7430e-02,-0.38,-0.12
8.7432e-02,-0.305,-0.47
8.7434e-02,-0.325,-0.145
8.7435e-02,-0.355,-0.47
8.7437e-02,-0.405,-0.16
8.7438e-02,-0.32,-0.46
8.7440e-02,-0.355,-0.165
8.7442e-02,-0.27,-0.465
8.7443e-02,-0.33,-0.155
8.7445e-02,-0.36,-0.455
8.7446e-02,-0.33,-0.165
8.7448e-02,-0.295,-0.46
8.7450e-02,-0.405,-0.16
8.7451e-02,-0.43,-0.505
8.7453e-02,-0.355,-0.11
8.7454e-02,-0.41,-0.49
8.7456e-02,-0.33,-0.135
8.7458e-02,-0.365,-0.475
8.7459e-02,-0.34,-0.155
8.7461e-02,-0.31,-0.465
8.7462e-02,-0.275,-0.16
8.7464e-02,-0.265,-0.46
8.7466e-02,-0.245,-0.165
8.7467e-02,-0.305,-0.465
8.7469e-02,-0.36,-0.155
8.7470e-02,-0.305,-0.47
8.7472e-02,-0.31,-0.16
8.7474e-02,-0.275,-0.455
8.7475e-02,-0.415,-0.17
8.7477e-02,-0.255,-0.45
8.7478e-02,-0.29,-0.17
8.7480e-02,-0.29,-0.47
8.7482e-02,-0.335,-0.155
8.7483e-02,-0.32,-0.47
8.7485e-02,-0.375,-0.15
8.7486e-02,-0.27,-0.475
8.7488e-02,-0.32,-0.155
8.7490e-02,-0.36,-0.455
8.7491e-02,-0.325,-0.17
8.7493e-02,-0.365,-0.46
8.7494e-02,-0.34,-0.16
8.7496e-02,-0.44,-0.48
8.7498e-02,-0.35,-0.14
8.7499e-02,-0.445,-0.45
8.7501e-02,-0.23,-0.165
8.7502e-02,-0.38,-0.455
8.7504e-02,-0.3,-0.165
8.7506e-02,-0.34,-0.47
8.7507e-02,-0.355,-0.15
8.7509e-02,-0.365,-0.46
8.7510e-02,-0.275,-0.16
8.7512e-02,-0.3,-0.455
8.7514e-02,-0.34,-0.16
8.7515e-02,-0.265,-0.45
8.7517e-02,-0.285,-0.17
8.7518e-02,-0.3,-0.455
8.7520e-02,-0.34,-0.175
8.7522e-02,-0.36,-0.475
8.7523e-02,-0.3,-0.145
8.7525e-02,-0.275,-0.445
8.7526e-02,-0.255,-0.17
8.7528e-02,-0.325,-0.495
8.7530e-02,-0.26,-0.13
8.7531e-02,-0.355,-0.46
8.7533e-02,-0.23,-0.155
8.7534e-02,-0.265,-0.515
8.7536e-02,-0.26,-0.1
8.7538e-02,-0.29,-0.505
8.7539e-02,-0.255,-0.12
8.7541e-02,-0.27,-0.47
8.7542e-02,-0.32,-0.14
8.7544e-02,-0.335,-0.45
8.7546e-02,-0.28,-0.17
8.7547e-02,-0.255,-0.485
8.7549e-02,-0.21,-0.14
8.7550e-02,-0.345,-0.49
8.7552e-02,-0.26,-0.13
8.7554e-02,-0.32,-0.47
8.7555e-02,-0.305,-0.145
8.7557e-02,-0.21,-0.46
8.7558e-02,-0.315,-0.16
8.7560e-02,-0.26,-0.455
8.7562e-02,-0.24,-0.16
8.7563e-02,-0.22,-0.47
8.7565e-02,-0.28,-0.155
8.7566e-02,-0.29,-0.5
8.7568e-02,-0.365,-0.125
8.7570e-02,-0.325,-0.48
8.7571e-02,-0.235,-0.135
8.7573e-02,-0.365,-0.465
8.7574e-02,-0.215,-0.16
8.7576e-02,-0.31,-0.455
8.7578e-02,-0.255,-0.17
8.7579e-02,-0.25,-0.46
8.7581e-02,-0.23,-0.165
8.7582e-02,-0.375,-0.49
8.7584e-02,-0.28,-0.135
8.7586e-02,-0.33,-0.47
8.7587e-02,-0.22,-0.16
8.7589e-02,-0.29,-0.46
8.7590e-02,-0.33,-0.155
8.7592e-02,-0.29,-0.46
8.7594e-02,-0.29,-0.175
8.7595e-02,-0.385,-0.475
8.7597e-02,-0.3,-0.15
8.7598e-02,-0.365,-0.475
8.7600e-02,-0.255,-0.145
8.7602e-02,-0.235,-0.485
8.7603e-02,-0.265,-0.14
8.7605e-02,-0.245,-0.485
8.7606e-02,-0.325,-0.145
8.7608e-02,-0.315,-0.5
8.7610e-02,-0.29,-0.135
8.7611e-02,-0.325,-0.51
8.7613e-02,-0.39,-0.115
8.7614e-02,-0.27,-0.47
8.7616e-02,-0.35,-0.155
8.7618e-02,-0.19,-0.465
8.7619e-02,-0.37,-0.16
8.7621e-02,-0.31,-0.465
8.7622e-02,-0.305,-0.17
8.7624e-02,-0.305,-0.49
8.7626e-02,-0.3,-0.14
8.7627e-02,-0.32,-0.46
8.7629e-02,-0.37,-0.165
8.7630e-02,-0.355,-0.455
8.7632e-02,-0.335,-0.175
8.7634e-02,-0.375,-0.46
8.7635e-02,-0.28,-0.16
8.7637e-02,-0.425,-0.495
8.7638e-02,-0.31,-0.135
8.7640e-02,-0.33,-0.51
8.7642e-02,-0.26,-0.115
8.7643e-02,-0.355,-0.495
8.7645e-02,-0.35,-0.14
8.7646e-02,-0.28,-0.485
8.7648e-02,-0.365,-0.15
8.7650e-02,-0.275,-0.475
8.7651e-02,-0.435,-0.15
8.7653e-02,-0.285,-0.46
8.7654e-02,-0.3,-0.165
8.7656e-02,-0.31,-0.47
8.7658e-02,-0.295,-0.16
8.7659e-02,-0.335,-0.495
8.7661e-02,-0.33,-0.145
8.7662e-02,-0.27,-0.48
8.7664e-02,-0.28,-0.14
8.7666e-02,-0.35,-0.465
8.7667e-02,-0.29,-0.16
8.7669e-02,-0.325,-0.5
8.7670e-02,-0.235,-0.135
8.7672e-02,-0.3,-0.51
8.7674e-02,-0.29,-0.12
8.7675e-02,-0.295,-0.465
8.7677e-02,-0.28,-0.16
8.7678e-02,-0.24,-0.49
8.7680e-02,-0.305,-0.135
8.7682e-02,-0.265,-0.485
8.7683e-02,-0.335,-0.14
8.7685e-02,-0.365,-0.46
8.7686e-02,-0.26,-0.155
8.7688e-02,-0.405,-0.475
8.7690e-02,-0.29,-0.155
8.7691e-02,-0.395,-0.47
8.7693e-02,-0.255,-0.15
8.7694e-02,-0.26,-0.455
8.7696e-02,-0.33,-0.17
8.7698e-02,-0.31,-0.465
8.7699e-02,-0.38,-0.165
8.7701e-02,-0.34,-0.515
8.7702e-02,-0.37,-0.105
8.7704e-02,-0.38,-0.465
8.7706e-02,-0.335,-0.155
8.7707e-02,-0.39,-0.44
8.7709e-02,-0.235,-0.18
8.7710e-02,-0.35,-0.46
8.7712e-02,-0.275,-0.16
8.7714e-02,-0.37,-0.46
8.7715e-02,-0.3,-0.16
8.7717e-02,-0.23,-0.48
8.7718e-02,-0.29,-0.14
8.7720e-02,-0.28,-0.46
8.7722e-02,-0.34,-0.17
8.7723e-02,-0.275,-0.465
8.7725e-02,-0.31,-0.155
8.7726e-02,-0.33,-0.465
8.7728e-02,-0.355,-0.165
8.7730e-02,-0.345,-0.47
8.7731e-02,-0.315,-0.155
8.7733e-02,-0.285,-0.46
8.7734e-02,-0.29,-0.165
8.7736e-02,-0.25,-0.475
8.7738e-02,-0.295,-0.145
8.7739e-02,-0.29,-0.455
8.7741e-02,-0.2,-0.175
8.7742e-02,-0.33,-0.455
8.7744e-02,-0.275,-0.17
8.7746e-02,-0.32,-0.47
8.7747e-02,-0.23,-0.16
8.7749e-02,-0.255,-0.455
8.7750e-02,-0.3,-0.175
8.7752e-02,-0.34,-0.455
8.7754e-02,-0.38,-0.17
8.7755e-02,-0.315,-0.465
8.7757e-02,-0.315,-0.155
8.7758e-02,-0.34,-0.48
8.7760e-02,-0.25,-0.145
8.7762e-02,-0.365,-0.455
8.7763e-02,-0.25,-0.17
8.7765e-02,-0.29,-0.485
8.7766e-02,-0.32,-0.155
8.7768e-02,-0.29,-0.46
8.7770e-02,-0.26,-0.17
8.7771e-02,-0.26,-0.49
8.7773e-02,-0.33,-0.14
8.7774e-02,-0.3,-0.49
8.7776e-02,-0.37,-0.15
8.7778e-02,-0.255,-0.475
8.7779e-02,-0.265,-0.155
8.7781e-02,-0.26,-0.46
8.7782e-02,-0.27,-0.165
8.7784e-02,-0.33,-0.475
8.7786e-02,-0.355,-0.16
8.7787e-02,-0.19,-0.46
8.7789e-02,-0.285,-0.17
8.7790e-02,-0.28,-0.49
8.7792e-02,-0.345,-0.15
8.7794e-02,-0.305,-0.47
8.7795e-02,-0.25,-0.165
8.7797e-02,-0.285,-0.465
8.7798e-02,-0.305,-0.16
8.7800e-02,-0.305,-0.48
8.7802e-02,-0.32,-0.145
8.7803e-02,-0.315,-0.465
8.7805e-02,-0.275,-0.165
8.7806e-02,-0.305,-0.47
8.7808e-02,-0.375,-0.165
8.7810e-02,-0.285,-0.45
8.7811e-02,-0.33,-0.18
8.7813e-02,-0.32,-0.47
8.7814e-02,-0.31,-0.155
8.7816e-02,-0.365,-0.46
8.7818e-02,-0.245,-0.17
8.7819e-02,-0.365,-0.48
8.7821e-02,-0.245,-0.145
8.7822e-02,-0.305,-0.485
8.7824e-02,-0.265,-0.145
8.7826e-02,-0.32,-0.47
8.7827e-02,-0.25,-0.155
8.7829e-02,-0.35,-0.45
8.7830e-02,-0.28,-0.175
8.7832e-02,-0.365,-0.455
8.7834e-02,-0.28,-0.175
8.7835e-02,-0.355,-0.435
8.7837e-02,-0.37,-0.185
8.7838e-02,-0.365,-0.48
8.7840e-02,-0.34,-0.145
8.7842e-02,-0.305,-0.48
8.7843e-02,-0.365,-0.15
8.7845e-02,-0.415,-0.465
8.7846e-02,-0.35,-0.16
8.7848e-02,-0.33,-0.485
8.7850e-02,-0.32,-0.14
8.7851e-02,-0.355,-0.465
8.7853e-02,-0.325,-0.16
8.7854e-02,-0.355,-0.455
8.7856e-02,-0.255,-0.17
8.7858e-02,-0.33,-0.47
8.7859e-02,-0.33,-0.15
8.7861e-02,-0.38,-0.48
8.7862e-02,-0.34,-0.145
8.7864e-02,-0.365,-0.46
8.7866e-02,-0.295,-0.165
8.7867e-02,-0.475,-0.49
8.7869e-02,-0.375,-0.135
8.7870e-02,-0.33,-0.48
8.7872e-02,-0.32,-0.15
8.7874e-02,-0.33,-0.48
8.7875e-02,-0.4,-0.145
8.7877e-02,-0.335,-0.455
8.7878e-02,-0.315,-0.17
8.7880e-02,-0.265,-0.475
8.7882e-02,-0.33,-0.15
8.7883e-02,-0.34,-0.485
8.7885e-02,-0.395,-0.15
8.7886e-02,-0.35,-0.465
8.7888e-02,-0.335,-0.16
8.7890e-02,-0.245,-0.475
8.7891e-02,-0.43,-0.16
8.7893e-02,-0.315,-0.495
8.7894e-02,-0.37,-0.13
8.7896e-02,-0.235,-0.46
8.7898e-02,-0.25,-0.16
8.7899e-02,-0.305,-0.46
8.7901e-02,-0.365,-0.17
8.7902e-02,-0.23,-0.465
8.7904e-02,-0.295,-0.17
8.7906e-02,-0.25,-0.49
8.7907e-02,-0.375,-0.14
8.7909e-02,-0.3,-0.435
8.7910e-02,-0.385,-0.195
8.7912e-02,-0.24,-0.495
8.7914e-02,-0.345,-0.145
8.7915e-02,-0.34,-0.475
8.7917e-02,-0.345,-0.16
8.7918e-02,-0.26,-0.465
8.7920e-02,-0.275,-0.17
8.7922e-02,-0.24,-0.455
8.7923e-02,-0.37,-0.17
8.7925e-02,-0.28,-0.47
8.7926e-02,-0.275,-0.16
8.7928e-02,-0.3,-0.465
8.7930e-02,-0.28,-0.16
8.7931e-02,-0.355,-0.465
8.7933e-02,-0.325,-0.17
8.7934e-02,-0.27,-0.47
8.7936e-02,-0.355,-0.17
8.7938e-02,-0.315,-0.48
8.7939e-02,-0.25,-0.165
8.7941e-02,-0.335,-0.505
8.7942e-02,-0.295,-0.14
8.7944e-02,-0.285,-0.455
8.7946e-02,-0.36,-0.17
8.7947e-02,-0.295,-0.48
8.7949e-02,-0.36,-0.155
8.7950e-02,-0.305,-0.485
8.7952e-02,-0.305,-0.15
8.7954e-02,-0.41,-0.465
8.7955e-02,-0.38,-0.165
8.7957e-02,-0.285,-0.505
8.7958e-02,-0.335,-0.135
8.7960e-02,-0.29,-0.495
8.7962e-02,-0.41,-0.135
8.7963e-02,-0.37,-0.5
8.7965e-02,-0.29,-0.13
8.7966e-02,-0.285,-0.465
8.7968e-02,-0.33,-0.165
8.7970e-02,-0.28,-0.475
8.7971e-02,-0.385,-0.15
8.7973e-02,-0.305,-0.455
8.7974e-02,-0.26,-0.17
8.7976e-02,-0.295,-0.485
8.7978e-02,-0.3,-0.14
8.7979e-02,-0.265,-0.51
8.7981e-02,-0.28,-0.12
8.7982e-02,-0.2,-0.475
8.7984e-02,-0.385,-0.15
8.7986e-02,-0.2,-0.495
8.7987e-02,-0.325,-0.135
8.7989e-02,-0.23,-0.47
8.7990e-02,-0.33,-0.155
8.7992e-02,-0.28,-0.49
8.7994e-02,-0.43,-0.145
8.7995e-02,-0.325,-0.485
8.7997e-02,-0.345,-0.14
8.7998e-02,-0.33,-0.475
8.8000e-02,-0.275,-0.155
8.8002e-02,-0.32,-0.475
8.8003e-02,-0.42,-0.15
8.8005e-02,-0.285,-0.49
8.8006e-02,-0.36,-0.14
8.8008e-02,-0.285,-0.455
8.8010e-02,-0.395,-0.17
8.8011e-02,-0.265,-0.445
8.8013e-02,-0.255,-0.175
8.8014e-02,-0.25,-0.465
8.8016e-02,-0.34,-0.16
8.8018e-02,-0.275,-0.465
8.8019e-02,-0.4,-0.165
8.8021e-02,-0.27,-0.47
8.8022e-02,-0.345,-0.16
8.8024e-02,-0.28,-0.475
8.8026e-02,-0.325,-0.15
8.8027e-02,-0.23,-0.48
8.8029e-02,-0.315,-0.15
8.8030e-02,-0.245,-0.455
8.8032e-02,-0.305,-0.17
8.8034e-02,-0.36,-0.53
8.8035e-02,-0.225,-0.11
8.8037e-02,-0.255,-0.49
8.8038e-02,-0.28,-0.135
8.8040e-02,-0.275,-0.47
8.8042e-02,-0.35,-0.16
8.8043e-02,-0.33,-0.49
8.8045e-02,-0.305,-0.14
8.8046e-02,-0.375,-0.485
8.8048e-02,-0.415,-0.15
8.8050e-02,-0.315,-0.45
8.8051e-02,-0.345,-0.18
8.8053e-02,-0.3,-0.5
8.8054e-02,-0.31,-0.145
8.8056e-02,-0.335,-0.495
8.8058e-02,-0.41,-0.14
8.8059e-02,-0.3,-0.49
8.8061e-02,-0.28,-0.145
8.8062e-02,-0.255,-0.46
8.8064e-02,-0.36,-0.18
8.8066e-02,-0.295,-0.47
8.8067e-02,-0.335,-0.165
8.8069e-02,-0.225,-0.475
8.8070e-02,-0.37,-0.155
8.8072e-02,-0.225,-0.49
8.8074e-02,-0.31,-0.15
8.8075e-02,-0.3,-0.46
8.8077e-02,-0.29,-0.18
8.8078e-02,-0.34,-0.48
8.8080e-02,-0.265,-0.155
8.8082e-02,-0.25,-0.5
8.8083e-02,-0.3,-0.145
8.8085e-02,-0.29,-0.485
8.8086e-02,-0.33,-0.16
8.8088e-02,-0.32,-0.5
8.8090e-02,-0.32,-0.14
8.8091e-02,-0.14,-0.49
8.8093e-02,-0.3,-0.155
8.8094e-02,-0.295,-0.505
8.8096e-02,-0.32,-0.135
8.8098e-02,-0.29,-0.465
8.8099e-02,-0.19,-0.175
8.8101e-02,-0.24,-0.47
8.8102e-02,-0.34,-0.17
8.8104e-02,-0.275,-0.465
8.8106e-02,-0.33,-0.17
8.8107e-02,-0.29,-0.465
8.8109e-02,-0.22,-0.17
8.8110e-02,-0.35,-0.475
8.8112e-02,-0.345,-0.165
8.8114e-02,-0.365,-0.485
8.8115e-02,-0.28,-0.15
8.8117e-02,-0.3,-0.495
8.8118e-02,-0.325,-0.145
8.8120e-02,-0.41,-0.46
8.8122e-02,-0.275,-0.175
8.8123e-02,-0.355,-0.45
8.8125e-02,-0.28,-0.18
8.8126e-02,-0.365,-0.465
8.8128e-02,-0.36,-0.17
8.8130e-02,-0.315,-0.46
8.8131e-02,-0.325,-0.18
8.8133e-02,-0.33,-0.505
8.8134e-02,-0.31,-0.13
8.8136e-02,-0.345,-0.495
8.8138e-02,-0.33,-0.135
8.8139e-02,-0.23,-0.475
8.8141e-02,-0.24,-0.16
8.8142e-02,-0.345,-0.505
8.8144e-02,-0.22,-0.13
8.8146e-02,-0.305,-0.48
8.8147e-02,-0.22,-0.14
8.8149e-02,-0.3,-0.465
8.8150e-02,-0.315,-0.165
8.8152e-02,-0.31,-0.475
8.8154e-02,-0.3,-0.16
8.8155e-02,-0.355,-0.46
8.8157e-02,-0.275,-0.17
8.8158e-02,-0.27,-0.465
8.8160e-02,-0.34,-0.17
8.8162e-02,-0.24,-0.47
8.8163e-02,-0.275,-0.16
8.8165e-02,-0.235,-0.48
8.8166e-02,-0.235,-0.15
8.8168e-02,-0.305,-0.475
8.8170e-02,-0.25,-0.155
8.8171e-02,-0.27,-0.48
8.8173e-02,-0.29,-0.15
8.8174e-02,-0.325,-0.48
8.8176e-02,-0.325,-0.145
8.8178e-02,-0.32,-0.49
8.8179e-02,-0.295,-0.145
8.8181e-02,-0.325,-0.48
8.8182e-02,-0.28,-0.155
8.8184e-02,-0.3,-0.465
8.8186e-02,-0.33,-0.175
8.8187e-02,-0.24,-0.455
8.8189e-02,-0.325,-0.175
8.8190e-02,-0.29,-0.455
8.8192e-02,-0.33,-0.175
8.8194e-02,-0.255,-0.465
8.8195e-02,-0.36,-0.17
8.8197e-02,-0.365,-0.465
8.8198e-02,-0.325,-0.175
8.8200e-02,-0.305,-0.475
8.8202e-02,-0.36,-0.16
8.8203e-02,-0.32,-0.47
8.8205e-02,-0.35,-0.165
8.8206e-02,-0.265,-0.495
8.8208e-02,-0.32,-0.145
8.8210e-02,-0.31,-0.51
8.8211e-02,-0.25,-0.135
8.8213e-02,-0.36,-0.485
8.8214e-02,-0.305,-0.155
8.8216e-02,-0.265,-0.495
8.8218e-02,-0.3,-0.15
8.8219e-02,-0.315,-0.48
8.8221e-02,-0.32,-0.155
8.8222e-02,-0.345,-0.475
8.8224e-02,-0.22,-0.165
8.8226e-02,-0.35,-0.495
8.8227e-02,-0.35,-0.15
8.8229e-02,-0.35,-0.5
8.8230e-02,-0.33,-0.145
8.8232e-02,-0.275,-0.475
8.8234e-02,-0.375,-0.17
8.8235e-02,-0.375,-0.465
8.8237e-02,-0.325,-0.18
8.8238e-02,-0.35,-0.495
8.8240e-02,-0.27,-0.15
8.8242e-02,-0.26,-0.505
8.8243e-02,-0.325,-0.13
8.8245e-02,-0.295,-0.465
8.8246e-02,-0.26,-0.175
8.8248e-02,-0.245,-0.46
8.8250e-02,-0.195,-0.18
8.8251e-02,-0.345,-0.48
8.8253e-02,-0.335,-0.165
8.8254e-02,-0.3,-0.47
8.8256e-02,-0.25,-0.165
8.8258e-02,-0.35,-0.455
8.8259e-02,-0.345,-0.18
8.8261e-02,-0.405,-0.485
8.8262e-02,-0.34,-0.155
8.8264e-02,-0.335,-0.475
8.8266e-02,-0.29,-0.165
8.8267e-02,-0.36,-0.505
8.8269e-02,-0.32,-0.125
8.8270e-02,-0.29,-0.475
8.8272e-02,-0.295,-0.165
8.8274e-02,-0.195,-0.465
8.8275e-02,-0.345,-0.17
8.8277e-02,-0.285,-0.47
8.8278e-02,-0.28,-0.165
8.8280e-02,-0.22,-0.47
8.8282e-02,-0.32,-0.165
8.8283e-02,-0.315,-0.465
8.8285e-02,-0.395,-0.16
8.8286e-02,-0.195,-0.49
8.8288e-02,-0.325,-0.145
8.8290e-02,-0.28,-0.505
8.8291e-02,-0.345,-0.14
8.8293e-02,-0.32,-0.48
8.8294e-02,-0.28,-0.145
8.8296e-02,-0.295,-0.455
8.8298e-02,-0.305,-0.175
8.8299e-02,-0.36,-0.455
8.8301e-02,-0.41,-0.18
8.8302e-02,-0.35,-0.485
8.8304e-02,-0.255,-0.155
8.8306e-02,-0.325,-0.485
8.8307e-02,-0.3,-0.145
8.8309e-02,-0.38,-0.51
8.8310e-02,-0.26,-0.12
8.8312e-02,-0.255,-0.465
8.8314e-02,-0.21,-0.17
8.8315e-02,-0.335,-0.45
8.8317e-02,-0.275,-0.18
8.8318e-02,-0.27,-0.48
8.8320e-02,-0.27,-0.155
8.8322e-02,-0.235,-0.48
8.8323e-02,-0.32,-0.155
8.8325e-02,-0.345,-0.465
8.8326e-02,-0.315,-0.165
8.8328e-02,-0.275,-0.465
8.8330e-02,-0.325,-0.17
8.8331e-02,-0.29,-0.475
8.8333e-02,-0.445,-0.165
8.8334e-02,-0.255,-0.465
8.8336e-02,-0.37,-0.17
8.8338e-02,-0.285,-0.49
8.8339e-02,-0.385,-0.14
8.8341e-02,-0.32,-0.475
8.8342e-02,-0.305,-0.16
8.8344e-02,-0.285,-0.46
8.8346e-02,-0.34,-0.18
8.8347e-02,-0.31,-0.47
8.8349e-02,-0.26,-0.17
8.8350e-02,-0.36,-0.47
8.8352e-02,-0.315,-0.165
8.8354e-02,-0.37,-0.495
8.8355e-02,-0.37,-0.145
8.8357e-02,-0.31,-0.495
8.8358e-02,-0.285,-0.14
8.8360e-02,-0.355,-0.51
8.8362e-02,-0.285,-0.13
8.8363e-02,-0.4,-0.52
8.8365e-02,-0.33,-0.125
8.8366e-02,-0.27,-0.485
8.8368e-02,-0.315,-0.16
8.8370e-02,-0.285,-0.485
8.8371e-02,-0.32,-0.155
8.8373e-02,-0.365,-0.485
8.8374e-02,-0.275,-0.16
8.8376e-02,-0.255,-0.49
8.8378e-02,-0.33,-0.155
8.8379e-02,-0.25,-0.48
8.8381e-02,-0.315,-0.16
8.8382e-02,-0.275,-0.505
8.8384e-02,-0.325,-0.14
8.8386e-02,-0.345,-0.5
8.8387e-02,-0.32,-0.155
8.8389e-02,-0.22,-0.485
8.8390e-02,-0.395,-0.17
8.8392e-02,-0.28,-0.46
8.8394e-02,-0.33,-0.19
8.8395e-02,-0.255,-0.465
8.8397e-02,-0.2,-0.185
8.8398e-02,-0.32,-0.475
8.8400e-02,-0.33,-0.17
8.8402e-02,-0.35,-0.475
8.8403e-02,-0.405,-0.17
8.8405e-02,-0.335,-0.49
8.8406e-02,-0.355,-0.16
8.8408e-02,-0.36,-0.46
8.8410e-02,-0.48,-0.19
8.8411e-02,-0.315,-0.48
8.8413e-02,-0.445,-0.165
8.8414e-02,-0.185,-0.49
8.8416e-02,-0.31,-0.145
8.8418e-02,-0.265,-0.47
8.8419e-02,-0.315,-0.165
8.8421e-02,-0.285,-0.485
8.8422e-02,-0.255,-0.165
8.8424e-02,-0.25,-0.475
8.8426e-02,-0.3,-0.165
8.8427e-02,-0.34,-0.485
8.8429e-02,-0.27,-0.155
8.8430e-02,-0.295,-0.485
8.8432e-02,-0.29,-0.15
8.8434e-02,-0.325,-0.48
8.8435e-02,-0.36,-0.165
8.8437e-02,-0.275,-0.47
8.8438e-02,-0.275,-0.17
8.8440e-02,-0.37,-0.5
8.8442e-02,-0.33,-0.14
8.8443e-02,-0.305,-0.475
8.8445e-02,-0.36,-0.155
8.8446e-02,-0.35,-0.465
8.8448e-02,-0.445,-0.17
8.8450e-02,-0.395,-0.495
8.8451e-02,-0.23,-0.14
8.8453e-02,-0.395,-0.465
8.8454e-02,-0.34,-0.175
8.8456e-02,-0.41,-0.475
8.8458e-02,-0.32,-0.165
8.8459e-02,-0.315,-0.495
8.8461e-02,-0.24,-0.145
8.8462e-02,-0.35,-0.46
8.8464e-02,-0.38,-0.175
8.8466e-02,-0.31,-0.465
8.8467e-02,-0.415,-0.165
8.8469e-02,-0.305,-0.46
8.8470e-02,-0.395,-0.18
8.8472e-02,-0.365,-0.46
8.8474e-02,-0.33,-0.175
8.8475e-02,-0.3,-0.47
8.8477e-02,-0.365,-0.17
8.8478e-02,-0.285,-0.47
8.8480e-02,-0.315,-0.165
8.8482e-02,-0.26,-0.485
8.8483e-02,-0.245,-0.15
8.8485e-02,-0.285,-0.495
8.8486e-02,-0.34,-0.14
8.8488e-02,-0.365,-0.485
8.8490e-02,-0.395,-0.15
8.8491e-02,-0.34,-0.48
8.8493e-02,-0.26,-0.16
8.8494e-02,-0.29,-0.455
8.8496e-02,-0.26,-0.18
8.8498e-02,-0.3,-0.515
8.8499e-02,-0.28,-0.12
8.8501e-02,-0.31,-0.48
8.8502e-02,-0.325,-0.16
8.8504e-02,-0.405,-0.46
8.8506e-02,-0.325,-0.175
8.8507e-02,-0.29,-0.49
8.8509e-02,-0.28,-0.15
8.8510e-02,-0.38,-0.47
8.8512e-02,-0.34,-0.17
8.8514e-02,-0.38,-0.475
8.8515e-02,-0.305,-0.16
8.8517e-02,-0.27,-0.495
8.8518e-02,-0.415,-0.15
8.8520e-02,-0.305,-0.46
8.8522e-02,-0.325,-0.18
8.8523e-02,-0.29,-0.51
8.8525e-02,-0.29,-0.125
8.8526e-02,-0.335,-0.495
8.8528e-02,-0.34,-0.15
8.8530e-02,-0.25,-0.48
8.8531e-02,-0.255,-0.16
8.8533e-02,-0.35,-0.5
8.8534e-02,-0.315,-0.145
8.8536e-02,-0.365,-0.475
8.8538e-02,-0.35,-0.17
8.8539e-02,-0.275,-0.48
8.8541e-02,-0.3,-0.165
8.8542e-02,-0.3,-0.47
8.8544e-02,-0.295,-0.175
8.8546e-02,-0.325,-0.465
8.8547e-02,-0.345,-0.175
8.8549e-02,-0.355,-0.47
8.8550e-02,-0.435,-0.17
8.8552e-02,-0.345,-0.505
8.8554e-02,-0.335,-0.145
8.8555e-02,-0.315,-0.485
8.8557e-02,-0.305,-0.155
8.8558e-02,-0.345,-0.49
8.8560e-02,-0.345,-0.155
8.8562e-02,-0.29,-0.475
8.8563e-02,-0.355,-0.175
8.8565e-02,-0.24,-0.465
8.8566e-02,-0.325,-0.185
8.8568e-02,-0.355,-0.49
8.8570e-02,-0.3,-0.16
8.8571e-02,-0.305,-0.48
8.8573e-02,-0.355,-0.16
8.8574e-02,-0.37,-0.48
8.8576e-02,-0.39,-0.16
8.8578e-02,-0.375,-0.46
8.8579e-02,-0.25,-0.18
8.8581e-02,-0.295,-0.47
8.8582e-02,-0.29,-0.17
8.8584e-02,-0.265,-0.485
8.8586e-02,-0.33,-0.16
8.8587e-02,-0.24,-0.465
8.8589e-02,-0.295,-0.18
8.8590e-02,-0.37,-0.48
8.8592e-02,-0.265,-0.17
8.8594e-02,-0.26,-0.47
8.8595e-02,-0.31,-0.18
8.8597e-02,-0.275,-0.47
8.8598e-02,-0.43,-0.175
8.8600e-02,-0.3,-0.51
8.8602e-02,-0.315,-0.14
8.8603e-02,-0.355,-0.48
8.8605e-02,-0.31,-0.15
8.8606e-02,-0.375,-0.475
8.8608e-02,-0.315,-0.17
8.8610e-02,-0.26,-0.485
8.8611e-02,-0.37,-0.155
8.8613e-02,-0.355,-0.48
8.8614e-02,-0.355,-0.17
8.8616e-02,-0.37,-0.48
8.8618e-02,-0.19,-0.17
8.8619e-02,-0.38,-0.5
8.8621e-02,-0.28,-0.145
8.8622e-02,-0.38,-0.5
8.8624e-02,-0.345,-0.15
8.8626e-02,-0.375,-0.49
8.8627e-02,-0.295,-0.16
8.8629e-02,-0.39,-0.49
8.8630e-02,-0.325,-0.165
8.8632e-02,-0.315,-0.475
8.8634e-02,-0.27,-0.17
8.8635e-02,-0.3,-0.47
8.8637e-02,-0.3,-0.175
8.8638e-02,-0.41,-0.48
8.8640e-02,-0.225,-0.175
8.8642e-02,-0.29,-0.46
8.8643e-02,-0.24,-0.185
8.8645e-02,-0.355,-0.475
8.8646e-02,-0.35,-0.17
8.8648e-02,-0.335,-0.515
8.8650e-02,-0.35,-0.145
8.8651e-02,-0.43,-0.5
8.8653e-02,-0.32,-0.15
8.8654e-02,-0.39,-0.495
8.8656e-02,-0.245,-0.16
8.8658e-02,-0.265,-0.475
8.8659e-02,-0.37,-0.17
8.8661e-02,-0.34,-0.495
8.8662e-02,-0.34,-0.16
8.8664e-02,-0.36,-0.475
8.8666e-02,-0.33,-0.175
8.8667e-02,-0.435,-0.475
8.8669e-02,-0.36,-0.17
8.8670e-02,-0.325,-0.48
8.8672e-02,-0.375,-0.175
8.8674e-02,-0.31,-0.515
8.8675e-02,-0.34,-0.135
8.8677e-02,-0.385,-0.52
8.8678e-02,-0.335,-0.135
8.8680e-02,-0.355,-0.5
8.8682e-02,-0.28,-0.15
8.8683e-02,-0.28,-0.47
8.8685e-02,-0.265,-0.175
8.8686e-02,-0.315,-0.46
8.8688e-02,-0.3,-0.19
8.8690e-02,-0.29,-0.465
8.8691e-02,-0.375,-0.18
8.8693e-02,-0.315,-0.485
8.8694e-02,-0.435,-0.165
8.8696e-02,-0.23,-0.49
8.8698e-02,-0.355,-0.16
8.8699e-02,-0.3,-0.48
8.8701e-02,-0.395,-0.17
8.8702e-02,-0.375,-0.48
8.8704e-02,-0.35,-0.17
8.8706e-02,-0.32,-0.475
8.8707e-02,-0.405,-0.17
8.8709e-02,-0.385,-0.475
8.8710e-02,-0.32,-0.165
8.8712e-02,-0.285,-0.48
8.8714e-02,-0.3,-0.165
8.8715e-02,-0.335,-0.475
8.8717e-02,-0.375,-0.165
8.8718e-02,-0.245,-0.47
8.8720e-02,-0.235,-0.17
8.8722e-02,-0.26,-0.465
8.8723e-02,-0.235,-0.17
8.8725e-02,-0.37,-0.475
8.8726e-02,-0.26,-0.16
8.8728e-02,-0.335,-0.5
8.8730e-02,-0.37,-0.14
8.8731e-02,-0.345,-0.48
8.8733e-02,-0.425,-0.17
8.8734e-02,-0.35,-0.485
8.8736e-02,-0.27,-0.155
8.8738e-02,-0.34,-0.475
8.8739e-02,-0.28,-0.175
8.8741e-02,-0.415,-0.47
8.8742e-02,-0.345,-0.17
8.8744e-02,-0.365,-0.46
8.8746e-02,-0.335,-0.175
8.8747e-02,-0.44,-0.495
8.8749e-02,-0.345,-0.145
8.8750e-02,-0.385,-0.495
8.8752e-02,-0.35,-0.145
8.8754e-02,-0.41,-0.475
8.8755e-02,-0.4,-0.165
8.8757e-02,-0.355,-0.49
8.8758e-02,-0.345,-0.16
8.8760e-02,-0.305,-0.49
8.8762e-02,-0.32,-0.155
8.8763e-02,-0.355,-0.495
8.8765e-02,-0.34,-0.15
8.8766e-02,-0.35,-0.545
8.8768e-02,-0.345,-0.11
8.8770e-02,-0.29,-0.51
8.8771e-02,-0.36,-0.14
8.8773e-02,-0.26,-0.465
8.8774e-02,-0.285,-0.18
8.8776e-02,-0.22,-0.53
8.8778e-02,-0.275,-0.12
8.8779e-02,-0.28,-0.495
8.8781e-02,-0.365,-0.155
8.8782e-02,-0.29,-0.51
8.8784e-02,-0.415,-0.13
8.8786e-02,-0.3,-0.47
8.8787e-02,-0.395,-0.175
8.8789e-02,-0.38,-0.49
8.8790e-02,-0.355,-0.17
8.8792e-02,-0.425,-0.465
8.8794e-02,-0.325,-0.185
8.8795e-02,-0.45,-0.5
8.8797e-02,-0.335,-0.16
8.8798e-02,-0.395,-0.525
8.8800e-02,-0.27,-0.13
8.8802e-02,-0.32,-0.52
8.8803e-02,-0.32,-0.135
8.8805e-02,-0.42,-0.485
8.8806e-02,-0.335,-0.165
8.8808e-02,-0.34,-0.5
8.8810e-02,-0.39,-0.15
8.8811e-02,-0.35,-0.475
8.8813e-02,-0.375,-0.18
8.8814e-02,-0.31,-0.49
8.8816e-02,-0.33,-0.165
8.8818e-02,-0.365,-0.485
8.8819e-02,-0.395,-0.17
8.8821e-02,-0.315,-0.47
8.8822e-02,-0.355,-0.175
8.8824e-02,-0.24,-0.505
8.8826e-02,-0.4,-0.155
8.8827e-02,-0.355,-0.475
8.8829e-02,-0.32,-0.18
8.8830e-02,-0.29,-0.485
8.8832e-02,-0.28,-0.175
8.8834e-02,-0.285,-0.485
8.8835e-02,-0.325,-0.175
8.8837e-02,-0.29,-0.495
8.8838e-02,-0.275,-0.155
8.8840e-02,-0.34,-0.5
8.8842e-02,-0.315,-0.15
8.8843e-02,-0.36,-0.49
8.8845e-02,-0.345,-0.165
8.8846e-02,-0.24,-0.505
8.8848e-02,-0.39,-0.145
8.8850e-02,-0.275,-0.485
8.8851e-02,-0.41,-0.17
8.8853e-02,-0.275,-0.495
8.8854e-02,-0.29,-0.16
8.8856e-02,-0.26,-0.485
8.8858e-02,-0.28,-0.17
8.8859e-02,-0.315,-0.46
8.8861e-02,-0.32,-0.185
8.8862e-02,-0.31,-0.465
8.8864e-02,-0.27,-0.185
8.8866e-02,-0.325,-0.455
8.8867e-02,-0.225,-0.19
8.8869e-02,-0.34,-0.465
8.8870e-02,-0.24,-0.18
8.8872e-02,-0.275,-0.465
8.8874e-02,-0.315,-0.185
8.8875e-02,-0.355,-0.465
8.8877e-02,-0.3,-0.185
8.8878e-02,-0.305,-0.49
8.8880e-02,-0.255,-0.16
8.8882e-02,-0.37,-0.49
8.8883e-02,-0.36,-0.165
8.8885e-02,-0.305,-0.475
8.8886e-02,-0.38,-0.155
8.8888e-02,-0.355,-0.48
8.8890e-02,-0.34,-0.17
8.8891e-02,-0.48,-0.505
8.8893e-02,-0.3,-0.15
8.8894e-02,-0.285,-0.485
8.8896e-02,-0.335,-0.16
8.8898e-02,-0.3,-0.5
8.8899e-02,-0.375,-0.15
8.8901e-02,-0.375,-0.48
8.8902e-02,-0.295,-0.165
8.8904e-02,-0.41,-0.465
8.8906e-02,-0.355,-0.19
8.8907e-02,-0.39,-0.49
8.8909e-02,-0.325,-0.17
8.8910e-02,-0.29,-0.475
8.8912e-02,-0.375,-0.175
8.8914e-02,-0.41,-0.47
8.8915e-02,-0.39,-0.18
8.8917e-02,-0.31,-0.495
8.8918e-02,-0.405,-0.155
8.8920e-02,-0.32,-0.48
8.8922e-02,-0.395,-0.165
8.8923e-02,-0.34,-0.475
8.8925e-02,-0.37,-0.17
8.8926e-02,-0.3,-0.485
8.8928e-02,-0.47,-0.175
8.8930e-02,-0.3,-0.47
8.8931e-02,-0.435,-0.175
8.8933e-02,-0.33,-0.49
8.8934e-02,-0.33,-0.16
8.8936e-02,-0.295,-0.48
8.8938e-02,-0.31,-0.165
8.8939e-02,-0.305,-0.49
8.8941e-02,-0.275,-0.17
8.8942e-02,-0.29,-0.49
8.8944e-02,-0.255,-0.16
8.8946e-02,-0.32,-0.48
8.8947e-02,-0.39,-0.18
8.8949e-02,-0.325,-0.465
8.8950e-02,-0.305,-0.185
8.8952e-02,-0.33,-0.49
8.8954e-02,-0.375,-0.16
8.8955e-02,-0.295,-0.485
8.8957e-02,-0.305,-0.18
8.8958e-02,-0.235,-0.485
8.8960e-02,-0.295,-0.18
8.8962e-02,-0.315,-0.49
8.8963e-02,-0.34,-0.16
8.8965e-02,-0.3,-0.475
8.8966e-02,-0.395,-0.18
8.8968e-02,-0.39,-0.47
8.8970e-02,-0.34,-0.18
8.8971e-02,-0.395,-0.485
8.8973e-02,-0.315,-0.17
8.8974e-02,-0.3,-0.48
8.8976e-02,-0.265,-0.175
8.8978e-02,-0.37,-0.505
8.8979e-02,-0.31,-0.155
8.8981e-02,-0.325,-0.485
8.8982e-02,-0.315,-0.175
8.8984e-02,-0.36,-0.485
8.8986e-02,-0.385,-0.17
8.8987e-02,-0.38,-0.47
8.8989e-02,-0.335,-0.18
8.8990e-02,-0.275,-0.51
8.8992e-02,-0.335,-0.15
8.8994e-02,-0.345,-0.5
8.8995e-02,-0.335,-0.16
8.8997e-02,-0.3,-0.48
8.8998e-02,-0.39,-0.17
8.9000e-02,-0.345,-0.505
8.9002e-02,-0.36,-0.145
8.9003e-02,-0.425,-0.51
8.9005e-02,-0.35,-0.145
8.9006e-02,-0.355,-0.495
8.9008e-02,-0.34,-0.16
8.9010e-02,-0.385,-0.495
8.9011e-02,-0.295,-0.16
8.9013e-02,-0.31,-0.485
8.9014e-02,-0.3,-0.17
8.9016e-02,-0.24,-0.515
8.9018e-02,-0.345,-0.145
8.9019e-02,-0.325,-0.48
8.9021e-02,-0.29,-0.17
8.9022e-02,-0.305,-0.485
8.9024e-02,-0.39,-0.165
8.9026e-02,-0.34,-0.515
8.9027e-02,-0.31,-0.135
8.9029e-02,-0.33,-0.49
8.9030e-02,-0.365,-0.165
8.9032e-02,-0.335,-0.525
8.9034e-02,-0.36,-0.135
8.9035e-02,-0.305,-0.525
8.9037e-02,-0.34,-0.135
8.9038e-02,-0.295,-0.49
8.9040e-02,-0.4,-0.165
8.9042e-02,-0.345,-0.505
8.9043e-02,-0.395,-0.145
8.9045e-02,-0.305,-0.475
8.9046e-02,-0.425,-0.175
8.9048e-02,-0.3,-0.5
8.9050e-02,-0.42,-0.15
8.9051e-02,-0.335,-0.47
8.9053e-02,-0.38,-0.175
8.9054e-02,-0.215,-0.5
8.9056e-02,-0.365,-0.155
8.9058e-02,-0.34,-0.465
8.9059e-02,-0.32,-0.19
8.9061e-02,-0.26,-0.46
8.9062e-02,-0.295,-0.19
8.9064e-02,-0.415,-0.49
8.9066e-02,-0.32,-0.165
8.9067e-02,-0.385,-0.5
8.9069e-02,-0.31,-0.155
8.9070e-02,-0.34,-0.47
8.9072e-02,-0.39,-0.175
8.9074e-02,-0.345,-0.495
8.9075e-02,-0.255,-0.15
8.9077e-02,-0.315,-0.53
8.9078e-02,-0.32,-0.125
8.9080e-02,-0.31,-0.495
8.9082e-02,-0.315,-0.15
8.9083e-02,-0.285,-0.55
8.9085e-02,-0.3,-0.11
8.9086e-02,-0.28,-0.485
8.9088e-02,-0.335,-0.17
8.9090e-02,-0.305,-0.475
8.9091e-02,-0.315,-0.175
8.9093e-02,-0.305,-0.49
8.9094e-02,-0.335,-0.17
8.9096e-02,-0.32,-0.515
8.9098e-02,-0.355,-0.15
8.9099e-02,-0.34,-0.515
8.9101e-02,-0.345,-0.15
8.9102e-02,-0.31,-0.48
8.9104e-02,-0.405,-0.18
8.9106e-02,-0.4,-0.465
8.9107e-02,-0.365,-0.195
8.9109e-02,-0.32,-0.475
8.9110e-02,-0.385,-0.175
8.9112e-02,-0.335,-0.475
8.9114e-02,-0.305,-0.175
8.9115e-02,-0.32,-0.47
8.9117e-02,-0.32,-0.185
8.9118e-02,-0.39,-0.485
8.9120e-02,-0.385,-0.17
8.9122e-02,-0.41,-0.51
8.9123e-02,-0.34,-0.14
8.9125e-02,-0.365,-0.49
8.9126e-02,-0.39,-0.165
8.9128e-02,-0.295,-0.495
8.9130e-02,-0.32,-0.15
8.9131e-02,-0.33,-0.485
8.9133e-02,-0.275,-0.175
8.9134e-02,-0.36,-0.48
8.9136e-02,-0.37,-0.18
8.9138e-02,-0.39,-0.52
8.9139e-02,-0.355,-0.145
8.9141e-02,-0.375,-0.485
8.9142e-02,-0.41,-0.17
8.9144e-02,-0.39,-0.455
8.9146e-02,-0.39,-0.195
8.9147e-02,-0.28,-0.48
8.9149e-02,-0.345,-0.175
8.9150e-02,-0.22,-0.485
8.9152e-02,-0.405,-0.165
8.9154e-02,-0.365,-0.465
8.9155e-02,-0.275,-0.185
8.9157e-02,-0.33,-0.49
8.9158e-02,-0.43,-0.17
8.9160e-02,-0.385,-0.5
8.9162e-02,-0.39,-0.155
8.9163e-02,-0.36,-0.46
8.9165e-02,-0.285,-0.19
8.9166e-02,-0.335,-0.49
8.9168e-02,-0.335,-0.17
8.9170e-02,-0.325,-0.495
8.9171e-02,-0.265,-0.16
8.9173e-02,-0.33,-0.47
8.9174e-02,-0.455,-0.185
8.9176e-02,-0.38,-0.485
8.9178e-02,-0.33,-0.165
8.9179e-02,-0.37,-0.49
8.9181e-02,-0.3,-0.175
8.9182e-02,-0.375,-0.47
8.9184e-02,-0.33,-0.19
8.9186e-02,-0.325,-0.49
8.9187e-02,-0.295,-0.17
8.9189e-02,-0.32,-0.485
8.9190e-02,-0.355,-0.17
8.9192e-02,-0.185,-0.485
8.9194e-02,-0.375,-0.165
8.9195e-02,-0.27,-0.5
8.9197e-02,-0.365,-0.16
8.9198e-02,-0.345,-0.49
8.9200e-02,-0.455,-0.175
8.9202e-02,-0.33,-0.475
8.9203e-02,-0.31,-0.18
8.9205e-02,-0.285,-0.515
8.9206e-02,-0.315,-0.155
8.9208e-02,-0.32,-0.51
8.9210e-02,-0.405,-0.15
8.9211e-02,-0.335,-0.485
8.9213e-02,-0.33,-0.17
8.9214e-02,-0.43,-0.485
8.9216e-02,-0.375,-0.17
8.9218e-02,-0.305,-0.465
8.9219e-02,-0.385,-0.195
8.9221e-02,-0.355,-0.485
8.9222e-02,-0.385,-0.175
8.9224e-02,-0.345,-0.465
8.9226e-02,-0.34,-0.19
8.9227e-02,-0.205,-0.47
8.9229e-02,-0.34,-0.19
8.9230e-02,-0.33,-0.495
8.9232e-02,-0.315,-0.165
8.9234e-02,-0.385,-0.505
8.9235e-02,-0.33,-0.165
8.9237e-02,-0.32,-0.485
8.9238e-02,-0.3,-0.165
8.9240e-02,-0.33,-0.485
8.9242e-02,-0.225,-0.165
8.9243e-02,-0.3,-0.48
8.9245e-02,-0.325,-0.18
8.9246e-02,-0.375,-0.49
8.9248e-02,-0.435,-0.165
8.9250e-02,-0.365,-0.515
8.9251e-02,-0.415,-0.15
8.9253e-02,-0.26,-0.55
8.9254e-02,-0.43,-0.12
8.9256e-02,-0.33,-0.495
8.9258e-02,-0.325,-0.165
8.9259e-02,-0.295,-0.51
8.9261e-02,-0.32,-0.145
8.9262e-02,-0.34,-0.485
8.9264e-02,-0.32,-0.175
8.9266e-02,-0.28,-0.485
8.9267e-02,-0.24,-0.18
8.9269e-02,-0.205,-0.48
8.9270e-02,-0.38,-0.185
8.9272e-02,-0.305,-0.49
8.9274e-02,-0.3,-0.18
8.9275e-02,-0.285,-0.485
8.9277e-02,-0.37,-0.18
8.9278e-02,-0.255,-0.49
8.9280e-02,-0.33,-0.175
8.9282e-02,-0.31,-0.47
8.9283e-02,-0.295,-0.19
8.9285e-02,-0.375,-0.485
8.9286e-02,-0.4,-0.175
8.9288e-02,-0.335,-0.47
8.9290e-02,-0.36,-0.175
8.9291e-02,-0.33,-0.505
8.9293e-02,-0.375,-0.155
8.9294e-02,-0.33,-0.5
8.9296e-02,-0.39,-0.155
8.9298e-02,-0.39,-0.465
8.9299e-02,-0.265,-0.19
8.9301e-02,-0.385,-0.52
8.9302e-02,-0.345,-0.14
8.9304e-02,-0.345,-0.475
8.9306e-02,-0.255,-0.18
8.9307e-02,-0.3,-0.485
8.9309e-02,-0.23,-0.165
8.9310e-02,-0.315,-0.49
8.9312e-02,-0.365,-0.165
8.9314e-02,-0.285,-0.49
8.9315e-02,-0.315,-0.16
8.9317e-02,-0.335,-0.485
8.9318e-02,-0.44,-0.17
8.9320e-02,-0.28,-0.485
8.9322e-02,-0.385,-0.17
8.9323e-02,-0.255,-0.475
8.9325e-02,-0.3,-0.175
8.9326e-02,-0.35,-0.49
8.9328e-02,-0.4,-0.16
8.9330e-02,-0.305,-0.46
8.9331e-02,-0.325,-0.19
8.9333e-02,-0.43,-0.48
8.9334e-02,-0.315,-0.18
8.9336e-02,-0.34,-0.495
8.9338e-02,-0.225,-0.16
8.9339e-02,-0.275,-0.47
8.9341e-02,-0.215,-0.185
8.9342e-02,-0.32,-0.475
8.9344e-02,-0.265,-0.175
8.9346e-02,-0.32,-0.47
8.9347e-02,-0.35,-0.185
8.9349e-02,-0.365,-0.485
8.9350e-02,-0.35,-0.17
8.9352e-02,-0.37,-0.505
8.9354e-02,-0.315,-0.15
8.9355e-02,-0.295,-0.495
8.9357e-02,-0.265,-0.165
8.9358e-02,-0.345,-0.475
8.9360e-02,-0.315,-0.18
8.9362e-02,-0.355,-0.475
8.9363e-02,-0.31,-0.175
8.9365e-02,-0.33,-0.5
8.9366e-02,-0.345,-0.155
8.9368e-02,-0.45,-0.48
8.9370e-02,-0.29,-0.175
8.9371e-02,-0.32,-0.5
8.9373e-02,-0.295,-0.15
8.9374e-02,-0.375,-0.475
8.9376e-02,-0.24,-0.185
8.9378e-02,-0.345,-0.505
8.9379e-02,-0.305,-0.165
8.9381e-02,-0.3,-0.465
8.9382e-02,-0.365,-0.19
8.9384e-02,-0.335,-0.49
8.9386e-02,-0.3,-0.18
8.9387e-02,-0.285,-0.47
8.9389e-02,-0.365,-0.19
8.9390e-02,-0.3,-0.495
8.9392e-02,-0.375,-0.17
8.9394e-02,-0.325,-0.48
8.9395e-02,-0.23,-0.18
8.9397e-02,-0.255,-0.495
8.9398e-02,-0.32,-0.165
8.9400e-02,-0.28,-0.49
8.9402e-02,-0.26,-0.175
8.9403e-02,-0.345,-0.475
8.9405e-02,-0.38,-0.19
8.9406e-02,-0.385,-0.505
8.9408e-02,-0.415,-0.16
8.9410e-02,-0.355,-0.48
8.9411e-02,-0.3,-0.185
8.9413e-02,-0.335,-0.515
8.9414e-02,-0.32,-0.145
8.9416e-02,-0.28,-0.48
8.9418e-02,-0.31,-0.185
8.9419e-02,-0.305,-0.525
8.9421e-02,-0.295,-0.135
8.9422e-02,-0.305,-0.505
8.9424e-02,-0.4,-0.165
8.9426e-02,-0.355,-0.5
8.9427e-02,-0.325,-0.165
8.9429e-02,-0.305,-0.52
8.9430e-02,-0.41,-0.15
8.9432e-02,-0.3,-0.5
8.9434e-02,-0.385,-0.165
8.9435e-02,-0.305,-0.49
8.9437e-02,-0.325,-0.175
8.9438e-02,-0.37,-0.515
8.9440e-02,-0.3,-0.155
8.9442e-02,-0.285,-0.485
8.9443e-02,-0.295,-0.175
8.9445e-02,-0.375,-0.48
8.9446e-02,-0.33,-0.18
8.9448e-02,-0.4,-0.49
8.9450e-02,-0.35,-0.175
8.9451e-02,-0.35,-0.485
8.9453e-02,-0.315,-0.18
8.9454e-02,-0.33,-0.47
8.9456e-02,-0.375,-0.195
8.9458e-02,-0.275,-0.495
8.9459e-02,-0.325,-0.17
8.9461e-02,-0.335,-0.49
8.9462e-02,-0.385,-0.165
8.9464e-02,-0.43,-0.495
8.9466e-02,-0.375,-0.165
8.9467e-02,-0.325,-0.47
8.9469e-02,-0.32,-0.19
8.9470e-02,-0.35,-0.47
8.9472e-02,-0.35,-0.195
8.9474e-02,-0.335,-0.5
8.9475e-02,-0.35,-0.165
8.9477e-02,-0.385,-0.49
8.9478e-02,-0.33,-0.17
8.9480e-02,-0.36,-0.49
8.9482e-02,-0.35,-0.17
8.9483e-02,-0.32,-0.495
8.9485e-02,-0.33,-0.17
8.9486e-02,-0.44,-0.5
8.9488e-02,-0.39,-0.155
8.9490e-02,-0.375,-0.475
8.9491e-02,-0.28,-0.18
8.9493e-02,-0.315,-0.5
8.9494e-02,-0.305,-0.16
8.9496e-02,-0.445,-0.49
8.9498e-02,-0.37,-0.17
8.9499e-02,-0.35,-0.505
8.9501e-02,-0.45,-0.15
8.9502e-02,-0.41,-0.48
8.9504e-02,-0.33,-0.18
8.9506e-02,-0.38,-0.52
8.9507e-02,-0.315,-0.145
8.9509e-02,-0.32,-0.495
8.9510e-02,-0.375,-0.16
8.9512e-02,-0.34,-0.5
8.9514e-02,-0.38,-0.16
8.9515e-02,-0.26,-0.49
8.9517e-02,-0.35,-0.17
8.9518e-02,-0.255,-0.475
8.9520e-02,-0.33,-0.175
8.9522e-02,-0.37,-0.485
8.9523e-02,-0.335,-0.17
8.9525e-02,-0.285,-0.48
8.9526e-02,-0.43,-0.175
8.9528e-02,-0.415,-0.495
8.9530e-02,-0.34,-0.17
8.9531e-02,-0.325,-0.47
8.9533e-02,-0.32,-0.185
8.9534e-02,-0.315,-0.465
8.9536e-02,-0.425,-0.2
8.9538e-02,-0.335,-0.49
8.9539e-02,-0.27,-0.17
8.9541e-02,-0.36,-0.48
8.9542e-02,-0.285,-0.19
8.9544e-02,-0.28,-0.505
8.9546e-02,-0.355,-0.165
8.9547e-02,-0.3,-0.49
8.9549e-02,-0.33,-0.185
8.9550e-02,-0.425,-0.5
8.9552e-02,-0.37,-0.165
8.9554e-02,-0.395,-0.48
8.9555e-02,-0.365,-0.18
8.9557e-02,-0.37,-0.48
8.9558e-02,-0.4,-0.18
8.9560e-02,-0.45,-0.485
8.9562e-02,-0.39,-0.19
8.9563e-02,-0.275,-0.485
8.9565e-02,-0.31,-0.175
8.9566e-02,-0.28,-0.475
8.9568e-02,-0.28,-0.19
8.9570e-02,-0.26,-0.47
8.9571e-02,-0.33,-0.2
8.9573e-02,-0.295,-0.48
8.9574e-02,-0.33,-0.18
8.9576e-02,-0.375,-0.48
8.9578e-02,-0.31,-0.19
8.9579e-02,-0.33,-0.475
8.9581e-02,-0.285,-0.195
8.9582e-02,-0.205,-0.48
8.9584e-02,-0.36,-0.185
8.9586e-02,-0.34,-0.515
8.9587e-02,-0.245,-0.16
8.9589e-02,-0.28,-0.51
8.9590e-02,-0.255,-0.16
8.9592e-02,-0.315,-0.495
8.9594e-02,-0.285,-0.175
8.9595e-02,-0.35,-0.515
8.9597e-02,-0.3,-0.15
8.9598e-02,-0.345,-0.49
8.9600e-02,-0.375,-0.18
8.9602e-02,-0.24,-0.5
8.9603e-02,-0.34,-0.175
8.9605e-02,-0.225,-0.5
8.9606e-02,-0.375,-0.165
8.9608e-02,-0.38,-0.485
8.9610e-02,-0.365,-0.175
8.9611e-02,-0.42,-0.505
8.9613e-02,-0.32,-0.16
8.9614e-02,-0.38,-0.49
8.9616e-02,-0.35,-0.165
8.9618e-02,-0.415,-0.475
8.9619e-02,-0.445,-0.19
8.9621e-02,-0.355,-0.46
8.9622e-02,-0.31,-0.205
8.9624e-02,-0.42,-0.475
8.9626e-02,-0.335,-0.185
8.9627e-02,-0.34,-0.495
8.9629e-02,-0.36,-0.17
8.9630e-02,-0.33,-0.495
8.9632e-02,-0.47,-0.17
8.9634e-02,-0.375,-0.485
8.9635e-02,-0.355,-0.175
8.9637e-02,-0.29,-0.475
8.9638e-02,-0.35,-0.185
8.9640e-02,-0.305,-0.465
8.9642e-02,-0.33,-0.2
8.9643e-02,-0.35,-0.49
8.9645e-02,-0.205,-0.175
8.9646e-02,-0.27,-0.515
8.9648e-02,-0.325,-0.14
8.9650e-02,-0.29,-0.495
8.9651e-02,-0.405,-0.17
8.9653e-02,-0.27,-0.495
8.9654e-02,-0.275,-0.175
8.9656e-02,-0.365,-0.495
8.9658e-02,-0.325,-0.16
8.9659e-02,-0.32,-0.5
8.9661e-02,-0.32,-0.175
8.9662e-02,-0.36,-0.505
8.9664e-02,-0.305,-0.165
8.9666e-02,-0.41,-0.5
8.9667e-02,-0.39,-0.165
8.9669e-02,-0.355,-0.51
8.9670e-02,-0.42,-0.155
8.9672e-02,-0.375,-0.54
8.9674e-02,-0.325,-0.135
8.9675e-02,-0.355,-0.475
8.9677e-02,-0.265,-0.185
8.9678e-02,-0.29,-0.525
8.9680e-02,-0.28,-0.145
8.9682e-02,-0.37,-0.485
8.9683e-02,-0.285,-0.185
8.9685e-02,-0.33,-0.485
8.9686e-02,-0.285,-0.18
8.9688e-02,-0.29,-0.49
8.9690e-02,-0.495,-0.185
8.9691e-02,-0.295,-0.505
8.9693e-02,-0.325,-0.165
8.9694e-02,-0.24,-0.485
8.9696e-02,-0.3,-0.185
8.9698e-02,-0.315,-0.47
8.9699e-02,-0.28,-0.195
8.9701e-02,-0.325,-0.49
8.9702e-02,-0.24,-0.175
8.9704e-02,-0.29,-0.515
8.9706e-02,-0.365,-0.16
8.9707e-02,-0.37,-0.485
8.9709e-02,-0.325,-0.18
8.9710e-02,-0.26,-0.51
8.9712e-02,-0.305,-0.16
8.9714e-02,-0.29,-0.475
8.9715e-02,-0.425,-0.2
8.9717e-02,-0.305,-0.48
8.9718e-02,-0.28,-0.19
8.9720e-02,-0.36,-0.475
8.9722e-02,-0.32,-0.19
8.9723e-02,-0.39,-0.5
8.9725e-02,-0.425,-0.175
8.9726e-02,-0.28,-0.485
8.9728e-02,-0.395,-0.18
8.9730e-02,-0.315,-0.5
8.9731e-02,-0.305,-0.17
8.9733e-02,-0.39,-0.505
8.9734e-02,-0.295,-0.175
8.9736e-02,-0.3,-0.5
8.9738e-02,-0.28,-0.17
8.9739e-02,-0.3,-0.505
8.9741e-02,-0.38,-0.17
8.9742e-02,-0.33,-0.505
8.9744e-02,-0.27,-0.165
8.9746e-02,-0.345,-0.48
8.9747e-02,-0.295,-0.19
8.9749e-02,-0.305,-0.515
8.9750e-02,-0.315,-0.15
8.9752e-02,-0.3,-0.495
8.9754e-02,-0.305,-0.18
8.9755e-02,-0.32,-0.495
8.9757e-02,-0.32,-0.175
8.9758e-02,-0.325,-0.48
8.9760e-02,-0.35,-0.195
8.9762e-02,-0.375,-0.46
8.9763e-02,-0.38,-0.2
8.9765e-02,-0.375,-0.48
8.9766e-02,-0.285,-0.19
8.9768e-02,-0.38,-0.485
8.9770e-02,-0.325,-0.185
8.9771e-02,-0.38,-0.475
8.9773e-02,-0.335,-0.195
8.9774e-02,-0.285,-0.475
8.9776e-02,-0.355,-0.2
8.9778e-02,-0.39,-0.475
8.9779e-02,-0.39,-0.195
8.9781e-02,-0.33,-0.51
8.9782e-02,-0.38,-0.16
8.9784e-02,-0.225,-0.495
8.9786e-02,-0.28,-0.175
8.9787e-02,-0.305,-0.48
8.9789e-02,-0.355,-0.185
8.9790e-02,-0.32,-0.48
8.9792e-02,-0.245,-0.19
8.9794e-02,-0.245,-0.515
8.9795e-02,-0.335,-0.155
8.9797e-02,-0.32,-0.475
8.9798e-02,-0.315,-0.19
8.9800e-02,-0.345,-0.48
8.9802e-02,-0.265,-0.185
8.9803e-02,-0.315,-0.5
8.9805e-02,-0.285,-0.165
8.9806e-02,-0.32,-0.485
8.9808e-02,-0.33,-0.175
8.9810e-02,-0.29,-0.475
8.9811e-02,-0.37,-0.19
8.9813e-02,-0.345,-0.525
8.9814e-02,-0.265,-0.145
8.9816e-02,-0.31,-0.49
8.9818e-02,-0.34,-0.18
8.9819e-02,-0.34,-0.495
8.9821e-02,-0.335,-0.17
8.9822e-02,-0.28,-0.49
8.9824e-02,-0.21,-0.175
8.9826e-02,-0.355,-0.485
8.9827e-02,-0.33,-0.185
8.9829e-02,-0.375,-0.485
8.9830e-02,-0.365,-0.175
8.9832e-02,-0.335,-0.5
8.9834e-02,-0.34,-0.175
8.9835e-02,-0.355,-0.485
8.9837e-02,-0.325,-0.175
8.9838e-02,-0.425,-0.48
8.9840e-02,-0.33,-0.185
8.9842e-02,-0.295,-0.465
8.9843e-02,-0.375,-0.195
8.9845e-02,-0.35,-0.49
8.9846e-02,-0.355,-0.175
8.9848e-02,-0.345,-0.49
8.9850e-02,-0.355,-0.165
8.9851e-02,-0.35,-0.52
8.9853e-02,-0.435,-0.145
8.9854e-02,-0.27,-0.505
8.9856e-02,-0.385,-0.165
8.9858e-02,-0.375,-0.505
8.9859e-02,-0.345,-0.155
8.9861e-02,-0.41,-0.495
8.9862e-02,-0.275,-0.165
8.9864e-02,-0.3,-0.5
8.9866e-02,-0.32,-0.17
8.9867e-02,-0.32,-0.49
8.9869e-02,-0.48,-0.18
8.9870e-02,-0.33,-0.535
8.9872e-02,-0.32,-0.14
8.9874e-02,-0.29,-0.5
8.9875e-02,-0.31,-0.17
8.9877e-02,-0.315,-0.475
8.9878e-02,-0.325,-0.19
8.9880e-02,-0.365,-0.485
8.9882e-02,-0.29,-0.185
8.9883e-02,-0.405,-0.495
8.9885e-02,-0.305,-0.17
8.9886e-02,-0.425,-0.485
8.9888e-02,-0.355,-0.185
8.9890e-02,-0.315,-0.485
8.9891e-02,-0.395,-0.19
8.9893e-02,-0.385,-0.5
8.9894e-02,-0.38,-0.17
8.9896e-02,-0.325,-0.48
8.9898e-02,-0.32,-0.185
8.9899e-02,-0.315,-0.48
8.9901e-02,-0.425,-0.185
8.9902e-02,-0.35,-0.51
8.9904e-02,-0.35,-0.155
8.9906e-02,-0.315,-0.48
8.9907e-02,-0.365,-0.19
8.9909e-02,-0.43,-0.48
8.9910e-02,-0.4,-0.185
8.9912e-02,-0.355,-0.475
8.9914e-02,-0.33,-0.195
8.9915e-02,-0.265,-0.505
8.9917e-02,-0.39,-0.16
8.9918e-02,-0.365,-0.49
8.9920e-02,-0.29,-0.175
8.9922e-02,-0.34,-0.485
8.9923e-02,-0.335,-0.175
8.9925e-02,-0.355,-0.495
8.9926e-02,-0.355,-0.18
8.9928e-02,-0.37,-0.515
8.9930e-02,-0.27,-0.165
8.9931e-02,-0.41,-0.515
8.9933e-02,-0.275,-0.155
8.9934e-02,-0.27,-0.51
8.9936e-02,-0.28,-0.155
8.9938e-02,-0.315,-0.515
8.9939e-02,-0.3,-0.155
8.9941e-02,-0.37,-0.5
8.9942e-02,-0.385,-0.17
8.9944e-02,-0.32,-0.485
8.9946e-02,-0.29,-0.19
8.9947e-02,-0.28,-0.495
8.9949e-02,-0.365,-0.185
8.9950e-02,-0.335,-0.465
8.9952e-02,-0.36,-0.2
8.9954e-02,-0.205,-0.5
8.9955e-02,-0.335,-0.175
8.9957e-02,-0.285,-0.5
8.9958e-02,-0.31,-0.17
8.9960e-02,-0.365,-0.495
8.9962e-02,-0.3,-0.17
8.9963e-02,-0.22,-0.51
8.9965e-02,-0.35,-0.155
8.9966e-02,-0.365,-0.5
8.9968e-02,-0.285,-0.17
8.9970e-02,-0.355,-0.5
8.9971e-02,-0.3,-0.17
8.9973e-02,-0.34,-0.485
8.9974e-02,-0.41,-0.19
8.9976e-02,-0.33,-0.48
8.9978e-02,-0.41,-0.19
8.9979e-02,-0.36,-0.52
8.9981e-02,-0.33,-0.16
8.9982e-02,-0.325,-0.505
8.9984e-02,-0.325,-0.17
8.9986e-02,-0.31,-0.495
8.9987e-02,-0.235,-0.175
8.9989e-02,-0.415,-0.52
8.9990e-02,-0.31,-0.165
8.9992e-02,-0.37,-0.515
8.9994e-02,-0.325,-0.155
8.9995e-02,-0.38,-0.485
8.9997e-02,-0.37,-0.195
8.9998e-02,-0.445,-0.5
9.0000e-02,-0.335,-0.165
9.0002e-02,-0.36,-0.51
9.0003e-02,-0.44,-0.16
9.0005e-02,-0.355,-0.495
9.0006e-02,-0.34,-0.175
9.0008e-02,-0.43,-0.485
9.0010e-02,-0.265,-0.185
9.0011e-02,-0.325,-0.495
9.0013e-02,-0.345,-0.18
9.0014e-02,-0.38,-0.48
9.0016e-02,-0.355,-0.19
9.0018e-02,-0.34,-0.485
9.0019e-02,-0.245,-0.185
9.0021e-02,-0.305,-0.49
9.0022e-02,-0.355,-0.185
9.0024e-02,-0.295,-0.5
9.0026e-02,-0.34,-0.175
9.0027e-02,-0.34,-0.49
9.0029e-02,-0.275,-0.175
9.0030e-02,-0.36,-0.49
9.0032e-02,-0.36,-0.18
9.0034e-02,-0.365,-0.505
9.0035e-02,-0.415,-0.175
9.0037e-02,-0.36,-0.5
9.0038e-02,-0.42,-0.18
9.0040e-02,-0.335,-0.51
9.0042e-02,-0.385,-0.17
9.0043e-02,-0.215,-0.485
9.0045e-02,-0.31,-0.195
9.0046e-02,-0.32,-0.49
9.0048e-02,-0.335,-0.185
9.0050e-02,-0.42,-0.51
9.0051e-02,-0.35,-0.17
9.0053e-02,-0.36,-0.5
9.0054e-02,-0.45,-0.175
9.0056e-02,-0.38,-0.505
9.0058e-02,-0.4,-0.175
9.0059e-02,-0.325,-0.5
9.0061e-02,-0.32,-0.17
9.0062e-02,-0.35,-0.495
9.0064e-02,-0.365,-0.18
9.0066e-02,-0.38,-0.48
9.0067e-02,-0.38,-0.19
9.0069e-02,-0.35,-0.51
9.0070e-02,-0.375,-0.165
9.0072e-02,-0.345,-0.505
9.0074e-02,-0.38,-0.17
9.0075e-02,-0.24,-0.505
9.0077e-02,-0.35,-0.17
9.0078e-02,-0.285,-0.505
9.0080e-02,-0.36,-0.16
9.0082e-02,-0.345,-0.51
9.0083e-02,-0.255,-0.155
9.0085e-02,-0.335,-0.495
9.0086e-02,-0.31,-0.175
9.0088e-02,-0.36,-0.505
9.0090e-02,-0.295,-0.165
9.0091e-02,-0.28,-0.48
9.0093e-02,-0.27,-0.18
9.0094e-02,-0.3,-0.485
9.0096e-02,-0.285,-0.185
9.0098e-02,-0.245,-0.54
9.0099e-02,-0.395,-0.145
9.0101e-02,-0.22,-0.495
9.0102e-02,-0.3,-0.175
9.0104e-02,-0.36,-0.51
9.0106e-02,-0.33,-0.16
9.0107e-02,-0.325,-0.48
9.0109e-02,-0.305,-0.19
9.0110e-02,-0.21,-0.495
9.0112e-02,-0.4,-0.175
9.0114e-02,-0.29,-0.485
9.0115e-02,-0.315,-0.18
9.0117e-02,-0.255,-0.485
9.0118e-02,-0.27,-0.18
9.0120e-02,-0.29,-0.485
9.0122e-02,-0.265,-0.19
9.0123e-02,-0.295,-0.475
9.0125e-02,-0.3,-0.195
9.0126e-02,-0.305,-0.49
9.0128e-02,-0.365,-0.185
9.0130e-02,-0.385,-0.5
9.0131e-02,-0.32,-0.175
9.0133e-02,-0.24,-0.48
9.0134e-02,-0.36,-0.19
9.0136e-02,-0.355,-0.495
9.0138e-02,-0.365,-0.175
9.0139e-02,-0.33,-0.49
9.0141e-02,-0.28,-0.175
9.0142e-02,-0.325,-0.495
9.0144e-02,-0.33,-0.19
9.0146e-02,-0.345,-0.51
9.0147e-02,-0.475,-0.16
9.0149e-02,-0.35,-0.48
9.0150e-02,-0.355,-0.19
9.0152e-02,-0.29,-0.475
9.0154e-02,-0.35,-0.195
9.0155e-02,-0.405,-0.5
9.0157e-02,-0.355,-0.17
9.0158e-02,-0.285,-0.505
9.0160e-02,-0.34,-0.17
9.0162e-02,-0.295,-0.49
9.0163e-02,-0.34,-0.185
9.0165e-02,-0.295,-0.485
9.0166e-02,-0.335,-0.19
9.0168e-02,-0.275,-0.51
9.0170e-02,-0.345,-0.17
9.0171e-02,-0.3,-0.505
9.0173e-02,-0.335,-0.17
9.0174e-02,-0.255,-0.53
9.0176e-02,-0.26,-0.145
9.0178e-02,-0.35,-0.525
9.0179e-02,-0.34,-0.15
9.0181e-02,-0.41,-0.505
9.0182e-02,-0.305,-0.175
9.0184e-02,-0.36,-0.52
9.0186e-02,-0.37,-0.165
9.0187e-02,-0.355,-0.49
9.0189e-02,-0.365,-0.195
9.0190e-02,-0.255,-0.49
9.0192e-02,-0.24,-0.185
9.0194e-02,-0.27,-0.48
9.0195e-02,-0.335,-0.195
9.0197e-02,-0.33,-0.49
9.0198e-02,-0.355,-0.195
9.0200e-02,-0.245,-0.51
9.0202e-02,-0.385,-0.165
9.0203e-02,-0.335,-0.485
9.0205e-02,-0.45,-0.2
9.0206e-02,-0.365,-0.495
9.0208e-02,-0.35,-0.19
9.0210e-02,-0.345,-0.475
9.0211e-02,-0.295,-0.21
9.0213e-02,-0.345,-0.485
9.0214e-02,-0.375,-0.195
9.0216e-02,-0.28,-0.52
9.0218e-02,-0.28,-0.155
9.0219e-02,-0.365,-0.495
9.0221e-02,-0.33,-0.185
9.0222e-02,-0.35,-0.51
9.0224e-02,-0.285,-0.165
9.0226e-02,-0.29,-0.47
9.0227e-02,-0.345,-0.2
9.0229e-02,-0.335,-0.525
9.0230e-02,-0.325,-0.155
9.0232e-02,-0.335,-0.515
9.0234e-02,-0.285,-0.16
9.0235e-02,-0.445,-0.5
9.0237e-02,-0.4,-0.175
9.0238e-02,-0.42,-0.53
9.0240e-02,-0.315,-0.145
9.0242e-02,-0.275,-0.51
9.0243e-02,-0.39,-0.17
9.0245e-02,-0.34,-0.475
9.0246e-02,-0.29,-0.2
9.0248e-02,-0.325,-0.505
9.0250e-02,-0.245,-0.175
9.0251e-02,-0.32,-0.485
9.0253e-02,-0.35,-0.19
9.0254e-02,-0.425,-0.505
9.0256e-02,-0.33,-0.175
9.0258e-02,-0.395,-0.49
9.0259e-02,-0.265,-0.19
9.0261e-02,-0.37,-0.48
9.0262e-02,-0.42,-0.19
9.0264e-02,-0.35,-0.475
9.0266e-02,-0.385,-0.195
9.0267e-02,-0.265,-0.495
9.0269e-02,-0.435,-0.175
9.0270e-02,-0.43,-0.495
9.0272e-02,-0.3,-0.185
9.0274e-02,-0.39,-0.515
9.0275e-02,-0.325,-0.15
9.0277e-02,-0.405,-0.525
9.0278e-02,-0.415,-0.155
9.0280e-02,-0.315,-0.49
9.0282e-02,-0.34,-0.17
9.0283e-02,-0.31,-0.495
9.0285e-02,-0.355,-0.175
9.0286e-02,-0.335,-0.5
9.0288e-02,-0.375,-0.17
9.0290e-02,-0.28,-0.495
9.0291e-02,-0.34,-0.175
9.0293e-02,-0.335,-0.5
9.0294e-02,-0.445,-0.17
9.0296e-02,-0.325,-0.495
9.0298e-02,-0.275,-0.175
9.0299e-02,-0.355,-0.51
9.0301e-02,-0.27,-0.155
9.0302e-02,-0.29,-0.485
9.0304e-02,-0.295,-0.185
9.0306e-02,-0.28,-0.485
9.0307e-02,-0.335,-0.18
9.0309e-02,-0.365,-0.465
9.0310e-02,-0.305,-0.205
9.0312e-02,-0.375,-0.495
9.0314e-02,-0.32,-0.175
9.0315e-02,-0.36,-0.51
9.0317e-02,-0.35,-0.165
9.0318e-02,-0.37,-0.515
9.0320e-02,-0.375,-0.155
9.0322e-02,-0.24,-0.495
9.0323e-02,-0.275,-0.18
9.0325e-02,-0.315,-0.475
9.0326e-02,-0.375,-0.2
9.0328e-02,-0.34,-0.49
9.0330e-02,-0.375,-0.18
9.0331e-02,-0.34,-0.51
9.0333e-02,-0.31,-0.17
9.0334e-02,-0.36,-0.48
9.0336e-02,-0.29,-0.19
9.0338e-02,-0.325,-0.515
9.0339e-02,-0.295,-0.165
9.0341e-02,-0.305,-0.485
9.0342e-02,-0.42,-0.19
9.0344e-02,-0.3,-0.505
9.0346e-02,-0.345,-0.17
9.0347e-02,-0.245,-0.49
9.0349e-02,-0.34,-0.185
9.0350e-02,-0.35,-0.485
9.0352e-02,-0.3,-0.195
9.0354e-02,-0.37,-0.495
9.0355e-02,-0.325,-0.18
9.0357e-02,-0.34,-0.545
9.0358e-02,-0.34,-0.13
9.0360e-02,-0.435,-0.495
9.0362e-02,-0.305,-0.19
9.0363e-02,-0.32,-0.495
9.0365e-02,-0.31,-0.19
9.0366e-02,-0.205,-0.495
9.0368e-02,-0.41,-0.185
9.0370e-02,-0.215,-0.495
9.0371e-02,-0.315,-0.19
9.0373e-02,-0.265,-0.505
9.0374e-02,-0.34,-0.175
9.0376e-02,-0.375,-0.485
9.0378e-02,-0.32,-0.195
9.0379e-02,-0.32,-0.5
9.0381e-02,-0.335,-0.17
9.0382e-02,-0.3,-0.525
9.0384e-02,-0.405,-0.155
9.0386e-02,-0.385,-0.5
9.0387e-02,-0.33,-0.19
9.0389e-02,-0.34,-0.5
9.0390e-02,-0.39,-0.18
9.0392e-02,-0.28,-0.48
9.0394e-02,-0.34,-0.195
9.0395e-02,-0.285,-0.505
9.0397e-02,-0.33,-0.17
9.0398e-02,-0.425,-0.49
9.0400e-02,-0.35,-0.185
9.0402e-02,-0.46,-0.485
9.0403e-02,-0.335,-0.19
9.0405e-02,-0.265,-0.51
9.0406e-02,-0.33,-0.17
9.0408e-02,-0.25,-0.515
9.0410e-02,-0.39,-0.165
9.0411e-02,-0.255,-0.485
9.0413e-02,-0.33,-0.195
9.0414e-02,-0.295,-0.495
9.0416e-02,-0.42,-0.185
9.0418e-02,-0.44,-0.5
9.0419e-02,-0.31,-0.185
9.0421e-02,-0.45,-0.5
9.0422e-02,-0.295,-0.175
9.0424e-02,-0.405,-0.495
9.0426e-02,-0.335,-0.185
9.0427e-02,-0.285,-0.485
9.0429e-02,-0.4,-0.195
9.0430e-02,-0.24,-0.505
9.0432e-02,-0.39,-0.165
9.0434e-02,-0.35,-0.49
9.0435e-02,-0.345,-0.19
9.0437e-02,-0.32,-0.515
9.0438e-02,-0.345,-0.16
9.0440e-02,-0.37,-0.505
9.0442e-02,-0.42,-0.17
9.0443e-02,-0.415,-0.475
9.0445e-02,-0.28,-0.195
9.0446e-02,-0.35,-0.51
9.0448e-02,-0.335,-0.165
9.0450e-02,-0.29,-0.5
9.0451e-02,-0.315,-0.17
9.0453e-02,-0.21,-0.53
9.0454e-02,-0.315,-0.14
9.0456e-02,-0.33,-0.515
9.0458e-02,-0.33,-0.16
9.0459e-02,-0.34,-0.545
9.0461e-02,-0.335,-0.13
9.0462e-02,-0.315,-0.53
9.0464e-02,-0.26,-0.135
9.0466e-02,-0.34,-0.53
9.0467e-02,-0.25,-0.145
9.0469e-02,-0.37,-0.495
9.0470e-02,-0.35,-0.185
9.0472e-02,-0.25,-0.525
9.0474e-02,-0.33,-0.15
9.0475e-02,-0.35,-0.495
9.0477e-02,-0.35,-0.18
9.0478e-02,-0.33,-0.49
9.0480e-02,-0.35,-0.18
9.0482e-02,-0.335,-0.53
9.0483e-02,-0.475,-0.15
9.0485e-02,-0.3,-0.485
9.0486e-02,-0.28,-0.19
9.0488e-02,-0.335,-0.5
9.0490e-02,-0.335,-0.17
9.0491e-02,-0.455,-0.505
9.0493e-02,-0.35,-0.17
9.0494e-02,-0.33,-0.5
9.0496e-02,-0.31,-0.175
9.0498e-02,-0.37,-0.53
9.0499e-02,-0.36,-0.145
9.0501e-02,-0.35,-0.515
9.0502e-02,-0.34,-0.155
9.0504e-02,-0.31,-0.52
9.0506e-02,-0.325,-0.155
9.0507e-02,-0.345,-0.5
9.0509e-02,-0.39,-0.175
9.0510e-02,-0.39,-0.525
9.0512e-02,-0.305,-0.145
9.0514e-02,-0.37,-0.495
9.0515e-02,-0.36,-0.17
9.0517e-02,-0.345,-0.49
9.0518e-02,-0.42,-0.185
9.0520e-02,-0.315,-0.495
9.0522e-02,-0.36,-0.19
9.0523e-02,-0.4,-0.48
9.0525e-02,-0.33,-0.19
9.0526e-02,-0.42,-0.5
9.0528e-02,-0.32,-0.18
9.0530e-02,-0.325,-0.505
9.0531e-02,-0.395,-0.18
9.0533e-02,-0.335,-0.52
9.0534e-02,-0.32,-0.155
9.0536e-02,-0.32,-0.525
9.0538e-02,-0.275,-0.155
9.0539e-02,-0.325,-0.495
9.0541e-02,-0.32,-0.185
9.0542e-02,-0.32,-0.49
9.0544e-02,-0.355,-0.19
9.0546e-02,-0.365,-0.495
9.0547e-02,-0.38,-0.185
9.0549e-02,-0.375,-0.495
9.0550e-02,-0.335,-0.18
9.0552e-02,-0.41,-0.515
9.0554e-02,-0.285,-0.165
9.0555e-02,-0.39,-0.53
9.0557e-02,-0.305,-0.145
9.0558e-02,-0.35,-0.515
9.0560e-02,-0.325,-0.165
9.0562e-02,-0.36,-0.52
9.0563e-02,-0.26,-0.155
9.0565e-02,-0.39,-0.53
9.0566e-02,-0.3,-0.15
9.0568e-02,-0.41,-0.505
9.0570e-02,-0.27,-0.165
9.0571e-02,-0.305,-0.495
9.0573e-02,-0.295,-0.19
9.0574e-02,-0.32,-0.495
9.0576e-02,-0.32,-0.185
9.0578e-02,-0.275,-0.51
9.0579e-02,-0.285,-0.175
9.0581e-02,-0.28,-0.51
9.0582e-02,-0.335,-0.175
9.0584e-02,-0.345,-0.515
9.0586e-02,-0.285,-0.16
9.0587e-02,-0.34,-0.515
9.0589e-02,-0.365,-0.16
9.0590e-02,-0.315,-0.5
9.0592e-02,-0.265,-0.185
9.0594e-02,-0.315,-0.53
9.0595e-02,-0.255,-0.15
9.0597e-02,-0.35,-0.495
9.0598e-02,-0.24,-0.175
9.0600e-02,-0.325,-0.54
9.0602e-02,-0.305,-0.145
9.0603e-02,-0.365,-0.505
9.0605e-02,-0.355,-0.165
9.0606e-02,-0.295,-0.525
9.0608e-02,-0.335,-0.155
9.0610e-02,-0.315,-0.525
9.0611e-02,-0.285,-0.15
9.0613e-02,-0.39,-0.525
9.0614e-02,-0.345,-0.16
9.0616e-02,-0.365,-0.535
9.0618e-02,-0.375,-0.14
9.0619e-02,-0.315,-0.52
9.0621e-02,-0.375,-0.145
9.0622e-02,-0.385,-0.485
9.0624e-02,-0.415,-0.19
9.0626e-02,-0.375,-0.515
9.0627e-02,-0.29,-0.165
9.0629e-02,-0.315,-0.505
9.0630e-02,-0.335,-0.18
9.0632e-02,-0.385,-0.49
9.0634e-02,-0.39,-0.19
9.0635e-02,-0.28,-0.51
9.0637e-02,-0.35,-0.17
9.0638e-02,-0.27,-0.53
9.0640e-02,-0.39,-0.15
9.0642e-02,-0.275,-0.51
9.0643e-02,-0.215,-0.175
9.0645e-02,-0.325,-0.485
9.0646e-02,-0.3,-0.19
9.0648e-02,-0.38,-0.5
9.0650e-02,-0.3,-0.175
9.0651e-02,-0.275,-0.5
9.0653e-02,-0.345,-0.17
9.0654e-02,-0.435,-0.51
9.0656e-02,-0.435,-0.17
9.0658e-02,-0.38,-0.5
9.0659e-02,-0.35,-0.19
9.0661e-02,-0.32,-0.485
9.0662e-02,-0.375,-0.19
9.0664e-02,-0.34,-0.485
9.0666e-02,-0.345,-0.19
9.0667e-02,-0.32,-0.495
9.0669e-02,-0.33,-0.185
9.0670e-02,-0.35,-0.515
9.0672e-02,-0.445,-0.16
9.0674e-02,-0.39,-0.495
9.0675e-02,-0.42,-0.175
9.0677e-02,-0.365,-0.515
9.0678e-02,-0.38,-0.175
9.0680e-02,-0.345,-0.495
9.0682e-02,-0.315,-0.18
9.0683e-02,-0.355,-0.51
9.0685e-02,-0.28,-0.17
9.0686e-02,-0.35,-0.515
9.0688e-02,-0.365,-0.17
9.0690e-02,-0.435,-0.525
9.0691e-02,-0.345,-0.15
9.0693e-02,-0.45,-0.525
9.0694e-02,-0.335,-0.15
9.0696e-02,-0.375,-0.48
9.0698e-02,-0.345,-0.2
9.0699e-02,-0.33,-0.505
9.0701e-02,-0.305,-0.175
9.0702e-02,-0.31,-0.505
9.0704e-02,-0.32,-0.165
9.0706e-02,-0.36,-0.505
9.0707e-02,-0.34,-0.17
9.0709e-02,-0.36,-0.5
9.0710e-02,-0.365,-0.175
9.0712e-02,-0.28,-0.5
9.0714e-02,-0.39,-0.175
9.0715e-02,-0.265,-0.5
9.0717e-02,-0.345,-0.185
9.0718e-02,-0.315,-0.51
9.0720e-02,-0.33,-0.165
9.0722e-02,-0.38,-0.515
9.0723e-02,-0.45,-0.17
9.0725e-02,-0.405,-0.51
9.0726e-02,-0.44,-0.165
9.0728e-02,-0.35,-0.5
9.0730e-02,-0.29,-0.17
9.0731e-02,-0.305,-0.515
9.0733e-02,-0.315,-0.17
9.0734e-02,-0.255,-0.495
9.0736e-02,-0.265,-0.185
9.0738e-02,-0.27,-0.5
9.0739e-02,-0.29,-0.175
9.0741e-02,-0.365,-0.535
9.0742e-02,-0.29,-0.145
9.0744e-02,-0.335,-0.53
9.0746e-02,-0.245,-0.15
9.0747e-02,-0.41,-0.53
9.0749e-02,-0.31,-0.15
9.0750e-02,-0.365,-0.495
9.0752e-02,-0.195,-0.185
9.0754e-02,-0.305,-0.525
9.0755e-02,-0.3,-0.155
9.0757e-02,-0.475,-0.485
9.0758e-02,-0.335,-0.195
9.0760e-02,-0.405,-0.545
9.0762e-02,-0.345,-0.13
9.0763e-02,-0.395,-0.485
9.0765e-02,-0.4,-0.19
9.0766e-02,-0.34,-0.495
9.0768e-02,-0.365,-0.185
9.0770e-02,-0.235,-0.51
9.0771e-02,-0.36,-0.17
9.0773e-02,-0.35,-0.51
9.0774e-02,-0.29,-0.17
9.0776e-02,-0.39,-0.525
9.0778e-02,-0.29,-0.155
9.0779e-02,-0.38,-0.525
9.0781e-02,-0.365,-0.155
9.0782e-02,-0.29,-0.49
9.0784e-02,-0.32,-0.19
9.0786e-02,-0.27,-0.525
9.0787e-02,-0.265,-0.15
9.0789e-02,-0.35,-0.525
9.0790e-02,-0.29,-0.155
9.0792e-02,-0.33,-0.52
9.0794e-02,-0.36,-0.17
9.0795e-02,-0.31,-0.54
9.0797e-02,-0.39,-0.15
9.0798e-02,-0.355,-0.515
9.0800e-02,-0.345,-0.17
9.0802e-02,-0.32,-0.51
9.0803e-02,-0.235,-0.17
9.0805e-02,-0.34,-0.51
9.0806e-02,-0.24,-0.165
9.0808e-02,-0.385,-0.495
9.0810e-02,-0.315,-0.185
9.0811e-02,-0.315,-0.52
9.0813e-02,-0.3,-0.16
9.0814e-02,-0.33,-0.49
9.0816e-02,-0.335,-0.19
9.0818e-02,-0.315,-0.49
9.0819e-02,-0.345,-0.19
9.0821e-02,-0.31,-0.48
9.0822e-02,-0.37,-0.2
9.0824e-02,-0.345,-0.495
9.0826e-02,-0.405,-0.185
9.0827e-02,-0.33,-0.49
9.0829e-02,-0.29,-0.19
9.0830e-02,-0.285,-0.505
9.0832e-02,-0.335,-0.175
9.0834e-02,-0.385,-0.53
9.0835e-02,-0.365,-0.155
9.0837e-02,-0.26,-0.505
9.0838e-02,-0.28,-0.17
9.0840e-02,-0.28,-0.5
9.0842e-02,-0.285,-0.175
9.0843e-02,-0.335,-0.49
9.0845e-02,-0.275,-0.175
9.0846e-02,-0.345,-0.5
9.0848e-02,-0.275,-0.175
9.0850e-02,-0.395,-0.47
9.0851e-02,-0.3,-0.205
9.0853e-02,-0.295,-0.5
9.0854e-02,-0.215,-0.175
9.0856e-02,-0.315,-0.48
9.0858e-02,-0.375,-0.19
9.0859e-02,-0.28,-0.51
9.0861e-02,-0.325,-0.165
9.0862e-02,-0.225,-0.495
9.0864e-02,-0.32,-0.18
9.0866e-02,-0.345,-0.49
9.0867e-02,-0.34,-0.18
9.0869e-02,-0.375,-0.51
9.0870e-02,-0.23,-0.16
9.0872e-02,-0.33,-0.5
9.0874e-02,-0.315,-0.175
9.0875e-02,-0.275,-0.5
9.0877e-02,-0.295,-0.18
9.0878e-02,-0.165,-0.515
9.0880e-02,-0.31,-0.15
9.0882e-02,-0.22,-0.51
9.0883e-02,-0.385,-0.165
9.0885e-02,-0.325,-0.49
9.0886e-02,-0.36,-0.185
9.0888e-02,-0.295,-0.5
9.0890e-02,-0.305,-0.175
9.0891e-02,-0.29,-0.47
9.0893e-02,-0.31,-0.2
9.0894e-02,-0.245,-0.485
9.0896e-02,-0.31,-0.195
9.0898e-02,-0.245,-0.49
9.0899e-02,-0.43,-0.19
9.0901e-02,-0.31,-0.49
9.0902e-02,-0.4,-0.175
9.0904e-02,-0.335,-0.48
9.0906e-02,-0.33,-0.2
9.0907e-02,-0.4,-0.525
9.0909e-02,-0.32,-0.155
9.0910e-02,-0.31,-0.49
9.0912e-02,-0.285,-0.185
9.0914e-02,-0.34,-0.49
9.0915e-02,-0.465,-0.185
9.0917e-02,-0.42,-0.515
9.0918e-02,-0.455,-0.16
9.0920e-02,-0.31,-0.5
9.0922e-02,-0.405,-0.19
9.0923e-02,-0.32,-0.49
9.0925e-02,-0.37,-0.19
9.0926e-02,-0.335,-0.51
9.0928e-02,-0.285,-0.165
9.0930e-02,-0.325,-0.51
9.0931e-02,-0.255,-0.175
9.0933e-02,-0.36,-0.485
9.0934e-02,-0.395,-0.195
9.0936e-02,-0.36,-0.5
9.0938e-02,-0.43,-0.185
9.0939e-02,-0.365,-0.49
9.0941e-02,-0.45,-0.185
9.0942e-02,-0.375,-0.51
9.0944e-02,-0.39,-0.165
9.0946e-02,-0.305,-0.505
9.0947e-02,-0.33,-0.185
9.0949e-02,-0.3,-0.51
9.0950e-02,-0.345,-0.18
9.0952e-02,-0.29,-0.49
9.0954e-02,-0.36,-0.19
9.0955e-02,-0.245,-0.505
9.0957e-02,-0.365,-0.18
9.0958e-02,-0.335,-0.48
9.0960e-02,-0.32,-0.205
9.0962e-02,-0.31,-0.5
9.0963e-02,-0.255,-0.185
9.0965e-02,-0.39,-0.515
9.0966e-02,-0.385,-0.175
9.0968e-02,-0.36,-0.485
9.0970e-02,-0.385,-0.205
9.0971e-02,-0.325,-0.5
9.0973e-02,-0.41,-0.18
9.0974e-02,-0.42,-0.505
9.0976e-02,-0.35,-0.185
9.0978e-02,-0.365,-0.51
9.0979e-02,-0.295,-0.165
9.0981e-02,-0.33,-0.53
9.0982e-02,-0.38,-0.145
9.0984e-02,-0.42,-0.49
9.0986e-02,-0.36,-0.185
9.0987e-02,-0.335,-0.53
9.0989e-02,-0.315,-0.155
9.0990e-02,-0.31,-0.515
9.0992e-02,-0.4,-0.17
9.0994e-02,-0.335,-0.5
9.0995e-02,-0.29,-0.18
9.0997e-02,-0.28,-0.505
9.0998e-02,-0.28,-0.185
9.1000e-02,-0.31,-0.515
9.1002e-02,-0.36,-0.16
9.1003e-02,-0.32,-0.5
9.1005e-02,-0.38,-0.185
9.1006e-02,-0.295,-0.5
9.1008e-02,-0.41,-0.18
9.1010e-02,-0.38,-0.51
9.1011e-02,-0.335,-0.18
9.1013e-02,-0.385,-0.49
9.1014e-02,-0.335,-0.19
9.1016e-02,-0.39,-0.525
9.1018e-02,-0.33,-0.16
9.1019e-02,-0.305,-0.515
9.1021e-02,-0.35,-0.16
9.1022e-02,-0.355,-0.49
9.1024e-02,-0.345,-0.19
9.1026e-02,-0.42,-0.505
9.1027e-02,-0.275,-0.175
9.1029e-02,-0.335,-0.545
9.1030e-02,-0.395,-0.125
9.1032e-02,-0.36,-0.535
9.1034e-02,-0.43,-0.135
9.1035e-02,-0.355,-0.51
9.1037e-02,-0.37,-0.17
9.1038e-02,-0.375,-0.51
9.1040e-02,-0.38,-0.165
9.1042e-02,-0.41,-0.485
9.1043e-02,-0.375,-0.19
9.1045e-02,-0.255,-0.51
9.1046e-02,-0.335,-0.17
9.1048e-02,-0.33,-0.485
9.1050e-02,-0.415,-0.185
9.1051e-02,-0.355,-0.52
9.1053e-02,-0.36,-0.16
9.1054e-02,-0.275,-0.485
9.1056e-02,-0.35,-0.195
9.1058e-02,-0.325,-0.5
9.1059e-02,-0.345,-0.175
9.1061e-02,-0.295,-0.5
9.1062e-02,-0.225,-0.17
9.1064e-02,-0.29,-0.505
9.1066e-02,-0.365,-0.17
9.1067e-02,-0.31,-0.495
9.1069e-02,-0.4,-0.175
9.1070e-02,-0.275,-0.495
9.1072e-02,-0.335,-0.185
9.1074e-02,-0.4,-0.5
9.1075e-02,-0.375,-0.18
9.1077e-02,-0.34,-0.49
9.1078e-02,-0.375,-0.195
9.1080e-02,-0.3,-0.475
9.1082e-02,-0.43,-0.2
9.1083e-02,-0.435,-0.49
9.1085e-02,-0.38,-0.195
9.1086e-02,-0.38,-0.51
9.1088e-02,-0.295,-0.17
9.1090e-02,-0.375,-0.5
9.1091e-02,-0.345,-0.17
9.1093e-02,-0.4,-0.545
9.1094e-02,-0.325,-0.135
9.1096e-02,-0.325,-0.505
9.1098e-02,-0.31,-0.18
9.1099e-02,-0.345,-0.48
9.1101e-02,-0.345,-0.2
9.1102e-02,-0.3,-0.48
9.1104e-02,-0.315,-0.195
9.1106e-02,-0.325,-0.495
9.1107e-02,-0.355,-0.185
9.1109e-02,-0.435,-0.555
9.1110e-02,-0.405,-0.135
9.1112e-02,-0.31,-0.495
9.1114e-02,-0.27,-0.19
9.1115e-02,-0.32,-0.495
9.1117e-02,-0.26,-0.19
9.1118e-02,-0.45,-0.5
9.1120e-02,-0.275,-0.175
9.1122e-02,-0.38,-0.51
9.1123e-02,-0.335,-0.18
9.1125e-02,-0.34,-0.505
9.1126e-02,-0.43,-0.18
9.1128e-02,-0.265,-0.505
9.1130e-02,-0.345,-0.18
9.1131e-02,-0.265,-0.505
9.1133e-02,-0.37,-0.18
9.1134e-02,-0.355,-0.485
9.1136e-02,-0.37,-0.195
9.1138e-02,-0.365,-0.495
9.1139e-02,-0.38,-0.185
9.1141e-02,-0.42,-0.5
9.1142e-02,-0.395,-0.18
9.1144e-02,-0.26,-0.53
9.1146e-02,-0.385,-0.155
9.1147e-02,-0.26,-0.51
9.1149e-02,-0.37,-0.17
9.1150e-02,-0.415,-0.515
9.1152e-02,-0.255,-0.17
9.1154e-02,-0.395,-0.5
9.1155e-02,-0.27,-0.18
9.1157e-02,-0.41,-0.495
9.1158e-02,-0.395,-0.19
9.1160e-02,-0.345,-0.535
9.1162e-02,-0.355,-0.15
9.1163e-02,-0.355,-0.49
9.1165e-02,-0.315,-0.185
9.1166e-02,-0.455,-0.5
9.1168e-02,-0.31,-0.18
9.1170e-02,-0.325,-0.505
9.1171e-02,-0.3,-0.18
9.1173e-02,-0.29,-0.51
9.1174e-02,-0.375,-0.17
9.1176e-02,-0.315,-0.52
9.1178e-02,-0.335,-0.155
9.1179e-02,-0.26,-0.53
9.1181e-02,-0.27,-0.15
9.1182e-02,-0.29,-0.495
9.1184e-02,-0.34,-0.185
9.1186e-02,-0.265,-0.495
9.1187e-02,-0.315,-0.175
9.1189e-02,-0.255,-0.515
9.1190e-02,-0.345,-0.165
9.1192e-02,-0.305,-0.51
9.1194e-02,-0.38,-0.175
9.1195e-02,-0.335,-0.51
9.1197e-02,-0.285,-0.17
9.1198e-02,-0.27,-0.505
9.1200e-02,-0.31,-0.17
9.1202e-02,-0.38,-0.5
9.1203e-02,-0.38,-0.17
9.1205e-02,-0.355,-0.51
9.1206e-02,-0.315,-0.16
9.1208e-02,-0.36,-0.475
9.1210e-02,-0.34,-0.195
9.1211e-02,-0.415,-0.5
9.1213e-02,-0.315,-0.175
9.1214e-02,-0.355,-0.515
9.1216e-02,-0.3,-0.16
9.1218e-02,-0.345,-0.49
9.1219e-02,-0.38,-0.18
9.1221e-02,-0.255,-0.485
9.1222e-02,-0.355,-0.19
9.1224e-02,-0.34,-0.51
9.1226e-02,-0.42,-0.175
9.1227e-02,-0.29,-0.49
9.1229e-02,-0.315,-0.19
9.1230e-02,-0.25,-0.495
9.1232e-02,-0.385,-0.175
9.1234e-02,-0.29,-0.5
9.1235e-02,-0.4,-0.17
9.1237e-02,-0.275,-0.49
9.1238e-02,-0.375,-0.18
9.1240e-02,-0.41,-0.49
9.1242e-02,-0.44,-0.18
9.1243e-02,-0.435,-0.51
9.1245e-02,-0.345,-0.165
9.1246e-02,-0.395,-0.515
9.1248e-02,-0.33,-0.16
9.1250e-02,-0.325,-0.495
9.1251e-02,-0.315,-0.175
9.1253e-02,-0.3,-0.505
9.1254e-02,-0.305,-0.165
9.1256e-02,-0.41,-0.5
9.1258e-02,-0.27,-0.18
9.1259e-02,-0.33,-0.5
9.1261e-02,-0.405,-0.175
9.1262e-02,-0.255,-0.49
9.1264e-02,-0.355,-0.19
9.1266e-02,-0.245,-0.5
9.1267e-02,-0.375,-0.175
9.1269e-02,-0.39,-0.5
9.1270e-02,-0.36,-0.175
9.1272e-02,-0.355,-0.51
9.1274e-02,-0.315,-0.175
9.1275e-02,-0.4,-0.5
9.1277e-02,-0.36,-0.19
9.1278e-02,-0.355,-0.505
9.1280e-02,-0.275,-0.18
9.1282e-02,-0.35,-0.505
9.1283e-02,-0.285,-0.17
9.1285e-02,-0.385,-0.505
9.1286e-02,-0.28,-0.18
9.1288e-02,-0.27,-0.485
9.1290e-02,-0.37,-0.2
9.1291e-02,-0.305,-0.525
9.1293e-02,-0.37,-0.155
9.1294e-02,-0.335,-0.485
9.1296e-02,-0.36,-0.195
9.1298e-02,-0.365,-0.5
9.1299e-02,-0.35,-0.185
9.1301e-02,-0.37,-0.49
9.1302e-02,-0.4,-0.19
9.1304e-02,-0.355,-0.5
9.1306e-02,-0.28,-0.185
9.1307e-02,-0.33,-0.495
9.1309e-02,-0.295,-0.19
9.1310e-02,-0.405,-0.485
9.1312e-02,-0.35,-0.195
9.1314e-02,-0.32,-0.49
9.1315e-02,-0.32,-0.195
9.1317e-02,-0.335,-0.485
9.1318e-02,-0.36,-0.2
9.1320e-02,-0.375,-0.5
9.1322e-02,-0.32,-0.18
9.1323e-02,-0.315,-0.495
9.1325e-02,-0.335,-0.19
9.1326e-02,-0.375,-0.49
9.1328e-02,-0.33,-0.195
9.1330e-02,-0.3,-0.49
9.1331e-02,-0.285,-0.19
9.1333e-02,-0.36,-0.5
9.1334e-02,-0.285,-0.18
9.1336e-02,-0.38,-0.495
9.1338e-02,-0.325,-0.19
9.1339e-02,-0.28,-0.5
9.1341e-02,-0.37,-0.17
9.1342e-02,-0.305,-0.49
9.1344e-02,-0.455,-0.185
9.1346e-02,-0.29,-0.515
9.1347e-02,-0.3,-0.165
9.1349e-02,-0.235,-0.52
9.1350e-02,-0.3,-0.155
9.1352e-02,-0.305,-0.49
9.1354e-02,-0.325,-0.19
9.1355e-02,-0.325,-0.505
9.1357e-02,-0.285,-0.17
9.1358e-02,-0.43,-0.5
9.1360e-02,-0.365,-0.185
9.1362e-02,-0.425,-0.54
9.1363e-02,-0.34,-0.14
9.1365e-02,-0.28,-0.49
9.1366e-02,-0.325,-0.18
9.1368e-02,-0.26,-0.505
9.1370e-02,-0.25,-0.17
9.1371e-02,-0.325,-0.5
9.1373e-02,-0.29,-0.185
9.1374e-02,-0.265,-0.52
9.1376e-02,-0.395,-0.155
9.1378e-02,-0.34,-0.485
9.1379e-02,-0.425,-0.19
9.1381e-02,-0.31,-0.51
9.1382e-02,-0.275,-0.165
9.1384e-02,-0.29,-0.505
9.1386e-02,-0.265,-0.175
9.1387e-02,-0.34,-0.51
9.1389e-02,-0.27,-0.165
9.1390e-02,-0.335,-0.515
9.1392e-02,-0.36,-0.155
9.1394e-02,-0.39,-0.5
9.1395e-02,-0.29,-0.18
9.1397e-02,-0.335,-0.515
9.1398e-02,-0.29,-0.165
9.1400e-02,-0.275,-0.5
9.1402e-02,-0.315,-0.175
9.1403e-02,-0.315,-0.515
9.1405e-02,-0.315,-0.16
9.1406e-02,-0.31,-0.5
9.1408e-02,-0.29,-0.18
9.1410e-02,-0.35,-0.505
9.1411e-02,-0.35,-0.175
9.1413e-02,-0.385,-0.485
9.1414e-02,-0.295,-0.185
9.1416e-02,-0.28,-0.485
9.1418e-02,-0.335,-0.19
9.1419e-02,-0.34,-0.515
9.1421e-02,-0.455,-0.155
9.1422e-02,-0.315,-0.485
9.1424e-02,-0.36,-0.175
9.1426e-02,-0.38,-0.505
9.1427e-02,-0.31,-0.17
9.1429e-02,-0.36,-0.525
9.1430e-02,-0.37,-0.155
9.1432e-02,-0.305,-0.55
9.1434e-02,-0.355,-0.125
9.1435e-02,-0.345,-0.49
9.1437e-02,-0.355,-0.185
9.1438e-02,-0.36,-0.535
9.1440e-02,-0.27,-0.145
9.1442e-02,-0.315,-0.475
9.1443e-02,-0.45,-0.205
9.1445e-02,-0.435,-0.51
9.1446e-02,-0.37,-0.17
9.1448e-02,-0.355,-0.5
9.1450e-02,-0.27,-0.18
9.1451e-02,-0.26,-0.49
9.1453e-02,-0.34,-0.19
9.1454e-02,-0.31,-0.47
9.1456e-02,-0.305,-0.2
9.1458e-02,-0.31,-0.495
9.1459e-02,-0.36,-0.19
9.1461e-02,-0.315,-0.49
9.1462e-02,-0.42,-0.19
9.1464e-02,-0.355,-0.5
9.1466e-02,-0.355,-0.18
9.1467e-02,-0.275,-0.51
9.1469e-02,-0.335,-0.16
9.1470e-02,-0.21,-0.5
9.1472e-02,-0.355,-0.185
9.1474e-02,-0.32,-0.495
9.1475e-02,-0.345,-0.19
9.1477e-02,-0.435,-0.525
9.1478e-02,-0.355,-0.16
9.1480e-02,-0.31,-0.49
9.1482e-02,-0.35,-0.195
9.1483e-02,-0.275,-0.495
9.1485e-02,-0.365,-0.18
9.1486e-02,-0.325,-0.5
9.1488e-02,-0.37,-0.175
9.1490e-02,-0.305,-0.48
9.1491e-02,-0.325,-0.19
9.1493e-02,-0.365,-0.51
9.1494e-02,-0.4,-0.175
9.1496e-02,-0.415,-0.51
9.1498e-02,-0.23,-0.165
9.1499e-02,-0.25,-0.52
9.1501e-02,-0.305,-0.16
9.1502e-02,-0.27,-0.49
9.1504e-02,-0.35,-0.19
9.1506e-02,-0.285,-0.495
9.1507e-02,-0.27,-0.185
9.1509e-02,-0.345,-0.495
9.1510e-02,-0.27,-0.185
9.1512e-02,-0.385,-0.48
9.1514e-02,-0.41,-0.2
9.1515e-02,-0.39,-0.49
9.1517e-02,-0.27,-0.19
9.1518e-02,-0.34,-0.495
9.1520e-02,-0.305,-0.18
9.1522e-02,-0.385,-0.485
9.1523e-02,-0.4,-0.2
9.1525e-02,-0.3,-0.48
9.1526e-02,-0.34,-0.2
9.1528e-02,-0.325,-0.505
9.1530e-02,-0.315,-0.185
9.1531e-02,-0.365,-0.48
9.1533e-02,-0.345,-0.205
9.1534e-02,-0.31,-0.515
9.1536e-02,-0.28,-0.17
9.1538e-02,-0.295,-0.48
9.1539e-02,-0.295,-0.2
9.1541e-02,-0.255,-0.485
9.1542e-02,-0.335,-0.195
9.1544e-02,-0.33,-0.49
9.1546e-02,-0.365,-0.185
9.1547e-02,-0.24,-0.515
9.1549e-02,-0.385,-0.17
9.1550e-02,-0.205,-0.475
9.1552e-02,-0.375,-0.2
9.1554e-02,-0.29,-0.5
9.1555e-02,-0.29,-0.175
9.1557e-02,-0.275,-0.485
9.1558e-02,-0.285,-0.185
9.1560e-02,-0.245,-0.48
9.1562e-02,-0.385,-0.2
9.1563e-02,-0.345,-0.515
9.1565e-02,-0.39,-0.16
9.1566e-02,-0.32,-0.485
9.1568e-02,-0.295,-0.195
9.1570e-02,-0.32,-0.505
9.1571e-02,-0.35,-0.17
9.1573e-02,-0.39,-0.49
9.1574e-02,-0.265,-0.185
9.1576e-02,-0.325,-0.485
9.1578e-02,-0.2,-0.185
9.1579e-02,-0.385,-0.485
9.1581e-02,-0.34,-0.19
9.1582e-02,-0.365,-0.495
9.1584e-02,-0.34,-0.19
9.1586e-02,-0.295,-0.48
9.1587e-02,-0.355,-0.195
9.1589e-02,-0.31,-0.49
9.1590e-02,-0.35,-0.195
9.1592e-02,-0.295,-0.51
9.1594e-02,-0.36,-0.17
9.1595e-02,-0.29,-0.49
9.1597e-02,-0.4,-0.18
9.1598e-02,-0.275,-0.47
9.1600e-02,-0.275,-0.21
9.1602e-02,-0.35,-0.5
9.1603e-02,-0.295,-0.18
9.1605e-02,-0.315,-0.47
9.1606e-02,-0.265,-0.2
9.1608e-02,-0.28,-0.465
9.1610e-02,-0.275,-0.205
9.1611e-02,-0.325,-0.495
9.1613e-02,-0.36,-0.185
9.1614e-02,-0.37,-0.49
9.1616e-02,-0.31,-0.185
9.1618e-02,-0.33,-0.48
9.1619e-02,-0.31,-0.195
9.1621e-02,-0.3,-0.49
9.1622e-02,-0.33,-0.185
9.1624e-02,-0.355,-0.49
9.1626e-02,-0.32,-0.185
9.1627e-02,-0.365,-0.49
9.1629e-02,-0.35,-0.195
9.1630e-02,-0.4,-0.505
9.1632e-02,-0.39,-0.17
9.1634e-02,-0.375,-0.49
9.1635e-02,-0.355,-0.19
9.1637e-02,-0.385,-0.49
9.1638e-02,-0.35,-0.19
9.1640e-02,-0.36,-0.47
9.1642e-02,-0.32,-0.2
9.1643e-02,-0.24,-0.49
9.1645e-02,-0.32,-0.185
9.1646e-02,-0.325,-0.485
9.1648e-02,-0.415,-0.185
9.1650e-02,-0.38,-0.475
9.1651e-02,-0.355,-0.195
9.1653e-02,-0.365,-0.475
9.1654e-02,-0.34,-0.2
9.1656e-02,-0.35,-0.485
9.1658e-02,-0.355,-0.18
9.1659e-02,-0.285,-0.495
9.1661e-02,-0.365,-0.185
9.1662e-02,-0.385,-0.495
9.1664e-02,-0.34,-0.18
9.1666e-02,-0.36,-0.47
9.1667e-02,-0.3,-0.2
9.1669e-02,-0.31,-0.48
9.1670e-02,-0.305,-0.195
9.1672e-02,-0.33,-0.47
9.1674e-02,-0.335,-0.205
9.1675e-02,-0.33,-0.485
9.1677e-02,-0.28,-0.2
9.1678e-02,-0.43,-0.485
9.1680e-02,-0.305,-0.18
9.1682e-02,-0.405,-0.49
9.1683e-02,-0.375,-0.19
9.1685e-02,-0.33,-0.465
9.1686e-02,-0.31,-0.205
9.1688e-02,-0.4,-0.495
9.1690e-02,-0.315,-0.19
9.1691e-02,-0.335,-0.47
9.1693e-02,-0.3,-0.2
9.1694e-02,-0.285,-0.485
9.1696e-02,-0.345,-0.19
9.1698e-02,-0.325,-0.47
9.1699e-02,-0.335,-0.2
9.1701e-02,-0.3,-0.475
9.1702e-02,-0.31,-0.2
9.1704e-02,-0.44,-0.48
9.1706e-02,-0.445,-0.2
9.1707e-02,-0.325,-0.49
9.1709e-02,-0.415,-0.19
9.1710e-02,-0.24,-0.495
9.1712e-02,-0.365,-0.175
9.1714e-02,-0.335,-0.475
9.1715e-02,-0.33,-0.2
9.1717e-02,-0.335,-0.505
9.1718e-02,-0.32,-0.175
9.1720e-02,-0.37,-0.48
9.1722e-02,-0.415,-0.2
9.1723e-02,-0.3,-0.49
9.1725e-02,-0.375,-0.185
9.1726e-02,-0.245,-0.475
9.1728e-02,-0.255,-0.195
9.1730e-02,-0.335,-0.495
9.1731e-02,-0.31,-0.185
9.1733e-02,-0.33,-0.495
9.1734e-02,-0.355,-0.18
9.1736e-02,-0.365,-0.48
9.1738e-02,-0.34,-0.195
9.1739e-02,-0.375,-0.495
9.1741e-02,-0.31,-0.185
9.1742e-02,-0.3,-0.485
9.1744e-02,-0.295,-0.195
9.1746e-02,-0.3,-0.505
9.1747e-02,-0.41,-0.175
9.1749e-02,-0.33,-0.48
9.1750e-02,-0.325,-0.19
9.1752e-02,-0.335,-0.525
9.1754e-02,-0.315,-0.165
9.1755e-02,-0.315,-0.495
9.1757e-02,-0.305,-0.18
9.1758e-02,-0.32,-0.5
9.1760e-02,-0.27,-0.18
9.1762e-02,-0.36,-0.48
9.1763e-02,-0.335,-0.19
9.1765e-02,-0.27,-0.485
9.1766e-02,-0.36,-0.19
9.1768e-02,-0.23,-0.475
9.1770e-02,-0.33,-0.195
9.1771e-02,-0.315,-0.49
9.1773e-02,-0.295,-0.18
9.1774e-02,-0.28,-0.475
9.1776e-02,-0.265,-0.2
9.1778e-02,-0.32,-0.5
9.1779e-02,-0.285,-0.18
9.1781e-02,-0.335,-0.505
9.1782e-02,-0.29,-0.175
9.1784e-02,-0.26,-0.475
9.1786e-02,-0.295,-0.2
9.1787e-02,-0.285,-0.485
9.1789e-02,-0.355,-0.19
9.1790e-02,-0.43,-0.49
9.1792e-02,-0.29,-0.185
9.1794e-02,-0.365,-0.505
9.1795e-02,-0.415,-0.165
9.1797e-02,-0.295,-0.5
9.1798e-02,-0.405,-0.175
9.1800e-02,-0.31,-0.485
9.1802e-02,-0.24,-0.185
9.1803e-02,-0.33,-0.5
9.1805e-02,-0.305,-0.18
9.1806e-02,-0.365,-0.485
9.1808e-02,-0.335,-0.185
9.1810e-02,-0.305,-0.475
9.1811e-02,-0.36,-0.195
9.1813e-02,-0.33,-0.505
9.1814e-02,-0.33,-0.17
9.1816e-02,-0.275,-0.465
9.1818e-02,-0.32,-0.205
9.1819e-02,-0.255,-0.49
9.1821e-02,-0.345,-0.185
9.1822e-02,-0.35,-0.49
9.1824e-02,-0.27,-0.18
9.1826e-02,-0.32,-0.48
9.1827e-02,-0.235,-0.185
9.1829e-02,-0.305,-0.49
9.1830e-02,-0.315,-0.17
9.1832e-02,-0.295,-0.5
9.1834e-02,-0.285,-0.17
9.1835e-02,-0.31,-0.475
9.1837e-02,-0.3,-0.195
9.1838e-02,-0.355,-0.495
9.1840e-02,-0.335,-0.185
9.1842e-02,-0.38,-0.49
9.1843e-02,-0.335,-0.185
9.1845e-02,-0.315,-0.48
9.1846e-02,-0.34,-0.19
9.1848e-02,-0.325,-0.53
9.1850e-02,-0.32,-0.155
9.1851e-02,-0.27,-0.505
9.1853e-02,-0.28,-0.165
9.1854e-02,-0.415,-0.505
9.1856e-02,-0.31,-0.175
9.1858e-02,-0.355,-0.485
9.1859e-02,-0.34,-0.185
9.1861e-02,-0.22,-0.51
9.1862e-02,-0.325,-0.17
9.1864e-02,-0.275,-0.495
9.1866e-02,-0.275,-0.18
9.1867e-02,-0.3,-0.465
9.1869e-02,-0.31,-0.21
9.1870e-02,-0.355,-0.475
9.1872e-02,-0.38,-0.195
9.1874e-02,-0.36,-0.495
9.1875e-02,-0.35,-0.185
9.1877e-02,-0.335,-0.495
9.1878e-02,-0.36,-0.19
9.1880e-02,-0.365,-0.49
9.1882e-02,-0.29,-0.185
9.1883e-02,-0.3,-0.49
9.1885e-02,-0.21,-0.19
9.1886e-02,-0.32,-0.5
9.1888e-02,-0.255,-0.17
9.1890e-02,-0.305,-0.485
9.1891e-02,-0.355,-0.19
9.1893e-02,-0.305,-0.475
9.1894e-02,-0.34,-0.205
9.1896e-02,-0.365,-0.5
9.1898e-02,-0.46,-0.18
9.1899e-02,-0.28,-0.495
9.1901e-02,-0.395,-0.18
9.1902e-02,-0.325,-0.5
9.1904e-02,-0.3,-0.18
9.1906e-02,-0.37,-0.485
9.1907e-02,-0.285,-0.195
9.1909e-02,-0.3,-0.49
9.1910e-02,-0.285,-0.185
9.1912e-02,-0.32,-0.495
9.1914e-02,-0.35,-0.175
9.1915e-02,-0.42,-0.5
9.1917e-02,-0.315,-0.17
9.1918e-02,-0.395,-0.505
9.1920e-02,-0.355,-0.18
9.1922e-02,-0.3,-0.465
9.1923e-02,-0.32,-0.21
9.1925e-02,-0.33,-0.485
9.1926e-02,-0.345,-0.18
9.1928e-02,-0.35,-0.5
9.1930e-02,-0.375,-0.175
9.1931e-02,-0.415,-0.495
9.1933e-02,-0.225,-0.17
9.1934e-02,-0.27,-0.475
9.1936e-02,-0.3,-0.2
9.1938e-02,-0.255,-0.475
9.1939e-02,-0.405,-0.2
9.1941e-02,-0.37,-0.485
9.1942e-02,-0.385,-0.185
9.1944e-02,-0.29,-0.485
9.1946e-02,-0.285,-0.185
9.1947e-02,-0.355,-0.495
9.1949e-02,-0.315,-0.18
9.1950e-02,-0.305,-0.475
9.1952e-02,-0.325,-0.195
9.1954e-02,-0.275,-0.485
9.1955e-02,-0.315,-0.185
9.1957e-02,-0.4,-0.48
9.1958e-02,-0.26,-0.195
9.1960e-02,-0.33,-0.49
9.1962e-02,-0.325,-0.18
9.1963e-02,-0.33,-0.48
9.1965e-02,-0.39,-0.19
9.1966e-02,-0.335,-0.46
9.1968e-02,-0.215,-0.2
9.1970e-02,-0.33,-0.505
9.1971e-02,-0.26,-0.16
9.1973e-02,-0.325,-0.485
9.1974e-02,-0.305,-0.18
9.1976e-02,-0.335,-0.495
9.1978e-02,-0.3,-0.175
9.1979e-02,-0.36,-0.47
9.1981e-02,-0.375,-0.195
9.1982e-02,-0.375,-0.475
9.1984e-02,-0.265,-0.19
9.1986e-02,-0.29,-0.485
9.1987e-02,-0.315,-0.18
9.1989e-02,-0.305,-0.49
9.1990e-02,-0.315,-0.18
9.1992e-02,-0.375,-0.515
9.1994e-02,-0.245,-0.16
9.1995e-02,-0.385,-0.485
9.1997e-02,-0.34,-0.185
9.1998e-02,-0.395,-0.47
9.2000e-02,-0.34,-0.2
9.2002e-02,-0.32,-0.495
9.2003e-02,-0.29,-0.175
9.2005e-02,-0.26,-0.535
9.2006e-02,-0.265,-0.135
9.2008e-02,-0.365,-0.48
9.2010e-02,-0.26,-0.185
9.2011e-02,-0.3,-0.475
9.2013e-02,-0.405,-0.2
9.2014e-02,-0.395,-0.5
9.2016e-02,-0.38,-0.175
9.2018e-02,-0.325,-0.485
9.2019e-02,-0.295,-0.19
9.2021e-02,-0.325,-0.47
9.2022e-02,-0.32,-0.195
9.2024e-02,-0.415,-0.475
9.2026e-02,-0.225,-0.195
9.2027e-02,-0.34,-0.49
9.2029e-02,-0.325,-0.185
9.2030e-02,-0.325,-0.515
9.2032e-02,-0.285,-0.16
9.2034e-02,-0.365,-0.49
9.2035e-02,-0.32,-0.185
9.2037e-02,-0.315,-0.48
9.2038e-02,-0.3,-0.19
9.2040e-02,-0.34,-0.49
9.2042e-02,-0.255,-0.18
9.2043e-02,-0.315,-0.47
9.2045e-02,-0.395,-0.195
9.2046e-02,-0.39,-0.505
9.2048e-02,-0.395,-0.175
9.2050e-02,-0.385,-0.46
9.2051e-02,-0.33,-0.205
9.2053e-02,-0.345,-0.465
9.2054e-02,-0.395,-0.205
9.2056e-02,-0.385,-0.485
9.2058e-02,-0.37,-0.185
9.2059e-02,-0.305,-0.49
9.2061e-02,-0.3,-0.19
9.2062e-02,-0.305,-0.495
9.2064e-02,-0.355,-0.17
9.2066e-02,-0.36,-0.5
9.2067e-02,-0.285,-0.17
9.2069e-02,-0.35,-0.495
9.2070e-02,-0.335,-0.18
9.2072e-02,-0.36,-0.49
9.2074e-02,-0.265,-0.18
9.2075e-02,-0.31,-0.49
9.2077e-02,-0.29,-0.18
9.2078e-02,-0.365,-0.495
9.2080e-02,-0.41,-0.18
9.2082e-02,-0.305,-0.48
9.2083e-02,-0.37,-0.185
9.2085e-02,-0.31,-0.495
9.2086e-02,-0.305,-0.175
9.2088e-02,-0.4,-0.485
9.2090e-02,-0.39,-0.185
9.2091e-02,-0.325,-0.51
9.2093e-02,-0.26,-0.165
9.2094e-02,-0.245,-0.47
9.2096e-02,-0.33,-0.19
9.2098e-02,-0.31,-0.48
9.2099e-02,-0.41,-0.19
9.2101e-02,-0.35,-0.49
9.2102e-02,-0.315,-0.185
9.2104e-02,-0.395,-0.495
9.2106e-02,-0.355,-0.18
9.2107e-02,-0.29,-0.5
9.2109e-02,-0.35,-0.17
9.2110e-02,-0.335,-0.485
9.2112e-02,-0.375,-0.18
9.2114e-02,-0.32,-0.495
9.2115e-02,-0.375,-0.175
9.2117e-02,-0.285,-0.51
9.2118e-02,-0.32,-0.155
9.2120e-02,-0.32,-0.485
9.2122e-02,-0.395,-0.19
9.2123e-02,-0.36,-0.51
9.2125e-02,-0.34,-0.16
9.2126e-02,-0.29,-0.495
9.2128e-02,-0.315,-0.18
9.2130e-02,-0.345,-0.495
9.2131e-02,-0.37,-0.17
9.2133e-02,-0.315,-0.51
9.2134e-02,-0.325,-0.16
9.2136e-02,-0.315,-0.485
9.2138e-02,-0.33,-0.185
9.2139e-02,-0.305,-0.485
9.2141e-02,-0.245,-0.18
9.2142e-02,-0.31,-0.49
9.2144e-02,-0.335,-0.185
9.2146e-02,-0.28,-0.485
9.2147e-02,-0.39,-0.185
9.2149e-02,-0.33,-0.52
9.2150e-02,-0.31,-0.155
9.2152e-02,-0.3,-0.48
9.2154e-02,-0.35,-0.19
9.2155e-02,-0.29,-0.47
9.2157e-02,-0.38,-0.2
9.2158e-02,-0.285,-0.485
9.2160e-02,-0.28,-0.185
9.2162e-02,-0.3,-0.495
9.2163e-02,-0.35,-0.175
9.2165e-02,-0.32,-0.485
9.2166e-02,-0.275,-0.185
9.2168e-02,-0.27,-0.49
9.2170e-02,-0.375,-0.18
9.2171e-02,-0.325,-0.475
9.2173e-02,-0.415,-0.195
9.2174e-02,-0.255,-0.47
9.2176e-02,-0.32,-0.195
9.2178e-02,-0.33,-0.495
9.2179e-02,-0.295,-0.175
9.2181e-02,-0.385,-0.48
9.2182e-02,-0.31,-0.19
9.2184e-02,-0.35,-0.485
9.2186e-02,-0.39,-0.175
9.2187e-02,-0.41,-0.485
9.2189e-02,-0.37,-0.18
9.2190e-02,-0.34,-0.485
9.2192e-02,-0.37,-0.195
9.2194e-02,-0.24,-0.495
9.2195e-02,-0.365,-0.175
9.2197e-02,-0.39,-0.5
9.2198e-02,-0.335,-0.165
9.2200e-02,-0.34,-0.495
9.2202e-02,-0.35,-0.18
9.2203e-02,-0.295,-0.48
9.2205e-02,-0.365,-0.19
9.2206e-02,-0.285,-0.5
9.2208e-02,-0.295,-0.17
9.2210e-02,-0.315,-0.5
9.2211e-02,-0.275,-0.175
9.2213e-02,-0.37,-0.475
9.2214e-02,-0.315,-0.195
9.2216e-02,-0.305,-0.505
9.2218e-02,-0.355,-0.165
9.2219e-02,-0.34,-0.475
9.2221e-02,-0.4,-0.19
9.2222e-02,-0.42,-0.48
9.2224e-02,-0.36,-0.185
9.2226e-02,-0.43,-0.495
9.2227e-02,-0.34,-0.17
9.2229e-02,-0.385,-0.485
9.2230e-02,-0.355,-0.17
9.2232e-02,-0.31,-0.5
9.2234e-02,-0.32,-0.16
9.2235e-02,-0.345,-0.48
9.2237e-02,-0.36,-0.19
9.2238e-02,-0.385,-0.48
9.2240e-02,-0.315,-0.185
9.2242e-02,-0.34,-0.48
9.2243e-02,-0.365,-0.18
9.2245e-02,-0.37,-0.5
9.2246e-02,-0.34,-0.165
9.2248e-02,-0.345,-0.475
9.2250e-02,-0.29,-0.19
9.2251e-02,-0.315,-0.475
9.2253e-02,-0.4,-0.19
9.2254e-02,-0.345,-0.5
9.2256e-02,-0.31,-0.16
9.2258e-02,-0.425,-0.48
9.2259e-02,-0.285,-0.185
9.2261e-02,-0.395,-0.475
9.2262e-02,-0.345,-0.2
9.2264e-02,-0.345,-0.48
9.2266e-02,-0.315,-0.18
9.2267e-02,-0.32,-0.47
9.2269e-02,-0.26,-0.19
9.2270e-02,-0.44,-0.485
9.2272e-02,-0.325,-0.175
9.2274e-02,-0.36,-0.465
9.2275e-02,-0.36,-0.2
9.2277e-02,-0.395,-0.46
9.2278e-02,-0.365,-0.205
9.2280e-02,-0.46,-0.475
9.2282e-02,-0.305,-0.19
9.2283e-02,-0.38,-0.47
9.2285e-02,-0.38,-0.195
9.2286e-02,-0.345,-0.485
9.2288e-02,-0.35,-0.18
9.2290e-02,-0.35,-0.49
9.2291e-02,-0.33,-0.17
9.2293e-02,-0.445,-0.48
9.2294e-02,-0.355,-0.19
9.2296e-02,-0.42,-0.47
9.2298e-02,-0.395,-0.195
9.2299e-02,-0.28,-0.455
9.2301e-02,-0.365,-0.205
9.2302e-02,-0.405,-0.48
9.2304e-02,-0.35,-0.185
9.2306e-02,-0.37,-0.49
9.2307e-02,-0.31,-0.17
9.2309e-02,-0.305,-0.505
9.2310e-02,-0.4,-0.165
9.2312e-02,-0.345,-0.53
9.2314e-02,-0.4,-0.145
9.2315e-02,-0.31,-0.495
9.2317e-02,-0.325,-0.17
9.2318e-02,-0.345,-0.525
9.2320e-02,-0.355,-0.145
9.2322e-02,-0.36,-0.49
9.2323e-02,-0.34,-0.17
9.2325e-02,-0.4,-0.505
9.2326e-02,-0.35,-0.16
9.2328e-02,-0.415,-0.465
9.2330e-02,-0.45,-0.2
9.2331e-02,-0.31,-0.49
9.2333e-02,-0.37,-0.18
9.2334e-02,-0.365,-0.47
9.2336e-02,-0.34,-0.19
9.2338e-02,-0.385,-0.5
9.2339e-02,-0.275,-0.16
9.2341e-02,-0.34,-0.485
9.2342e-02,-0.3,-0.175
9.2344e-02,-0.375,-0.49
9.2346e-02,-0.34,-0.17
9.2347e-02,-0.33,-0.505
9.2349e-02,-0.28,-0.165
9.2350e-02,-0.375,-0.485
9.2352e-02,-0.34,-0.18
9.2354e-02,-0.335,-0.495
9.2355e-02,-0.32,-0.175
9.2357e-02,-0.32,-0.51
9.2358e-02,-0.305,-0.15
9.2360e-02,-0.31,-0.5
9.2362e-02,-0.385,-0.17
9.2363e-02,-0.295,-0.495
9.2365e-02,-0.35,-0.165
9.2366e-02,-0.31,-0.47
9.2368e-02,-0.345,-0.19
9.2370e-02,-0.425,-0.495
9.2371e-02,-0.325,-0.175
9.2373e-02,-0.355,-0.495
9.2374e-02,-0.34,-0.17
9.2376e-02,-0.345,-0.495
9.2378e-02,-0.365,-0.16
9.2379e-02,-0.395,-0.485
9.2381e-02,-0.32,-0.175
9.2382e-02,-0.34,-0.48
9.2384e-02,-0.37,-0.185
9.2386e-02,-0.355,-0.48
9.2387e-02,-0.375,-0.19
9.2389e-02,-0.315,-0.47
9.2390e-02,-0.325,-0.19
9.2392e-02,-0.395,-0.5
9.2394e-02,-0.37,-0.165
9.2395e-02,-0.335,-0.505
9.2397e-02,-0.38,-0.155
9.2398e-02,-0.265,-0.47
9.2400e-02,-0.355,-0.185
9.2402e-02,-0.365,-0.505
9.2403e-02,-0.32,-0.155
9.2405e-02,-0.31,-0.485
9.2406e-02,-0.28,-0.175
9.2408e-02,-0.355,-0.47
9.2410e-02,-0.3,-0.195
9.2411e-02,-0.4,-0.485
9.2413e-02,-0.375,-0.185
9.2414e-02,-0.325,-0.485
9.2416e-02,-0.385,-0.175
9.2418e-02,-0.355,-0.475
9.2419e-02,-0.415,-0.185
9.2421e-02,-0.375,-0.48
9.2422e-02,-0.35,-0.18
9.2424e-02,-0.305,-0.475
9.2426e-02,-0.375,-0.185
9.2427e-02,-0.33,-0.475
9.2429e-02,-0.3,-0.18
9.2430e-02,-0.35,-0.48
9.2432e-02,-0.3,-0.18
9.2434e-02,-0.35,-0.47
9.2435e-02,-0.415,-0.19
9.2437e-02,-0.355,-0.49
9.2438e-02,-0.285,-0.175
9.2440e-02,-0.27,-0.47
9.2442e-02,-0.365,-0.19
9.2443e-02,-0.27,-0.47
9.2445e-02,-0.34,-0.19
9.2446e-02,-0.315,-0.47
9.2448e-02,-0.245,-0.19
9.2450e-02,-0.325,-0.495
9.2451e-02,-0.34,-0.17
9.2453e-02,-0.32,-0.485
9.2454e-02,-0.32,-0.18
9.2456e-02,-0.275,-0.48
9.2458e-02,-0.34,-0.18
9.2459e-02,-0.3,-0.49
9.2461e-02,-0.395,-0.17
9.2462e-02,-0.32,-0.51
9.2464e-02,-0.335,-0.16
9.2466e-02,-0.41,-0.5
9.2467e-02,-0.365,-0.17
9.2469e-02,-0.395,-0.475
9.2470e-02,-0.415,-0.185
9.2472e-02,-0.32,-0.475
9.2474e-02,-0.33,-0.185
9.2475e-02,-0.32,-0.49
9.2477e-02,-0.315,-0.175
9.2478e-02,-0.285,-0.465
9.2480e-02,-0.255,-0.19
9.2482e-02,-0.275,-0.495
9.2483e-02,-0.24,-0.16
9.2485e-02,-0.39,-0.49
9.2486e-02,-0.305,-0.175
9.2488e-02,-0.33,-0.495
9.2490e-02,-0.305,-0.165
9.2491e-02,-0.355,-0.475
9.2493e-02,-0.305,-0.18
9.2494e-02,-0.295,-0.485
9.2496e-02,-0.305,-0.18
9.2498e-02,-0.2,-0.485
9.2499e-02,-0.3,-0.175
9.2501e-02,-0.315,-0.49
9.2502e-02,-0.34,-0.165
9.2504e-02,-0.225,-0.475
9.2506e-02,-0.33,-0.175
9.2507e-02,-0.32,-0.5
9.2509e-02,-0.285,-0.155
9.2510e-02,-0.335,-0.5
9.2512e-02,-0.26,-0.16
9.2514e-02,-0.255,-0.55
9.2515e-02,-0.265,-0.11
9.2517e-02,-0.4,-0.48
9.2518e-02,-0.295,-0.18
9.2520e-02,-0.365,-0.48
9.2522e-02,-0.25,-0.18
9.2523e-02,-0.28,-0.47
9.2525e-02,-0.33,-0.19
9.2526e-02,-0.275,-0.515
9.2528e-02,-0.315,-0.14
9.2530e-02,-0.22,-0.47
9.2531e-02,-0.285,-0.18
9.2533e-02,-0.31,-0.49
9.2534e-02,-0.285,-0.17
9.2536e-02,-0.355,-0.5
9.2538e-02,-0.3,-0.15
9.2539e-02,-0.305,-0.52
9.2541e-02,-0.395,-0.13
9.2542e-02,-0.445,-0.49
9.2544e-02,-0.305,-0.17
9.2546e-02,-0.375,-0.49
9.2547e-02,-0.31,-0.16
9.2549e-02,-0.34,-0.45
9.2550e-02,-0.36,-0.195
9.2552e-02,-0.255,-0.465
9.2554e-02,-0.295,-0.185
9.2555e-02,-0.29,-0.47
9.2557e-02,-0.355,-0.18
9.2558e-02,-0.35,-0.47
9.2560e-02,-0.365,-0.185
9.2562e-02,-0.295,-0.475
9.2563e-02,-0.31,-0.185
9.2565e-02,-0.305,-0.48
9.2566e-02,-0.395,-0.17
9.2568e-02,-0.315,-0.49
9.2570e-02,-0.295,-0.165
9.2571e-02,-0.38,-0.495
9.2573e-02,-0.325,-0.165
9.2574e-02,-0.455,-0.485
9.2576e-02,-0.41,-0.165
9.2578e-02,-0.395,-0.48
9.2579e-02,-0.385,-0.175
9.2581e-02,-0.365,-0.49
9.2582e-02,-0.36,-0.16
9.2584e-02,-0.335,-0.515
9.2586e-02,-0.3,-0.145
9.2587e-02,-0.22,-0.495
9.2589e-02,-0.325,-0.145
9.2590e-02,-0.31,-0.5
9.2592e-02,-0.355,-0.155
9.2594e-02,-0.27,-0.505
9.2595e-02,-0.315,-0.16
9.2597e-02,-0.31,-0.5
9.2598e-02,-0.36,-0.16
9.2600e-02,-0.36,-0.485
9.2602e-02,-0.245,-0.175
9.2603e-02,-0.33,-0.49
9.2605e-02,-0.325,-0.175
9.2606e-02,-0.305,-0.485
9.2608e-02,-0.43,-0.175
9.2610e-02,-0.385,-0.485
9.2611e-02,-0.375,-0.18
9.2613e-02,-0.36,-0.475
9.2614e-02,-0.455,-0.185
9.2616e-02,-0.35,-0.475
9.2618e-02,-0.345,-0.18
9.2619e-02,-0.355,-0.505
9.2621e-02,-0.25,-0.155
9.2622e-02,-0.445,-0.49
9.2624e-02,-0.33,-0.18
9.2626e-02,-0.335,-0.5
9.2627e-02,-0.31,-0.16
9.2629e-02,-0.255,-0.47
9.2630e-02,-0.315,-0.19
9.2632e-02,-0.3,-0.475
9.2634e-02,-0.335,-0.18
9.2635e-02,-0.24,-0.485
9.2637e-02,-0.28,-0.18
9.2638e-02,-0.31,-0.485
9.2640e-02,-0.255,-0.175
9.2642e-02,-0.32,-0.47
9.2643e-02,-0.28,-0.185
9.2645e-02,-0.205,-0.46
9.2646e-02,-0.305,-0.205
9.2648e-02,-0.3,-0.475
9.2650e-02,-0.34,-0.18
9.2651e-02,-0.305,-0.475
9.2653e-02,-0.28,-0.185
9.2654e-02,-0.305,-0.485
9.2656e-02,-0.33,-0.17
9.2658e-02,-0.355,-0.475
9.2659e-02,-0.22,-0.185
9.2661e-02,-0.345,-0.49
9.2662e-02,-0.28,-0.175
9.2664e-02,-0.41,-0.47
9.2666e-02,-0.37,-0.18
9.2667e-02,-0.36,-0.48
9.2669e-02,-0.325,-0.18
9.2670e-02,-0.43,-0.475
9.2672e-02,-0.32,-0.185
9.2674e-02,-0.365,-0.485
9.2675e-02,-0.275,-0.18
9.2677e-02,-0.29,-0.485
9.2678e-02,-0.3,-0.17
9.2680e-02,-0.35,-0.5
9.2682e-02,-0.355,-0.155
9.2683e-02,-0.335,-0.49
9.2685e-02,-0.34,-0.17
9.2686e-02,-0.265,-0.515
9.2688e-02,-0.325,-0.145
9.2690e-02,-0.25,-0.51
9.2691e-02,-0.33,-0.145
9.2693e-02,-0.295,-0.5
9.2694e-02,-0.275,-0.155
9.2696e-02,-0.29,-0.53
9.2698e-02,-0.325,-0.125
9.2699e-02,-0.28,-0.505
9.2701e-02,-0.285,-0.145
9.2702e-02,-0.28,-0.515
9.2704e-02,-0.365,-0.14
9.2706e-02,-0.375,-0.465
9.2707e-02,-0.42,-0.18
9.2709e-02,-0.35,-0.52
9.2710e-02,-0.235,-0.125
9.2712e-02,-0.34,-0.485
9.2714e-02,-0.295,-0.16
9.2715e-02,-0.315,-0.495
9.2717e-02,-0.34,-0.155
9.2718e-02,-0.28,-0.5
9.2720e-02,-0.375,-0.14
9.2722e-02,-0.435,-0.47
9.2723e-02,-0.39,-0.17
9.2725e-02,-0.325,-0.475
9.2726e-02,-0.325,-0.165
9.2728e-02,-0.185,-0.47
9.2730e-02,-0.335,-0.175
9.2731e-02,-0.315,-0.475
9.2733e-02,-0.26,-0.18
9.2734e-02,-0.29,-0.46
9.2736e-02,-0.24,-0.18
9.2738e-02,-0.345,-0.455
9.2739e-02,-0.31,-0.185
9.2741e-02,-0.4,-0.475
9.2742e-02,-0.26,-0.165
9.2744e-02,-0.32,-0.49
9.2746e-02,-0.28,-0.16
9.2747e-02,-0.355,-0.5
9.2749e-02,-0.265,-0.15
9.2750e-02,-0.3,-0.465
9.2752e-02,-0.22,-0.18
9.2754e-02,-0.275,-0.51
9.2755e-02,-0.29,-0.14
9.2757e-02,-0.275,-0.48
9.2758e-02,-0.27,-0.16
9.2760e-02,-0.315,-0.49
9.2762e-02,-0.295,-0.15
9.2763e-02,-0.355,-0.48
9.2765e-02,-0.3,-0.165
9.2766e-02,-0.31,-0.485
9.2768e-02,-0.29,-0.165
9.2770e-02,-0.265,-0.465
9.2771e-02,-0.415,-0.18
9.2773e-02,-0.355,-0.485
9.2774e-02,-0.285,-0.16
9.2776e-02,-0.335,-0.5
9.2778e-02,-0.295,-0.14
9.2779e-02,-0.315,-0.53
9.2781e-02,-0.38,-0.12
9.2782e-02,-0.28,-0.475
9.2784e-02,-0.3,-0.175
9.2786e-02,-0.31,-0.47
9.2787e-02,-0.355,-0.17
9.2789e-02,-0.42,-0.47
9.2790e-02,-0.395,-0.175
9.2792e-02,-0.39,-0.47
9.2794e-02,-0.29,-0.18
9.2795e-02,-0.415,-0.46
9.2797e-02,-0.325,-0.19
9.2798e-02,-0.365,-0.48
9.2800e-02,-0.285,-0.175
9.2802e-02,-0.26,-0.475
9.2803e-02,-0.29,-0.175
9.2805e-02,-0.27,-0.465
9.2806e-02,-0.31,-0.185
9.2808e-02,-0.305,-0.495
9.2810e-02,-0.33,-0.155
9.2811e-02,-0.415,-0.49
9.2813e-02,-0.37,-0.16
9.2814e-02,-0.39,-0.505
9.2816e-02,-0.37,-0.14
9.2818e-02,-0.295,-0.47
9.2819e-02,-0.39,-0.18
9.2821e-02,-0.355,-0.475
9.2822e-02,-0.275,-0.175
9.2824e-02,-0.315,-0.475
9.2826e-02,-0.24,-0.18
9.2827e-02,-0.245,-0.485
9.2829e-02,-0.235,-0.155
9.2830e-02,-0.33,-0.485
9.2832e-02,-0.18,-0.165
9.2834e-02,-0.365,-0.475
9.2835e-02,-0.32,-0.175
9.2837e-02,-0.365,-0.505
9.2838e-02,-0.365,-0.14
9.2840e-02,-0.31,-0.47
9.2842e-02,-0.225,-0.175
9.2843e-02,-0.34,-0.485
9.2845e-02,-0.255,-0.17
9.2846e-02,-0.32,-0.47
9.2848e-02,-0.27,-0.18
9.2850e-02,-0.245,-0.49
9.2851e-02,-0.26,-0.155
9.2853e-02,-0.27,-0.495
9.2854e-02,-0.335,-0.155
9.2856e-02,-0.295,-0.485
9.2858e-02,-0.27,-0.16
9.2859e-02,-0.29,-0.46
9.2861e-02,-0.3,-0.18
9.2862e-02,-0.36,-0.505
9.2864e-02,-0.285,-0.15
9.2866e-02,-0.26,-0.505
9.2867e-02,-0.275,-0.14
9.2869e-02,-0.35,-0.52
9.2870e-02,-0.25,-0.135
9.2872e-02,-0.35,-0.495
9.2874e-02,-0.24,-0.15
9.2875e-02,-0.28,-0.47
9.2877e-02,-0.27,-0.17
9.2878e-02,-0.305,-0.455
9.2880e-02,-0.27,-0.185
9.2882e-02,-0.285,-0.455
9.2883e-02,-0.315,-0.18
9.2885e-02,-0.35,-0.46
9.2886e-02,-0.36,-0.185
9.2888e-02,-0.375,-0.495
9.2890e-02,-0.335,-0.14
9.2891e-02,-0.23,-0.485
9.2893e-02,-0.27,-0.16
9.2894e-02,-0.3,-0.505
9.2896e-02,-0.27,-0.14
9.2898e-02,-0.28,-0.485
9.2899e-02,-0.235,-0.155
9.2901e-02,-0.2,-0.495
9.2902e-02,-0.25,-0.145
9.2904e-02,-0.34,-0.48
9.2906e-02,-0.285,-0.16
9.2907e-02,-0.35,-0.48
9.2909e-02,-0.37,-0.17
9.2910e-02,-0.405,-0.47
9.2912e-02,-0.325,-0.165
9.2914e-02,-0.295,-0.495
9.2915e-02,-0.265,-0.145
9.2917e-02,-0.29,-0.48
9.2918e-02,-0.32,-0.165
9.2920e-02,-0.355,-0.47
9.2922e-02,-0.26,-0.175
9.2923e-02,-0.365,-0.465
9.2925e-02,-0.265,-0.17
9.2926e-02,-0.365,-0.455
9.2928e-02,-0.32,-0.19
9.2930e-02,-0.355,-0.505
9.2931e-02,-0.285,-0.13
9.2933e-02,-0.295,-0.51
9.2934e-02,-0.34,-0.135
9.2936e-02,-0.34,-0.455
9.2938e-02,-0.21,-0.18
9.2939e-02,-0.34,-0.465
9.2941e-02,-0.23,-0.18
9.2942e-02,-0.355,-0.47
9.2944e-02,-0.37,-0.17
9.2946e-02,-0.385,-0.455
9.2947e-02,-0.32,-0.185
9.2949e-02,-0.335,-0.485
9.2950e-02,-0.31,-0.155
9.2952e-02,-0.315,-0.49
9.2954e-02,-0.365,-0.16
9.2955e-02,-0.315,-0.47
9.2957e-02,-0.24,-0.165
9.2958e-02,-0.28,-0.465
9.2960e-02,-0.4,-0.175
9.2962e-02,-0.31,-0.475
9.2963e-02,-0.385,-0.165
9.2965e-02,-0.375,-0.49
9.2966e-02,-0.33,-0.155
9.2968e-02,-0.375,-0.5
9.2970e-02,-0.325,-0.145
9.2971e-02,-0.295,-0.45
9.2973e-02,-0.31,-0.185
9.2974e-02,-0.34,-0.465
9.2976e-02,-0.345,-0.175
9.2978e-02,-0.38,-0.455
9.2979e-02,-0.37,-0.185
9.2981e-02,-0.28,-0.455
9.2982e-02,-0.295,-0.185
9.2984e-02,-0.365,-0.465
9.2986e-02,-0.345,-0.17
9.2987e-02,-0.35,-0.485
9.2989e-02,-0.31,-0.155
9.2990e-02,-0.25,-0.465
9.2992e-02,-0.31,-0.175
9.2994e-02,-0.285,-0.455
9.2995e-02,-0.305,-0.185
9.2997e-02,-0.25,-0.46
9.2998e-02,-0.315,-0.175
9.3000e-02,-0.285,-0.485
9.3002e-02,-0.36,-0.155
9.3003e-02,-0.345,-0.45
9.3005e-02,-0.35,-0.185
9.3006e-02,-0.24,-0.47
9.3008e-02,-0.3,-0.165
9.3010e-02,-0.33,-0.465
9.3011e-02,-0.315,-0.175
9.3013e-02,-0.31,-0.46
9.3014e-02,-0.27,-0.18
9.3016e-02,-0.245,-0.47
9.3018e-02,-0.305,-0.17
9.3019e-02,-0.31,-0.465
9.3021e-02,-0.265,-0.17
9.3022e-02,-0.355,-0.485
9.3024e-02,-0.31,-0.155
9.3026e-02,-0.355,-0.465
9.3027e-02,-0.31,-0.175
9.3029e-02,-0.35,-0.485
9.3030e-02,-0.265,-0.15
9.3032e-02,-0.26,-0.475
9.3034e-02,-0.31,-0.165
9.3035e-02,-0.305,-0.475
9.3037e-02,-0.345,-0.155
9.3038e-02,-0.34,-0.455
9.3040e-02,-0.365,-0.185
9.3042e-02,-0.305,-0.47
9.3043e-02,-0.29,-0.155
9.3045e-02,-0.33,-0.45
9.3046e-02,-0.275,-0.18
9.3048e-02,-0.24,-0.495
9.3050e-02,-0.32,-0.15
9.3051e-02,-0.285,-0.46
9.3053e-02,-0.31,-0.185
9.3054e-02,-0.32,-0.46
9.3056e-02,-0.235,-0.175
9.3058e-02,-0.33,-0.475
9.3059e-02,-0.315,-0.16
9.3061e-02,-0.385,-0.445
9.3062e-02,-0.3,-0.19
9.3064e-02,-0.355,-0.46
9.3066e-02,-0.325,-0.175
9.3067e-02,-0.22,-0.46
9.3069e-02,-0.315,-0.175
9.3070e-02,-0.19,-0.455
9.3072e-02,-0.315,-0.185
9.3074e-02,-0.355,-0.465
9.3075e-02,-0.4,-0.165
9.3077e-02,-0.39,-0.5
9.3078e-02,-0.355,-0.145
9.3080e-02,-0.195,-0.48
9.3082e-02,-0.245,-0.155
9.3083e-02,-0.275,-0.465
9.3085e-02,-0.28,-0.17
9.3086e-02,-0.29,-0.47
9.3088e-02,-0.325,-0.17
9.3090e-02,-0.28,-0.48
9.3091e-02,-0.305,-0.155
9.3093e-02,-0.335,-0.465
9.3094e-02,-0.36,-0.17
9.3096e-02,-0.355,-0.465
9.3098e-02,-0.31,-0.17
9.3099e-02,-0.305,-0.47
9.3101e-02,-0.29,-0.165
9.3102e-02,-0.33,-0.475
9.3104e-02,-0.25,-0.16
9.3106e-02,-0.295,-0.455
9.3107e-02,-0.245,-0.185
9.3109e-02,-0.43,-0.445
9.3110e-02,-0.315,-0.185
9.3112e-02,-0.43,-0.465
9.3114e-02,-0.255,-0.165
9.3115e-02,-0.295,-0.48
9.3117e-02,-0.275,-0.155
9.3118e-02,-0.275,-0.5
9.3120e-02,-0.31,-0.13
9.3122e-02,-0.325,-0.455
9.3123e-02,-0.255,-0.175
9.3125e-02,-0.34,-0.465
9.3126e-02,-0.285,-0.16
9.3128e-02,-0.375,-0.475
9.3130e-02,-0.335,-0.155
9.3131e-02,-0.37,-0.455
9.3133e-02,-0.33,-0.17
9.3134e-02,-0.4,-0.47
9.3136e-02,-0.265,-0.16
9.3138e-02,-0.295,-0.46
9.3139e-02,-0.23,-0.165
9.3141e-02,-0.305,-0.46
9.3142e-02,-0.3,-0.165
9.3144e-02,-0.415,-0.475
9.3146e-02,-0.28,-0.155
9.3147e-02,-0.33,-0.47
9.3149e-02,-0.315,-0.165
9.3150e-02,-0.26,-0.485
9.3152e-02,-0.34,-0.14
9.3154e-02,-0.3,-0.435
9.3155e-02,-0.255,-0.19
9.3157e-02,-0.365,-0.45
9.3158e-02,-0.3,-0.18
9.3160e-02,-0.31,-0.455
9.3162e-02,-0.435,-0.17
9.3163e-02,-0.235,-0.49
9.3165e-02,-0.335,-0.14
9.3166e-02,-0.29,-0.485
9.3168e-02,-0.345,-0.14
9.3170e-02,-0.375,-0.505
9.3171e-02,-0.28,-0.125
9.3173e-02,-0.275,-0.485
9.3174e-02,-0.27,-0.15
9.3176e-02,-0.355,-0.44
9.3178e-02,-0.275,-0.18
9.3179e-02,-0.345,-0.45
9.3181e-02,-0.2,-0.175
9.3182e-02,-0.235,-0.45
9.3184e-02,-0.305,-0.185
9.3186e-02,-0.335,-0.465
9.3187e-02,-0.31,-0.165
9.3189e-02,-0.38,-0.49
9.3190e-02,-0.255,-0.14
9.3192e-02,-0.365,-0.505
9.3194e-02,-0.32,-0.13
9.3195e-02,-0.26,-0.475
9.3197e-02,-0.28,-0.155
9.3198e-02,-0.28,-0.45
9.3200e-02,-0.275,-0.18
9.3202e-02,-0.28,-0.465
9.3203e-02,-0.3,-0.165
9.3205e-02,-0.26,-0.45
9.3206e-02,-0.335,-0.185
9.3208e-02,-0.33,-0.475
9.3210e-02,-0.38,-0.16
9.3211e-02,-0.365,-0.465
9.3213e-02,-0.34,-0.17
9.3214e-02,-0.215,-0.455
9.3216e-02,-0.295,-0.185
9.3218e-02,-0.26,-0.46
9.3219e-02,-0.32,-0.175
9.3221e-02,-0.275,-0.46
9.3222e-02,-0.365,-0.17
9.3224e-02,-0.235,-0.45
9.3226e-02,-0.36,-0.175
9.3227e-02,-0.28,-0.45
9.3229e-02,-0.3,-0.18
9.3230e-02,-0.325,-0.455
9.3232e-02,-0.32,-0.175
9.3234e-02,-0.335,-0.46
9.3235e-02,-0.365,-0.165
9.3237e-02,-0.255,-0.5
9.3238e-02,-0.23,-0.135
9.3240e-02,-0.355,-0.45
9.3242e-02,-0.285,-0.18
9.3243e-02,-0.375,-0.47
9.3245e-02,-0.36,-0.155
9.3246e-02,-0.34,-0.47
9.3248e-02,-0.365,-0.17
9.3250e-02,-0.38,-0.475
9.3251e-02,-0.4,-0.165
9.3253e-02,-0.29,-0.46
9.3254e-02,-0.28,-0.17
9.3256e-02,-0.2,-0.475
9.3258e-02,-0.265,-0.15
9.3259e-02,-0.355,-0.46
9.3261e-02,-0.34,-0.165
9.3262e-02,-0.29,-0.47
9.3264e-02,-0.295,-0.165
9.3266e-02,-0.33,-0.47
9.3267e-02,-0.275,-0.16
9.3269e-02,-0.43,-0.47
9.3270e-02,-0.25,-0.155
9.3272e-02,-0.315,-0.485
9.3274e-02,-0.325,-0.145
9.3275e-02,-0.285,-0.465
9.3277e-02,-0.355,-0.165
9.3278e-02,-0.345,-0.485
9.3280e-02,-0.265,-0.145
9.3282e-02,-0.345,-0.46
9.3283e-02,-0.33,-0.165
9.3285e-02,-0.405,-0.495
9.3286e-02,-0.315,-0.135
9.3288e-02,-0.33,-0.46
9.3290e-02,-0.2,-0.165
9.3291e-02,-0.32,-0.445
9.3293e-02,-0.225,-0.18
9.3294e-02,-0.27,-0.45
9.3296e-02,-0.285,-0.175
9.3298e-02,-0.325,-0.47
9.3299e-02,-0.305,-0.155
9.3301e-02,-0.385,-0.455
9.3302e-02,-0.385,-0.17
9.3304e-02,-0.34,-0.475
9.3306e-02,-0.35,-0.145
9.3307e-02,-0.25,-0.48
9.3309e-02,-0.295,-0.145
9.3310e-02,-0.395,-0.51
9.3312e-02,-0.255,-0.12
9.3314e-02,-0.285,-0.48
9.3315e-02,-0.265,-0.145
9.3317e-02,-0.28,-0.455
9.3318e-02,-0.325,-0.165
9.3320e-02,-0.31,-0.45
9.3322e-02,-0.41,-0.17
9.3323e-02,-0.345,-0.445
9.3325e-02,-0.38,-0.175
9.3326e-02,-0.365,-0.435
9.3328e-02,-0.29,-0.18
9.3330e-02,-0.28,-0.445
9.3331e-02,-0.21,-0.17
9.3333e-02,-0.33,-0.455
9.3334e-02,-0.34,-0.17
9.3336e-02,-0.345,-0.47
9.3338e-02,-0.36,-0.155
9.3339e-02,-0.265,-0.49
9.3341e-02,-0.315,-0.14
9.3342e-02,-0.255,-0.435
9.3344e-02,-0.32,-0.175
9.3346e-02,-0.215,-0.475
9.3347e-02,-0.31,-0.15
9.3349e-02,-0.285,-0.465
9.3350e-02,-0.33,-0.15
9.3352e-02,-0.36,-0.475
9.3354e-02,-0.305,-0.155
9.3355e-02,-0.325,-0.455
9.3357e-02,-0.38,-0.165
9.3358e-02,-0.29,-0.45
9.3360e-02,-0.345,-0.17
9.3362e-02,-0.28,-0.465
9.3363e-02,-0.28,-0.155
9.3365e-02,-0.255,-0.5
9.3366e-02,-0.315,-0.13
9.3368e-02,-0.305,-0.455
9.3370e-02,-0.38,-0.165
9.3371e-02,-0.325,-0.485
9.3373e-02,-0.335,-0.145
9.3374e-02,-0.395,-0.47
9.3376e-02,-0.36,-0.155
9.3378e-02,-0.33,-0.47
9.3379e-02,-0.345,-0.16
9.3381e-02,-0.3,-0.465
9.3382e-02,-0.305,-0.16
9.3384e-02,-0.3,-0.455
9.3386e-02,-0.23,-0.17
9.3387e-02,-0.305,-0.44
9.3389e-02,-0.275,-0.18
9.3390e-02,-0.3,-0.45
9.3392e-02,-0.34,-0.18
9.3394e-02,-0.34,-0.455
9.3395e-02,-0.29,-0.165
9.3397e-02,-0.31,-0.465
9.3398e-02,-0.325,-0.155
9.3400e-02,-0.335,-0.465
9.3402e-02,-0.33,-0.16
9.3403e-02,-0.315,-0.465
9.3405e-02,-0.27,-0.155
9.3406e-02,-0.33,-0.465
9.3408e-02,-0.265,-0.16
9.3410e-02,-0.36,-0.47
9.3411e-02,-0.335,-0.155
9.3413e-02,-0.35,-0.44
9.3414e-02,-0.3,-0.18
9.3416e-02,-0.4,-0.455
9.3418e-02,-0.375,-0.165
9.3419e-02,-0.44,-0.44
9.3421e-02,-0.31,-0.18
9.3422e-02,-0.3,-0.455
9.3424e-02,-0.345,-0.165
9.3426e-02,-0.35,-0.455
9.3427e-02,-0.335,-0.16
9.3429e-02,-0.305,-0.45
9.3430e-02,-0.305,-0.165
9.3432e-02,-0.33,-0.45
9.3434e-02,-0.36,-0.17
9.3435e-02,-0.245,-0.46
9.3437e-02,-0.345,-0.16
9.3438e-02,-0.195,-0.45
9.3440e-02,-0.28,-0.165
9.3442e-02,-0.28,-0.465
9.3443e-02,-0.29,-0.155
9.3445e-02,-0.28,-0.445
9.3446e-02,-0.27,-0.165
9.3448e-02,-0.28,-0.435
9.3450e-02,-0.285,-0.175
9.3451e-02,-0.335,-0.45
9.3453e-02,-0.33,-0.16
9.3454e-02,-0.275,-0.46
9.3456e-02,-0.31,-0.15
9.3458e-02,-0.235,-0.47
9.3459e-02,-0.325,-0.15
9.3461e-02,-0.29,-0.44
9.3462e-02,-0.25,-0.175
9.3464e-02,-0.26,-0.46
9.3466e-02,-0.27,-0.155
9.3467e-02,-0.265,-0.435
9.3469e-02,-0.375,-0.175
9.3470e-02,-0.355,-0.445
9.3472e-02,-0.31,-0.165
9.3474e-02,-0.395,-0.45
9.3475e-02,-0.285,-0.165
9.3477e-02,-0.42,-0.475
9.3478e-02,-0.315,-0.135
9.3480e-02,-0.265,-0.465
9.3482e-02,-0.28,-0.14
9.3483e-02,-0.315,-0.465
9.3485e-02,-0.275,-0.15
9.3486e-02,-0.34,-0.475
9.3488e-02,-0.185,-0.145
9.3490e-02,-0.33,-0.48
9.3491e-02,-0.355,-0.135
9.3493e-02,-0.27,-0.485
9.3494e-02,-0.315,-0.13
9.3496e-02,-0.22,-0.48
9.3498e-02,-0.27,-0.135
9.3499e-02,-0.31,-0.46
9.3501e-02,-0.27,-0.155
9.3502e-02,-0.285,-0.455
9.3504e-02,-0.25,-0.16
9.3506e-02,-0.25,-0.445
9.3507e-02,-0.325,-0.16
9.3509e-02,-0.36,-0.445
9.3510e-02,-0.37,-0.17
9.3512e-02,-0.39,-0.445
9.3514e-02,-0.265,-0.17
9.3515e-02,-0.305,-0.46
9.3517e-02,-0.245,-0.15
9.3518e-02,-0.385,-0.445
9.3520e-02,-0.28,-0.16
9.3522e-02,-0.38,-0.485
9.3523e-02,-0.235,-0.125
9.3525e-02,-0.325,-0.445
9.3526e-02,-0.345,-0.165
9.3528e-02,-0.35,-0.46
9.3530e-02,-0.37,-0.155
9.3531e-02,-0.35,-0.435
9.3533e-02,-0.34,-0.18
9.3534e-02,-0.345,-0.44
9.3536e-02,-0.28,-0.165
9.3538e-02,-0.29,-0.445
9.3539e-02,-0.295,-0.17
9.3541e-02,-0.31,-0.455
9.3542e-02,-0.29,-0.155
9.3544e-02,-0.305,-0.485
9.3546e-02,-0.28,-0.13
9.3547e-02,-0.325,-0.475
9.3549e-02,-0.225,-0.13
9.3550e-02,-0.39,-0.45
9.3552e-02,-0.275,-0.16
9.3554e-02,-0.26,-0.465
9.3555e-02,-0.255,-0.145
9.3557e-02,-0.21,-0.48
9.3558e-02,-0.34,-0.12
9.3560e-02,-0.33,-0.445
9.3562e-02,-0.32,-0.165
9.3563e-02,-0.3,-0.475
9.3565e-02,-0.255,-0.135
9.3566e-02,-0.32,-0.435
9.3568e-02,-0.35,-0.175
9.3570e-02,-0.34,-0.445
9.3571e-02,-0.36,-0.165
9.3573e-02,-0.27,-0.47
9.3574e-02,-0.27,-0.135
9.3576e-02,-0.27,-0.445
9.3578e-02,-0.345,-0.16
9.3579e-02,-0.28,-0.43
9.3581e-02,-0.315,-0.175
9.3582e-02,-0.22,-0.435
9.3584e-02,-0.285,-0.165
9.3586e-02,-0.285,-0.445
9.3587e-02,-0.33,-0.165
9.3589e-02,-0.305,-0.465
9.3590e-02,-0.28,-0.15
9.3592e-02,-0.285,-0.465
9.3594e-02,-0.235,-0.15
9.3595e-02,-0.315,-0.45
9.3597e-02,-0.275,-0.155
9.3598e-02,-0.28,-0.45
9.3600e-02,-0.335,-0.155
9.3602e-02,-0.285,-0.465
9.3603e-02,-0.36,-0.145
9.3605e-02,-0.31,-0.44
9.3606e-02,-0.325,-0.165
9.3608e-02,-0.385,-0.455
9.3610e-02,-0.315,-0.155
9.3611e-02,-0.335,-0.445
9.3613e-02,-0.32,-0.165
9.3614e-02,-0.22,-0.47
9.3616e-02,-0.275,-0.145
9.3618e-02,-0.315,-0.445
9.3619e-02,-0.32,-0.165
9.3621e-02,-0.405,-0.47
9.3622e-02,-0.305,-0.14
9.3624e-02,-0.29,-0.45
9.3626e-02,-0.355,-0.155
9.3627e-02,-0.315,-0.45
9.3629e-02,-0.39,-0.16
9.3630e-02,-0.28,-0.485
9.3632e-02,-0.32,-0.13
9.3634e-02,-0.335,-0.45
9.3635e-02,-0.36,-0.155
9.3637e-02,-0.325,-0.445
9.3638e-02,-0.365,-0.165
9.3640e-02,-0.275,-0.46
9.3642e-02,-0.395,-0.155
9.3643e-02,-0.35,-0.455
9.3645e-02,-0.38,-0.155
9.3646e-02,-0.36,-0.455
9.3648e-02,-0.255,-0.15
9.3650e-02,-0.325,-0.43
9.3651e-02,-0.305,-0.175
9.3653e-02,-0.33,-0.445
9.3654e-02,-0.315,-0.17
9.3656e-02,-0.21,-0.44
9.3658e-02,-0.32,-0.17
9.3659e-02,-0.22,-0.445
9.3661e-02,-0.36,-0.155
9.3662e-02,-0.275,-0.44
9.3664e-02,-0.295,-0.165
9.3666e-02,-0.3,-0.49
9.3667e-02,-0.29,-0.12
9.3669e-02,-0.33,-0.48
9.3670e-02,-0.335,-0.135
9.3672e-02,-0.25,-0.465
9.3674e-02,-0.235,-0.14
9.3675e-02,-0.22,-0.445
9.3677e-02,-0.27,-0.155
9.3678e-02,-0.31,-0.465
9.3680e-02,-0.255,-0.145
9.3682e-02,-0.355,-0.43
9.3683e-02,-0.275,-0.17
9.3685e-02,-0.365,-0.445
9.3686e-02,-0.375,-0.155
9.3688e-02,-0.31,-0.45
9.3690e-02,-0.325,-0.155
9.3691e-02,-0.29,-0.45
9.3693e-02,-0.27,-0.16
9.3694e-02,-0.33,-0.45
9.3696e-02,-0.29,-0.155
9.3698e-02,-0.25,-0.435
9.3699e-02,-0.305,-0.17
9.3701e-02,-0.28,-0.47
9.3702e-02,-0.36,-0.135
9.3704e-02,-0.36,-0.455
9.3706e-02,-0.265,-0.15
9.3707e-02,-0.365,-0.495
9.3709e-02,-0.28,-0.11
9.3710e-02,-0.41,-0.44
9.3712e-02,-0.345,-0.155
9.3714e-02,-0.315,-0.47
9.3715e-02,-0.33,-0.125
9.3717e-02,-0.305,-0.455
9.3718e-02,-0.345,-0.145
9.3720e-02,-0.335,-0.425
9.3722e-02,-0.3,-0.175
9.3723e-02,-0.21,-0.445
9.3725e-02,-0.31,-0.15
9.3726e-02,-0.265,-0.435
9.3728e-02,-0.365,-0.155
9.3730e-02,-0.275,-0.45
9.3731e-02,-0.295,-0.155
9.3733e-02,-0.31,-0.455
9.3734e-02,-0.33,-0.14
9.3736e-02,-0.31,-0.465
9.3738e-02,-0.38,-0.135
9.3739e-02,-0.335,-0.465
9.3741e-02,-0.31,-0.135
9.3742e-02,-0.33,-0.435
9.3744e-02,-0.32,-0.16
9.3746e-02,-0.36,-0.44
9.3747e-02,-0.31,-0.15
9.3749e-02,-0.24,-0.45
9.3750e-02,-0.36,-0.145
9.3752e-02,-0.29,-0.44
9.3754e-02,-0.31,-0.15
9.3755e-02,-0.29,-0.425
9.3757e-02,-0.21,-0.165
9.3758e-02,-0.32,-0.435
9.3760e-02,-0.185,-0.165
9.3762e-02,-0.325,-0.43
9.3763e-02,-0.205,-0.165
9.3765e-02,-0.19,-0.47
9.3766e-02,-0.295,-0.13
9.3768e-02,-0.27,-0.43
9.3770e-02,-0.27,-0.165
9.3771e-02,-0.33,-0.44
9.3773e-02,-0.27,-0.15
9.3774e-02,-0.295,-0.43
9.3776e-02,-0.32,-0.16
9.3778e-02,-0.24,-0.455
9.3779e-02,-0.385,-0.14
9.3781e-02,-0.285,-0.455
9.3782e-02,-0.255,-0.145
9.3784e-02,-0.28,-0.435
9.3786e-02,-0.275,-0.165
9.3787e-02,-0.275,-0.445
9.3789e-02,-0.255,-0.155
9.3790e-02,-0.215,-0.445
9.3792e-02,-0.27,-0.16
9.3794e-02,-0.275,-0.465
9.3795e-02,-0.26,-0.135
9.3797e-02,-0.31,-0.44
9.3798e-02,-0.27,-0.16
9.3800e-02,-0.26,-0.455
9.3802e-02,-0.265,-0.15
9.3803e-02,-0.33,-0.44
9.3805e-02,-0.265,-0.16
9.3806e-02,-0.18,-0.435
9.3808e-02,-0.28,-0.155
9.3810e-02,-0.255,-0.44
9.3811e-02,-0.325,-0.16
9.3813e-02,-0.33,-0.445
9.3814e-02,-0.3,-0.15
9.3816e-02,-0.345,-0.465
9.3818e-02,-0.3,-0.15
9.3819e-02,-0.305,-0.43
9.3821e-02,-0.35,-0.17
9.3822e-02,-0.28,-0.47
9.3824e-02,-0.255,-0.14
9.3826e-02,-0.395,-0.445
9.3827e-02,-0.3,-0.155
9.3829e-02,-0.39,-0.44
9.3830e-02,-0.305,-0.155
9.3832e-02,-0.295,-0.45
9.3834e-02,-0.235,-0.145
9.3835e-02,-0.32,-0.46
9.3837e-02,-0.315,-0.14
9.3838e-02,-0.375,-0.45
9.3840e-02,-0.28,-0.16
9.3842e-02,-0.235,-0.455
9.3843e-02,-0.285,-0.14
9.3845e-02,-0.265,-0.45
9.3846e-02,-0.315,-0.15
9.3848e-02,-0.215,-0.425
9.3850e-02,-0.285,-0.17
9.3851e-02,-0.325,-0.465
9.3853e-02,-0.32,-0.125
9.3854e-02,-0.33,-0.43
9.3856e-02,-0.265,-0.165
9.3858e-02,-0.315,-0.44
9.3859e-02,-0.285,-0.155
9.3861e-02,-0.34,-0.435
9.3862e-02,-0.245,-0.16
9.3864e-02,-0.25,-0.435
9.3866e-02,-0.265,-0.145
9.3867e-02,-0.305,-0.45
9.3869e-02,-0.305,-0.15
9.3870e-02,-0.335,-0.47
9.3872e-02,-0.275,-0.135
9.3874e-02,-0.2,-0.43
9.3875e-02,-0.245,-0.16
9.3877e-02,-0.26,-0.44
9.3878e-02,-0.305,-0.15
9.3880e-02,-0.33,-0.425
9.3882e-02,-0.345,-0.16
9.3883e-02,-0.21,-0.435
9.3885e-02,-0.315,-0.155
9.3886e-02,-0.17,-0.425
9.3888e-02,-0.325,-0.17
9.3890e-02,-0.325,-0.43
9.3891e-02,-0.29,-0.155
9.3893e-02,-0.28,-0.44
9.3894e-02,-0.31,-0.155
9.3896e-02,-0.255,-0.455
9.3898e-02,-0.305,-0.13
9.3899e-02,-0.28,-0.46
9.3901e-02,-0.225,-0.12
9.3902e-02,-0.32,-0.44
9.3904e-02,-0.265,-0.135
9.3906e-02,-0.29,-0.415
9.3907e-02,-0.27,-0.175
9.3909e-02,-0.21,-0.44
9.3910e-02,-0.395,-0.15
9.3912e-02,-0.27,-0.44
9.3914e-02,-0.385,-0.135
9.3915e-02,-0.25,-0.435
9.3917e-02,-0.24,-0.15
9.3918e-02,-0.27,-0.435
9.3920e-02,-0.315,-0.145
9.3922e-02,-0.25,-0.425
9.3923e-02,-0.28,-0.155
9.3925e-02,-0.24,-0.42
9.3926e-02,-0.275,-0.155
9.3928e-02,-0.295,-0.435
9.3930e-02,-0.275,-0.14
9.3931e-02,-0.25,-0.41
9.3933e-02,-0.235,-0.17
9.3934e-02,-0.23,-0.43
9.3936e-02,-0.26,-0.16
9.3938e-02,-0.34,-0.43
9.3939e-02,-0.21,-0.155
9.3941e-02,-0.255,-0.475
9.3942e-02,-0.24,-0.115
9.3944e-02,-0.25,-0.42
9.3946e-02,-0.355,-0.17
9.3947e-02,-0.365,-0.42
9.3949e-02,-0.345,-0.165
9.3950e-02,-0.315,-0.435
9.3952e-02,-0.33,-0.15
9.3954e-02,-0.365,-0.43
9.3955e-02,-0.345,-0.155
9.3957e-02,-0.275,-0.44
9.3958e-02,-0.22,-0.14
9.3960e-02,-0.255,-0.43
9.3962e-02,-0.25,-0.16
9.3963e-02,-0.31,-0.435
9.3965e-02,-0.305,-0.145
9.3966e-02,-0.295,-0.44
9.3968e-02,-0.335,-0.155
9.3970e-02,-0.415,-0.445
9.3971e-02,-0.21,-0.145
9.3973e-02,-0.29,-0.44
9.3974e-02,-0.175,-0.15
9.3976e-02,-0.2,-0.44
9.3978e-02,-0.275,-0.145
9.3979e-02,-0.22,-0.425
9.3981e-02,-0.305,-0.165
9.3982e-02,-0.21,-0.455
9.3984e-02,-0.34,-0.135
9.3986e-02,-0.28,-0.44
9.3987e-02,-0.355,-0.14
9.3989e-02,-0.28,-0.455
9.3990e-02,-0.295,-0.135
9.3992e-02,-0.28,-0.44
9.3994e-02,-0.26,-0.155
9.3995e-02,-0.35,-0.46
9.3997e-02,-0.3,-0.125
9.3998e-02,-0.315,-0.445
9.4000e-02,-0.27,-0.14
9.4002e-02,-0.32,-0.44
9.4003e-02,-0.325,-0.15
9.4005e-02,-0.385,-0.455
9.4006e-02,-0.325,-0.135
9.4008e-02,-0.32,-0.44
9.4010e-02,-0.325,-0.145
9.4011e-02,-0.32,-0.435
9.4013e-02,-0.35,-0.15
9.4014e-02,-0.235,-0.445
9.4016e-02,-0.28,-0.14
9.4018e-02,-0.3,-0.445
9.4019e-02,-0.24,-0.145
9.4021e-02,-0.355,-0.425
9.4022e-02,-0.265,-0.16
9.4024e-02,-0.26,-0.465
9.4026e-02,-0.33,-0.125
9.4027e-02,-0.285,-0.45
9.4029e-02,-0.32,-0.14
9.4030e-02,-0.305,-0.43
9.4032e-02,-0.195,-0.15
9.4034e-02,-0.215,-0.455
9.4035e-02,-0.22,-0.125
9.4037e-02,-0.265,-0.465
9.4038e-02,-0.3,-0.12
9.4040e-02,-0.2,-0.465
9.4042e-02,-0.265,-0.115
9.4043e-02,-0.285,-0.435
9.4045e-02,-0.32,-0.15
9.4046e-02,-0.315,-0.43
9.4048e-02,-0.33,-0.145
9.4050e-02,-0.26,-0.43
9.4051e-02,-0.26,-0.15
9.4053e-02,-0.3,-0.43
9.4054e-02,-0.285,-0.155
9.4056e-02,-0.325,-0.46
9.4058e-02,-0.31,-0.12
9.4059e-02,-0.33,-0.44
9.4061e-02,-0.36,-0.135
9.4062e-02,-0.395,-0.43
9.4064e-02,-0.395,-0.14
9.4066e-02,-0.325,-0.445
9.4067e-02,-0.34,-0.14
9.4069e-02,-0.315,-0.425
9.4070e-02,-0.305,-0.155
9.4072e-02,-0.23,-0.435
9.4074e-02,-0.235,-0.135
9.4075e-02,-0.145,-0.415
9.4077e-02,-0.23,-0.155
9.4078e-02,-0.29,-0.44
9.4080e-02,-0.2,-0.14
9.4082e-02,-0.26,-0.445
9.4083e-02,-0.225,-0.13
9.4085e-02,-0.275,-0.475
9.4086e-02,-0.28,-0.11
9.4088e-02,-0.295,-0.455
9.4090e-02,-0.23,-0.125
9.4091e-02,-0.25,-0.425
9.4093e-02,-0.21,-0.145
9.4094e-02,-0.33,-0.435
9.4096e-02,-0.24,-0.135
9.4098e-02,-0.335,-0.425
9.4099e-02,-0.325,-0.145
9.4101e-02,-0.29,-0.435
9.4102e-02,-0.35,-0.13
9.4104e-02,-0.36,-0.45
9.4106e-02,-0.365,-0.125
9.4107e-02,-0.375,-0.455
9.4109e-02,-0.335,-0.115
9.4110e-02,-0.335,-0.44
9.4112e-02,-0.33,-0.135
9.4114e-02,-0.325,-0.415
9.4115e-02,-0.35,-0.155
9.4117e-02,-0.285,-0.415
9.4118e-02,-0.285,-0.16
9.4120e-02,-0.33,-0.415
9.4122e-02,-0.275,-0.155
9.4123e-02,-0.285,-0.43
9.4125e-02,-0.23,-0.145
9.4126e-02,-0.28,-0.43
9.4128e-02,-0.28,-0.15
9.4130e-02,-0.335,-0.42
9.4131e-02,-0.255,-0.15
9.4133e-02,-0.28,-0.435
9.4134e-02,-0.34,-0.14
9.4136e-02,-0.32,-0.41
9.4138e-02,-0.38,-0.16
9.4139e-02,-0.32,-0.425
9.4141e-02,-0.34,-0.145
9.4142e-02,-0.285,-0.42
9.4144e-02,-0.285,-0.155
9.4146e-02,-0.34,-0.445
9.4147e-02,-0.285,-0.135
9.4149e-02,-0.245,-0.415
9.4150e-02,-0.245,-0.155
9.4152e-02,-0.155,-0.44
9.4154e-02,-0.29,-0.14
9.4155e-02,-0.305,-0.43
9.4157e-02,-0.305,-0.15
9.4158e-02,-0.33,-0.44
9.4160e-02,-0.3,-0.135
9.4162e-02,-0.33,-0.435
9.4163e-02,-0.365,-0.13
9.4165e-02,-0.375,-0.415
9.4166e-02,-0.31,-0.155
9.4168e-02,-0.23,-0.44
9.4170e-02,-0.31,-0.14
9.4171e-02,-0.245,-0.425
9.4173e-02,-0.305,-0.145
9.4174e-02,-0.275,-0.425
9.4176e-02,-0.25,-0.15
9.4178e-02,-0.35,-0.5
9.4179e-02,-0.37,-0.075
9.4181e-02,-0.345,-0.44
9.4182e-02,-0.295,-0.14
9.4184e-02,-0.255,-0.45
9.4186e-02,-0.245,-0.12
9.4187e-02,-0.305,-0.435
9.4189e-02,-0.23,-0.14
9.4190e-02,-0.195,-0.425
9.4192e-02,-0.17,-0.155
9.4194e-02,-0.235,-0.425
9.4195e-02,-0.295,-0.16
9.4197e-02,-0.28,-0.46
9.4198e-02,-0.34,-0.12
9.4200e-02,-0.26,-0.44
9.4202e-02,-0.36,-0.14
9.4203e-02,-0.275,-0.425
9.4205e-02,-0.365,-0.145
9.4206e-02,-0.32,-0.43
9.4208e-02,-0.305,-0.145
9.4210e-02,-0.25,-0.45
9.4211e-02,-0.27,-0.13
9.4213e-02,-0.26,-0.43
9.4214e-02,-0.28,-0.145
9.4216e-02,-0.295,-0.43
9.4218e-02,-0.24,-0.14
9.4219e-02,-0.345,-0.415
9.4221e-02,-0.235,-0.15
9.4222e-02,-0.38,-0.43
9.4224e-02,-0.23,-0.135
9.4226e-02,-0.27,-0.405
9.4227e-02,-0.27,-0.165
9.4229e-02,-0.255,-0.415
9.4230e-02,-0.255,-0.155
9.4232e-02,-0.295,-0.445
9.4234e-02,-0.195,-0.125
9.4235e-02,-0.305,-0.43
9.4237e-02,-0.255,-0.13
9.4238e-02,-0.305,-0.42
9.4240e-02,-0.295,-0.15
9.4242e-02,-0.32,-0.44
9.4243e-02,-0.295,-0.125
9.4245e-02,-0.345,-0.42
9.4246e-02,-0.3,-0.15
9.4248e-02,-0.345,-0.46
9.4250e-02,-0.27,-0.105
9.4251e-02,-0.285,-0.435
9.4253e-02,-0.355,-0.135
9.4254e-02,-0.26,-0.46
9.4256e-02,-0.39,-0.115
9.4258e-02,-0.27,-0.44
9.4259e-02,-0.365,-0.125
9.4261e-02,-0.34,-0.435
9.4262e-02,-0.34,-0.13
9.4264e-02,-0.355,-0.43
9.4266e-02,-0.345,-0.135
9.4267e-02,-0.305,-0.43
9.4269e-02,-0.305,-0.135
9.4270e-02,-0.33,-0.425
9.4272e-02,-0.285,-0.14
9.4274e-02,-0.28,-0.445
9.4275e-02,-0.26,-0.125
9.4277e-02,-0.245,-0.445
9.4278e-02,-0.315,-0.115
9.4280e-02,-0.3,-0.465
9.4282e-02,-0.27,-0.09
9.4283e-02,-0.315,-0.425
9.4285e-02,-0.26,-0.13
9.4286e-02,-0.36,-0.45
9.4288e-02,-0.32,-0.115
9.4290e-02,-0.375,-0.425
9.4291e-02,-0.255,-0.135
9.4293e-02,-0.26,-0.43
9.4294e-02,-0.275,-0.125
9.4296e-02,-0.31,-0.43
9.4298e-02,-0.22,-0.125
9.4299e-02,-0.34,-0.425
9.4301e-02,-0.28,-0.13
9.4302e-02,-0.295,-0.43
9.4304e-02,-0.345,-0.13
9.4306e-02,-0.285,-0.415
9.4307e-02,-0.325,-0.135
9.4309e-02,-0.2,-0.415
9.4310e-02,-0.275,-0.135
9.4312e-02,-0.325,-0.44
9.4314e-02,-0.315,-0.12
9.4315e-02,-0.335,-0.43
9.4317e-02,-0.33,-0.13
9.4318e-02,-0.265,-0.43
9.4320e-02,-0.365,-0.125
9.4322e-02,-0.335,-0.42
9.4323e-02,-0.35,-0.135
9.4325e-02,-0.305,-0.42
9.4326e-02,-0.24,-0.13
9.4328e-02,-0.285,-0.435
9.4330e-02,-0.33,-0.125
9.4331e-02,-0.275,-0.455
9.4333e-02,-0.3,-0.105
9.4334e-02,-0.185,-0.465
9.4336e-02,-0.385,-0.095
9.4338e-02,-0.265,-0.43
9.4339e-02,-0.335,-0.13
9.4341e-02,-0.265,-0.44
9.4342e-02,-0.24,-0.12
9.4344e-02,-0.31,-0.42
9.4346e-02,-0.295,-0.13
9.4347e-02,-0.315,-0.405
9.4349e-02,-0.315,-0.15
9.4350e-02,-0.19,-0.44
9.4352e-02,-0.36,-0.115
9.4354e-02,-0.245,-0.43
9.4355e-02,-0.32,-0.13
9.4357e-02,-0.245,-0.4
9.4358e-02,-0.3,-0.155
9.4360e-02,-0.17,-0.435
9.4362e-02,-0.31,-0.125
9.4363e-02,-0.22,-0.42
9.4365e-02,-0.315,-0.14
9.4366e-02,-0.21,-0.44
9.4368e-02,-0.25,-0.125
9.4370e-02,-0.26,-0.43
9.4371e-02,-0.315,-0.13
9.4373e-02,-0.26,-0.43
9.4374e-02,-0.26,-0.13
9.4376e-02,-0.27,-0.415
9.4378e-02,-0.235,-0.145
9.4379e-02,-0.335,-0.42
9.4381e-02,-0.28,-0.14
9.4382e-02,-0.265,-0.415
9.4384e-02,-0.28,-0.14
9.4386e-02,-0.27,-0.43
9.4387e-02,-0.36,-0.125
9.4389e-02,-0.27,-0.42
9.4390e-02,-0.23,-0.135
9.4392e-02,-0.23,-0.41
9.4394e-02,-0.16,-0.145
9.4395e-02,-0.3,-0.425
9.4397e-02,-0.21,-0.135
9.4398e-02,-0.195,-0.41
9.4400e-02,-0.24,-0.15
9.4402e-02,-0.245,-0.44
9.4403e-02,-0.205,-0.125
9.4405e-02,-0.315,-0.435
9.4406e-02,-0.235,-0.13
9.4408e-02,-0.235,-0.445
9.4410e-02,-0.24,-0.115
9.4411e-02,-0.28,-0.43
9.4413e-02,-0.26,-0.13
9.4414e-02,-0.37,-0.435
9.4416e-02,-0.18,-0.12
9.4418e-02,-0.255,-0.445
9.4419e-02,-0.15,-0.11
9.4421e-02,-0.265,-0.41
9.4422e-02,-0.255,-0.145
9.4424e-02,-0.25,-0.44
9.4426e-02,-0.195,-0.115
9.4427e-02,-0.29,-0.445
9.4429e-02,-0.325,-0.11
9.4430e-02,-0.275,-0.445
9.4432e-02,-0.315,-0.105
9.4434e-02,-0.225,-0.415
9.4435e-02,-0.245,-0.135
9.4437e-02,-0.25,-0.415
9.4438e-02,-0.25,-0.145
9.4440e-02,-0.21,-0.425
9.4442e-02,-0.24,-0.125
9.4443e-02,-0.3,-0.41
9.4445e-02,-0.295,-0.135
9.4446e-02,-0.29,-0.415
9.4448e-02,-0.21,-0.135
9.4450e-02,-0.3,-0.42
9.4451e-02,-0.23,-0.125
9.4453e-02,-0.33,-0.43
9.4454e-02,-0.315,-0.115
9.4456e-02,-0.27,-0.425
9.4458e-02,-0.295,-0.125
9.4459e-02,-0.31,-0.415
9.4461e-02,-0.265,-0.13
9.4462e-02,-0.34,-0.445
9.4464e-02,-0.23,-0.1
9.4466e-02,-0.26,-0.43
9.4467e-02,-0.275,-0.115
9.4469e-02,-0.365,-0.45
9.4470e-02,-0.36,-0.1
9.4472e-02,-0.31,-0.43
9.4474e-02,-0.28,-0.115
9.4475e-02,-0.27,-0.43
9.4477e-02,-0.265,-0.11
9.4478e-02,-0.25,-0.395
9.4480e-02,-0.3,-0.15
9.4482e-02,-0.25,-0.415
9.4483e-02,-0.25,-0.125
9.4485e-02,-0.215,-0.41
9.4486e-02,-0.26,-0.135
9.4488e-02,-0.21,-0.455
9.4490e-02,-0.235,-0.095
9.4491e-02,-0.23,-0.43
9.4493e-02,-0.275,-0.11
9.4494e-02,-0.24,-0.425
9.4496e-02,-0.21,-0.12
9.4498e-02,-0.215,-0.415
9.4499e-02,-0.19,-0.12
9.4501e-02,-0.345,-0.43
9.4502e-02,-0.275,-0.115
9.4504e-02,-0.285,-0.425
9.4506e-02,-0.25,-0.13
9.4507e-02,-0.25,-0.44
9.4509e-02,-0.29,-0.11
9.4510e-02,-0.275,-0.425
9.4512e-02,-0.28,-0.115
9.4514e-02,-0.35,-0.43
9.4515e-02,-0.24,-0.11
9.4517e-02,-0.32,-0.415
9.4518e-02,-0.29,-0.13
9.4520e-02,-0.275,-0.425
9.4522e-02,-0.29,-0.125
9.4523e-02,-0.285,-0.445
9.4525e-02,-0.27,-0.105
9.4526e-02,-0.37,-0.425
9.4528e-02,-0.295,-0.115
9.4530e-02,-0.26,-0.44
9.4531e-02,-0.27,-0.105
9.4533e-02,-0.24,-0.405
9.4534e-02,-0.34,-0.14
9.4536e-02,-0.195,-0.425
9.4538e-02,-0.32,-0.125
9.4539e-02,-0.215,-0.42
9.4541e-02,-0.27,-0.125
9.4542e-02,-0.215,-0.395
9.4544e-02,-0.245,-0.145
9.4546e-02,-0.17,-0.405
9.4547e-02,-0.22,-0.15
9.4549e-02,-0.255,-0.42
9.4550e-02,-0.28,-0.13
9.4552e-02,-0.28,-0.425
9.4554e-02,-0.2,-0.115
9.4555e-02,-0.28,-0.415
9.4557e-02,-0.205,-0.135
9.4558e-02,-0.295,-0.415
9.4560e-02,-0.265,-0.13
9.4562e-02,-0.22,-0.445
9.4563e-02,-0.18,-0.105
9.4565e-02,-0.235,-0.41
9.4566e-02,-0.28,-0.13
9.4568e-02,-0.315,-0.42
9.4570e-02,-0.23,-0.12
9.4571e-02,-0.285,-0.43
9.4573e-02,-0.28,-0.115
9.4574e-02,-0.295,-0.44
9.4576e-02,-0.29,-0.11
9.4578e-02,-0.295,-0.41
9.4579e-02,-0.31,-0.135
9.4581e-02,-0.295,-0.42
9.4582e-02,-0.325,-0.125
9.4584e-02,-0.345,-0.4
9.4586e-02,-0.305,-0.135
9.4587e-02,-0.29,-0.445
9.4589e-02,-0.325,-0.1
9.4590e-02,-0.305,-0.435
9.4592e-02,-0.355,-0.11
9.4594e-02,-0.245,-0.43
9.4595e-02,-0.3,-0.105
9.4597e-02,-0.28,-0.42
9.4598e-02,-0.32,-0.12
9.4600e-02,-0.375,-0.425
9.4602e-02,-0.29,-0.12
9.4603e-02,-0.335,-0.395
9.4605e-02,-0.25,-0.15
9.4606e-02,-0.3,-0.42
9.4608e-02,-0.31,-0.125
9.4610e-02,-0.25,-0.435
9.4611e-02,-0.315,-0.1
9.4613e-02,-0.215,-0.42
9.4614e-02,-0.3,-0.125
9.4616e-02,-0.245,-0.415
9.4618e-02,-0.285,-0.125
9.4619e-02,-0.2,-0.41
9.4621e-02,-0.215,-0.125
9.4622e-02,-0.2,-0.395
9.4624e-02,-0.315,-0.145
9.4626e-02,-0.285,-0.405
9.4627e-02,-0.265,-0.13
9.4629e-02,-0.195,-0.425
9.4630e-02,-0.28,-0.11
9.4632e-02,-0.24,-0.415
9.4634e-02,-0.27,-0.12
9.4635e-02,-0.205,-0.415
9.4637e-02,-0.21,-0.115
9.4638e-02,-0.22,-0.405
9.4640e-02,-0.28,-0.125
9.4642e-02,-0.275,-0.42
9.4643e-02,-0.205,-0.12
9.4645e-02,-0.255,-0.42
9.4646e-02,-0.26,-0.115
9.4648e-02,-0.325,-0.425
9.4650e-02,-0.295,-0.11
9.4651e-02,-0.28,-0.385
9.4653e-02,-0.305,-0.145
9.4654e-02,-0.305,-0.43
9.4656e-02,-0.375,-0.11
9.4658e-02,-0.23,-0.4
9.4659e-02,-0.35,-0.135
9.4661e-02,-0.24,-0.42
9.4662e-02,-0.33,-0.12
9.4664e-02,-0.34,-0.42
9.4666e-02,-0.24,-0.115
9.4667e-02,-0.32,-0.405
9.4669e-02,-0.185,-0.13
9.4670e-02,-0.35,-0.41
9.4672e-02,-0.21,-0.12
9.4674e-02,-0.295,-0.415
9.4675e-02,-0.225,-0.12
9.4677e-02,-0.26,-0.4
9.4678e-02,-0.28,-0.125
9.4680e-02,-0.33,-0.43
9.4682e-02,-0.29,-0.1
9.4683e-02,-0.33,-0.42
9.4685e-02,-0.31,-0.115
9.4686e-02,-0.25,-0.43
9.4688e-02,-0.34,-0.105
9.4690e-02,-0.27,-0.41
9.4691e-02,-0.32,-0.13
9.4693e-02,-0.225,-0.41
9.4694e-02,-0.27,-0.12
9.4696e-02,-0.27,-0.42
9.4698e-02,-0.23,-0.11
9.4699e-02,-0.29,-0.42
9.4701e-02,-0.22,-0.12
9.4702e-02,-0.335,-0.41
9.4704e-02,-0.3,-0.12
9.4706e-02,-0.29,-0.39
9.4707e-02,-0.325,-0.14
9.4709e-02,-0.225,-0.435
9.4710e-02,-0.305,-0.1
9.4712e-02,-0.27,-0.41
9.4714e-02,-0.355,-0.12
9.4715e-02,-0.285,-0.395
9.4717e-02,-0.2,-0.135
9.4718e-02,-0.315,-0.405
9.4720e-02,-0.235,-0.125
9.4722e-02,-0.31,-0.405
9.4723e-02,-0.24,-0.125
9.4725e-02,-0.21,-0.42
9.4726e-02,-0.23,-0.11
9.4728e-02,-0.255,-0.395
9.4730e-02,-0.22,-0.135
9.4731e-02,-0.305,-0.405
9.4733e-02,-0.2,-0.125
9.4734e-02,-0.28,-0.4
9.4736e-02,-0.345,-0.125
9.4738e-02,-0.305,-0.4
9.4739e-02,-0.36,-0.13
9.4741e-02,-0.275,-0.395
9.4742e-02,-0.255,-0.125
9.4744e-02,-0.305,-0.425
9.4746e-02,-0.29,-0.105
9.4747e-02,-0.275,-0.41
9.4749e-02,-0.225,-0.115
9.4750e-02,-0.315,-0.4
9.4752e-02,-0.285,-0.125
9.4754e-02,-0.375,-0.42
9.4755e-02,-0.265,-0.105
9.4757e-02,-0.275,-0.42
9.4758e-02,-0.235,-0.1
9.4760e-02,-0.235,-0.42
9.4762e-02,-0.305,-0.105
9.4763e-02,-0.215,-0.405
9.4765e-02,-0.25,-0.12
9.4766e-02,-0.21,-0.395
9.4768e-02,-0.29,-0.125
9.4770e-02,-0.275,-0.405
9.4771e-02,-0.235,-0.115
9.4773e-02,-0.28,-0.405
9.4774e-02,-0.19,-0.115
9.4776e-02,-0.36,-0.415
9.4778e-02,-0.255,-0.11
9.4779e-02,-0.36,-0.42
9.4781e-02,-0.285,-0.105
9.4782e-02,-0.19,-0.41
9.4784e-02,-0.32,-0.115
9.4786e-02,-0.205,-0.405
9.4787e-02,-0.33,-0.115
9.4789e-02,-0.265,-0.41
9.4790e-02,-0.235,-0.11
9.4792e-02,-0.25,-0.415
9.4794e-02,-0.225,-0.115
9.4795e-02,-0.305,-0.435
9.4797e-02,-0.26,-0.085
9.4798e-02,-0.215,-0.41
9.4800e-02,-0.27,-0.115
9.4802e-02,-0.28,-0.405
9.4803e-02,-0.265,-0.12
9.4805e-02,-0.19,-0.42
9.4806e-02,-0.24,-0.105
9.4808e-02,-0.345,-0.405
9.4810e-02,-0.32,-0.11
9.4811e-02,-0.265,-0.385
9.4813e-02,-0.205,-0.135
9.4814e-02,-0.205,-0.425
9.4816e-02,-0.305,-0.105
9.4818e-02,-0.235,-0.4
9.4819e-02,-0.305,-0.12
9.4821e-02,-0.175,-0.43
9.4822e-02,-0.305,-0.09
9.4824e-02,-0.24,-0.425
9.4826e-02,-0.325,-0.09
9.4827e-02,-0.245,-0.4
9.4829e-02,-0.235,-0.11
9.4830e-02,-0.225,-0.4
9.4832e-02,-0.23,-0.115
9.4834e-02,-0.21,-0.39
9.4835e-02,-0.205,-0.125
9.4837e-02,-0.2,-0.385
9.4838e-02,-0.275,-0.135
9.4840e-02,-0.29,-0.425
9.4842e-02,-0.305,-0.105
9.4843e-02,-0.235,-0.42
9.4845e-02,-0.215,-0.1
9.4846e-02,-0.26,-0.415
9.4848e-02,-0.2,-0.1
9.4850e-02,-0.32,-0.41
9.4851e-02,-0.325,-0.11
9.4853e-02,-0.315,-0.42
9.4854e-02,-0.27,-0.095
9.4856e-02,-0.225,-0.425
9.4858e-02,-0.19,-0.1
9.4859e-02,-0.28,-0.415
9.4861e-02,-0.19,-0.105
9.4862e-02,-0.29,-0.41
9.4864e-02,-0.26,-0.11
9.4866e-02,-0.31,-0.41
9.4867e-02,-0.32,-0.105
9.4869e-02,-0.22,-0.42
9.4870e-02,-0.28,-0.09
9.4872e-02,-0.245,-0.465
9.4874e-02,-0.24,-0.055
9.4875e-02,-0.265,-0.43
9.4877e-02,-0.215,-0.085
9.4878e-02,-0.175,-0.425
9.4880e-02,-0.3,-0.09
9.4882e-02,-0.18,-0.42
9.4883e-02,-0.295,-0.1
9.4885e-02,-0.185,-0.425
9.4886e-02,-0.245,-0.09
9.4888e-02,-0.225,-0.4
9.4890e-02,-0.305,-0.11
9.4891e-02,-0.245,-0.405
9.4893e-02,-0.295,-0.105
9.4894e-02,-0.345,-0.415
9.4896e-02,-0.33,-0.1
9.4898e-02,-0.25,-0.44
9.4899e-02,-0.32,-0.085
9.4901e-02,-0.2,-0.42
9.4902e-02,-0.21,-0.095
9.4904e-02,-0.17,-0.42
9.4906e-02,-0.215,-0.09
9.4907e-02,-0.245,-0.43
9.4909e-02,-0.215,-0.09
9.4910e-02,-0.19,-0.43
9.4912e-02,-0.24,-0.08
9.4914e-02,-0.235,-0.42
9.4915e-02,-0.295,-0.09
9.4917e-02,-0.295,-0.41
9.4918e-02,-0.22,-0.1
9.4920e-02,-0.26,-0.445
9.4922e-02,-0.28,-0.065
9.4923e-02,-0.255,-0.41
9.4925e-02,-0.29,-0.095
9.4926e-02,-0.225,-0.415
9.4928e-02,-0.245,-0.095
9.4930e-02,-0.36,-0.415
9.4931e-02,-0.225,-0.09
9.4933e-02,-0.33,-0.425
9.4934e-02,-0.215,-0.09
9.4936e-02,-0.225,-0.39
9.4938e-02,-0.25,-0.115
9.4939e-02,-0.335,-0.4
9.4941e-02,-0.295,-0.11
9.4942e-02,-0.255,-0.405
9.4944e-02,-0.255,-0.105
9.4946e-02,-0.21,-0.4
9.4947e-02,-0.285,-0.105
9.4949e-02,-0.245,-0.425
9.4950e-02,-0.265,-0.085
9.4952e-02,-0.18,-0.415
9.4954e-02,-0.325,-0.09
9.4955e-02,-0.255,-0.42
9.4957e-02,-0.255,-0.09
9.4958e-02,-0.225,-0.42
9.4960e-02,-0.19,-0.08
9.4962e-02,-0.21,-0.41
9.4963e-02,-0.3,-0.095
9.4965e-02,-0.175,-0.42
9.4966e-02,-0.265,-0.095
9.4968e-02,-0.175,-0.385
9.4970e-02,-0.155,-0.125
9.4971e-02,-0.255,-0.41
9.4973e-02,-0.205,-0.095
9.4974e-02,-0.215,-0.43
9.4976e-02,-0.235,-0.075
9.4978e-02,-0.3,-0.41
9.4979e-02,-0.25,-0.095
9.4981e-02,-0.275,-0.41
9.4982e-02,-0.28,-0.09
9.4984e-02,-0.215,-0.425
9.4986e-02,-0.285,-0.08
9.4987e-02,-0.25,-0.41
9.4989e-02,-0.22,-0.095
9.4990e-02,-0.23,-0.4
9.4992e-02,-0.265,-0.105
9.4994e-02,-0.235,-0.4
9.4995e-02,-0.22,-0.105
9.4997e-02,-0.17,-0.425
9.4998e-02,-0.145,-0.08
9.5000e-02,-0.24,-0.42
9.5002e-02,-0.31,-0.08
9.5003e-02,-0.265,-0.41
9.5005e-02,-0.285,-0.1
9.5006e-02,-0.275,-0.41
9.5008e-02,-0.265,-0.1
9.5010e-02,-0.38,-0.43
9.5011e-02,-0.2,-0.07
9.5013e-02,-0.26,-0.415
9.5014e-02,-0.12,-0.095
9.5016e-02,-0.22,-0.395
9.5018e-02,-0.26,-0.11
9.5019e-02,-0.27,-0.405
9.5021e-02,-0.14,-0.095
9.5022e-02,-0.13,-0.405
9.5024e-02,-0.23,-0.1
9.5026e-02,-0.235,-0.43
9.5027e-02,-0.27,-0.08
9.5029e-02,-0.28,-0.415
9.5030e-02,-0.205,-0.09
9.5032e-02,-0.305,-0.41
9.5034e-02,-0.28,-0.09
9.5035e-02,-0.315,-0.4
9.5037e-02,-0.3,-0.095
9.5038e-02,-0.23,-0.415
9.5040e-02,-0.2,-0.075
9.5042e-02,-0.23,-0.415
9.5043e-02,-0.195,-0.085
9.5045e-02,-0.225,-0.395
9.5046e-02,-0.225,-0.1
9.5048e-02,-0.27,-0.41
9.5050e-02,-0.2,-0.09
9.5051e-02,-0.26,-0.445
9.5053e-02,-0.185,-0.055
9.5054e-02,-0.26,-0.405
9.5056e-02,-0.245,-0.1
9.5058e-02,-0.305,-0.445
9.5059e-02,-0.285,-0.04
9.5061e-02,-0.3,-0.42
9.5062e-02,-0.26,-0.075
9.5064e-02,-0.325,-0.425
9.5066e-02,-0.245,-0.07
9.5067e-02,-0.235,-0.39
9.5069e-02,-0.225,-0.095
9.5070e-02,-0.19,-0.395
9.5072e-02,-0.35,-0.1
9.5074e-02,-0.285,-0.415
9.5075e-02,-0.265,-0.075
9.5077e-02,-0.27,-0.425
9.5078e-02,-0.2,-0.06
9.5080e-02,-0.24,-0.425
9.5082e-02,-0.325,-0.06
9.5083e-02,-0.19,-0.4
9.5085e-02,-0.215,-0.1
9.5086e-02,-0.19,-0.38
9.5088e-02,-0.2,-0.11
9.5090e-02,-0.315,-0.42
9.5091e-02,-0.215,-0.07
9.5093e-02,-0.205,-0.4
9.5094e-02,-0.22,-0.105
9.5096e-02,-0.21,-0.385
9.5098e-02,-0.235,-0.11
9.5099e-02,-0.265,-0.42
9.5101e-02,-0.27,-0.07
9.5102e-02,-0.24,-0.415
9.5104e-02,-0.385,-0.08
9.5106e-02,-0.265,-0.41
9.5107e-02,-0.295,-0.075
9.5109e-02,-0.22,-0.405
9.5110e-02,-0.23,-0.095
9.5112e-02,-0.24,-0.39
9.5114e-02,-0.24,-0.1
9.5115e-02,-0.195,-0.43
9.5117e-02,-0.19,-0.065
9.5118e-02,-0.195,-0.42
9.5120e-02,-0.245,-0.065
9.5122e-02,-0.375,-0.42
9.5123e-02,-0.235,-0.07
9.5125e-02,-0.23,-0.445
9.5126e-02,-0.225,-0.06
9.5128e-02,-0.18,-0.395
9.5130e-02,-0.295,-0.085
9.5131e-02,-0.23,-0.425
9.5133e-02,-0.14,-0.065
9.5134e-02,-0.295,-0.405
9.5136e-02,-0.13,-0.09
9.5138e-02,-0.26,-0.41
9.5139e-02,-0.165,-0.085
9.5141e-02,-0.23,-0.41
9.5142e-02,-0.235,-0.08
9.5144e-02,-0.32,-0.39
9.5146e-02,-0.235,-0.105
9.5147e-02,-0.31,-0.4
9.5149e-02,-0.215,-0.095
9.5150e-02,-0.245,-0.425
9.5152e-02,-0.28,-0.07
9.5154e-02,-0.31,-0.4
9.5155e-02,-0.285,-0.1
9.5157e-02,-0.28,-0.42
9.5158e-02,-0.285,-0.07
9.5160e-02,-0.235,-0.41
9.5162e-02,-0.3,-0.09
9.5163e-02,-0.235,-0.4
9.5165e-02,-0.205,-0.1
9.5166e-02,-0.19,-0.405
9.5168e-02,-0.24,-0.09
9.5170e-02,-0.26,-0.405
9.5171e-02,-0.24,-0.09
9.5173e-02,-0.18,-0.39
9.5174e-02,-0.26,-0.11
9.5176e-02,-0.285,-0.395
9.5178e-02,-0.27,-0.1
9.5179e-02,-0.305,-0.41
9.5181e-02,-0.245,-0.075
9.5182e-02,-0.375,-0.425
9.5184e-02,-0.28,-0.07
9.5186e-02,-0.31,-0.405
9.5187e-02,-0.175,-0.085
9.5189e-02,-0.28,-0.4
9.5190e-02,-0.175,-0.085
9.5192e-02,-0.25,-0.405
9.5194e-02,-0.16,-0.085
9.5195e-02,-0.205,-0.395
9.5197e-02,-0.19,-0.09
9.5198e-02,-0.28,-0.415
9.5200e-02,-0.215,-0.085
9.5202e-02,-0.305,-0.42
9.5203e-02,-0.165,-0.065
9.5205e-02,-0.21,-0.405
9.5206e-02,-0.275,-0.075
9.5208e-02,-0.285,-0.415
9.5210e-02,-0.26,-0.075
9.5211e-02,-0.23,-0.41
9.5213e-02,-0.17,-0.08
9.5214e-02,-0.225,-0.39
9.5216e-02,-0.25,-0.09
9.5218e-02,-0.195,-0.41
9.5219e-02,-0.21,-0.08
9.5221e-02,-0.225,-0.385
9.5222e-02,-0.245,-0.095
9.5224e-02,-0.24,-0.405
9.5226e-02,-0.21,-0.075
9.5227e-02,-0.215,-0.39
9.5229e-02,-0.29,-0.09
9.5230e-02,-0.345,-0.385
9.5232e-02,-0.28,-0.095
9.5234e-02,-0.31,-0.41
9.5235e-02,-0.17,-0.075
9.5237e-02,-0.315,-0.385
9.5238e-02,-0.23,-0.095
9.5240e-02,-0.24,-0.39
9.5242e-02,-0.2,-0.09
9.5243e-02,-0.17,-0.43
9.5245e-02,-0.195,-0.055
9.5246e-02,-0.215,-0.435
9.5248e-02,-0.135,-0.05
9.5250e-02,-0.18,-0.405
9.5251e-02,-0.175,-0.07
9.5253e-02,-0.27,-0.4
9.5254e-02,-0.26,-0.075
9.5256e-02,-0.315,-0.39
9.5258e-02,-0.15,-0.08
9.5259e-02,-0.225,-0.38
9.5261e-02,-0.17,-0.085
9.5262e-02,-0.215,-0.4
9.5264e-02,-0.235,-0.075
9.5266e-02,-0.19,-0.395
9.5267e-02,-0.165,-0.09
9.5269e-02,-0.23,-0.39
9.5270e-02,-0.215,-0.085
9.5272e-02,-0.235,-0.395
9.5274e-02,-0.275,-0.08
9.5275e-02,-0.205,-0.38
9.5277e-02,-0.36,-0.1
9.5278e-02,-0.265,-0.4
9.5280e-02,-0.195,-0.08
9.5282e-02,-0.195,-0.38
9.5283e-02,-0.215,-0.1
9.5285e-02,-0.265,-0.385
9.5286e-02,-0.28,-0.095
9.5288e-02,-0.25,-0.395
9.5290e-02,-0.23,-0.075
9.5291e-02,-0.305,-0.395
9.5293e-02,-0.205,-0.075
9.5294e-02,-0.29,-0.395
9.5296e-02,-0.26,-0.075
9.5298e-02,-0.195,-0.405
9.5299e-02,-0.27,-0.065
9.5301e-02,-0.245,-0.385
9.5302e-02,-0.265,-0.09
9.5304e-02,-0.225,-0.38
9.5306e-02,-0.275,-0.095
9.5307e-02,-0.205,-0.395
9.5309e-02,-0.275,-0.08
9.5310e-02,-0.34,-0.425
9.5312e-02,-0.21,-0.05
9.5314e-02,-0.25,-0.375
9.5315e-02,-0.28,-0.1
9.5317e-02,-0.22,-0.385
9.5318e-02,-0.355,-0.08
9.5320e-02,-0.21,-0.425
9.5322e-02,-0.245,-0.06
9.5323e-02,-0.265,-0.415
9.5325e-02,-0.265,-0.065
9.5326e-02,-0.19,-0.395
9.5328e-02,-0.255,-0.075
9.5330e-02,-0.225,-0.4
9.5331e-02,-0.295,-0.065
9.5333e-02,-0.29,-0.395
9.5334e-02,-0.18,-0.075
9.5336e-02,-0.185,-0.385
9.5338e-02,-0.14,-0.085
9.5339e-02,-0.2,-0.415
9.5341e-02,-0.175,-0.055
9.5342e-02,-0.255,-0.415
9.5344e-02,-0.14,-0.06
9.5346e-02,-0.245,-0.39
9.5347e-02,-0.23,-0.085
9.5349e-02,-0.325,-0.395
9.5350e-02,-0.22,-0.085
9.5352e-02,-0.25,-0.4
9.5354e-02,-0.24,-0.085
9.5355e-02,-0.2,-0.395
9.5357e-02,-0.3,-0.07
9.5358e-02,-0.245,-0.4
9.5360e-02,-0.24,-0.06
9.5362e-02,-0.32,-0.39
9.5363e-02,-0.205,-0.08
9.5365e-02,-0.215,-0.385
9.5366e-02,-0.18,-0.085
9.5368e-02,-0.09,-0.42
9.5370e-02,-0.165,-0.055
9.5371e-02,-0.255,-0.385
9.5373e-02,-0.215,-0.08
9.5374e-02,-0.275,-0.435
9.5376e-02,-0.14,-0.035
9.5378e-02,-0.21,-0.395
9.5379e-02,-0.17,-0.075
9.5381e-02,-0.3,-0.405
9.5382e-02,-0.205,-0.07
9.5384e-02,-0.3,-0.395
9.5386e-02,-0.275,-0.08
9.5387e-02,-0.24,-0.4
9.5389e-02,-0.26,-0.07
9.5390e-02,-0.17,-0.425
9.5392e-02,-0.185,-0.04
9.5394e-02,-0.26,-0.405
9.5395e-02,-0.27,-0.065
9.5397e-02,-0.22,-0.405
9.5398e-02,-0.24,-0.06
9.5400e-02,-0.275,-0.38
9.5402e-02,-0.305,-0.09
9.5403e-02,-0.275,-0.385
9.5405e-02,-0.275,-0.08
9.5406e-02,-0.175,-0.405
9.5408e-02,-0.26,-0.06
9.5410e-02,-0.255,-0.405
9.5411e-02,-0.31,-0.065
9.5413e-02,-0.26,-0.415
9.5414e-02,-0.31,-0.06
9.5416e-02,-0.16,-0.38
9.5418e-02,-0.25,-0.08
9.5419e-02,-0.205,-0.37
9.5421e-02,-0.21,-0.09
9.5422e-02,-0.165,-0.39
9.5424e-02,-0.185,-0.07
9.5426e-02,-0.145,-0.39
9.5427e-02,-0.22,-0.075
9.5429e-02,-0.155,-0.37
9.5430e-02,-0.235,-0.085
9.5432e-02,-0.17,-0.41
9.5434e-02,-0.43,-0.06
9.5435e-02,-0.26,-0.43
9.5437e-02,-0.275,-0.055
9.5438e-02,-0.26,-0.435
9.5440e-02,-0.225,-0.025
9.5442e-02,-0.25,-0.435
9.5443e-02,-0.235,-0.03
9.5445e-02,-0.095,-0.41
9.5446e-02,-0.245,-0.05
9.5448e-02,-0.155,-0.395
9.5450e-02,-0.325,-0.07
9.5451e-02,-0.27,-0.375
9.5453e-02,-0.345,-0.085
9.5454e-02,-0.195,-0.395
9.5456e-02,-0.31,-0.06
9.5458e-02,-0.295,-0.39
9.5459e-02,-0.295,-0.07
9.5461e-02,-0.21,-0.41
9.5462e-02,-0.285,-0.05
9.5464e-02,-0.165,-0.38
9.5466e-02,-0.225,-0.08
9.5467e-02,-0.21,-0.41
9.5469e-02,-0.18,-0.045
9.5470e-02,-0.24,-0.365
9.5472e-02,-0.275,-0.09
9.5474e-02,-0.235,-0.39
9.5475e-02,-0.285,-0.07
9.5477e-02,-0.17,-0.405
9.5478e-02,-0.12,-0.05
9.5480e-02,-0.225,-0.38
9.5482e-02,-0.26,-0.075
9.5483e-02,-0.275,-0.38
9.5485e-02,-0.23,-0.07
9.5486e-02,-0.28,-0.42
9.5488e-02,-0.235,-0.04
9.5490e-02,-0.32,-0.415
9.5491e-02,-0.17,-0.045
9.5493e-02,-0.23,-0.395
9.5494e-02,-0.19,-0.065
9.5496e-02,-0.255,-0.38
9.5498e-02,-0.285,-0.07
9.5499e-02,-0.23,-0.39
9.5501e-02,-0.2,-0.065
9.5502e-02,-0.2,-0.39
9.5504e-02,-0.19,-0.07
9.5506e-02,-0.19,-0.39
9.5507e-02,-0.19,-0.07
9.5509e-02,-0.285,-0.395
9.5510e-02,-0.14,-0.065
9.5512e-02,-0.355,-0.395
9.5514e-02,-0.17,-0.06
9.5515e-02,-0.175,-0.415
9.5517e-02,-0.23,-0.05
9.5518e-02,-0.19,-0.375
9.5520e-02,-0.37,-0.075
9.5522e-02,-0.29,-0.395
9.5523e-02,-0.26,-0.05
9.5525e-02,-0.21,-0.385
9.5526e-02,-0.215,-0.065
9.5528e-02,-0.195,-0.395
9.5530e-02,-0.255,-0.06
9.5531e-02,-0.16,-0.365
9.5533e-02,-0.235,-0.085
9.5534e-02,-0.23,-0.41
9.5536e-02,-0.27,-0.04
9.5538e-02,-0.225,-0.4
9.5539e-02,-0.245,-0.06
9.5541e-02,-0.18,-0.385
9.5542e-02,-0.215,-0.07
9.5544e-02,-0.31,-0.39
9.5546e-02,-0.305,-0.06
9.5547e-02,-0.22,-0.385
9.5549e-02,-0.185,-0.065
9.5550e-02,-0.16,-0.385
9.5552e-02,-0.275,-0.06
9.5554e-02,-0.195,-0.375
9.5555e-02,-0.22,-0.07
9.5557e-02,-0.22,-0.385
9.5558e-02,-0.175,-0.065
9.5560e-02,-0.315,-0.36
9.5562e-02,-0.225,-0.09
9.5563e-02,-0.265,-0.385
9.5565e-02,-0.155,-0.07
9.5566e-02,-0.21,-0.365
9.5568e-02,-0.175,-0.085
9.5570e-02,-0.275,-0.37
9.5571e-02,-0.145,-0.08
9.5573e-02,-0.21,-0.375
9.5574e-02,-0.16,-0.07
9.5576e-02,-0.205,-0.37
9.5578e-02,-0.28,-0.08
9.5579e-02,-0.275,-0.39
9.5581e-02,-0.235,-0.06
9.5582e-02,-0.235,-0.4
9.5584e-02,-0.25,-0.05
9.5586e-02,-0.26,-0.395
9.5587e-02,-0.2,-0.055
9.5589e-02,-0.125,-0.385
9.5590e-02,-0.15,-0.065
9.5592e-02,-0.2,-0.395
9.5594e-02,-0.195,-0.055
9.5595e-02,-0.29,-0.4
9.5597e-02,-0.215,-0.045
9.5598e-02,-0.315,-0.4
9.5600e-02,-0.215,-0.05
9.5602e-02,-0.27,-0.375
9.5603e-02,-0.175,-0.07
9.5605e-02,-0.205,-0.37
9.5606e-02,-0.16,-0.08
9.5608e-02,-0.31,-0.385
9.5610e-02,-0.16,-0.06
9.5611e-02,-0.295,-0.375
9.5613e-02,-0.245,-0.07
9.5614e-02,-0.21,-0.38
9.5616e-02,-0.285,-0.07
9.5618e-02,-0.205,-0.37
9.5619e-02,-0.23,-0.07
9.5621e-02,-0.22,-0.385
9.5622e-02,-0.19,-0.055
9.5624e-02,-0.32,-0.415
9.5626e-02,-0.27,-0.03
9.5627e-02,-0.265,-0.39
9.5629e-02,-0.29,-0.055
9.5630e-02,-0.26,-0.4
9.5632e-02,-0.24,-0.055
9.5634e-02,-0.27,-0.385
9.5635e-02,-0.21,-0.065
9.5637e-02,-0.24,-0.4
9.5638e-02,-0.175,-0.045
9.5640e-02,-0.24,-0.375
9.5642e-02,-0.215,-0.07
9.5643e-02,-0.235,-0.38
9.5645e-02,-0.17,-0.07
9.5646e-02,-0.29,-0.385
9.5648e-02,-0.2,-0.055
9.5650e-02,-0.32,-0.365
9.5651e-02,-0.24,-0.08
9.5653e-02,-0.23,-0.38
9.5654e-02,-0.29,-0.055
9.5656e-02,-0.26,-0.375
9.5658e-02,-0.225,-0.065
9.5659e-02,-0.285,-0.385
9.5661e-02,-0.15,-0.06
9.5662e-02,-0.325,-0.375
9.5664e-02,-0.135,-0.07
9.5666e-02,-0.245,-0.385
9.5667e-02,-0.185,-0.055
9.5669e-02,-0.165,-0.375
9.5670e-02,-0.26,-0.065
9.5672e-02,-0.255,-0.385
9.5674e-02,-0.255,-0.05
9.5675e-02,-0.26,-0.38
9.5677e-02,-0.31,-0.05
9.5678e-02,-0.26,-0.39
9.5680e-02,-0.305,-0.045
9.5682e-02,-0.25,-0.415
9.5683e-02,-0.26,-0.025
9.5685e-02,-0.2,-0.38
9.5686e-02,-0.33,-0.05
9.5688e-02,-0.16,-0.39
9.5690e-02,-0.3,-0.05
9.5691e-02,-0.18,-0.395
9.5693e-02,-0.235,-0.04
9.5694e-02,-0.255,-0.37
9.5696e-02,-0.18,-0.07
9.5698e-02,-0.25,-0.375
9.5699e-02,-0.15,-0.055
9.5701e-02,-0.24,-0.39
9.5702e-02,-0.235,-0.055
9.5704e-02,-0.165,-0.385
9.5706e-02,-0.155,-0.05
9.5707e-02,-0.195,-0.365
9.5709e-02,-0.21,-0.08
9.5710e-02,-0.16,-0.395
9.5712e-02,-0.23,-0.04
9.5714e-02,-0.175,-0.4
9.5715e-02,-0.15,-0.04
9.5717e-02,-0.245,-0.385
9.5718e-02,-0.17,-0.05
9.5720e-02,-0.175,-0.38
9.5722e-02,-0.17,-0.055
9.5723e-02,-0.12,-0.405
9.5725e-02,-0.14,-0.03
9.5726e-02,-0.23,-0.37
9.5728e-02,-0.18,-0.065
9.5730e-02,-0.215,-0.37
9.5731e-02,-0.24,-0.055
9.5733e-02,-0.19,-0.365
9.5734e-02,-0.265,-0.065
9.5736e-02,-0.23,-0.36
9.5738e-02,-0.18,-0.07
9.5739e-02,-0.18,-0.39
9.5741e-02,-0.26,-0.04
9.5742e-02,-0.18,-0.37
9.5744e-02,-0.285,-0.055
9.5746e-02,-0.19,-0.365
9.5747e-02,-0.15,-0.06
9.5749e-02,-0.195,-0.355
9.5750e-02,-0.17,-0.07
9.5752e-02,-0.205,-0.405
9.5754e-02,-0.205,-0.025
9.5755e-02,-0.28,-0.405
9.5757e-02,-0.255,-0.025
9.5758e-02,-0.31,-0.4
9.5760e-02,-0.205,-0.035
9.5762e-02,-0.185,-0.385
9.5763e-02,-0.195,-0.045
9.5765e-02,-0.095,-0.375
9.5766e-02,-0.205,-0.06
9.5768e-02,-0.155,-0.41
9.5770e-02,-0.135,-0.02
9.5771e-02,-0.195,-0.36
9.5773e-02,-0.205,-0.07
9.5774e-02,-0.22,-0.385
9.5776e-02,-0.255,-0.05
9.5778e-02,-0.19,-0.385
9.5779e-02,-0.15,-0.04
9.5781e-02,-0.185,-0.38
9.5782e-02,-0.15,-0.055
9.5784e-02,-0.245,-0.435
9.5786e-02,-0.24,0
9.5787e-02,-0.215,-0.385
9.5789e-02,-0.225,-0.045
9.5790e-02,-0.28,-0.405
9.5792e-02,-0.23,-0.03
9.5794e-02,-0.28,-0.375
9.5795e-02,-0.17,-0.05
9.5797e-02,-0.2,-0.355
9.5798e-02,-0.28,-0.065
9.5800e-02,-0.2,-0.365
9.5802e-02,-0.18,-0.065
9.5803e-02,-0.095,-0.36
9.5805e-02,-0.135,-0.07
9.5806e-02,-0.21,-0.37
9.5808e-02,-0.19,-0.055
9.5810e-02,-0.24,-0.375
9.5811e-02,-0.22,-0.04
9.5813e-02,-0.29,-0.375
9.5814e-02,-0.26,-0.055
9.5816e-02,-0.17,-0.355
9.5818e-02,-0.12,-0.065
9.5819e-02,-0.19,-0.365
9.5821e-02,-0.14,-0.055
9.5822e-02,-0.2,-0.36
9.5824e-02,-0.17,-0.05
9.5826e-02,-0.16,-0.39
9.5827e-02,-0.195,-0.03
9.5829e-02,-0.185,-0.4
9.5830e-02,-0.135,-0.025
9.5832e-02,-0.19,-0.36
9.5834e-02,-0.16,-0.055
9.5835e-02,-0.29,-0.395
9.5837e-02,-0.2,-0.015
9.5838e-02,-0.27,-0.375
9.5840e-02,-0.275,-0.05
9.5842e-02,-0.24,-0.375
9.5843e-02,-0.225,-0.05
9.5845e-02,-0.155,-0.355
9.5846e-02,-0.165,-0.065
9.5848e-02,-0.22,-0.37
9.5850e-02,-0.155,-0.05
9.5851e-02,-0.145,-0.38
9.5853e-02,-0.14,-0.04
9.5854e-02,-0.215,-0.375
9.5856e-02,-0.3,-0.035
9.5858e-02,-0.15,-0.375
9.5859e-02,-0.295,-0.035
9.5861e-02,-0.24,-0.375
9.5862e-02,-0.33,-0.045
9.5864e-02,-0.215,-0.34
9.5866e-02,-0.135,-0.07
9.5867e-02,-0.17,-0.365
9.5869e-02,-0.18,-0.05
9.5870e-02,-0.22,-0.365
9.5872e-02,-0.195,-0.05
9.5874e-02,-0.195,-0.365
9.5875e-02,-0.12,-0.045
9.5877e-02,-0.22,-0.37
9.5878e-02,-0.13,-0.045
9.5880e-02,-0.125,-0.375
9.5882e-02,-0.15,-0.035
9.5883e-02,-0.15,-0.39
9.5885e-02,-0.21,-0.03
9.5886e-02,-0.29,-0.38
9.5888e-02,-0.21,-0.035
9.5890e-02,-0.3,-0.365
9.5891e-02,-0.175,-0.05
9.5893e-02,-0.19,-0.35
9.5894e-02,-0.18,-0.065
9.5896e-02,-0.25,-0.35
9.5898e-02,-0.165,-0.06
9.5899e-02,-0.245,-0.37
9.5901e-02,-0.14,-0.045
9.5902e-02,-0.285,-0.375
9.5904e-02,-0.28,-0.045
9.5906e-02,-0.145,-0.355
9.5907e-02,-0.135,-0.06
9.5909e-02,-0.17,-0.365
9.5910e-02,-0.12,-0.045
9.5912e-02,-0.175,-0.39
9.5914e-02,-0.155,-0.035
9.5915e-02,-0.19,-0.36
9.5917e-02,-0.265,-0.05
9.5918e-02,-0.31,-0.385
9.5920e-02,-0.23,-0.03
9.5922e-02,-0.31,-0.37
9.5923e-02,-0.24,-0.04
9.5925e-02,-0.275,-0.38
9.5926e-02,-0.235,-0.035
9.5928e-02,-0.3,-0.365
9.5930e-02,-0.175,-0.055
9.5931e-02,-0.245,-0.345
9.5933e-02,-0.18,-0.065
9.5934e-02,-0.22,-0.365
9.5936e-02,-0.19,-0.05
9.5938e-02,-0.2,-0.37
9.5939e-02,-0.095,-0.05
9.5941e-02,-0.195,-0.345
9.5942e-02,-0.145,-0.06
9.5944e-02,-0.195,-0.375
9.5946e-02,-0.195,-0.035
9.5947e-02,-0.17,-0.35
9.5949e-02,-0.2,-0.055
9.5950e-02,-0.285,-0.385
9.5952e-02,-0.29,-0.02
9.5954e-02,-0.2,-0.395
9.5955e-02,-0.2,-0.02
9.5957e-02,-0.265,-0.385
9.5958e-02,-0.205,-0.025
9.5960e-02,-0.29,-0.37
9.5962e-02,-0.2,-0.04
9.5963e-02,-0.225,-0.38
9.5965e-02,-0.265,-0.035
9.5966e-02,-0.205,-0.35
9.5968e-02,-0.205,-0.05
9.5970e-02,-0.21,-0.34
9.5971e-02,-0.085,-0.07
9.5973e-02,-0.22,-0.34
9.5974e-02,-0.255,-0.07
9.5976e-02,-0.29,-0.35
9.5978e-02,-0.16,-0.06
9.5979e-02,-0.24,-0.365
9.5981e-02,-0.195,-0.04
9.5982e-02,-0.26,-0.365
9.5984e-02,-0.245,-0.04
9.5986e-02,-0.17,-0.385
9.5987e-02,-0.15,-0.02
9.5989e-02,-0.195,-0.395
9.5990e-02,-0.175,-0.01
9.5992e-02,-0.21,-0.35
9.5994e-02,-0.22,-0.055
9.5995e-02,-0.14,-0.35
9.5997e-02,-0.2,-0.055
9.5998e-02,-0.125,-0.34
9.6000e-02,-0.19,-0.06
9.6002e-02,-0.195,-0.34
9.6003e-02,-0.205,-0.065
9.6005e-02,-0.14,-0.365
9.6006e-02,-0.2,-0.045
9.6008e-02,-0.205,-0.4
9.6010e-02,-0.21,-0.01
9.6011e-02,-0.18,-0.355
9.6013e-02,-0.135,-0.045
9.6014e-02,-0.26,-0.375
9.6016e-02,-0.26,-0.025
9.6018e-02,-0.215,-0.37
9.6019e-02,-0.215,-0.035
9.6021e-02,-0.265,-0.365
9.6022e-02,-0.18,-0.035
9.6024e-02,-0.19,-0.355
9.6026e-02,-0.19,-0.045
9.6027e-02,-0.125,-0.38
9.6029e-02,-0.22,-0.025
9.6030e-02,-0.17,-0.375
9.6032e-02,-0.2,-0.025
9.6034e-02,-0.205,-0.375
9.6035e-02,-0.2,-0.025
9.6037e-02,-0.095,-0.385
9.6038e-02,-0.17,-0.01
9.6040e-02,-0.18,-0.345
9.6042e-02,-0.165,-0.06
9.6043e-02,-0.135,-0.36
9.6045e-02,-0.25,-0.045
9.6046e-02,-0.21,-0.35
9.6048e-02,-0.28,-0.045
9.6050e-02,-0.22,-0.35
9.6051e-02,-0.21,-0.05
9.6053e-02,-0.175,-0.375
9.6054e-02,-0.205,-0.03
9.6056e-02,-0.115,-0.34
9.6058e-02,-0.185,-0.055
9.6059e-02,-0.105,-0.365
9.6061e-02,-0.09,-0.025
9.6062e-02,-0.085,-0.34
9.6064e-02,-0.22,-0.06
9.6066e-02,-0.055,-0.355
9.6067e-02,-0.21,-0.035
9.6069e-02,-0.115,-0.365
9.6070e-02,-0.26,-0.02
9.6072e-02,-0.185,-0.37
9.6074e-02,-0.195,-0.025
9.6075e-02,-0.11,-0.36
9.6077e-02,-0.225,-0.03
9.6078e-02,-0.13,-0.345
9.6080e-02,-0.2,-0.05
9.6082e-02,-0.17,-0.345
9.6083e-02,-0.185,-0.05
9.6085e-02,-0.045,-0.36
9.6086e-02,-0.25,-0.025
9.6088e-02,-0.135,-0.39
9.6090e-02,-0.23,-0.005
9.6091e-02,-0.105,-0.365
9.6093e-02,-0.21,-0.025
9.6094e-02,-0.13,-0.35
9.6096e-02,-0.245,-0.035
9.6098e-02,-0.11,-0.335
9.6099e-02,-0.14,-0.055
9.6101e-02,-0.15,-0.34
9.6102e-02,-0.21,-0.05
9.6104e-02,-0.225,-0.365
9.6106e-02,-0.285,-0.025
9.6107e-02,-0.265,-0.34
9.6109e-02,-0.16,-0.055
9.6110e-02,-0.245,-0.365
9.6112e-02,-0.19,-0.025
9.6114e-02,-0.19,-0.345
9.6115e-02,-0.115,-0.045
9.6117e-02,-0.12,-0.335
9.6118e-02,-0.075,-0.05
9.6120e-02,-0.145,-0.355
9.6122e-02,-0.16,-0.045
9.6123e-02,-0.19,-0.36
9.6125e-02,-0.24,-0.035
9.6126e-02,-0.24,-0.365
9.6128e-02,-0.265,-0.025
9.6130e-02,-0.25,-0.33
9.6131e-02,-0.135,-0.06
9.6133e-02,-0.105,-0.35
9.6134e-02,-0.145,-0.04
9.6136e-02,-0.23,-0.35
9.6138e-02,-0.155,-0.045
9.6139e-02,-0.265,-0.34
9.6141e-02,-0.135,-0.045
9.6142e-02,-0.25,-0.345
9.6144e-02,-0.205,-0.045
9.6146e-02,-0.24,-0.355
9.6147e-02,-0.2,-0.04
9.6149e-02,-0.21,-0.345
9.6150e-02,-0.135,-0.05
9.6152e-02,-0.125,-0.365
9.6154e-02,-0.255,-0.025
9.6155e-02,-0.135,-0.375
9.6157e-02,-0.18,-0.02
9.6158e-02,-0.155,-0.355
9.6160e-02,-0.2,-0.035
9.6162e-02,-0.21,-0.35
9.6163e-02,-0.17,-0.05
9.6165e-02,-0.145,-0.36
9.6166e-02,-0.14,-0.03
9.6168e-02,-0.195,-0.33
9.6170e-02,-0.11,-0.06
9.6171e-02,-0.235,-0.365
9.6173e-02,-0.115,-0.025
9.6174e-02,-0.135,-0.345
9.6176e-02,-0.185,-0.045
9.6178e-02,-0.23,-0.37
9.6179e-02,-0.16,-0.015
9.6181e-02,-0.17,-0.345
9.6182e-02,-0.18,-0.04
9.6184e-02,-0.135,-0.345
9.6186e-02,-0.215,-0.035
9.6187e-02,-0.055,-0.34
9.6189e-02,-0.185,-0.035
9.6190e-02,-0.085,-0.36
9.6192e-02,-0.185,-0.025
9.6194e-02,-0.165,-0.35
9.6195e-02,-0.22,-0.035
9.6197e-02,-0.14,-0.36
9.6198e-02,-0.145,-0.025
9.6200e-02,-0.26,-0.33
9.6202e-02,-0.175,-0.05
9.6203e-02,-0.255,-0.335
9.6205e-02,-0.19,-0.05
9.6206e-02,-0.175,-0.33
9.6208e-02,-0.1,-0.045
9.6210e-02,-0.255,-0.35
9.6211e-02,-0.145,-0.035
9.6213e-02,-0.195,-0.325
9.6214e-02,-0.165,-0.05
9.6216e-02,-0.18,-0.34
9.6218e-02,-0.275,-0.04
9.6219e-02,-0.19,-0.36
9.6221e-02,-0.195,-0.02
9.6222e-02,-0.175,-0.345
9.6224e-02,-0.265,-0.035
9.6226e-02,-0.105,-0.35
9.6227e-02,-0.28,-0.035
9.6229e-02,-0.125,-0.37
9.6230e-02,-0.195,-0.01
9.6232e-02,-0.245,-0.335
9.6234e-02,-0.255,-0.045
9.6235e-02,-0.16,-0.345
9.6237e-02,-0.095,-0.03
9.6238e-02,-0.155,-0.335
9.6240e-02,-0.1,-0.04
9.6242e-02,-0.175,-0.33
9.6243e-02,-0.075,-0.05
9.6245e-02,-0.1,-0.335
9.6246e-02,-0.13,-0.035
9.6248e-02,-0.08,-0.335
9.6250e-02,-0.195,-0.04
9.6251e-02,-0.155,-0.34
9.6253e-02,-0.25,-0.04
9.6254e-02,-0.075,-0.355
9.6256e-02,-0.215,-0.025
9.6258e-02,-0.18,-0.35
9.6259e-02,-0.155,-0.025
9.6261e-02,-0.16,-0.355
9.6262e-02,-0.11,-0.02
9.6264e-02,-0.135,-0.35
9.6266e-02,-0.18,-0.025
9.6267e-02,-0.235,-0.325
9.6269e-02,-0.15,-0.045
9.6270e-02,-0.16,-0.34
9.6272e-02,-0.17,-0.035
9.6274e-02,-0.235,-0.385
9.6275e-02,-0.22,0
9.6277e-02,-0.155,-0.36
9.6278e-02,-0.125,-0.02
9.6280e-02,-0.22,-0.34
9.6282e-02,-0.195,-0.035
9.6283e-02,-0.225,-0.335
9.6285e-02,-0.195,-0.035
9.6286e-02,-0.155,-0.34
9.6288e-02,-0.14,-0.03
9.6290e-02,-0.23,-0.34
9.6291e-02,-0.19,-0.04
9.6293e-02,-0.165,-0.33
9.6294e-02,-0.21,-0.04
9.6296e-02,-0.225,-0.335
9.6298e-02,-0.215,-0.03
9.6299e-02,-0.305,-0.375
9.6301e-02,-0.175,0
9.6302e-02,-0.195,-0.33
9.6304e-02,-0.21,-0.04
9.6306e-02,-0.2,-0.35
9.6307e-02,-0.185,-0.02
9.6309e-02,-0.22,-0.365
9.6310e-02,-0.125,-0.005
9.6312e-02,-0.19,-0.37
9.6314e-02,-0.22,-0.005
9.6315e-02,-0.175,-0.33
9.6317e-02,-0.1,-0.04
9.6318e-02,-0.185,-0.34
9.6320e-02,-0.175,-0.03
9.6322e-02,-0.165,-0.335
9.6323e-02,-0.27,-0.035
9.6325e-02,-0.21,-0.345
9.6326e-02,-0.195,-0.035
9.6328e-02,-0.195,-0.35
9.6330e-02,-0.305,-0.015
9.6331e-02,-0.13,-0.365
9.6333e-02,-0.235,-0.005
9.6334e-02,-0.095,-0.365
9.6336e-02,-0.23,-0.01
9.6338e-02,-0.15,-0.35
9.6339e-02,-0.22,-0.02
9.6341e-02,-0.085,-0.335
9.6342e-02,-0.11,-0.025
9.6344e-02,-0.14,-0.33
9.6346e-02,-0.145,-0.035
9.6347e-02,-0.195,-0.37
9.6349e-02,-0.155,0
9.6350e-02,-0.195,-0.345
9.6352e-02,-0.155,-0.015
9.6354e-02,-0.21,-0.33
9.6355e-02,-0.165,-0.035
9.6357e-02,-0.18,-0.33
9.6358e-02,-0.075,-0.035
9.6360e-02,-0.155,-0.335
9.6362e-02,-0.205,-0.03
9.6363e-02,-0.165,-0.335
9.6365e-02,-0.175,-0.03
9.6366e-02,-0.09,-0.35
9.6368e-02,-0.135,-0.01
9.6370e-02,-0.145,-0.325
9.6371e-02,-0.24,-0.035
9.6373e-02,-0.19,-0.34
9.6374e-02,-0.21,-0.02
9.6376e-02,-0.205,-0.33
9.6378e-02,-0.245,-0.03
9.6379e-02,-0.21,-0.36
9.6381e-02,-0.18,0
9.6382e-02,-0.175,-0.355
9.6384e-02,-0.145,-0.005
9.6386e-02,-0.23,-0.355
9.6387e-02,-0.205,0
9.6389e-02,-0.17,-0.38
9.6390e-02,-0.14,0.025
9.6392e-02,-0.225,-0.355
9.6394e-02,-0.22,-0.01
9.6395e-02,-0.275,-0.34
9.6397e-02,-0.275,-0.02
9.6398e-02,-0.205,-0.365
9.6400e-02,-0.19,0.01
9.6402e-02,-0.23,-0.35
9.6403e-02,-0.235,-0.015
9.6405e-02,-0.195,-0.32
9.6406e-02,-0.145,-0.03
9.6408e-02,-0.155,-0.335
9.6410e-02,-0.17,-0.02
9.6411e-02,-0.2,-0.34
9.6413e-02,-0.21,-0.02
9.6414e-02,-0.15,-0.355
9.6416e-02,-0.135,-0.005
9.6418e-02,-0.115,-0.32
9.6419e-02,-0.27,-0.035
9.6421e-02,-0.19,-0.33
9.6422e-02,-0.165,-0.025
9.6424e-02,-0.16,-0.32
9.6426e-02,-0.195,-0.04
9.6427e-02,-0.195,-0.315
9.6429e-02,-0.19,-0.04
9.6430e-02,-0.165,-0.34
9.6432e-02,-0.135,-0.01
9.6434e-02,-0.145,-0.33
9.6435e-02,-0.205,-0.025
9.6437e-02,-0.21,-0.34
9.6438e-02,-0.09,-0.015
9.6440e-02,-0.115,-0.36
9.6442e-02,-0.14,-0.005
9.6443e-02,-0.18,-0.34
9.6445e-02,-0.175,-0.01
9.6446e-02,-0.22,-0.33
9.6448e-02,-0.15,-0.03
9.6450e-02,-0.21,-0.33
9.6451e-02,-0.235,-0.025
9.6453e-02,-0.21,-0.34
9.6454e-02,-0.095,-0.015
9.6456e-02,-0.15,-0.32
9.6458e-02,-0.15,-0.04
9.6459e-02,-0.175,-0.35
9.6461e-02,-0.105,-0.005
9.6462e-02,-0.195,-0.34
9.6464e-02,-0.115,-0.015
9.6466e-02,-0.115,-0.35
9.6467e-02,-0.16,0
9.6469e-02,-0.16,-0.35
9.6470e-02,-0.17,-0.01
9.6472e-02,-0.12,-0.35
9.6474e-02,-0.23,0
9.6475e-02,-0.16,-0.35
9.6477e-02,-0.3,0
9.6478e-02,-0.1,-0.325
9.6480e-02,-0.17,-0.02
9.6482e-02,-0.145,-0.325
9.6483e-02,-0.175,-0.025
9.6485e-02,-0.12,-0.34
9.6486e-02,-0.2,-0.015
9.6488e-02,-0.185,-0.375
9.6490e-02,-0.155,0.03
9.6491e-02,-0.265,-0.325
9.6493e-02,-0.165,-0.015
9.6494e-02,-0.15,-0.35
9.6496e-02,-0.165,-0.005
9.6498e-02,-0.235,-0.355
9.6499e-02,-0.275,-0.005
9.6501e-02,-0.28,-0.355
9.6502e-02,-0.205,0
9.6504e-02,-0.185,-0.32
9.6506e-02,-0.195,-0.03
9.6507e-02,-0.195,-0.325
9.6509e-02,-0.215,-0.03
9.6510e-02,-0.145,-0.345
9.6512e-02,-0.07,-0.005
9.6514e-02,-0.185,-0.325
9.6515e-02,-0.165,-0.02
9.6517e-02,-0.19,-0.35
9.6518e-02,-0.11,-0.01
9.6520e-02,-0.165,-0.325
9.6522e-02,-0.04,-0.02
9.6523e-02,-0.215,-0.315
9.6525e-02,-0.15,-0.03
9.6526e-02,-0.2,-0.32
9.6528e-02,-0.16,-0.025
9.6530e-02,-0.185,-0.325
9.6531e-02,-0.17,-0.025
9.6533e-02,-0.235,-0.335
9.6534e-02,-0.13,-0.015
9.6536e-02,-0.205,-0.325
9.6538e-02,-0.155,-0.03
9.6539e-02,-0.165,-0.335
9.6541e-02,-0.24,-0.005
9.6542e-02,-0.135,-0.335
9.6544e-02,-0.075,-0.01
9.6546e-02,-0.15,-0.345
9.6547e-02,-0.215,-0.005
9.6549e-02,-0.245,-0.315
9.6550e-02,-0.24,-0.035
9.6552e-02,-0.15,-0.33
9.6554e-02,-0.195,-0.01
9.6555e-02,-0.16,-0.31
9.6557e-02,-0.14,-0.03
9.6558e-02,-0.135,-0.345
9.6560e-02,-0.11,-0.005
9.6562e-02,-0.04,-0.36
9.6563e-02,-0.18,0.02
9.6565e-02,-0.175,-0.345
9.6566e-02,-0.18,0.005
9.6568e-02,-0.175,-0.36
9.6570e-02,-0.145,0.03
9.6571e-02,-0.225,-0.335
9.6573e-02,-0.205,0
9.6574e-02,-0.19,-0.355
9.6576e-02,-0.2,0.02
9.6578e-02,-0.235,-0.335
9.6579e-02,-0.185,0
9.6581e-02,-0.22,-0.335
9.6582e-02,-0.205,-0.005
9.6584e-02,-0.155,-0.33
9.6586e-02,-0.105,-0.01
9.6587e-02,-0.095,-0.34
9.6589e-02,-0.155,0
9.6590e-02,-0.225,-0.335
9.6592e-02,-0.11,0
9.6594e-02,-0.19,-0.365
9.6595e-02,-0.21,0.025
9.6597e-02,-0.185,-0.33
9.6598e-02,-0.21,-0.015
9.6600e-02,-0.165,-0.335
9.6602e-02,-0.21,-0.005
9.6603e-02,-0.21,-0.32
9.6605e-02,-0.18,-0.01
9.6606e-02,-0.145,-0.375
9.6608e-02,-0.14,0.04
9.6610e-02,-0.045,-0.315
9.6611e-02,-0.11,-0.02
9.6613e-02,-0.135,-0.33
9.6614e-02,-0.1,-0.01
9.6616e-02,-0.105,-0.31
9.6618e-02,-0.12,-0.03
9.6619e-02,-0.165,-0.315
9.6621e-02,-0.22,-0.02
9.6622e-02,-0.17,-0.315
9.6624e-02,-0.125,-0.015
9.6626e-02,-0.17,-0.31
9.6627e-02,-0.13,-0.025
9.6629e-02,-0.27,-0.33
9.6630e-02,-0.205,0
9.6632e-02,-0.185,-0.31
9.6634e-02,-0.08,-0.025
9.6635e-02,-0.215,-0.35
9.6637e-02,-0.15,0.015
9.6638e-02,-0.265,-0.35
9.6640e-02,-0.135,0.015
9.6642e-02,-0.24,-0.33
9.6643e-02,-0.235,-0.015
9.6645e-02,-0.205,-0.36
9.6646e-02,-0.24,0.02
9.6648e-02,-0.225,-0.33
9.6650e-02,-0.16,-0.005
9.6651e-02,-0.25,-0.315
9.6653e-02,-0.22,-0.02
9.6654e-02,-0.22,-0.32
9.6656e-02,-0.155,-0.01
9.6658e-02,-0.105,-0.315
9.6659e-02,-0.2,-0.015
9.6661e-02,-0.125,-0.33
9.6662e-02,-0.165,0
9.6664e-02,-0.13,-0.33
9.6666e-02,-0.195,0
9.6667e-02,-0.115,-0.32
9.6669e-02,-0.3,-0.01
9.6670e-02,-0.21,-0.345
9.6672e-02,-0.265,0.01
9.6674e-02,-0.195,-0.32
9.6675e-02,-0.195,-0.015
9.6677e-02,-0.165,-0.3
9.6678e-02,-0.245,-0.03
9.6680e-02,-0.09,-0.305
9.6682e-02,-0.23,-0.025
9.6683e-02,-0.065,-0.325
9.6685e-02,-0.19,-0.005
9.6686e-02,-0.16,-0.315
9.6688e-02,-0.195,-0.015
9.6690e-02,-0.135,-0.33
9.6691e-02,-0.17,-0.005
9.6693e-02,-0.135,-0.33
9.6694e-02,-0.265,0
9.6696e-02,-0.2,-0.345
9.6698e-02,-0.165,0.015
9.6699e-02,-0.18,-0.32
9.6701e-02,-0.2,-0.015
9.6702e-02,-0.185,-0.325
9.6704e-02,-0.2,0
9.6706e-02,-0.145,-0.32
9.6707e-02,-0.215,-0.005
9.6709e-02,-0.16,-0.32
9.6710e-02,-0.19,0
9.6712e-02,-0.225,-0.305
9.6714e-02,-0.145,-0.025
9.6715e-02,-0.1,-0.31
9.6717e-02,-0.19,-0.02
9.6718e-02,-0.225,-0.355
9.6720e-02,-0.19,0.035
9.6722e-02,-0.195,-0.335
9.6723e-02,-0.15,0.005
9.6725e-02,-0.195,-0.305
9.6726e-02,-0.22,-0.015
9.6728e-02,-0.19,-0.305
9.6730e-02,-0.16,-0.015
9.6731e-02,-0.21,-0.325
9.6733e-02,-0.14,0
9.6734e-02,-0.205,-0.335
9.6736e-02,-0.155,0.015
9.6738e-02,-0.205,-0.335
9.6739e-02,-0.13,0.005
9.6741e-02,-0.165,-0.335
9.6742e-02,-0.145,0.01
9.6744e-02,-0.23,-0.325
9.6746e-02,-0.125,0.005
9.6747e-02,-0.14,-0.32
9.6749e-02,-0.175,0
9.6750e-02,-0.14,-0.33
9.6752e-02,-0.22,0.005
9.6754e-02,-0.08,-0.295
9.6755e-02,-0.13,-0.025
9.6757e-02,-0.12,-0.31
9.6758e-02,-0.23,-0.015
9.6760e-02,-0.11,-0.34
9.6762e-02,-0.21,0.015
9.6763e-02,-0.05,-0.33
9.6765e-02,-0.155,0.01
9.6766e-02,-0.185,-0.36
9.6768e-02,-0.21,0.04
9.6770e-02,-0.2,-0.315
9.6771e-02,-0.15,0
9.6773e-02,-0.12,-0.305
9.6774e-02,-0.125,-0.015
9.6776e-02,-0.145,-0.33
9.6778e-02,-0.055,0.01
9.6779e-02,-0.14,-0.305
9.6781e-02,-0.045,-0.01
9.6782e-02,-0.185,-0.32
9.6784e-02,-0.125,0
9.6786e-02,-0.15,-0.305
9.6787e-02,-0.06,-0.01
9.6789e-02,-0.195,-0.3
9.6790e-02,-0.145,-0.015
9.6792e-02,-0.275,-0.295
9.6794e-02,-0.195,-0.02
9.6795e-02,-0.225,-0.3
9.6797e-02,-0.18,-0.02
9.6798e-02,-0.195,-0.31
9.6800e-02,-0.17,0
9.6802e-02,-0.225,-0.34
9.6803e-02,-0.06,0.03
9.6805e-02,-0.15,-0.31
9.6806e-02,-0.13,-0.005
9.6808e-02,-0.11,-0.31
9.6810e-02,-0.095,-0.01
9.6811e-02,-0.045,-0.33
9.6813e-02,-0.145,0.01
9.6814e-02,-0.165,-0.32
9.6816e-02,-0.115,0
9.6818e-02,-0.15,-0.3
9.6819e-02,-0.145,-0.01
9.6821e-02,-0.2,-0.305
9.6822e-02,-0.15,-0.01
9.6824e-02,-0.27,-0.31
9.6826e-02,-0.185,-0.005
9.6827e-02,-0.135,-0.325
9.6829e-02,-0.11,0.015
9.6830e-02,-0.08,-0.345
9.6832e-02,-0.195,0.025
9.6834e-02,-0.13,-0.325
9.6835e-02,-0.115,0.025
9.6837e-02,-0.04,-0.33
9.6838e-02,-0.14,0.015
9.6840e-02,-0.115,-0.295
9.6842e-02,-0.16,-0.005
9.6843e-02,-0.15,-0.3
9.6845e-02,-0.125,-0.01
9.6846e-02,-0.135,-0.315
9.6848e-02,-0.125,0
9.6850e-02,-0.15,-0.32
9.6851e-02,-0.11,0.01
9.6853e-02,-0.2,-0.31
9.6854e-02,-0.11,0
9.6856e-02,-0.21,-0.32
9.6858e-02,-0.13,0
9.6859e-02,-0.1,-0.305
9.6861e-02,-0.155,0
9.6862e-02,-0.165,-0.325
9.6864e-02,-0.145,0.01
9.6866e-02,-0.16,-0.34
9.6867e-02,-0.055,0.03
9.6869e-02,-0.13,-0.31
9.6870e-02,-0.135,0
9.6872e-02,-0.235,-0.31
9.6874e-02,-0.105,0
9.6875e-02,-0.165,-0.325
9.6877e-02,-0.06,0.015
9.6878e-02,-0.14,-0.315
9.6880e-02,-0.19,0.005
9.6882e-02,-0.105,-0.32
9.6883e-02,-0.11,0.02
9.6885e-02,-0.185,-0.295
9.6886e-02,-0.16,-0.015
9.6888e-02,-0.17,-0.315
9.6890e-02,-0.24,0.01
9.6891e-02,-0.17,-0.305
9.6893e-02,-0.265,0
9.6894e-02,-0.165,-0.31
9.6896e-02,-0.135,0.01
9.6898e-02,-0.11,-0.335
9.6899e-02,-0.2,0.025
9.6901e-02,-0.095,-0.305
9.6902e-02,-0.215,0
9.6904e-02,-0.14,-0.305
9.6906e-02,-0.115,0
9.6907e-02,-0.065,-0.34
9.6909e-02,-0.09,0.03
9.6910e-02,-0.07,-0.305
9.6912e-02,-0.215,0
9.6914e-02,-0.085,-0.295
9.6915e-02,-0.17,-0.005
9.6917e-02,-0.18,-0.3
9.6918e-02,-0.155,-0.005
9.6920e-02,-0.215,-0.33
9.6922e-02,-0.055,0.025
9.6923e-02,-0.045,-0.295
9.6925e-02,-0.085,-0.005
9.6926e-02,-0.165,-0.28
9.6928e-02,-0.165,-0.015
9.6930e-02,-0.215,-0.32
9.6931e-02,-0.07,0.025
9.6933e-02,-0.175,-0.295
9.6934e-02,-0.13,-0.005
9.6936e-02,-0.21,-0.32
9.6938e-02,-0.165,0.015
9.6939e-02,-0.21,-0.31
9.6941e-02,-0.18,0.01
9.6942e-02,-0.13,-0.295
9.6944e-02,-0.185,0
9.6946e-02,-0.05,-0.305
9.6947e-02,-0.2,0.01
9.6949e-02,-0.07,-0.29
9.6950e-02,-0.1,-0.01
9.6952e-02,-0.165,-0.285
9.6954e-02,-0.145,-0.01
9.6955e-02,-0.17,-0.32
9.6957e-02,-0.125,0.03
9.6958e-02,-0.185,-0.31
9.6960e-02,-0.18,0.015
9.6962e-02,-0.235,-0.285
9.6963e-02,-0.105,-0.01
9.6965e-02,-0.145,-0.315
9.6966e-02,-0.18,0.015
9.6968e-02,-0.18,-0.31
9.6970e-02,-0.21,0.01
9.6971e-02,-0.085,-0.295
9.6973e-02,-0.185,0
9.6974e-02,-0.175,-0.31
9.6976e-02,-0.185,0.01
9.6978e-02,-0.155,-0.28
9.6979e-02,-0.195,-0.015
9.6981e-02,-0.105,-0.3
9.6982e-02,-0.25,0.005
9.6984e-02,-0.155,-0.28
9.6986e-02,-0.13,-0.01
9.6987e-02,-0.17,-0.32
9.6989e-02,-0.08,0.025
9.6990e-02,-0.125,-0.345
9.6992e-02,-0.15,0.05
9.6994e-02,-0.12,-0.32
9.6995e-02,-0.195,0.025
9.6997e-02,-0.085,-0.31
9.6998e-02,-0.105,0.01
9.7000e-02,-0.08,-0.33
9.7002e-02,-0.145,0.035
9.7003e-02,-0.02,-0.34
9.7005e-02,-0.09,0.045
9.7006e-02,-0.085,-0.315
9.7008e-02,-0.205,0.015
9.7010e-02,-0.2,-0.315
9.7011e-02,-0.105,0.015
9.7013e-02,-0.105,-0.295
9.7014e-02,-0.145,0.005
9.7016e-02,-0.07,-0.29
9.7018e-02,-0.145,0.005
9.7019e-02,-0.065,-0.32
9.7021e-02,-0.075,0.03
9.7022e-02,-0.22,-0.315
9.7024e-02,-0.115,0.02
9.7026e-02,-0.125,-0.3
9.7027e-02,-0.15,0
9.7029e-02,-0.06,-0.31
9.7030e-02,-0.15,0.02
9.7032e-02,-0.12,-0.3
9.7034e-02,-0.09,0.005
9.7035e-02,-0.13,-0.31
9.7037e-02,-0.065,0.015
9.7038e-02,-0.08,-0.3
9.7040e-02,-0.165,0.01
9.7042e-02,-0.09,-0.29
9.7043e-02,-0.115,-0.005
9.7045e-02,-0.085,-0.315
9.7046e-02,-0.07,0.015
9.7048e-02,-0.115,-0.29
9.7050e-02,-0.13,-0.005
9.7051e-02,-0.1,-0.31
9.7053e-02,-0.085,0.025
9.7054e-02,-0.125,-0.3
9.7056e-02,-0.24,0.005
9.7058e-02,-0.165,-0.3
9.7059e-02,-0.26,0.015
9.7061e-02,-0.075,-0.3
9.7062e-02,-0.3,0.02
9.7064e-02,-0.215,-0.315
9.7066e-02,-0.165,0.03
9.7067e-02,-0.14,-0.3
9.7069e-02,-0.085,0.02
9.7070e-02,-0.09,-0.31
9.7072e-02,-0.165,0.03
9.7074e-02,-0.035,-0.33
9.7075e-02,-0.095,0.05
9.7077e-02,-0.13,-0.315
9.7078e-02,-0.165,0.035
9.7080e-02,-0.155,-0.3
9.7082e-02,-0.15,0.02
9.7083e-02,-0.14,-0.295
9.7085e-02,-0.14,0.005
9.7086e-02,-0.195,-0.295
9.7088e-02,-0.095,0.02
9.7090e-02,-0.085,-0.305
9.7091e-02,-0.125,0.025
9.7093e-02,-0.045,-0.3
9.7094e-02,-0.125,0.02
9.7096e-02,-0.105,-0.315
9.7098e-02,-0.08,0.035
9.7099e-02,-0.105,-0.325
9.7101e-02,-0.125,0.04
9.7102e-02,-0.14,-0.295
9.7104e-02,-0.175,0.02
9.7106e-02,-0.125,-0.335
9.7107e-02,-0.115,0.055
9.7109e-02,-0.155,-0.305
9.7110e-02,-0.09,0.025
9.7112e-02,-0.125,-0.31
9.7114e-02,-0.1,0.03
9.7115e-02,-0.05,-0.305
9.7117e-02,-0.105,0.025
9.7118e-02,-0.115,-0.315
9.7120e-02,-0.18,0.035
9.7122e-02,-0.145,-0.305
9.7123e-02,-0.185,0.035
9.7125e-02,-0.135,-0.31
9.7126e-02,-0.21,0.03
9.7128e-02,-0.185,-0.31
9.7130e-02,-0.165,0.035
9.7131e-02,-0.08,-0.29
9.7133e-02,-0.19,0.01
9.7134e-02,-0.065,-0.325
9.7136e-02,-0.225,0.045
9.7138e-02,-0.15,-0.3
9.7139e-02,-0.125,0.02
9.7141e-02,-0.095,-0.3
9.7142e-02,-0.255,0.025
9.7144e-02,-0.165,-0.295
9.7146e-02,-0.215,0.015
9.7147e-02,-0.095,-0.3
9.7149e-02,-0.155,0.02
9.7150e-02,-0.06,-0.31
9.7152e-02,-0.275,0.04
9.7154e-02,-0.16,-0.31
9.7155e-02,-0.175,0.035
9.7157e-02,-0.21,-0.295
9.7158e-02,-0.21,0.03
9.7160e-02,-0.14,-0.34
9.7162e-02,-0.205,0.055
9.7163e-02,-0.025,-0.29
9.7165e-02,-0.075,0.01
9.7166e-02,-0.14,-0.285
9.7168e-02,-0.115,0.005
9.7170e-02,-0.085,-0.3
9.7171e-02,-0.005,0.025
9.7173e-02,-0.075,-0.29
9.7174e-02,-0.1,0.01
9.7176e-02,-0.205,-0.315
9.7178e-02,-0.11,0.04
9.7179e-02,-0.09,-0.32
9.7181e-02,-0.18,0.035
9.7182e-02,-0.195,-0.315
9.7184e-02,-0.155,0.035
9.7186e-02,-0.2,-0.27
9.7187e-02,-0.095,-0.005
9.7189e-02,-0.16,-0.305
9.7190e-02,-0.14,0.025
9.7192e-02,-0.115,-0.29
9.7194e-02,-0.07,0.01
9.7195e-02,-0.105,-0.28
9.7197e-02,-0.095,0.01
9.7198e-02,-0.18,-0.3
9.7200e-02,-0.16,0.03
9.7202e-02,-0.055,-0.29
9.7203e-02,-0.07,0.015
9.7205e-02,-0.09,-0.285
9.7206e-02,-0.135,0.015
9.7208e-02,-0.115,-0.3
9.7210e-02,-0.09,0.025
9.7211e-02,-0.055,-0.315
9.7213e-02,-0.045,0.05
9.7214e-02,-0.18,-0.31
9.7216e-02,-0.085,0.04
9.7218e-02,-0.105,-0.31
9.7219e-02,-0.185,0.04
9.7221e-02,-0.145,-0.295
9.7222e-02,-0.155,0.025
9.7224e-02,-0.16,-0.295
9.7226e-02,-0.135,0.02
9.7227e-02,-0.185,-0.275
9.7229e-02,-0.195,0.015
9.7230e-02,-0.23,-0.3
9.7232e-02,-0.015,0.03
9.7234e-02,-0.16,-0.275
9.7235e-02,-0.11,0.01
9.7237e-02,-0.15,-0.3
9.7238e-02,-0.165,0.025
9.7240e-02,-0.135,-0.27
9.7242e-02,-0.115,0.005
9.7243e-02,-0.13,-0.315
9.7245e-02,-0.19,0.05
9.7246e-02,-0.125,-0.295
9.7248e-02,-0.19,0.025
9.7250e-02,-0.17,-0.3
9.7251e-02,-0.15,0.035
9.7253e-02,-0.25,-0.29
9.7254e-02,-0.16,0.025
9.7256e-02,-0.12,-0.28
9.7258e-02,-0.085,0.015
9.7259e-02,-0.095,-0.295
9.7261e-02,-0.135,0.03
9.7262e-02,-0.1,-0.275
9.7264e-02,-0.15,0.01
9.7266e-02,-0.045,-0.29
9.7267e-02,-0.08,0.03
9.7269e-02,-0.11,-0.305
9.7270e-02,-0.075,0.045
9.7272e-02,-0.14,-0.305
9.7274e-02,-0.07,0.04
9.7275e-02,-0.075,-0.285
9.7277e-02,-0.175,0.02
9.7278e-02,-0.24,-0.29
9.7280e-02,-0.125,0.035
9.7282e-02,-0.175,-0.28
9.7283e-02,-0.125,0.02
9.7285e-02,-0.16,-0.315
9.7286e-02,-0.105,0.055
9.7288e-02,-0.13,-0.33
9.7290e-02,0,0.065
9.7291e-02,-0.06,-0.305
9.7293e-02,-0.175,0.045
9.7294e-02,-0.135,-0.305
9.7296e-02,-0.145,0.045
9.7298e-02,-0.1,-0.275
9.7299e-02,-0.13,0.015
9.7301e-02,-0.06,-0.28
9.7302e-02,-0.23,0.02
9.7304e-02,-0.06,-0.29
9.7306e-02,-0.085,0.03
9.7307e-02,0.005,-0.275
9.7309e-02,-0.18,0.015
9.7310e-02,-0.065,-0.29
9.7312e-02,-0.165,0.035
9.7314e-02,-0.12,-0.285
9.7315e-02,-0.065,0.03
9.7317e-02,-0.09,-0.32
9.7318e-02,-0.18,0.06
9.7320e-02,-0.155,-0.29
9.7322e-02,-0.09,0.025
9.7323e-02,-0.075,-0.28
9.7325e-02,-0.185,0.02
9.7326e-02,-0.045,-0.295
9.7328e-02,-0.135,0.03
9.7330e-02,-0.055,-0.31
9.7331e-02,-0.035,0.05
9.7333e-02,-0.08,-0.28
9.7334e-02,-0.15,0.02
9.7336e-02,-0.14,-0.315
9.7338e-02,-0.09,0.055
9.7339e-02,-0.26,-0.28
9.7341e-02,-0.135,0.03
9.7342e-02,-0.235,-0.29
9.7344e-02,-0.165,0.025
9.7346e-02,-0.21,-0.3
9.7347e-02,-0.145,0.045
9.7349e-02,-0.22,-0.285
9.7350e-02,-0.185,0.03
9.7352e-02,-0.16,-0.335
9.7354e-02,-0.115,0.075
9.7355e-02,-0.195,-0.3
9.7357e-02,-0.145,0.04
9.7358e-02,-0.13,-0.27
9.7360e-02,-0.135,0.02
9.7362e-02,-0.125,-0.31
9.7363e-02,-0.105,0.055
9.7365e-02,-0.155,-0.32
9.7366e-02,-0.205,0.06
9.7368e-02,-0.085,-0.275
9.7370e-02,-0.155,0.03
9.7371e-02,-0.095,-0.315
9.7373e-02,-0.125,0.065
9.7374e-02,-0.075,-0.29
9.7376e-02,-0.085,0.04
9.7378e-02,-0.06,-0.28
9.7379e-02,-0.05,0.03
9.7381e-02,-0.21,-0.31
9.7382e-02,-0.13,0.06
9.7384e-02,-0.155,-0.31
9.7386e-02,-0.135,0.065
9.7387e-02,-0.23,-0.33
9.7389e-02,-0.15,0.065
9.7390e-02,-0.155,-0.285
9.7392e-02,-0.055,0.03
9.7394e-02,-0.03,-0.29
9.7395e-02,-0.1,0.04
9.7397e-02,-0.075,-0.29
9.7398e-02,-0.03,0.035
9.7400e-02,0.01,-0.265
9.7402e-02,-0.05,0.015
9.7403e-02,-0.01,-0.285
9.7405e-02,-0.095,0.035
9.7406e-02,-0.085,-0.285
9.7408e-02,-0.06,0.045
9.7410e-02,-0.015,-0.295
9.7411e-02,-0.12,0.045
9.7413e-02,-0.095,-0.28
9.7414e-02,-0.105,0.035
9.7416e-02,-0.14,-0.285
9.7418e-02,-0.05,0.03
9.7419e-02,-0.12,-0.265
9.7421e-02,-0.135,0.015
9.7422e-02,-0.155,-0.28
9.7424e-02,-0.065,0.04
9.7426e-02,-0.11,-0.295
9.7427e-02,-0.1,0.045
9.7429e-02,-0.07,-0.28
9.7430e-02,-0.175,0.025
9.7432e-02,-0.08,-0.31
9.7434e-02,-0.12,0.065
9.7435e-02,-0.12,-0.275
9.7437e-02,-0.16,0.02
9.7438e-02,-0.05,-0.27
9.7440e-02,-0.155,0.015
9.7442e-02,-0.085,-0.265
9.7443e-02,-0.085,0.03
9.7445e-02,-0.145,-0.28
9.7446e-02,-0.025,0.025
9.7448e-02,-0.12,-0.285
9.7450e-02,-0.125,0.045
9.7451e-02,-0.21,-0.295
9.7453e-02,-0.11,0.05
9.7454e-02,-0.21,-0.255
9.7456e-02,-0.095,0.005
9.7458e-02,-0.11,-0.28
9.7459e-02,-0.205,0.035
9.7461e-02,-0.07,-0.275
9.7462e-02,-0.115,0.035
9.7464e-02,-0.075,-0.265
9.7466e-02,-0.115,0.02
9.7467e-02,-0.135,-0.3
9.7469e-02,-0.155,0.065
9.7470e-02,-0.105,-0.295
9.7472e-02,-0.035,0.055
9.7474e-02,-0.17,-0.265
9.7475e-02,-0.115,0.025
9.7477e-02,-0.19,-0.28
9.7478e-02,-0.16,0.04
9.7480e-02,0.025,-0.28
9.7482e-02,-0.09,0.035
9.7483e-02,-0.11,-0.31
9.7485e-02,-0.095,0.065
9.7486e-02,-0.125,-0.295
9.7488e-02,-0.09,0.055
9.7490e-02,-0.12,-0.295
9.7491e-02,-0.225,0.06
9.7493e-02,-0.16,-0.295
9.7494e-02,-0.075,0.05
9.7496e-02,-0.09,-0.295
9.7498e-02,0.03,0.055
9.7499e-02,-0.11,-0.29
9.7501e-02,-0.135,0.055
9.7502e-02,-0.08,-0.285
9.7504e-02,-0.145,0.05
9.7506e-02,-0.125,-0.265
9.7507e-02,-0.165,0.03
9.7509e-02,-0.065,-0.265
9.7510e-02,-0.18,0.03
9.7512e-02,-0.01,-0.275
9.7514e-02,-0.14,0.04
9.7515e-02,-0.11,-0.285
9.7517e-02,-0.105,0.05
9.7518e-02,-0.125,-0.27
9.7520e-02,-0.12,0.03
9.7522e-02,-0.115,-0.275
9.7523e-02,-0.09,0.045
9.7525e-02,-0.16,-0.295
9.7526e-02,0.02,0.06
9.7528e-02,-0.11,-0.265
9.7530e-02,-0.07,0.035
9.7531e-02,-0.14,-0.28
9.7533e-02,-0.125,0.055
9.7534e-02,-0.165,-0.28
9.7536e-02,-0.105,0.05
9.7538e-02,-0.17,-0.27
9.7539e-02,-0.13,0.035
9.7541e-02,-0.07,-0.265
9.7542e-02,-0.045,0.035
9.7544e-02,-0.105,-0.275
9.7546e-02,-0.14,0.045
9.7547e-02,-0.155,-0.275
9.7549e-02,-0.07,0.04
9.7550e-02,-0.095,-0.255
9.7552e-02,-0.06,0.02
9.7554e-02,-0.105,-0.27
9.7555e-02,-0.165,0.035
9.7557e-02,-0.065,-0.265
9.7558e-02,-0.11,0.035
9.7560e-02,-0.135,-0.3
9.7562e-02,-0.08,0.07
9.7563e-02,-0.09,-0.26
9.7565e-02,-0.09,0.025
9.7566e-02,-0.065,-0.265
9.7568e-02,-0.14,0.035
9.7570e-02,-0.165,-0.27
9.7571e-02,-0.26,0.045
9.7573e-02,-0.135,-0.275
9.7574e-02,-0.16,0.04
9.7576e-02,-0.035,-0.265
9.7578e-02,-0.18,0.03
9.7579e-02,-0.12,-0.27
9.7581e-02,-0.18,0.04
9.7582e-02,-0.16,-0.295
9.7584e-02,-0.065,0.06
9.7586e-02,-0.13,-0.305
9.7587e-02,-0.195,0.07
9.7589e-02,-0.015,-0.31
9.7590e-02,-0.155,0.075
9.7592e-02,-0.055,-0.275
9.7594e-02,-0.135,0.045
9.7595e-02,-0.125,-0.28
9.7597e-02,-0.07,0.055
9.7598e-02,-0.09,-0.275
9.7600e-02,-0.05,0.045
9.7602e-02,-0.09,-0.26
9.7603e-02,-0.035,0.03
9.7605e-02,-0.045,-0.28
9.7606e-02,-0.13,0.055
9.7608e-02,-0.06,-0.32
9.7610e-02,-0.135,0.085
9.7611e-02,-0.105,-0.265
9.7613e-02,-0.085,0.035
9.7614e-02,-0.12,-0.265
9.7616e-02,-0.14,0.03
9.7618e-02,-0.15,-0.27
9.7619e-02,-0.105,0.04
9.7621e-02,-0.095,-0.295
9.7622e-02,-0.09,0.065
9.7624e-02,-0.165,-0.28
9.7626e-02,-0.135,0.045
9.7627e-02,-0.13,-0.265
9.7629e-02,-0.065,0.035
9.7630e-02,-0.105,-0.27
9.7632e-02,-0.115,0.05
9.7634e-02,-0.095,-0.255
9.7635e-02,-0.145,0.025
9.7637e-02,-0.075,-0.255
9.7638e-02,-0.105,0.03
9.7640e-02,-0.135,-0.27
9.7642e-02,-0.195,0.04
9.7643e-02,-0.135,-0.25
9.7645e-02,-0.145,0.025
9.7646e-02,-0.095,-0.265
9.7648e-02,-0.165,0.045
9.7650e-02,-0.125,-0.27
9.7651e-02,-0.16,0.05
9.7653e-02,-0.075,-0.275
9.7654e-02,-0.12,0.055
9.7656e-02,-0.125,-0.255
9.7658e-02,-0.115,0.03
9.7659e-02,-0.09,-0.255
9.7661e-02,-0.03,0.03
9.7662e-02,-0.08,-0.265
9.7664e-02,-0.095,0.035
9.7666e-02,-0.05,-0.255
9.7667e-02,-0.075,0.035
9.7669e-02,-0.09,-0.29
9.7670e-02,-0.045,0.06
9.7672e-02,-0.065,-0.29
9.7674e-02,-0.04,0.08
9.7675e-02,-0.055,-0.27
9.7677e-02,-0.05,0.055
9.7678e-02,-0.05,-0.255
9.7680e-02,-0.175,0.04
9.7682e-02,-0.07,-0.25
9.7683e-02,-0.115,0.035
9.7685e-02,-0.115,-0.265
9.7686e-02,-0.1,0.05
9.7688e-02,-0.155,-0.235
9.7690e-02,-0.1,0.02
9.7691e-02,0.02,-0.27
9.7693e-02,-0.115,0.05
9.7694e-02,-0.04,-0.255
9.7696e-02,-0.045,0.045
9.7698e-02,-0.105,-0.26
9.7699e-02,0.03,0.05
9.7701e-02,-0.125,-0.265
9.7702e-02,-0.165,0.05
9.7704e-02,-0.175,-0.27
9.7706e-02,-0.165,0.06
9.7707e-02,-0.07,-0.245
9.7709e-02,-0.18,0.035
9.7710e-02,-0.165,-0.285
9.7712e-02,-0.09,0.07
9.7714e-02,-0.115,-0.245
9.7715e-02,-0.01,0.04
9.7717e-02,-0.12,-0.275
9.7718e-02,-0.095,0.055
9.7720e-02,-0.075,-0.275
9.7722e-02,-0.085,0.06
9.7723e-02,-0.09,-0.295
9.7725e-02,-0.105,0.08
9.7726e-02,-0.24,-0.295
9.7728e-02,-0.12,0.085
9.7730e-02,-0.155,-0.28
9.7731e-02,-0.045,0.07
9.7733e-02,-0.165,-0.27
9.7734e-02,-0.16,0.06
9.7736e-02,-0.155,-0.255
9.7738e-02,-0.165,0.045
9.7739e-02,-0.1,-0.275
9.7741e-02,-0.15,0.065
9.7742e-02,-0.145,-0.27
9.7744e-02,-0.185,0.055
9.7746e-02,0,-0.275
9.7747e-02,-0.085,0.06
9.7749e-02,-0.075,-0.255
9.7750e-02,-0.08,0.045
9.7752e-02,-0.125,-0.27
9.7754e-02,-0.025,0.05
9.7755e-02,-0.115,-0.255
9.7757e-02,-0.08,0.035
9.7758e-02,-0.05,-0.275
9.7760e-02,-0.05,0.06
9.7762e-02,-0.08,-0.255
9.7763e-02,-0.085,0.04
9.7765e-02,-0.17,-0.24
9.7766e-02,-0.13,0.025
9.7768e-02,-0.14,-0.26
9.7770e-02,-0.06,0.05
9.7771e-02,-0.19,-0.255
9.7773e-02,-0.13,0.04
9.7774e-02,-0.18,-0.245
9.7776e-02,-0.205,0.035
9.7778e-02,-0.08,-0.255
9.7779e-02,-0.175,0.045
9.7781e-02,-0.175,-0.245
9.7782e-02,-0.06,0.03
9.7784e-02,-0.135,-0.24
9.7786e-02,-0.075,0.03
9.7787e-02,-0.145,-0.25
9.7789e-02,-0.185,0.04
9.7790e-02,-0.09,-0.26
9.7792e-02,-0.135,0.05
9.7794e-02,-0.04,-0.255
9.7795e-02,-0.12,0.045
9.7797e-02,-0.18,-0.26
9.7798e-02,-0.095,0.055
9.7800e-02,-0.07,-0.275
9.7802e-02,-0.025,0.075
9.7803e-02,-0.075,-0.27
9.7805e-02,-0.095,0.055
9.7806e-02,-0.045,-0.235
9.7808e-02,-0.115,0.03
9.7810e-02,-0.075,-0.255
9.7811e-02,-0.14,0.045
9.7813e-02,-0.13,-0.265
9.7814e-02,-0.1,0.06
9.7816e-02,-0.135,-0.265
9.7818e-02,-0.135,0.06
9.7819e-02,-0.125,-0.28
9.7821e-02,-0.1,0.075
9.7822e-02,0.035,-0.25
9.7824e-02,-0.055,0.055
9.7826e-02,-0.055,-0.245
9.7827e-02,-0.09,0.04
9.7829e-02,-0.055,-0.24
9.7830e-02,-0.06,0.045
9.7832e-02,-0.025,-0.265
9.7834e-02,-0.11,0.06
9.7835e-02,-0.05,-0.275
9.7837e-02,-0.16,0.07
9.7838e-02,-0.075,-0.26
9.7840e-02,-0.085,0.065
9.7842e-02,-0.165,-0.265
9.7843e-02,-0.075,0.07
9.7845e-02,-0.105,-0.275
9.7846e-02,-0.055,0.08
9.7848e-02,-0.155,-0.25
9.7850e-02,-0.12,0.05
9.7851e-02,-0.195,-0.265
9.7853e-02,-0.05,0.065
9.7854e-02,-0.16,-0.23
9.7856e-02,-0.08,0.035
9.7858e-02,-0.18,-0.245
9.7859e-02,-0.125,0.055
9.7861e-02,-0.135,-0.245
9.7862e-02,-0.095,0.045
9.7864e-02,-0.035,-0.235
9.7866e-02,-0.145,0.04
9.7867e-02,-0.035,-0.28
9.7869e-02,-0.045,0.08
9.7870e-02,-0.085,-0.24
9.7872e-02,-0.035,0.05
9.7874e-02,-0.09,-0.255
9.7875e-02,-0.045,0.06
9.7877e-02,-0.075,-0.28
9.7878e-02,-0.035,0.09
9.7880e-02,-0.135,-0.26
9.7882e-02,-0.115,0.06
9.7883e-02,-0.19,-0.25
9.7885e-02,-0.15,0.05
9.7886e-02,-0.045,-0.255
9.7888e-02,-0.1,0.06
9.7890e-02,-0.135,-0.23
9.7891e-02,-0.105,0.04
9.7893e-02,-0.085,-0.25
9.7894e-02,-0.055,0.05
9.7896e-02,-0.09,-0.24
9.7898e-02,-0.115,0.055
9.7899e-02,-0.035,-0.27
9.7901e-02,-0.035,0.08
9.7902e-02,-0.06,-0.25
9.7904e-02,-0.235,0.05
9.7906e-02,-0.095,-0.28
9.7907e-02,-0.15,0.085
9.7909e-02,-0.095,-0.265
9.7910e-02,-0.155,0.07
9.7912e-02,-0.12,-0.235
9.7914e-02,-0.11,0.04
9.7915e-02,-0.115,-0.265
9.7917e-02,-0.175,0.065
9.7918e-02,-0.13,-0.255
9.7920e-02,-0.115,0.055
9.7922e-02,-0.035,-0.26
9.7923e-02,-0.09,0.07
9.7925e-02,-0.03,-0.265
9.7926e-02,-0.075,0.065
9.7928e-02,-0.035,-0.255
9.7930e-02,-0.095,0.06
9.7931e-02,-0.04,-0.275
9.7933e-02,-0.09,0.07
9.7934e-02,-0.135,-0.305
9.7936e-02,-0.09,0.105
9.7938e-02,-0.14,-0.28
9.7939e-02,-0.02,0.085
9.7941e-02,-0.12,-0.27
9.7942e-02,-0.175,0.075
9.7944e-02,-0.17,-0.26
9.7946e-02,-0.125,0.07
9.7947e-02,-0.11,-0.255
9.7949e-02,-0.07,0.055
9.7950e-02,-0.135,-0.27
9.7952e-02,-0.06,0.075
9.7954e-02,-0.045,-0.255
9.7955e-02,0.025,0.055
9.7957e-02,-0.18,-0.225
9.7958e-02,-0.06,0.04
9.7960e-02,-0.14,-0.26
9.7962e-02,-0.18,0.06
9.7963e-02,-0.14,-0.275
9.7965e-02,-0.235,0.08
9.7966e-02,-0.12,-0.275
9.7968e-02,-0.135,0.085
9.7970e-02,-0.09,-0.275
9.7971e-02,-0.155,0.075
9.7973e-02,-0.155,-0.25
9.7974e-02,-0.145,0.06
9.7976e-02,-0.175,-0.275
9.7978e-02,-0.1,0.085
9.7979e-02,-0.165,-0.265
9.7981e-02,-0.21,0.08
9.7982e-02,-0.125,-0.25
9.7984e-02,-0.165,0.07
9.7986e-02,-0.055,-0.255
9.7987e-02,-0.18,0.065
9.7989e-02,-0.14,-0.24
9.7990e-02,-0.075,0.055
9.7992e-02,-0.16,-0.255
9.7994e-02,-0.05,0.065
9.7995e-02,-0.215,-0.24
9.7997e-02,-0.17,0.055
9.7998e-02,-0.105,-0.24
9.8000e-02,-0.105,0.055
9.8002e-02,-0.115,-0.255
9.8003e-02,-0.13,0.075
9.8005e-02,-0.085,-0.26
9.8006e-02,-0.055,0.09
9.8008e-02,-0.065,-0.23
9.8010e-02,-0.05,0.045
9.8011e-02,-0.1,-0.23
9.8013e-02,-0.05,0.05
9.8014e-02,-0.11,-0.265
9.8016e-02,0.01,0.075
9.8018e-02,-0.045,-0.26
9.8019e-02,-0.095,0.085
9.8021e-02,-0.06,-0.255
9.8022e-02,-0.06,0.08
9.8024e-02,-0.05,-0.25
9.8026e-02,-0.055,0.07
9.8027e-02,-0.09,-0.265
9.8029e-02,0.04,0.08
9.8030e-02,-0.035,-0.265
9.8032e-02,0.03,0.08
9.8034e-02,-0.08,-0.255
9.8035e-02,0.035,0.07
9.8037e-02,-0.055,-0.25
9.8038e-02,-0.06,0.075
9.8040e-02,-0.055,-0.27
9.8042e-02,-0.135,0.09
9.8043e-02,-0.095,-0.265
9.8045e-02,-0.09,0.075
9.8046e-02,-0.11,-0.25
9.8048e-02,-0.09,0.06
9.8050e-02,-0.16,-0.25
9.8051e-02,-0.18,0.07
9.8053e-02,-0.045,-0.22
9.8054e-02,-0.08,0.04
9.8056e-02,-0.065,-0.24
9.8058e-02,-0.13,0.055
9.8059e-02,-0.095,-0.255
9.8061e-02,-0.08,0.08
9.8062e-02,-0.16,-0.235
9.8064e-02,-0.13,0.06
9.8066e-02,-0.22,-0.24
9.8067e-02,-0.09,0.065
9.8069e-02,-0.125,-0.275
9.8070e-02,-0.07,0.09
9.8072e-02,-0.115,-0.225
9.8074e-02,-0.12,0.045
9.8075e-02,-0.08,-0.23
9.8077e-02,0.025,0.055
9.8078e-02,-0.095,-0.24
9.8080e-02,-0.08,0.065
9.8082e-02,-0.14,-0.255
9.8083e-02,-0.09,0.065
9.8085e-02,-0.09,-0.26
9.8086e-02,-0.145,0.085
9.8088e-02,-0.075,-0.27
9.8090e-02,-0.085,0.09
9.8091e-02,0,-0.25
9.8093e-02,-0.015,0.065
9.8094e-02,-0.1,-0.245
9.8096e-02,-0.095,0.06
9.8098e-02,-0.135,-0.225
9.8099e-02,-0.075,0.045
9.8101e-02,-0.04,-0.215
9.8102e-02,-0.16,0.045
9.8104e-02,-0.12,-0.245
9.8106e-02,-0.12,0.07
9.8107e-02,-0.115,-0.235
9.8109e-02,-0.06,0.06
9.8110e-02,-0.025,-0.235
9.8112e-02,-0.12,0.055
9.8114e-02,-0.015,-0.275
9.8115e-02,-0.06,0.095
9.8117e-02,-0.09,-0.215
9.8118e-02,-0.145,0.045
9.8120e-02,-0.085,-0.24
9.8122e-02,-0.055,0.065
9.8123e-02,-0.14,-0.23
9.8125e-02,-0.15,0.065
9.8126e-02,-0.09,-0.255
9.8128e-02,-0.05,0.08
9.8130e-02,0.005,-0.25
9.8131e-02,-0.045,0.085
9.8133e-02,-0.1,-0.25
9.8134e-02,-0.1,0.075
9.8136e-02,-0.15,-0.24
9.8138e-02,-0.025,0.07
9.8139e-02,-0.08,-0.23
9.8141e-02,-0.095,0.05
9.8142e-02,-0.065,-0.22
9.8144e-02,-0.09,0.05
9.8146e-02,-0.09,-0.25
9.8147e-02,-0.075,0.085
9.8149e-02,-0.09,-0.24
9.8150e-02,-0.105,0.07
9.8152e-02,-0.055,-0.265
9.8154e-02,-0.09,0.09
9.8155e-02,-0.08,-0.245
9.8157e-02,-0.13,0.085
9.8158e-02,-0.02,-0.235
9.8160e-02,-0.035,0.07
9.8162e-02,-0.02,-0.225
9.8163e-02,-0.14,0.065
9.8165e-02,-0.06,-0.23
9.8166e-02,-0.095,0.07
9.8168e-02,-0.11,-0.255
9.8170e-02,-0.01,0.08
9.8171e-02,-0.12,-0.24
9.8173e-02,-0.085,0.07
9.8174e-02,-0.07,-0.25
9.8176e-02,-0.075,0.095
9.8178e-02,-0.09,-0.23
9.8179e-02,0.01,0.065
9.8181e-02,-0.135,-0.24
9.8182e-02,0.01,0.08
9.8184e-02,-0.1,-0.24
9.8186e-02,-0.075,0.07
9.8187e-02,-0.065,-0.235
9.8189e-02,0.045,0.07
9.8190e-02,-0.065,-0.23
9.8192e-02,0.025,0.07
9.8194e-02,-0.16,-0.21
9.8195e-02,-0.14,0.05
9.8197e-02,-0.085,-0.245
9.8198e-02,-0.105,0.075
9.8200e-02,-0.145,-0.25
9.8202e-02,-0.08,0.085
9.8203e-02,-0.13,-0.225
9.8205e-02,-0.135,0.06
9.8206e-02,0,-0.21
9.8208e-02,-0.07,0.05
9.8210e-02,-0.06,-0.24
9.8211e-02,-0.01,0.085
9.8213e-02,-0.015,-0.255
9.8214e-02,-0.055,0.085
9.8216e-02,-0.05,-0.25
9.8218e-02,-0.185,0.08
9.8219e-02,-0.045,-0.255
9.8221e-02,-0.09,0.085
9.8222e-02,-0.08,-0.235
9.8224e-02,-0.195,0.07
9.8226e-02,-0.11,-0.235
9.8227e-02,-0.175,0.065
9.8229e-02,-0.015,-0.255
9.8230e-02,-0.115,0.085
9.8232e-02,-0.075,-0.225
9.8234e-02,-0.18,0.065
9.8235e-02,0.005,-0.25
9.8237e-02,-0.09,0.085
9.8238e-02,-0.03,-0.23
9.8240e-02,-0.115,0.065
9.8242e-02,-0.035,-0.265
9.8243e-02,0.02,0.1
9.8245e-02,-0.12,-0.245
9.8246e-02,-0.065,0.08
9.8248e-02,-0.115,-0.24
9.8250e-02,-0.07,0.08
9.8251e-02,-0.015,-0.245
9.8253e-02,-0.125,0.085
9.8254e-02,-0.085,-0.23
9.8256e-02,-0.145,0.065
9.8258e-02,-0.12,-0.255
9.8259e-02,-0.025,0.085
9.8261e-02,-0.045,-0.21
9.8262e-02,-0.055,0.055
9.8264e-02,-0.14,-0.21
9.8266e-02,-0.01,0.05
9.8267e-02,-0.04,-0.25
9.8269e-02,-0.065,0.09
9.8270e-02,-0.01,-0.24
9.8272e-02,-0.04,0.085
9.8274e-02,0.025,-0.25
9.8275e-02,-0.005,0.085
9.8277e-02,-0.105,-0.27
9.8278e-02,-0.095,0.11
9.8280e-02,-0.045,-0.255
9.8282e-02,-0.05,0.1
9.8283e-02,-0.005,-0.255
9.8285e-02,-0.095,0.1
9.8286e-02,-0.105,-0.24
9.8288e-02,-0.055,0.08
9.8290e-02,-0.075,-0.22
9.8291e-02,-0.105,0.08
9.8293e-02,-0.115,-0.215
9.8294e-02,-0.07,0.06
9.8296e-02,-0.135,-0.23
9.8298e-02,-0.015,0.075
9.8299e-02,-0.13,-0.24
9.8301e-02,-0.115,0.09
9.8302e-02,-0.055,-0.235
9.8304e-02,-0.03,0.08
9.8306e-02,-0.015,-0.215
9.8307e-02,-0.005,0.065
9.8309e-02,-0.095,-0.235
9.8310e-02,-0.035,0.08
9.8312e-02,-0.06,-0.25
9.8314e-02,-0.085,0.1
9.8315e-02,-0.005,-0.25
9.8317e-02,-0.11,0.1
9.8318e-02,-0.045,-0.245
9.8320e-02,-0.035,0.095
9.8322e-02,-0.03,-0.265
9.8323e-02,-0.1,0.105
9.8325e-02,-0.055,-0.24
9.8326e-02,-0.075,0.09
9.8328e-02,0.015,-0.23
9.8330e-02,-0.07,0.085
9.8331e-02,-0.165,-0.215
9.8333e-02,-0.045,0.07
9.8334e-02,-0.11,-0.245
9.8336e-02,-0.1,0.1
9.8338e-02,-0.025,-0.26
9.8339e-02,-0.04,0.115
9.8341e-02,-0.025,-0.245
9.8342e-02,0.025,0.1
9.8344e-02,-0.045,-0.25
9.8346e-02,-0.065,0.11
9.8347e-02,-0.04,-0.255
9.8349e-02,-0.04,0.11
9.8350e-02,-0.02,-0.235
9.8352e-02,-0.08,0.09
9.8354e-02,-0.13,-0.255
9.8355e-02,-0.1,0.1
9.8357e-02,-0.075,-0.25
9.8358e-02,-0.095,0.105
9.8360e-02,-0.015,-0.22
9.8362e-02,-0.115,0.075
9.8363e-02,0.02,-0.24
9.8365e-02,0,0.095
9.8366e-02,-0.085,-0.22
9.8368e-02,-0.11,0.08
9.8370e-02,-0.115,-0.235
9.8371e-02,-0.125,0.085
9.8373e-02,-0.06,-0.205
9.8374e-02,-0.07,0.06
9.8376e-02,-0.07,-0.255
9.8378e-02,0.005,0.105
9.8379e-02,-0.055,-0.235
9.8381e-02,0.03,0.08
9.8382e-02,-0.095,-0.255
9.8384e-02,-0.07,0.105
9.8386e-02,-0.105,-0.24
9.8387e-02,-0.03,0.09
9.8389e-02,-0.115,-0.215
9.8390e-02,-0.15,0.075
9.8392e-02,-0.135,-0.215
9.8394e-02,-0.075,0.07
9.8395e-02,-0.02,-0.21
9.8397e-02,-0.115,0.065
9.8398e-02,-0.04,-0.22
9.8400e-02,-0.055,0.07
9.8402e-02,-0.12,-0.245
9.8403e-02,-0.05,0.1
9.8405e-02,-0.135,-0.225
9.8406e-02,-0.095,0.075
9.8408e-02,-0.08,-0.235
9.8410e-02,-0.035,0.09
9.8411e-02,-0.02,-0.23
9.8413e-02,-0.045,0.09
9.8414e-02,-0.09,-0.225
9.8416e-02,-0.105,0.085
9.8418e-02,-0.06,-0.235
9.8419e-02,-0.095,0.085
9.8421e-02,-0.135,-0.23
9.8422e-02,-0.025,0.09
9.8424e-02,-0.13,-0.225
9.8426e-02,-0.025,0.08
9.8427e-02,-0.105,-0.215
9.8429e-02,-0.19,0.08
9.8430e-02,-0.07,-0.215
9.8432e-02,-0.13,0.075
9.8434e-02,-0.03,-0.225
9.8435e-02,-0.135,0.09
9.8437e-02,-0.045,-0.21
9.8438e-02,-0.055,0.07
9.8440e-02,0.02,-0.24
9.8442e-02,-0.08,0.1
9.8443e-02,-0.1,-0.23
9.8445e-02,-0.105,0.095
9.8446e-02,-0.125,-0.215
9.8448e-02,-0.055,0.07
9.8450e-02,-0.08,-0.225
9.8451e-02,-0.07,0.08
9.8453e-02,-0.05,-0.22
9.8454e-02,-0.02,0.08
9.8456e-02,0.055,-0.235
9.8458e-02,-0.03,0.095
9.8459e-02,-0.04,-0.23
9.8461e-02,-0.015,0.095
9.8462e-02,-0.095,-0.21
9.8464e-02,-0.08,0.075
9.8466e-02,-0.125,-0.25
9.8467e-02,-0.135,0.115
9.8469e-02,0,-0.2
9.8470e-02,-0.03,0.06
9.8472e-02,-0.01,-0.215
9.8474e-02,0.045,0.08
9.8475e-02,-0.045,-0.245
9.8477e-02,0.005,0.105
9.8478e-02,0,-0.23
9.8480e-02,-0.015,0.095
9.8482e-02,-0.115,-0.22
9.8483e-02,-0.11,0.085
9.8485e-02,-0.095,-0.23
9.8486e-02,-0.07,0.09
9.8488e-02,-0.135,-0.225
9.8490e-02,-0.085,0.09
9.8491e-02,-0.005,-0.255
9.8493e-02,-0.025,0.115
9.8494e-02,0,-0.23
9.8496e-02,-0.145,0.1
9.8498e-02,-0.115,-0.215
9.8499e-02,-0.16,0.08
9.8501e-02,-0.14,-0.23
9.8502e-02,-0.115,0.09
9.8504e-02,-0.115,-0.23
9.8506e-02,-0.16,0.095
9.8507e-02,-0.025,-0.255
9.8509e-02,0.015,0.125
9.8510e-02,-0.095,-0.205
9.8512e-02,-0.08,0.07
9.8514e-02,-0.125,-0.215
9.8515e-02,-0.025,0.08
9.8517e-02,-0.035,-0.265
9.8518e-02,-0.045,0.135
9.8520e-02,0.01,-0.235
9.8522e-02,-0.115,0.11
9.8523e-02,-0.075,-0.22
9.8525e-02,-0.08,0.095
9.8526e-02,-0.11,-0.23
9.8528e-02,-0.095,0.1
9.8530e-02,-0.095,-0.235
9.8531e-02,-0.045,0.1
9.8533e-02,-0.025,-0.225
9.8534e-02,-0.165,0.095
9.8536e-02,-0.12,-0.21
9.8538e-02,-0.06,0.085
9.8539e-02,-0.03,-0.24
9.8541e-02,0.005,0.115
9.8542e-02,-0.05,-0.2
9.8544e-02,-0.005,0.07
9.8546e-02,-0.055,-0.23
9.8547e-02,-0.1,0.1
9.8549e-02,-0.09,-0.23
9.8550e-02,-0.12,0.105
9.8552e-02,-0.075,-0.225
9.8554e-02,0.015,0.1
9.8555e-02,-0.07,-0.24
9.8557e-02,0.005,0.11
9.8558e-02,-0.13,-0.225
9.8560e-02,-0.005,0.095
9.8562e-02,0.015,-0.205
9.8563e-02,-0.09,0.085
9.8565e-02,-0.045,-0.205
9.8566e-02,-0.02,0.075
9.8568e-02,-0.005,-0.245
9.8570e-02,-0.02,0.115
9.8571e-02,-0.085,-0.25
9.8573e-02,-0.08,0.125
9.8574e-02,-0.155,-0.22
9.8576e-02,-0.035,0.1
9.8578e-02,-0.05,-0.23
9.8579e-02,-0.09,0.11
9.8581e-02,-0.04,-0.22
9.8582e-02,-0.08,0.1
9.8584e-02,-0.005,-0.22
9.8586e-02,-0.04,0.105
9.8587e-02,-0.04,-0.22
9.8589e-02,-0.13,0.105
9.8590e-02,-0.015,-0.2
9.8592e-02,-0.08,0.08
9.8594e-02,-0.055,-0.215
9.8595e-02,-0.13,0.09
9.8597e-02,-0.05,-0.215
9.8598e-02,-0.015,0.1
9.8600e-02,-0.045,-0.205
9.8602e-02,0.005,0.085
9.8603e-02,-0.13,-0.205
9.8605e-02,-0.01,0.08
9.8606e-02,-0.11,-0.195
9.8608e-02,-0.06,0.075
9.8610e-02,-0.08,-0.2
9.8611e-02,-0.1,0.08
9.8613e-02,-0.06,-0.23
9.8614e-02,-0.03,0.11
9.8616e-02,0.045,-0.25
9.8618e-02,-0.085,0.125
9.8619e-02,-0.075,-0.21
9.8621e-02,-0.115,0.09
9.8622e-02,-0.115,-0.21
9.8624e-02,-0.1,0.09
9.8626e-02,-0.14,-0.225
9.8627e-02,-0.03,0.105
9.8629e-02,-0.05,-0.22
9.8630e-02,0.025,0.105
9.8632e-02,-0.005,-0.235
9.8634e-02,0.005,0.12
9.8635e-02,-0.035,-0.22
9.8637e-02,-0.01,0.095
9.8638e-02,-0.035,-0.2
9.8640e-02,-0.09,0.08
9.8642e-02,-0.09,-0.24
9.8643e-02,-0.12,0.12
9.8645e-02,-0.035,-0.205
9.8646e-02,-0.04,0.085
9.8648e-02,-0.085,-0.225
9.8650e-02,-0.085,0.1
9.8651e-02,0.005,-0.24
9.8653e-02,-0.04,0.12
9.8654e-02,-0.075,-0.22
9.8656e-02,-0.095,0.095
9.8658e-02,-0.095,-0.205
9.8659e-02,-0.05,0.08
9.8661e-02,-0.01,-0.21
9.8662e-02,-0.05,0.085
9.8664e-02,0.03,-0.215
9.8666e-02,-0.045,0.095
9.8667e-02,0.07,-0.215
9.8669e-02,0.01,0.095
9.8670e-02,-0.055,-0.22
9.8672e-02,-0.05,0.095
9.8674e-02,-0.1,-0.225
9.8675e-02,-0.035,0.095
9.8677e-02,-0.125,-0.205
9.8678e-02,-0.16,0.08
9.8680e-02,-0.115,-0.21
9.8682e-02,-0.07,0.09
9.8683e-02,0.035,-0.22
9.8685e-02,-0.03,0.105
9.8686e-02,-0.06,-0.21
9.8688e-02,-0.015,0.09
9.8690e-02,-0.065,-0.21
9.8691e-02,-0.105,0.085
9.8693e-02,-0.1,-0.22
9.8694e-02,-0.15,0.1
9.8696e-02,-0.03,-0.215
9.8698e-02,-0.08,0.095
9.8699e-02,0.05,-0.21
9.8701e-02,-0.085,0.09
9.8702e-02,0.015,-0.225
9.8704e-02,-0.125,0.11
9.8706e-02,-0.045,-0.205
9.8707e-02,-0.125,0.095
9.8709e-02,-0.115,-0.205
9.8710e-02,-0.115,0.085
9.8712e-02,-0.03,-0.21
9.8714e-02,0.005,0.1
9.8715e-02,-0.03,-0.23
9.8717e-02,-0.04,0.115
9.8718e-02,0.005,-0.21
9.8720e-02,-0.07,0.09
9.8722e-02,-0.04,-0.23
9.8723e-02,-0.11,0.12
9.8725e-02,-0.04,-0.245
9.8726e-02,-0.025,0.125
9.8728e-02,-0.04,-0.22
9.8730e-02,0.025,0.105
9.8731e-02,-0.075,-0.245
9.8733e-02,-0.115,0.13
9.8734e-02,-0.105,-0.22
9.8736e-02,-0.09,0.105
9.8738e-02,0.02,-0.21
9.8739e-02,-0.08,0.095
9.8741e-02,-0.05,-0.2
9.8742e-02,-0.04,0.095
9.8744e-02,-0.035,-0.2
9.8746e-02,-0.07,0.095
9.8747e-02,-0.21,-0.22
9.8749e-02,-0.035,0.12
9.8750e-02,-0.045,-0.235
9.8752e-02,0.03,0.125
9.8754e-02,-0.035,-0.22
9.8755e-02,0.02,0.115
9.8757e-02,0.01,-0.225
9.8758e-02,-0.105,0.125
9.8760e-02,-0.075,-0.215
9.8762e-02,-0.165,0.105
9.8763e-02,-0.085,-0.215
9.8765e-02,-0.06,0.11
9.8766e-02,-0.02,-0.24
9.8768e-02,-0.1,0.13
9.8770e-02,-0.07,-0.21
9.8771e-02,-0.135,0.105
9.8773e-02,-0.075,-0.2
9.8774e-02,-0.035,0.1
9.8776e-02,-0.045,-0.265
9.8778e-02,-0.055,0.16
9.8779e-02,-0.11,-0.205
9.8781e-02,0.005,0.1
9.8782e-02,-0.035,-0.205
9.8784e-02,-0.09,0.105
9.8786e-02,-0.06,-0.195
9.8787e-02,-0.045,0.1
9.8789e-02,0.025,-0.2
9.8790e-02,-0.06,0.095
9.8792e-02,-0.055,-0.205
9.8794e-02,-0.145,0.1
9.8795e-02,-0.075,-0.225
9.8797e-02,-0.075,0.12
9.8798e-02,-0.145,-0.23
9.8800e-02,-0.04,0.125
9.8802e-02,-0.085,-0.21
9.8803e-02,0.07,0.115
9.8805e-02,-0.005,-0.2
9.8806e-02,-0.015,0.105
9.8808e-02,-0.065,-0.215
9.8810e-02,-0.06,0.105
9.8811e-02,-0.12,-0.21
9.8813e-02,-0.1,0.11
9.8814e-02,-0.07,-0.22
9.8816e-02,-0.09,0.115
9.8818e-02,0.05,-0.22
9.8819e-02,0.06,0.12
9.8821e-02,-0.1,-0.22
9.8822e-02,-0.06,0.115
9.8824e-02,-0.105,-0.215
9.8826e-02,-0.07,0.115
9.8827e-02,-0.07,-0.21
9.8829e-02,-0.135,0.11
9.8830e-02,-0.035,-0.205
9.8832e-02,-0.05,0.1
9.8834e-02,0.045,-0.205
9.8835e-02,-0.015,0.09
9.8837e-02,-0.07,-0.195
9.8838e-02,-0.01,0.095
9.8840e-02,-0.095,-0.225
9.8842e-02,-0.055,0.12
9.8843e-02,-0.09,-0.225
9.8845e-02,-0.13,0.12
9.8846e-02,-0.155,-0.21
9.8848e-02,-0.095,0.105
9.8850e-02,-0.105,-0.23
9.8851e-02,-0.06,0.13
9.8853e-02,-0.07,-0.235
9.8854e-02,-0.06,0.125
9.8856e-02,0.08,-0.235
9.8858e-02,-0.02,0.14
9.8859e-02,-0.035,-0.22
9.8861e-02,0.015,0.12
9.8862e-02,-0.035,-0.23
9.8864e-02,0.03,0.125
9.8866e-02,-0.08,-0.195
9.8867e-02,-0.065,0.09
9.8869e-02,-0.06,-0.2
9.8870e-02,-0.045,0.1
9.8872e-02,-0.115,-0.22
9.8874e-02,-0.07,0.115
9.8875e-02,-0.175,-0.225
9.8877e-02,-0.075,0.13
9.8878e-02,-0.07,-0.225
9.8880e-02,-0.09,0.12
9.8882e-02,-0.02,-0.235
9.8883e-02,-0.105,0.14
9.8885e-02,-0.08,-0.2
9.8886e-02,0.01,0.1
9.8888e-02,-0.025,-0.21
9.8890e-02,-0.05,0.115
9.8891e-02,-0.095,-0.215
9.8893e-02,-0.04,0.125
9.8894e-02,-0.055,-0.24
9.8896e-02,-0.05,0.14
9.8898e-02,-0.085,-0.2
9.8899e-02,-0.13,0.11
9.8901e-02,0.025,-0.21
9.8902e-02,-0.07,0.125
9.8904e-02,-0.05,-0.205
9.8906e-02,-0.06,0.115
9.8907e-02,-0.04,-0.2
9.8909e-02,0,0.105
9.8910e-02,-0.085,-0.205
9.8912e-02,-0.105,0.115
9.8914e-02,-0.01,-0.245
9.8915e-02,-0.06,0.145
9.8917e-02,0.04,-0.195
9.8918e-02,-0.005,0.105
9.8920e-02,0.05,-0.2
9.8922e-02,-0.03,0.115
9.8923e-02,-0.01,-0.185
9.8925e-02,0.07,0.1
9.8926e-02,-0.065,-0.215
9.8928e-02,-0.025,0.125
9.8930e-02,-0.08,-0.19
9.8931e-02,-0.005,0.1
9.8933e-02,0.005,-0.18
9.8934e-02,-0.07,0.1
9.8936e-02,0.02,-0.185
9.8938e-02,0.035,0.1
9.8939e-02,0.02,-0.19
9.8941e-02,-0.04,0.105
9.8942e-02,0,-0.26
9.8944e-02,-0.145,0.165
9.8946e-02,-0.05,-0.195
9.8947e-02,-0.04,0.115
9.8949e-02,-0.09,-0.205
9.8950e-02,-0.07,0.125
9.8952e-02,-0.065,-0.225
9.8954e-02,-0.1,0.13
9.8955e-02,-0.015,-0.2
9.8957e-02,-0.12,0.12
9.8958e-02,-0.05,-0.21
9.8960e-02,-0.085,0.135
9.8962e-02,-0.04,-0.215
9.8963e-02,0.045,0.13
9.8965e-02,-0.045,-0.215
9.8966e-02,-0.025,0.135
9.8968e-02,0.04,-0.23
9.8970e-02,-0.01,0.145
9.8971e-02,-0.055,-0.21
9.8973e-02,-0.085,0.125
9.8974e-02,-0.105,-0.235
9.8976e-02,-0.065,0.145
9.8978e-02,-0.1,-0.24
9.8979e-02,-0.105,0.145
9.8981e-02,-0.13,-0.21
9.8982e-02,0.02,0.125
9.8984e-02,-0.025,-0.195
9.8986e-02,-0.055,0.105
9.8987e-02,0.025,-0.225
9.8989e-02,-0.16,0.14
9.8990e-02,-0.065,-0.21
9.8992e-02,-0.14,0.12
9.8994e-02,-0.095,-0.21
9.8995e-02,-0.07,0.125
9.8997e-02,-0.07,-0.205
9.8998e-02,-0.05,0.115
9.9000e-02,0.025,-0.215
9.9002e-02,0.02,0.13
9.9003e-02,-0.11,-0.235
9.9005e-02,-0.025,0.14
9.9006e-02,-0.1,-0.22
9.9008e-02,-0.07,0.145
9.9010e-02,-0.085,-0.21
9.9011e-02,-0.185,0.12
9.9013e-02,-0.025,-0.23
9.9014e-02,0.025,0.14
9.9016e-02,-0.065,-0.225
9.9018e-02,-0.005,0.145
9.9019e-02,-0.055,-0.205
9.9021e-02,-0.04,0.12
9.9022e-02,-0.045,-0.245
9.9024e-02,0.005,0.16
9.9026e-02,-0.135,-0.215
9.9027e-02,0.03,0.13
9.9029e-02,-0.06,-0.235
9.9030e-02,-0.015,0.15
9.9032e-02,-0.07,-0.205
9.9034e-02,-0.1,0.12
9.9035e-02,-0.135,-0.205
9.9037e-02,-0.045,0.12
9.9038e-02,-0.135,-0.22
9.9040e-02,-0.05,0.145
9.9042e-02,-0.13,-0.19
9.9043e-02,-0.09,0.105
9.9045e-02,-0.005,-0.19
9.9046e-02,0,0.1
9.9048e-02,-0.05,-0.2
9.9050e-02,-0.05,0.12
9.9051e-02,-0.01,-0.2
9.9053e-02,0,0.115
9.9054e-02,-0.025,-0.175
9.9056e-02,-0.01,0.1
9.9058e-02,-0.015,-0.205
9.9059e-02,0.035,0.13
9.9061e-02,-0.02,-0.185
9.9062e-02,0.065,0.105
9.9064e-02,0.01,-0.175
9.9066e-02,-0.045,0.105
9.9067e-02,0.06,-0.195
9.9069e-02,-0.015,0.12
9.9070e-02,0.045,-0.2
9.9072e-02,-0.055,0.125
9.9074e-02,-0.01,-0.22
9.9075e-02,0,0.14
9.9077e-02,-0.025,-0.21
9.9078e-02,-0.12,0.13
9.9080e-02,-0.09,-0.205
9.9082e-02,-0.11,0.12
9.9083e-02,-0.06,-0.185
9.9085e-02,-0.06,0.105
9.9086e-02,-0.105,-0.21
9.9088e-02,-0.05,0.14
9.9090e-02,0.01,-0.205
9.9091e-02,-0.065,0.125
9.9093e-02,-0.025,-0.185
9.9094e-02,-0.095,0.115
9.9096e-02,-0.08,-0.23
9.9098e-02,-0.08,0.155
9.9099e-02,-0.045,-0.215
9.9101e-02,-0.055,0.14
9.9102e-02,-0.015,-0.21
9.9104e-02,-0.035,0.14
9.9106e-02,0.005,-0.195
9.9107e-02,0.015,0.13
9.9109e-02,0.015,-0.225
9.9110e-02,-0.02,0.15
9.9112e-02,0.02,-0.22
9.9114e-02,-0.03,0.145
9.9115e-02,0,-0.185
9.9117e-02,-0.04,0.11
9.9118e-02,-0.09,-0.2
9.9120e-02,-0.01,0.125
9.9122e-02,-0.025,-0.18
9.9123e-02,-0.035,0.11
9.9125e-02,-0.075,-0.255
9.9126e-02,-0.11,0.175
9.9128e-02,-0.05,-0.21
9.9130e-02,-0.01,0.14
9.9131e-02,-0.125,-0.2
9.9133e-02,-0.08,0.13
9.9134e-02,-0.005,-0.2
9.9136e-02,0.035,0.135
9.9138e-02,0.02,-0.195
9.9139e-02,-0.035,0.125
9.9141e-02,-0.035,-0.185
9.9142e-02,-0.015,0.115
9.9144e-02,0.05,-0.2
9.9146e-02,-0.11,0.125
9.9147e-02,0.06,-0.2
9.9149e-02,-0.13,0.13
9.9150e-02,-0.005,-0.2
9.9152e-02,-0.1,0.125
9.9154e-02,-0.015,-0.195
9.9155e-02,-0.135,0.125
9.9157e-02,-0.015,-0.21
9.9158e-02,-0.13,0.14
9.9160e-02,-0.08,-0.195
9.9162e-02,-0.015,0.12
9.9163e-02,-0.185,-0.185
9.9165e-02,-0.07,0.115
9.9166e-02,-0.09,-0.185
9.9168e-02,0.005,0.115
9.9170e-02,-0.025,-0.2
9.9171e-02,0.01,0.12
9.9173e-02,-0.12,-0.2
9.9174e-02,0.07,0.125
9.9176e-02,-0.025,-0.185
9.9178e-02,-0.05,0.11
9.9179e-02,-0.075,-0.24
9.9181e-02,0.03,0.16
9.9182e-02,0.005,-0.205
9.9184e-02,0.025,0.135
9.9186e-02,-0.045,-0.195
9.9187e-02,0,0.13
9.9189e-02,-0.09,-0.215
9.9190e-02,-0.06,0.14
9.9192e-02,-0.115,-0.195
9.9194e-02,-0.07,0.125
9.9195e-02,-0.135,-0.215
9.9197e-02,-0.025,0.145
9.9198e-02,-0.02,-0.175
9.9200e-02,0.015,0.115
9.9202e-02,-0.025,-0.185
9.9203e-02,-0.02,0.12
9.9205e-02,-0.07,-0.195
9.9206e-02,0.07,0.14
9.9208e-02,-0.095,-0.19
9.9210e-02,-0.01,0.125
9.9211e-02,-0.095,-0.2
9.9213e-02,0.02,0.14
9.9214e-02,0.085,-0.19
9.9216e-02,0.025,0.13
9.9218e-02,-0.005,-0.195
9.9219e-02,0.015,0.135
9.9221e-02,0.05,-0.2
9.9222e-02,-0.055,0.145
9.9224e-02,-0.045,-0.205
9.9226e-02,-0.095,0.135
9.9227e-02,-0.025,-0.21
9.9229e-02,-0.07,0.15
9.9230e-02,-0.085,-0.205
9.9232e-02,-0.1,0.145
9.9234e-02,-0.07,-0.2
9.9235e-02,-0.065,0.13
9.9237e-02,0.015,-0.19
9.9238e-02,-0.065,0.13
9.9240e-02,-0.015,-0.185
9.9242e-02,-0.025,0.12
9.9243e-02,-0.015,-0.2
9.9245e-02,-0.085,0.145
9.9246e-02,-0.01,-0.2
9.9248e-02,-0.135,0.14
9.9250e-02,-0.135,-0.19
9.9251e-02,-0.06,0.13
9.9253e-02,-0.015,-0.185
9.9254e-02,-0.03,0.13
9.9256e-02,-0.055,-0.19
9.9258e-02,-0.055,0.135
9.9259e-02,0.05,-0.215
9.9261e-02,0.05,0.16
9.9262e-02,0.015,-0.185
9.9264e-02,-0.085,0.125
9.9266e-02,0,-0.18
9.9267e-02,-0.02,0.125
9.9269e-02,-0.005,-0.21
9.9270e-02,-0.01,0.145
9.9272e-02,-0.1,-0.205
9.9274e-02,0.055,0.15
9.9275e-02,0.075,-0.215
9.9277e-02,0.005,0.155
9.9278e-02,0.005,-0.23
9.9280e-02,0.035,0.175
9.9282e-02,-0.02,-0.225
9.9283e-02,-0.045,0.16
9.9285e-02,-0.065,-0.19
9.9286e-02,-0.155,0.13
9.9288e-02,-0.01,-0.185
9.9290e-02,0.005,0.125
9.9291e-02,0,-0.19
9.9293e-02,0.045,0.125
9.9294e-02,0.005,-0.19
9.9296e-02,-0.03,0.13
9.9298e-02,-0.04,-0.21
9.9299e-02,0.01,0.155
9.9301e-02,-0.06,-0.205
9.9302e-02,-0.1,0.15
9.9304e-02,-0.015,-0.185
9.9306e-02,0.02,0.13
9.9307e-02,0.04,-0.2
9.9309e-02,0.09,0.145
9.9310e-02,0.015,-0.17
9.9312e-02,-0.005,0.12
9.9314e-02,0.005,-0.2
9.9315e-02,0.015,0.14
9.9317e-02,-0.15,-0.18
9.9318e-02,-0.125,0.13
9.9320e-02,-0.01,-0.185
9.9322e-02,0.03,0.125
9.9323e-02,-0.01,-0.19
9.9325e-02,0,0.145
9.9326e-02,-0.055,-0.205
9.9328e-02,-0.015,0.145
9.9330e-02,-0.08,-0.2
9.9331e-02,-0.035,0.145
9.9333e-02,-0.13,-0.175
9.9334e-02,0.075,0.12
9.9336e-02,0,-0.185
9.9338e-02,0.055,0.13
9.9339e-02,-0.015,-0.175
9.9341e-02,-0.095,0.13
9.9342e-02,-0.06,-0.185
9.9344e-02,-0.09,0.145
9.9346e-02,-0.095,-0.17
9.9347e-02,-0.115,0.12
9.9349e-02,-0.05,-0.205
9.9350e-02,0,0.165
9.9352e-02,-0.025,-0.205
9.9354e-02,-0.01,0.145
9.9355e-02,-0.045,-0.195
9.9357e-02,-0.065,0.15
9.9358e-02,0.01,-0.23
9.9360e-02,-0.045,0.18
9.9362e-02,0.01,-0.195
9.9363e-02,0.015,0.14
9.9365e-02,-0.005,-0.18
9.9366e-02,0,0.14
9.9368e-02,-0.005,-0.175
9.9370e-02,0.025,0.125
9.9371e-02,-0.05,-0.215
9.9373e-02,0.035,0.165
9.9374e-02,-0.045,-0.165
9.9376e-02,-0.07,0.12
9.9378e-02,0.065,-0.19
9.9379e-02,-0.145,0.145
9.9381e-02,-0.01,-0.165
9.9382e-02,-0.02,0.13
9.9384e-02,-0.015,-0.175
9.9386e-02,0.03,0.125
9.9387e-02,-0.01,-0.2
9.9389e-02,0,0.155
9.9390e-02,0.06,-0.175
9.9392e-02,-0.035,0.13
9.9394e-02,-0.08,-0.205
9.9395e-02,-0.095,0.155
9.9397e-02,-0.005,-0.2
9.9398e-02,-0.035,0.15
9.9400e-02,0.045,-0.19
9.9402e-02,-0.045,0.155
9.9403e-02,0.005,-0.195
9.9405e-02,0,0.145
9.9406e-02,-0.01,-0.18
9.9408e-02,-0.085,0.13
9.9410e-02,-0.085,-0.18
9.9411e-02,-0.135,0.14
9.9413e-02,0.01,-0.18
9.9414e-02,0.07,0.13
9.9416e-02,0.01,-0.2
9.9418e-02,0.02,0.145
9.9419e-02,-0.055,-0.17
9.9421e-02,0.035,0.12
9.9422e-02,-0.005,-0.18
9.9424e-02,-0.035,0.135
9.9426e-02,-0.085,-0.215
9.9427e-02,-0.07,0.17
9.9429e-02,0.01,-0.16
9.9430e-02,-0.035,0.12
9.9432e-02,-0.045,-0.19
9.9434e-02,-0.07,0.145
9.9435e-02,-0.045,-0.225
9.9437e-02,0.045,0.165
9.9438e-02,-0.095,-0.19
9.9440e-02,-0.025,0.15
9.9442e-02,-0.08,-0.18
9.9443e-02,-0.035,0.135
9.9445e-02,0.025,-0.21
9.9446e-02,-0.12,0.17
9.9448e-02,-0.08,-0.17
9.9450e-02,-0.02,0.125
9.9451e-02,0.005,-0.175
9.9453e-02,-0.005,0.13
9.9454e-02,0,-0.185
9.9456e-02,-0.065,0.14
9.9458e-02,0.045,-0.165
9.9459e-02,0.055,0.13
9.9461e-02,0.065,-0.175
9.9462e-02,0.075,0.135
9.9464e-02,-0.08,-0.18
9.9466e-02,-0.01,0.14
9.9467e-02,-0.01,-0.17
9.9469e-02,0.035,0.135
9.9470e-02,-0.105,-0.2
9.9472e-02,-0.075,0.16
9.9474e-02,-0.06,-0.18
9.9475e-02,-0.005,0.145
9.9477e-02,0.09,-0.18
9.9478e-02,-0.045,0.14
9.9480e-02,0.05,-0.175
9.9482e-02,0.02,0.135
9.9483e-02,0.06,-0.16
9.9485e-02,0.055,0.125
9.9486e-02,-0.06,-0.165
9.9488e-02,-0.005,0.125
9.9490e-02,-0.035,-0.19
9.9491e-02,-0.035,0.15
9.9493e-02,0.03,-0.175
9.9494e-02,-0.115,0.135
9.9496e-02,-0.03,-0.185
9.9498e-02,-0.035,0.15
9.9499e-02,0.08,-0.155
9.9501e-02,-0.01,0.12
9.9502e-02,0.07,-0.195
9.9504e-02,0.02,0.165
9.9506e-02,0.1,-0.19
9.9507e-02,0.04,0.16
9.9509e-02,0.035,-0.155
9.9510e-02,0,0.125
9.9512e-02,-0.015,-0.175
9.9514e-02,0.005,0.145
9.9515e-02,0.01,-0.175
9.9517e-02,-0.035,0.14
9.9518e-02,0.01,-0.17
9.9520e-02,0.015,0.135
9.9522e-02,0.035,-0.165
9.9523e-02,0.06,0.14
9.9525e-02,0.065,-0.16
9.9526e-02,-0.01,0.135
9.9528e-02,0.01,-0.165
9.9530e-02,-0.025,0.13
9.9531e-02,0,-0.165
9.9533e-02,-0.105,0.135
9.9534e-02,-0.05,-0.16
9.9536e-02,-0.025,0.12
9.9538e-02,-0.065,-0.165
9.9539e-02,-0.015,0.135
9.9541e-02,-0.06,-0.195
9.9542e-02,-0.05,0.16
9.9544e-02,0.05,-0.155
9.9546e-02,-0.005,0.12
9.9547e-02,-0.005,-0.165
9.9549e-02,0.025,0.13
9.9550e-02,0,-0.185
9.9552e-02,0.03,0.15
9.9554e-02,0.025,-0.19
9.9555e-02,-0.055,0.155
9.9557e-02,0.005,-0.165
9.9558e-02,-0.025,0.135
9.9560e-02,0.03,-0.165
9.9562e-02,0,0.14
9.9563e-02,-0.045,-0.185
9.9565e-02,0.03,0.145
9.9566e-02,0.03,-0.175
9.9568e-02,0.045,0.15
9.9570e-02,0.07,-0.185
9.9571e-02,-0.11,0.15
9.9573e-02,-0.05,-0.185
9.9574e-02,-0.05,0.16
9.9576e-02,-0.075,-0.16
9.9578e-02,-0.015,0.12
9.9579e-02,-0.07,-0.175
9.9581e-02,-0.01,0.145
9.9582e-02,0.08,-0.18
9.9584e-02,0.035,0.145
9.9586e-02,0.09,-0.17
9.9587e-02,-0.1,0.14
9.9589e-02,0.01,-0.18
9.9590e-02,-0.02,0.155
9.9592e-02,-0.035,-0.17
9.9594e-02,-0.065,0.135
9.9595e-02,-0.125,-0.165
9.9597e-02,-0.05,0.135
9.9598e-02,-0.005,-0.19
9.9600e-02,0.055,0.16
9.9602e-02,-0.03,-0.185
9.9603e-02,0,0.15
9.9605e-02,-0.045,-0.18
9.9606e-02,-0.005,0.145
9.9608e-02,-0.065,-0.19
9.9610e-02,-0.07,0.15
9.9611e-02,-0.08,-0.18
9.9613e-02,-0.015,0.155
9.9614e-02,-0.02,-0.17
9.9616e-02,0.05,0.15
9.9618e-02,0.01,-0.18
9.9619e-02,0.01,0.14
9.9621e-02,0.02,-0.19
9.9622e-02,0.04,0.155
9.9624e-02,0.05,-0.18
9.9626e-02,0.02,0.15
9.9627e-02,-0.075,-0.19
9.9629e-02,-0.005,0.155
9.9630e-02,0.02,-0.165
9.9632e-02,-0.01,0.14
9.9634e-02,0.025,-0.165
9.9635e-02,0,0.13
9.9637e-02,-0.03,-0.17
9.9638e-02,0.035,0.14
9.9640e-02,-0.1,-0.195
9.9642e-02,-0.025,0.17
9.9643e-02,-0.05,-0.17
9.9645e-02,-0.07,0.14
9.9646e-02,-0.01,-0.16
9.9648e-02,-0.04,0.14
9.9650e-02,-0.05,-0.18
9.9651e-02,-0.055,0.16
9.9653e-02,-0.03,-0.15
9.9654e-02,-0.125,0.13
9.9656e-02,-0.08,-0.16
9.9658e-02,-0.055,0.13
9.9659e-02,-0.065,-0.165
9.9661e-02,0.06,0.145
9.9662e-02,-0.015,-0.17
9.9664e-02,-0.035,0.145
9.9666e-02,-0.065,-0.185
9.9667e-02,-0.045,0.165
9.9669e-02,0.015,-0.155
9.9670e-02,-0.06,0.135
9.9672e-02,-0.115,-0.205
9.9674e-02,-0.035,0.185
9.9675e-02,-0.08,-0.155
9.9677e-02,0.05,0.135
9.9678e-02,0.085,-0.145
9.9680e-02,0.005,0.12
9.9682e-02,-0.025,-0.17
9.9683e-02,-0.02,0.15
9.9685e-02,-0.02,-0.165
9.9686e-02,0.04,0.14
9.9688e-02,-0.005,-0.17
9.9690e-02,-0.09,0.15
9.9691e-02,0,-0.19
9.9693e-02,0.045,0.165
9.9694e-02,0.045,-0.17
9.9696e-02,0.11,0.16
9.9698e-02,-0.075,-0.195
9.9699e-02,0.02,0.18
9.9701e-02,-0.025,-0.155
9.9702e-02,-0.05,0.14
9.9704e-02,0.015,-0.165
9.9706e-02,-0.06,0.145
9.9707e-02,0.01,-0.145
9.9709e-02,0.08,0.13
9.9710e-02,-0.05,-0.175
9.9712e-02,-0.015,0.16
9.9714e-02,-0.035,-0.175
9.9715e-02,-0.005,0.16
9.9717e-02,0.01,-0.18
9.9718e-02,0.025,0.165
9.9720e-02,0.025,-0.14
9.9722e-02,0.05,0.13
9.9723e-02,0.045,-0.155
9.9725e-02,-0.005,0.145
9.9726e-02,-0.06,-0.16
9.9728e-02,-0.04,0.14
9.9730e-02,-0.135,-0.17
9.9731e-02,0.065,0.145
9.9733e-02,0.015,-0.17
9.9734e-02,0.01,0.15
9.9736e-02,-0.03,-0.18
9.9738e-02,-0.015,0.165
9.9739e-02,0.005,-0.175
9.9741e-02,0.03,0.16
9.9742e-02,0.01,-0.15
9.9744e-02,-0.105,0.14
9.9746e-02,-0.04,-0.175
9.9747e-02,-0.015,0.16
9.9749e-02,0.02,-0.17
9.9750e-02,0.025,0.155
9.9752e-02,-0.06,-0.16
9.9754e-02,-0.07,0.15
9.9755e-02,0.005,-0.165
9.9757e-02,-0.035,0.155
9.9758e-02,-0.03,-0.18
9.9760e-02,-0.06,0.17
9.9762e-02,-0.05,-0.175
9.9763e-02,0.01,0.16
9.9765e-02,0.01,-0.15
9.9766e-02,-0.005,0.135
9.9768e-02,-0.04,-0.145
9.9770e-02,0.01,0.13
9.9771e-02,-0.025,-0.145
9.9773e-02,-0.01,0.13
9.9774e-02,0.04,-0.17
9.9776e-02,-0.1,0.155
9.9778e-02,-0.055,-0.15
9.9779e-02,0.005,0.135
9.9781e-02,0.025,-0.15
9.9782e-02,-0.015,0.135
9.9784e-02,-0.01,-0.145
9.9786e-02,0,0.13
9.9787e-02,-0.045,-0.14
9.9789e-02,0.035,0.13
9.9790e-02,0.085,-0.195
9.9792e-02,-0.055,0.18
9.9794e-02,0.08,-0.135
9.9795e-02,-0.025,0.125
9.9797e-02,-0.005,-0.15
9.9798e-02,0.035,0.135
9.9800e-02,-0.055,-0.155
9.9802e-02,-0.005,0.14
9.9803e-02,-0.05,-0.18
9.9805e-02,-0.055,0.165
9.9806e-02,-0.09,-0.15
9.9808e-02,-0.055,0.14
9.9810e-02,0.01,-0.185
9.9811e-02,-0.005,0.165
9.9813e-02,-0.01,-0.135
9.9814e-02,0.025,0.12
9.9816e-02,-0.005,-0.14
9.9818e-02,0.01,0.13
9.9819e-02,0.015,-0.14
9.9821e-02,-0.07,0.135
9.9822e-02,-0.055,-0.155
9.9824e-02,-0.025,0.145
9.9826e-02,-0.04,-0.145
9.9827e-02,-0.015,0.145
9.9829e-02,-0.015,-0.15
9.9830e-02,0.035,0.14
9.9832e-02,-0.075,-0.15
9.9834e-02,0.085,0.14
9.9835e-02,-0.095,-0.165
9.9837e-02,-0.01,0.16
9.9838e-02,-0.065,-0.145
9.9840e-02,0.005,0.135
9.9842e-02,-0.05,-0.175
9.9843e-02,-0.025,0.17
9.9845e-02,0.04,-0.145
9.9846e-02,-0.05,0.135
9.9848e-02,0.015,-0.15
9.9850e-02,0.005,0.15
9.9851e-02,0,-0.155
9.9853e-02,0.005,0.16
9.9854e-02,-0.005,-0.175
9.9856e-02,-0.055,0.175
9.9858e-02,0.025,-0.14
9.9859e-02,0.06,0.14
9.9861e-02,0.03,-0.15
9.9862e-02,0.025,0.15
9.9864e-02,0.005,-0.135
9.9866e-02,0.025,0.135
9.9867e-02,0.04,-0.15
9.9869e-02,0.045,0.145
9.9870e-02,-0.045,-0.155
9.9872e-02,0.085,0.15
9.9874e-02,0.025,-0.155
9.9875e-02,0.085,0.155
9.9877e-02,0,-0.13
9.9878e-02,0.045,0.135
9.9880e-02,-0.02,-0.14
9.9882e-02,0.005,0.14
9.9883e-02,-0.045,-0.15
9.9885e-02,-0.09,0.14
9.9886e-02,-0.105,-0.13
9.9888e-02,-0.025,0.135
9.9890e-02,0.03,-0.14
9.9891e-02,0.025,0.15
9.9893e-02,0.01,-0.145
9.9894e-02,0.07,0.145
9.9896e-02,-0.075,-0.14
9.9898e-02,0.09,0.15
9.9899e-02,-0.035,-0.155
9.9901e-02,0.04,0.155
9.9902e-02,-0.055,-0.15
9.9904e-02,0.03,0.15
9.9906e-02,0.025,-0.165
9.9907e-02,0.015,0.16
9.9909e-02,0.075,-0.195
9.9910e-02,-0.05,0.195
9.9912e-02,-0.01,-0.16
9.9914e-02,-0.005,0.155
9.9915e-02,-0.01,-0.155
9.9917e-02,-0.06,0.16
9.9918e-02,0,-0.16
9.9920e-02,-0.035,0.165
9.9922e-02,-0.005,-0.14
9.9923e-02,0.04,0.135
9.9925e-02,0.005,-0.14
9.9926e-02,0.02,0.145
9.9928e-02,-0.06,-0.145
9.9930e-02,0.06,0.15
9.9931e-02,-0.065,-0.145
9.9933e-02,-0.01,0.145
9.9934e-02,0.03,-0.14
9.9936e-02,-0.005,0.145
9.9938e-02,0.05,-0.13
9.9939e-02,0.01,0.135
9.9941e-02,0.035,-0.14
9.9942e-02,-0.06,0.145
9.9944e-02,-0.02,-0.145
9.9946e-02,0.01,0.15
9.9947e-02,-0.05,-0.15
9.9949e-02,0.025,0.16
9.9950e-02,0.015,-0.135
9.9952e-02,0.03,0.14
9.9954e-02,-0.04,-0.155
9.9955e-02,0.08,0.16
9.9957e-02,-0.055,-0.145
9.9958e-02,-0.065,0.155
9.9960e-02,0.01,-0.175
9.9962e-02,-0.075,0.185
9.9963e-02,0.025,-0.15
9.9965e-02,-0.065,0.155
9.9966e-02,-0.015,-0.145
9.9968e-02,-0.075,0.15
9.9970e-02,-0.015,-0.13
9.9971e-02,0.025,0.145
9.9973e-02,0.04,-0.14
9.9974e-02,0.05,0.15
9.9976e-02,0.055,-0.16
9.9978e-02,-0.03,0.16
9.9979e-02,0.04,-0.155
9.9981e-02,-0.01,0.16
9.9982e-02,-0.115,-0.15
9.9984e-02,0.02,0.16
9.9986e-02,-0.05,-0.145
9.9987e-02,-0.05,0.155
9.9989e-02,-0.03,-0.14
9.9990e-02,-0.05,0.15
9.9992e-02,0.02,-0.155
9.9994e-02,-0.065,0.155
9.9995e-02,0.085,-0.13
9.9997e-02,-0.07,0.14
9.9998e-02,-0.045,-0.12

